0 9.3698 18.867 -0.118501
1 7.78232 -0.0121157 5.46097
2 11.5477 23.6157 15.0222
3 37.4179 0.145379 12.1979
4 27.3486 3.86291 -0.0967674
5 11.2458 13.6824 -0.230826
6 2.83312 5.82264 7.48102
7 14.2736 -0.0985074 14.2553
8 21.637 11.418 -0.0895483
9 -0.883831 14.9749 1.52753
10 -0.877417 8.63437 34.3735
11 38.5179 -0.0732112 42.7191
12 0.0867519 0.245577 17.7658
13 16.6077 0.0124659 24.8283
14 19.045 -0.113954 29.8695
15 4.96761 16.0903 21.7043
16 -0.731124 7.38482 58.1376
17 14.846 0.0122975 22.9838
18 -0.956193 25.5458 53.2485
19 3.53132 11.3981 31.6581
20 19.6854 0.121472 47.2057
21 -0.929474 1.27325 14.661
22 35.5942 25.3707 43.4797
23 31.5469 6.40508e-04 40.6632
24 -1.00838 40.0749 47.9366
25 21.3762 1.68165 56.07
26 19.2183 0.123585 44.1284
27 0.95643 0.267369 33.157
28 17.7619 16.183 53.9475
29 24.6982 -0.0827721 60.0118
30 -0.729994 20.4848 62.0898
31 -0.501183 3.89257 48.9619
32 25.5685 23.5471 45.9365
33 -0.80711 18.9932 57.4879
34 -0.806772 11.8004 66.8006
35 43.5311 12.0966 87.0017
36 19.5753 0.133158 68.7184
37 23.3278 27.0129 51.9453
38 10.5025 0.0291553 63.6089
39 7.48469 0.265399 74.736
40 36.1291 13.8345 76.7696
41 -0.707328 11.4898 78.6551
42 26.5035 0.0516796 91.9868
43 12.3308 0.101284 67.4002
44 11.1064 0.291127 75.6449
45 37.0399 0.0803552 76.1863
46 23.1815 0.132951 64.4812
47 9.43861 0.106623 86.2619
48 45.0088 15.1002 88.4985
49 21.5018 16.5092 105.744
50 25.325 9.98209 114.593
51 25.5483 0.0852845 100.41
52 -1.03474 6.45718 92.7517
53 21.5167 12.3759 90.0108
54 22.4659 0.261006 91.9625
55 24.5361 16.7629 93.193
56 7.21263 7.23128 87.2784
57 23.8241 36.0114 77.1205
58 -0.693867 35.1991 90.3824
59 7.84415 20.4884 74.5111
60 -0.81294 15.8039 88.5598
61 16.1121 0.0189457 109.277
62 27.4612 15.1386 114.383
63 20.6105 8.5404 113.936
64 1.44934 0.321492 106.992
65 11.2143 8.7334 109.285
66 24.9419 46.8057 15.704
67 25.2723 45.8671 25.0313
68 19.2567 38.6514 6.99552
69 -0.9113 36.7223 2.00544
70 15.2677 31.6721 20.2287
71 -0.875642 46.4847 1.90101
72 25.551 31.1463 -0.209556
73 22.2291 29.6013 -0.221642
74 9.06657 42.1285 19.7562
75 -0.770656 46.6348 22.6482
76 -0.838646 8.10836 17.9593
77 4.40864 40.2267 12.8772
78 -0.899548 38.4842 34.3987
79 -0.784148 31.0712 36.3337
80 -0.869153 36.0277 49.0737
81 15.301 45.8849 46.3803
82 7.94703 33.0385 20.2026
83 -0.590798 36.1597 55.5288
84 -0.996567 26.0791 22.022
85 -0.624768 23.1503 46.3093
86 27.2995 32.6434 54.114
87 5.06116 51.3724 45.7572
88 17.6395 35.1563 42.7178
89 -0.757204 25.0127 41.0009
90 35.3673 33.256 53.6983
91 31.6857 40.1635 60.4116
92 -0.874152 30.4904 76.1764
93 -1.19605 34.9633 50.3856
94 16.2223 25.2443 45.8707
95 40.1995 35.0353 53.1135
96 8.92646 54.0734 34.2689
97 30.1144 47.7605 51.5861
98 -0.649992 36.9155 52.7252
99 -0.89472 29.0481 59.7883
100 21.9793 26.1114 87.2023
101 14.686 40.0925 56.7803
102 0.780378 1.02652 64.1343
103 26.3402 40.393 72.9745
104 36.6117 39.7063 60.036
105 -0.752078 35.4351 69.3769
106 39.0544 22.7606 58.7104
107 6.91327 27.9074 86.6627
108 27.8954 26.8532 93.0911
109 43.8189 34.3184 66.2857
110 -0.709362 27.4763 78.9784
111 -0.774098 33.6687 83.6922
112 23.413 29.8081 90.0659
113 -0.83648 48.7197 97.9931
114 13.0288 35.9008 95.7619
115 25.6702 45.9829 95.9038
116 17.2715 56.5248 69.5956
117 36.0618 53.2276 78.7416
118 -0.740236 30.6048 81.4795
119 37.7944 47.6752 103.608
120 9.12941 20.8571 71.2069
121 -0.809806 42.8581 90.3487
122 5.75612 37.0427 89.8098
123 9.42902 39.5909 97.3676
124 14.92 24.6043 96.9701
125 18.1063 38.4148 101.474
126 24.0838 41.1586 106.972
127 22.313 44.6733 105.86
128 11.6639 39.3773 107.369
129 22.7851 46.3571 110.728
130 8.0494 36.1347 114.144
131 16.5734 46.1027 114.33
132 31.7154 17.7914 114.374
133 29.2522 32.622 109.947
134 32.556 61.3319 8.44984
135 10.0452 57.1492 0.166686
136 19.6582 67.5101 17.9789
137 29.2402 61.904 12.8209
138 1.78091 51.3662 18.9001
139 -1.03066 65.7462 13.341
140 22.8316 41.3012 18.7059
141 8.09944 46.3577 22.32
142 -0.825143 69.1121 15.6947
143 11.041 44.5113 16.4331
144 38.0358 40.5815 16.6602
145 12.8728 58.123 29.2515
146 13.2087 60.1409 11.1944
147 21.5109 65.2645 39.9874
148 23.3551 33.9187 34.74
149 28.0325 44.3273 22.7783
150 23.4376 62.2353 37.03
151 -0.845143 60.5206 55.4686
152 -0.895879 69.2804 58.3379
153 38.6742 76.8397 42.479
154 39.8188 70.4866 22.1992
155 14.2583 51.9614 42.2252
156 11.1019 47.402 33.5241
157 -0.902944 52.3742 39.2888
158 9.77039 59.1145 49.1402
159 -0.675549 69.0008 45.8636
160 20.595 69.8341 32.2567
161 23.429 54.3987 69.2367
162 32.8921 55.0304 54.9995
163 17.4442 38.1901 28.8747
164 41.2838 50.3814 39.0115
165 17.477 41.4833 56.1418
166 18.5913 63.8589 47.3259
167 -0.823579 42.7163 46.3729
168 -0.561418 59.9314 67.2006
169 33.3935 55.498 57.3081
170 41.0022 57.0385 60.2093
171 35.1696 69.7678 72.9237
172 -0.734043 53.483 76.8218
173 23.5426 64.7687 68.8517
174 45.6188 35.5889 81.7538
175 -0.655966 66.6477 81.0925
176 15.361 65.881 88.4864
177 28.2453 48.6681 64.5541
178 46.8593 68.7015 89.5594
179 13.1283 60.8101 63.7398
180 -0.813681 51.8685 88.0826
181 12.0105 59.5352 95.2216
182 14.4855 58.7782 96.5034
183 40.4971 47.8309 83.3058
184 17.2345 50.7076 78.547
185 -0.713412 53.3333 71.4062
186 -0.768226 50.1536 95.6196
187 8.84071 60.0768 74.5225
188 -0.80053 75.5041 100.219
189 12.173 63.0974 114.253
190 4.2578 53.7707 114.333
191 1.11713 67.5904 114.45
192 19.4314 66.2298 105.731
193 19.6684 69.8851 114.611
194 -0.693943 55.0214 102.971
195 7.46786 57.4639 114.619
196 20.4761 48.5826 114.187
197 23.5335 47.1267 107.532
198 28.7077 63.4368 114.459
199 -0.589166 68.7253 8.54576
200 -0.659406 88.7484 8.66152
201 15.1709 78.5851 20.9183
202 22.1599 79.2477 14.2194
203 23.5747 81.0169 6.39386
204 18.0654 84.4007 0.151028
205 10.0102 77.1224 -0.0236078
206 23.8334 78.9049 3.41716
207 2.15905 75.7112 11.7321
208 19.3065 63.3674 -0.510002
209 -1.09916 78.9867 23.9584
210 25.3474 68.0838 28.347
211 11.3505 88.1234 14.1741
212 47.4064 66.7519 40.4634
213 23.2535 71.035 27.8582
214 16.6489 76.1149 22.4543
215 23.5204 78.3588 28.0787
216 17.5748 65.5742 25.6452
217 7.02952 73.7653 20.8216
218 16.9651 96.1001 24.4934
219 21.732 58.4389 17.0579
220 19.0035 75.6577 32.7412
221 15.2608 88.2419 42.0128
222 26.3373 86.3674 49.2554
223 -0.697223 90.9916 24.621
224 14.5288 85.7032 39.8868
225 12.693 84.8682 27.2669
226 21.5129 80.8678 27.7487
227 16.7709 93.1342 34.3613
228 31.96 84.7428 39.3271
229 -0.746256 73.2459 57.5416
230 19.4356 114.275 61.985
231 16.3873 83.2758 22.2488
232 -0.752703 78.3536 85.8183
233 28.3251 72.0561 59.9525
234 22.3591 66.827 49.5159
235 7.29902 61.2765 62.9251
236 7.0846 63.7967 56.191
237 2.22554 40.0504 49.4959
238 -0.560141 76.7099 59.9817
239 -0.779507 69.802 53.2609
240 -0.606802 77.7875 46.1661
241 26.4616 61.2829 68.3321
242 28.7654 71.2937 71.8983
243 13.4663 69.5695 86.812
244 -1.01318 105.465 77.585
245 -0.345263 85.5093 69.8199
246 22.2319 98.2615 54.2958
247 28.9236 47.4301 62.1257
248 17.083 83.0269 57.059
249 -0.757423 93.8405 45.6591
250 15.4387 65.5581 67.6302
251 -0.582615 77.4936 67.4652
252 19.2771 67.3214 71.9977
253 -0.714183 78.3484 69.5889
254 -0.618581 74.6414 69.1505
255 9.49453 77.0859 79.5904
256 12.3938 84.9301 76.2764
257 34.5094 85.8082 96.5908
258 7.42167 84.0741 76.6311
259 -0.33021 87.9098 85.7577
260 -0.890116 67.4816 62.1286
261 -0.591951 93.0962 76.8584
262 10.6544 105.208 87.0495
263 13.3395 82.3349 78.973
264 13.4857 58.1633 88.727
265 -0.712218 73.4576 91.0116
266 25.5361 88.1804 88.4051
267 -0.689742 72.3819 83.6263
268 26.0168 94.5732 72.8054
269 12.711 72.9879 97.9397
270 -0.475834 95.5486 92.8076
271 18.1079 86.5259 105.717
272 20.7929 77.9988 114.43
273 -0.49389 72.5364 111.642
274 4.81099 86.6957 109.329
275 19.6309 74.269 97.5263
276 24.9753 72.4125 97.6356
277 40.6599 83.1426 114.335
278 26.3003 111.977 -0.0549938
279 29.5816 100.617 -0.312797
280 18.7072 92.0886 0.0322506
281 3.13931 113.719 9.22213
282 19.607 114.742 4.27563
283 1.24147 97.7096 -0.165075
284 33.6261 96.4534 19.9605
285 -1.05972 95.5071 13.538
286 10.384 114.059 27.9938
287 12.9958 114.008 38.6542
288 1.07896 113.881 22.9185
289 4.99352 106.84 12.6899
290 -1.02139 92.4126 8.00288
291 12.6733 114.669 4.0999
292 -0.846571 96.143 17.3892
293 43.3165 114.362 44.175
294 14.381 106.87 35.6963
295 14.4101 114.24 21.1765
296 33.9584 114.518 29.3318
297 20.6268 98.351 36.4538
298 16.5733 113.961 38.4664
299 38.764 96.0538 40.179
300 17.1714 99.111 55.055
301 0.117275 113.066 36.3838
302 10.1061 100.396 32.7978
303 -0.774955 108.73 31.6403
304 -0.649116 107.033 45.9721
305 17.5828 114.718 50.3306
306 2.5708 115.506 32.4884
307 37.6163 91.806 29.8857
308 26.239 114.009 27.9133
309 15.8475 102.332 41.1628
310 -0.833745 112.153 26.9283
311 15.6078 101.226 51.0804
312 16.6335 103.743 50.9554
313 12.2974 105.055 48.4773
314 -0.565254 93.0457 48.8364
315 3.08593 115.344 82.0107
316 21.2871 113.962 58.5602
317 -0.559148 97.9458 64.6859
318 -0.663951 106.007 66.9678
319 9.45326 102.025 75.5643
320 17.3103 114.09 72.2815
321 35.7765 113.943 87.0234
322 44.6238 114.081 73.7658
323 10.9725 114.271 70.6266
324 35.5318 113.976 93.771
325 19.5353 73.0574 71.2828
326 -0.457963 108.891 80.9301
327 -0.792905 86.347 80.7345
328 20.1461 92.5596 76.5783
329 27.0358 97.2104 108.051
330 9.13112 104.808 74.7377
331 11.4195 114.081 100.827
332 6.89321 101.302 103.877
333 -0.659102 109.004 95.0919
334 23.6585 114.225 86.4878
335 16.0459 114.003 100.343
336 0.966963 113.085 98.7226
337 44.0183 90.8488 95.1708
338 26.0601 114.729 113.439
339 31.7428 109.34 114.509
340 -0.511742 102.007 102.821
341 16.7655 105.632 114.121
342 -0.935519 110.741 98.1771
343 36.791 13.9565 8.18976
344 26.4898 4.66874 7.09991
345 51.3396 -0.174922 8.90563
346 45.757 16.3189 -0.0246536
347 58.7585 -0.130019 14.2066
348 44.7971 21.5416 1.2056
349 34.5451 12.6846 -0.0590795
350 47.563 20.4901 8.24573
351 40.9247 26.1965 8.10593
352 24.7013 -0.0336478 19.5203
353 53.8159 -0.134143 2.38551
354 27.9091 -0.193704 12.3141
355 45.6501 -0.39647 23.2809
356 52.6485 -0.0500389 25.1854
357 47.4859 29.4873 33.6443
358 33.7771 26.1667 11.3053
359 49.306 20.2305 25.0611
360 19.3955 15.7896 18.2137
361 35.8194 -0.186987 22.9476
362 17.5943 30.8632 56.6319
363 53.8099 -0.00844915 51.3168
364 60.3037 4.61902 45.7915
365 29.7772 0.211376 51.0205
366 38.9756 6.94913 35.1542
367 19.1018 26.2787 31.1672
368 48.5449 -0.00963031 40.8911
369 51.7724 0.0324113 68.975
370 27.7016 28.8668 48.8797
371 25.1712 17.641 54.758
372 23.4144 18.7389 63.506
373 60.7732 10.4092 39.1613
374 31.1518 25.17 58.3299
375 54.5044 34.7806 49.3711
376 21.3437 27.9695 71.8439
377 33.4158 -0.183234 75.5297
378 58.9209 33.6052 82.2289
379 38.2195 24.5819 77.3697
380 31.5544 27.876 57.5597
381 70.2562 0.167804 79.4291
382 43.139 31.8875 68.8006
383 51.6435 16.0843 81.7634
384 38.3125 20.8441 87.2364
385 20.0167 -0.061467 76.1109
386 32.5816 0.253509 81.847
387 51.2728 -0.408109 103.821
388 17.1042 0.112464 61.4797
389 41.5075 33.9013 84.1364
390 50.4268 21.9965 91.657
391 44.3765 17.7764 95.5578
392 45.3051 -0.0277867 82.6542
393 53.3679 12.6563 114.452
394 39.4964 5.24114 114.49
395 39.5459 15.1357 114.637
396 43.0906 14.2817 110.735
397 36.1748 1.33617 114.11
398 37.4835 -0.166302 107.498
399 43.7027 17.5108 97.3919
400 55.8186 12.4029 114.317
401 44.5898 8.96779 114.211
402 30.3573 32.4969 -0.0414141
403 33.4582 42.9845 18.2138
404 33.3683 41.5049 -0.597589
405 47.624 35.9082 -0.463579
406 53.5407 41.3441 -0.398785
407 45.7066 35.7005 14.4953
408 23.446 48.5554 6.8406
409 45.4729 30.463 11.7418
410 31.3539 28.7326 -0.256933
411 51.5045 39.0435 -0.366897
412 32.1992 44.4584 3.52404
413 37.4649 45.6125 7.81874
414 43.0259 46.3472 25.9236
415 31.0253 30.1439 21.4442
416 43.4895 41.756 30.8587
417 45.3815 57.1215 19.6067
418 33.2877 39.2614 16.9768
419 38.7585 32.4281 49.5036
420 23.8689 44.2084 15.4689
421 41.1935 -0.584229 16.7705
422 34.0132 16.1642 53.8909
423 44.8605 20.0993 39.1965
424 45.3366 48.0502 18.0096
425 53.1288 40.9445 27.3034
426 61.963 33.0359 32.6004
427 54.5298 25.3807 37.512
428 42.3793 25.2389 30.1954
429 55.0598 42.9107 44.63
430 42.9254 48.1979 45.0016
431 37.4459 10.6582 46.7619
432 28.6652 29.2651 29.6551
433 59.7269 32.912 46.3427
434 26.7671 25.8965 51.9846
435 33.7835 29.0699 42.1884
436 51.6015 48.9372 69.9287
437 28.4314 10.2055 67.1834
438 38.6982 58.9769 82.6018
439 21.3765 51.5871 69.7581
440 77.9561 52.5537 54.2088
441 53.8391 20.9943 74.9191
442 37.6926 38.0033 57.4862
443 24.4402 31.5489 57.8315
444 41.9731 28.6913 73.3044
445 43.5822 38.7801 59.7332
446 19.2663 19.1083 59.6267
447 58.5421 27.9894 51.7201
448 51.7313 12.1254 79.62
449 34.9192 39.2988 68.5027
450 45.913 51.8185 47.7348
451 31.4702 31.0684 67.1867
452 40.1424 37.9293 69.3973
453 65.3998 56.0405 77.0614
454 4.35614 43.6742 57.743
455 39.584 12.5353 83.1026
456 19.7177 26.1484 64.6428
457 53.1167 38.5134 62.5737
458 45.3112 23.324 74.3934
459 49.5168 43.7584 73.9396
460 65.0937 58.4785 92.7843
461 22.0488 37.8962 79.7469
462 42.0655 35.377 79.9123
463 38.9018 36.2101 82.1683
464 45.1463 30.8932 78.6356
465 39.5433 39.1614 76.7422
466 61.1077 31.3353 78.8007
467 26.926 17.0389 89.6599
468 53.9189 46.7386 76.992
469 39.6028 29.5046 94.1742
470 24.1057 43.7963 107.164
471 39.2179 46.8086 91.6684
472 51.6272 38.8797 105.329
473 40.8798 39.9244 109.601
474 31.667 27.6163 114.626
475 40.6185 28.7091 114.162
476 50.3356 49.78 99.1418
477 53.6874 46.4641 105.062
478 56.6405 28.4985 114.06
479 43.242 44.9638 100.774
480 33.9106 55.0998 0.0336452
481 46.1203 51.8514 14.1136
482 54.4849 69.7161 0.125301
483 41.4792 58.1268 21.8205
484 9.74858 34.381 33.278
485 33.255 51.3996 27.2919
486 32.764 65.5594 22.1932
487 41.5148 63.6214 34.4713
488 59.9408 55.0531 26.0957
489 37.7031 60.1907 28.983
490 29.9778 62.1045 28.62
491 44.7585 74.078 24.7583
492 48.0086 58.0103 22.1299
493 57.7481 70.7834 46.0271
494 41.5953 45.8983 14.2788
495 32.7044 56.3125 43.6532
496 49.7092 43.0734 70.9017
497 21.6192 56.6036 41.868
498 23.2376 52.0588 30.292
499 34.9134 70.8127 25.8755
500 55.7796 48.95 45.3801
501 39.5805 49.135 66.2433
502 42.0436 44.1991 33.1528
503 43.4278 52.191 68.6289
504 52.8318 70.1314 48.3045
505 53.6552 64.7557 47.3742
506 75.5498 73.8355 63.4381
507 29.8834 71.4096 68.6966
508 15.3957 64.246 66.005
509 63.7891 67.6287 60.9048
510 8.45644 59.5186 59.9063
511 23.576 59.3336 86.8381
512 59.4929 56.5457 63.1894
513 38.2483 45.4964 58.7831
514 32.4564 66.5179 93.3805
515 35.0484 81.8453 70.5909
516 32.9498 65.6964 83.8898
517 48.9794 85.6159 78.4242
518 53.3164 65.898 62.6667
519 33.84 55.5562 82.3499
520 37.5541 61.764 76.4935
521 42.6032 65.4307 87.2954
522 72.0073 53.6083 74.1022
523 55.9581 54.5491 72.1306
524 29.757 57.3405 100.75
525 45.4095 37.2079 114.35
526 37.6995 52.7535 92.6126
527 58.9657 65.8741 94.7469
528 39.9216 68.1542 92.5927
529 31.7015 63.4628 91.7631
530 37.6262 71.6441 90.723
531 31.5457 62.4135 114.758
532 35.7366 67.0592 104.561
533 49.0619 65.7999 114.279
534 27.0071 53.1336 94.4961
535 45.6123 60.9323 102.271
536 56.5175 49.5251 109.548
537 41.4816 88.1446 -0.110412
538 45.6864 83.3002 -0.27265
539 37.8937 71.8674 19.2868
540 49.9483 56.1212 16.9794
541 54.9089 87.2872 9.13043
542 25.0285 79.7675 12.8006
543 27.3757 73.144 -0.539911
544 41.6004 68.6898 27.3545
545 41.0124 94.5883 33.8636
546 61.8905 87.9829 24.4923
547 48.1635 107.779 27.4433
548 42.4927 93.1094 32.7665
549 62.2364 76.2623 27.9009
550 58.6475 80.0754 16.4161
551 62.2248 97.1772 21.3588
552 34.1421 68.5641 18.8795
553 50.4757 100.146 37.8614
554 56.5129 86.8591 17.5785
555 47.9562 71.2743 38.7867
556 31.4954 44.0556 31.4968
557 32.9152 98.8367 38.6899
558 36.7149 82.9427 34.2831
559 60.99 71.3259 36.6722
560 41.7029 67.4932 43.3229
561 40.7833 75.552 41.4745
562 51.1318 72.2898 37.4658
563 60.904 92.4899 27.141
564 47.9478 80.3046 35.7226
565 55.9576 62.4876 32.7059
566 29.9273 89.6332 42.807
567 50.2059 93.7335 47.2045
568 40.9953 78.2654 62.7024
569 26.6368 80.7846 39.9376
570 44.9924 68.5371 43.5191
571 22.9969 69.3666 54.6832
572 41.2257 63.7936 45.6723
573 48.1059 74.0599 38.519
574 21.2983 65.8109 35.1738
575 28.5538 69.0164 43.811
576 43.5854 45.7927 56.505
577 23.6542 77.6667 46.131
578 38.1916 71.7826 42.174
579 33.3865 81.3344 73.6832
580 81.2503 93.4034 64.8599
581 60.6592 82.3867 62.1621
582 42.1019 92.0194 65.542
583 39.9225 69.9183 53.2283
584 46.4098 93.5164 68.2997
585 33.7582 66.6686 61.6856
586 33.8803 88.0724 53.7733
587 53.2208 57.6209 88.4915
588 29.9756 104.52 72.711
589 42.1526 84.7318 93.8924
590 51.0373 94.3364 63.6987
591 38.6353 61.5622 82.5642
592 53.6098 68.8364 73.2838
593 60.2671 90.595 76.9594
594 -0.523322 89.8602 74.3228
595 36.6849 59.7672 88.6578
596 46.9367 87.5515 94.3266
597 35.9906 74.031 107.694
598 45.6943 75.0763 96.2944
599 67.8321 81.2924 87.4053
600 59.7734 60.3579 74.9408
601 50.719 89.5163 92.2235
602 43.6764 71.423 101.327
603 48.7143 100.807 100.015
604 90.0254 82.4643 85.7783
605 39.6906 87.9944 85.0019
606 59.8249 72.4448 82.4909
607 47.1147 57.3672 99.1298
608 35.3627 60.502 82.3226
609 34.0592 75.6564 109.981
610 42.2415 94.685 101.077
611 56.2278 80.5168 106.908
612 45.3918 93.8986 100.66
613 42.3922 74.7863 108.196
614 42.2429 77.7468 108.394
615 64.8079 78.0666 114.454
616 35.474 102.84 -0.145708
617 36.3012 113.537 0.712212
618 54.8385 114.759 2.03774
619 30.3456 91.7619 14.1293
620 51.2613 114.004 5.24053
621 42.5669 102.162 -0.013205
622 59.4228 103.732 20.5839
623 44.5375 114.364 10.4855
624 43.9315 95.4042 22.0015
625 30.397 114.687 2.12313
626 41.1386 99.8308 11.0049
627 34.6665 114.116 13.8597
628 46.1204 84.1045 26.2405
629 31.3764 100.341 31.5332
630 29.4974 113.991 23.0659
631 35.6206 90.7397 27.5261
632 9.1647 113.974 23.7328
633 35.5072 114.039 37.1854
634 40.5124 84.7944 19.6847
635 45.8674 98.443 27.7865
636 67.9406 114.253 23.1213
637 29.7781 98.5052 27.8498
638 66.1986 114.251 33.4056
639 62.2545 110.124 39.6781
640 71.9277 114.66 50.0357
641 45.2294 87.2424 38.9708
642 77.7513 114.404 39.8663
643 46.9829 113.9 34.9594
644 64.019 114.626 26.634
645 47.5597 114.364 68.6769
646 35.6604 108.788 37.1689
647 44.0666 96.3708 36.8134
648 21.7239 114.421 65.4922
649 30.8854 113.976 70.0117
650 38.8076 114.397 56.3071
651 41.4079 114.006 58.6093
652 38.9429 102.416 58.7559
653 46.7215 113.948 48.6495
654 13.2406 114.5 58.0332
655 22.6244 100.929 75.4101
656 62.0998 100.363 53.6077
657 25.7606 83.9858 91.3702
658 49.4692 99.4015 69.0946
659 47.9798 114.005 79.5835
660 15.2292 92.0055 72.3487
661 32.462 114.164 88.0758
662 29.5176 114.358 79.5387
663 44.6653 114.09 80.84
664 55.6833 113.922 97.4732
665 46.5526 103.115 67.9703
666 51.8007 113.915 101.016
667 50.2732 78.3191 75.1977
668 41.7365 93.5203 98.1579
669 33.9082 90.6678 73.599
670 49.1407 101.098 71.934
671 28.5336 98.4582 79.0661
672 36.1438 102.991 92.6691
673 39.021 114.255 91.5378
674 44.7323 78.796 93.2561
675 48.7806 105.912 93.0227
676 56.3164 99.7653 76.2068
677 36.0584 113.998 101.132
678 54.9598 103.606 89.7666
679 26.0479 114.165 107.932
680 33.6103 87.194 114.698
681 48.8189 95.8161 100.116
682 40.7269 104.788 111.496
683 43.6292 87.0249 114.675
684 48.1954 114.558 110.991
685 24.9854 105.619 113.984
686 20.7281 114.208 108.977
687 41.8671 109.573 114.446
688 64.0822 101.052 101.775
689 57.7548 96.8419 114.247
690 50.7642 113.999 105.561
691 68.8077 0.0541085 4.15075
692 70.6687 15.1777 0.101972
693 83.6841 16.0348 11.281
694 83.8887 25.4736 7.73081
695 61.806 13.7778 -0.259326
696 55.8326 22.5523 22.5413
697 62.5968 0.338801 14.7571
698 80.5069 16.2714 15.0543
699 62.2538 21.5437 11.7857
700 69.0061 -0.134264 31.9835
701 67.7847 19.1561 41.6596
702 107.63 8.24279 -0.199807
703 82.2386 12.9141 21.4458
704 68.4072 2.8336 18.0875
705 83.4919 28.4271 -0.242518
706 58.6424 0.0827459 56.7938
707 67.6049 17.8381 33.0008
708 80.9432 20.2152 32.0088
709 98.4142 28.5046 53.8671
710 59.633 29.4844 48.0509
711 56.4506 0.260844 46.217
712 49.7318 19.6032 44.9003
713 58.44 0.137551 35.6237
714 65.6698 8.99023 38.7954
715 65.9589 9.82613 61.7759
716 69.6 16.0955 35.8271
717 49.2053 0.203567 61.2631
718 75.7071 13.1285 42.9294
719 49.4025 -0.0201928 64.8693
720 81.9793 23.0487 99.8954
721 75.2367 0.238193 79.5435
722 73.7244 0.145081 61.6684
723 69.9095 0.184674 72.2789
724 84.1729 0.0453671 89.9705
725 76.6238 32.1213 59.8991
726 52.4492 -0.0786555 60.2413
727 84.5288 0.105075 68.9063
728 52.7262 24.6413 95.1752
729 75.8039 0.174773 89.7911
730 64.0879 5.41875 75.7764
731 23.4025 0.164013 82.8132
732 102.637 0.384666 100.714
733 74.4855 0.123032 106.174
734 89.3641 0.208431 104.207
735 87.7856 20.0857 114.843
736 84.5792 29.9528 109.505
737 59.3125 22.6712 101.124
738 67.3193 -0.0600475 100.705
739 90.1907 17.4812 89.6325
740 67.052 27.5405 115.318
741 61.6167 12.7555 114.507
742 70.0739 10.6133 103.272
743 87.1715 18.0038 100.919
744 56.9261 1.42181 114.226
745 80.6218 6.2327 114.195
746 63.9231 -0.0674631 97.0228
747 63.8439 14.9845 114.506
748 75.784 26.4587 -0.54642
749 73.8555 43.5279 -0.343082
750 96.1842 43.4351 -0.828117
751 81.929 32.4154 15.8629
752 71.6903 31.2008 -0.501885
753 61.7648 23.8591 -0.442384
754 67.94 46.98 29.6544
755 47.3072 49.3443 20.17
756 51.0739 40.2264 21.3451
757 45.032 7.769 25.0722
758 79.7926 12.0356 41.2387
759 66.5974 45.2995 37.5271
760 64.8711 22.257 38.8325
761 75.4139 32.0425 35.0512
762 71.7532 33.3674 28.628
763 89.2755 32.4845 60.1507
764 62.9419 40.876 51.9518
765 57.1617 37.5788 55.0061
766 75.7935 49.1704 48.1408
767 64.113 49.8282 54.8257
768 77.9526 20.1237 57.9108
769 75.894 31.4849 38.3204
770 93.7132 48.0834 43.1053
771 86.162 37.3683 65.6344
772 95.8593 30.7237 74.9271
773 71.8093 20.6042 81.9606
774 94.0759 42.1705 93.3493
775 49.6557 29.5586 40.9156
776 73.5055 33.9041 62.552
777 61.2656 41.6367 86.5415
778 82.6252 32.9738 65.7747
779 92.804 33.2973 55.4016
780 75.2195 16.4584 47.0481
781 63.3758 37.1032 89.7187
782 56.6838 26.4182 78.8527
783 62.899 43.4999 89.2084
784 80.7903 20.3903 76.3466
785 83.3323 24.5722 75.5952
786 66.2032 28.3427 68.1185
787 70.3535 25.3819 70.7195
788 59.1902 36.7707 89.7544
789 54.8839 49.8881 63.7641
790 75.7667 29.878 72.5354
791 83.8366 62.8972 81.757
792 74.7363 43.9943 68.4584
793 80.0616 8.79355 70.557
794 57.5163 30.409 99.869
795 64.4412 29.7382 88.4014
796 61.9686 36.8476 111.149
797 102.413 19.9192 86.8194
798 76.532 46.7676 93.2998
799 79.8598 57.7035 89.4084
800 87.4914 30.9821 94.3145
801 73.816 20.5337 92.8214
802 75.8504 23.5599 84.8231
803 65.878 37.7701 85.7006
804 53.4487 35.0334 114.348
805 72.4948 31.2792 114.244
806 49.0514 30.2536 90.5445
807 71.879 29.346 101.227
808 57.0464 33.5833 99.9791
809 80.2663 32.2809 114.611
810 78.9719 44.9059 -0.109276
811 67.704 53.5346 -0.435062
812 75.7525 53.6394 -0.487501
813 61.3063 56.8035 22.6604
814 59.874 59.9277 12.2994
815 69.1684 52.6282 5.63762
816 72.0797 63.7826 17.2061
817 90.5077 65.5178 18.5459
818 71.3216 57.6231 7.56962
819 77.7672 60.2114 7.65071
820 83.3051 46.8121 13.7242
821 63.3949 54.0305 13.8124
822 61.8422 58.558 14.0629
823 53.2213 72.9302 27.1894
824 63.612 73.4118 16.8281
825 65.8219 75.1817 28.5751
826 61.7261 59.9839 15.2936
827 61.6711 55.3175 14.8148
828 72.6358 80.0226 48.0916
829 85.8102 61.4653 27.1099
830 79.8036 64.579 37.0536
831 88.1649 57.7041 43.2854
832 46.0624 53.2966 39.7055
833 89.9955 61.9079 29.9616
834 56.2368 63.7036 29.5424
835 82.7923 80.8999 39.9879
836 84.8367 65.2865 20.0012
837 83.6076 59.1812 47.4145
838 77.3854 69.1161 50.8568
839 95.2384 54.6148 70.5055
840 60.6853 51.4378 50.6568
841 76.424 68.7446 57.5126
842 64.3292 52.495 60.2919
843 48.2102 60.5887 55.6076
844 90.3328 54.9416 58.484
845 82.1224 71.726 47.403
846 84.8713 53.7292 50.5854
847 58.2862 47.6723 63.7994
848 83.4317 54.178 56.0905
849 60.9462 49.4441 86.2085
850 83.4971 59.0065 70.3121
851 90.8017 72.6374 65.7981
852 79.3578 88.7449 96.7836
853 70.5858 69.6748 56.4987
854 59.5056 50.2623 78.0991
855 75.3598 58.3009 73.4544
856 76.8911 58.2114 97.9822
857 69.567 41.419 80.5173
858 83.8614 60.9559 84.0288
859 61.5016 61.9221 93.4058
860 50.2109 74.0982 98.8891
861 78.436 47.7041 99.3383
862 72.6435 69.5077 95.5328
863 68.4119 45.0197 104.396
864 71.7041 54.7196 75.8047
865 87.9471 47.9312 99.4294
866 47.5829 53.5853 70.5995
867 66.6132 65.1648 94.1082
868 89.3324 63.1389 104.793
869 91.1856 55.18 100.985
870 84.9533 45.8306 114.212
871 68.6669 65.6097 114.152
872 73.9907 59.7435 114.374
873 89.886 65.1604 99.8886
874 92.1567 59.7828 114.541
875 84.1298 54.6729 114.547
876 84.2951 82.8798 7.79909
877 67.9684 72.0102 8.61828
878 91.0792 84.4448 -0.00138289
879 64.3622 91.3774 15.614
880 65.9352 90.6113 -0.267985
881 68.1776 80.709 -0.626815
882 62.0025 84.9857 11.6144
883 69.6732 71.0917 10.3825
884 65.9975 73.6021 -0.36199
885 66.9399 95.8111 11.7143
886 77.2922 76.3826 31.737
887 65.7282 69.3811 8.73935
888 89.2455 65.7265 8.05002
889 69.6079 75.3019 36.0908
890 92.0581 73.2386 34.9897
891 68.3923 93.7641 8.56807
892 71.8642 81.6582 30.3862
893 52.1793 81.3128 45.8515
894 84.9806 55.5883 43.3345
895 79.7003 75.2484 18.6671
896 93.8475 83.5861 38.3481
897 82.3399 70.6462 30.9964
898 93.6833 84.6829 33.8137
899 77.1998 80.0504 34.0707
900 84.5706 85.8939 50.5769
901 81.9001 101.26 44.477
902 75.8286 71.8304 47.8661
903 57.7309 90.2065 53.0131
904 81.4408 80.5252 43.2916
905 92.2247 68.3965 52.8244
906 49.1551 84.6817 47.9822
907 84.7427 76.9247 66.907
908 59.9207 84.7963 57.7672
909 53.7274 91.9382 54.3256
910 59.5571 86.7627 51.4557
911 83.6766 65.4424 82.0224
912 57.8248 80.7323 56.5674
913 71.9425 74.2662 62.0185
914 46.6031 74.3851 56.5177
915 84.6727 86.4032 72.2248
916 47.9137 79.4942 69.2155
917 54.5582 66.6869 75.6853
918 70.6896 92.632 72.8444
919 60.1448 85.833 62.7574
920 77.6621 68.6722 88.0898
921 83.192 94.4496 63.7048
922 59.9399 78.3091 69.9886
923 67.6939 78.0164 98.9082
924 61.4794 70.6204 99.674
925 70.881 62.2411 85.0091
926 58.8687 88.1861 75.1555
927 85.0911 82.0133 95.4938
928 65.2452 82.1946 104.616
929 81.1756 70.8273 114.306
930 59.9873 81.9814 114.515
931 72.0751 76.8352 114.415
932 88.9484 73.3138 114.432
933 77.8097 72.342 114.479
934 71.9068 79.8443 114.575
935 61.5042 89.421 114.343
936 66.045 78.3541 95.0053
937 60.3978 88.5885 100.359
938 86.9008 97.0359 7.3787
939 59.8845 97.4558 11.1108
940 51.7175 98.4495 9.8116
941 75.9494 90.5465 -0.176132
942 69.2814 102.075 38.8238
943 78.4436 113.812 12.135
944 69.5172 113.939 37.9953
945 57.0064 93.3307 36.4814
946 73.6923 114.12 8.87931
947 52.543 114.135 24.4366
948 64.1081 103.495 10.3014
949 38.7491 114.314 13.7175
950 50.4808 94.8566 23.4129
951 62.0939 114.315 33.5262
952 60.5816 114.076 38.5461
953 74.8198 108.917 20.8109
954 92.4827 88.2197 41.5245
955 65.1531 80.8678 43.4815
956 90.6847 90.9675 54.2785
957 91.3984 113.814 63.3149
958 42.2664 104.622 49.6865
959 93.107 91.9399 46.1841
960 59.1256 94.7224 37.4824
961 83.6239 96.9075 51.3282
962 96.3548 114.13 72.3362
963 47.8266 113.918 23.0259
964 60.0985 89.1696 50.9791
965 96.2242 114.045 51.2431
966 75.4399 99.6515 64.2012
967 74.9925 113.988 49.0704
968 79.4678 96.5619 49.1601
969 101.233 102.299 55.1524
970 87.143 91.7637 56.4666
971 51.6808 114.236 65.5077
972 68.4612 114.336 66.9579
973 73.4657 99.6161 67.558
974 48.5539 114.088 73.9976
975 57.9302 86.2853 48.5295
976 89.6729 114.109 58.5071
977 81.8558 102.506 53.2702
978 72.5206 84.6056 90.2529
979 72.5129 113.949 87.7672
980 63.4737 103.741 89.8424
981 70.4285 114.27 84.695
982 62.7319 114.295 77.4097
983 70.5734 113.996 91.6852
984 62.0564 91.0027 91.4906
985 78.0002 114.057 65.6385
986 84.926 113.854 109.048
987 62.0515 99.9925 99.1464
988 62.8066 97.6437 94.2399
989 59.7117 100.921 83.9121
990 59.1235 93.5468 82.5746
991 76.9378 113.961 101.707
992 66.0065 87.1811 89.4955
993 67.9134 114.187 93.5758
994 56.5236 78.4791 93.12
995 61.9585 114.231 96.9838
996 57.6466 102.979 77.9599
997 18.1665 114.249 91.3893
998 69.0715 100.391 114.049
999 60.8834 113.975 109.187
1000 81.7926 104.464 114.348
1001 62.0903 102.016 114.569
1002 105.074 81.0359 114.324
1003 68.5161 95.6395 114.316
1004 80.1762 114.117 100.791
1005 57.7422 106.91 100.026
1006 92.0738 99.4813 103.576
1007 60.5594 100.625 114.178
1008 114.087 21.1117 6.11458
1009 102.056 15.2699 8.40809
1010 94.8338 24.1103 4.59313
1011 105.562 13.5749 8.01292
1012 93.2992 0.924307 0.673829
1013 97.9611 7.58676 12.3315
1014 78.3267 18.7148 18.5322
1015 106.369 16.0887 18.5793
1016 100.275 12.2299 15.9153
1017 104.207 -0.121005 33.6419
1018 93.0431 10.0096 10.6779
1019 96.251 -0.124123 22.5766
1020 90.1112 13.4413 28.4842
1021 86.4544 15.3762 14.4255
1022 95.9777 24.83 23.0527
1023 89.9445 0.169429 25.9202
1024 109.976 -0.721614 37.8917
1025 100.157 35.0205 39.8743
1026 96.7746 14.3635 22.5945
1027 114.151 4.52285 24.1982
1028 105.203 18.9931 22.3142
1029 95.8477 21.5 52.2902
1030 95.9606 29.6297 36.9363
1031 105.888 0.0395879 61.7955
1032 104.489 -0.029694 57.9391
1033 114.027 21.8064 45.6961
1034 114.125 15.3605 40.6697
1035 96.901 0.0470923 39.1368
1036 106.171 24.1939 19.8468
1037 81.6843 26.2195 34.7018
1038 114.195 20.7948 50.1198
1039 101.987 0.151052 64.9821
1040 114.396 30.9476 84.1102
1041 100.121 -0.119219 79.3054
1042 112.597 -0.69032 65.951
1043 81.3641 -0.0235006 67.5526
1044 109.586 -0.564463 71.9802
1045 100.096 26.3267 59.5005
1046 100.264 0.0372719 96.7815
1047 78.8949 16.1645 81.999
1048 113.956 38.1669 90.6693
1049 91.3367 -0.441604 77.1927
1050 110.816 -0.648581 90.9422
1051 114.215 15.8601 76.4155
1052 105.631 45.1638 74.3298
1053 114.129 22.199 93.1923
1054 104.328 -0.04456 68.9692
1055 114.402 3.86449 71.5392
1056 94.7064 18.7311 89.0471
1057 113.229 0.394142 88.2488
1058 107.144 0.0209206 91.4671
1059 92.748 -0.0669134 95.3727
1060 95.0022 0.136033 91.8245
1061 104.533 0.31415 82.0051
1062 100.742 0.076555 90.1056
1063 94.7999 12.5742 91.7843
1064 82.4643 0.142679 86.7774
1065 114.15 10.5815 81.6785
1066 90.723 -0.0191075 113.007
1067 105.995 7.82448 114.192
1068 112.351 5.31673 114.154
1069 108.251 0.0791501 110.243
1070 90.7693 44.7705 -0.0936665
1071 93.3352 44.1425 8.57213
1072 96.9087 24.8046 3.47899
1073 101.749 39.4648 17.2766
1074 99.155 45.068 -0.233623
1075 99.5399 36.0212 -0.238735
1076 102.172 42.6008 18.758
1077 104.445 42.4099 12.5812
1078 108.329 30.5938 21.4614
1079 96.0002 39.4863 12.3657
1080 89.1798 37.9938 34.1642
1081 113.935 46.543 38.6796
1082 82.5091 40.0309 14.3417
1083 114.262 40.9874 27.3105
1084 114.069 34.2729 38.8428
1085 78.7044 52.9943 16.539
1086 105.488 50.6872 50.2762
1087 114.11 28.1705 36.1574
1088 114.168 54.0191 45.3585
1089 88.7383 28.197 19.8874
1090 96.6065 30.9971 27.2254
1091 77.8697 18.0885 43.0722
1092 78.984 31.217 68.2143
1093 92.6218 34.8844 45.8535
1094 102.087 26.4555 52.5724
1095 114.01 34.8961 46.1931
1096 89.9362 41.8862 62.1434
1097 94.1756 36.704 55.4279
1098 104.256 35.0179 50.6955
1099 114.276 25.3951 26.6823
1100 95.2082 33.8409 53.8865
1101 102.024 23.3614 64.1362
1102 114.18 27.5634 54.937
1103 114.074 19.4268 57.7112
1104 86.0127 48.1378 56.62
1105 100.359 46.4147 66.5082
1106 95.5788 22.7897 58.5705
1107 79.8709 40.4739 50.2471
1108 90.0195 38.7811 70.0854
1109 114.207 27.5813 52.9832
1110 114.217 30.6035 67.1513
1111 95.5219 54.1344 61.6412
1112 102.048 43.4469 63.4419
1113 97.8587 31.6624 41.5326
1114 87.1661 35.8576 87.2331
1115 114.068 15.5227 81.459
1116 114.458 39.2331 95.1818
1117 89.0277 24.2242 71.8318
1118 114.317 51.193 85.4488
1119 97.9743 31.4582 73.8836
1120 106.342 43.8092 77.5489
1121 71.3104 44.3363 82.6135
1122 92.868 36.0103 69.7289
1123 94.0033 60.1564 85.9457
1124 97.5532 30.3376 90.3354
1125 113.96 45.2851 90.4263
1126 90.6191 33.4205 101.329
1127 90.6047 36.5899 103.481
1128 100.548 32.5565 90.3672
1129 108.99 31.4511 114.3
1130 108.272 27.7589 114.238
1131 99.7298 47.4674 114.864
1132 102.053 40.9223 102.475
1133 114.237 36.0082 106.616
1134 112.108 32.4459 114.572
1135 100.92 35.9329 104.852
1136 93.7415 38.552 98.1263
1137 96.3995 59.7897 19.4502
1138 101.843 42.9523 11.1329
1139 103.031 47.0608 -0.210449
1140 106.054 56.4846 12.9201
1141 114.08 60.4516 21.9566
1142 110.407 64.9959 28.6854
1143 95.4718 72.9064 16.7525
1144 108.081 67.1111 22.4934
1145 88.9859 48.8793 15.416
1146 114.113 52.255 25.1752
1147 113.999 56.3144 22.5593
1148 92.4726 68.1539 27.3234
1149 93.873 73.3668 13.6605
1150 77.2218 58.4504 29.431
1151 81.5504 73.8611 15.7209
1152 72.0588 60.3163 39.3921
1153 85.0664 53.7011 29.3548
1154 114.332 76.6676 36.8487
1155 106.161 54.4657 36.981
1156 94.0827 52.4866 40.1638
1157 114.027 41.8532 22.6283
1158 106.31 57.2181 37.0048
1159 87.1667 72.6705 58.8224
1160 114.065 68.1279 57.2771
1161 114.063 62.3197 55.0999
1162 95.8111 53.6576 52.0498
1163 90.3775 45.4843 56.7028
1164 89.5201 69.8389 55.1581
1165 114.217 54.3807 52.5909
1166 96.3185 70.7047 29.0863
1167 113.995 72.1219 47.8308
1168 90.9586 56.5463 68.3403
1169 102.482 48.3254 59.3138
1170 99.9428 59.42 82.7674
1171 114.189 68.9507 73.8565
1172 114.102 63.6658 64.8914
1173 100.172 50.0565 57.5678
1174 90.8492 57.276 70.6998
1175 104.236 61.2323 62.6706
1176 102.565 76.6457 75.6916
1177 95.5591 62.4727 78.0419
1178 80.5179 81.674 59.8186
1179 87.3948 56.634 61.5231
1180 84.1884 56.9922 54.8922
1181 109.71 69.7115 62.2112
1182 114.149 49.4257 93.3281
1183 114.214 48.3852 85.4289
1184 64.7795 71.4654 93.0941
1185 114.027 49.3336 79.0847
1186 88.4152 42.6583 90.3142
1187 114.47 71.7241 86.0186
1188 114.231 65.5539 76.7785
1189 91.9287 54.199 65.7454
1190 114.13 43.6052 71.4287
1191 102.089 64.7416 71.661
1192 76.2718 49.724 57.952
1193 95.7925 68.7888 77.1945
1194 92.6263 40.286 74.6781
1195 114.341 59.2069 93.5937
1196 103.592 65.6041 94.3961
1197 87.52 61.0989 96.4333
1198 106.738 58.3421 94.6265
1199 72.6831 59.3387 81.1713
1200 86.6237 54.1318 103.664
1201 86.0681 64.8411 114.617
1202 96.3506 41.8007 94.895
1203 107.706 59.9542 115.012
1204 96.0252 78.5637 98.2796
1205 96.2355 57.393 114.333
1206 110.188 64.9449 114.28
1207 94.27 87.7366 -0.320314
1208 87.6765 67.8298 -0.267024
1209 102.23 86.2981 12.9626
1210 114.19 86.8753 19.7573
1211 83.3663 97.1034 9.14481
1212 114.134 78.7313 8.51926
1213 90.18 78.1751 -0.238201
1214 83.9056 70.0315 7.48458
1215 102.08 78.7183 9.69766
1216 106.338 87.7113 -0.129478
1217 114.301 96.9049 32.4146
1218 114.077 71.4235 22.8977
1219 99.618 86.0614 28.0727
1220 81.7321 102.017 19.42
1221 114.369 70.3985 41.0846
1222 114.247 81.8319 12.7184
1223 79.0508 77.6759 30.4848
1224 96.5191 86.8893 19.775
1225 84.5297 78.6388 17.2394
1226 90.3093 74.254 33.0913
1227 114.152 80.3959 29.458
1228 92.9229 69.1504 38.7702
1229 81.7207 70.1107 46.3376
1230 86.3461 88.1727 52.031
1231 80.4044 72.4331 32.0187
1232 114.209 76.2315 45.4916
1233 84.816 81.5535 38.703
1234 96.5642 73.1931 43.2968
1235 101.885 67.243 40.7249
1236 114.314 102.62 48.1557
1237 97.3914 76.0112 57.5478
1238 114.306 96.4503 55.1452
1239 100.219 81.0951 55.4276
1240 84.062 89.7409 53.9238
1241 106.265 83.2882 56.2274
1242 83.9165 73.2388 74.6127
1243 104.892 81.1907 36.7001
1244 97.3853 67.5738 48.0151
1245 114.368 86.4102 66.9053
1246 114.092 63.9727 57.9495
1247 93.2969 64.5107 81.3096
1248 114.285 88.4305 59.8414
1249 94.0867 72.1589 57.7919
1250 114.118 75.5994 69.738
1251 105.53 68.8393 86.0599
1252 80.5944 69.3184 95.2336
1253 114.198 73.882 73.9647
1254 94.3146 63.9222 63.2678
1255 94.8424 78.0264 87.2131
1256 114.15 81.3811 81.0222
1257 92.4093 69.0976 65.1526
1258 114.021 86.446 79.3113
1259 98.1628 69.873 96.5076
1260 95.979 93.7619 83.2724
1261 114.095 84.9306 90.4336
1262 96.7209 84.5615 102.354
1263 97.8741 81.6948 100.559
1264 79.8648 66.6753 97.3609
1265 114.306 83.9402 86.2253
1266 109.11 72.1111 109.371
1267 88.2833 69.6818 114.339
1268 114.21 73.0538 105.071
1269 92.2523 72.1241 114.544
1270 114.161 93.232 106.911
1271 114.289 79.8489 97.4848
1272 94.1339 87.1629 114.518
1273 102.392 84.2594 94.085
1274 112.293 94.5182 114.622
1275 78.802 74.4049 106.019
1276 114.372 83.9039 100.553
1277 92.1876 81.9211 114.602
1278 92.246 66.6306 108.152
1279 98.5301 82.9631 103.023
1280 104.889 58.7555 114.194
1281 114.174 99.2576 4.09608
1282 99.9759 113.902 26.3615
1283 110.703 114.791 14.581
1284 114.214 97.8329 13.4929
1285 90.4917 100.138 11.4116
1286 114.329 83.6203 24.3601
1287 99.2283 114.097 35.0847
1288 101.123 89.0429 24.655
1289 114.45 99.4488 34.0251
1290 102.845 87.7763 23.8266
1291 92.5289 92.2406 17.9812
1292 79.5382 101.847 22.9585
1293 88.7674 96.9859 24.9915
1294 114.116 111.892 20.0452
1295 90.4549 114.098 40.5828
1296 86.699 97.9692 39.7077
1297 92.3972 100.684 31.4364
1298 99.7175 114.066 47.7386
1299 114.176 98.0196 36.4206
1300 114.141 106.113 31.3014
1301 98.1676 102.434 14.5308
1302 102.158 82.8043 39.1368
1303 102.303 114.038 41.1573
1304 114.525 98.6882 44.2404
1305 114.416 107.055 46.3319
1306 93.6124 114.041 51.5207
1307 84.1219 99.598 47.4211
1308 98.1136 105.932 44.4882
1309 98.3657 107.557 46.7242
1310 103.456 72.3093 58.5704
1311 88.5932 91.0534 95.0975
1312 110.208 91.5344 72.8298
1313 110.335 114.775 61.2755
1314 98.2337 114.008 69.4471
1315 103.264 104.389 63.5946
1316 96.7984 101.81 52.9296
1317 114.017 101.267 79.3169
1318 99.2594 114.257 84.7243
1319 89.7864 106.149 87.7779
1320 92.9163 81.835 52.9093
1321 114.205 88.0265 69.882
1322 114.312 90.958 71.946
1323 112.896 113.274 78.5322
1324 114.143 84.8162 95.7175
1325 91.9032 114.15 94.0914
1326 89.821 114.136 86.6955
1327 79.109 69.0599 84.6206
1328 114.293 89.5109 111.72
1329 114.335 97.8063 91.0054
1330 105.12 114.183 94.9796
1331 89.8188 109.44 90.4556
1332 80.5406 114.033 87.3723
1333 82.1344 114.178 97.2846
1334 100.129 101.47 107.358
1335 90.1697 100.551 98.7325
1336 114.062 103.306 112.291
1337 114.395 65.966 98.1973
1338 114.56 110.918 95.0588
1339 100.894 111.898 102.529
1340 114.207 104.618 104.392
1341 94.1185 99.949 102.999
