0 9.3698 18.867 -0.118501
1 7.78232 -0.0121157 5.46097
2 11.5477 23.6157 15.0222
3 37.4179 0.145379 12.1979
4 27.3486 3.86291 -0.0967674
5 11.2458 13.6824 -0.230826
6 2.83312 5.82264 7.48102
7 14.2736 -0.0985074 14.2553
8 21.637 11.418 -0.0895483
9 -0.883831 14.9749 1.52753
10 1.85666 3.31021 46.2945
11 51.1012 1.4096 37.3454
12 6.20839 -0.14445 48.6407
13 0.364617 0.386523 10.692
14 1.55069 -0.307891 13.34
15 4.7557 0.776671 77.4943
16 3.57709 28.3182 83.9715
17 30.3262 0.408083 22.3078
18 3.59955 16.6971 88.0693
19 -0.642061 11.0365 0.875049
20 -1.03434 6.81245 8.39437
21 1.68056 17.0132 31.6788
22 19.5558 28.2952 22.3634
23 105.509 -1.80089 30.8406
24 1.72665 11.8819 33.8489
25 81.6016 0.660554 39.3684
26 35.6568 0.272949 15.7989
27 3.141 0.160122 15.5003
28 31.6513 9.27599 41.0426
29 1.75416 7.21323 51.4841
30 3.70637 38.791 87.953
31 1.96322 7.91666 55.582
32 51.4836 18.6188 22.001
33 3.54162 30.325 66.3768
34 4.0116 36.5944 93.3356
35 26.989 1.0163 83.0763
36 73.6663 0.485326 85.674
37 51.891 39.1522 100.946
38 45.2472 0.993374 74.2937
39 3.32811 6.38006 99.7059
40 94.8607 1.23208 77.6177
41 -0.916882 9.31099 119.577
42 37.2439 0.0894955 104.347
43 23.5149 0.979354 81.2636
44 17.5618 0.0653772 120.92
45 48.0195 -0.0551887 97.8129
46 3.20635 3.36698 102.801
47 3.83206 3.70848 78.7473
48 56.2499 0.595708 72.5287
49 21.4639 16.3136 113.333
50 37.4174 7.64389 122.041
51 3.12957 4.06094 91.0763
52 2.84762 0.273543 107.622
53 18.9692 21.8864 99.1641
54 62.4859 0.0538301 101.197
55 4.09663 0.540587 104.644
56 13.0764 1.62961 94.8716
57 1.60219 15.2038 55.2978
58 3.43474 12.6399 88.4241
59 4.03092 3.55266 66.6602
60 -0.81294 15.8039 96.1126
61 16.1121 0.0189457 116.83
62 27.4612 15.1386 121.936
63 20.6105 8.5404 121.489
64 1.44934 0.321492 114.545
65 11.2143 8.7334 116.838
66 24.9419 46.8057 15.704
67 25.2723 45.8671 25.0313
68 19.2567 38.6514 6.99552
69 -0.9113 36.7223 2.00544
70 15.2677 31.6721 20.2287
71 -0.875642 46.4847 1.90101
72 25.551 31.1463 -0.209556
73 22.2291 29.6013 -0.221642
74 57.4108 31.9195 24.6337
75 -0.633641 43.321 6.36921
76 9.43174 1.20476 -0.0183728
77 4.33309 40.1632 12.899
78 -0.412759 54.3068 23.0747
79 -0.741309 27.1237 22.897
80 1.8345 11.1736 29.4078
81 3.7046 51.1531 48.9872
82 12.024 65.832 -0.812037
83 3.53378 43.2202 71.4553
84 1.73249 55.4735 35.9802
85 1.91954 7.02573 39.266
86 40.7699 1.29105 40.5268
87 1.66081 23.3937 48.455
88 33.1034 81.1785 54.4405
89 1.78071 2.95877 27.0128
90 19.4439 64.7092 19.3984
91 46.3472 65.1344 40.855
92 12.9518 -0.229194 62.9141
93 3.51818 25.6068 64.3694
94 66.6836 23.4429 43.4257
95 49.7509 58.5037 62.8197
96 1.54499 20.6302 43.4706
97 45.7136 55.4282 61.0086
98 3.74155 32.8996 64.4366
99 3.59949 45.5104 52.1755
100 41.0485 37.8249 81.4167
101 -0.69228 30.0023 18.2591
102 65.0446 1.6081 60.4062
103 45.6082 88.1636 82.8737
104 41.6049 13.964 49.1594
105 3.72676 34.4246 83.1617
106 46.7352 55.6697 57.8693
107 3.84472 28.4346 92.8091
108 15.0684 31.5786 77.2879
109 61.7436 36.5771 75.9392
110 3.88075 20.3213 69.2576
111 3.42446 36.3658 68.6022
112 64.7991 23.9407 73.5729
113 -1.21966 50.1851 102.582
114 30.3246 33.6354 65.0692
115 4.44031 21.6443 93.4192
116 3.7024 33.7902 78.9549
117 11.9122 58.4544 101.883
118 3.78279 56.4218 61.7587
119 37.6427 47.9006 110.755
120 12.5351 1.10835 72.4
121 3.97348 46.3864 88.02
122 57.5644 20.3453 103.462
123 -0.795981 30.539 117.472
124 26.6977 34.1479 103.853
125 18.1063 38.4148 109.027
126 24.0838 41.1586 114.524
127 22.313 44.6733 113.413
128 11.6639 39.3773 114.922
129 22.7851 46.3571 118.281
130 8.0494 36.1347 121.696
131 16.5734 46.1027 121.883
132 31.7154 17.7914 121.927
133 29.2522 32.622 117.5
134 32.556 61.3319 8.44984
135 10.0452 57.1492 0.166686
136 19.6582 67.5101 17.9789
137 29.2402 61.904 12.8209
138 1.78091 51.3662 18.9001
139 -1.03066 65.7462 13.341
140 49.4556 38.5954 49.0846
141 3.54264 98.3031 36.5007
142 26.692 94.4987 0.155377
143 39.3167 41.2466 -0.280909
144 35.3501 29.5601 31.576
145 -0.325728 59.2221 23.0268
146 13.3966 60.6656 10.9121
147 3.1528 87.3994 33.1745
148 20.4302 25.2336 25.0372
149 56.7654 49.4107 42.1645
150 37.203 40.4428 57.1484
151 3.46944 58.5686 75.9967
152 3.33867 45.0402 45.6262
153 40.4653 64.6078 51.4461
154 75.4021 74.9 37.953
155 5.04671 0.943786 72.1716
156 13.4114 50.7153 41.2793
157 -0.46154 53.7036 29.4635
158 3.72272 64.0709 61.8132
159 -0.582779 79.2678 8.50761
160 3.83558 68.5096 54.2727
161 46.6765 61.5672 65.1289
162 -0.739765 41.7816 22.7949
163 44.6428 0.739234 25.7501
164 3.58527 53.1853 40.0849
165 3.69307 36.0542 61.3601
166 3.7691 34.4028 54.8699
167 3.62943 48.7169 86.2407
168 3.73568 69.9306 83.8381
169 3.62142 37.7902 80.987
170 35.7024 40.3923 85.8677
171 36.1217 98.2374 55.7744
172 3.60006 52.876 92.5505
173 43.9168 63.7699 78.4122
174 62.5888 69.5692 99.4591
175 -0.663551 90.0369 112.194
176 48.1026 90.4445 75.5182
177 30.3908 38.5443 87.5382
178 33.4263 71.1796 105.52
179 3.74321 74.9575 65.9515
180 36.7182 113.456 121.726
181 3.85156 72.4252 85.6221
182 34.3261 72.9146 70.1075
183 24.2496 35.5585 104.805
184 3.63939 38.5558 97.9434
185 3.77582 67.3528 78.2324
186 -0.768226 50.1536 103.172
187 3.38141 71.0379 105.689
188 3.89827 90.0215 90.7589
189 12.173 63.0974 121.806
190 4.2578 53.7707 121.886
191 1.11713 67.5904 122.002
192 19.4314 66.2298 113.284
193 19.6684 69.8851 122.164
194 -0.693943 55.0214 110.524
195 7.46786 57.4639 122.172
196 20.4761 48.5826 121.74
197 23.5335 47.1267 115.085
198 28.7077 63.4368 122.011
199 -0.589166 68.7253 8.54576
200 -0.659406 88.7484 8.66152
201 15.1709 78.5851 20.9183
202 22.1599 79.2477 14.2194
203 23.5747 81.0169 6.39386
204 18.0654 84.4007 0.151028
205 10.0102 77.1224 -0.0236078
206 23.8334 78.9049 3.41716
207 2.15905 75.7112 11.7321
208 19.3065 63.3674 -0.510002
209 -0.781624 86.3697 9.12512
210 1.65713 62.8655 38.2363
211 11.4087 88.1541 13.997
212 48.9451 65.0747 17.9882
213 -0.814067 74.9254 19.966
214 7.63455 114.103 59.7728
215 3.54185 67.9409 39.8257
216 3.51801 66.9335 44.4836
217 6.50168 35.35 0.0766888
218 3.09193 114.579 15.5519
219 5.41693 77.2937 33.8825
220 -0.713107 66.8791 25.0622
221 1.3452 62.5708 30.8734
222 32.4727 114.241 77.21
223 1.59372 84.9103 30.5079
224 48.1973 51.8084 36.9355
225 69.148 113.438 0.568589
226 -0.642454 62.4021 20.0134
227 3.75254 100.981 61.5477
228 48.8032 92.587 27.1349
229 3.93442 73.8768 76.0149
230 42.3599 113.877 72.1792
231 3.54331 63.5361 47.03
232 3.68357 80.565 98.2309
233 69.1713 82.978 82.8538
234 3.54198 68.0105 59.2534
235 3.58042 62.5129 83.7176
236 3.77358 71.3208 63.4733
237 1.4636 18.3243 38.3455
238 3.63686 71.3503 42.2197
239 3.641 57.6001 46.7113
240 3.71704 80.889 54.4442
241 10.968 61.9615 108.431
242 37.6068 94.2044 104.758
243 3.57423 75.7277 87.9436
244 4.16434 105.459 87.594
245 3.6468 72.3788 44.7761
246 22.5492 113.231 51.5942
247 26.6938 5.6251 28.9353
248 37.7201 86.9044 81.2012
249 3.81209 87.6754 71.3138
250 3.87695 53.6645 68.225
251 3.74221 53.0317 61.3021
252 3.736 78.5689 73.7312
253 3.7819 97.2952 102.977
254 4.09569 99.7586 73.06
255 3.94068 93.7803 90.2886
256 3.79188 81.726 88.5442
257 4.20768 109.592 79.7657
258 3.51533 70.0648 64.6934
259 6.90609 94.5236 122.668
260 3.70626 97.7739 58.7219
261 3.82978 103.857 68.6156
262 0.416548 110.099 105.283
263 35.6817 50.0042 103.537
264 32.7864 36.7992 100.39
265 -0.666479 69.1766 109.788
266 36.7655 86.4609 82.9379
267 3.56751 66.6255 100.662
268 62.9928 113.85 105.775
269 31.7541 94.9777 95.5265
270 3.68465 88.4259 95.0808
271 18.1079 86.5259 113.27
272 20.7929 77.9988 121.983
273 -0.49389 72.5364 119.195
274 4.81099 86.6957 116.882
275 19.6309 74.269 105.079
276 24.9753 72.4125 105.188
277 40.6599 83.1426 121.888
278 26.3003 111.977 -0.0549938
279 29.5816 100.617 -0.312797
280 18.7072 92.0886 0.0322506
281 3.13931 113.719 9.22213
282 19.607 114.742 4.27563
283 1.24147 97.7096 -0.165075
284 15.812 114.169 22.8829
285 -0.563769 93.6829 15.7004
286 8.4309 114.009 50.729
287 4.63394 112.559 34.2279
288 -0.732584 89.1241 15.7541
289 5.40187 106.915 11.9789
290 -0.841719 108.016 13.622
291 55.4026 87.7938 -0.0583286
292 5.18502 70.7149 -0.348628
293 23.4374 114.545 33.2631
294 64.038 115.031 62.2974
295 16.4116 114.088 36.7284
296 41.9796 114.545 33.5662
297 3.12845 82.5355 33.7548
298 17.1244 114.213 29.8597
299 48.6776 89.4819 58.5201
300 47.3028 90.4452 32.9988
301 1.52574 95.596 25.6515
302 36.8029 114.568 38.3413
303 3.9462 108.99 56.2909
304 3.41904 83.2335 36.8361
305 3.86374 108.504 44.014
306 20.9917 113.378 48.1112
307 92.3072 73.1653 29.3863
308 -0.533487 103.052 22.4936
309 27.7352 64.9222 49.4786
310 3.62179 90.6812 36.767
311 27.7063 114.02 15.988
312 3.65392 85.02 59.3233
313 5.89758 113.576 61.7781
314 3.75162 81.6159 51.3079
315 51.9678 114.398 37.5588
316 25.1922 113.998 69.9291
317 3.41845 76.0158 44.2306
318 3.98763 78.165 85.8686
319 3.71686 99.4161 65.844
320 94.543 114.42 94.1397
321 26.9171 113.404 96.6129
322 8.51871 114.299 65.3155
323 40.3267 114.341 38.4018
324 64.1523 114.07 68.3117
325 3.77564 43.9642 61.6377
326 5.41495 114.665 84.463
327 3.781 71.2278 93.436
328 3.91635 107.642 85.6666
329 26.3401 97.4171 115.829
330 63.0745 114.799 56.2995
331 1.81585 115.229 117.888
332 6.96675 101.354 111.406
333 4.03122 106.522 77.593
334 27.1681 113.796 45.1325
335 29.2775 113.378 101.263
336 3.91954 105.082 99.8932
337 35.726 87.1729 107.372
338 26.0601 114.729 120.992
339 31.7428 109.34 122.062
340 -0.511742 102.007 110.374
341 16.7655 105.632 121.674
342 -0.935519 110.741 105.73
343 36.791 13.9565 8.18976
344 26.4898 4.66874 7.09991
345 51.3396 -0.174922 8.90563
346 45.757 16.3189 -0.0246536
347 58.7585 -0.130019 14.2066
348 44.7971 21.5416 1.2056
349 34.5451 12.6846 -0.0590795
350 47.563 20.4901 8.24573
351 40.9247 26.1965 8.10593
352 19.0833 0.0333559 8.86424
353 78.3919 1.2643 37.19
354 2.63141 0.537181 22.3703
355 5.47758 1.83862 56.1659
356 77.8338 -0.0342043 16.6571
357 29.3739 66.5392 50.6094
358 33.9665 26.1392 11.5143
359 13.2232 27.6937 27.2145
360 2.07977 0.486716 34.3415
361 5.46789 -1.53429 27.0913
362 30.5179 46.4589 91.9131
363 26.2178 0.688671 41.7605
364 69.5473 0.705965 55.0136
365 38.6167 0.610809 49.0326
366 49.1787 0.739853 66.7813
367 3.89392 0.172863 43.1815
368 80.7875 0.590346 84.6513
369 51.2492 0.465735 82.3299
370 41.8541 18.7291 33.7259
371 53.8913 36.2928 25.4399
372 7.49306 -1.1494 57.6767
373 65.7827 1.01875 54.1357
374 3.84476 2.55771 51.9956
375 48.4496 58.3841 61.4967
376 14.6543 56.7158 104.546
377 43.8576 -0.31488 93.9984
378 44.8062 35.7307 81.0144
379 29.4756 42.3911 102.043
380 16.6123 0.674265 65.1029
381 62.5462 1.39896 56.628
382 17.6952 0.0901108 28.2528
383 3.79221 21.4059 80.7335
384 63.0509 0.136276 68.1982
385 17.1629 0.176639 111.096
386 58.9803 -0.0554026 106.409
387 48.4471 15.9955 121.744
388 1.83531 13.862 57.5825
389 57.0971 0.75232 65.282
390 50.4268 21.9965 99.2098
391 44.1492 -0.11294 83.5675
392 69.8414 -0.285811 94.4479
393 53.3679 12.6563 122.005
394 39.4964 5.24114 122.043
395 39.5459 15.1357 122.19
396 43.0906 14.2817 118.288
397 36.1748 1.33617 121.663
398 37.4835 -0.166302 115.051
399 43.7027 17.5108 104.945
400 55.8186 12.4029 121.87
401 44.5898 8.96779 121.764
402 30.3573 32.4969 -0.0414141
403 33.4582 42.9845 18.2138
404 33.3683 41.5049 -0.597589
405 47.624 35.9082 -0.463579
406 53.5407 41.3441 -0.398785
407 45.7066 35.7005 14.4953
408 23.446 48.5554 6.8406
409 45.4729 30.463 11.7418
410 31.3539 28.7326 -0.256933
411 51.5045 39.0435 -0.366897
412 32.1992 44.4584 3.52404
413 37.4649 45.6125 7.81874
414 36.4845 7.0172 22.9895
415 13.4085 40.9793 -0.527802
416 62.1608 23.9659 43.4616
417 3.74764 60.521 78.8318
418 102.055 9.03301 -0.719114
419 27.2349 0.923864 30.9471
420 1.68621 57.9314 37.9895
421 103.539 0.497886 23.1697
422 71.3077 -0.294282 87.4869
423 40.2049 12.2673 44.7257
424 65.0606 33.1162 52.1097
425 63.2156 53.6481 16.9275
426 63.3086 24.331 63.8969
427 78.2902 37.0119 67.309
428 43.4596 0.616151 23.579
429 38.5891 30.4214 55.7846
430 79.3848 93.2678 25.9361
431 17.4486 0.734905 23.1621
432 3.78593 26.104 71.5475
433 58.5177 1.46017 36.9595
434 30.4777 0.465151 36.4176
435 71.0694 0.995444 29.5673
436 54.2283 57.9659 62.2744
437 23.04 1.11663 77.5287
438 41.6893 78.5858 97.8819
439 3.56367 62.5098 57.0535
440 66.3083 30.6196 55.5053
441 37.6025 1.53164 68.3825
442 30.8206 5.02147 53.522
443 63.5687 63.9431 82.3337
444 1.79768 7.51953 46.8631
445 29.9793 63.8417 52.8798
446 3.54202 59.1507 54.3092
447 88.7742 19.4848 42.118
448 44.7164 -0.385589 89.4116
449 51.5398 1.12427 53.9701
450 61.7052 37.4117 42.3374
451 33.1688 0.872912 47.4463
452 41.7765 63.7024 101.408
453 70.7728 84.6043 83.7299
454 3.56545 45.5417 65.877
455 37.8249 1.87246 72.2571
456 35.908 42.1272 58.4405
457 69.6332 54.0324 67.1018
458 29.8345 41.5844 67.0166
459 60.5367 52.1489 63.6728
460 86.7929 49.5965 91.7667
461 19.62 24.0474 101.685
462 77.3981 29.2932 102.411
463 53.8204 35.223 103.842
464 54.7232 0.597659 75.7649
465 2.61059 49.9538 99.5681
466 65.3972 24.1053 71.6626
467 38.7323 32.6413 84.7721
468 75.9447 57.975 87.8859
469 54.7869 33.8978 89.6861
470 24.1057 43.7963 114.716
471 39.2179 46.8086 99.2212
472 51.6272 38.8797 112.882
473 40.8798 39.9244 117.154
474 31.667 27.6163 122.179
475 40.6185 28.7091 121.715
476 50.3356 49.78 106.695
477 53.6874 46.4641 112.615
478 56.6405 28.4985 121.613
479 43.242 44.9638 108.327
480 33.9106 55.0998 0.0336452
481 46.1203 51.8514 14.1136
482 54.4849 69.7161 0.125301
483 41.4792 58.1268 21.8205
484 1.82543 3.53326 36.8516
485 1.50377 83.1461 31.3287
486 51.0178 88.9596 59.8196
487 42.622 1.10781 37.2115
488 61.6844 53.856 17.4764
489 44.4315 32.4051 30.3455
490 42.5852 72.8051 16.5829
491 76.4448 80.5576 66.6735
492 39.1858 43.7496 43.5549
493 83.6912 104.269 49.187
494 41.0129 45.441 12.8664
495 27.5835 66.4332 50.6825
496 58.0526 19.5533 67.2279
497 42.2084 49.3806 38.6194
498 3.6028 81.9902 46.4937
499 13.0716 77.6293 18.2386
500 51.0323 98.5267 64.7015
501 46.6259 55.6326 62.7221
502 75.9635 26.0284 14.8961
503 45.4765 34.1914 79.308
504 44.7721 61.033 61.6315
505 92.39 71.5779 24.4767
506 62.2294 93.0774 73.0374
507 12.5466 113.971 70.0066
508 48.1243 49.3347 63.6936
509 45.6349 59.5066 62.1469
510 25.6213 47.8535 53.8234
511 3.78766 53.4952 98.2066
512 63.7806 36.8057 75.6643
513 42.1111 78.0614 74.865
514 26.8902 86.2058 86.6379
515 68.4626 85.3082 83.0105
516 3.73544 53.6864 87.757
517 73.7178 81.7532 88.4592
518 50.9927 69.9272 14.4805
519 3.54607 29.3797 54.7204
520 3.80273 86.1351 93.4241
521 51.8007 52.3242 81.1269
522 79.8288 43.0114 57.5663
523 61.6391 24.6738 63.432
524 43.4458 40.7661 91.1544
525 45.69 42.2431 122.225
526 84.8116 50.803 92.9474
527 48.0998 77.6773 98.1502
528 46.9114 82.3448 101.601
529 41.1486 75.2464 71.3678
530 47.9297 109.35 121.885
531 31.5457 62.4135 122.311
532 35.7366 67.0592 112.114
533 49.0619 65.7999 121.831
534 27.0071 53.1336 102.049
535 45.6123 60.9323 109.824
536 56.5175 49.5251 117.1
537 41.4816 88.1446 -0.110412
538 45.6864 83.3002 -0.27265
539 37.8937 71.8674 19.2868
540 49.9483 56.1212 16.9794
541 54.9089 87.2872 9.13043
542 25.0285 79.7675 12.8006
543 27.3757 73.144 -0.539911
544 51.8812 87.2541 19.7798
545 16.6693 84.8933 26.9426
546 55.0804 59.7354 61.9831
547 45.3048 113.968 8.8894
548 28.388 65.0153 51.3143
549 71.3542 113.839 5.29892
550 37.7309 56.5106 31.9191
551 95.3827 111.876 0.323944
552 21.4796 113.632 61.7635
553 59.6834 70.3664 44.7477
554 42.7626 56.0974 50.6739
555 84.7897 62.117 44.1255
556 29.5534 60.9182 52.1193
557 33.1956 82.0658 37.3452
558 40.0733 83.9926 15.8047
559 17.3819 84.1461 38.9798
560 85.6359 71.1251 58.5541
561 33.5662 58.6039 48.2832
562 64.0281 86.8477 30.3043
563 114.21 106.198 24.1402
564 1.53704 39.1869 33.3176
565 58.2256 50.092 65.7908
566 37.5001 114.041 70.0266
567 50.3965 82.3564 87.1144
568 58.9155 23.8693 63.1234
569 3.47023 93.1869 34.8865
570 61.6365 52.3273 62.1305
571 30.0536 55.9781 91.7913
572 60.8536 37.6387 39.265
573 73.7681 90.1882 73.3876
574 18.1122 46.8861 102.448
575 47.0291 76.4414 19.1358
576 65.7029 42.0962 85.6847
577 20.7507 114.641 90.2519
578 35.8218 73.7441 47.5098
579 3.70789 89.3167 76.5478
580 84.0206 113.757 82.7946
581 89.8506 71.7286 34.6748
582 46.1488 70.257 57.4865
583 37.5119 74.0054 47.0646
584 20.609 95.4898 73.4206
585 69.9868 57.6984 21.878
586 14.648 104.371 35.7462
587 91.1549 42.8624 81.7751
588 34.1165 113.915 68.5269
589 39.4305 113.797 100.991
590 70.303 81.4974 88.953
591 25.0619 51.8054 104.877
592 63.0235 54.5922 62.7142
593 78.1422 113.492 79.3465
594 3.73594 79.9852 64.1506
595 29.6796 86.0185 98.2286
596 66.3107 87.5975 79.0741
597 35.6833 74.5456 115.091
598 35.5445 94.7955 103.583
599 40.3442 110.168 97.4804
600 55.5606 68.567 105.751
601 50.719 89.5163 99.7764
602 46.522 62.6265 62.9592
603 48.934 101.043 107.787
604 64.8233 88.4822 77.9867
605 22.5008 114.421 113.366
606 23.0136 80.85 70.0672
607 71.7781 32.9421 76.9328
608 71.6952 33.7845 106.026
609 34.0592 75.6564 117.534
610 42.2415 94.685 108.63
611 56.2278 80.5168 114.461
612 45.3918 93.8986 108.213
613 42.3922 74.7863 115.749
614 42.2429 77.7468 115.947
615 64.8079 78.0666 122.007
616 35.474 102.84 -0.145708
617 36.3012 113.537 0.712212
618 54.8385 114.759 2.03774
619 30.3456 91.7619 14.1293
620 51.2613 114.004 5.24053
621 42.5669 102.162 -0.013205
622 59.4228 103.732 20.5839
623 44.5375 114.364 10.4855
624 43.9315 95.4042 22.0015
625 30.397 114.687 2.12313
626 41.1386 99.8308 11.0049
627 32.2918 114.704 43.9678
628 48.0609 88.33 29.3851
629 47.7102 113.972 12.8572
630 7.76881 114.144 23.1152
631 45.3382 73.2973 17.7989
632 27.3874 85.7924 -0.256099
633 60.6888 115.212 40.6764
634 20.1432 114.08 24.2514
635 33.4204 79.0824 23.7493
636 41.8975 114.123 12.3345
637 40.4011 114.302 31.2705
638 37.7386 114.75 44.5579
639 86.1767 114.334 33.3978
640 66.408 114.425 66.9787
641 37.1111 76.03 20.4195
642 80.1921 113.702 64.3387
643 87.0252 113.997 20.4996
644 90.6739 113.345 51.3091
645 8.57973 114.326 109.888
646 72.4826 113.352 79.9089
647 88.1303 114.558 36.9919
648 52.6422 113.28 94.2312
649 42.9168 114.396 54.3294
650 57.8626 114.769 55.4978
651 50.1685 114.502 59.6843
652 22.7686 113.929 66.2126
653 48.6684 113.569 69.7753
654 27.3063 114.298 73.326
655 43.8755 114.553 118.188
656 96.1822 113.538 72.0374
657 56.2412 113.391 122.101
658 21.9411 65.877 52.5147
659 71.7961 114.345 74.3853
660 35.4185 75.2467 48.1787
661 26.1975 113.729 105.882
662 6.79498 113.705 105.838
663 39.1835 114.069 106.418
664 38.274 114.541 118.388
665 33.0919 99.6557 105.066
666 55.9175 114.468 37.6504
667 77.6052 70.2261 90.5134
668 73.5516 85.9155 85.9029
669 12.4202 114.189 116.56
670 26.1202 113.755 57.0079
671 29.3548 99.7063 87.1601
672 36.2863 36.0039 83.4382
673 53.4447 113.806 107.829
674 65.9127 64.5874 88.9951
675 9.88412 113.892 61.3684
676 100.49 92.022 122.084
677 73.2189 112.442 89.5145
678 63.1245 115.204 44.3571
679 3.30276 104.477 103.586
680 33.6103 87.194 122.251
681 48.8189 95.8161 107.669
682 40.7269 104.788 119.049
683 43.6292 87.0249 122.228
684 48.1954 114.558 118.544
685 24.9854 105.619 121.537
686 20.7281 114.208 116.53
687 41.8671 109.573 121.999
688 64.0822 101.052 109.328
689 57.7548 96.8419 121.8
690 50.7642 113.999 113.114
691 68.8077 0.0541085 4.15075
692 70.6687 15.1777 0.101972
693 83.6841 16.0348 11.281
694 83.8887 25.4736 7.73081
695 61.806 13.7778 -0.259326
696 55.8326 22.5523 22.5413
697 67.9388 1.59571 42.238
698 96.2023 0.28984 19.8403
699 62.2538 21.5437 11.7857
700 45.4302 0.6714 27.2703
701 71.4847 61.2085 82.0881
702 111.936 14.9136 26.7439
703 86.9145 0.791144 29.5074
704 67.3224 0.0888378 9.08768
705 113.799 41.1405 27.5975
706 44.766 1.08597 33.1533
707 88.9546 0.249478 18.2288
708 81.5055 39.7448 61.7893
709 110.214 60.6617 67.8911
710 46.5312 18.2988 56.0319
711 25.1805 0.89963 45.7878
712 58.1057 0.693404 21.9371
713 33.8701 1.17524 38.5081
714 99.3294 -0.230794 28.3634
715 1.74393 23.4286 50.2002
716 56.3461 26.5367 54.4661
717 25.755 1.77238 72.1459
718 113.816 11.9298 17.2944
719 59.3961 0.673827 62.9091
720 17.2562 1.60825 94.8029
721 76.05 0.0872826 12.2594
722 74.6127 0.919763 56.4476
723 23.6597 1.02063 58.0724
724 88.3896 39.8425 122.046
725 83.5395 0.497015 55.2598
726 84.9515 0.711765 72.2306
727 90.5252 0.963948 68.994
728 26.7786 32.6856 99.2592
729 70.573 0.854834 49.0938
730 57.3818 -0.40393 76.2536
731 104.585 0.415208 104.591
732 104.506 0.891129 92.86
733 74.4855 0.123032 113.727
734 89.3641 0.208431 111.76
735 87.7856 20.0857 122.396
736 84.5792 29.9528 117.058
737 59.3125 22.6712 108.677
738 67.3193 -0.0600475 108.258
739 90.1907 17.4812 97.1853
740 67.052 27.5405 122.871
741 61.6167 12.7555 122.06
742 70.0739 10.6133 110.825
743 87.1715 18.0038 108.472
744 56.9261 1.42181 121.779
745 80.6218 6.2327 121.748
746 63.9231 -0.0674631 104.576
747 63.8439 14.9845 122.059
748 75.784 26.4587 -0.54642
749 73.8555 43.5279 -0.343082
750 96.1842 43.4351 -0.828117
751 81.929 32.4154 15.8629
752 71.6903 31.2008 -0.501885
753 61.7648 23.8591 -0.442384
754 45.3643 6.08601 18.1404
755 28.7674 0.380501 45.279
756 36.0863 29.7809 22.9273
757 66.8848 5.39671 0.145208
758 90.7665 45.433 50.4674
759 75.666 45.3933 41.4704
760 47.7026 25.8207 61.5846
761 79.7161 26.8455 36.032
762 78.3009 16.9035 46.0155
763 114.29 45.8415 107.002
764 87.73 79.4022 45.5852
765 48.163 47.6975 39.4626
766 48.8531 1.13861 60.3372
767 60.3616 86.9723 75.9303
768 78.1186 37.9131 40.8252
769 75.9603 53.183 25.4752
770 86.371 17.1461 40.9564
771 89.6962 65.7615 48.4025
772 64.2212 25.7614 71.8784
773 109.778 19.8492 81.2772
774 112.267 64.4752 93.9356
775 46.8855 16.7818 57.9736
776 89.3396 0.949217 73.9564
777 39.4832 51.555 101.157
778 32.7367 1.10032 67.2239
779 109.721 31.0659 59.6067
780 34.4655 0.724291 21.9806
781 73.2058 45.8343 92.8282
782 67.5404 55.3715 68.0935
783 109.892 72.1637 84.0242
784 67.7688 45.1073 107.295
785 70.7124 26.9544 84.5731
786 44.6171 30.8446 121.49
787 109.338 11.9512 56.6998
788 114.011 35.727 107.275
789 57.6091 54.2394 54.4164
790 67.572 18.7991 72.0276
791 109.443 52.841 77.8494
792 76.0045 73.484 90.1317
793 63.2746 38.2824 76.7555
794 63.7591 65.1462 83.714
795 37.1667 33.5565 90.6425
796 62.1403 36.9537 118.408
797 114.064 6.27289 105.166
798 63.4915 -0.0117212 108.126
799 60.0109 53.0677 87.9111
800 87.4914 30.9821 101.867
801 62.735 63.5255 84.3434
802 54.4856 12.1488 72.7189
803 83.555 58.758 75.1314
804 53.4487 35.0334 121.901
805 72.4948 31.2792 121.796
806 49.0514 30.2536 98.0973
807 71.879 29.346 108.78
808 57.0464 33.5833 107.532
809 80.2663 32.2809 122.164
810 78.9719 44.9059 -0.109276
811 67.704 53.5346 -0.435062
812 75.7525 53.6394 -0.487501
813 61.3063 56.8035 22.6604
814 59.874 59.9277 12.2994
815 69.1684 52.6282 5.63762
816 72.0797 63.7826 17.2061
817 90.5077 65.5178 18.5459
818 71.3216 57.6231 7.56962
819 77.7672 60.2114 7.65071
820 83.3051 46.8121 13.7242
821 63.668 53.7802 13.6231
822 68.8741 47.4556 18.0321
823 56.1215 115.228 51.0639
824 29.4312 82.9913 18.3259
825 3.70193 103.339 42.2559
826 37.742 54.0744 21.1151
827 61.6982 55.3697 14.8655
828 98.5541 82.4581 54.9094
829 61.5661 55.6442 64.0192
830 98.7286 90.1286 88.5838
831 94.8809 44.582 47.9903
832 49.6255 64.8787 53.967
833 94.5978 52.9482 30.7664
834 61.8645 64.8888 83.6298
835 79.8915 87.5341 33.2059
836 108.726 56.7934 17.5011
837 96.0708 74.7761 92.9031
838 71.9114 74.5181 46.0376
839 59.487 53.7106 62.9973
840 55.672 57.9765 60.8984
841 49.2429 55.375 61.1054
842 89.5659 62.3491 37.1313
843 40.3012 77.414 65.8399
844 38.0939 30.2262 85.0174
845 70.4289 42.5445 35.8174
846 37.4498 75.2102 48.6261
847 86.4296 44.2388 60.0392
848 109.465 75.282 75.8114
849 69.3506 55.593 68.2023
850 73.6572 32.9975 76.7238
851 78.2161 58.0444 76.4769
852 51.4526 113.565 103.779
853 76.004 81.7201 61.2394
854 61.9999 24.2667 75.1937
855 51.8171 71.3298 97.5861
856 114.179 76.51 102.454
857 49.6263 39.4214 66.8074
858 72.5423 76.5974 87.3123
859 54.7378 75.3837 101.911
860 3.74068 105.885 92.8501
861 78.7974 65.7329 89.4401
862 95.6513 73.7758 73.7972
863 68.3938 45.0706 112.058
864 38.4757 42.5157 60.1483
865 87.9471 47.9312 106.982
866 63.0981 25.7099 65.0946
867 66.6132 65.1648 101.661
868 89.3324 63.1389 112.345
869 91.1856 55.18 108.538
870 84.9533 45.8306 121.765
871 68.6669 65.6097 121.705
872 73.9907 59.7435 121.927
873 89.886 65.1604 107.441
874 92.1567 59.7828 122.094
875 84.1298 54.6729 122.1
876 84.2951 82.8798 7.79909
877 67.9684 72.0102 8.61828
878 91.0792 84.4448 -0.00138289
879 64.3622 91.3774 15.614
880 65.9352 90.6113 -0.267985
881 68.1776 80.709 -0.626815
882 62.0025 84.9857 11.6144
883 69.6732 71.0917 10.3825
884 65.9975 73.6021 -0.36199
885 66.9399 95.8111 11.7143
886 100.248 96.4854 64.5081
887 65.8461 69.3108 9.14411
888 89.1725 65.7996 8.05837
889 4.05683 52.6211 18.1586
890 112.983 63.58 29.6085
891 68.2207 93.7659 8.62529
892 41.4191 71.8975 19.8674
893 67.5355 72.8179 52.66
894 29.4672 64.8198 49.7197
895 83.842 63.6103 43.4114
896 112.208 95.3971 43.2376
897 81.7275 68.9075 24.5627
898 100.438 83.9841 31.5721
899 71.4666 89.8451 57.1244
900 86.1451 29.3509 82.9079
901 96.8594 114.44 85.9315
902 59.3298 51.3729 66.9797
903 39.3196 113.472 57.1574
904 51.4608 63.908 47.4055
905 83.3597 60.4407 76.1643
906 42.2825 114.824 47.8482
907 95.0205 75.0563 94.5829
908 3.99202 95.1446 80.4912
909 45.0839 113.91 69.9604
910 86.5735 70.3562 62.13
911 83.7258 56.4946 89.6949
912 47.6661 56.2358 59.2693
913 89.1291 48.7412 92.7019
914 38.4237 43.7489 58.2034
915 81.814 58.7196 75.3765
916 65.0891 104.698 92.5075
917 52.7831 22.7047 49.6963
918 61.0916 113.349 94.5911
919 77.1533 98.3253 81.9659
920 91.4916 99.8107 87.2501
921 74.9906 114.53 47.1931
922 93.9386 82.1141 100.266
923 67.019 83.7822 81.7791
924 40.8275 66.825 102.813
925 65.3406 44.312 83.1355
926 54.9493 69.5425 79.8077
927 90.0085 32.5231 88.933
928 65.2642 82.1695 112.105
929 81.1756 70.8273 121.859
930 59.9873 81.9814 122.068
931 72.0751 76.8352 121.968
932 88.9484 73.3138 121.985
933 77.8097 72.342 122.032
934 71.9068 79.8443 122.128
935 61.5042 89.421 121.896
936 66.045 78.3541 102.558
937 60.3978 88.5885 107.912
938 86.9008 97.0359 7.3787
939 59.8845 97.4558 11.1108
940 51.7175 98.4495 9.8116
941 75.9494 90.5465 -0.176132
942 82.931 84.6478 35.5799
943 75.616 114.15 12.2645
944 93.1304 113.471 54.8411
945 84.0779 91.8994 22.8632
946 13.188 114.33 36.879
947 44.0781 114.185 30.076
948 64.0628 103.385 10.3116
949 55.6017 114.215 15.8397
950 48.2332 87.3906 19.8482
951 47.3947 115.148 44.5099
952 59.6201 105.558 -0.356615
953 92.7736 113.772 8.85116
954 90.3961 44.5291 52.5273
955 77.982 60.919 87.3661
956 59.564 58.0872 14.3552
957 106.457 114.967 78.2828
958 47.2371 84.9124 35.6113
959 109.05 80.6713 75.6638
960 64.0942 115.077 58.4626
961 68.3825 55.3248 66.2242
962 103.909 114.942 79.1079
963 51.385 114.474 26.0472
964 39.4827 86.4875 62.2802
965 102.766 113.025 51.1165
966 51.7728 114.896 47.936
967 80.4335 114.86 26.8146
968 74.9776 112.032 86.12
969 111.916 80.2011 42.8433
970 87.9389 70.4102 106.752
971 31.4952 114.422 86.347
972 43.3493 114.183 19.4704
973 64.8061 113.414 79.8016
974 36.5557 113.484 87.7474
975 45.3843 114.123 57.412
976 53.8079 114.523 33.9953
977 91.925 114.225 19.5144
978 70.7641 80.4896 86.7656
979 87.3896 114.028 71.0645
980 111.708 99.6841 99.6067
981 81.9814 113.645 91.5442
982 44.7878 110.405 121.547
983 32.8668 113.699 62.4649
984 53.3734 51.4717 66.6215
985 97.4214 113.285 53.0932
986 79.8049 114.049 111.638
987 50.3492 55.242 96.4477
988 67.0094 113.634 105.873
989 26.7253 94.836 94.0717
990 54.9662 112.82 83.6129
991 43.5848 112.879 89.791
992 67.1094 78.0259 89.6102
993 37.4637 113.216 94.6177
994 69.3034 81.5629 85.1733
995 105.617 114.712 104.354
996 110.445 111.37 37.8983
997 6.4523 114.82 83.2341
998 69.0715 100.391 121.601
999 60.8834 113.975 116.74
1000 81.7926 104.464 121.901
1001 62.0903 102.016 122.122
1002 105.074 81.0359 121.877
1003 68.5161 95.6395 121.868
1004 80.1762 114.117 108.344
1005 57.7422 106.91 107.579
1006 92.0738 99.4813 111.129
1007 60.5594 100.625 121.731
1008 114.087 21.1117 6.11458
1009 102.056 15.2699 8.40809
1010 94.8338 24.1103 4.59313
1011 105.562 13.5749 8.01292
1012 93.2992 0.924307 0.673829
1013 97.9611 7.58676 12.3315
1014 78.3267 18.7148 18.5322
1015 110.76 0.996468 16.5538
1016 111.516 12.4751 28.5091
1017 97.9805 0.716876 69.8551
1018 93.0877 10.0003 10.5836
1019 107.526 2.29758 31.9179
1020 62.5663 0.719246 16.82
1021 86.4544 15.3762 14.4255
1022 114.141 16.207 14.7192
1023 109.539 11.4164 42.1674
1024 98.7188 -1.87278 41.9592
1025 109.656 42.2768 70.8057
1026 23.7986 0.197753 12.3384
1027 102.101 36.1185 -0.421325
1028 113.989 2.00464 8.60604
1029 71.0948 0.621438 61.773
1030 109.588 16.4952 47.652
1031 95.9506 0.671751 96.3467
1032 106.116 -1.04684 46.4726
1033 113.982 33.471 22.0615
1034 109.796 45.3684 51.8787
1035 49.9184 1.61583 45.6645
1036 81.7983 42.9883 57.4633
1037 89.5025 44.0478 29.3109
1038 109.427 26.7541 54.5659
1039 109.561 19.4094 74.2513
1040 109.576 18.7879 61.3975
1041 105.586 -0.182356 63.7278
1042 109.612 28.8175 68.6728
1043 66.3708 0.934702 87.8837
1044 107.872 0.895096 73.4179
1045 72.9494 0.954365 45.7771
1046 114.362 9.60301 115.943
1047 67.2513 0.241067 68.093
1048 113.062 31.8814 100.402
1049 37.8214 0.265375 100.94
1050 113.87 34.4529 102.575
1051 109.689 7.06447 76.2702
1052 111.488 36.313 96.3124
1053 109.646 37.4614 82.8804
1054 105.418 0.30987 78.1573
1055 114.176 16.1587 107.068
1056 110.172 25.2279 89.7844
1057 111.327 17.9005 122.397
1058 112.111 0.458208 107.844
1059 75.3291 -0.365665 79.6558
1060 46.0215 -0.241082 101.039
1061 102.816 1.4202 83.149
1062 106.178 0.742609 92.9808
1063 64.2056 0.0078488 90.6573
1064 53.406 0.0387691 97.8117
1065 111.881 4.01697 102.007
1066 90.723 -0.0191075 120.56
1067 105.995 7.82448 121.745
1068 112.351 5.31673 121.707
1069 108.251 0.0791501 117.796
1070 90.7693 44.7705 -0.0936665
1071 93.3352 44.1425 8.57213
1072 96.9087 24.8046 3.47899
1073 101.749 39.4648 17.2766
1074 99.155 45.068 -0.233623
1075 99.5399 36.0212 -0.238735
1076 113.725 58.4935 29.1845
1077 104.616 42.5723 12.6019
1078 109.722 51.8812 49.1984
1079 96.0234 39.623 12.1145
1080 86.6538 85.007 42.7701
1081 109.803 49.5553 58.3152
1082 81.9457 40.9964 14.1384
1083 102.894 59.3817 -0.297826
1084 110.068 51.1326 55.0009
1085 83.3584 49.5711 26.5082
1086 83.3464 114.712 47.2919
1087 111.594 28.728 32.9168
1088 109.865 29.6262 49.7401
1089 103.046 19.3937 51.1848
1090 83.5546 77.078 30.4225
1091 69.6507 34.1227 75.6479
1092 65.9682 87.553 47.9354
1093 109.667 36.3436 42.1507
1094 58.5845 23.338 43.3258
1095 109.273 16.6679 42.1825
1096 72.3185 66.9657 44.2103
1097 82.7396 39.5109 65.2268
1098 109.826 36.4168 66.6181
1099 109.66 21.0165 41.8654
1100 90.3638 26.5349 72.2938
1101 109.377 7.19769 56.9669
1102 109.649 19.0143 54.4973
1103 109.774 25.7196 76.4551
1104 72.0416 15.2089 62.3219
1105 93.6797 56.8893 54.4651
1106 89.0402 31.2214 87.8525
1107 88.8148 20.7634 39.6302
1108 71.2077 -0.0975528 99.6126
1109 97.483 -0.618816 37.461
1110 109.588 25.7032 64.2945
1111 84.7393 53.655 90.6501
1112 109.826 41.3499 80.3181
1113 111.839 38.0013 35.9644
1114 63.6563 33.8889 98.3533
1115 113.879 13.8644 100.417
1116 113.443 47.5315 99.0945
1117 71.0009 35.7523 75.1296
1118 111.907 42.0577 93.9467
1119 111.362 43.8092 94.2418
1120 109.942 63.6991 60.8766
1121 86.0691 52.1896 89.5207
1122 108.343 104.365 67.742
1123 114.253 59.8196 105.299
1124 114.101 10.6607 104.759
1125 109.813 20.6012 71.755
1126 77.9841 27.6643 96.8616
1127 90.6436 36.6338 111.09
1128 86.0665 27.7284 88.5756
1129 108.99 31.4511 121.852
1130 108.272 27.7589 121.791
1131 99.7298 47.4674 122.417
1132 102.053 40.9223 110.028
1133 114.237 36.0082 114.169
1134 112.108 32.4459 122.125
1135 100.92 35.9329 112.405
1136 93.7415 38.552 105.679
1137 96.3995 59.7897 19.4502
1138 101.843 42.9523 11.1329
1139 103.031 47.0608 -0.210449
1140 106.054 56.4846 12.9201
1141 112.386 39.2409 31.8192
1142 114.062 59.8727 12.7281
1143 69.1276 93.8845 70.5387
1144 114.122 24.1065 15.2344
1145 109.823 44.004 42.4445
1146 113.711 41.5341 24.5521
1147 114.205 36.9514 10.2099
1148 90.1215 114.182 48.3873
1149 94.4412 73.8964 13.8244
1150 48.7806 58.5334 34.577
1151 97.1085 88.268 34.6311
1152 3.80675 51.453 76.0413
1153 114.109 64.1741 23.1494
1154 110.172 63.2063 46.8487
1155 91.9133 44.2465 51.1638
1156 39.2067 42.0162 58.1256
1157 113.768 37.5514 26.9047
1158 110.786 45.6172 37.8141
1159 57.9812 106.865 63.5189
1160 109.844 60.565 60.5191
1161 110.297 65.8338 46.625
1162 99.7643 62.2352 53.1116
1163 91.6871 45.8015 52.0824
1164 66.9581 61.3809 45.5593
1165 109.713 35.1193 58.47
1166 113.958 90.0657 20.402
1167 108.081 76.9857 59.3622
1168 34.314 33.6092 87.41
1169 112.694 39.2918 100.33
1170 109.535 56.6615 63.2669
1171 109.317 42.8319 65.8687
1172 111.791 83.1429 44.8195
1173 80.5855 44.3761 56.6452
1174 113.238 53.1382 95.7445
1175 109.601 29.6598 63.6778
1176 109.322 95.16 90.2473
1177 108.059 68.3953 75.5213
1178 97.9168 74.9609 72.62
1179 76.3969 101.93 78.9594
1180 76.3844 48.1565 83.3862
1181 112.049 64.5984 40.3261
1182 109.687 20.8353 66.3443
1183 113.417 51.132 121.468
1184 54.2791 59.6121 60.2044
1185 111.851 93.9551 98.5207
1186 84.932 53.3854 93.0181
1187 110.663 66.3508 90.6683
1188 109.823 82.0461 85.3631
1189 71.881 34.6072 78.1472
1190 109.594 28.8065 90.8787
1191 114.516 59.1418 109.667
1192 89.6008 27.5344 86.1826
1193 105.958 114.629 118.544
1194 109.824 43.7175 56.1052
1195 111.096 56.9221 89.6434
1196 113.955 109.603 117.506
1197 69.061 54.3308 102.686
1198 106.738 58.3421 102.179
1199 73.1363 85.1845 83.0012
1200 86.6237 54.1318 111.217
1201 86.0681 64.8411 122.17
1202 96.3506 41.8007 102.448
1203 107.706 59.9542 122.565
1204 96.0252 78.5637 105.832
1205 96.2355 57.393 121.885
1206 110.188 64.9449 121.833
1207 94.27 87.7366 -0.320314
1208 87.6765 67.8298 -0.267024
1209 102.23 86.2981 12.9626
1210 114.19 86.8753 19.7573
1211 83.3663 97.1034 9.14481
1212 114.134 78.7313 8.51926
1213 90.18 78.1751 -0.238201
1214 83.9056 70.0315 7.48458
1215 102.08 78.7183 9.69766
1216 106.338 87.7113 -0.129478
1217 114.197 112.216 20.3296
1218 114.317 87.7723 7.6229
1219 80.86 88.5373 48.7844
1220 80.6985 114.867 45.4262
1221 113.996 43.432 20.2747
1222 114.341 91.2075 10.5635
1223 110.179 93.1595 53.4117
1224 114.279 79.4195 19.6831
1225 69.5948 85.0764 18.1953
1226 75.6906 57.9093 22.0631
1227 112.136 94.8518 35.8208
1228 82.2411 55.1526 49.7958
1229 76.582 51.5117 42.0357
1230 76.2446 113.468 61.233
1231 83.8367 98.1469 35.4483
1232 108.114 77.4229 56.5554
1233 114.181 40.1745 12.2532
1234 109.711 55.1787 53.4178
1235 108.626 85.9607 68.8144
1236 112.117 89.0622 35.0415
1237 27.4926 91.5138 16.0714
1238 108.504 100.543 69.9944
1239 84.9077 66.7835 17.6104
1240 85.6881 113.619 57.1876
1241 110.204 90.1229 50.6988
1242 101.635 93.9252 64.2107
1243 114.375 38.5124 8.26247
1244 93.4994 114.683 43.503
1245 108.35 82.7623 61.8785
1246 108.165 114.257 55.8367
1247 102.817 57.2733 84.8275
1248 110.079 90.5626 53.2123
1249 109.734 48.0355 59.0744
1250 109.626 76.1566 83.0686
1251 109.845 46.4725 78.327
1252 41.7626 64.26 108.597
1253 111.681 84.0572 98.6936
1254 79.0812 67.3707 86.4669
1255 68.9281 80.3528 121.672
1256 108.404 74.364 66.2726
1257 108.302 60.6141 75.6613
1258 106.767 113.189 68.7313
1259 109.669 44.7029 80.7379
1260 54.6153 113.917 71.6232
1261 109.705 90.2002 92.1351
1262 96.8724 84.5871 109.92
1263 98.1602 82.0288 107.625
1264 111.126 71.862 92.3231
1265 111.829 85.9911 98.4548
1266 109.11 72.1111 116.924
1267 88.2833 69.6818 121.892
1268 114.21 73.0538 112.624
1269 92.2523 72.1241 122.097
1270 114.161 93.232 114.464
1271 114.289 79.8489 105.038
1272 94.1339 87.1629 122.071
1273 102.392 84.2594 101.638
1274 112.293 94.5182 122.175
1275 78.802 74.4049 113.572
1276 114.372 83.9039 108.106
1277 92.1876 81.9211 122.155
1278 92.246 66.6306 115.705
1279 98.5301 82.9631 110.576
1280 104.889 58.7555 121.747
1281 114.174 99.2576 4.09608
1282 99.9759 113.902 26.3615
1283 110.703 114.791 14.581
1284 114.214 97.8329 13.4929
1285 90.4917 100.138 11.4116
1286 114.21 76.8609 12.3856
1287 109.119 101.224 76.7058
1288 63.2442 30.1887 53.4713
1289 112.309 114.885 32.7006
1290 75.867 114.588 33.0059
1291 83.3415 70.0106 42.8527
1292 70.4271 76.908 35.5312
1293 45.7667 97.9058 51.5972
1294 114.126 102.569 15.087
1295 99.3933 113.259 58.3067
1296 80.5808 86.595 24.5985
1297 70.4508 114.921 54.4471
1298 106.648 114.952 90.1213
1299 109.918 64.6603 51.5986
1300 114.31 109.179 19.6378
1301 111.924 103.45 39.6724
1302 113.876 86.8154 29.8234
1303 83.4733 114.1 33.1842
1304 112.021 100.765 39.677
1305 96.3032 114.343 22.8767
1306 115.173 110.924 102.894
1307 91.52 114.632 89.7552
1308 110.866 85.0868 49.7065
1309 40.6985 114.184 82.5514
1310 109.887 64.5915 57.9614
1311 109.997 73.2974 88.0013
1312 109.927 66.3793 60.8891
1313 102.785 114.364 40.5068
1314 72.6397 114.814 52.5566
1315 110.174 105.029 57.9318
1316 111.635 80.629 37.81
1317 109.897 69.311 57.7354
1318 110.8 98.8055 96.5066
1319 96.4356 114.004 60.1785
1320 81.9599 81.3588 20.2205
1321 114.477 89.2569 112.188
1322 104.631 115.365 85.0736
1323 106.808 112.062 66.0786
1324 114.115 74.4971 102.804
1325 78.864 113.41 98.2066
1326 109.952 111.419 55.3843
1327 111.408 61.0981 90.2429
1328 55.0569 74.7355 122.913
1329 85.2963 114.077 109.595
1330 86.3225 113.976 63.8365
1331 108.483 94.3058 59.2396
1332 14.2344 114.247 79.7806
1333 82.1344 114.178 104.837
1334 100.129 101.47 114.911
1335 90.1697 100.551 106.285
1336 114.062 103.306 119.843
1337 114.395 65.966 105.75
1338 114.56 110.918 102.612
1339 100.894 111.898 110.081
1340 114.207 104.618 111.945
1341 94.1185 99.949 110.552
