0 9.3698 18.867 -0.118501
1 7.78232 -0.0121157 5.46097
2 11.5477 23.6157 15.0222
3 37.4179 0.145379 12.1979
4 27.3486 3.86291 -0.0967674
5 11.2458 13.6824 -0.230826
6 2.83312 5.82264 7.48102
7 14.2736 -0.0985074 14.2553
8 21.637 11.418 -0.0895483
9 -0.883831 14.9749 1.52753
10 16.4501 1.26118 62.8071
11 43.6808 1.25856 30.8969
12 3.53958 7.88936 49.7829
13 0.409782 0.399563 10.5987
14 11.3244 36.1497 -0.255878
15 3.6268 16.1583 87.8781
16 3.99939 25.2997 85.1292
17 14.8856 0.356029 16.6417
18 3.76064 18.5221 90.6335
19 -0.441836 11.0655 0.992479
20 14.6503 0.310544 21.8746
21 3.77829 11.6797 30.112
22 13.0565 36.9559 20.8153
23 97.9456 -1.26019 48.1708
24 1.31769 31.3227 25.805
25 83.3166 1.4114 30.322
26 57.3193 0.234449 12.3275
27 11.6115 -1.37111 24.2585
28 66.17 0.944503 24.2517
29 8.38464 -0.423408 41.4307
30 4.27521 41.2527 94.264
31 5.62171 21.6115 65.41
32 39.595 0.623346 19.9675
33 5.77899 31.1515 67.0188
34 5.64758 46.4688 92.3264
35 31.5973 1.28526 79.5172
36 67.8275 0.904014 87.3601
37 56.5108 42.6089 74.8948
38 47.5058 1.65634 67.5028
39 10.1796 2.34254 80.7377
40 106.873 1.80289 61.0593
41 6.5734 15.3572 124.435
42 18.7985 1.36218 98.539
43 33.9356 0.170995 102.901
44 18.4235 0.120407 122.652
45 36.2655 -0.0598258 98.187
46 4.80327 1.94307 103.726
47 5.68469 4.67637 73.4374
48 51.4694 1.19276 72.6638
49 21.7039 16.9237 114.921
50 35.5005 7.74849 123.875
51 17.196 1.57537 83.297
52 5.74209 0.089825 115.241
53 21.9153 26.7454 97.0188
54 72.6761 0.208799 104.938
55 8.89008 1.3988 101.205
56 16.1698 0.0688009 112.048
57 5.69872 21.0178 59.9041
58 3.03783 5.82185 98.4631
59 5.60401 16.5261 65.7167
60 -0.81294 15.8039 98.081
61 16.1121 0.0189457 118.798
62 27.4612 15.1386 123.905
63 20.6105 8.5404 123.457
64 1.44934 0.321492 116.514
65 11.2143 8.7334 118.806
66 24.9419 46.8057 15.704
67 25.2723 45.8671 25.0313
68 19.2567 38.6514 6.99552
69 -0.9113 36.7223 2.00544
70 15.2677 31.6721 20.2287
71 -0.875642 46.4847 1.90101
72 25.551 31.1463 -0.209556
73 22.2291 29.6013 -0.221642
74 71.2455 40.1562 23.6251
75 -0.563294 43.3189 6.34871
76 7.36033 8.70588 -0.389153
77 4.60057 40.0492 12.9601
78 0.902923 52.7532 22.9661
79 3.36575 19.9538 37.1053
80 3.8932 18.6401 51.7802
81 5.25773 42.3707 45.279
82 -0.191395 72.1571 25.5934
83 4.21555 44.5321 77.2763
84 1.07632 47.5219 28.0284
85 3.57296 10.368 44.9417
86 44.7298 1.49818 33.631
87 3.55953 15.3761 47.7532
88 31.0311 87.3674 55.0688
89 3.58657 10.5882 42.5235
90 -0.39311 77.9028 20.5593
91 47.1054 48.4855 46.2198
92 9.65851 -0.17458 66.6626
93 5.8466 19.9454 72.7141
94 81.3459 19.7131 75.8386
95 46.0847 56.284 59.9775
96 3.55317 21.295 34.5368
97 49.0211 57.3536 64.4294
98 5.54844 28.689 57.8718
99 4.14206 44.4285 65.3755
100 48.1317 34.5012 80.7866
101 -0.713481 31.7568 2.15973
102 55.2667 0.848962 65.4078
103 41.5371 104.583 100.384
104 36.7121 2.62411 72.356
105 4.38086 42.5406 84.7945
106 49.8362 57.6287 62.0562
107 4.09787 34.2695 101.667
108 4.68451 20.6815 78.3124
109 56.5453 30.8519 83.2122
110 4.63969 12.7023 83.6099
111 5.63667 25.9688 60.081
112 64.429 24.2338 74.3706
113 -0.621414 49.5224 105.043
114 48.0127 58.7089 63.2799
115 -0.558084 24.7422 109.907
116 5.74743 5.26738 68.557
117 19.0749 54.5574 106.724
118 3.77894 46.9805 63.4619
119 37.6272 47.6381 113.145
120 26.082 1.90354 75.1526
121 4.10747 36.486 92.8649
122 64.7957 24.6604 87.8599
123 0.862504 17.6771 123.814
124 27.8562 37.782 105.998
125 18.1063 38.4148 110.996
126 24.0838 41.1586 116.493
127 22.313 44.6733 115.382
128 11.6639 39.3773 116.89
129 22.7851 46.3571 120.249
130 8.0494 36.1347 123.665
131 16.5734 46.1027 123.851
132 31.7154 17.7914 123.895
133 29.2522 32.622 119.468
134 32.556 61.3319 8.44984
135 10.0452 57.1492 0.166686
136 19.6582 67.5101 17.9789
137 29.2402 61.904 12.8209
138 1.78091 51.3662 18.9001
139 -1.03066 65.7462 13.341
140 49.5548 35.2724 51.4838
141 3.55098 98.0625 36.6243
142 11.2448 95.3074 -0.288568
143 25.7007 14.3372 -0.219134
144 15.5676 36.7749 48.9467
145 1.23413 50.7321 30.1777
146 13.2568 60.2401 11.2942
147 3.77297 84.628 44.6677
148 12.6538 27.8061 42.0444
149 36.12 58.288 20.9132
150 36.9805 41.0366 60.4914
151 5.52097 60.8997 77.8234
152 3.88977 67.5157 71.1124
153 47.1772 61.4426 65.2988
154 75.1222 70.3852 26.0803
155 11.3179 -0.351874 63.403
156 18.2489 53.0098 70.6074
157 4.75784 50.0757 39.3195
158 5.60128 83.504 59.1483
159 -0.932702 83.9436 8.43485
160 3.67782 62.8182 52.9503
161 46.0575 62.8587 64.8844
162 3.35184 40.6695 37.1859
163 47.7115 0.829529 27.1225
164 1.16318 38.9764 24.2004
165 4.17253 39.048 68.5765
166 5.55073 27.3992 55.5258
167 4.22398 37.0393 87.8625
168 5.97268 60.5987 82.2058
169 4.02639 36.1904 75.2287
170 28.7617 42.6831 101.896
171 49.1424 83.6667 90.0196
172 4.31053 42.5867 83.084
173 46.1468 57.1871 62.3947
174 69.3037 69.8936 97.3586
175 6.75037 106.934 93.0437
176 34.7644 102.558 83.8908
177 48.0224 46.9967 83.095
178 33.8846 64.2846 95.3499
179 3.85779 66.6754 62.6927
180 40.4835 114.058 118.486
181 6.19995 64.1311 89.2245
182 46.8741 56.7745 65.7426
183 25.9953 40.6179 104.554
184 2.85182 35.9613 108.072
185 6.22188 71.316 77.1241
186 -0.768226 50.1536 105.141
187 5.79687 69.8536 101.22
188 -0.623068 107.324 121.452
189 12.173 63.0974 123.774
190 4.2578 53.7707 123.854
191 1.11713 67.5904 123.971
192 19.4314 66.2298 115.252
193 19.6684 69.8851 124.132
194 -0.693943 55.0214 112.492
195 7.46786 57.4639 124.14
196 20.4761 48.5826 123.708
197 23.5335 47.1267 117.053
198 28.7077 63.4368 123.98
199 -0.589166 68.7253 8.54576
200 -0.659406 88.7484 8.66152
201 15.1709 78.5851 20.9183
202 22.1599 79.2477 14.2194
203 23.5747 81.0169 6.39386
204 18.0654 84.4007 0.151028
205 10.0102 77.1224 -0.0236078
206 23.8334 78.9049 3.41716
207 2.15905 75.7112 11.7321
208 19.3065 63.3674 -0.510002
209 -0.600009 89.4837 19.598
210 2.83008 59.5109 36.2702
211 11.2322 88.0746 14.1281
212 33.7654 47.4655 19.1647
213 1.52118 81.9323 30.7375
214 19.8624 113.534 61.872
215 2.66373 57.8051 38.3147
216 3.52298 70.7103 48.0545
217 5.08023 36.232 -0.177552
218 1.01633 100.392 25.1473
219 3.83195 78.7358 42.3025
220 -0.935545 78.2105 13.5953
221 0.116778 66.9308 27.8329
222 65.4877 114.379 66.7932
223 1.27866 91.2995 26.7484
224 32.5327 58.3066 20.5
225 59.5948 105.528 -0.460254
226 0.735193 78.1334 29.5026
227 6.08638 93.7504 64.9626
228 52.8707 99.3944 43.7542
229 6.32612 88.7264 88.6833
230 36.3058 113.653 64.7335
231 5.25637 50.399 50.4559
232 6.03277 79.5259 95.9566
233 68.6998 77.1683 86.1345
234 4.22409 56.3192 40.8859
235 6.81441 53.5734 90.3526
236 3.77482 66.4025 57.4132
237 3.33933 26.1519 34.4683
238 1.89299 73.9869 33.8563
239 5.36785 77.7254 64.2456
240 3.54813 64.6244 50.6052
241 3.18652 49.3782 103.531
242 36.4834 113.174 103.69
243 6.18477 82.2143 94.2814
244 6.41093 101.418 81.8939
245 3.93247 83.4149 54.3988
246 7.13142 112.663 56.0173
247 20.1741 0.784573 18.7076
248 38.8622 86.6928 81.8034
249 6.2386 93.1723 74.419
250 4.18666 47.9924 79.6503
251 3.6585 58.3193 60.6268
252 6.24781 78.519 75.0805
253 6.55801 93.6007 91.53
254 6.4308 94.0776 81.7272
255 8.74992 114.806 88.1828
256 6.65044 91.7182 83.7681
257 6.98305 110.454 85.7715
258 4.00228 64.5948 69.4112
259 0.663733 83.9784 124.11
260 6.1201 88.5618 59.7541
261 6.31249 102.733 68.8099
262 -0.695594 109.916 109.15
263 42.4083 57.7017 94.0578
264 34.5356 25.7642 95.9257
265 0.64013 69.1804 109.642
266 39.3872 86.8656 83.6306
267 -0.914223 68.5792 122.444
268 59.249 112.138 91.2156
269 25.8483 97.3655 94.4302
270 6.13436 84.6542 95.8147
271 18.1079 86.5259 115.238
272 20.7929 77.9988 123.952
273 -0.49389 72.5364 121.163
274 4.81099 86.6957 118.85
275 19.6309 74.269 107.047
276 24.9753 72.4125 107.157
277 40.6599 83.1426 123.856
278 26.3003 111.977 -0.0549938
279 29.5816 100.617 -0.312797
280 18.7072 92.0886 0.0322506
281 3.13931 113.719 9.22213
282 19.607 114.742 4.27563
283 1.24147 97.7096 -0.165075
284 42.846 111.58 -0.190337
285 22.4636 112.399 -0.233911
286 0.640656 114.559 12.0976
287 3.38171 107.921 34.839
288 -0.528814 94.4652 18.2396
289 5.32301 106.819 12.2499
290 -0.609461 105.411 13.5284
291 55.6281 80.9509 -0.495452
292 6.29358 66.9882 -0.0590429
293 14.7988 112.966 17.402
294 65.991 115.139 62.0239
295 31.3832 113.499 38.0964
296 64.7806 114.289 29.6279
297 3.66681 93.4921 43.7258
298 26.967 114.018 12.2819
299 57.9206 93.1966 50.548
300 48.862 66.4776 32.1863
301 1.41713 94.3896 23.422
302 45.4027 113.474 27.3924
303 5.64717 103.065 51.9617
304 3.52852 95.7983 42.1866
305 3.33019 98.7358 31.5658
306 7.34111 112.155 47.9969
307 77.097 53.6391 36.1498
308 -0.598822 100.699 22.4673
309 27.8606 66.0722 51.8959
310 3.56971 86.5749 37.3117
311 14.8239 113.238 25.598
312 3.84892 71.3089 56.8787
313 7.13596 112.328 61.035
314 3.55795 92.4248 48.624
315 67.0685 114.543 1.69008
316 46.5301 113.764 56.3524
317 3.91118 80.2783 46.8188
318 5.90693 70.8074 82.204
319 6.21619 103.326 74.2927
320 82.561 112.647 85.5941
321 28.3839 112.635 96.2362
322 9.42434 114.117 67.5146
323 60.0396 114.484 48.2119
324 51.9534 114.128 63.5402
325 5.53566 32.8125 52.2705
326 12.0547 115.023 84.4543
327 6.06986 81.4044 98.7631
328 6.94044 100.763 91.1012
329 26.8051 97.4729 117.794
330 48.0945 114.215 52.2686
331 1.87 115.049 119.905
332 6.88901 101.37 113.354
333 6.14904 82.5189 91.1584
334 29.0927 113.211 47.4089
335 22.596 113.357 95.4812
336 6.99895 103.816 99.754
337 24.9896 113.25 103.895
338 26.0601 114.729 122.961
339 31.7428 109.34 124.031
340 -0.511742 102.007 112.342
341 16.7655 105.632 123.642
342 -0.935519 110.741 107.698
343 36.791 13.9565 8.18976
344 26.4898 4.66874 7.09991
345 51.3396 -0.174922 8.90563
346 45.757 16.3189 -0.0246536
347 58.7585 -0.130019 14.2066
348 44.7971 21.5416 1.2056
349 34.5451 12.6846 -0.0590795
350 47.563 20.4901 8.24573
351 40.9247 26.1965 8.10593
352 19.5034 -0.110116 8.96842
353 65.9267 1.44615 31.2086
354 7.71109 -0.456725 22.0355
355 3.68133 11.7214 57.5437
356 65.0393 1.32254 27.5969
357 3.55712 93.758 49.7614
358 33.8591 26.1435 11.3828
359 1.40969 35.7804 28.9106
360 3.80515 7.09761 40.4719
361 5.6336 -0.00521228 24.9621
362 34.9131 31.6871 96.1944
363 47.9482 1.68533 38.5823
364 69.6373 1.70064 59.1089
365 21.9206 1.12206 49.2334
366 56.6264 3.03935 50.2208
367 3.92154 2.26678 40.8071
368 104.708 0.513965 106.466
369 56.3795 0.222565 105.025
370 37.8933 0.0528776 16.9675
371 71.418 38.3938 26.3032
372 13.4641 1.59471 71.8072
373 43.0053 1.52166 44.1579
374 3.94838 4.24503 45.9195
375 48.0255 55.5174 62.1266
376 17.5568 56.2583 107.893
377 39.1473 -0.155006 103.4
378 36.6948 34.1369 92.2807
379 22.4416 42.0241 105.856
380 23.5122 2.01254 63.3626
381 76.2548 0.992845 69.3533
382 24.4322 1.07289 26.1667
383 3.97939 25.3859 83.267
384 59.1722 0.0731276 80.6032
385 10.8244 0.35806 109.287
386 53.9275 -0.13852 95.9963
387 48.5068 16.3612 123.39
388 7.55566 1.70997 55.396
389 47.5075 1.32791 79.8372
390 50.4268 21.9965 101.178
391 52.4368 1.25724 83.1925
392 66.2784 -0.0445158 95.779
393 53.3679 12.6563 123.973
394 39.4964 5.24114 124.011
395 39.5459 15.1357 124.159
396 43.0906 14.2817 120.256
397 36.1748 1.33617 123.631
398 37.4835 -0.166302 117.019
399 43.7027 17.5108 106.913
400 55.8186 12.4029 123.838
401 44.5898 8.96779 123.732
402 30.3573 32.4969 -0.0414141
403 33.4582 42.9845 18.2138
404 33.3683 41.5049 -0.597589
405 47.624 35.9082 -0.463579
406 53.5407 41.3441 -0.398785
407 45.7066 35.7005 14.4953
408 23.446 48.5554 6.8406
409 45.4729 30.463 11.7418
410 31.3539 28.7326 -0.256933
411 51.5045 39.0435 -0.366897
412 32.1992 44.4584 3.52404
413 37.4649 45.6125 7.81874
414 31.4991 1.18394 24.0134
415 15.0746 21.5355 -0.243284
416 54.0448 21.3376 45.7483
417 6.03322 60.379 86.6694
418 104.463 -0.720033 23.3292
419 21.3269 0.87293 23.703
420 3.49576 64.0949 45.5788
421 97.8538 0.795407 23.9966
422 100.564 27.7019 124.026
423 48.6028 18.9185 56.5671
424 59.4426 23.8345 58.0598
425 79.244 42.0578 23.6109
426 62.6694 26.4918 64.9324
427 72.1663 32.8929 78.961
428 76.4348 1.02795 55.7813
429 45.6604 36.0582 53.7509
430 54.7852 87.95 16.7476
431 4.07418 2.04619 28.7246
432 4.19575 41.9933 77.4719
433 50.9783 0.976212 22.4853
434 24.214 0.244069 37.8767
435 95.1204 0.958707 16.824
436 44.866 61.2743 62.0637
437 22.2998 1.60477 78.2533
438 45.7942 71.8516 97.6908
439 3.79396 56.3758 57.5733
440 63.8147 26.1341 66.5419
441 47.8508 1.8199 59.1578
442 37.8559 1.28586 55.8343
443 63.5498 65.1387 84.6867
444 5.32067 6.83013 59.4078
445 5.60039 39.6724 55.5809
446 3.65084 54.3645 51.6013
447 86.6977 19.8926 42.9505
448 57.1398 -0.438436 97.4833
449 56.7117 2.72214 48.1187
450 66.9579 45.4851 16.8357
451 26.6528 1.51032 54.6578
452 47.3042 59.8824 108.656
453 73.0766 89.1719 90.1328
454 4.01908 42.6885 70.766
455 75.7611 0.951349 75.6884
456 36.8681 41.9936 58.1516
457 70.2572 71.012 63.5339
458 35.6994 40.4883 58.9845
459 61.9002 55.5055 64.9476
460 84.1298 47.4945 96.8394
461 20.5429 19.5199 102.075
462 93.3405 38.3902 99.6968
463 42.3485 49.9757 93.7424
464 69.2761 -0.086667 77.3054
465 4.87302 39.9114 103.791
466 65.6743 25.9393 74.8951
467 49.4715 23.9126 87.5774
468 76.9373 63.2864 91.8995
469 49.9866 39.4966 93.9363
470 24.1057 43.7963 116.685
471 39.2179 46.8086 101.19
472 51.6272 38.8797 114.85
473 40.8798 39.9244 119.122
474 31.667 27.6163 124.147
475 40.6185 28.7091 123.683
476 50.3356 49.78 108.663
477 53.6874 46.4641 114.583
478 56.6405 28.4985 123.581
479 43.242 44.9638 110.295
480 33.9106 55.0998 0.0336452
481 46.1203 51.8514 14.1136
482 54.4849 69.7161 0.125301
483 41.4792 58.1268 21.8205
484 3.59754 11.293 25.777
485 3.74853 81.5983 37.3738
486 31.7378 74.7001 65.2526
487 61.8085 1.25882 27.6603
488 61.7066 60.7865 14.3857
489 16.2109 41.3013 22.5513
490 44.8031 72.9419 39.8404
491 60.9818 69.8672 92.831
492 29.5613 50.3761 14.7787
493 70.3691 89.2768 34.9401
494 41.106 45.9657 13.3563
495 29.231 64.729 50.5311
496 59.7147 18.2314 68.213
497 51.3513 34.7762 51.2724
498 3.51049 86.3552 42.1404
499 24.0819 93.1733 27.523
500 61.3603 106.517 62.1559
501 50.1645 58.5508 63.535
502 99.1766 -0.484947 27.183
503 55.8356 16.6536 82.1607
504 43.9399 59.7303 63.0474
505 108.923 61.6544 43.8605
506 54.163 108.0 83.5847
507 6.47926 104.106 76.5839
508 62.0219 35.0939 71.8748
509 44.3416 61.4499 64.0022
510 26.6502 49.5314 54.6601
511 5.84978 69.7678 89.602
512 78.898 43.0202 86.368
513 36.8359 79.3149 102.242
514 24.1281 72.8207 92.9534
515 67.0318 78.5928 91.2532
516 6.45966 50.2129 88.0185
517 73.2403 80.3634 92.4498
518 43.4848 47.2346 21.7148
519 3.28895 30.1992 44.2019
520 7.12366 112.339 100.413
521 33.7595 62.7037 93.4309
522 81.7031 44.8394 59.3608
523 63.6982 24.6812 65.3393
524 30.4507 36.1975 88.7123
525 81.4142 61.3449 124.108
526 78.1516 48.1036 95.6461
527 49.2779 92.7729 92.0923
528 46.9609 80.4866 91.4916
529 51.752 69.2567 103.615
530 38.7489 102.121 124.796
531 31.5457 62.4135 124.28
532 35.7366 67.0592 114.082
533 49.0619 65.7999 123.8
534 27.0071 53.1336 104.017
535 45.6123 60.9323 111.792
536 56.5175 49.5251 119.069
537 41.4816 88.1446 -0.110412
538 45.6864 83.3002 -0.27265
539 37.8937 71.8674 19.2868
540 49.9483 56.1212 16.9794
541 54.9089 87.2872 9.13043
542 25.0285 79.7675 12.8006
543 27.3757 73.144 -0.539911
544 54.2738 74.2101 19.1582
545 32.3991 71.0884 42.431
546 53.3339 59.4419 62.0764
547 49.7289 114.294 15.846
548 28.6935 66.6031 50.0533
549 74.1364 113.817 12.3104
550 39.2306 68.2927 28.2669
551 82.0991 112.757 0.118392
552 31.0794 114.83 82.5056
553 76.5108 60.0031 57.1362
554 42.7309 64.454 31.1917
555 91.8958 45.8004 52.5708
556 19.7591 62.1964 66.7139
557 36.6612 73.7431 49.4113
558 39.9583 56.8444 15.9324
559 -0.272101 83.853 22.9072
560 81.4015 58.6962 78.1592
561 32.2102 42.3293 41.1467
562 47.1999 92.9371 18.1048
563 110.529 109.731 44.898
564 0.932865 39.4197 19.5773
565 58.3016 51.7654 68.02
566 38.6119 114.1 75.71
567 36.167 60.4491 97.6082
568 58.1113 19.5746 68.9325
569 1.59257 86.2436 28.143
570 60.2556 52.1923 62.8934
571 32.1657 53.3682 93.1345
572 48.7206 54.5741 52.4154
573 80.7963 91.2908 69.8787
574 17.089 54.6326 99.7505
575 53.7918 69.0444 27.9795
576 58.5429 49.0017 105.858
577 25.8678 113.471 95.2057
578 40.8922 59.5967 34.9106
579 6.29744 90.4545 79.4054
580 86.2919 113.155 68.8534
581 71.95 100.165 32.4509
582 59.5581 63.1543 44.8591
583 35.534 74.9504 48.5051
584 23.2311 74.588 72.1433
585 97.9406 66.1607 43.3865
586 15.3905 102.897 36.1735
587 103.244 34.7694 49.0181
588 31.6375 113.112 51.0621
589 41.7215 111.096 88.6872
590 70.9642 79.484 89.7814
591 21.3716 64.0855 100.081
592 63.3276 53.9795 65.0316
593 90.0149 113.312 92.7979
594 5.87333 80.785 62.758
595 11.4962 71.6766 99.3127
596 62.3271 75.367 80.3542
597 36.0776 74.0361 117.043
598 33.3658 112.925 98.8848
599 21.3328 114.588 91.4868
600 58.9205 71.5464 99.2148
601 50.719 89.5163 101.745
602 46.8016 62.5292 62.8983
603 48.515 100.938 109.81
604 58.6832 90.0364 88.8058
605 12.5076 116.551 94.219
606 9.86848 106.651 52.9312
607 68.4147 33.7955 78.1281
608 80.38 47.4466 96.7774
609 34.0592 75.6564 119.503
610 42.2415 94.685 110.598
611 56.2278 80.5168 116.43
612 45.3918 93.8986 110.181
613 42.3922 74.7863 117.718
614 42.2429 77.7468 117.915
615 64.8079 78.0666 123.975
616 35.474 102.84 -0.145708
617 36.3012 113.537 0.712212
618 54.8385 114.759 2.03774
619 30.3456 91.7619 14.1293
620 51.2613 114.004 5.24053
621 42.5669 102.162 -0.013205
622 59.4228 103.732 20.5839
623 44.5375 114.364 10.4855
624 43.9315 95.4042 22.0015
625 30.397 114.687 2.12313
626 41.1386 99.8308 11.0049
627 32.155 114.063 36.6687
628 53.6773 72.8394 25.7152
629 70.0777 97.8624 -0.36797
630 5.8254 114.13 21.2161
631 69.4647 52.3674 39.1218
632 27.2048 85.7786 -0.148039
633 63.4181 114.34 26.8736
634 19.7743 112.918 54.6249
635 36.6665 68.029 29.8891
636 39.5941 114.614 11.9839
637 67.4798 114.079 6.31437
638 59.9107 114.093 37.6707
639 96.9802 114.525 31.2913
640 53.7294 114.759 55.0818
641 14.0417 78.9332 26.7135
642 72.6553 113.71 73.5715
643 60.8612 114.581 55.0076
644 84.8411 114.318 48.839
645 8.5653 114.273 111.655
646 58.5519 112.742 87.8993
647 90.8013 114.189 27.82
648 46.7176 112.843 99.9861
649 46.2375 113.953 60.3777
650 35.1606 113.927 51.7888
651 53.7843 114.454 68.5338
652 20.1337 113.529 68.9759
653 18.7362 112.257 48.8336
654 26.6906 112.76 55.6859
655 32.6148 98.3399 123.947
656 108.869 111.031 73.9207
657 60.3521 112.875 123.918
658 3.85484 72.8923 39.9948
659 69.7554 112.685 75.8671
660 37.4759 73.5894 47.5747
661 45.08 113.322 81.8217
662 3.17741 109.696 105.792
663 29.4634 114.235 117.461
664 47.8422 113.866 110.451
665 17.6165 93.1347 109.514
666 36.6034 113.351 52.8693
667 71.1193 73.1314 96.0152
668 67.5096 84.3533 93.3139
669 13.8384 114.363 113.868
670 26.3539 113.287 61.4132
671 24.6982 96.2051 95.5383
672 42.4836 48.4548 96.9785
673 18.7319 113.577 107.53
674 61.5998 65.0883 83.2843
675 7.98812 114.986 84.4392
676 100.494 92.1016 123.916
677 72.5792 111.876 87.0678
678 51.2528 113.971 46.1381
679 6.4564 91.3939 98.7905
680 33.6103 87.194 124.22
681 48.8189 95.8161 109.637
682 40.7269 104.788 121.017
683 43.6292 87.0249 124.196
684 48.1954 114.558 120.512
685 24.9854 105.619 123.505
686 20.7281 114.208 118.498
687 41.8671 109.573 123.968
688 64.0822 101.052 111.296
689 57.7548 96.8419 123.768
690 50.7642 113.999 115.082
691 68.8077 0.0541085 4.15075
692 70.6687 15.1777 0.101972
693 83.6841 16.0348 11.281
694 83.8887 25.4736 7.73081
695 61.806 13.7778 -0.259326
696 55.8326 22.5523 22.5413
697 77.9738 1.42708 31.114
698 101.085 -0.111712 23.6669
699 62.2538 21.5437 11.7857
700 47.6176 1.66867 34.6373
701 69.1917 73.4098 72.887
702 109.665 12.1921 24.7417
703 61.807 0.598782 24.2402
704 67.4271 0.119227 8.67633
705 109.868 29.0069 33.767
706 68.7521 2.31765 40.8094
707 81.1774 1.53408 28.0233
708 84.892 57.592 85.7972
709 108.283 63.0515 68.5734
710 48.6008 18.03 59.0884
711 14.2962 0.767041 48.9269
712 50.5106 0.809635 16.7901
713 13.8024 0.576561 44.5084
714 104.54 0.127255 35.8901
715 3.85544 18.627 44.5258
716 49.6918 21.4984 42.4298
717 49.9277 2.05075 63.3938
718 109.614 16.5316 32.3979
719 68.7577 1.29567 50.7539
720 31.1667 -0.703577 93.2864
721 75.8 -0.00590609 12.1198
722 64.2098 2.17606 47.5258
723 39.691 0.9153 48.45
724 43.8263 42.331 123.917
725 85.5475 0.157465 37.2037
726 68.0911 -0.473875 71.5857
727 83.8426 1.38861 63.7047
728 23.1899 33.5667 103.456
729 91.9519 0.140638 37.4833
730 59.0549 0.976628 71.3507
731 110.238 5.99699 90.7441
732 107.58 0.531913 103.155
733 74.4855 0.123032 115.695
734 89.3641 0.208431 113.729
735 87.7856 20.0857 124.364
736 84.5792 29.9528 119.027
737 59.3125 22.6712 110.646
738 67.3193 -0.0600475 110.226
739 90.1907 17.4812 99.1537
740 67.052 27.5405 124.839
741 61.6167 12.7555 124.028
742 70.0739 10.6133 112.794
743 87.1715 18.0038 110.441
744 56.9261 1.42181 123.748
745 80.6218 6.2327 123.716
746 63.9231 -0.0674631 106.544
747 63.8439 14.9845 124.028
748 75.784 26.4587 -0.54642
749 73.8555 43.5279 -0.343082
750 96.1842 43.4351 -0.828117
751 81.929 32.4154 15.8629
752 71.6903 31.2008 -0.501885
753 61.7648 23.8591 -0.442384
754 47.6725 0.731633 19.9621
755 44.7743 1.72449 57.868
756 45.5 30.0498 15.6694
757 66.2069 5.30768 0.0489081
758 92.7838 42.6878 52.2592
759 76.7185 50.8745 35.6474
760 57.5727 15.0763 57.1365
761 67.59 22.2609 24.1733
762 87.6409 19.3562 41.1563
763 107.453 48.4451 87.9713
764 72.1791 46.5475 64.4372
765 70.5803 38.8155 47.0756
766 45.8335 1.74251 43.5585
767 62.8537 88.0567 78.9966
768 61.3324 28.235 43.602
769 71.2348 45.3687 16.9128
770 94.753 20.919 45.467
771 111.597 52.6061 37.7744
772 64.8963 25.8457 72.9414
773 110.063 22.9073 82.9947
774 111.803 68.6838 98.9839
775 48.0428 17.2063 57.3784
776 69.3895 0.0663172 99.0548
777 46.3705 51.942 98.9621
778 35.331 2.118 75.2703
779 109.733 38.4647 60.0864
780 35.1938 0.867046 16.54
781 64.9712 39.7958 87.5697
782 67.6068 55.568 68.2976
783 106.686 71.8297 74.4215
784 61.2242 49.6381 106.698
785 85.915 11.2778 67.5946
786 33.5809 7.89331 124.191
787 107.918 10.0836 55.9102
788 114.474 36.0301 109.251
789 41.9466 90.5739 55.4988
790 66.1739 19.4473 73.6527
791 108.633 55.2381 73.596
792 77.1225 77.6025 80.4505
793 69.0092 35.3065 78.9282
794 60.4972 63.7506 84.2583
795 29.1907 28.7098 75.4799
796 61.9852 37.0462 120.459
797 108.225 0.281851 116.102
798 56.1909 -0.0621773 112.486
799 44.6235 50.6774 97.6476
800 87.4914 30.9821 103.836
801 61.8283 64.2015 85.735
802 31.3234 2.49592 70.0365
803 84.6714 59.2838 78.5964
804 53.4487 35.0334 123.869
805 72.4948 31.2792 123.765
806 49.0514 30.2536 100.066
807 71.879 29.346 110.748
808 57.0464 33.5833 109.5
809 80.2663 32.2809 124.132
810 78.9719 44.9059 -0.109276
811 67.704 53.5346 -0.435062
812 75.7525 53.6394 -0.487501
813 61.3063 56.8035 22.6604
814 59.874 59.9277 12.2994
815 69.1684 52.6282 5.63762
816 72.0797 63.7826 17.2061
817 90.5077 65.5178 18.5459
818 71.3216 57.6231 7.56962
819 77.7672 60.2114 7.65071
820 83.3051 46.8121 13.7242
821 63.5441 54.0559 13.5907
822 86.2954 25.0255 33.0319
823 16.9657 112.404 52.2504
824 43.412 85.6244 25.1992
825 15.0428 113.294 30.9298
826 42.5512 70.306 24.001
827 55.9926 44.2994 20.7524
828 80.7366 58.252 76.3072
829 62.9915 55.652 63.2558
830 99.3419 90.7449 90.8933
831 91.7774 42.797 50.9203
832 48.9175 57.6611 59.5338
833 69.5078 44.1684 17.6127
834 46.0558 72.6298 80.9075
835 79.5469 60.8961 28.093
836 113.399 64.584 27.1207
837 95.6336 75.7529 95.7724
838 97.6318 74.8799 51.2184
839 60.1906 54.0444 63.7073
840 54.8307 58.3203 63.0915
841 47.7335 54.6312 59.4371
842 108.221 69.173 54.1146
843 70.6196 114.407 52.1639
844 38.7908 26.2195 93.8749
845 55.9058 24.8357 15.7607
846 36.8143 75.1606 47.1326
847 69.1524 70.9429 48.9352
848 106.762 69.7964 69.603
849 67.1892 53.8197 70.2431
850 71.0259 33.3835 81.1128
851 82.5605 60.2175 77.3213
852 28.8609 114.455 111.686
853 69.2838 71.0628 77.9649
854 52.3675 28.2443 60.9285
855 59.6425 85.7246 92.7219
856 109.444 81.5216 85.2858
857 59.2074 23.8696 83.9207
858 79.1597 61.865 98.6489
859 81.7178 78.6781 99.3479
860 7.06497 108.14 90.818
861 78.44 61.7877 90.6497
862 108.299 60.0464 71.537
863 68.4314 45.0679 114.001
864 38.6955 43.7144 59.4048
865 87.9471 47.9312 108.951
866 62.6575 24.6207 66.765
867 66.6132 65.1648 103.629
868 89.3324 63.1389 114.314
869 91.1856 55.18 110.506
870 84.9533 45.8306 123.733
871 68.6669 65.6097 123.673
872 73.9907 59.7435 123.895
873 89.886 65.1604 109.41
874 92.1567 59.7828 124.062
875 84.1298 54.6729 124.068
876 84.2951 82.8798 7.79909
877 67.9684 72.0102 8.61828
878 91.0792 84.4448 -0.00138289
879 64.3622 91.3774 15.614
880 65.9352 90.6113 -0.267985
881 68.1776 80.709 -0.626815
882 62.0025 84.9857 11.6144
883 69.6732 71.0917 10.3825
884 65.9975 73.6021 -0.36199
885 66.9399 95.8111 11.7143
886 100.555 97.2189 67.4703
887 65.906 69.5108 9.16712
888 89.289 65.711 8.10244
889 1.05598 48.8039 16.9585
890 109.771 62.6107 41.2495
891 68.0967 93.7895 8.76551
892 23.9083 46.3477 28.8763
893 63.2212 66.6503 48.0013
894 15.321 64.5418 38.9351
895 68.1327 81.0575 34.6883
896 112.142 92.7512 32.6025
897 50.3405 70.0703 23.831
898 70.4324 72.9697 38.0476
899 69.9617 83.8731 62.9333
900 90.1156 34.0589 91.3888
901 92.4359 113.546 96.6013
902 58.2575 50.1066 66.7239
903 37.5528 113.918 41.5894
904 50.7989 78.1022 62.6063
905 80.6646 60.0931 77.3784
906 49.2415 113.728 66.5271
907 94.4558 74.1261 96.2017
908 6.07931 74.5302 79.5687
909 53.3981 113.918 59.8988
910 54.6991 59.4022 60.5639
911 72.8911 60.8583 100.525
912 45.8963 54.4946 59.6974
913 89.5707 48.5805 100.058
914 38.7473 42.1729 61.4426
915 80.8638 57.6585 81.2356
916 79.5681 90.1184 100.817
917 80.6565 44.959 57.6734
918 76.405 112.439 83.8634
919 75.1566 91.7013 81.0196
920 107.253 113.648 88.9982
921 75.2692 113.44 62.5274
922 95.8756 82.1576 93.5667
923 72.5898 92.5744 80.3916
924 34.4704 79.7047 105.627
925 51.9922 43.8683 102.326
926 51.2438 73.7343 103.525
927 87.9867 30.3165 88.3054
928 65.3137 82.1526 114.137
929 81.1756 70.8273 123.828
930 59.9873 81.9814 124.036
931 72.0751 76.8352 123.936
932 88.9484 73.3138 123.953
933 77.8097 72.342 124.0
934 71.9068 79.8443 124.096
935 61.5042 89.421 123.864
936 66.045 78.3541 104.526
937 60.3978 88.5885 109.881
938 86.9008 97.0359 7.3787
939 59.8845 97.4558 11.1108
940 51.7175 98.4495 9.8116
941 75.9494 90.5465 -0.176132
942 66.1485 39.8393 25.3445
943 68.8002 114.017 17.265
944 77.414 114.046 42.4006
945 91.95 85.8937 23.9993
946 21.8293 112.704 46.8705
947 67.1213 114.492 27.6351
948 64.0322 103.484 10.2962
949 62.1975 114.698 7.47121
950 20.8028 68.1807 32.8227
951 53.5978 113.539 27.6549
952 69.6921 110.148 -0.827152
953 97.3826 113.917 10.4019
954 90.9616 45.2242 51.1602
955 79.3952 57.7536 101.111
956 71.8516 65.023 15.4455
957 97.6142 112.087 72.9973
958 40.4394 68.0671 35.1488
959 108.988 79.3149 80.7048
960 69.011 114.211 59.7182
961 66.3224 53.9353 68.5189
962 107.749 110.392 66.8202
963 58.4526 108.989 -0.38715
964 21.7353 74.1188 70.2564
965 95.9224 113.546 50.4298
966 69.8931 114.006 41.5363
967 99.2613 114.776 29.5737
968 78.5607 112.033 97.584
969 112.328 89.9227 36.0205
970 79.6293 82.2968 93.0566
971 28.6223 115.227 89.4325
972 34.5532 113.66 32.9051
973 68.6545 112.471 82.655
974 43.2267 113.456 85.008
975 41.194 114.328 83.7108
976 77.9188 114.678 36.2213
977 102.503 114.859 36.7481
978 68.9945 79.1807 90.2907
979 84.1315 113.082 78.8749
980 109.38 96.0334 91.8303
981 76.9201 112.212 87.0031
982 43.5235 114.354 120.888
983 38.21 113.515 61.6271
984 60.2386 50.2828 66.8166
985 83.9889 114.466 51.2665
986 74.4041 114.019 113.935
987 65.0952 51.6208 99.725
988 55.9102 113.831 110.084
989 26.5995 94.4428 94.2333
990 50.188 112.913 99.9282
991 36.7972 114.445 83.5922
992 75.1757 88.0806 83.6114
993 9.77113 113.786 106.041
994 69.5115 80.9583 91.3494
995 106.467 114.643 99.9615
996 114.218 106.906 18.2452
997 41.8817 114.179 73.4399
998 69.0715 100.391 123.57
999 60.8834 113.975 118.709
1000 81.7926 104.464 123.869
1001 62.0903 102.016 124.091
1002 105.074 81.0359 123.845
1003 68.5161 95.6395 123.837
1004 80.1762 114.117 110.312
1005 57.7422 106.91 109.547
1006 92.0738 99.4813 113.097
1007 60.5594 100.625 123.699
1008 114.087 21.1117 6.11458
1009 102.056 15.2699 8.40809
1010 94.8338 24.1103 4.59313
1011 105.562 13.5749 8.01292
1012 93.2992 0.924307 0.673829
1013 97.9611 7.58676 12.3315
1014 78.3267 18.7148 18.5322
1015 110.627 11.9109 21.1095
1016 105.97 0.253106 28.9632
1017 87.2216 1.2599 72.7315
1018 93.0811 10.2824 10.8103
1019 106.096 1.95699 45.6664
1020 64.2512 0.628172 18.5865
1021 86.4544 15.3762 14.4255
1022 110.099 23.8283 29.4587
1023 107.654 12.5477 45.4132
1024 91.4372 -0.58834 49.6993
1025 110.165 39.3398 64.0937
1026 23.9367 0.249102 12.4149
1027 96.5127 26.1594 -1.13201
1028 108.548 -0.0118472 23.7604
1029 71.7744 1.32756 72.2813
1030 107.89 7.60767 56.0692
1031 100.74 1.21108 94.811
1032 104.291 0.0613776 54.5228
1033 114.035 23.6066 12.9327
1034 108.835 47.1545 51.5172
1035 55.0467 1.29657 29.739
1036 80.7452 43.2538 59.5646
1037 85.2975 40.2386 27.1994
1038 107.604 19.6518 49.8948
1039 108.898 40.6063 84.9281
1040 109.803 28.0237 65.0298
1041 106.961 1.9781 73.0078
1042 109.711 29.2888 57.1109
1043 71.767 0.309072 109.723
1044 102.148 1.32875 79.0312
1045 80.0991 1.28741 39.9775
1046 110.322 0.278648 109.67
1047 61.4219 0.70098 67.2089
1048 114.435 59.9137 113.555
1049 63.7332 0.0702408 103.092
1050 114.133 50.2705 100.007
1051 105.354 0.90204 80.6418
1052 109.282 31.3409 92.2506
1053 108.627 35.5811 79.7928
1054 102.46 1.74118 67.2936
1055 114.064 11.1719 108.906
1056 110.063 19.832 75.9136
1057 112.758 12.7343 123.733
1058 113.995 4.9368 111.02
1059 61.5084 0.0991255 79.012
1060 29.8042 0.244892 110.059
1061 97.4896 1.33635 76.1381
1062 110.081 5.86063 85.6126
1063 67.8873 0.0268073 106.002
1064 67.088 0.272181 70.3224
1065 114.015 3.93399 113.95
1066 90.723 -0.0191075 122.528
1067 105.995 7.82448 123.713
1068 112.351 5.31673 123.675
1069 108.251 0.0791501 119.764
1070 90.7693 44.7705 -0.0936665
1071 93.3352 44.1425 8.57213
1072 96.9087 24.8046 3.47899
1073 101.749 39.4648 17.2766
1074 99.155 45.068 -0.233623
1075 99.5399 36.0212 -0.238735
1076 113.246 60.607 27.9744
1077 104.662 42.558 12.6276
1078 109.632 50.5836 41.1369
1079 95.9744 39.7824 12.1661
1080 81.7736 65.6959 48.5809
1081 109.625 26.7762 57.5164
1082 83.8233 34.4622 24.2167
1083 108.699 46.0136 -1.03641
1084 108.241 61.5223 59.1754
1085 95.8313 34.3982 28.0329
1086 67.6935 113.733 80.0473
1087 109.785 22.6241 36.0839
1088 109.653 28.432 48.311
1089 107.721 5.17634 50.7934
1090 79.2499 64.4572 23.5792
1091 70.254 33.7914 77.8402
1092 88.664 81.2707 65.861
1093 111.398 37.9521 36.7687
1094 52.6279 45.5264 41.217
1095 107.83 26.2232 40.7979
1096 76.8611 69.3331 37.1611
1097 76.2728 32.8012 63.205
1098 108.285 39.1138 72.1526
1099 109.584 41.5491 49.6713
1100 88.035 32.5345 85.8869
1101 105.909 -0.0587722 57.4607
1102 109.888 29.3922 62.893
1103 110.006 23.799 74.5952
1104 49.2811 0.888005 69.2399
1105 92.0463 56.5574 56.4478
1106 90.2166 29.4176 84.749
1107 85.635 20.9824 42.2822
1108 71.8524 2.82535 123.923
1109 98.8861 -2.52382 44.8159
1110 109.717 21.3086 68.0597
1111 102.904 44.6732 87.0963
1112 109.725 43.4817 93.0472
1113 109.5 43.0548 40.2105
1114 52.6625 44.654 104.715
1115 109.797 20.5532 92.4975
1116 109.509 46.1833 92.6001
1117 72.238 34.6029 79.9855
1118 109.488 29.6221 94.4962
1119 111.099 34.0863 97.758
1120 108.002 53.2228 57.1352
1121 89.3799 50.2744 97.7573
1122 109.012 91.7728 70.3517
1123 114.364 62.4966 112.023
1124 111.479 21.525 96.8285
1125 110.081 24.5026 82.1407
1126 72.6127 44.6085 104.496
1127 90.6456 36.4822 112.915
1128 91.5744 35.4627 87.2238
1129 108.99 31.4511 123.821
1130 108.272 27.7589 123.759
1131 99.7298 47.4674 124.385
1132 102.053 40.9223 111.997
1133 114.237 36.0082 116.138
1134 112.108 32.4459 124.094
1135 100.92 35.9329 114.373
1136 93.7415 38.552 107.647
1137 96.3995 59.7897 19.4502
1138 101.843 42.9523 11.1329
1139 103.031 47.0608 -0.210449
1140 106.054 56.4846 12.9201
1141 107.44 12.912 40.2748
1142 113.27 60.5919 15.4467
1143 68.5133 71.8208 74.0534
1144 114.153 38.4584 13.001
1145 109.614 42.8723 44.8334
1146 112.974 46.5447 30.3875
1147 114.094 19.3175 15.482
1148 79.0556 113.678 57.3018
1149 93.7638 73.573 13.232
1150 54.2394 73.3032 55.6895
1151 112.7 113.338 20.6677
1152 5.72216 49.539 84.4208
1153 113.723 66.3047 24.7453
1154 108.218 66.688 54.186
1155 93.6452 44.2793 51.7361
1156 39.8139 43.7931 60.7454
1157 114.227 39.493 17.2363
1158 111.967 41.9363 32.7957
1159 61.8154 105.211 64.2587
1160 108.342 64.3544 59.1485
1161 107.658 62.3167 47.8937
1162 96.3901 61.7194 54.5071
1163 89.9329 45.7594 52.8709
1164 61.5422 55.6418 37.1536
1165 110.215 30.4127 66.8799
1166 114.162 91.1481 22.7651
1167 107.004 78.7829 65.5322
1168 36.6817 36.1883 97.5755
1169 110.94 38.5828 101.146
1170 108.288 48.8962 62.672
1171 108.274 45.2443 72.273
1172 109.796 52.4595 45.9177
1173 79.6722 43.6114 58.1763
1174 107.004 51.179 84.225
1175 108.243 45.4042 67.5307
1176 113.319 101.029 109.36
1177 108.787 57.4166 76.6132
1178 106.601 72.3544 69.8624
1179 86.537 112.362 92.0979
1180 66.5965 62.9676 84.829
1181 109.881 58.9119 41.9574
1182 109.885 14.5715 82.6121
1183 114.189 57.1428 111.953
1184 55.7948 59.5683 62.3764
1185 114.157 85.6481 109.243
1186 65.6965 50.4922 101.769
1187 111.92 66.1817 100.967
1188 110.524 71.5673 93.5771
1189 69.2924 33.5598 79.6289
1190 108.709 22.0206 87.699
1191 114.195 43.6053 109.374
1192 90.2953 29.1636 88.9594
1193 102.788 114.862 98.5552
1194 109.493 34.4901 45.5282
1195 106.946 58.6447 82.5938
1196 106.949 114.26 115.199
1197 64.158 63.2404 104.06
1198 106.738 58.3421 104.148
1199 63.0302 87.6945 88.3111
1200 86.6237 54.1318 113.186
1201 86.0681 64.8411 124.138
1202 96.3506 41.8007 104.416
1203 107.706 59.9542 124.533
1204 96.0252 78.5637 107.801
1205 96.2355 57.393 123.854
1206 110.188 64.9449 123.801
1207 94.27 87.7366 -0.320314
1208 87.6765 67.8298 -0.267024
1209 102.23 86.2981 12.9626
1210 114.19 86.8753 19.7573
1211 83.3663 97.1034 9.14481
1212 114.134 78.7313 8.51926
1213 90.18 78.1751 -0.238201
1214 83.9056 70.0315 7.48458
1215 102.08 78.7183 9.69766
1216 106.338 87.7113 -0.129478
1217 114.348 105.444 15.1316
1218 114.114 84.2278 12.8882
1219 76.0439 101.07 46.3227
1220 82.2577 114.29 19.2331
1221 112.523 44.3994 19.1414
1222 114.303 91.3002 10.5717
1223 108.637 108.399 48.9765
1224 114.131 83.6854 17.4563
1225 81.6247 63.772 20.6263
1226 85.8138 52.9004 31.4922
1227 114.112 86.2577 31.2959
1228 56.1032 69.9368 44.8785
1229 95.9061 55.3379 27.8915
1230 86.8309 113.028 53.9936
1231 70.0691 91.1902 50.4509
1232 108.872 87.7146 66.8504
1233 114.092 48.1419 7.65353
1234 108.153 59.0318 57.3764
1235 108.819 86.7181 65.402
1236 108.54 97.4921 46.9611
1237 10.8046 58.2814 21.812
1238 108.997 96.1389 84.8548
1239 46.3047 70.1941 16.3992
1240 80.0293 112.624 83.8249
1241 108.923 103.351 69.4919
1242 100.763 91.6718 65.7062
1243 111.882 14.5892 19.084
1244 96.0761 113.854 44.7288
1245 109.181 78.8826 82.253
1246 96.2352 112.218 58.4525
1247 111.992 60.4066 96.3349
1248 110.524 110.745 40.6735
1249 108.14 46.2569 64.6642
1250 109.663 81.0276 90.3989
1251 108.842 34.2102 82.4948
1252 36.3113 79.9852 93.1321
1253 109.89 78.29 95.1661
1254 67.2608 79.8622 88.657
1255 65.2284 85.939 123.888
1256 108.351 58.7692 62.3546
1257 108.564 53.3695 80.8112
1258 107.552 114.037 80.2351
1259 110.441 27.7346 77.0452
1260 91.5921 112.172 64.3403
1261 112.001 84.0349 103.1
1262 101.93 92.3261 105.219
1263 97.9674 81.7564 109.996
1264 109.167 71.887 81.1138
1265 111.982 82.0769 101.102
1266 109.11 72.1111 118.892
1267 88.2833 69.6818 123.86
1268 114.21 73.0538 114.592
1269 92.2523 72.1241 124.065
1270 114.161 93.232 116.432
1271 114.289 79.8489 107.006
1272 94.1339 87.1629 124.039
1273 102.392 84.2594 103.606
1274 112.293 94.5182 124.143
1275 78.802 74.4049 115.54
1276 114.372 83.9039 110.074
1277 92.1876 81.9211 124.123
1278 92.246 66.6306 117.673
1279 98.5301 82.9631 112.544
1280 104.889 58.7555 123.715
1281 114.174 99.2576 4.09608
1282 99.9759 113.902 26.3615
1283 110.703 114.791 14.581
1284 114.214 97.8329 13.4929
1285 90.4917 100.138 11.4116
1286 114.144 68.0007 13.0979
1287 109.047 97.3274 70.5542
1288 40.0176 24.6673 37.4705
1289 112.347 102.097 35.3115
1290 80.061 114.285 15.6987
1291 90.0796 55.6488 38.4463
1292 63.8815 84.3589 19.6999
1293 29.9214 99.1882 53.1108
1294 111.19 112.65 37.2427
1295 100.446 111.689 63.3559
1296 85.0618 62.1828 37.5778
1297 73.2466 113.989 42.4538
1298 108.96 108.142 89.1583
1299 108.136 72.8711 54.6655
1300 111.979 114.099 9.284
1301 114.491 108.707 29.507
1302 112.434 94.997 37.3169
1303 106.475 113.926 12.6145
1304 112.409 101.068 39.3098
1305 94.1427 114.199 22.9775
1306 114.388 110.438 105.071
1307 97.3382 113.699 99.7937
1308 110.178 78.8763 48.438
1309 39.1637 113.655 84.9997
1310 107.651 56.2345 52.2936
1311 108.625 75.7458 73.6653
1312 108.305 65.7521 61.8498
1313 103.973 114.553 39.7558
1314 75.3003 114.925 52.8479
1315 108.508 88.2149 63.1643
1316 113.935 74.4073 25.1164
1317 108.114 68.8933 59.0567
1318 111.762 92.0702 101.413
1319 93.436 112.483 63.2041
1320 112.744 93.7512 27.9048
1321 114.338 89.6059 113.871
1322 91.8882 113.256 79.1696
1323 108.841 107.61 71.9161
1324 114.081 80.8704 121.999
1325 85.0625 113.262 103.647
1326 108.747 109.749 47.8552
1327 111.784 56.5618 94.4805
1328 71.8672 39.9309 123.946
1329 85.2091 113.904 111.608
1330 86.921 113.132 65.954
1331 108.728 90.0364 67.6327
1332 37.2729 111.04 97.9565
1333 82.1344 114.178 106.806
1334 100.129 101.47 116.879
1335 90.1697 100.551 108.254
1336 114.062 103.306 121.812
1337 114.395 65.966 107.719
1338 114.56 110.918 104.58
1339 100.894 111.898 112.05
1340 114.207 104.618 113.913
1341 94.1185 99.949 112.521
