0 9.3698 18.867 -0.118501
1 7.78232 -0.0121157 5.46097
2 11.5477 23.6157 15.0222
3 37.4179 0.145379 12.1979
4 27.3486 3.86291 -0.0967674
5 11.2458 13.6824 -0.230826
6 2.83312 5.82264 7.48102
7 14.2736 -0.0985074 14.2553
8 21.637 11.418 -0.0895483
9 -0.883831 14.9749 1.52753
10 20.4792 1.8641 63.9269
11 57.7661 1.7802 31.373
12 6.47938 4.10977 54.725
13 0.268705 0.396241 10.6139
14 35.3517 56.1221 -0.298645
15 6.23062 6.70187 73.7948
16 4.17206 18.5615 88.0958
17 20.579 0.620008 18.3845
18 4.38878 25.853 80.6987
19 -0.584185 11.0694 1.06493
20 22.1644 0.149559 7.86761
21 5.21615 10.4173 28.4639
22 12.2241 36.2893 20.738
23 95.1875 -1.29212 48.3806
24 3.35991 25.8575 26.8976
25 91.7427 0.366695 15.2478
26 51.5899 0.518986 20.0792
27 21.3605 0.737802 28.7719
28 50.0238 2.10056 37.2565
29 6.18428 0.247681 39.4256
30 4.75841 43.0523 92.3761
31 6.50572 21.2911 67.8884
32 35.2243 1.22892 27.4226
33 6.59727 26.7416 67.7638
34 6.85136 48.6196 91.11
35 33.8874 1.14624 77.6207
36 66.4317 1.13837 91.9814
37 67.6149 50.0015 86.1917
38 44.9037 2.24995 67.4884
39 3.8129 10.306 98.3045
40 108.666 7.09563 69.3644
41 7.30645 18.1524 124.923
42 29.9098 0.0228912 104.085
43 44.0537 0.275385 100.533
44 17.6544 0.250806 123.532
45 52.0284 0.381508 107.244
46 5.07615 2.14995 104.813
47 6.11844 3.86685 80.0648
48 45.3932 1.62295 72.7227
49 21.6002 16.7067 116.058
50 35.997 8.57946 124.645
51 16.7852 1.7078 84.2634
52 9.58269 0.271842 110.564
53 30.9639 41.2528 101.484
54 68.5244 0.294851 100.222
55 15.0213 1.41404 99.1128
56 15.8129 -0.173001 112.558
57 6.42832 16.3963 68.1603
58 6.86474 2.35595 101.383
59 8.28885 2.94574 60.8949
60 -0.81294 15.8039 98.9633
61 16.1121 0.0189457 119.68
62 27.4612 15.1386 124.787
63 20.6105 8.5404 124.34
64 1.44934 0.321492 117.396
65 11.2143 8.7334 119.688
66 24.9419 46.8057 15.704
67 25.2723 45.8671 25.0313
68 19.2567 38.6514 6.99552
69 -0.9113 36.7223 2.00544
70 15.2677 31.6721 20.2287
71 -0.875642 46.4847 1.90101
72 25.551 31.1463 -0.209556
73 22.2291 29.6013 -0.221642
74 71.3807 39.8382 23.6947
75 -0.615277 43.3906 6.33172
76 7.2138 8.9452 -0.190716
77 4.54798 40.22 12.9231
78 1.30776 54.1261 21.4161
79 11.032 -3.00431 26.8868
80 6.22345 16.5869 62.3342
81 4.1347 38.9363 36.9805
82 1.2079 66.4384 26.2309
83 4.78778 50.116 68.0288
84 1.62162 50.2288 29.0399
85 8.11961 0.526641 47.954
86 54.8616 2.4814 42.1621
87 4.64024 20.8761 50.0826
88 32.1513 80.9595 51.4749
89 4.95037 6.9425 43.4692
90 2.25119 86.9818 24.4657
91 46.5462 45.0848 35.7135
92 10.3431 -0.480284 67.0049
93 6.22145 7.82278 80.9349
94 64.8963 24.7723 88.7685
95 49.2265 58.8462 63.0621
96 4.56228 26.2383 40.5898
97 45.1247 60.0057 65.2748
98 6.37585 45.1705 57.9557
99 4.592 45.0203 66.4481
100 43.9834 41.9669 57.1832
101 -0.708706 41.1415 8.14698
102 73.951 1.23687 47.1338
103 43.9632 103.058 100.62
104 41.0452 1.66338 60.2529
105 4.66972 43.5379 86.054
106 48.3109 55.2886 62.5877
107 4.5547 34.3615 102.17
108 5.9489 22.8777 76.3039
109 49.6828 30.3549 85.7231
110 4.13963 17.9289 86.1034
111 6.82082 29.8816 62.9494
112 65.4507 25.2706 73.8262
113 -0.12579 49.9272 105.659
114 46.823 57.2528 63.3996
115 -0.543144 21.7762 110.449
116 6.55202 5.45415 64.4205
117 18.6082 54.4906 108.919
118 6.508 45.1941 63.0759
119 37.6449 47.8832 113.805
120 21.9071 1.88179 90.5918
121 4.27164 27.0337 88.7981
122 70.5658 12.0414 74.8913
123 -1.01922 14.2472 119.581
124 26.3331 37.1287 109.168
125 18.1063 38.4148 111.878
126 24.0838 41.1586 117.375
127 22.313 44.6733 116.264
128 11.6639 39.3773 117.772
129 22.7851 46.3571 121.132
130 8.0494 36.1347 124.547
131 16.5734 46.1027 124.733
132 31.7154 17.7914 124.778
133 29.2522 32.622 120.351
134 32.556 61.3319 8.44984
135 10.0452 57.1492 0.166686
136 19.6582 67.5101 17.9789
137 29.2402 61.904 12.8209
138 1.78091 51.3662 18.9001
139 -1.03066 65.7462 13.341
140 51.597 33.3731 53.1002
141 3.7648 99.0492 34.3544
142 11.162 95.3389 0.0264396
143 10.5821 42.3026 -0.244342
144 12.4243 27.8835 43.4026
145 1.51004 58.5078 24.1892
146 13.2567 60.4734 11.0494
147 3.91199 86.0703 39.5475
148 25.2035 31.3181 46.9811
149 40.0139 52.7591 18.2444
150 36.5088 42.0347 60.4071
151 6.19004 62.78 82.8356
152 4.64521 66.8751 71.5561
153 47.197 62.746 63.872
154 73.5622 69.1124 20.6654
155 12.2342 -0.679946 64.169
156 14.9707 42.8458 71.8196
157 1.89812 45.1576 30.8335
158 4.20285 77.1944 54.5327
159 1.1877 78.4623 16.7353
160 4.50381 52.0862 54.0791
161 45.4552 61.3261 63.1424
162 4.06798 37.8813 34.6849
163 45.2357 1.48388 31.0158
164 1.73258 43.6001 26.1438
165 4.94828 40.1102 68.4966
166 6.54766 27.9649 60.3294
167 4.45503 32.9705 78.706
168 6.41613 58.7648 83.4423
169 4.4121 36.9106 76.5616
170 31.2859 34.2189 99.0676
171 48.4795 74.6777 98.5406
172 5.57529 51.4874 82.6502
173 50.608 57.6204 61.898
174 67.2414 70.3208 97.3982
175 8.02283 101.725 98.9094
176 34.7204 103.098 85.3148
177 56.8713 51.5922 100.9
178 30.3187 80.2587 102.061
179 4.31943 63.3758 67.6144
180 42.3919 114.062 114.39
181 6.23497 63.0269 92.7714
182 47.5653 55.5481 64.1334
183 26.701 39.3125 105.673
184 3.04573 36.236 109.073
185 6.10856 73.0768 75.5646
186 -0.768226 50.1536 106.023
187 5.81056 67.406 102.136
188 -0.208573 112.704 120.83
189 12.173 63.0974 124.657
190 4.2578 53.7707 124.737
191 1.11713 67.5904 124.853
192 19.4314 66.2298 116.134
193 19.6684 69.8851 125.015
194 -0.693943 55.0214 113.374
195 7.46786 57.4639 125.023
196 20.4761 48.5826 124.591
197 23.5335 47.1267 117.935
198 28.7077 63.4368 124.862
199 -0.589166 68.7253 8.54576
200 -0.659406 88.7484 8.66152
201 15.1709 78.5851 20.9183
202 22.1599 79.2477 14.2194
203 23.5747 81.0169 6.39386
204 18.0654 84.4007 0.151028
205 10.0102 77.1224 -0.0236078
206 23.8334 78.9049 3.41716
207 2.15905 75.7112 11.7321
208 19.3065 63.3674 -0.510002
209 0.650218 87.2162 21.4567
210 3.67727 57.1812 37.1143
211 12.8273 88.1614 15.1234
212 35.8192 48.1788 17.9941
213 1.09215 78.9453 26.2483
214 7.04902 111.019 64.133
215 4.28181 61.2842 51.6493
216 5.18929 62.6542 43.9451
217 2.91051 35.9823 -0.193717
218 1.75566 94.6833 26.2533
219 4.78063 96.0079 51.2568
220 -0.670207 81.3334 8.7248
221 1.45878 63.6286 28.25
222 68.0442 114.515 55.4049
223 3.86932 92.502 35.1083
224 31.5318 49.1859 20.8739
225 59.9426 110.487 -0.394848
226 3.86287 86.7195 34.9085
227 6.01625 96.3049 71.8048
228 73.1659 81.9443 37.17
229 6.26633 94.2717 91.261
230 27.2964 112.517 51.3912
231 4.4999 63.5207 57.637
232 5.90085 77.8965 98.9051
233 40.3034 69.1651 88.0455
234 6.12208 52.3347 45.8918
235 6.50392 49.3153 93.6107
236 4.3515 71.1117 50.5493
237 4.53251 24.8128 44.5577
238 4.03578 72.8337 42.8078
239 4.1973 73.5905 62.5071
240 4.20846 64.1577 46.4231
241 3.40878 49.1855 103.642
242 39.245 112.484 103.814
243 6.36656 82.623 92.199
244 5.84862 100.655 81.1505
245 4.1156 82.7058 56.295
246 19.3037 112.871 62.3987
247 33.519 0.0581208 12.0936
248 39.8612 86.6334 82.3514
249 6.00495 92.844 74.7264
250 4.43854 47.0541 72.9202
251 4.66119 56.4532 63.6128
252 6.35782 77.188 73.2546
253 6.22543 91.1752 94.2728
254 6.00294 84.0644 77.6923
255 6.19803 100.527 88.1723
256 6.22086 88.4242 84.0978
257 7.55658 111.004 80.7258
258 4.44317 57.4564 65.6322
259 0.414105 77.9696 108.174
260 5.94741 79.2607 62.7465
261 5.77079 102.482 63.459
262 -0.801894 110.728 110.263
263 44.3657 53.3555 93.4995
264 34.8548 23.5014 97.3441
265 1.05436 70.1701 110.296
266 38.1877 88.1034 83.7606
267 0.377338 56.9648 110.711
268 58.6754 111.944 93.4254
269 24.0982 97.2621 93.1187
270 6.13358 88.6332 101.079
271 18.1079 86.5259 116.121
272 20.7929 77.9988 124.834
273 -0.49389 72.5364 122.045
274 4.81099 86.6957 119.732
275 19.6309 74.269 107.93
276 24.9753 72.4125 108.039
277 40.6599 83.1426 124.738
278 26.3003 111.977 -0.0549938
279 29.5816 100.617 -0.312797
280 18.7072 92.0886 0.0322506
281 3.13931 113.719 9.22213
282 19.607 114.742 4.27563
283 1.24147 97.7096 -0.165075
284 39.8468 113.473 0.631865
285 41.2433 107.968 -0.550896
286 3.61778 104.168 32.4831
287 3.63439 102.386 34.9056
288 -0.499078 94.3851 18.0798
289 5.29428 106.921 12.1569
290 -0.73626 105.556 13.5138
291 55.4346 80.8158 -0.218214
292 6.35303 67.2453 0.0423448
293 25.0355 113.005 20.5805
294 58.6194 113.714 69.3368
295 41.7029 113.531 37.9086
296 64.8644 113.893 29.6298
297 3.69818 91.1472 44.519
298 34.3798 113.28 18.3142
299 66.9886 91.4636 47.4438
300 48.8144 68.5049 33.1876
301 1.64271 94.1773 23.6924
302 24.0818 113.821 36.5403
303 5.91396 89.2126 62.2692
304 3.63289 97.2263 46.6811
305 0.703336 100.22 25.2241
306 3.54938 103.895 45.9901
307 74.8146 48.7958 25.847
308 -0.609428 100.151 22.2798
309 29.2754 64.4101 52.7037
310 2.49765 76.2569 30.8646
311 3.94486 113.166 24.8908
312 4.29426 73.8369 64.2813
313 5.71507 108.328 63.8438
314 5.98957 98.6395 54.5165
315 81.5062 114.596 4.20309
316 56.6467 113.916 49.4999
317 4.18888 80.5458 42.7249
318 6.06429 71.3034 83.1879
319 5.79581 104.903 73.7481
320 75.6573 112.405 82.2758
321 21.0943 112.788 97.782
322 11.5155 113.661 67.831
323 81.0124 114.413 49.5279
324 54.3581 114.319 70.3152
325 6.60486 42.1457 50.8853
326 7.82163 105.936 86.1642
327 5.69057 82.1686 101.884
328 6.04854 99.7605 91.096
329 26.9572 97.6827 118.857
330 43.3722 113.659 44.8314
331 7.82439 109.228 124.936
332 6.97489 101.445 114.314
333 6.374 82.7674 97.2207
334 33.7887 113.298 38.8454
335 10.17 114.839 99.2884
336 7.67657 104.013 98.1267
337 31.5601 114.065 111.335
338 26.0601 114.729 123.843
339 31.7428 109.34 124.913
340 -0.511742 102.007 113.224
341 16.7655 105.632 124.524
342 -0.935519 110.741 108.581
343 36.791 13.9565 8.18976
344 26.4898 4.66874 7.09991
345 51.3396 -0.174922 8.90563
346 45.757 16.3189 -0.0246536
347 58.7585 -0.130019 14.2066
348 44.7971 21.5416 1.2056
349 34.5451 12.6846 -0.0590795
350 47.563 20.4901 8.24573
351 40.9247 26.1965 8.10593
352 22.7925 -0.401038 12.2818
353 68.4051 0.141852 11.1068
354 12.0846 -2.07709 25.8726
355 4.56776 14.0077 59.5036
356 74.685 2.19518 38.9004
357 5.75234 100.797 64.3484
358 33.8197 26.0967 11.4298
359 1.80255 41.3848 31.4671
360 5.04616 10.256 43.4792
361 5.08919 8.39768 40.6275
362 34.9582 31.8578 97.0131
363 66.2073 2.54175 44.4902
364 64.1678 2.04741 47.5746
365 24.6868 0.683835 49.7329
366 49.3489 1.57074 48.948
367 4.69666 5.95362 53.0318
368 114.007 4.86642 110.597
369 51.8849 -0.120036 121.243
370 34.1167 2.79136 0.152942
371 69.1878 39.2375 25.0909
372 9.82726 0.945784 70.117
373 30.8429 0.153804 46.2276
374 10.3496 -0.0572622 50.9842
375 48.6755 58.9645 64.8559
376 17.6704 56.0424 108.687
377 34.3851 0.0530252 109.406
378 34.1274 34.9046 97.8174
379 19.3153 42.1411 103.904
380 25.9145 1.84923 65.9834
381 76.3658 0.613325 78.5598
382 32.2973 0.82931 18.6139
383 4.46511 25.2469 84.0331
384 63.0688 0.0829381 81.9395
385 11.8828 0.616078 99.8626
386 52.8646 0.957377 88.7497
387 48.6465 16.3381 124.668
388 8.67555 0.981625 56.2794
389 72.0574 0.153484 89.993
390 50.4268 21.9965 102.061
391 57.1992 1.40818 65.0636
392 67.9776 0.350105 103.439
393 53.3679 12.6563 124.856
394 39.4964 5.24114 124.893
395 39.5459 15.1357 125.041
396 43.0906 14.2817 121.138
397 36.1748 1.33617 124.514
398 37.4835 -0.166302 117.902
399 43.7027 17.5108 107.795
400 55.8186 12.4029 124.721
401 44.5898 8.96779 124.615
402 30.3573 32.4969 -0.0414141
403 33.4582 42.9845 18.2138
404 33.3683 41.5049 -0.597589
405 47.624 35.9082 -0.463579
406 53.5407 41.3441 -0.398785
407 45.7066 35.7005 14.4953
408 23.446 48.5554 6.8406
409 45.4729 30.463 11.7418
410 31.3539 28.7326 -0.256933
411 51.5045 39.0435 -0.366897
412 32.1992 44.4584 3.52404
413 37.4649 45.6125 7.81874
414 27.48 -0.0664162 42.8043
415 15.2546 13.7884 -0.200545
416 63.0245 1.61388 36.4858
417 6.37619 64.3734 90.2512
418 103.588 0.00148692 20.3211
419 32.4322 1.40054 26.0795
420 4.19372 57.6292 51.0112
421 99.1049 0.651701 16.5141
422 101.255 6.41385 124.151
423 48.0896 8.20317 54.5075
424 62.7501 25.5191 60.4224
425 78.7902 42.2471 23.5046
426 64.6367 27.0374 65.3886
427 72.032 34.6747 79.7307
428 73.3494 0.0750444 68.5078
429 47.4149 34.3096 55.3777
430 42.4948 81.7999 21.2854
431 5.58688 1.41377 29.3525
432 4.46354 40.6742 73.9816
433 64.9554 0.956534 20.6808
434 23.7869 0.920362 60.564
435 85.1891 0.0539507 12.5449
436 46.0276 59.6863 63.1807
437 25.6095 1.96194 77.9283
438 40.8592 76.6909 103.377
439 4.23923 55.7949 58.0005
440 63.6536 24.307 67.8046
441 15.4399 0.0388234 41.9216
442 12.9483 -0.259657 50.4999
443 61.5945 64.1316 86.2905
444 5.2166 13.2733 40.3258
445 6.43359 39.0923 57.6956
446 3.72097 48.9691 36.4852
447 87.4927 21.1296 42.0429
448 53.6396 0.277967 91.9554
449 64.9699 0.94995 54.2051
450 67.985 45.1383 15.6894
451 34.9426 1.20674 57.0135
452 40.8396 70.3787 108.12
453 78.8551 84.8246 89.1115
454 4.56597 45.6097 75.281
455 71.7917 0.514087 66.7138
456 37.4879 40.5021 61.297
457 59.5131 71.1939 65.5847
458 37.9144 42.0425 59.2439
459 64.4512 53.9502 64.9613
460 82.4834 46.4241 98.9292
461 18.3519 20.9201 104.538
462 90.5865 41.4142 99.0674
463 58.5986 53.1709 86.7409
464 58.409 0.363575 78.5095
465 5.88168 71.4494 99.6311
466 65.5936 24.6811 76.1765
467 41.5402 28.1075 86.1278
468 76.6789 62.2915 91.8534
469 50.5434 48.0951 103.662
470 24.1057 43.7963 117.567
471 39.2179 46.8086 102.072
472 51.6272 38.8797 115.733
473 40.8798 39.9244 120.004
474 31.667 27.6163 125.03
475 40.6185 28.7091 124.566
476 50.3356 49.78 109.545
477 53.6874 46.4641 115.466
478 56.6405 28.4985 124.463
479 43.242 44.9638 111.178
480 33.9106 55.0998 0.0336452
481 46.1203 51.8514 14.1136
482 54.4849 69.7161 0.125301
483 41.4792 58.1268 21.8205
484 -0.930106 8.86203 6.66401
485 4.33061 82.1038 35.1839
486 42.6401 78.4542 40.643
487 69.7072 2.12953 38.3285
488 58.0641 44.7231 16.3635
489 24.0156 33.5154 17.6986
490 44.2204 65.2995 29.7345
491 62.6767 69.241 99.9725
492 29.6785 50.5154 14.5564
493 65.9142 88.8231 30.9783
494 41.0323 45.5317 12.9825
495 29.7979 65.3808 50.3731
496 60.2431 19.8051 70.2008
497 50.7317 33.4157 51.2602
498 4.06554 81.4059 37.7004
499 37.879 90.5544 39.289
500 60.3157 106.562 64.0129
501 47.4223 56.0356 59.4113
502 96.7904 -0.312327 28.7729
503 55.4557 20.5138 95.1958
504 49.4342 57.488 60.3743
505 109.803 68.7069 41.8745
506 48.3729 96.223 70.136
507 6.02646 102.507 80.6644
508 59.3091 33.1169 77.0371
509 48.2248 62.8851 65.3
510 28.3857 47.3498 55.8626
511 5.90162 66.234 87.8074
512 68.7843 45.7255 100.734
513 36.8362 74.8747 105.826
514 5.75054 75.634 104.579
515 62.6563 77.2368 94.6471
516 4.77623 44.7868 95.4947
517 68.9403 81.062 91.7637
518 45.4666 47.5635 19.688
519 4.73881 28.1056 50.0305
520 7.27474 109.191 101.738
521 44.2779 54.5281 95.8442
522 80.6685 44.9476 59.2109
523 62.7025 25.8137 67.2634
524 26.5675 42.7297 108.763
525 66.2746 92.0472 125.815
526 77.2657 37.166 88.7945
527 52.5301 91.44 102.848
528 36.4496 79.4052 90.4521
529 53.0553 70.6385 105.518
530 45.6616 102.112 124.833
531 31.5457 62.4135 125.162
532 35.7366 67.0592 114.965
533 49.0619 65.7999 124.682
534 27.0071 53.1336 104.9
535 45.6123 60.9323 112.675
536 56.5175 49.5251 119.951
537 41.4816 88.1446 -0.110412
538 45.6864 83.3002 -0.27265
539 37.8937 71.8674 19.2868
540 49.9483 56.1212 16.9794
541 54.9089 87.2872 9.13043
542 25.0285 79.7675 12.8006
543 27.3757 73.144 -0.539911
544 57.646 70.7072 25.487
545 36.7442 79.2066 44.8614
546 55.4839 57.9336 63.7387
547 58.134 114.022 5.08119
548 28.1608 65.9159 52.1043
549 78.5399 113.97 12.1062
550 38.6893 68.6379 27.6704
551 87.8321 114.089 26.3853
552 35.1918 113.198 84.785
553 68.4711 59.711 59.2617
554 39.2358 66.0734 29.8824
555 89.2872 44.6615 51.7782
556 33.2751 71.7033 57.6721
557 38.4201 74.5283 48.9082
558 33.3601 57.6182 19.7103
559 0.94617 77.4175 21.4788
560 82.938 58.5245 77.4666
561 33.152 53.8609 27.3477
562 40.4468 83.4148 22.7044
563 110.199 108.836 45.2414
564 1.28781 43.3266 17.6789
565 59.7005 50.1544 69.0812
566 38.272 113.82 81.7179
567 36.4664 59.4666 96.0073
568 59.9056 19.0658 68.37
569 0.765109 83.2352 25.2494
570 61.666 53.5699 62.5776
571 34.0032 55.0052 99.3091
572 56.2482 42.3929 38.6606
573 78.7196 79.818 81.6541
574 15.5271 54.8986 99.4063
575 54.8592 68.2739 28.5504
576 61.5666 49.5339 107.281
577 26.6613 112.555 96.0502
578 36.0276 65.3216 29.893
579 6.43505 75.2362 70.1719
580 69.2179 112.534 75.2382
581 77.2535 91.418 29.7809
582 64.7679 70.9187 42.4105
583 36.3644 74.7538 49.2791
584 22.0939 75.5763 71.9609
585 104.635 76.4259 31.8875
586 13.7408 102.372 36.3657
587 108.801 36.3512 48.4018
588 32.2154 113.206 50.0207
589 21.4756 113.783 83.9471
590 70.8068 79.1933 90.9988
591 19.0562 59.6025 104.583
592 63.5436 55.3163 64.1427
593 82.2333 112.003 92.5336
594 4.19855 72.1674 52.847
595 5.84747 76.4139 99.6816
596 62.6854 65.3683 85.4867
597 35.8921 74.3117 117.887
598 33.7256 112.501 99.9839
599 20.3462 114.09 95.6527
600 58.7031 71.8112 99.6485
601 50.719 89.5163 102.627
602 46.1922 62.7333 65.5781
603 47.9413 101.127 111.676
604 65.2274 78.3338 100.695
605 11.1232 115.787 96.2964
606 5.22978 109.085 47.6786
607 69.9302 35.0237 78.3685
608 80.2795 47.1965 97.7694
609 34.0592 75.6564 120.385
610 42.2415 94.685 111.48
611 56.2278 80.5168 117.312
612 45.3918 93.8986 111.063
613 42.3922 74.7863 118.6
614 42.2429 77.7468 118.798
615 64.8079 78.0666 124.857
616 35.474 102.84 -0.145708
617 36.3012 113.537 0.712212
618 54.8385 114.759 2.03774
619 30.3456 91.7619 14.1293
620 51.2613 114.004 5.24053
621 42.5669 102.162 -0.013205
622 59.4228 103.732 20.5839
623 44.5375 114.364 10.4855
624 43.9315 95.4042 22.0015
625 30.397 114.687 2.12313
626 41.1386 99.8308 11.0049
627 43.781 113.242 27.3814
628 53.7214 70.7051 25.6595
629 69.7781 97.9571 -0.535616
630 0.795459 114.615 12.0736
631 70.3593 59.3018 24.0627
632 27.2608 85.6892 -0.358055
633 49.2545 114.542 18.9375
634 20.9933 113.223 36.054
635 36.2822 67.9911 29.4807
636 39.3669 114.064 12.4859
637 51.5086 114.09 12.5804
638 70.3517 114.363 41.2987
639 96.2468 114.284 29.6322
640 48.885 113.73 66.2772
641 13.5069 64.388 26.6891
642 66.3481 113.414 68.1939
643 74.4242 113.923 44.8739
644 93.869 112.186 55.1947
645 8.73681 114.276 112.618
646 56.1792 112.405 91.1153
647 96.2671 113.727 23.3245
648 48.5934 112.848 102.858
649 47.7092 113.606 64.6685
650 38.1203 113.454 56.5224
651 58.2647 113.259 72.6294
652 25.8364 113.161 69.4184
653 9.54792 113.005 57.3794
654 32.9793 112.609 69.4842
655 8.03839 106.592 125.042
656 108.17 110.948 74.5769
657 59.0729 114.098 123.147
658 3.80024 63.5638 35.0852
659 65.3544 112.622 80.631
660 37.3212 74.718 47.3197
661 45.5109 112.899 57.5553
662 3.38418 106.772 107.689
663 29.2964 114.342 118.101
664 61.9007 112.402 99.7119
665 17.6861 94.3689 107.286
666 47.9291 113.828 60.4127
667 66.8862 72.1531 98.0368
668 64.6528 81.8133 82.6699
669 13.9367 114.283 114.365
670 7.19911 107.908 68.9068
671 24.9089 95.8836 96.6978
672 41.9485 46.8908 99.9891
673 13.7844 113.517 102.196
674 70.7689 60.1979 102.591
675 9.8127 114.846 95.8561
676 100.276 92.1528 125.017
677 72.0832 111.71 92.3965
678 50.8308 113.901 33.1237
679 6.08881 86.6816 99.4169
680 33.6103 87.194 125.102
681 48.8189 95.8161 110.519
682 40.7269 104.788 121.9
683 43.6292 87.0249 125.079
684 48.1954 114.558 121.395
685 24.9854 105.619 124.388
686 20.7281 114.208 119.381
687 41.8671 109.573 124.85
688 64.0822 101.052 112.179
689 57.7548 96.8419 124.65
690 50.7642 113.999 115.964
691 68.8077 0.0541085 4.15075
692 70.6687 15.1777 0.101972
693 83.6841 16.0348 11.281
694 83.8887 25.4736 7.73081
695 61.806 13.7778 -0.259326
696 55.8326 22.5523 22.5413
697 76.2231 1.30323 33.1912
698 108.351 4.04362 28.0056
699 62.2538 21.5437 11.7857
700 65.6257 2.3287 38.8723
701 72.6956 63.4682 76.8651
702 109.686 12.4375 23.0856
703 78.3586 2.27415 37.0928
704 63.5854 -0.140718 5.61147
705 109.557 27.5009 35.1753
706 58.3723 2.41221 39.0998
707 93.9867 0.496605 29.4422
708 76.8342 71.3809 83.5689
709 108.662 57.3311 65.4296
710 48.8626 17.1752 58.8029
711 6.63201 2.06733 50.147
712 60.8387 0.580793 18.434
713 18.7819 1.12944 60.5368
714 103.488 0.274784 37.6152
715 4.83965 13.7802 45.8819
716 45.115 19.8933 28.6785
717 56.3033 2.91704 54.4333
718 109.438 17.776 30.3855
719 70.5919 2.07798 43.9571
720 25.0493 0.83096 95.6773
721 75.9221 0.053975 12.3539
722 57.2876 2.84853 46.0669
723 42.7981 1.72461 43.8671
724 43.9097 42.3133 124.921
725 85.8732 0.279499 34.0637
726 59.998 0.561444 85.466
727 66.7786 0.822027 53.9355
728 24.3505 41.3803 106.446
729 99.1496 -2.22015 34.7106
730 60.4399 0.668393 73.467
731 110.494 6.06088 92.0374
732 95.0876 0.618937 97.6104
733 74.4855 0.123032 116.578
734 89.3641 0.208431 114.611
735 87.7856 20.0857 125.247
736 84.5792 29.9528 119.909
737 59.3125 22.6712 111.528
738 67.3193 -0.0600475 111.109
739 90.1907 17.4812 100.036
740 67.052 27.5405 125.722
741 61.6167 12.7555 124.911
742 70.0739 10.6133 113.676
743 87.1715 18.0038 111.323
744 56.9261 1.42181 124.63
745 80.6218 6.2327 124.599
746 63.9231 -0.0674631 107.426
747 63.8439 14.9845 124.91
748 75.784 26.4587 -0.54642
749 73.8555 43.5279 -0.343082
750 96.1842 43.4351 -0.828117
751 81.929 32.4154 15.8629
752 71.6903 31.2008 -0.501885
753 61.7648 23.8591 -0.442384
754 58.9601 0.645729 22.2997
755 49.6868 2.26054 44.6213
756 49.3047 18.4352 30.9762
757 66.2945 5.40046 0.0941108
758 92.5843 42.8949 50.587
759 63.6854 62.386 44.6108
760 52.3346 4.62194 40.4107
761 59.4807 1.95539 34.9567
762 86.8041 19.9142 41.0411
763 114.083 61.4655 103.411
764 82.9418 32.6113 68.1718
765 72.0862 37.5874 50.8044
766 46.2895 2.32312 37.2136
767 57.0246 108.784 78.4304
768 40.0466 28.5458 53.9926
769 70.9468 45.482 16.631
770 89.4744 15.913 35.2153
771 110.878 53.6313 39.1477
772 66.7052 25.942 75.4296
773 109.795 26.7987 90.6498
774 113.471 77.541 105.688
775 49.3376 19.0628 59.626
776 75.6456 0.355402 83.4793
777 44.5036 52.9459 98.3564
778 23.3336 1.34119 80.628
779 109.056 37.7 57.8174
780 38.3109 0.886804 22.3156
781 44.624 46.3362 100.763
782 67.6964 53.8677 71.3027
783 109.038 52.8712 73.1224
784 63.2549 50.1477 103.448
785 85.6572 1.25433 70.775
786 31.4309 5.0261 124.674
787 107.087 9.74408 58.7309
788 114.437 36.0076 110.203
789 43.8507 95.5762 54.5137
790 67.9914 18.6315 73.169
791 108.895 54.2949 77.3101
792 68.296 73.2307 60.2367
793 69.7578 33.591 80.3044
794 62.5712 63.79 84.5102
795 45.1611 31.1361 85.9967
796 62.1182 36.7963 121.507
797 98.4792 1.83461 94.3664
798 58.9398 0.0582866 123.651
799 44.4942 48.9729 100.694
800 87.4914 30.9821 104.718
801 64.4768 70.2933 77.4734
802 44.2245 1.87641 63.2874
803 87.9055 71.3751 81.7852
804 53.4487 35.0334 124.752
805 72.4948 31.2792 124.647
806 49.0514 30.2536 100.948
807 71.879 29.346 111.63
808 57.0464 33.5833 110.383
809 80.2663 32.2809 125.015
810 78.9719 44.9059 -0.109276
811 67.704 53.5346 -0.435062
812 75.7525 53.6394 -0.487501
813 61.3063 56.8035 22.6604
814 59.874 59.9277 12.2994
815 69.1684 52.6282 5.63762
816 72.0797 63.7826 17.2061
817 90.5077 65.5178 18.5459
818 71.3216 57.6231 7.56962
819 77.7672 60.2114 7.65071
820 83.3051 46.8121 13.7242
821 63.5601 53.9234 13.5204
822 81.6534 17.498 32.9014
823 20.6419 112.565 59.3837
824 39.6521 76.9788 41.4146
825 13.1352 112.989 21.2126
826 50.2579 69.2568 28.8106
827 54.3307 45.7405 21.7141
828 80.7249 59.9409 78.1925
829 62.5551 52.488 64.1831
830 97.8213 90.0114 91.4655
831 90.7856 43.1873 50.9083
832 50.3712 57.2816 63.8066
833 68.019 43.4065 18.0128
834 46.3095 55.4165 77.8471
835 82.7134 59.0246 24.1645
836 113.393 64.2539 27.0155
837 94.5516 74.4483 97.0669
838 93.7954 82.2472 53.4177
839 60.8158 53.8881 64.8509
840 54.5584 59.4295 63.3255
841 50.0965 55.8299 61.6544
842 109.837 74.5125 45.8463
843 61.5049 114.5 55.2859
844 38.9141 26.0204 94.8596
845 45.4769 22.9813 28.1212
846 36.4571 73.1837 48.3093
847 63.8298 68.7551 51.4588
848 106.534 78.9406 65.6364
849 68.5587 53.5532 69.3762
850 71.075 34.3078 81.1208
851 81.743 58.3787 78.845
852 28.6028 114.368 112.577
853 74.4114 72.9923 76.6934
854 49.8899 18.6299 57.7546
855 48.6894 89.0983 85.273
856 108.616 90.0201 88.2942
857 57.0203 23.3658 91.3022
858 79.292 64.5304 95.0118
859 82.8378 87.2307 103.685
860 7.82704 103.109 91.1456
861 78.5596 63.8762 92.4878
862 108.645 63.2911 69.2386
863 68.3266 44.9454 114.766
864 39.6336 42.147 62.3165
865 87.9471 47.9312 109.833
866 64.5653 24.4062 66.1093
867 66.6132 65.1648 104.512
868 89.3324 63.1389 115.196
869 91.1856 55.18 111.389
870 84.9533 45.8306 124.615
871 68.6669 65.6097 124.555
872 73.9907 59.7435 124.778
873 89.886 65.1604 110.292
874 92.1567 59.7828 124.945
875 84.1298 54.6729 124.95
876 84.2951 82.8798 7.79909
877 67.9684 72.0102 8.61828
878 91.0792 84.4448 -0.00138289
879 64.3622 91.3774 15.614
880 65.9352 90.6113 -0.267985
881 68.1776 80.709 -0.626815
882 62.0025 84.9857 11.6144
883 69.6732 71.0917 10.3825
884 65.9975 73.6021 -0.36199
885 66.9399 95.8111 11.7143
886 98.0475 99.0937 69.1808
887 65.664 69.4709 8.80039
888 89.2322 65.6998 8.07138
889 1.46562 46.6392 19.6315
890 111.195 62.3371 36.1195
891 68.3635 93.8206 8.64398
892 26.4727 42.3081 21.5396
893 78.7927 61.4687 48.0855
894 6.63292 70.823 41.8718
895 67.619 70.4503 21.687
896 111.997 91.0503 35.1149
897 51.5381 68.9549 24.1618
898 66.9013 63.7175 28.6707
899 66.242 75.6221 60.3408
900 91.2562 35.0543 91.8278
901 85.3058 113.703 82.8644
902 58.622 51.6026 68.3456
903 51.4872 113.741 44.9788
904 70.2326 88.3822 50.2121
905 81.8908 59.8636 76.8467
906 30.2776 113.552 80.8697
907 94.3521 75.6749 94.8197
908 6.17276 77.7496 81.8505
909 52.2007 114.414 55.1253
910 55.3287 59.3662 61.6418
911 73.2806 59.6867 103.353
912 48.3305 54.478 59.9552
913 86.9097 44.8818 101.254
914 38.4646 43.3799 61.5402
915 95.9803 63.6076 75.0712
916 86.7595 89.5544 102.085
917 78.797 43.6489 58.0769
918 70.534 111.979 86.97
919 68.5878 90.5664 100.816
920 95.4139 114.1 96.5296
921 76.5659 113.813 59.7846
922 95.2848 82.5424 93.7043
923 97.8269 91.0286 89.3745
924 32.7302 77.6909 107.867
925 50.9107 44.5545 99.8621
926 51.0539 73.7314 104.188
927 91.1993 32.1899 86.3397
928 65.3144 82.1159 114.945
929 81.1756 70.8273 124.71
930 59.9873 81.9814 124.919
931 72.0751 76.8352 124.818
932 88.9484 73.3138 124.836
933 77.8097 72.342 124.882
934 71.9068 79.8443 124.978
935 61.5042 89.421 124.746
936 66.045 78.3541 105.409
937 60.3978 88.5885 110.763
938 86.9008 97.0359 7.3787
939 59.8845 97.4558 11.1108
940 51.7175 98.4495 9.8116
941 75.9494 90.5465 -0.176132
942 66.6699 39.8127 23.7716
943 73.9352 113.786 22.9234
944 69.3173 113.356 64.3925
945 57.7219 100.467 17.3044
946 20.7809 112.889 27.6363
947 65.7609 113.456 34.6808
948 64.0395 103.373 10.3144
949 72.1943 113.805 9.03489
950 21.904 63.4562 36.5427
951 53.425 113.279 27.7699
952 73.4311 114.926 3.82341
953 97.1066 113.865 15.832
954 90.624 46.3834 53.0097
955 81.3838 57.2835 103.121
956 71.7814 56.4177 17.1193
957 97.9597 111.804 71.695
958 30.7762 70.0201 32.1702
959 108.393 78.9089 75.9828
960 81.6859 112.813 63.8187
961 67.2007 55.3111 69.0793
962 108.227 102.364 71.0057
963 52.8333 110.583 -1.06187
964 22.077 73.8244 71.1869
965 102.598 113.222 49.601
966 83.8438 114.366 25.9185
967 100.157 114.205 33.5314
968 86.6034 112.932 101.141
969 112.031 89.7137 37.3485
970 78.975 81.0069 69.5285
971 25.6351 114.203 87.5279
972 33.8453 113.027 24.6099
973 65.0458 112.602 75.6049
974 44.5058 112.538 85.7007
975 60.5917 112.064 80.4859
976 73.5051 114.154 29.5617
977 93.4692 114.393 38.0112
978 69.4087 80.2232 90.1251
979 84.5241 113.251 80.7394
980 108.388 98.2501 92.1102
981 91.1715 112.964 101.302
982 42.3402 114.163 121.313
983 39.9669 113.743 59.6326
984 58.8004 50.2035 66.7306
985 83.2076 114.18 51.5691
986 99.8603 113.993 121.849
987 63.7432 48.4134 100.52
988 45.9648 114.127 121.438
989 23.6424 91.7952 94.6244
990 54.5132 112.681 94.5855
991 34.3037 113.205 74.6141
992 82.2466 104.155 76.3834
993 26.1406 113.618 108.839
994 70.6964 80.934 92.1531
995 109.874 112.286 102.242
996 114.175 111.695 19.7547
997 45.7779 113.797 80.4101
998 69.0715 100.391 124.452
999 60.8834 113.975 119.591
1000 81.7926 104.464 124.752
1001 62.0903 102.016 124.973
1002 105.074 81.0359 124.727
1003 68.5161 95.6395 124.719
1004 80.1762 114.117 111.195
1005 57.7422 106.91 110.429
1006 92.0738 99.4813 113.98
1007 60.5594 100.625 124.581
1008 114.087 21.1117 6.11458
1009 102.056 15.2699 8.40809
1010 94.8338 24.1103 4.59313
1011 105.562 13.5749 8.01292
1012 93.2992 0.924307 0.673829
1013 97.9611 7.58676 12.3315
1014 78.3267 18.7148 18.5322
1015 109.577 1.16322 18.2139
1016 109.377 12.0385 28.222
1017 89.0693 1.58825 72.3062
1018 93.0401 10.0189 10.5842
1019 103.821 -0.0815914 48.1641
1020 66.5492 1.08561 24.3249
1021 86.4544 15.3762 14.4255
1022 108.092 21.5232 39.4529
1023 106.896 5.81682 46.6372
1024 79.0091 1.31449 51.5668
1025 107.068 41.6905 65.4822
1026 29.8242 -0.0671708 14.4587
1027 95.7798 26.3359 -0.612596
1028 112.204 -0.141905 5.04912
1029 65.4087 0.531215 80.4524
1030 107.039 10.3074 50.7159
1031 110.689 4.18973 95.8124
1032 102.465 0.583956 56.9674
1033 114.104 23.0685 12.5595
1034 108.764 43.4953 47.5899
1035 42.3011 1.58731 30.0164
1036 80.862 43.8195 57.9446
1037 85.1365 40.2234 27.0365
1038 107.187 17.6074 48.4655
1039 109.148 40.7269 85.9799
1040 109.165 26.7606 60.9192
1041 108.904 6.10911 72.187
1042 108.614 33.415 53.3357
1043 81.3109 0.159332 105.952
1044 104.153 1.99589 93.3939
1045 68.4121 2.06006 46.2261
1046 110.253 0.370026 110.446
1047 51.8014 1.59234 62.4552
1048 114.457 59.1967 112.461
1049 32.1473 0.0806483 93.6866
1050 112.701 43.6446 124.517
1051 110.869 5.23556 82.303
1052 109.663 31.369 93.8687
1053 109.027 35.8346 71.7104
1054 108.245 2.17523 69.326
1055 112.483 17.9329 124.779
1056 110.596 24.4656 81.9835
1057 114.554 23.0754 120.489
1058 114.212 10.3968 114.613
1059 53.4923 1.11517 77.1517
1060 17.1863 0.155916 107.241
1061 98.7107 0.875903 81.7954
1062 109.221 1.47565 88.31
1063 65.0804 0.169055 105.977
1064 57.8564 0.648572 80.3606
1065 105.784 0.855097 124.334
1066 90.723 -0.0191075 123.411
1067 105.995 7.82448 124.596
1068 112.351 5.31673 124.557
1069 108.251 0.0791501 120.647
1070 90.7693 44.7705 -0.0936665
1071 93.3352 44.1425 8.57213
1072 96.9087 24.8046 3.47899
1073 101.749 39.4648 17.2766
1074 99.155 45.068 -0.233623
1075 99.5399 36.0212 -0.238735
1076 113.404 60.516 27.8363
1077 104.563 42.4954 12.4833
1078 112.972 53.6327 25.0271
1079 95.9211 39.5866 12.4733
1080 80.7198 64.2186 47.1383
1081 108.764 24.5329 56.148
1082 81.422 33.9029 25.4579
1083 71.2502 36.8708 -0.228925
1084 107.624 61.1122 52.64
1085 91.4988 34.0079 33.149
1086 64.5944 114.375 66.8315
1087 109.329 22.5025 36.7198
1088 106.807 18.4332 50.5706
1089 107.134 11.5439 43.3931
1090 72.8441 65.0889 22.7444
1091 69.0078 35.2629 79.8117
1092 56.5793 66.832 59.4879
1093 110.779 50.3318 38.3722
1094 53.0854 47.742 42.0334
1095 109.72 35.4193 42.4071
1096 84.6191 85.4797 41.3241
1097 58.4124 46.8907 68.2974
1098 107.185 39.9058 72.4944
1099 108.624 42.517 52.2108
1100 91.0132 31.6272 89.2939
1101 105.401 1.06008 58.047
1102 108.989 27.7953 65.0387
1103 108.822 14.435 74.0602
1104 49.1054 0.893493 70.3699
1105 90.583 56.2745 55.7602
1106 88.9424 27.8932 88.8221
1107 85.416 21.4862 42.2861
1108 59.7099 5.58287 125.018
1109 98.8073 -2.11294 46.2895
1110 106.882 12.4509 55.3195
1111 114.263 47.4474 106.108
1112 111.161 36.8078 97.088
1113 107.109 25.3323 44.9296
1114 52.5813 47.3504 105.564
1115 109.401 32.1847 90.445
1116 113.989 54.6129 99.1743
1117 72.9373 34.1619 81.6241
1118 114.188 22.8028 107.603
1119 111.692 29.8595 99.616
1120 107.579 53.8992 59.97
1121 91.5165 52.4963 94.697
1122 108.265 96.4784 68.6395
1123 114.205 69.1333 112.547
1124 111.724 24.4695 97.201
1125 110.927 23.7223 83.4891
1126 80.6469 40.0276 105.573
1127 90.6628 36.6707 113.907
1128 88.945 30.4758 87.1573
1129 108.99 31.4511 124.703
1130 108.272 27.7589 124.642
1131 99.7298 47.4674 125.267
1132 102.053 40.9223 112.879
1133 114.237 36.0082 117.02
1134 112.108 32.4459 124.976
1135 100.92 35.9329 115.256
1136 93.7415 38.552 108.53
1137 96.3995 59.7897 19.4502
1138 101.843 42.9523 11.1329
1139 103.031 47.0608 -0.210449
1140 106.054 56.4846 12.9201
1141 107.714 24.8486 51.5369
1142 113.757 67.8407 15.098
1143 60.2245 63.9779 84.7749
1144 114.252 40.8703 14.6158
1145 109.524 33.1008 36.3598
1146 113.153 56.5181 32.2043
1147 114.062 19.858 15.4133
1148 93.9972 113.269 45.8023
1149 94.2132 73.771 13.4707
1150 70.8688 72.7093 68.1568
1151 102.207 113.898 16.1072
1152 4.65893 52.6265 79.6939
1153 113.495 68.1437 24.9561
1154 108.239 64.3688 57.7226
1155 92.8061 44.6692 51.3413
1156 40.2116 42.2106 60.3914
1157 112.527 41.8629 19.9172
1158 112.913 47.3956 25.9382
1159 60.8695 106.086 62.2055
1160 107.63 55.4201 55.6072
1161 107.214 62.3733 48.1979
1162 96.4762 63.2129 55.9255
1163 92.0553 43.2558 52.4916
1164 58.1651 57.588 43.368
1165 109.062 32.9122 64.7708
1166 114.112 92.6318 22.2042
1167 106.404 74.5578 63.0528
1168 34.8625 26.8603 97.0315
1169 114.152 54.0025 103.825
1170 107.494 43.5226 57.8216
1171 107.41 44.7261 70.8178
1172 109.239 52.6747 46.3989
1173 78.7245 45.2578 58.9197
1174 109.027 53.4528 81.9185
1175 109.048 43.0063 75.4959
1176 114.184 100.425 110.249
1177 108.777 58.5676 74.8409
1178 106.666 71.2256 70.8791
1179 89.7218 114.182 88.0328
1180 61.5077 65.5223 84.1768
1181 109.351 56.3892 44.0057
1182 109.006 11.1992 71.6795
1183 111.896 76.0805 101.032
1184 56.4338 57.7641 62.1938
1185 112.553 85.9663 107.815
1186 66.1853 50.5069 102.124
1187 111.973 70.7954 104.401
1188 109.095 79.8167 93.5072
1189 71.4811 32.7042 80.0848
1190 109.972 21.6588 94.1172
1191 114.175 39.3968 112.518
1192 89.9683 32.9271 85.3979
1193 106.084 115.856 94.7468
1194 109.294 36.5815 36.58
1195 107.21 65.233 81.0017
1196 106.804 114.349 116.056
1197 67.0905 65.4119 101.908
1198 106.738 58.3421 105.03
1199 79.4956 86.2733 81.3002
1200 86.6237 54.1318 114.068
1201 86.0681 64.8411 125.02
1202 96.3506 41.8007 105.299
1203 107.706 59.9542 125.416
1204 96.0252 78.5637 108.683
1205 96.2355 57.393 124.736
1206 110.188 64.9449 124.684
1207 94.27 87.7366 -0.320314
1208 87.6765 67.8298 -0.267024
1209 102.23 86.2981 12.9626
1210 114.19 86.8753 19.7573
1211 83.3663 97.1034 9.14481
1212 114.134 78.7313 8.51926
1213 90.18 78.1751 -0.238201
1214 83.9056 70.0315 7.48458
1215 102.08 78.7183 9.69766
1216 106.338 87.7113 -0.129478
1217 112.841 112.936 13.7681
1218 114.08 84.3099 12.8389
1219 66.3888 114.793 60.2713
1220 81.9608 113.877 16.2545
1221 113.169 57.4739 21.1021
1222 114.349 91.0776 10.3334
1223 106.46 109.526 51.8712
1224 114.178 83.6948 17.2459
1225 80.2513 66.5726 22.8281
1226 64.6424 52.8984 30.1472
1227 113.981 86.3725 31.6306
1228 57.9048 75.8756 59.7513
1229 101.348 41.0339 29.518
1230 89.631 112.417 68.2698
1231 51.8269 92.7955 55.0169
1232 108.28 87.2463 61.371
1233 113.536 73.1532 22.7168
1234 107.278 46.4536 52.376
1235 106.247 83.0892 58.5499
1236 110.507 97.0359 44.4053
1237 5.84976 51.6799 31.2397
1238 108.448 96.541 85.3528
1239 50.2586 84.0521 21.2153
1240 84.1711 112.224 95.7471
1241 108.11 106.886 65.2245
1242 99.4723 93.8109 68.4418
1243 110.62 7.42528 19.0915
1244 96.3947 113.633 52.6197
1245 108.668 75.8882 79.0685
1246 94.3224 111.818 62.9705
1247 110.31 69.3424 94.8631
1248 110.311 110.616 41.2227
1249 108.532 54.6658 65.5274
1250 108.848 84.5069 85.746
1251 108.699 27.5285 81.6665
1252 28.4501 80.8222 100.808
1253 109.593 74.8981 95.4733
1254 60.9105 78.3062 83.5095
1255 84.8934 78.0548 124.795
1256 107.679 57.0079 54.7651
1257 107.155 53.8922 85.263
1258 104.441 114.587 83.1261
1259 109.153 33.9415 74.3925
1260 97.7051 111.422 60.1822
1261 112.845 95.0508 109.677
1262 108.554 95.9742 97.0892
1263 99.5281 86.7946 107.019
1264 108.817 71.8576 81.6192
1265 112.689 79.6145 105.206
1266 109.11 72.1111 119.775
1267 88.2833 69.6818 124.743
1268 114.21 73.0538 115.474
1269 92.2523 72.1241 124.948
1270 114.161 93.232 117.315
1271 114.289 79.8489 107.888
1272 94.1339 87.1629 124.921
1273 102.392 84.2594 104.489
1274 112.293 94.5182 125.026
1275 78.802 74.4049 116.423
1276 114.372 83.9039 110.957
1277 92.1876 81.9211 125.005
1278 92.246 66.6306 118.555
1279 98.5301 82.9631 113.427
1280 104.889 58.7555 124.597
1281 114.174 99.2576 4.09608
1282 99.9759 113.902 26.3615
1283 110.703 114.791 14.581
1284 114.214 97.8329 13.4929
1285 90.4917 100.138 11.4116
1286 111.42 61.9984 0.0760112
1287 108.709 99.6869 60.6201
1288 41.749 25.1153 38.0615
1289 114.493 104.654 32.18
1290 93.5852 113.972 17.1237
1291 111.342 46.4094 35.3611
1292 51.5242 78.5935 17.1338
1293 45.3558 113.717 41.2224
1294 113.526 114.098 31.6601
1295 92.3784 112.211 67.0951
1296 79.6755 45.7474 28.8682
1297 62.5581 113.517 38.9018
1298 105.029 114.91 80.0055
1299 108.06 67.8121 56.8232
1300 114.293 105.157 27.3016
1301 114.257 99.3656 26.8739
1302 112.104 92.9164 37.8702
1303 106.456 114.028 12.7263
1304 112.272 100.67 39.5339
1305 86.9471 114.429 34.1507
1306 115.125 111.206 105.263
1307 93.6391 114.126 89.7467
1308 109.968 77.9752 48.1764
1309 41.5845 112.436 86.2317
1310 106.893 47.096 58.0932
1311 108.578 76.2659 74.0569
1312 108.187 62.8972 56.9128
1313 104.059 114.344 39.9962
1314 77.8304 114.628 51.981
1315 108.185 93.0789 63.4995
1316 113.584 74.0678 29.7741
1317 108.407 68.4436 63.9421
1318 112.294 91.064 108.999
1319 80.4983 113.385 80.7299
1320 112.517 91.856 30.339
1321 114.283 89.8367 114.978
1322 108.449 109.726 72.2118
1323 108.418 100.498 63.2072
1324 114.052 67.5451 107.732
1325 98.6736 113.948 96.3631
1326 108.594 109.064 48.3062
1327 111.569 56.8119 94.9797
1328 72.8848 40.8389 124.808
1329 85.1314 114.095 112.572
1330 79.6523 113.203 60.9074
1331 108.282 91.1314 68.8535
1332 16.5885 113.829 110.336
1333 82.1344 114.178 107.688
1334 100.129 101.47 117.762
1335 90.1697 100.551 109.136
1336 114.062 103.306 122.694
1337 114.395 65.966 108.601
1338 114.56 110.918 105.462
1339 100.894 111.898 112.932
1340 114.207 104.618 114.796
1341 94.1185 99.949 113.403
