0 9.3698 18.867 -0.118501
1 7.78232 -0.0121157 5.46097
2 11.5477 23.6157 15.0222
3 37.4179 0.145379 12.1979
4 27.3486 3.86291 -0.0967674
5 11.2458 13.6824 -0.230826
6 2.83312 5.82264 7.48102
7 14.2736 -0.0985074 14.2553
8 21.637 11.418 -0.0895483
9 -0.883831 14.9749 1.52753
10 17.5598 2.52237 80.7975
11 55.8779 2.33359 31.5146
12 4.37285 9.81999 59.9314
13 0.373784 0.34526 10.6923
14 71.6761 73.763 -0.483182
15 4.37212 15.1046 90.6068
16 3.90446 10.6329 87.4402
17 12.8276 0.652016 15.7628
18 4.37962 34.9567 77.3824
19 0.798064 35.0319 15.9168
20 27.0095 -0.206174 8.91201
21 6.00092 16.496 28.5576
22 12.6078 38.0649 20.8999
23 99.6147 1.57104 68.5104
24 4.3193 25.6669 28.8321
25 89.3747 1.62401 31.3042
26 49.9352 2.6886 35.0075
27 9.6648 -1.54137 30.7144
28 42.2526 2.17753 31.8558
29 7.39031 2.40003 47.3348
30 6.4943 28.5866 73.5923
31 6.52211 21.3128 61.9449
32 20.4696 -0.547013 9.04244
33 4.72917 35.4473 85.1005
34 4.7257 39.798 84.1871
35 35.1763 2.35893 70.8668
36 86.1179 -0.0377618 112.347
37 69.672 48.1036 103.499
38 65.9685 0.957431 71.2826
39 3.69172 4.4769 95.8049
40 108.543 7.06523 69.5418
41 -0.805546 7.12353 113.937
42 28.6166 0.403731 94.9878
43 41.2338 0.267974 87.9794
44 18.5902 0.234738 125.044
45 54.3945 0.0878074 111.302
46 3.54144 12.8496 105.787
47 6.33049 20.1878 76.5553
48 55.275 -0.108583 103.582
49 21.4675 16.3383 117.694
50 16.5914 3.3964 125.936
51 19.2929 1.68013 75.2661
52 0.970218 3.29436 111.361
53 24.048 43.3661 102.513
54 62.7799 0.177877 105.554
55 16.0892 2.50448 99.324
56 14.2095 0.766679 105.242
57 6.16123 10.4849 72.126
58 27.8246 1.85244 88.7825
59 4.03903 9.04255 90.0683
60 -0.81294 15.8039 100.461
61 16.1121 0.0189457 121.178
62 27.4612 15.1386 126.284
63 20.6105 8.5404 125.837
64 1.44934 0.321492 118.893
65 11.2143 8.7334 121.186
66 24.9419 46.8057 15.704
67 25.2723 45.8671 25.0313
68 19.2567 38.6514 6.99552
69 -0.9113 36.7223 2.00544
70 15.2677 31.6721 20.2287
71 -0.875642 46.4847 1.90101
72 25.551 31.1463 -0.209556
73 22.2291 29.6013 -0.221642
74 70.6369 39.477 24.5172
75 -0.674338 48.2045 6.09039
76 -0.498332 2.63644 5.66757
77 2.03954 44.487 21.6218
78 1.97698 54.2937 28.5289
79 7.81111 0.73984 38.7789
80 4.31136 18.3994 58.0986
81 4.40159 31.8313 42.9484
82 -0.942635 50.8981 3.51856
83 5.89807 46.6715 61.958
84 1.9405 50.3021 29.1992
85 6.16079 5.00423 51.5239
86 38.5143 1.23722 45.8921
87 4.39611 17.5406 54.3302
88 33.6885 87.9743 42.6065
89 5.9304 9.29192 44.4607
90 3.81766 94.0839 33.2712
91 36.0882 45.3864 26.9389
92 6.23767 4.74357 80.054
93 5.97369 15.5606 82.6251
94 71.5975 23.1397 96.3306
95 46.561 57.2546 63.9983
96 3.70923 66.6185 36.1916
97 45.5888 60.2446 65.9092
98 4.62244 51.7746 64.4627
99 4.60175 45.3563 67.289
100 40.2556 53.6091 33.0802
101 -0.836299 41.9039 10.54
102 71.2537 1.83088 51.8361
103 42.1545 104.402 102.572
104 32.7642 1.22294 53.5537
105 4.93127 40.7535 88.9985
106 49.3469 57.0401 65.7679
107 4.9712 34.5267 103.497
108 6.35921 27.1266 63.7159
109 69.3167 21.4472 94.8328
110 6.35786 10.1312 76.7311
111 4.39736 31.4219 75.4659
112 65.4003 25.8926 75.2263
113 -1.41099 50.2841 107.551
114 47.8758 54.0881 62.243
115 1.49371 27.1708 109.306
116 6.28592 9.67699 67.9351
117 17.7513 55.9704 110.268
118 6.36646 41.9575 61.3547
119 37.4373 47.7107 115.374
120 24.2727 1.75877 85.0677
121 5.76911 5.19666 87.4472
122 68.0569 17.4823 75.0148
123 4.36626 16.3982 125.987
124 23.4608 44.4781 108.801
125 18.1063 38.4148 113.375
126 24.0838 41.1586 118.873
127 22.313 44.6733 117.761
128 11.6639 39.3773 119.27
129 22.7851 46.3571 122.629
130 8.0494 36.1347 126.044
131 16.5734 46.1027 126.231
132 31.7154 17.7914 126.275
133 29.2522 32.622 121.848
134 32.556 61.3319 8.44984
135 10.0452 57.1492 0.166686
136 19.6582 67.5101 17.9789
137 29.2402 61.904 12.8209
138 1.78091 51.3662 18.9001
139 -1.03066 65.7462 13.341
140 52.2505 34.6317 53.6052
141 1.75249 108.586 26.5392
142 5.40361 113.55 23.5819
143 -0.665153 41.8728 3.35007
144 6.25224 40.1325 53.4448
145 1.16458 63.6777 25.2395
146 13.1875 60.3521 11.0851
147 4.23751 90.7735 52.0034
148 28.1577 47.9418 56.5276
149 39.8348 47.3673 23.306
150 36.5562 42.2111 61.2107
151 6.53067 82.1917 87.7233
152 6.57665 76.5461 83.8185
153 47.4631 61.8503 66.9637
154 75.5931 69.4728 19.7991
155 10.3242 0.129096 68.5611
156 4.49497 51.3668 81.3686
157 1.79763 52.4816 23.7389
158 4.18471 71.2597 51.5323
159 -0.755251 81.501 8.76416
160 5.22277 49.2995 59.6294
161 44.4033 61.4057 64.8601
162 4.42994 15.6415 34.754
163 26.1879 1.03475 42.2253
164 2.08698 45.8446 26.3939
165 6.46562 32.2435 69.1453
166 6.48679 33.1667 61.3245
167 4.79384 31.7445 96.5478
168 4.24151 53.6139 69.1052
169 4.67664 33.1072 99.3113
170 24.9591 37.5976 107.564
171 52.6697 73.6882 102.099
172 4.53465 43.618 76.4579
173 49.8854 56.0615 61.5719
174 67.0631 70.6906 98.6725
175 7.93908 100.133 102.279
176 35.9937 102.627 84.2879
177 56.4746 52.1602 104.463
178 30.8484 79.6512 103.238
179 4.23798 59.5826 73.1561
180 43.6161 111.856 88.1791
181 6.35716 66.5378 86.0018
182 50.4147 58.7725 65.617
183 27.1677 36.2217 106.801
184 0.898051 37.669 111.798
185 6.50571 68.4003 76.8412
186 -0.768226 50.1536 107.521
187 7.99573 62.3374 107.036
188 -0.70535 108.847 120.232
189 12.173 63.0974 126.154
190 4.2578 53.7707 126.234
191 1.11713 67.5904 126.351
192 19.4314 66.2298 117.632
193 19.6684 69.8851 126.512
194 -0.693943 55.0214 114.872
195 7.46786 57.4639 126.52
196 20.4761 48.5826 126.088
197 23.5335 47.1267 119.433
198 28.7077 63.4368 126.36
199 -0.589166 68.7253 8.54576
200 -0.659406 88.7484 8.66152
201 15.1709 78.5851 20.9183
202 22.1599 79.2477 14.2194
203 23.5747 81.0169 6.39386
204 18.0654 84.4007 0.151028
205 10.0102 77.1224 -0.0236078
206 23.8334 78.9049 3.41716
207 2.15905 75.7112 11.7321
208 19.3065 63.3674 -0.510002
209 -0.881918 109.666 11.1879
210 2.96437 57.9741 31.1942
211 11.0118 88.6522 13.573
212 20.6133 46.3698 45.252
213 3.88586 79.254 34.4857
214 5.78437 109.451 54.935
215 4.41537 77.9242 55.6627
216 5.13023 63.073 44.5427
217 36.05 21.2518 -0.83251
218 3.03899 87.2576 26.4736
219 3.92066 102.732 46.7583
220 -0.833658 93.7842 17.3755
221 1.60636 64.0991 26.6369
222 61.6586 114.116 67.3764
223 3.92618 95.2192 42.5033
224 34.1929 39.0052 25.5111
225 61.8722 110.549 -0.377408
226 2.74051 89.6723 23.8674
227 6.48489 91.3377 77.9049
228 84.7488 85.7744 44.5542
229 7.53104 108.998 102.827
230 24.3596 112.877 65.3532
231 4.30016 55.1417 51.8413
232 6.46965 73.4157 76.6098
233 50.5762 52.666 96.0796
234 6.63418 40.9292 56.0102
235 4.63493 43.0169 81.4244
236 4.24285 61.7594 47.1711
237 4.5274 21.7696 31.7664
238 4.13504 79.4431 46.4561
239 6.74935 79.0295 68.6094
240 4.19991 70.3541 49.0933
241 3.90375 54.1623 107.014
242 57.9142 112.86 82.0917
243 6.45368 67.5838 88.584
244 4.25076 81.5514 58.4211
245 4.23083 84.6379 55.1087
246 19.7266 112.192 55.2813
247 27.24 0.749809 20.0399
248 40.2067 87.9961 84.37
249 6.22285 92.0427 63.1675
250 5.34118 56.4766 83.0691
251 4.43082 20.0722 49.0937
252 6.56086 86.7807 73.3664
253 6.31713 99.6078 79.4766
254 6.29833 82.2316 85.8665
255 11.8681 114.725 87.3474
256 6.39377 86.0813 83.3379
257 9.32352 112.316 71.6222
258 4.41297 48.5793 69.3688
259 6.29128 69.2376 96.1758
260 6.07922 75.1907 66.3179
261 6.50193 100.483 64.7617
262 -0.867884 110.381 111.546
263 27.282 80.0971 93.2555
264 35.1859 27.0486 98.1473
265 16.1645 66.5633 126.628
266 38.7286 86.8509 83.3066
267 -0.76775 47.9148 116.502
268 61.1391 114.377 114.277
269 25.3737 97.7561 95.3844
270 6.4705 87.2592 104.888
271 18.1079 86.5259 117.618
272 20.7929 77.9988 126.331
273 -0.49389 72.5364 123.543
274 4.81099 86.6957 121.23
275 19.6309 74.269 109.427
276 24.9753 72.4125 109.537
277 40.6599 83.1426 126.236
278 26.3003 111.977 -0.0549938
279 29.5816 100.617 -0.312797
280 18.7072 92.0886 0.0322506
281 3.13931 113.719 9.22213
282 19.607 114.742 4.27563
283 1.24147 97.7096 -0.165075
284 45.4537 113.754 0.589514
285 11.0234 95.1564 -0.0124421
286 4.09601 105.343 42.2078
287 7.33575 112.268 50.5235
288 -0.965623 92.2385 17.9454
289 5.40052 106.856 12.1278
290 -0.560396 89.7207 18.312
291 59.0358 77.1691 0.0851253
292 6.27578 66.9909 -0.101506
293 29.0066 114.013 15.6116
294 34.3981 111.314 93.2427
295 25.0161 113.08 36.25
296 61.8833 113.671 26.5395
297 3.93516 77.0324 42.5627
298 36.01 113.413 29.5762
299 53.2765 83.404 56.9436
300 59.7646 80.0198 44.2289
301 -0.296667 97.686 20.7633
302 19.808 112.142 47.9885
303 6.0251 85.6623 60.951
304 6.06212 93.2642 58.695
305 -0.752897 99.771 13.0909
306 3.87778 105.245 37.0961
307 77.3639 44.1469 23.0056
308 4.04543 100.002 34.9603
309 28.8316 66.0166 53.2919
310 4.27483 89.1791 40.2013
311 -0.512661 74.0973 3.76534
312 4.42322 76.6342 60.2609
313 6.23941 104.969 76.3074
314 4.35704 93.1678 49.7627
315 52.4683 114.123 10.0636
316 76.5127 114.114 55.5071
317 4.10288 84.0861 34.9081
318 6.31126 74.4118 74.2768
319 6.62799 73.5465 71.712
320 67.8115 113.37 68.5834
321 7.96471 111.371 103.533
322 9.40454 111.495 69.6537
323 82.5555 112.757 67.777
324 64.0069 112.256 87.5717
325 6.48348 41.5599 49.1009
326 6.44427 102.006 86.333
327 8.1985 107.905 96.493
328 7.41411 102.716 93.1578
329 27.134 97.2395 120.019
330 72.2813 113.85 36.8866
331 1.45639 113.677 124.495
332 6.83903 101.448 115.768
333 6.64274 89.951 94.5692
334 30.6374 113.182 39.7545
335 -0.853711 96.4578 121.183
336 3.30677 105.325 110.723
337 29.5724 113.576 108.868
338 26.0601 114.729 125.34
339 31.7428 109.34 126.41
340 -0.511742 102.007 114.722
341 16.7655 105.632 126.022
342 -0.935519 110.741 110.078
343 36.791 13.9565 8.18976
344 26.4898 4.66874 7.09991
345 51.3396 -0.174922 8.90563
346 45.757 16.3189 -0.0246536
347 58.7585 -0.130019 14.2066
348 44.7971 21.5416 1.2056
349 34.5451 12.6846 -0.0590795
350 47.563 20.4901 8.24573
351 40.9247 26.1965 8.10593
352 23.2346 0.0678391 9.0393
353 63.8681 1.17275 0.748495
354 6.1335 2.75504 32.246
355 4.50724 14.6488 61.1034
356 77.9927 1.74485 28.1191
357 6.34725 95.3702 70.2426
358 33.8384 26.1589 11.4097
359 2.43179 40.4981 31.3285
360 4.48327 28.8753 46.3463
361 5.46752 7.90068 19.2945
362 34.5596 47.261 101.111
363 62.1866 2.77095 52.1393
364 57.7307 3.03984 52.3428
365 16.7391 1.33937 54.8166
366 47.4821 1.8739 51.8441
367 5.2832 5.61929 57.6446
368 114.151 9.61202 113.542
369 73.7841 5.48011 126.258
370 29.2031 4.03482 -0.592989
371 68.7987 38.9876 25.182
372 8.17528 1.3625 74.5626
373 32.9163 1.38309 26.0401
374 7.89561 1.31388 45.912
375 47.7466 55.8079 60.1381
376 19.2904 54.4788 108.908
377 15.4601 0.231058 108.411
378 37.4186 43.8097 106.738
379 27.4414 44.0089 109.677
380 32.7368 0.822973 47.9439
381 69.8488 0.481599 94.1608
382 21.3253 0.687391 15.245
383 4.66085 42.6977 84.6859
384 55.374 0.664229 67.6513
385 11.8201 1.89343 88.673
386 63.8838 1.20846 93.6278
387 48.6812 16.4497 126.115
388 7.27082 1.26239 56.6145
389 71.7187 0.560892 91.3307
390 50.4268 21.9965 103.558
391 89.9265 1.3172 65.5798
392 65.3666 0.212542 122.247
393 53.3679 12.6563 126.353
394 39.4964 5.24114 126.391
395 39.5459 15.1357 126.538
396 43.0906 14.2817 122.636
397 36.1748 1.33617 126.011
398 37.4835 -0.166302 119.399
399 43.7027 17.5108 109.293
400 55.8186 12.4029 126.218
401 44.5898 8.96779 126.112
402 30.3573 32.4969 -0.0414141
403 33.4582 42.9845 18.2138
404 33.3683 41.5049 -0.597589
405 47.624 35.9082 -0.463579
406 53.5407 41.3441 -0.398785
407 45.7066 35.7005 14.4953
408 23.446 48.5554 6.8406
409 45.4729 30.463 11.7418
410 31.3539 28.7326 -0.256933
411 51.5045 39.0435 -0.366897
412 32.1992 44.4584 3.52404
413 37.4649 45.6125 7.81874
414 23.9167 0.559682 39.2548
415 14.5371 10.5076 0.171354
416 45.5421 1.74768 27.4761
417 5.74453 74.9603 105.073
418 102.459 -0.00255086 14.2028
419 45.1258 1.17495 53.1079
420 4.21028 62.4656 54.8351
421 83.0402 1.97537 29.951
422 78.9036 0.0994891 111.013
423 41.2539 2.29585 67.5621
424 62.6616 24.4537 67.1551
425 79.09 41.1903 21.6376
426 74.8058 22.0261 54.8866
427 69.8427 35.4616 79.848
428 66.1706 1.38343 66.9635
429 46.2348 35.6211 55.408
430 36.3369 75.1917 20.2736
431 5.97725 4.96115 36.7385
432 4.74936 41.1485 74.6432
433 63.6076 0.636745 15.6802
434 18.7755 1.51006 70.1021
435 78.7315 0.0892321 14.2325
436 46.5358 59.9092 64.1992
437 6.46442 4.26104 58.3747
438 40.5403 77.1724 104.193
439 4.44826 54.4658 61.3776
440 62.8562 26.2267 68.4517
441 20.9567 -0.0193708 34.3343
442 16.2214 -0.593818 28.8292
443 52.4721 69.1759 96.8649
444 4.39636 16.6794 47.2554
445 4.32872 39.4483 42.3923
446 2.02447 46.4183 33.3618
447 84.3828 19.7848 42.5069
448 48.8023 0.775484 83.4835
449 78.7696 1.98601 53.1426
450 71.1546 46.4784 19.1886
451 7.58184 1.76957 41.5564
452 41.7458 70.7555 109.926
453 71.7341 75.4636 99.6334
454 4.5579 38.8882 70.2073
455 61.1128 0.650661 81.321
456 36.7602 40.6616 60.4355
457 58.9702 66.1678 54.4415
458 39.5916 43.6197 60.7867
459 62.6108 55.6555 66.522
460 84.6294 45.6881 101.461
461 18.0544 22.7648 110.038
462 88.5624 42.129 98.9447
463 66.8674 50.8146 103.527
464 56.2488 1.36351 81.7355
465 8.01866 60.7293 102.183
466 65.8856 24.9443 77.7694
467 59.3714 50.13 69.8913
468 77.0039 63.6228 94.2349
469 52.4145 50.2901 104.304
470 24.1057 43.7963 119.064
471 39.2179 46.8086 103.569
472 51.6272 38.8797 117.23
473 40.8798 39.9244 121.502
474 31.667 27.6163 126.527
475 40.6185 28.7091 126.063
476 50.3356 49.78 111.043
477 53.6874 46.4641 116.963
478 56.6405 28.4985 125.961
479 43.242 44.9638 112.675
480 33.9106 55.0998 0.0336452
481 46.1203 51.8514 14.1136
482 54.4849 69.7161 0.125301
483 41.4792 58.1268 21.8205
484 9.03076 0.393318 15.4685
485 4.10476 93.9469 45.0423
486 34.8001 76.5408 29.4486
487 65.6939 1.82169 50.1712
488 51.9892 62.0388 27.8231
489 15.5614 29.5386 19.5809
490 43.5561 52.9506 45.7693
491 65.0099 68.5923 101.906
492 29.6439 50.5355 14.4901
493 64.8643 80.5223 25.3706
494 40.8706 45.7154 12.9913
495 28.2051 64.4091 52.0128
496 58.9566 18.4383 69.7024
497 51.4915 34.3065 51.4898
498 3.99521 82.7331 38.3151
499 36.0388 83.6105 39.3633
500 61.2715 106.388 62.8751
501 48.9482 57.8421 61.3841
502 108.252 0.288511 15.519
503 55.2363 20.761 96.5452
504 52.2828 57.1165 64.2576
505 108.817 70.365 40.1395
506 63.7171 85.3699 75.4354
507 6.46999 90.075 82.2469
508 57.4926 53.2834 85.8167
509 47.169 63.1018 64.5958
510 27.6323 47.7802 58.1616
511 6.40532 76.5471 95.9787
512 70.8044 45.512 105.376
513 36.3874 73.3553 106.769
514 6.54016 89.4099 102.691
515 60.8651 78.7252 97.2594
516 4.60596 44.7765 72.0513
517 71.2128 79.3055 92.164
518 41.5022 45.0417 25.5506
519 6.4808 35.3827 58.9796
520 6.31441 101.301 91.1444
521 40.4833 47.9781 99.8306
522 78.7689 45.296 59.9859
523 63.7604 26.0011 66.6534
524 25.8961 42.8587 110.922
525 64.4521 114.215 114.113
526 63.1979 66.6241 105.531
527 49.9313 91.4009 103.184
528 37.2594 76.0807 104.435
529 54.788 65.9457 108.078
530 36.4492 105.194 126.108
531 31.5457 62.4135 126.659
532 35.7366 67.0592 116.462
533 49.0619 65.7999 126.179
534 27.0071 53.1336 106.397
535 45.6123 60.9323 114.172
536 56.5175 49.5251 121.448
537 41.4816 88.1446 -0.110412
538 45.6864 83.3002 -0.27265
539 37.8937 71.8674 19.2868
540 49.9483 56.1212 16.9794
541 54.9089 87.2872 9.13043
542 25.0285 79.7675 12.8006
543 27.3757 73.144 -0.539911
544 54.5209 69.1322 23.7439
545 32.1857 69.2276 27.4256
546 46.4328 54.5999 60.7348
547 69.9009 95.4606 -0.310125
548 30.2509 64.7514 51.5463
549 72.8128 113.849 24.5483
550 37.1197 74.8846 28.553
551 96.5129 113.933 23.1988
552 37.9622 113.261 65.2671
553 64.6811 55.5185 66.2876
554 48.9443 74.042 33.4877
555 91.4273 43.4992 53.0488
556 30.5171 68.5206 49.6084
557 38.2548 75.0316 49.5366
558 13.5498 60.9506 17.2266
559 0.479647 78.085 15.4778
560 80.6205 58.6167 78.4251
561 41.3825 31.2645 52.6151
562 41.1517 83.3431 23.1199
563 110.076 108.973 45.7275
564 2.06727 38.7394 20.2221
565 60.7624 50.3559 68.578
566 41.4267 112.851 83.7091
567 40.5674 80.9959 101.914
568 59.4349 18.4967 71.8597
569 1.54578 83.0729 25.4283
570 60.6428 53.9794 65.3333
571 28.5233 57.4809 97.0806
572 32.0933 50.9166 29.9177
573 71.4798 69.008 61.2946
574 16.8478 56.8829 90.1855
575 56.1849 69.6952 27.3306
576 69.0701 50.2928 104.484
577 29.5137 113.298 93.9295
578 55.7088 58.8994 49.7121
579 6.45019 86.6196 78.4805
580 70.7915 113.15 80.0782
581 73.1335 87.0099 27.3291
582 67.4649 79.9565 50.9172
583 36.0333 73.49 48.8683
584 24.2168 75.7747 73.6851
585 100.128 64.3241 25.44
586 14.2152 103.071 35.9397
587 108.503 30.9315 48.9471
588 27.4667 111.953 48.1553
589 15.0571 114.234 89.8361
590 70.946 87.5802 99.0665
591 18.722 58.9498 108.184
592 63.5369 54.1238 67.0225
593 83.8259 112.599 100.816
594 4.33432 55.601 63.6944
595 5.47632 76.0022 106.322
596 60.5856 63.7965 86.0433
597 35.7914 74.3137 119.591
598 31.1348 112.882 102.544
599 19.6943 113.493 97.8417
600 61.2426 70.6894 102.257
601 50.719 89.5163 104.124
602 48.5296 62.9581 66.0009
603 60.6056 112.57 91.5305
604 70.2807 81.0494 92.1166
605 9.69889 113.905 101.378
606 7.45405 110.616 46.0274
607 70.6163 33.7262 80.0289
608 74.4516 50.091 103.146
609 34.0592 75.6564 121.882
610 42.2415 94.685 112.978
611 56.2278 80.5168 118.809
612 45.3918 93.8986 112.561
613 42.3922 74.7863 120.097
614 42.2429 77.7468 120.295
615 64.8079 78.0666 126.355
616 35.474 102.84 -0.145708
617 36.3012 113.537 0.712212
618 54.8385 114.759 2.03774
619 30.3456 91.7619 14.1293
620 51.2613 114.004 5.24053
621 42.5669 102.162 -0.013205
622 59.4228 103.732 20.5839
623 44.5375 114.364 10.4855
624 43.9315 95.4042 22.0015
625 30.397 114.687 2.12313
626 41.1386 99.8308 11.0049
627 53.781 114.253 56.1428
628 50.2327 69.5329 23.8552
629 61.9002 83.5181 -0.411889
630 0.991903 114.741 11.8928
631 70.3334 58.6531 29.0341
632 27.0632 85.716 -0.182351
633 56.7752 113.269 36.1782
634 13.7419 112.272 43.5849
635 34.4438 70.0716 26.2176
636 40.7432 114.441 10.4288
637 47.3053 115.358 2.87774
638 83.8864 113.465 57.5371
639 114.342 100.514 10.7664
640 68.7466 114.169 61.9494
641 5.35285 66.821 39.6184
642 76.6628 112.073 80.94
643 74.1371 114.196 40.1982
644 106.33 109.307 52.4339
645 8.49373 114.243 114.041
646 61.2538 111.904 86.063
647 94.2288 114.4 40.4946
648 57.9649 113.903 112.71
649 53.7423 113.395 41.8453
650 46.2668 114.249 63.0747
651 58.8832 113.964 65.2443
652 43.9467 113.3 77.7592
653 5.73798 109.147 56.5798
654 15.6979 112.448 66.4324
655 3.0404 114.916 112.826
656 108.697 97.0438 60.9745
657 61.6198 111.615 126.347
658 3.50626 52.6989 34.1324
659 76.6506 113.626 60.1573
660 37.2942 73.2749 50.4858
661 58.7383 114.395 58.98
662 -0.605691 102.737 119.161
663 29.5784 114.318 119.997
664 70.4781 111.576 89.693
665 22.8545 93.2082 110.398
666 45.3716 113.327 41.3677
667 65.0748 72.2455 99.6318
668 69.0374 71.5854 96.8983
669 19.4662 113.468 109.125
670 5.78098 110.081 62.1235
671 25.7132 96.2631 97.7034
672 44.2714 47.6941 99.7146
673 10.963 112.81 107.672
674 67.092 67.8284 103.36
675 7.57301 104.503 83.9843
676 101.907 97.0641 126.355
677 80.7002 113.089 81.8326
678 36.6664 113.072 42.9838
679 2.9401 79.3045 108.585
680 33.6103 87.194 126.599
681 48.8189 95.8161 112.017
682 40.7269 104.788 123.397
683 43.6292 87.0249 126.576
684 48.1954 114.558 122.892
685 24.9854 105.619 125.885
686 20.7281 114.208 120.878
687 41.8671 109.573 126.347
688 64.0822 101.052 113.676
689 57.7548 96.8419 126.148
690 50.7642 113.999 117.462
691 68.8077 0.0541085 4.15075
692 70.6687 15.1777 0.101972
693 83.6841 16.0348 11.281
694 83.8887 25.4736 7.73081
695 61.806 13.7778 -0.259326
696 55.8326 22.5523 22.5413
697 76.7968 2.51689 33.4987
698 106.283 8.10477 44.9181
699 62.2538 21.5437 11.7857
700 78.1881 2.40255 34.7218
701 85.1612 67.6382 87.1155
702 108.321 11.5625 23.5491
703 70.4223 3.17147 38.6225
704 65.8859 0.0674241 8.95593
705 108.656 23.6775 38.0884
706 82.0076 1.19495 23.7277
707 97.3622 -1.049 31.6201
708 85.2446 71.4274 79.8877
709 107.158 51.7748 67.6335
710 49.4021 18.9322 58.889
711 9.30227 -0.816179 33.5685
712 40.6788 0.320693 18.4762
713 9.58782 0.0169931 62.4095
714 106.765 7.34749 37.4103
715 6.54136 31.3716 54.3771
716 48.1981 19.6579 25.5864
717 62.7544 2.29413 53.6649
718 108.487 20.2979 31.0477
719 67.7893 2.09722 53.6591
720 42.218 -0.286833 102.006
721 57.541 1.43795 23.7164
722 59.1663 3.2726 49.2021
723 41.3696 1.06603 53.0732
724 43.7552 42.2864 126.449
725 91.4954 0.134273 37.2317
726 43.6847 0.33327 91.5289
727 51.3904 3.47058 44.5906
728 25.1848 37.1765 109.412
729 102.535 -0.706684 35.9584
730 36.4395 0.86218 83.0937
731 84.6186 0.935364 82.5673
732 112.572 0.214338 122.514
733 74.4855 0.123032 118.075
734 89.3641 0.208431 116.108
735 87.7856 20.0857 126.744
736 84.5792 29.9528 121.406
737 59.3125 22.6712 113.025
738 67.3193 -0.0600475 112.606
739 90.1907 17.4812 101.533
740 67.052 27.5405 127.219
741 61.6167 12.7555 126.408
742 70.0739 10.6133 115.173
743 87.1715 18.0038 112.82
744 56.9261 1.42181 126.127
745 80.6218 6.2327 126.096
746 63.9231 -0.0674631 108.924
747 63.8439 14.9845 126.407
748 75.784 26.4587 -0.54642
749 73.8555 43.5279 -0.343082
750 96.1842 43.4351 -0.828117
751 81.929 32.4154 15.8629
752 71.6903 31.2008 -0.501885
753 61.7648 23.8591 -0.442384
754 63.1341 1.26553 22.6329
755 54.5124 2.54551 47.7552
756 44.1408 19.6224 25.6718
757 89.864 -1.49108 3.70523
758 91.5846 44.8197 50.6706
759 70.3105 64.1554 43.8671
760 53.1198 3.24751 40.6145
761 66.7213 2.77542 44.043
762 85.5644 21.2734 41.4574
763 114.178 57.527 107.419
764 103.041 25.5432 76.3031
765 78.4141 43.738 58.9892
766 60.9527 0.405563 18.3574
767 74.8371 111.077 87.4623
768 31.6125 10.7147 60.668
769 66.9089 41.421 21.5609
770 86.3407 21.7243 43.0736
771 110.582 51.2677 38.9615
772 66.424 24.1335 76.0813
773 109.551 21.5967 90.1326
774 112.022 68.4957 106.099
775 48.7028 17.4088 59.4407
776 63.6665 0.670772 85.2971
777 44.1372 62.127 96.6701
778 29.5222 1.28016 78.638
779 108.544 27.6417 52.4613
780 35.6486 1.47469 23.9512
781 46.4297 48.4079 103.238
782 66.7227 53.6062 70.5114
783 108.684 57.7964 75.8996
784 66.4863 48.1508 105.259
785 87.8447 1.00828 63.042
786 33.2811 5.25284 126.244
787 106.504 11.3183 59.1868
788 114.279 36.1014 110.348
789 34.4013 84.4167 66.2427
790 68.4061 19.3274 75.9108
791 108.844 55.1726 80.7177
792 63.3373 71.7054 56.2634
793 69.8431 33.8773 81.8206
794 73.0377 70.4446 94.4384
795 35.4454 32.5673 88.3249
796 62.069 36.8293 123.028
797 95.3251 1.06365 99.0777
798 41.9209 0.230339 112.383
799 44.1347 50.4596 99.4236
800 87.4914 30.9821 106.215
801 69.5487 83.4829 69.031
802 27.2643 2.6212 71.2627
803 106.397 76.34 62.0968
804 53.4487 35.0334 126.249
805 72.4948 31.2792 126.144
806 49.0514 30.2536 102.445
807 71.879 29.346 113.128
808 57.0464 33.5833 111.88
809 80.2663 32.2809 126.512
810 78.9719 44.9059 -0.109276
811 67.704 53.5346 -0.435062
812 75.7525 53.6394 -0.487501
813 61.3063 56.8035 22.6604
814 59.874 59.9277 12.2994
815 69.1684 52.6282 5.63762
816 72.0797 63.7826 17.2061
817 90.5077 65.5178 18.5459
818 71.3216 57.6231 7.56962
819 77.7672 60.2114 7.65071
820 83.3051 46.8121 13.7242
821 63.5071 53.9201 13.9153
822 78.1087 17.7836 27.3428
823 26.7751 112.547 56.5196
824 40.4584 76.5887 27.7601
825 7.82147 112.937 34.7128
826 35.2965 70.8694 27.755
827 50.7062 44.9433 24.1229
828 81.7246 60.079 77.8414
829 61.2749 53.4622 63.8313
830 97.5831 90.032 92.9807
831 92.43 43.0544 51.3104
832 48.3381 58.7116 65.3295
833 70.4683 45.6291 16.9121
834 22.5134 38.2877 76.2217
835 74.5369 64.0971 24.0378
836 112.736 61.0734 25.5428
837 93.3164 74.6707 96.9211
838 103.114 97.5677 49.9285
839 62.1065 52.2698 64.664
840 55.8888 56.6676 62.2292
841 49.8102 58.7225 63.8888
842 110.738 74.5043 36.0344
843 76.3447 114.286 36.4197
844 38.9206 23.5889 96.2415
845 42.3208 20.2618 23.9361
846 37.2218 74.9612 48.1025
847 55.6129 58.0519 64.5641
848 108.525 80.1874 72.8869
849 66.8274 55.0947 71.8835
850 68.876 35.17 81.3389
851 90.6931 51.5205 82.6577
852 31.356 114.409 115.714
853 64.3936 80.5927 73.2274
854 49.4114 17.6924 61.2804
855 44.547 79.8828 99.7995
856 108.647 88.8853 91.7844
857 59.0649 22.8128 93.7496
858 78.8639 62.266 93.7487
859 82.7506 87.9282 105.899
860 8.24509 107.703 89.7986
861 77.0035 62.2334 92.9622
862 106.423 73.6847 69.2201
863 68.3162 44.9363 116.289
864 38.5731 40.7865 60.6157
865 87.9471 47.9312 111.33
866 63.6124 24.3726 68.8498
867 66.6132 65.1648 106.009
868 89.3324 63.1389 116.694
869 91.1856 55.18 112.886
870 84.9533 45.8306 126.113
871 68.6669 65.6097 126.053
872 73.9907 59.7435 126.275
873 89.886 65.1604 111.79
874 92.1567 59.7828 126.442
875 84.1298 54.6729 126.448
876 84.2951 82.8798 7.79909
877 67.9684 72.0102 8.61828
878 91.0792 84.4448 -0.00138289
879 64.3622 91.3774 15.614
880 65.9352 90.6113 -0.267985
881 68.1776 80.709 -0.626815
882 62.0025 84.9857 11.6144
883 69.6732 71.0917 10.3825
884 65.9975 73.6021 -0.36199
885 66.9399 95.8111 11.7143
886 97.2866 98.5429 68.2786
887 65.8178 69.4949 9.08678
888 89.2842 65.8007 8.08683
889 2.25208 40.6451 24.6063
890 110.839 57.7576 33.2842
891 68.139 93.8026 8.7566
892 26.4816 30.2182 19.7023
893 58.0423 96.5061 37.8843
894 4.1881 75.8325 44.1308
895 68.6467 69.8597 22.5503
896 110.791 96.6045 45.068
897 48.0654 70.1907 22.8855
898 63.8824 72.861 22.1482
899 67.7971 53.4675 72.0578
900 91.9963 34.9156 92.3597
901 101.297 113.026 76.056
902 54.7677 53.9158 74.378
903 59.1473 113.478 39.767
904 89.2703 79.8371 52.4406
905 81.661 59.0185 80.1996
906 34.5101 113.132 87.2841
907 95.3833 76.0003 97.6908
908 6.41623 70.0958 81.3847
909 41.5868 113.305 53.1359
910 48.4456 55.2646 63.4517
911 77.2897 55.6384 104.64
912 46.4195 56.2931 61.4459
913 88.7587 43.3592 101.563
914 39.7612 42.4119 62.6559
915 108.434 62.1232 68.3552
916 86.7214 89.4575 103.482
917 69.1092 14.0558 64.0594
918 67.6289 111.791 88.0386
919 64.7184 89.0694 104.629
920 98.4091 113.809 102.561
921 76.1621 112.346 63.1088
922 96.5803 82.3755 94.7662
923 97.671 90.9392 90.42
924 30.4521 77.1863 110.461
925 50.2952 49.1212 105.59
926 51.0711 73.6553 105.551
927 91.1314 32.543 90.0007
928 65.3695 82.0607 116.461
929 81.1756 70.8273 126.207
930 59.9873 81.9814 126.416
931 72.0751 76.8352 126.316
932 88.9484 73.3138 126.333
933 77.8097 72.342 126.38
934 71.9068 79.8443 126.476
935 61.5042 89.421 126.244
936 66.045 78.3541 106.906
937 60.3978 88.5885 112.26
938 86.9008 97.0359 7.3787
939 59.8845 97.4558 11.1108
940 51.7175 98.4495 9.8116
941 75.9494 90.5465 -0.176132
942 69.8413 43.8703 17.8462
943 84.0877 113.939 30.3836
944 68.8812 113.935 67.0799
945 55.3519 93.7311 19.1598
946 23.0688 111.88 47.6452
947 73.0038 114.018 49.9643
948 64.0838 103.473 10.2835
949 70.5478 114.679 2.07571
950 30.4327 54.0043 36.3635
951 60.1915 114.598 17.9121
952 99.6299 114.515 2.52724
953 89.5139 114.027 43.6782
954 89.8054 46.5398 52.1239
955 79.5036 57.7156 103.416
956 66.8278 45.8311 16.8744
957 108.003 108.211 85.336
958 29.2571 75.5238 31.0838
959 108.426 91.3538 76.6823
960 89.7667 113.599 48.2644
961 67.5962 55.3739 69.9679
962 107.909 109.645 75.9419
963 37.7886 114.029 5.19507
964 22.8228 72.855 74.489
965 110.577 104.353 40.5931
966 80.8355 113.95 10.1343
967 100.197 114.06 30.2446
968 77.9478 111.716 93.2556
969 112.068 92.8507 38.6992
970 73.3908 90.0726 66.0667
971 26.6706 112.66 95.3328
972 45.9793 112.686 31.315
973 61.335 112.778 71.5651
974 54.3022 113.219 73.9565
975 60.2256 112.121 79.7892
976 81.9262 114.397 44.2625
977 88.9739 114.041 24.5483
978 69.5352 79.1585 93.4586
979 71.9505 112.493 66.6812
980 108.149 101.883 98.7004
981 94.3485 113.748 86.1558
982 32.2454 112.672 109.486
983 45.4732 113.746 61.6411
984 58.7389 51.9838 69.5765
985 93.2193 113.123 47.7191
986 83.6341 113.968 116.035
987 69.262 48.008 100.757
988 43.6194 114.343 123.16
989 22.1723 92.1193 95.6436
990 48.1855 112.007 88.6381
991 8.2952 110.23 79.3276
992 73.9278 61.9387 75.7051
993 27.5542 113.834 112.727
994 68.4537 80.845 92.8361
995 109.667 112.148 103.657
996 114.065 112.015 20.078
997 23.1607 113.699 92.8604
998 69.0715 100.391 125.949
999 60.8834 113.975 121.088
1000 81.7926 104.464 126.249
1001 62.0903 102.016 126.47
1002 105.074 81.0359 126.225
1003 68.5161 95.6395 126.217
1004 80.1762 114.117 112.692
1005 57.7422 106.91 111.927
1006 92.0738 99.4813 115.477
1007 60.5594 100.625 126.079
1008 114.087 21.1117 6.11458
1009 102.056 15.2699 8.40809
1010 94.8338 24.1103 4.59313
1011 105.562 13.5749 8.01292
1012 93.2992 0.924307 0.673829
1013 97.9611 7.58676 12.3315
1014 78.3267 18.7148 18.5322
1015 110.818 4.08132 18.6351
1016 108.115 9.28573 28.8551
1017 106.753 2.43231 72.2359
1018 92.7539 10.2507 10.7682
1019 100.652 -1.16612 49.7194
1020 61.56 2.16498 28.4231
1021 86.4544 15.3762 14.4255
1022 106.47 23.8603 46.5158
1023 104.834 0.385183 51.9108
1024 80.515 1.28447 58.2203
1025 108.488 50.1376 79.382
1026 33.3101 0.0148017 5.25781
1027 95.8697 26.1433 -0.584295
1028 103.827 8.8008 -0.283589
1029 79.2923 1.84295 87.2626
1030 106.576 20.1113 46.2926
1031 110.56 4.22043 97.3771
1032 73.9829 1.89116 61.8448
1033 114.064 23.7864 13.0526
1034 110.361 56.3001 38.9932
1035 30.7103 0.744198 37.5511
1036 79.5401 45.0951 58.2084
1037 84.724 39.9085 27.4592
1038 106.288 4.43149 49.762
1039 110.512 47.6826 96.328
1040 109.323 33.3367 89.3013
1041 109.029 20.1752 85.2975
1042 106.852 24.8593 53.8608
1043 100.037 0.128063 119.19
1044 97.233 1.64104 84.007
1045 56.9588 2.35481 57.1751
1046 98.5573 0.248161 112.066
1047 48.5303 1.2974 66.9906
1048 114.501 59.2637 113.696
1049 33.3513 0.218555 108.639
1050 114.184 50.7361 118.404
1051 106.42 0.959341 86.4773
1052 113.862 22.8076 104.757
1053 109.292 26.5171 90.1314
1054 83.824 1.43086 75.2915
1055 84.785 13.5816 126.157
1056 108.644 26.6084 75.9149
1057 101.733 28.2335 126.273
1058 114.093 8.70619 118.523
1059 61.8967 0.89527 70.1091
1060 7.38831 2.19651 106.107
1061 108.312 10.1635 72.1734
1062 105.562 1.5931 90.7924
1063 78.988 0.416514 96.4464
1064 78.3748 1.51216 69.9332
1065 112.969 0.199399 114.059
1066 90.723 -0.0191075 124.908
1067 105.995 7.82448 126.093
1068 112.351 5.31673 126.055
1069 108.251 0.0791501 122.144
1070 90.7693 44.7705 -0.0936665
1071 93.3352 44.1425 8.57213
1072 96.9087 24.8046 3.47899
1073 101.749 39.4648 17.2766
1074 99.155 45.068 -0.233623
1075 99.5399 36.0212 -0.238735
1076 108.632 44.2811 43.5599
1077 104.49 42.4611 12.4549
1078 112.385 49.0661 19.1963
1079 96.0169 39.7904 12.0957
1080 78.0535 36.2473 64.2906
1081 108.507 24.749 57.2702
1082 87.0264 39.4408 28.947
1083 18.1488 47.2004 -0.173205
1084 108.26 68.9995 49.1558
1085 97.089 31.8777 32.6107
1086 63.3526 114.628 60.7261
1087 110.295 19.1094 21.7826
1088 106.4 15.9737 58.4617
1089 106.437 11.0798 53.945
1090 72.1614 64.9642 23.0948
1091 72.4895 32.9222 80.8752
1092 55.4352 59.571 62.4388
1093 111.665 41.546 31.0347
1094 65.9963 51.7985 41.6221
1095 108.541 20.12 37.3545
1096 75.8284 78.9707 41.6157
1097 59.2939 51.3978 67.5693
1098 108.733 43.7977 77.3581
1099 108.359 35.0849 51.5657
1100 89.7443 29.5084 89.0767
1101 106.443 4.1335 61.6776
1102 108.627 19.7 76.3103
1103 104.703 1.34839 66.0433
1104 61.324 0.68582 64.3652
1105 89.1409 44.4819 52.304
1106 91.2571 32.4414 87.4253
1107 85.8089 20.098 43.8262
1108 51.893 2.9822 126.297
1109 94.1761 -0.982242 49.6557
1110 106.734 19.6431 55.0414
1111 111.841 39.9384 103.929
1112 114.052 15.903 106.835
1113 106.504 24.3848 43.3498
1114 54.1383 45.4379 105.566
1115 109.208 33.889 96.0157
1116 110.328 60.9452 94.0453
1117 71.5391 32.7444 82.9459
1118 111.794 21.3104 100.3
1119 114.147 45.5258 116.581
1120 106.337 54.88 60.5875
1121 91.9394 47.9641 103.301
1122 107.92 106.745 65.8248
1123 114.186 69.0866 114.044
1124 110.728 37.5257 100.677
1125 110.298 11.9748 85.396
1126 78.5439 42.9458 105.531
1127 90.6784 36.5359 115.389
1128 88.7167 32.0118 85.6936
1129 108.99 31.4511 126.2
1130 108.272 27.7589 126.139
1131 99.7298 47.4674 126.765
1132 102.053 40.9223 114.376
1133 114.237 36.0082 118.517
1134 112.108 32.4459 126.473
1135 100.92 35.9329 116.753
1136 93.7415 38.552 110.027
1137 96.3995 59.7897 19.4502
1138 101.843 42.9523 11.1329
1139 103.031 47.0608 -0.210449
1140 106.054 56.4846 12.9201
1141 108.402 26.6658 49.8131
1142 113.935 85.9681 3.54041
1143 61.1071 65.4946 86.2727
1144 112.325 46.2431 20.8674
1145 112.42 32.9036 22.5918
1146 111.46 55.091 35.0616
1147 107.887 -0.957847 2.50005
1148 98.0619 113.632 42.1838
1149 94.056 73.8231 13.145
1150 69.638 77.1635 47.375
1151 97.0237 113.907 17.6573
1152 6.91081 50.1205 89.2983
1153 111.715 63.3422 30.7925
1154 108.292 67.8819 63.1033
1155 89.644 44.9961 54.2244
1156 38.4643 43.6332 62.5171
1157 114.288 40.0204 12.6072
1158 112.181 46.8292 26.4267
1159 61.3481 105.226 65.0373
1160 106.463 58.8847 56.0639
1161 106.556 63.8412 50.9954
1162 107.386 60.7905 61.4019
1163 90.6432 43.1789 51.4726
1164 45.4825 63.7588 39.0444
1165 108.357 38.3659 53.6946
1166 114.12 100.069 20.3425
1167 106.11 72.0275 74.5493
1168 34.7368 24.7162 98.8341
1169 114.074 62.5518 107.372
1170 106.378 54.6361 58.75
1171 108.536 55.8728 70.7146
1172 108.69 66.2553 39.9318
1173 80.5915 43.6236 58.8401
1174 108.774 52.86 74.3776
1175 108.412 37.7764 75.3591
1176 114.303 102.032 114.723
1177 106.849 65.0685 86.652
1178 106.33 80.2484 64.5419
1179 80.7849 112.708 86.5342
1180 62.6686 63.7803 85.9434
1181 110.727 62.8626 33.7338
1182 108.402 14.8223 76.7258
1183 113.828 76.39 106.57
1184 61.5153 85.5975 73.8699
1185 112.441 86.1325 108.918
1186 70.8844 53.2933 103.184
1187 110.775 84.8037 104.932
1188 108.855 76.208 92.212
1189 71.4407 34.7553 82.5187
1190 109.037 31.5325 94.9269
1191 114.271 35.4049 114.524
1192 89.4758 34.6477 90.348
1193 105.056 114.633 103.221
1194 106.555 44.9922 71.2105
1195 109.51 55.6593 92.1755
1196 107.191 114.202 117.407
1197 66.9314 65.2973 103.624
1198 106.738 58.3421 106.527
1199 82.6201 66.0957 81.8781
1200 86.6237 54.1318 115.565
1201 86.0681 64.8411 126.518
1202 96.3506 41.8007 106.796
1203 107.706 59.9542 126.913
1204 96.0252 78.5637 110.181
1205 96.2355 57.393 126.233
1206 110.188 64.9449 126.181
1207 94.27 87.7366 -0.320314
1208 87.6765 67.8298 -0.267024
1209 102.23 86.2981 12.9626
1210 114.19 86.8753 19.7573
1211 83.3663 97.1034 9.14481
1212 114.134 78.7313 8.51926
1213 90.18 78.1751 -0.238201
1214 83.9056 70.0315 7.48458
1215 102.08 78.7183 9.69766
1216 106.338 87.7113 -0.129478
1217 112.031 114.845 18.812
1218 114.098 85.1052 15.2911
1219 65.4047 114.11 56.9322
1220 87.6354 114.335 47.1169
1221 112.594 54.7819 21.5522
1222 114.296 92.1656 11.1543
1223 107.905 103.255 78.6889
1224 113.913 83.4947 15.8542
1225 82.6629 63.47 21.5871
1226 70.6906 48.9343 21.4563
1227 113.756 84.3148 27.1508
1228 43.5088 85.0073 63.116
1229 101.107 40.768 29.7145
1230 85.1298 113.308 83.256
1231 60.3784 104.919 63.5003
1232 108.392 87.4314 57.276
1233 113.442 77.7753 27.5675
1234 106.382 51.0725 56.5679
1235 108.907 81.8861 51.7837
1236 113.208 79.3641 34.3246
1237 5.62479 46.8518 40.2213
1238 108.536 88.4397 84.5057
1239 46.5382 86.5086 21.6378
1240 85.2517 113.393 111.499
1241 106.904 111.493 70.4747
1242 98.8484 93.0268 67.2853
1243 113.021 16.2928 15.1435
1244 80.8911 113.244 54.7081
1245 108.838 77.3344 79.7665
1246 85.9006 112.478 62.5988
1247 109.141 70.3438 91.9149
1248 108.548 112.331 39.5229
1249 108.656 49.1415 72.1088
1250 108.745 87.5141 95.8472
1251 107.005 32.0548 82.1192
1252 28.5195 80.5612 102.274
1253 111.618 60.5231 100.586
1254 63.2199 72.9483 98.3101
1255 68.2237 82.5332 126.411
1256 106.669 58.6918 60.8022
1257 106.555 67.8417 81.8656
1258 108.26 105.048 90.3409
1259 108.692 25.3886 70.9332
1260 92.2229 111.734 60.7019
1261 110.286 91.6027 102.356
1262 108.379 92.427 96.3008
1263 101.247 89.101 109.006
1264 108.499 71.8174 82.7586
1265 108.68 90.385 90.822
1266 109.11 72.1111 121.272
1267 88.2833 69.6818 126.24
1268 114.21 73.0538 116.972
1269 92.2523 72.1241 126.445
1270 114.161 93.232 118.812
1271 114.289 79.8489 109.386
1272 94.1339 87.1629 126.419
1273 102.392 84.2594 105.986
1274 112.293 94.5182 126.523
1275 78.802 74.4049 117.92
1276 114.372 83.9039 112.454
1277 92.1876 81.9211 126.503
1278 92.246 66.6306 120.053
1279 98.5301 82.9631 114.924
1280 104.889 58.7555 126.095
1281 114.174 99.2576 4.09608
1282 99.9759 113.902 26.3615
1283 110.703 114.791 14.581
1284 114.214 97.8329 13.4929
1285 90.4917 100.138 11.4116
1286 113.486 77.4502 22.2074
1287 94.2386 112.078 55.7127
1288 40.4811 23.9974 39.1318
1289 112.106 106.856 37.0675
1290 106.591 113.853 33.8319
1291 113.883 39.1176 17.4145
1292 56.7703 84.7816 20.3923
1293 49.9972 112.894 31.5035
1294 114.089 106.666 19.6681
1295 104.947 111.952 57.2943
1296 89.2676 43.6043 22.5372
1297 27.5196 112.927 38.6574
1298 108.152 110.093 71.3877
1299 106.442 72.7816 66.7075
1300 114.158 93.3853 24.3759
1301 109.96 114.458 26.9098
1302 110.363 101.834 45.3107
1303 106.48 114.007 12.7048
1304 108.159 90.5016 50.4615
1305 81.4164 114.363 17.919
1306 114.283 111.643 106.677
1307 94.7472 113.288 79.6871
1308 108.157 87.018 60.3518
1309 45.3532 111.175 90.993
1310 108.399 30.5741 59.27
1311 108.789 74.2892 89.421
1312 108.406 70.6542 58.3298
1313 108.149 105.174 51.6026
1314 77.5253 113.841 49.7072
1315 108.161 94.3421 66.4807
1316 110.936 69.5548 36.8547
1317 106.49 73.3473 61.8284
1318 112.968 80.9007 108.946
1319 91.6949 113.105 78.5254
1320 113.692 88.727 29.9206
1321 114.102 90.6679 117.007
1322 107.639 106.551 80.9411
1323 108.223 103.32 63.8088
1324 97.181 80.7847 126.264
1325 79.1298 112.608 102.196
1326 107.944 104.408 49.3811
1327 108.933 47.3608 84.1353
1328 69.6432 39.9603 126.291
1329 73.9361 104.636 126.479
1330 88.192 112.4 59.2017
1331 108.083 99.5099 81.6414
1332 12.9671 114.139 113.822
1333 82.1344 114.178 109.186
1334 100.129 101.47 119.259
1335 90.1697 100.551 110.633
1336 114.062 103.306 124.191
1337 114.395 65.966 110.098
1338 114.56 110.918 106.96
1339 100.894 111.898 114.429
1340 114.207 104.618 116.293
1341 94.1185 99.949 114.9
