0 9.3698 18.867 -0.118501
1 7.78232 -0.0121157 5.46097
2 11.5477 23.6157 15.0222
3 37.4179 0.145379 12.1979
4 27.3486 3.86291 -0.0967674
5 11.2458 13.6824 -0.230826
6 2.83312 5.82264 7.48102
7 14.2736 -0.0985074 14.2553
8 21.637 11.418 -0.0895483
9 -0.883831 14.9749 1.52753
10 -0.855677 14.9024 33.8944
11 11.1129 15.9084 18.3842
12 13.3625 12.3868 16.1913
13 10.227 -0.0434036 21.682
14 27.1783 0.0318538 30.3631
15 7.73576 16.1553 20.248
16 -0.686036 20.3448 54.7046
17 21.7393 -0.583962 35.0139
18 -1.14967 22.6256 47.7112
19 10.7021 21.1571 23.8877
20 31.3913 -0.24357 40.429
21 17.3369 -0.14548 19.3916
22 29.3992 22.203 47.6499
23 28.8758 0.104892 25.1824
24 -1.0271 40.228 45.8575
25 21.4147 20.2617 50.7726
26 19.3458 12.5341 47.264
27 -1.00682 21.8198 52.008
28 21.3618 13.7678 59.7627
29 30.1675 0.0678828 56.2781
30 -0.809934 21.9424 57.7636
31 5.40079 0.072828 57.9046
32 26.8216 25.1428 44.4086
33 17.7232 16.8762 54.1711
34 -0.985347 13.9469 69.5004
35 26.1354 17.0498 75.2662
36 11.7239 0.242039 54.6395
37 21.3177 18.7098 56.2003
38 18.4326 -0.239231 84.1507
39 8.7444 -0.355283 78.6693
40 39.7282 12.1471 73.4591
41 9.20887 11.4913 73.177
42 28.7033 7.25219 71.8952
43 16.7394 0.352359 81.1344
44 19.4947 4.85211 86.0188
45 25.6196 -0.407491 74.8771
46 14.9636 -0.00885444 71.289
47 19.4187 -0.234409 85.4435
48 27.1498 16.547 86.8991
49 21.5174 16.7926 104.667
50 25.1732 10.3663 113.741
51 33.3249 8.02561 95.7251
52 -0.842898 12.0326 92.8962
53 25.6885 16.358 88.4343
54 24.365 10.3681 87.9572
55 22.9883 14.5015 89.1022
56 19.4889 8.84865 91.2575
57 13.0323 23.593 98.8627
58 -1.06868 15.5063 74.205
59 3.24593 21.9293 76.3223
60 -0.81294 15.8039 87.9362
61 16.1121 0.0189457 108.653
62 27.4612 15.1386 113.76
63 20.6105 8.5404 113.312
64 1.44934 0.321492 106.369
65 11.2143 8.7334 108.661
66 24.9419 46.8057 15.704
67 25.2723 45.8671 25.0313
68 19.2567 38.6514 6.99552
69 -0.9113 36.7223 2.00544
70 15.2677 31.6721 20.2287
71 -0.875642 46.4847 1.90101
72 25.551 31.1463 -0.209556
73 22.2291 29.6013 -0.221642
74 15.3062 44.1342 16.8064
75 -0.88406 44.3204 24.487
76 -1.11657 37.7411 18.0991
77 3.78406 40.3624 12.9734
78 -0.925436 33.3616 35.9181
79 -0.949753 32.5989 34.1499
80 9.8663 33.6851 44.7946
81 14.3164 39.9348 49.3336
82 5.46285 35.4607 28.6592
83 -1.09346 35.4133 52.8444
84 -1.01532 39.1422 27.1153
85 -0.7034 22.9339 45.9835
86 27.4585 35.0742 50.666
87 15.5922 38.5547 50.1138
88 23.4078 34.614 43.8904
89 -0.778037 23.425 41.3296
90 32.9096 36.2107 55.5553
91 27.4096 39.8017 54.6865
92 -0.90061 33.0615 75.7078
93 6.90027 26.7984 48.4426
94 8.69998 24.7845 43.7798
95 27.4557 37.2454 57.8904
96 11.6293 55.433 48.2341
97 23.6474 37.8673 46.2286
98 10.7517 31.082 53.395
99 -1.00412 36.1018 57.1399
100 21.6311 25.0705 79.3196
101 11.1836 36.2173 59.533
102 -1.02123 11.9763 66.2675
103 23.05 41.006 73.1696
104 32.5791 43.619 57.3275
105 -0.867823 34.4513 66.4749
106 29.5986 34.7631 54.2753
107 17.2595 27.3811 82.6753
108 20.9594 38.5457 83.4502
109 30.8041 32.812 70.4589
110 5.54487 27.8203 77.6376
111 -0.734809 32.9832 81.0635
112 19.766 32.9958 76.0289
113 -1.05586 31.2398 90.6217
114 17.4933 38.2969 95.2698
115 19.5008 33.8766 90.8557
116 23.3422 51.0077 80.6982
117 23.5101 41.9737 83.2261
118 -0.76699 28.7453 78.0783
119 37.5112 47.861 102.672
120 14.8805 25.4304 86.2958
121 -0.690344 44.5166 87.6463
122 7.34025 33.6029 94.902
123 13.3452 38.6628 87.8783
124 15.1694 20.6322 98.7598
125 18.1063 38.4148 100.851
126 24.0838 41.1586 106.348
127 22.313 44.6733 105.237
128 11.6639 39.3773 106.745
129 22.7851 46.3571 110.105
130 8.0494 36.1347 113.52
131 16.5734 46.1027 113.706
132 31.7154 17.7914 113.751
133 29.2522 32.622 109.324
134 32.556 61.3319 8.44984
135 10.0452 57.1492 0.166686
136 19.6582 67.5101 17.9789
137 29.2402 61.904 12.8209
138 1.78091 51.3662 18.9001
139 -1.03066 65.7462 13.341
140 19.7284 41.0354 14.8673
141 12.5891 53.3755 15.2151
142 -0.936964 64.7565 19.5776
143 17.6619 53.0197 25.546
144 31.3342 48.4387 24.499
145 20.7318 62.3913 26.9181
146 13.2545 60.2481 11.312
147 13.2653 62.5208 36.2659
148 16.1273 34.9751 25.1232
149 34.2735 48.3693 32.6494
150 26.4508 59.0995 40.1027
151 -1.26671 50.7147 52.8008
152 8.35073 72.9286 48.1797
153 29.3176 57.1308 43.6569
154 39.4172 52.8258 21.6504
155 21.0852 61.3119 38.2473
156 17.5208 53.1579 46.4667
157 -0.907938 51.6339 38.5233
158 9.82744 55.3491 44.6614
159 -0.661006 69.9004 45.8447
160 23.2435 70.5013 39.37
161 15.795 63.2749 69.291
162 22.6271 62.6802 51.5659
163 10.6184 46.628 49.0641
164 35.6408 62.2776 47.5387
165 17.7007 43.3609 53.7628
166 23.3289 62.5276 54.1561
167 -0.840107 34.3277 38.4004
168 -0.832168 60.2565 66.9332
169 23.252 62.7539 64.0366
170 23.8112 52.6336 68.8302
171 37.3771 67.588 64.3779
172 -1.30197 61.7689 76.4043
173 29.3535 62.5711 70.7431
174 35.4733 35.7966 77.8594
175 -0.904561 67.535 81.3125
176 15.7766 65.7894 84.9804
177 23.6052 61.5533 66.3157
178 30.3855 53.121 86.9142
179 17.2587 57.2717 71.9401
180 -0.815037 50.4403 80.851
181 10.9258 63.214 95.6337
182 7.3945 63.5781 90.6285
183 35.0329 51.6882 83.9737
184 18.7678 60.1271 86.4043
185 20.555 58.0532 83.1139
186 -0.768226 50.1536 94.996
187 7.78752 64.0465 85.5999
188 -0.606417 74.8327 95.1768
189 12.173 63.0974 113.629
190 4.2578 53.7707 113.709
191 1.11713 67.5904 113.826
192 19.4314 66.2298 105.107
193 19.6684 69.8851 113.987
194 -0.693943 55.0214 102.347
195 7.46786 57.4639 113.996
196 20.4761 48.5826 113.563
197 23.5335 47.1267 106.908
198 28.7077 63.4368 113.835
199 -0.589166 68.7253 8.54576
200 -0.659406 88.7484 8.66152
201 15.1709 78.5851 20.9183
202 22.1599 79.2477 14.2194
203 23.5747 81.0169 6.39386
204 18.0654 84.4007 0.151028
205 10.0102 77.1224 -0.0236078
206 23.8334 78.9049 3.41716
207 2.15905 75.7112 11.7321
208 19.3065 63.3674 -0.510002
209 -0.887365 80.5728 27.9011
210 25.3275 71.7579 33.7641
211 10.9855 88.5863 13.9986
212 36.2692 71.2659 22.5164
213 14.9947 73.5282 20.9265
214 9.06706 75.4853 17.877
215 27.169 70.1391 28.4423
216 17.1408 77.091 19.5003
217 14.4998 71.4318 27.9373
218 25.5646 92.2503 21.9716
219 8.92222 69.0528 22.7607
220 13.092 72.243 33.1768
221 18.9155 77.4761 37.6267
222 23.1157 87.0481 51.3547
223 -0.885492 85.5628 27.2933
224 8.81004 87.1486 38.8988
225 11.1731 82.589 28.5213
226 21.9507 72.2947 42.567
227 15.2775 97.1239 43.3347
228 22.5678 75.9981 46.9652
229 -0.862258 73.8252 50.8067
230 20.8081 98.8799 57.7867
231 26.973 67.7287 35.7201
232 -0.463549 87.5429 81.3377
233 27.374 77.4596 60.9081
234 25.9524 54.9105 51.4415
235 14.9581 59.5632 68.2841
236 5.14878 65.4005 53.6876
237 8.31557 60.0675 55.0255
238 -0.853196 73.2595 55.4737
239 -0.786527 69.0957 52.3267
240 11.2437 69.9351 47.1708
241 29.6996 65.4775 60.6039
242 24.4004 67.8864 69.1785
243 19.578 77.3425 75.541
244 13.7302 104.202 75.3081
245 -0.617846 84.9221 69.0578
246 26.4086 87.4888 58.558
247 24.7118 59.7631 66.6997
248 25.5011 91.8772 54.3477
249 -0.765607 102.061 53.2245
250 23.3104 67.8694 77.8046
251 -0.797328 78.1841 69.4139
252 21.4142 68.898 76.8892
253 11.2144 90.9802 72.9686
254 6.31132 66.3327 68.0411
255 12.8321 79.9001 82.6736
256 20.9515 86.4581 80.6088
257 23.8471 74.2915 92.9939
258 15.562 92.9742 87.9109
259 -0.575163 88.1333 85.3229
260 -0.623876 69.1419 66.5913
261 -0.638248 88.3865 71.4492
262 4.86547 94.7289 83.1845
263 15.9562 73.3576 78.1093
264 7.15865 70.8021 91.5464
265 -0.711774 73.212 90.6653
266 23.063 85.6817 87.0758
267 -1.00067 75.5996 85.1207
268 24.3377 97.225 82.659
269 14.3071 74.5632 91.3682
270 -0.581515 95.721 92.1025
271 18.1079 86.5259 105.094
272 20.7929 77.9988 113.807
273 -0.49389 72.5364 111.018
274 4.81099 86.6957 108.705
275 19.6309 74.269 96.9027
276 24.9753 72.4125 97.012
277 40.6599 83.1426 113.711
278 26.3003 111.977 -0.0549938
279 29.5816 100.617 -0.312797
280 18.7072 92.0886 0.0322506
281 3.13931 113.719 9.22213
282 19.607 114.742 4.27563
283 1.24147 97.7096 -0.165075
284 27.3967 90.1438 35.6717
285 -0.97261 95.3675 13.386
286 18.4601 114.019 21.1513
287 15.2888 108.899 33.6012
288 3.04207 106.313 37.4827
289 5.33973 106.87 12.0644
290 -0.768613 100.134 20.217
291 12.1972 114.036 17.5147
292 -0.829113 96.9753 18.2137
293 32.6745 114.184 45.5584
294 21.0956 99.8551 32.0321
295 9.5735 114.033 19.4754
296 29.6314 114.092 19.7117
297 29.471 91.6658 26.1082
298 19.2602 114.296 40.945
299 34.4502 83.604 33.0736
300 23.4662 100.179 53.0005
301 -0.932388 107.956 34.8449
302 13.1943 99.4231 30.0014
303 5.30717 114.38 37.4271
304 -0.563433 110.089 41.6212
305 23.0496 114.152 34.2575
306 7.29931 114.225 37.2839
307 23.4963 98.2227 27.6437
308 23.483 114.483 29.2971
309 13.977 104.091 42.2879
310 5.32648 109.454 30.012
311 19.8458 101.355 43.656
312 23.1795 96.4185 47.7925
313 21.4114 101.93 47.0273
314 -0.839726 93.087 48.7492
315 2.72324 114.801 84.8937
316 17.8258 107.099 63.53
317 -0.828301 103.737 66.5793
318 7.29136 101.968 71.8211
319 17.4821 95.4456 70.3618
320 26.083 114.321 63.0808
321 22.4539 103.468 89.0096
322 31.1384 114.224 75.4951
323 16.2671 114.147 73.3263
324 19.4053 100.609 87.8722
325 22.4015 85.837 81.9397
326 -0.330346 109.659 81.0334
327 -0.422053 94.2529 85.7282
328 21.1406 88.4459 76.4556
329 26.8381 97.281 107.455
330 19.2494 98.9704 68.1227
331 12.429 114.283 87.4198
332 6.66906 101.355 103.257
333 4.67769 103.357 92.258
334 24.1258 113.955 87.3082
335 20.3438 114.009 100.115
336 1.01983 113.368 97.8728
337 24.5263 97.4542 90.0476
338 26.0601 114.729 112.816
339 31.7428 109.34 113.886
340 -0.511742 102.007 102.197
341 16.7655 105.632 113.497
342 -0.935519 110.741 97.5535
343 36.791 13.9565 8.18976
344 26.4898 4.66874 7.09991
345 51.3396 -0.174922 8.90563
346 45.757 16.3189 -0.0246536
347 58.7585 -0.130019 14.2066
348 44.7971 21.5416 1.2056
349 34.5451 12.6846 -0.0590795
350 47.563 20.4901 8.24573
351 40.9247 26.1965 8.10593
352 24.7169 -0.0596584 19.4604
353 59.6436 2.83223 15.9943
354 41.3309 0.104228 19.4611
355 52.9629 0.109767 24.917
356 50.853 -0.0770956 21.3713
357 36.2817 21.2142 36.1989
358 33.8668 26.1062 11.4734
359 57.7633 11.6686 27.737
360 29.5734 27.3622 19.0936
361 36.0779 0.228315 25.1371
362 19.3587 13.9896 44.9352
363 54.0713 12.0213 40.1198
364 61.1188 17.3778 38.5942
365 42.3398 0.191144 51.1797
366 27.5665 10.8096 50.1676
367 25.575 21.8826 34.7391
368 43.2327 4.57737 48.7779
369 42.3378 -0.0491018 63.3085
370 33.5725 23.8322 56.156
371 28.174 12.7423 52.9227
372 31.4447 17.4859 61.4683
373 55.6242 8.03524 50.5519
374 40.0472 7.2849 64.8575
375 62.9483 25.1424 63.38
376 29.4697 11.5954 62.9048
377 39.7701 -0.0237514 75.5707
378 57.2898 8.8164 83.5216
379 40.8636 15.2278 80.8813
380 31.4594 14.9006 75.7023
381 68.5115 0.162249 81.0839
382 39.5451 29.1895 72.8568
383 38.1767 11.6227 81.8887
384 45.4265 17.2696 78.8533
385 26.4531 -0.0344696 77.5784
386 29.5903 3.29135 78.0313
387 53.4178 -0.286387 96.2212
388 34.5296 0.00778355 84.5557
389 43.5206 26.6616 83.6066
390 50.4268 21.9965 91.0334
391 54.3207 17.4989 98.3093
392 38.803 -0.236681 91.6121
393 53.3679 12.6563 113.829
394 39.4964 5.24114 113.866
395 39.5459 15.1357 114.014
396 43.0906 14.2817 110.111
397 36.1748 1.33617 113.487
398 37.4835 -0.166302 106.874
399 43.7027 17.5108 96.7683
400 55.8186 12.4029 113.694
401 44.5898 8.96779 113.588
402 30.3573 32.4969 -0.0414141
403 33.4582 42.9845 18.2138
404 33.3683 41.5049 -0.597589
405 47.624 35.9082 -0.463579
406 53.5407 41.3441 -0.398785
407 45.7066 35.7005 14.4953
408 23.446 48.5554 6.8406
409 45.4729 30.463 11.7418
410 31.3539 28.7326 -0.256933
411 51.5045 39.0435 -0.366897
412 32.1992 44.4584 3.52404
413 37.4649 45.6125 7.81874
414 39.9282 48.1316 21.8788
415 31.2307 35.9155 25.2527
416 46.6485 45.9891 25.5364
417 41.9086 53.6172 17.1086
418 25.8418 33.5413 18.6213
419 30.0194 37.4926 35.5201
420 23.9114 44.3373 15.7545
421 29.4409 13.4086 28.6218
422 31.3671 20.0716 40.2287
423 55.7783 21.2796 31.4504
424 48.9585 44.0578 22.5333
425 45.3767 35.357 26.3021
426 57.241 30.4074 40.5522
427 64.3165 24.3276 43.6743
428 43.5419 27.3934 22.8555
429 49.538 47.1297 40.7992
430 43.5413 45.3061 32.5805
431 59.6708 25.4862 39.4965
432 29.0651 32.7332 40.7636
433 47.5791 30.449 43.0443
434 30.1845 19.5183 54.0129
435 32.914 18.7109 43.2863
436 43.7126 46.2381 66.3372
437 38.1777 25.1348 56.5424
438 49.7595 49.8736 78.9542
439 42.7425 39.0516 67.8164
440 69.1323 48.2637 62.2339
441 47.5944 27.5823 61.0472
442 46.566 30.4831 51.3719
443 29.3749 28.6599 59.9771
444 43.5887 25.841 77.6289
445 35.2855 35.4606 56.848
446 37.4908 20.1027 64.5522
447 50.8559 22.5241 56.3286
448 51.6502 22.5266 68.3285
449 36.3919 36.7888 73.469
450 44.1081 40.9985 50.058
451 32.703 38.4594 69.2913
452 40.52 49.4597 80.7807
453 44.731 56.6555 71.8598
454 23.2367 39.0408 59.43
455 45.1726 18.678 76.643
456 29.6342 38.8149 65.9452
457 55.6069 35.6619 67.3792
458 43.3445 29.1214 72.9056
459 29.6808 49.9212 72.3125
460 64.9551 57.3626 81.1121
461 43.705 47.8608 60.3742
462 57.8074 32.2266 82.2736
463 37.8714 46.1722 79.9828
464 51.6526 29.9733 78.5747
465 37.7728 35.3576 77.7448
466 56.6654 24.6972 80.7462
467 36.4198 19.8168 94.5924
468 44.1656 41.8941 94.6298
469 39.2062 25.1385 98.6895
470 24.1057 43.7963 106.54
471 39.2179 46.8086 91.0448
472 51.6272 38.8797 104.706
473 40.8798 39.9244 108.977
474 31.667 27.6163 114.003
475 40.6185 28.7091 113.539
476 50.3356 49.78 98.5182
477 53.6874 46.4641 104.439
478 56.6405 28.4985 113.436
479 43.242 44.9638 100.151
480 33.9106 55.0998 0.0336452
481 46.1203 51.8514 14.1136
482 54.4849 69.7161 0.125301
483 41.4792 58.1268 21.8205
484 25.5646 47.4557 30.0799
485 28.9054 47.3917 33.9456
486 32.2348 64.0977 29.6506
487 36.2012 72.6262 34.0975
488 53.7986 56.6329 20.0411
489 49.255 68.2275 29.0114
490 38.9024 63.384 18.8126
491 39.8007 67.7396 25.3864
492 45.9965 61.4192 27.9444
493 53.773 63.5497 38.3063
494 43.4093 41.4725 20.877
495 39.5865 63.4367 38.6247
496 50.9668 49.9925 49.2946
497 28.8879 64.1431 31.5045
498 27.089 66.033 38.1348
499 29.3282 70.9104 38.7106
500 44.1924 54.1862 50.3962
501 36.7122 55.8935 64.2428
502 44.6474 48.7394 43.2496
503 40.9974 57.6777 55.043
504 41.511 64.536 50.8128
505 43.7487 58.7569 45.5741
506 69.9784 81.0578 58.9407
507 35.6522 57.7061 68.0143
508 23.9379 54.44 59.7091
509 47.4179 59.7758 68.0633
510 18.9032 57.6586 63.5231
511 27.5402 65.7563 70.3271
512 39.5448 60.3802 56.8417
513 39.261 52.5285 65.0087
514 35.5233 64.3564 76.116
515 25.9216 61.705 77.0676
516 44.3653 64.4275 80.7851
517 45.4636 74.3329 82.8824
518 46.0712 64.0935 62.847
519 45.6613 61.4913 86.6735
520 41.4214 56.251 76.786
521 47.2902 61.6475 96.2406
522 67.7963 59.2379 61.9889
523 55.6251 61.5643 69.8367
524 31.7453 54.1251 97.2046
525 45.2049 51.73 113.849
526 35.3022 55.066 98.5627
527 64.2601 59.8637 95.3468
528 37.9451 59.0802 90.9823
529 29.4526 57.5744 99.6047
530 47.3956 64.6771 93.3228
531 31.5457 62.4135 114.135
532 35.7366 67.0592 103.938
533 49.0619 65.7999 113.655
534 27.0071 53.1336 93.8725
535 45.6123 60.9323 101.647
536 56.5175 49.5251 108.924
537 41.4816 88.1446 -0.110412
538 45.6864 83.3002 -0.27265
539 37.8937 71.8674 19.2868
540 49.9483 56.1212 16.9794
541 54.9089 87.2872 9.13043
542 25.0285 79.7675 12.8006
543 27.3757 73.144 -0.539911
544 39.4789 72.5567 22.0466
545 38.8074 90.9624 32.8896
546 54.1913 89.175 28.2102
547 41.4918 101.714 15.8867
548 34.9805 82.7145 23.7562
549 47.3448 76.5527 20.5035
550 56.4219 82.4891 19.8163
551 52.291 92.2105 17.5461
552 39.6062 87.0601 22.4539
553 43.5892 91.5557 37.4023
554 54.6554 79.5552 21.3586
555 53.813 66.1337 38.1197
556 30.8357 55.9224 32.7624
557 37.6779 92.4495 35.8819
558 41.471 85.8869 31.3886
559 65.3269 74.7952 33.6968
560 39.6923 75.6989 41.8297
561 35.4724 77.0167 36.7406
562 55.6354 67.3018 29.8547
563 58.9521 87.8184 23.3546
564 39.698 85.1092 32.3206
565 49.9438 62.2922 37.023
566 35.4955 84.4843 43.5803
567 52.1103 97.7602 41.3041
568 45.4872 91.9083 61.4514
569 38.7 80.2142 44.7906
570 54.1423 70.6063 53.56
571 27.4075 59.7848 43.9101
572 55.7196 68.4915 45.474
573 53.0891 72.986 34.1271
574 45.1788 53.9206 38.3988
575 32.2488 74.1924 52.6348
576 39.4209 62.352 46.9151
577 31.2461 82.0759 36.2437
578 35.5177 72.3614 47.1181
579 57.9158 87.1762 57.2404
580 71.6894 91.5601 68.5105
581 58.9505 94.9517 58.3873
582 40.2118 91.1682 71.509
583 43.4673 72.8247 53.4228
584 37.5447 82.8753 60.162
585 31.3375 63.8781 69.8094
586 43.3344 87.5741 63.6608
587 57.8063 58.8304 86.762
588 19.2683 87.6538 81.7399
589 35.6294 83.2893 90.9507
590 49.6798 83.8455 72.4218
591 43.0787 71.4112 82.233
592 58.3252 65.1147 79.3773
593 56.7481 105.476 71.311
594 14.346 87.465 79.4532
595 35.1417 59.0694 89.2993
596 52.176 83.6808 92.7735
597 35.6587 74.503 107.044
598 37.2562 69.778 96.9384
599 62.8413 77.1036 91.5557
600 46.2213 74.6275 91.6135
601 50.719 89.5163 91.5999
602 43.1817 72.9144 100.892
603 49.0374 101.039 99.623
604 73.684 74.633 81.2413
605 38.2678 73.371 81.9855
606 67.5746 76.674 89.2738
607 45.9967 53.251 95.6447
608 42.5481 71.565 84.0866
609 34.0592 75.6564 109.358
610 42.2415 94.685 100.453
611 56.2278 80.5168 106.285
612 45.3918 93.8986 100.036
613 42.3922 74.7863 107.573
614 42.2429 77.7468 107.771
615 64.8079 78.0666 113.83
616 35.474 102.84 -0.145708
617 36.3012 113.537 0.712212
618 54.8385 114.759 2.03774
619 30.3456 91.7619 14.1293
620 51.2613 114.004 5.24053
621 42.5669 102.162 -0.013205
622 59.4228 103.732 20.5839
623 44.5375 114.364 10.4855
624 43.9315 95.4042 22.0015
625 30.397 114.687 2.12313
626 41.1386 99.8308 11.0049
627 31.2896 114.389 15.9786
628 39.1245 88.343 32.7051
629 28.1083 109.291 31.5806
630 37.012 105.67 20.2297
631 32.1173 78.4314 15.3805
632 23.522 106.316 22.9907
633 36.832 114.204 29.8774
634 34.9217 90.3907 16.7911
635 50.652 98.1968 18.6745
636 59.4937 113.977 26.6022
637 31.8833 90.7346 27.3447
638 61.7641 113.919 43.799
639 60.1588 111.41 36.9021
640 63.3494 114.139 48.7693
641 39.0041 83.7873 34.9689
642 70.1272 114.127 47.949
643 51.7731 114.073 30.1434
644 53.7052 109.066 43.5767
645 40.2008 114.296 50.9663
646 39.7687 106.148 44.8978
647 37.232 94.5678 47.4028
648 29.068 114.09 50.5959
649 35.3612 113.864 68.6445
650 27.9253 114.167 58.7376
651 35.6571 114.153 54.415
652 47.9026 101.474 72.2203
653 55.6118 114.16 47.7763
654 19.125 114.214 61.2429
655 34.2015 95.4568 65.8721
656 69.9735 100.929 58.8849
657 24.3652 91.1709 78.5313
658 48.8563 104.088 73.7595
659 45.8751 110.062 70.6317
660 15.6701 95.7155 84.6986
661 37.9075 111.575 75.3402
662 35.831 114.639 78.4905
663 38.7974 114.165 82.1136
664 43.9586 114.439 85.6712
665 37.5504 100.754 73.1578
666 41.5894 113.943 100.642
667 46.8012 80.7604 74.7753
668 49.6124 107.451 84.6738
669 30.1194 100.487 67.5163
670 45.2937 96.1199 73.5576
671 35.2262 103.632 83.8986
672 41.6071 103.198 90.5682
673 39.7162 114.25 103.956
674 34.0617 84.6391 98.4272
675 43.7151 109.478 99.5832
676 57.7351 107.779 84.195
677 34.1633 114.114 96.7328
678 56.4786 97.5598 83.0794
679 28.7841 114.458 101.546
680 33.6103 87.194 114.075
681 48.8189 95.8161 99.4922
682 40.7269 104.788 110.873
683 43.6292 87.0249 114.052
684 48.1954 114.558 110.367
685 24.9854 105.619 113.361
686 20.7281 114.208 108.354
687 41.8671 109.573 113.823
688 64.0822 101.052 101.152
689 57.7548 96.8419 113.623
690 50.7642 113.999 104.937
691 68.8077 0.0541085 4.15075
692 70.6687 15.1777 0.101972
693 83.6841 16.0348 11.281
694 83.8887 25.4736 7.73081
695 61.806 13.7778 -0.259326
696 55.8326 22.5523 22.5413
697 62.4225 0.277013 14.6478
698 69.3138 17.0749 17.2533
699 62.2538 21.5437 11.7857
700 64.4385 0.0123852 32.4318
701 69.5713 11.4871 27.3365
702 89.9692 0.116665 18.7253
703 67.8317 13.2939 18.4329
704 67.1403 15.4703 21.3122
705 74.0103 41.1644 -0.369968
706 63.555 14.0407 44.882
707 71.9018 10.3213 40.0599
708 78.1397 31.594 37.6749
709 99.1087 25.6896 58.5492
710 55.7512 32.1162 37.2257
711 51.6595 -0.16379 36.9656
712 57.2625 20.4546 40.3911
713 61.2985 0.0286439 40.7406
714 67.6583 17.6197 33.1385
715 65.2397 15.4819 47.7953
716 59.5316 15.2297 43.7595
717 54.0865 -0.178985 56.1875
718 79.2009 16.4741 46.8528
719 57.1844 0.18247 61.3318
720 80.9926 13.8462 71.0669
721 76.8397 0.0779803 73.9839
722 68.9476 -0.0100563 59.8347
723 63.4326 5.70081 63.5603
724 71.9771 0.150336 82.744
725 72.0285 29.2184 62.078
726 64.9069 7.52002 59.7695
727 69.6793 4.87759 78.8902
728 48.2537 19.8676 87.757
729 74.4779 -0.224134 77.1545
730 69.797 12.9319 82.2445
731 39.8819 0.144341 81.819
732 85.7869 0.0961077 99.5826
733 74.4855 0.123032 105.551
734 89.3641 0.208431 103.584
735 87.7856 20.0857 114.22
736 84.5792 29.9528 108.882
737 59.3125 22.6712 100.501
738 67.3193 -0.0600475 100.081
739 90.1907 17.4812 89.0089
740 67.052 27.5405 114.694
741 61.6167 12.7555 113.883
742 70.0739 10.6133 102.649
743 87.1715 18.0038 100.296
744 56.9261 1.42181 113.603
745 80.6218 6.2327 113.571
746 63.9231 -0.0674631 96.3992
747 63.8439 14.9845 113.883
748 75.784 26.4587 -0.54642
749 73.8555 43.5279 -0.343082
750 96.1842 43.4351 -0.828117
751 81.929 32.4154 15.8629
752 71.6903 31.2008 -0.501885
753 61.7648 23.8591 -0.442384
754 70.3353 41.7869 20.663
755 46.9259 40.9134 16.7796
756 50.5944 42.1205 20.9076
757 46.7314 21.6316 25.7218
758 67.8305 12.3976 33.5476
759 65.8644 54.5726 33.4499
760 57.7701 24.541 40.8851
761 72.0579 31.4044 34.4667
762 60.4463 31.4773 36.3888
763 83.8987 26.0088 60.3449
764 76.5749 51.8645 45.5775
765 57.7614 40.0655 57.6382
766 61.71 37.3305 47.4139
767 66.4546 37.7405 51.3802
768 88.6414 15.4157 47.7122
769 77.4868 41.7622 43.7534
770 100.539 45.4397 57.0331
771 76.146 29.8288 47.8779
772 90.7708 31.6905 68.1691
773 74.4326 28.5479 72.8988
774 72.7532 42.6562 82.8052
775 51.7251 28.5233 49.5214
776 60.7244 23.8577 64.2696
777 69.0338 44.9278 66.9545
778 82.1166 42.6845 56.9055
779 90.1325 28.0781 53.3649
780 77.462 26.271 57.2372
781 68.2118 28.6114 76.2161
782 63.9944 37.0635 64.9911
783 63.8054 39.3489 83.2714
784 73.7686 17.4058 75.7079
785 77.5711 35.2218 74.2364
786 66.9663 26.3751 74.6565
787 75.7855 40.0198 78.4536
788 56.3206 39.1113 92.6987
789 63.7689 49.1927 72.7954
790 70.5481 24.4938 75.2008
791 84.5222 58.1118 76.287
792 66.0786 49.61 72.1809
793 70.2313 26.4545 72.8404
794 57.2384 31.0395 99.2544
795 54.4602 39.8877 91.4837
796 61.9614 37.0286 110.387
797 102.545 18.1522 98.3497
798 71.7162 41.5736 97.5635
799 68.1562 50.9327 97.6798
800 87.4914 30.9821 93.6909
801 78.048 24.2175 90.864
802 81.7627 18.2376 85.1954
803 67.1786 31.9678 82.1041
804 53.4487 35.0334 113.725
805 72.4948 31.2792 113.62
806 49.0514 30.2536 89.9209
807 71.879 29.346 100.603
808 57.0464 33.5833 99.3555
809 80.2663 32.2809 113.988
810 78.9719 44.9059 -0.109276
811 67.704 53.5346 -0.435062
812 75.7525 53.6394 -0.487501
813 61.3063 56.8035 22.6604
814 59.874 59.9277 12.2994
815 69.1684 52.6282 5.63762
816 72.0797 63.7826 17.2061
817 90.5077 65.5178 18.5459
818 71.3216 57.6231 7.56962
819 77.7672 60.2114 7.65071
820 83.3051 46.8121 13.7242
821 63.429 53.9499 13.9537
822 59.7336 57.4566 15.3949
823 59.5675 61.2622 27.5986
824 59.5611 68.7919 23.7535
825 63.8863 66.4029 31.0901
826 61.3105 58.2955 13.3147
827 61.9624 55.3452 14.6384
828 78.4589 69.6133 37.4102
829 90.0796 48.1606 35.3968
830 73.179 56.4987 43.5066
831 82.4618 54.3923 35.1412
832 51.1384 70.0443 35.5636
833 84.2882 49.6635 26.5901
834 68.1552 69.3134 36.6264
835 68.5432 81.3301 36.5877
836 85.6542 68.5649 17.3307
837 85.906 57.0516 40.3973
838 73.7938 53.8862 41.5252
839 86.1345 62.1213 79.1166
840 61.2264 60.9481 50.2638
841 72.5607 70.1587 54.8476
842 64.7967 49.9364 59.9448
843 58.6389 56.965 63.0787
844 82.7587 56.9481 56.1562
845 83.2631 59.5222 56.1042
846 80.3583 47.637 60.2547
847 61.7861 53.8167 62.5805
848 75.0455 56.1277 46.9546
849 57.6358 45.1869 64.3205
850 80.8355 53.0449 76.0635
851 77.3532 68.4316 71.0518
852 73.5207 71.4161 85.9027
853 69.149 56.8235 66.4768
854 60.1495 38.8176 69.3311
855 77.7558 58.1499 59.8932
856 79.1149 52.187 91.2888
857 71.828 52.5504 78.3927
858 89.087 65.721 83.2425
859 61.5445 53.9467 94.2884
860 55.7868 72.9376 98.4692
861 72.6539 48.9495 92.4472
862 69.9792 68.8212 100.609
863 68.4194 45.0525 103.818
864 58.5712 56.8455 84.0788
865 87.9471 47.9312 98.8058
866 68.7896 51.1904 78.2697
867 66.6132 65.1648 93.4846
868 89.3324 63.1389 104.169
869 91.1856 55.18 100.362
870 84.9533 45.8306 113.588
871 68.6669 65.6097 113.528
872 73.9907 59.7435 113.75
873 89.886 65.1604 99.265
874 92.1567 59.7828 113.918
875 84.1298 54.6729 113.923
876 84.2951 82.8798 7.79909
877 67.9684 72.0102 8.61828
878 91.0792 84.4448 -0.00138289
879 64.3622 91.3774 15.614
880 65.9352 90.6113 -0.267985
881 68.1776 80.709 -0.626815
882 62.0025 84.9857 11.6144
883 69.6732 71.0917 10.3825
884 65.9975 73.6021 -0.36199
885 66.9399 95.8111 11.7143
886 65.6839 80.6013 21.2196
887 65.8921 69.3892 8.90837
888 89.3546 65.6735 8.04935
889 65.362 73.8741 24.3404
890 81.5893 74.5948 33.813
891 68.1175 93.8238 8.88993
892 69.8156 70.3523 32.3839
893 58.4479 77.5608 44.4221
894 86.0176 72.5223 42.6039
895 73.7373 77.9958 28.452
896 84.0424 76.1104 37.8412
897 80.8584 68.6426 36.3808
898 90.0189 87.5801 17.9177
899 76.4559 68.105 36.1653
900 80.53 82.9999 48.3944
901 81.054 96.7227 38.706
902 64.3552 72.5515 53.0991
903 57.8214 88.8433 58.5145
904 77.2034 83.6899 43.5954
905 83.9519 70.6872 49.5874
906 64.664 95.7047 57.2913
907 77.7794 73.0866 52.8645
908 62.8285 86.0417 53.8603
909 50.4893 94.375 56.1563
910 64.4524 85.1792 48.0232
911 84.5311 65.9284 76.4229
912 64.4217 83.096 69.3895
913 72.0894 96.3263 58.6351
914 58.3543 85.82 60.7543
915 90.5889 81.3978 75.1969
916 58.0521 68.2767 66.1296
917 52.3772 57.0146 80.9049
918 79.5823 92.9761 81.7119
919 64.0389 78.6475 76.2294
920 80.5023 77.1291 80.8224
921 83.7525 91.2537 69.4983
922 71.9566 73.2006 80.6352
923 62.6857 73.7606 96.2016
924 61.851 78.8894 90.2103
925 73.3131 77.8965 83.1923
926 57.1263 66.6259 80.3708
927 76.0086 81.9963 95.9691
928 65.4006 82.1097 103.965
929 81.1756 70.8273 113.683
930 59.9873 81.9814 113.891
931 72.0751 76.8352 113.791
932 88.9484 73.3138 113.809
933 77.8097 72.342 113.855
934 71.9068 79.8443 113.951
935 61.5042 89.421 113.719
936 66.045 78.3541 94.3817
937 60.3978 88.5885 99.7358
938 86.9008 97.0359 7.3787
939 59.8845 97.4558 11.1108
940 51.7175 98.4495 9.8116
941 75.9494 90.5465 -0.176132
942 78.5218 95.4655 32.1114
943 78.2352 114.195 12.0127
944 72.009 114.163 34.0794
945 63.9757 90.2223 31.6574
946 73.7062 114.145 8.64012
947 69.7803 114.203 29.639
948 64.0028 103.333 10.3038
949 55.6902 109.561 29.1397
950 53.9102 95.5056 25.2165
951 72.384 113.983 37.2746
952 69.0941 106.755 52.6608
953 75.3964 93.0339 23.6817
954 84.9447 92.9649 29.2879
955 66.1984 90.4825 46.4634
956 82.102 98.7431 47.7606
957 81.1263 114.093 59.1268
958 51.4576 99.522 50.9588
959 92.2933 94.9384 50.1283
960 66.1828 87.8401 46.5
961 76.7037 100.676 50.3172
962 88.7161 114.067 51.9971
963 51.8421 114.473 33.4783
964 51.5654 89.805 43.5476
965 89.8399 97.7167 50.0879
966 60.3793 99.6124 59.957
967 58.4534 109.31 49.1497
968 78.6822 95.2034 37.7526
969 83.8041 99.7296 57.9896
970 101.405 95.5527 64.0773
971 57.7784 114.166 71.9223
972 72.7975 114.324 66.6279
973 83.8167 97.4673 63.6591
974 68.8429 114.035 59.3296
975 69.966 81.8676 61.1772
976 84.0241 114.128 79.1014
977 83.8221 102.714 56.5058
978 70.0202 90.4474 84.1229
979 81.0423 111.664 80.3873
980 73.7863 101.686 89.4495
981 68.7 114.211 80.8565
982 66.8219 113.918 76.6902
983 75.9798 114.096 72.3674
984 59.491 91.4076 82.3077
985 79.8692 114.1 65.154
986 85.0824 114.13 108.587
987 67.6103 97.8361 94.3351
988 75.8526 102.19 92.0909
989 76.8773 93.1371 78.0486
990 58.988 93.4356 82.0646
991 76.1215 113.933 100.124
992 68.7995 88.8882 94.5755
993 73.5136 110.236 97.3453
994 62.6338 90.587 88.8108
995 67.5361 114.149 96.4493
996 52.6674 98.6844 85.7906
997 44.4799 114.262 99.9057
998 69.0715 100.391 113.425
999 60.8834 113.975 108.564
1000 81.7926 104.464 113.725
1001 62.0903 102.016 113.946
1002 105.074 81.0359 113.7
1003 68.5161 95.6395 113.692
1004 80.1762 114.117 100.167
1005 57.7422 106.91 99.4023
1006 92.0738 99.4813 102.952
1007 60.5594 100.625 113.554
1008 114.087 21.1117 6.11458
1009 102.056 15.2699 8.40809
1010 94.8338 24.1103 4.59313
1011 105.562 13.5749 8.01292
1012 93.2992 0.924307 0.673829
1013 97.9611 7.58676 12.3315
1014 78.3267 18.7148 18.5322
1015 99.3586 21.4306 18.6421
1016 103.187 6.56852 25.8345
1017 102.069 -0.212287 22.7167
1018 92.9088 10.0551 10.6879
1019 84.2026 -0.472339 15.7111
1020 86.9626 6.57532 25.8285
1021 86.4544 15.3762 14.4255
1022 98.8988 25.312 23.2814
1023 89.2739 7.9382 26.79
1024 113.844 2.13037 24.0131
1025 98.0401 32.2502 33.5165
1026 91.0826 19.5838 27.9901
1027 106.492 8.59067 32.4511
1028 101.732 14.9854 26.293
1029 87.592 17.6848 44.3438
1030 92.8897 19.3342 43.6373
1031 94.0728 -0.300963 57.8065
1032 114.533 10.4614 54.7973
1033 108.106 12.7513 53.6584
1034 114.263 14.7939 40.3975
1035 93.6558 0.11693 47.0684
1036 100.825 30.8716 34.1319
1037 83.2902 15.964 44.6676
1038 106.588 19.0627 51.7167
1039 96.5134 -0.00379042 82.6707
1040 114.306 17.9115 68.8299
1041 104.312 -0.0806875 75.4019
1042 112.552 -0.804849 65.5765
1043 92.3043 -0.0891865 68.2843
1044 102.955 13.1313 65.4489
1045 100.157 31.0016 59.6696
1046 101.586 -0.543545 85.652
1047 74.0894 17.885 78.0127
1048 114.123 34.1593 85.6273
1049 99.4693 0.0804298 77.3115
1050 110.947 -0.667032 90.5621
1051 114.308 13.7925 76.1017
1052 107.647 30.4858 79.3816
1053 114.447 20.3031 95.2323
1054 108.346 -0.203919 82.6385
1055 110.841 -0.54512 69.5594
1056 86.2803 15.0351 96.0939
1057 113.357 0.516741 87.7439
1058 102.151 12.3028 89.6788
1059 95.1406 0.135738 91.3466
1060 90.6282 14.7932 84.1012
1061 114.342 3.03411 82.7355
1062 91.4823 14.8138 91.0823
1063 98.0634 14.5044 97.325
1064 90.1615 0.00307511 99.3976
1065 114.138 7.29235 87.3955
1066 90.723 -0.0191075 112.383
1067 105.995 7.82448 113.568
1068 112.351 5.31673 113.53
1069 108.251 0.0791501 109.62
1070 90.7693 44.7705 -0.0936665
1071 93.3352 44.1425 8.57213
1072 96.9087 24.8046 3.47899
1073 101.749 39.4648 17.2766
1074 99.155 45.068 -0.233623
1075 99.5399 36.0212 -0.238735
1076 102.792 42.1547 21.1664
1077 104.431 42.3019 12.5371
1078 100.734 24.3997 22.3899
1079 95.8696 39.5168 12.0902
1080 92.2187 40.7528 28.5396
1081 114.309 42.9936 34.2903
1082 82.9567 34.7281 20.8288
1083 114.417 33.2884 27.1668
1084 103.407 23.233 37.4935
1085 82.8654 50.3903 23.5121
1086 99.902 44.4578 42.2661
1087 114.187 28.3566 35.8939
1088 114.555 28.9242 45.2711
1089 89.7515 25.223 29.0903
1090 92.8722 30.3626 26.6956
1091 88.0059 26.8438 44.5192
1092 90.1135 23.0914 53.3007
1093 102.546 21.8601 47.4802
1094 102.2 34.9857 54.0381
1095 114.327 32.4668 40.6564
1096 96.8106 43.4343 57.0546
1097 102.773 20.1668 44.1382
1098 98.2751 37.8754 46.18
1099 114.0 25.8691 36.1101
1100 84.958 33.3989 62.3668
1101 104.444 16.2593 52.3393
1102 114.435 29.2291 58.4011
1103 104.674 18.6547 57.0106
1104 92.36 39.5361 50.8386
1105 82.3663 41.1212 65.7671
1106 97.9916 24.8611 71.6028
1107 87.446 38.3953 53.339
1108 95.5071 37.9975 65.4132
1109 114.452 37.2651 54.8396
1110 114.397 38.5542 69.5354
1111 100.361 42.6141 57.2953
1112 101.129 40.4418 68.8815
1113 100.411 30.772 56.6042
1114 85.9662 29.3489 79.8735
1115 98.3746 20.738 60.4718
1116 114.169 40.3554 90.0779
1117 97.8571 8.5552 63.9401
1118 114.367 46.9956 80.6808
1119 87.1371 25.9021 79.6084
1120 102.67 39.4544 83.7953
1121 77.7453 38.0428 73.7553
1122 90.2721 29.5295 76.0113
1123 88.0503 58.349 77.089
1124 88.1227 30.558 88.4725
1125 108.437 39.5278 82.7054
1126 89.698 33.4375 98.9498
1127 90.8299 36.5684 102.905
1128 94.1341 24.2134 86.828
1129 108.99 31.4511 113.676
1130 108.272 27.7589 113.615
1131 99.7298 47.4674 114.24
1132 102.053 40.9223 101.852
1133 114.237 36.0082 105.993
1134 112.108 32.4459 113.949
1135 100.92 35.9329 104.229
1136 93.7415 38.552 97.5027
1137 96.3995 59.7897 19.4502
1138 101.843 42.9523 11.1329
1139 103.031 47.0608 -0.210449
1140 106.054 56.4846 12.9201
1141 114.434 61.4918 22.4811
1142 106.246 65.2444 25.2285
1143 108.204 73.9073 19.6885
1144 106.603 56.5118 19.3507
1145 89.0042 48.649 15.2107
1146 114.268 52.6799 24.8948
1147 114.195 55.6009 21.615
1148 98.8988 63.802 20.9165
1149 94.4387 74.6285 14.5146
1150 86.7385 54.0679 20.9472
1151 88.8572 67.1543 25.0781
1152 88.1932 54.5899 40.6754
1153 88.0978 55.8376 31.6771
1154 107.443 60.1533 37.4794
1155 102.68 64.9963 42.5974
1156 92.1235 56.0946 45.0099
1157 114.315 39.9456 18.0653
1158 105.453 57.2285 46.0609
1159 98.2461 71.1521 48.5088
1160 114.398 68.3596 57.165
1161 114.469 63.2132 55.3493
1162 97.246 52.4948 47.8689
1163 88.5278 46.7746 59.4874
1164 101.739 62.1989 40.7591
1165 114.338 53.8572 52.2712
1166 88.5666 73.947 29.5564
1167 114.328 64.5739 46.0881
1168 86.196 54.7606 51.3161
1169 100.285 57.4028 57.4917
1170 100.413 55.1275 67.4058
1171 114.239 70.0046 73.8682
1172 114.476 59.0941 64.4832
1173 98.44 59.4026 68.225
1174 87.7276 53.0184 60.6384
1175 95.8103 66.5255 70.0522
1176 102.268 73.9564 72.7063
1177 100.703 61.4287 66.3092
1178 85.866 73.4697 69.4462
1179 88.2895 63.2182 62.8995
1180 82.0303 67.4703 57.3702
1181 108.08 51.6353 62.8849
1182 104.694 53.2685 70.8567
1183 109.096 38.5368 92.1969
1184 65.783 66.8583 89.6762
1185 98.2253 54.4248 78.9788
1186 101.628 46.5122 85.4517
1187 114.456 65.406 85.0425
1188 114.157 64.7776 75.8386
1189 94.1845 58.0104 77.8504
1190 114.566 40.343 68.9137
1191 102.678 57.3653 79.1694
1192 83.9906 56.5127 83.2171
1193 87.0871 58.8771 81.9052
1194 94.5274 55.0292 78.9816
1195 114.054 58.6184 92.2756
1196 104.784 72.8466 78.2243
1197 89.9655 66.6702 96.9783
1198 106.738 58.3421 94.0029
1199 77.6719 65.3461 85.213
1200 86.6237 54.1318 103.041
1201 86.0681 64.8411 113.993
1202 96.3506 41.8007 94.2714
1203 107.706 59.9542 114.388
1204 96.0252 78.5637 97.656
1205 96.2355 57.393 113.709
1206 110.188 64.9449 113.657
1207 94.27 87.7366 -0.320314
1208 87.6765 67.8298 -0.267024
1209 102.23 86.2981 12.9626
1210 114.19 86.8753 19.7573
1211 83.3663 97.1034 9.14481
1212 114.134 78.7313 8.51926
1213 90.18 78.1751 -0.238201
1214 83.9056 70.0315 7.48458
1215 102.08 78.7183 9.69766
1216 106.338 87.7113 -0.129478
1217 114.184 83.6753 22.7369
1218 114.396 70.4897 20.3193
1219 96.9514 76.927 24.9057
1220 89.8465 84.3136 19.6154
1221 114.312 77.0407 38.9984
1222 114.236 81.8491 12.6089
1223 88.0686 88.2883 20.5076
1224 93.926 86.8693 22.4652
1225 91.8688 79.4149 15.8882
1226 96.5931 81.3099 38.3875
1227 114.286 88.8055 31.4457
1228 97.332 67.4667 40.679
1229 96.6857 70.6063 43.0285
1230 86.9229 84.1839 49.0567
1231 72.7455 71.7353 38.6171
1232 114.5 81.8217 38.6514
1233 100.234 89.0726 37.1468
1234 94.0217 73.0957 49.91
1235 99.2675 75.4835 44.5971
1236 103.723 97.0157 63.3721
1237 97.6933 76.9451 45.704
1238 114.453 88.375 50.2842
1239 94.1991 86.7932 50.5922
1240 87.8468 87.1756 56.6516
1241 100.606 80.7919 62.2954
1242 88.2178 72.9578 66.9518
1243 93.6559 75.6518 41.2291
1244 98.2229 63.901 47.6412
1245 114.199 89.7158 67.0097
1246 110.666 63.2112 63.2344
1247 98.0816 64.8129 68.2859
1248 114.444 89.7364 59.7325
1249 100.924 70.8106 71.0952
1250 108.606 78.8161 72.9038
1251 98.6427 78.1248 81.4268
1252 83.913 77.3871 88.9055
1253 114.248 74.0411 73.6512
1254 90.264 69.0847 72.7619
1255 99.3883 74.6499 84.3462
1256 114.441 76.1426 80.4513
1257 90.077 80.7286 77.236
1258 114.217 84.0364 78.9661
1259 96.8787 80.8605 92.2011
1260 102.943 94.2446 84.1701
1261 114.382 85.7039 90.3575
1262 96.7803 84.7097 101.844
1263 98.4351 82.0141 100.056
1264 71.5198 66.4446 97.9318
1265 114.454 84.6779 85.5122
1266 109.11 72.1111 108.748
1267 88.2833 69.6818 113.716
1268 114.21 73.0538 104.447
1269 92.2523 72.1241 113.92
1270 114.161 93.232 106.288
1271 114.289 79.8489 96.8612
1272 94.1339 87.1629 113.894
1273 102.392 84.2594 93.4614
1274 112.293 94.5182 113.999
1275 78.802 74.4049 105.395
1276 114.372 83.9039 99.9295
1277 92.1876 81.9211 113.978
1278 92.246 66.6306 107.528
1279 98.5301 82.9631 102.4
1280 104.889 58.7555 113.57
1281 114.174 99.2576 4.09608
1282 99.9759 113.902 26.3615
1283 110.703 114.791 14.581
1284 114.214 97.8329 13.4929
1285 90.4917 100.138 11.4116
1286 111.378 90.6188 25.9547
1287 97.8937 103.705 22.9575
1288 99.6497 91.9354 21.6619
1289 114.267 98.9307 31.231
1290 103.95 91.3537 19.3568
1291 93.2657 103.455 15.4247
1292 88.9536 94.773 27.0196
1293 96.6832 100.32 28.9789
1294 111.345 114.304 28.6582
1295 89.9176 114.071 37.0394
1296 98.5556 102.081 35.5453
1297 94.1085 107.057 32.858
1298 98.4867 114.197 47.7113
1299 114.469 103.484 31.5418
1300 108.741 105.353 27.442
1301 98.1932 101.71 15.0517
1302 89.9808 87.2197 32.7458
1303 104.702 114.336 50.6406
1304 114.227 88.1843 43.2618
1305 114.312 109.413 46.1056
1306 99.0552 114.183 55.8029
1307 85.4284 91.9328 45.9392
1308 96.4051 99.7149 46.3621
1309 107.991 103.68 53.9546
1310 95.8751 92.0498 51.1164
1311 87.3289 94.8312 79.3391
1312 105.807 95.4374 62.3237
1313 108.386 114.232 58.0882
1314 99.2158 114.22 76.2777
1315 106.646 98.821 62.8007
1316 100.341 94.1473 61.552
1317 114.253 100.819 78.29
1318 108.507 106.518 78.9791
1319 87.3909 95.3947 86.8181
1320 96.14 81.4174 55.0577
1321 114.184 93.1912 71.4244
1322 114.295 94.671 75.5761
1323 112.51 114.283 79.3755
1324 114.133 98.8923 101.6
1325 90.9384 101.575 90.9432
1326 105.007 102.431 90.0363
1327 84.5305 82.3502 88.0548
1328 112.95 90.6438 113.434
1329 114.208 99.7149 94.8961
1330 96.4528 114.082 100.104
1331 92.3266 106.083 94.2978
1332 82.7601 99.5366 98.3893
1333 82.1344 114.178 96.661
1334 100.129 101.47 106.735
1335 90.1697 100.551 98.1089
1336 114.062 103.306 111.667
1337 114.395 65.966 97.5737
1338 114.56 110.918 94.4352
1339 100.894 111.898 101.905
1340 114.207 104.618 103.768
1341 94.1185 99.949 102.376
