0 9.3698 18.867 -0.118501
1 7.78232 -0.0121157 5.46097
2 11.5477 23.6157 15.0222
3 37.4179 0.145379 12.1979
4 27.3486 3.86291 -0.0967674
5 11.2458 13.6824 -0.230826
6 2.83312 5.82264 7.48102
7 14.2736 -0.0985074 14.2553
8 21.637 11.418 -0.0895483
9 -0.883831 14.9749 1.52753
10 11.3485 2.26623 95.1866
11 54.934 1.79509 23.9824
12 4.66121 8.54496 58.1577
13 0.379823 0.229404 10.7333
14 67.7439 75.6055 -0.198489
15 4.94538 18.0433 86.0419
16 6.63038 8.99139 73.551
17 12.7949 -0.119759 21.6799
18 7.19405 31.262 67.2473
19 1.00829 37.5202 15.8853
20 47.2041 1.2001 24.7496
21 1.31727 23.7147 17.3612
22 13.6993 36.819 21.1107
23 108.659 6.07625 70.0422
24 5.35949 37.8026 35.682
25 87.2048 2.26949 29.8375
26 43.8985 2.79597 38.0438
27 6.96362 10.8162 27.671
28 36.8033 1.45107 24.8594
29 8.37206 2.42887 49.0556
30 6.96933 23.5936 72.698
31 7.3063 28.451 67.2304
32 3.27979 14.108 -0.587499
33 5.08878 32.0759 85.0465
34 5.04881 35.7939 80.6655
35 39.7676 1.08025 81.2949
36 87.5915 0.286172 104.377
37 70.2257 49.817 103.865
38 94.4585 0.83412 79.2348
39 4.12442 5.12446 93.0037
40 108.762 5.82831 73.5592
41 -0.904005 7.03381 114.858
42 36.115 0.251642 102.533
43 48.6454 0.338485 95.5041
44 28.2436 6.40093 126.992
45 48.4511 0.142466 110.0
46 4.18279 14.02 102.547
47 6.94907 17.2143 75.2264
48 65.4079 0.855349 89.7421
49 21.5275 16.8059 118.099
50 18.3835 0.261908 125.873
51 16.7028 -0.0231239 69.7459
52 -0.912881 3.21372 115.183
53 24.0947 43.2307 102.909
54 45.8417 -0.0367865 88.8108
55 23.5861 1.51935 101.239
56 15.4507 0.770039 105.221
57 7.15012 5.66638 66.4542
58 38.0025 0.877161 91.0795
59 4.15656 27.2369 106.58
60 -0.81294 15.8039 101.313
61 16.1121 0.0189457 122.03
62 27.4612 15.1386 127.137
63 20.6105 8.5404 126.69
64 1.44934 0.321492 119.746
65 11.2143 8.7334 122.038
66 24.9419 46.8057 15.704
67 25.2723 45.8671 25.0313
68 19.2567 38.6514 6.99552
69 -0.9113 36.7223 2.00544
70 15.2677 31.6721 20.2287
71 -0.875642 46.4847 1.90101
72 25.551 31.1463 -0.209556
73 22.2291 29.6013 -0.221642
74 70.885 40.0907 23.931
75 -0.891708 45.6332 8.11242
76 -0.390816 2.74021 5.58124
77 3.21185 45.4703 26.9831
78 4.63863 51.4935 36.7989
79 9.08605 -0.520477 32.2141
80 5.22 18.775 59.0553
81 7.33501 36.4765 51.4783
82 18.173 66.8529 -0.095146
83 7.1318 46.5432 61.4167
84 4.64668 62.5483 33.2252
85 9.58429 1.24474 54.0924
86 39.9492 0.682935 50.3606
87 5.3108 20.0678 51.6105
88 43.279 86.2364 28.6961
89 4.77606 10.7044 47.2594
90 4.32694 98.2298 39.6619
91 43.624 44.2253 41.2498
92 5.93509 5.35593 88.2694
93 6.67752 14.2734 80.2809
94 70.025 27.2986 99.4347
95 48.5939 54.1 61.8376
96 6.26281 67.8716 38.2723
97 46.6206 61.3106 66.1574
98 5.21623 49.2072 66.3745
99 7.12167 40.9601 61.4367
100 41.7844 60.9139 34.0534
101 7.20232 50.8198 -0.195548
102 71.7448 1.55492 52.1775
103 42.1914 101.728 102.025
104 34.5378 2.12999 69.7773
105 5.08954 40.6295 81.7778
106 49.9424 57.2059 66.415
107 4.7622 27.569 99.2622
108 6.95179 28.6544 62.0747
109 67.7859 19.8274 96.2873
110 7.41137 3.24031 78.6596
111 5.16182 33.402 77.609
112 66.0613 24.2552 78.1031
113 -0.330992 49.9685 108.932
114 47.9272 56.854 62.9962
115 2.18188 25.5107 109.454
116 6.92193 12.7531 70.905
117 19.1588 56.2886 109.308
118 7.17044 44.557 58.7384
119 37.7642 47.9596 116.101
120 27.6468 1.60765 81.5107
121 7.42638 1.60169 94.0053
122 67.863 17.7004 77.1381
123 3.91651 16.5068 126.747
124 25.5366 44.5342 109.631
125 18.1063 38.4148 114.228
126 24.0838 41.1586 119.725
127 22.313 44.6733 118.614
128 11.6639 39.3773 120.122
129 22.7851 46.3571 123.482
130 8.0494 36.1347 126.897
131 16.5734 46.1027 127.083
132 31.7154 17.7914 127.128
133 29.2522 32.622 122.701
134 32.556 61.3319 8.44984
135 10.0452 57.1492 0.166686
136 19.6582 67.5101 17.9789
137 29.2402 61.904 12.8209
138 1.78091 51.3662 18.9001
139 -1.03066 65.7462 13.341
140 52.9535 34.4563 53.6677
141 1.96057 108.358 26.6771
142 3.86959 103.782 34.4025
143 -0.506173 42.4785 3.98163
144 7.19425 42.4375 53.6073
145 -0.701208 54.0967 3.54849
146 13.4106 60.5715 11.154
147 5.30957 90.8735 52.4283
148 27.9637 47.1574 58.7149
149 37.6792 46.8284 24.2092
150 39.9517 43.4277 61.6008
151 7.58294 79.7317 91.3157
152 7.14949 73.2047 77.2292
153 45.8068 60.7619 64.3746
154 74.5481 71.7252 21.5405
155 14.751 0.0145445 66.0549
156 5.09797 61.0632 75.9583
157 2.79115 57.8121 24.7263
158 5.02136 71.3136 52.0213
159 -0.659445 84.7607 10.9557
160 5.37827 46.4876 65.4585
161 48.0924 61.4364 67.157
162 4.9372 16.2219 35.588
163 6.85453 4.05773 45.3694
164 3.10928 51.1603 29.0709
165 6.59109 34.6283 70.3377
166 7.21833 24.7695 70.08
167 5.37406 39.2349 96.6007
168 5.17086 57.3812 66.9604
169 4.68983 29.7665 90.2839
170 25.4506 37.3697 110.309
171 54.1371 72.5247 101.763
172 4.87828 43.5938 84.3119
173 46.8929 55.6775 62.0655
174 64.332 69.9504 98.3137
175 7.88724 100.218 98.4238
176 39.2899 101.247 85.6785
177 60.1586 52.7031 102.585
178 29.117 77.9012 107.327
179 5.01892 59.4195 76.6527
180 45.2991 111.172 88.0119
181 6.96581 62.6883 84.0128
182 49.9263 58.4857 64.2075
183 25.2872 36.3444 107.754
184 0.352142 36.9288 112.806
185 7.411 68.4354 77.0471
186 -0.768226 50.1536 108.373
187 7.41718 75.2851 105.514
188 3.50836 84.0977 110.399
189 12.173 63.0974 127.006
190 4.2578 53.7707 127.086
191 1.11713 67.5904 127.203
192 19.4314 66.2298 118.484
193 19.6684 69.8851 127.364
194 -0.693943 55.0214 115.724
195 7.46786 57.4639 127.373
196 20.4761 48.5826 126.94
197 23.5335 47.1267 120.285
198 28.7077 63.4368 127.212
199 -0.589166 68.7253 8.54576
200 -0.659406 88.7484 8.66152
201 15.1709 78.5851 20.9183
202 22.1599 79.2477 14.2194
203 23.5747 81.0169 6.39386
204 18.0654 84.4007 0.151028
205 10.0102 77.1224 -0.0236078
206 23.8334 78.9049 3.41716
207 2.15905 75.7112 11.7321
208 19.3065 63.3674 -0.510002
209 9.31448 93.0862 0.0607293
210 3.06912 52.8362 26.6187
211 11.1803 88.6091 13.5021
212 26.9826 48.7924 57.7007
213 4.70975 96.3164 40.3527
214 6.92004 108.738 54.6583
215 5.01477 75.974 53.0948
216 5.16035 62.6359 39.965
217 20.944 23.6302 -0.660736
218 1.75645 81.9045 26.6186
219 4.70085 103.648 46.5575
220 1.36889 76.297 20.4746
221 2.63117 61.1417 27.0408
222 59.7364 113.848 58.9392
223 3.74799 87.8451 28.9916
224 32.5983 31.6893 20.5613
225 61.8676 110.634 -0.508656
226 -0.548005 94.5663 18.0412
227 7.66305 95.101 80.0247
228 84.3821 74.2692 24.9824
229 9.59249 103.657 104.273
230 14.0989 112.749 60.2009
231 6.90521 48.635 41.353
232 7.59353 76.8491 81.0612
233 54.2201 58.4166 100.341
234 7.42855 48.1924 56.0021
235 5.09187 41.6008 77.346
236 5.18042 61.5745 47.508
237 5.51597 23.6405 29.8632
238 4.87786 79.5318 53.7008
239 6.54042 86.9499 57.7033
240 4.76218 70.4192 57.7758
241 5.44653 49.8988 103.095
242 60.0175 111.777 78.3884
243 7.28025 73.2535 95.765
244 5.04095 80.4836 57.7286
245 4.58401 84.9448 38.1751
246 19.59 112.446 56.5828
247 33.3602 1.99175 23.9463
248 39.8086 87.7113 84.5405
249 7.12533 95.9074 65.3267
250 4.91808 48.8953 83.09
251 7.13153 39.0931 46.3263
252 7.15678 93.9528 67.9547
253 7.52235 97.5245 81.8369
254 7.49172 78.7755 83.9002
255 11.664 114.914 87.5534
256 7.34053 79.789 75.888
257 13.1995 113.847 76.4031
258 5.2446 43.8654 69.9716
259 7.08628 70.1353 91.5964
260 5.1273 70.2421 63.2834
261 7.32506 101.407 62.4196
262 -0.833826 110.217 112.353
263 26.7076 96.3077 87.7371
264 36.4179 46.5497 103.066
265 21.3165 59.8313 127.563
266 41.7998 86.4562 83.5919
267 -0.813251 50.5019 122.788
268 53.7277 113.996 114.007
269 26.0791 97.0196 93.291
270 9.7359 101.796 106.432
271 18.1079 86.5259 118.471
272 20.7929 77.9988 127.184
273 -0.49389 72.5364 124.395
274 4.81099 86.6957 122.082
275 19.6309 74.269 110.28
276 24.9753 72.4125 110.389
277 40.6599 83.1426 127.088
278 26.3003 111.977 -0.0549938
279 29.5816 100.617 -0.312797
280 18.7072 92.0886 0.0322506
281 3.13931 113.719 9.22213
282 19.607 114.742 4.27563
283 1.24147 97.7096 -0.165075
284 42.9602 97.0694 -0.0957002
285 13.2371 95.5458 -0.198066
286 4.6337 106.816 41.892
287 10.3885 111.735 37.1688
288 4.58999 93.6817 33.3219
289 5.36361 106.914 12.0583
290 1.48791 91.8905 21.9242
291 61.4538 83.3896 -0.807828
292 6.2149 67.3179 -0.0663674
293 37.8871 112.975 24.6979
294 54.5644 113.766 111.173
295 -0.805411 107.541 8.03771
296 68.6677 113.848 29.7059
297 3.98927 76.5376 35.8089
298 27.5922 112.61 24.8573
299 41.9489 80.159 55.2149
300 55.5878 78.517 48.652
301 1.36015 106.5 23.4387
302 15.63 112.364 56.2991
303 7.14587 86.8126 61.7343
304 7.36667 101.134 65.5878
305 -0.873808 94.5536 10.9946
306 2.81935 94.3742 26.3557
307 80.8266 45.2672 20.2407
308 4.41625 96.594 34.8969
309 28.9765 65.6048 53.1003
310 4.6926 85.3861 45.8654
311 -0.549759 85.5461 6.20851
312 4.90499 60.8319 57.5145
313 7.68228 103.519 82.0384
314 4.66062 97.3892 47.6631
315 47.7619 113.965 16.1692
316 77.4839 113.418 60.2754
317 4.10998 83.8154 34.936
318 8.08641 90.3373 99.8512
319 4.92327 77.9462 57.8338
320 73.1329 113.992 55.5208
321 9.81215 105.304 100.016
322 9.45794 111.152 73.2748
323 93.4859 111.019 76.9227
324 65.0212 109.947 92.386
325 6.70592 52.4218 51.8895
326 7.54096 99.2969 89.4538
327 7.70127 99.9273 96.7084
328 3.58608 106.845 109.933
329 26.9024 97.7047 121.097
330 76.9444 114.035 37.1957
331 1.86258 114.482 120.833
332 6.84232 101.292 116.591
333 7.75361 97.1841 101.602
334 43.0561 112.898 32.7659
335 -0.623089 94.7851 122.79
336 10.8467 95.4101 108.611
337 45.7803 109.738 99.7961
338 26.0601 114.729 126.193
339 31.7428 109.34 127.263
340 -0.511742 102.007 115.574
341 16.7655 105.632 126.874
342 -0.935519 110.741 110.931
343 36.791 13.9565 8.18976
344 26.4898 4.66874 7.09991
345 51.3396 -0.174922 8.90563
346 45.757 16.3189 -0.0246536
347 58.7585 -0.130019 14.2066
348 44.7971 21.5416 1.2056
349 34.5451 12.6846 -0.0590795
350 47.563 20.4901 8.24573
351 40.9247 26.1965 8.10593
352 22.9908 -0.0602076 2.04521
353 63.9084 1.18209 0.8065
354 7.13091 2.18578 30.947
355 4.87225 14.5874 61.5231
356 85.9248 1.42693 23.533
357 7.27564 96.8825 68.265
358 33.8976 26.1615 11.4197
359 3.46308 43.7647 34.366
360 5.30009 32.3175 48.9128
361 7.3429 7.10184 22.5549
362 34.4515 47.2219 101.617
363 63.2425 2.53943 49.1985
364 53.5026 1.83087 56.3674
365 24.62 1.2241 50.8861
366 44.818 1.03595 55.1395
367 6.80924 13.6708 73.2304
368 114.153 9.52909 114.422
369 76.5797 6.59125 127.085
370 29.7674 4.21598 0.0523317
371 68.8687 39.0577 25.2797
372 16.4526 0.906222 71.8007
373 23.4954 1.25773 30.4322
374 4.89102 7.36389 50.934
375 50.1978 57.5499 61.7158
376 18.4026 54.7828 111.299
377 22.8555 0.683544 104.647
378 38.205 43.7087 106.8
379 27.322 38.5587 110.58
380 38.0587 0.962546 43.6275
381 70.3306 0.432522 95.3935
382 10.3886 0.210423 19.8327
383 5.36259 36.1235 87.6141
384 62.3568 0.306198 65.103
385 11.2354 2.26797 83.1542
386 62.0436 0.54061 95.9112
387 48.6661 16.4038 126.829
388 6.71253 5.19569 49.3643
389 71.8274 0.151111 92.2019
390 50.4268 21.9965 104.41
391 80.0486 0.778689 63.6608
392 66.599 0.549523 98.9331
393 53.3679 12.6563 127.206
394 39.4964 5.24114 127.243
395 39.5459 15.1357 127.391
396 43.0906 14.2817 123.488
397 36.1748 1.33617 126.864
398 37.4835 -0.166302 120.251
399 43.7027 17.5108 110.145
400 55.8186 12.4029 127.071
401 44.5898 8.96779 126.965
402 30.3573 32.4969 -0.0414141
403 33.4582 42.9845 18.2138
404 33.3683 41.5049 -0.597589
405 47.624 35.9082 -0.463579
406 53.5407 41.3441 -0.398785
407 45.7066 35.7005 14.4953
408 23.446 48.5554 6.8406
409 45.4729 30.463 11.7418
410 31.3539 28.7326 -0.256933
411 51.5045 39.0435 -0.366897
412 32.1992 44.4584 3.52404
413 37.4649 45.6125 7.81874
414 20.4722 0.95912 50.3069
415 14.7021 10.2212 0.0690272
416 41.4706 2.3238 29.7307
417 6.85427 80.5463 109.214
418 64.6868 0.675952 18.3975
419 46.8023 1.15639 71.3112
420 6.67584 50.7605 54.5431
421 85.8605 1.83676 27.8567
422 89.3315 0.206832 122.548
423 29.6554 2.06767 74.8428
424 64.1532 25.9303 67.2739
425 79.1941 41.2972 21.5156
426 79.6534 34.3385 68.7975
427 69.147 33.1379 80.6854
428 56.9468 0.914039 67.2576
429 47.0246 34.0644 55.7827
430 41.7232 78.6727 25.4619
431 7.05354 4.48 37.0974
432 5.35845 40.017 72.9389
433 66.8921 1.88933 24.0755
434 14.0754 0.561782 58.79
435 93.7966 -0.456281 6.25005
436 49.4354 59.9599 66.4172
437 8.00885 1.54153 57.651
438 42.5259 75.8483 106.738
439 5.05323 57.2088 73.6665
440 62.8919 24.3355 68.2102
441 10.3288 -0.0302325 41.3774
442 19.3984 0.00375138 28.3969
443 44.4365 80.9844 90.4184
444 4.96117 14.1811 47.9951
445 5.66463 38.9291 42.78
446 5.47011 29.7345 33.626
447 85.6929 20.6811 41.4779
448 54.725 0.939156 79.2443
449 79.5364 1.26898 51.865
450 69.276 47.0757 17.6257
451 7.01904 5.80364 29.9324
452 42.151 70.7996 109.418
453 80.723 69.7267 97.9515
454 5.27927 35.2628 75.091
455 78.7727 1.08488 74.727
456 37.0941 41.742 62.0636
457 67.5958 56.6291 50.0956
458 40.9972 42.0234 62.282
459 63.7491 53.9677 67.2133
460 89.6752 45.0367 105.057
461 13.393 25.7456 110.0
462 71.9438 34.6302 102.779
463 69.3855 52.6319 99.1178
464 47.9654 0.96555 81.1137
465 8.74462 61.6564 99.8279
466 67.0005 24.119 76.4764
467 59.2099 49.6978 68.6823
468 77.9173 61.286 92.9584
469 52.9254 49.9119 105.303
470 24.1057 43.7963 119.917
471 39.2179 46.8086 104.422
472 51.6272 38.8797 118.083
473 40.8798 39.9244 122.354
474 31.667 27.6163 127.38
475 40.6185 28.7091 126.916
476 50.3356 49.78 111.895
477 53.6874 46.4641 117.816
478 56.6405 28.4985 126.813
479 43.242 44.9638 113.528
480 33.9106 55.0998 0.0336452
481 46.1203 51.8514 14.1136
482 54.4849 69.7161 0.125301
483 41.4792 58.1268 21.8205
484 8.87183 0.242623 11.9975
485 4.32185 92.6767 37.9791
486 32.9312 79.5128 28.0954
487 68.6996 2.25547 48.979
488 52.5346 44.3092 25.2654
489 17.3578 26.8004 17.3314
490 41.9458 47.2931 40.3576
491 55.5007 83.7285 105.804
492 29.1317 49.4699 15.6613
493 61.6364 79.5836 28.1016
494 40.9664 45.4444 12.8457
495 29.9346 65.6896 51.4096
496 59.0412 17.7766 71.2915
497 51.8123 33.0618 54.5279
498 4.53703 80.9527 39.6343
499 43.7763 75.7208 34.624
500 61.3553 104.517 63.5412
501 48.2381 55.7578 60.6065
502 104.111 -0.856909 22.9916
503 59.8514 16.7432 94.2929
504 48.7506 55.2526 63.6641
505 109.21 75.0124 44.4671
506 64.1056 98.2883 93.7928
507 7.27333 84.6328 73.8819
508 61.6027 63.4924 85.5684
509 47.9905 58.9314 67.5537
510 28.8086 47.4015 56.9445
511 7.30101 70.8076 98.7769
512 73.7151 51.3162 103.522
513 37.6798 73.9291 109.215
514 7.77429 93.8935 96.5656
515 54.3805 76.4775 99.1845
516 5.261 49.9493 74.205
517 72.1296 73.0998 92.6685
518 45.5084 45.8838 22.1796
519 4.97954 22.2903 56.3545
520 7.64552 101.801 91.1456
521 40.9181 48.1138 100.015
522 79.2711 43.2533 58.6095
523 63.7011 24.9068 69.6905
524 24.2972 43.1585 110.309
525 84.7377 78.1079 126.816
526 66.3605 62.9834 106.64
527 48.2391 89.6499 105.45
528 38.2158 76.0984 106.465
529 52.3538 66.3484 105.91
530 37.5277 107.184 127.159
531 31.5457 62.4135 127.512
532 35.7366 67.0592 117.315
533 49.0619 65.7999 127.032
534 27.0071 53.1336 107.25
535 45.6123 60.9323 115.024
536 56.5175 49.5251 122.301
537 41.4816 88.1446 -0.110412
538 45.6864 83.3002 -0.27265
539 37.8937 71.8674 19.2868
540 49.9483 56.1212 16.9794
541 54.9089 87.2872 9.13043
542 25.0285 79.7675 12.8006
543 27.3757 73.144 -0.539911
544 55.4132 69.164 25.2254
545 29.3345 73.8673 26.641
546 46.8949 57.1176 64.307
547 69.9941 95.4683 -0.154925
548 31.172 64.5883 52.3299
549 72.6165 113.912 17.3496
550 37.5937 74.5461 28.8675
551 107.0 114.014 33.3126
552 49.25 113.294 61.1574
553 64.7465 53.8409 65.7127
554 52.4937 79.5397 30.0166
555 92.6485 44.0559 52.7163
556 29.4595 64.1733 52.1787
557 38.42 74.9427 50.1382
558 4.76984 50.7067 18.1818
559 0.192528 78.0475 15.319
560 81.4288 58.0641 78.5754
561 49.6721 44.9415 62.3304
562 39.0479 82.2721 24.2466
563 110.853 108.746 45.0272
564 3.40601 38.5386 20.5484
565 60.1427 51.5583 67.8281
566 48.2914 112.472 75.3294
567 42.2397 83.2927 98.8232
568 59.0422 19.5984 71.4681
569 1.70453 76.9146 23.6406
570 62.5301 52.0391 64.1481
571 27.7754 70.537 101.322
572 29.5399 44.2287 32.7738
573 89.8135 62.4958 67.3776
574 7.37359 50.2628 101.628
575 48.4872 70.8167 29.2282
576 69.5584 52.6661 104.828
577 26.2709 110.996 102.055
578 49.4468 68.668 45.9578
579 7.47523 88.3273 77.7796
580 69.8165 112.006 82.1129
581 72.7501 85.914 27.2462
582 70.3984 74.3254 59.7625
583 37.7848 82.4055 54.8013
584 24.0129 74.0048 74.3154
585 101.774 60.5874 18.8859
586 14.235 102.164 36.6041
587 108.717 45.9505 42.8815
588 31.8184 112.724 51.4143
589 19.5822 114.348 93.2175
590 61.7783 84.6109 93.8328
591 18.665 59.0321 109.112
592 63.9118 55.3256 65.0498
593 79.5787 110.986 102.288
594 5.04592 57.9595 62.2754
595 8.75392 85.445 105.362
596 61.288 60.5716 86.2834
597 36.0389 74.0367 120.258
598 35.8741 112.266 108.841
599 26.8669 111.608 98.6722
600 58.6677 72.6369 101.606
601 50.719 89.5163 104.977
602 48.2754 62.4296 64.9497
603 62.1033 110.589 98.8289
604 70.8086 83.6307 93.1072
605 12.0497 114.135 113.041
606 7.08532 109.786 62.4566
607 71.8207 32.0454 81.502
608 74.4177 49.1168 103.838
609 34.0592 75.6564 122.735
610 42.2415 94.685 113.83
611 56.2278 80.5168 119.662
612 45.3918 93.8986 113.413
613 42.3922 74.7863 120.95
614 42.2429 77.7468 121.148
615 64.8079 78.0666 127.207
616 35.474 102.84 -0.145708
617 36.3012 113.537 0.712212
618 54.8385 114.759 2.03774
619 30.3456 91.7619 14.1293
620 51.2613 114.004 5.24053
621 42.5669 102.162 -0.013205
622 59.4228 103.732 20.5839
623 44.5375 114.364 10.4855
624 43.9315 95.4042 22.0015
625 30.397 114.687 2.12313
626 41.1386 99.8308 11.0049
627 54.5958 114.32 57.5631
628 48.3665 69.9536 22.8916
629 31.9036 114.01 16.0508
630 0.805963 114.561 11.9384
631 77.6411 89.2188 39.7001
632 27.2341 85.7459 -0.190017
633 49.0416 113.225 41.5059
634 31.0235 114.162 6.36723
635 31.3197 72.7756 27.7265
636 39.3959 114.53 12.1819
637 44.0216 113.265 0.372143
638 80.5928 112.877 56.598
639 114.45 101.167 8.69319
640 62.6256 114.493 57.4511
641 2.41781 64.2881 22.331
642 75.2196 111.25 79.3621
643 90.0062 114.368 32.376
644 101.729 112.864 53.1248
645 8.45497 114.242 115.025
646 56.4846 111.793 78.4299
647 76.8944 113.363 48.3833
648 57.3789 113.889 112.816
649 72.5134 113.72 33.8704
650 30.6863 112.257 58.0272
651 66.9333 111.64 81.2475
652 60.2986 113.239 70.541
653 11.6419 113.428 58.9149
654 17.4752 112.576 70.6695
655 2.99672 114.152 125.556
656 108.933 104.757 49.5858
657 55.6668 113.784 124.682
658 5.16023 45.1377 40.1688
659 79.0285 112.106 81.3343
660 37.836 73.0445 50.7149
661 68.7849 113.733 52.4035
662 11.3514 99.4702 109.032
663 70.6944 112.97 108.508
664 72.4463 110.492 80.8305
665 23.6245 95.9976 111.266
666 44.7017 113.6 48.635
667 60.2562 72.1915 98.3812
668 72.466 68.1175 100.862
669 16.5597 112.294 110.023
670 8.18366 111.587 61.7206
671 27.5022 97.259 96.8391
672 42.9197 47.2409 101.863
673 11.5103 113.103 107.576
674 66.1225 64.8693 104.291
675 7.58233 102.223 84.6853
676 108.55 92.1059 127.556
677 70.7845 111.785 76.2024
678 35.7899 112.384 61.8917
679 0.530176 71.4016 112.923
680 33.6103 87.194 127.452
681 48.8189 95.8161 112.869
682 40.7269 104.788 124.25
683 43.6292 87.0249 127.429
684 48.1954 114.558 123.744
685 24.9854 105.619 126.738
686 20.7281 114.208 121.731
687 41.8671 109.573 127.2
688 64.0822 101.052 114.529
689 57.7548 96.8419 127.0
690 50.7642 113.999 118.314
691 68.8077 0.0541085 4.15075
692 70.6687 15.1777 0.101972
693 83.6841 16.0348 11.281
694 83.8887 25.4736 7.73081
695 61.806 13.7778 -0.259326
696 55.8326 22.5523 22.5413
697 60.5072 2.66743 31.2053
698 106.474 3.9963 49.8146
699 62.2538 21.5437 11.7857
700 75.3532 0.576878 16.5015
701 83.6546 72.7055 85.2663
702 103.413 -1.63364 29.0444
703 77.7881 2.5832 35.9782
704 65.7941 0.0343422 9.02094
705 108.685 22.0267 37.1551
706 80.81 0.0246563 15.5965
707 95.8527 0.38312 29.3939
708 87.1329 69.1929 81.9275
709 106.719 48.5798 63.5108
710 50.2774 18.452 59.4035
711 13.0362 -2.16414 31.3432
712 23.2883 2.33371 28.0633
713 11.6907 0.276452 61.5818
714 108.296 8.74373 33.9112
715 6.89659 30.0079 53.7319
716 48.7023 19.7032 25.3488
717 63.5299 0.174921 66.8347
718 108.719 18.7186 30.2313
719 75.713 0.686049 73.9461
720 46.5211 0.195311 106.018
721 50.8452 0.582838 21.2777
722 53.7593 2.10443 51.159
723 36.653 0.260036 48.0143
724 43.8307 42.3461 127.228
725 91.7989 -0.189467 31.8132
726 52.3387 0.281236 103.077
727 49.9432 2.73589 36.0387
728 27.2319 36.452 107.652
729 103.374 -0.975752 34.8173
730 36.9775 0.732651 84.2868
731 85.9011 0.802068 77.2311
732 114.014 6.52176 117.505
733 74.4855 0.123032 118.928
734 89.3641 0.208431 116.961
735 87.7856 20.0857 127.597
736 84.5792 29.9528 122.259
737 59.3125 22.6712 113.878
738 67.3193 -0.0600475 113.458
739 90.1907 17.4812 102.386
740 67.052 27.5405 128.071
741 61.6167 12.7555 127.261
742 70.0739 10.6133 116.026
743 87.1715 18.0038 113.673
744 56.9261 1.42181 126.98
745 80.6218 6.2327 126.948
746 63.9231 -0.0674631 109.776
747 63.8439 14.9845 127.26
748 75.784 26.4587 -0.54642
749 73.8555 43.5279 -0.343082
750 96.1842 43.4351 -0.828117
751 81.929 32.4154 15.8629
752 71.6903 31.2008 -0.501885
753 61.7648 23.8591 -0.442384
754 69.0129 2.49642 27.5301
755 54.2618 2.21953 45.787
756 44.292 19.9116 25.727
757 79.4036 10.8547 -0.304297
758 92.5875 42.6187 51.2847
759 70.6466 63.8655 44.6535
760 54.1074 2.47701 36.3788
761 71.1283 2.36802 37.2225
762 84.8797 21.2724 43.4838
763 109.575 50.1626 95.4748
764 106.795 9.48674 66.8928
765 80.1863 43.3799 60.3597
766 69.0253 3.00983 30.7686
767 79.4694 111.666 86.4514
768 38.1578 12.9891 57.6976
769 63.8144 40.5293 24.4227
770 86.4858 21.3008 42.9819
771 112.405 53.3446 23.7557
772 66.0238 25.5267 75.7863
773 109.112 20.427 90.6902
774 112.457 64.468 105.423
775 49.9765 17.5043 61.798
776 67.9652 0.361928 90.8427
777 39.1968 54.3524 94.2865
778 30.2639 1.31878 79.6611
779 108.885 25.4549 59.4686
780 38.4419 1.51785 22.7067
781 46.6317 48.2487 103.9
782 67.008 53.1938 70.4955
783 107.435 63.4123 81.3341
784 59.5699 48.8843 107.65
785 63.2828 0.235599 80.7403
786 35.4904 5.39889 127.123
787 106.588 10.4289 59.1842
788 112.086 35.0535 106.475
789 47.9963 76.6602 73.6218
790 66.7209 19.0813 76.4276
791 109.061 56.8971 80.8336
792 73.0437 70.3657 57.4199
793 72.3171 32.5216 83.1522
794 74.3446 73.7296 91.6313
795 19.8704 38.3741 103.255
796 61.8953 37.1535 123.771
797 87.5426 1.22294 99.7894
798 47.8306 2.74629 127.325
799 44.7413 50.2112 100.117
800 87.4914 30.9821 107.068
801 71.7841 85.9384 60.1346
802 20.1463 2.03331 78.17
803 108.739 73.7986 55.41
804 53.4487 35.0334 127.102
805 72.4948 31.2792 126.997
806 49.0514 30.2536 103.298
807 71.879 29.346 113.98
808 57.0464 33.5833 112.733
809 80.2663 32.2809 127.365
810 78.9719 44.9059 -0.109276
811 67.704 53.5346 -0.435062
812 75.7525 53.6394 -0.487501
813 61.3063 56.8035 22.6604
814 59.874 59.9277 12.2994
815 69.1684 52.6282 5.63762
816 72.0797 63.7826 17.2061
817 90.5077 65.5178 18.5459
818 71.3216 57.6231 7.56962
819 77.7672 60.2114 7.65071
820 83.3051 46.8121 13.7242
821 63.6296 53.8935 13.7646
822 62.6373 23.0221 24.118
823 7.90099 112.007 56.9738
824 41.9038 72.9055 24.173
825 14.4457 112.129 43.3278
826 34.8834 75.6891 27.3871
827 48.744 44.1319 25.0886
828 82.4029 59.3005 77.7429
829 61.9506 52.4134 66.2648
830 97.771 87.8359 91.4808
831 91.6691 42.6097 53.1443
832 51.0414 57.3619 64.8282
833 71.5584 43.0141 18.9562
834 26.7281 44.4152 74.4838
835 68.4094 65.8399 24.9405
836 112.801 60.6877 25.2408
837 93.7383 74.0399 97.0007
838 111.611 80.9935 35.3457
839 61.1617 53.6966 65.3908
840 55.7575 57.5829 64.8277
841 47.5454 54.9872 64.7481
842 111.415 73.3689 38.3708
843 91.3284 114.054 41.597
844 33.1325 36.9515 94.6448
845 42.3916 20.4012 24.0878
846 36.4773 73.3486 49.1237
847 56.6205 59.0407 64.3075
848 109.087 78.3 69.8279
849 67.0718 54.7049 71.6595
850 65.7357 36.7621 77.6225
851 90.1838 34.1036 89.6527
852 25.9234 114.622 119.622
853 76.6911 71.0891 78.3996
854 49.1086 16.9944 60.1444
855 46.9118 69.8732 97.2658
856 107.865 87.209 87.7896
857 53.1491 34.3744 95.1195
858 78.7157 62.8478 92.3567
859 81.6105 83.1623 107.318
860 10.1259 112.983 94.1928
861 79.6381 62.5072 94.1331
862 107.328 71.3755 71.0848
863 68.4102 45.1088 117.249
864 37.8124 41.3915 60.2102
865 87.9471 47.9312 112.183
866 64.7032 24.2041 67.9671
867 66.6132 65.1648 106.862
868 89.3324 63.1389 117.546
869 91.1856 55.18 113.739
870 84.9533 45.8306 126.965
871 68.6669 65.6097 126.905
872 73.9907 59.7435 127.127
873 89.886 65.1604 112.642
874 92.1567 59.7828 127.295
875 84.1298 54.6729 127.3
876 84.2951 82.8798 7.79909
877 67.9684 72.0102 8.61828
878 91.0792 84.4448 -0.00138289
879 64.3622 91.3774 15.614
880 65.9352 90.6113 -0.267985
881 68.1776 80.709 -0.626815
882 62.0025 84.9857 11.6144
883 69.6732 71.0917 10.3825
884 65.9975 73.6021 -0.36199
885 66.9399 95.8111 11.7143
886 100.485 91.5712 66.7546
887 65.7411 69.416 8.75039
888 89.197 65.7688 8.05062
889 3.49601 37.0621 24.7205
890 112.415 59.1487 20.6158
891 68.0573 93.8476 8.83922
892 25.1778 31.7191 17.6695
893 65.1618 96.9305 27.1434
894 4.73117 76.5212 46.5447
895 66.5908 69.2504 23.6402
896 109.587 96.1473 45.9194
897 46.5755 76.867 26.7298
898 64.625 69.7481 22.8002
899 69.0269 53.0531 71.0048
900 89.6826 33.0238 92.9785
901 95.0578 110.819 72.045
902 52.1594 71.0355 78.7886
903 60.1878 113.16 39.4608
904 94.8914 69.8534 40.9194
905 83.1271 59.4116 79.6178
906 33.7876 112.984 89.8492
907 93.8961 72.9159 99.1195
908 7.20659 69.4336 86.1335
909 43.27 113.009 57.3822
910 48.6581 56.6612 64.9307
911 78.7643 58.9865 102.107
912 50.5535 56.0147 62.4545
913 87.764 43.0184 101.138
914 37.817 40.2817 62.4635
915 109.069 57.6374 70.8211
916 70.3387 88.0799 100.01
917 81.6233 20.2655 68.4463
918 71.9028 110.28 85.8307
919 58.0341 85.6326 106.807
920 100.239 113.435 110.006
921 71.4163 111.773 66.537
922 96.2616 82.1679 96.4218
923 96.2928 89.4406 92.9725
924 27.9166 77.6568 112.46
925 50.5941 47.5198 106.4
926 50.4075 67.7308 106.913
927 91.6076 31.584 87.5838
928 65.38 82.1354 117.196
929 81.1756 70.8273 127.06
930 59.9873 81.9814 127.269
931 72.0751 76.8352 127.168
932 88.9484 73.3138 127.186
933 77.8097 72.342 127.232
934 71.9068 79.8443 127.328
935 61.5042 89.421 127.096
936 66.045 78.3541 107.759
937 60.3978 88.5885 113.113
938 86.9008 97.0359 7.3787
939 59.8845 97.4558 11.1108
940 51.7175 98.4495 9.8116
941 75.9494 90.5465 -0.176132
942 71.0395 45.6332 16.7133
943 98.3272 113.992 36.6821
944 69.2064 114.567 57.9383
945 52.823 90.3612 22.4733
946 32.1033 112.957 45.2247
947 79.6876 113.728 53.4691
948 64.0809 103.455 10.2633
949 71.1813 114.714 1.83846
950 31.4693 49.5447 36.224
951 46.9666 112.911 25.7792
952 99.3454 114.644 2.45858
953 104.619 112.492 49.7036
954 88.9765 44.5928 52.4591
955 83.7791 61.3816 111.049
956 59.8934 42.6344 22.6751
957 107.795 100.84 86.3561
958 29.179 80.6803 30.795
959 107.271 88.4669 74.9474
960 91.5427 113.297 46.672
961 67.9521 54.6067 69.9726
962 107.46 101.326 74.5617
963 47.2978 114.124 4.66631
964 22.7626 71.1473 73.3533
965 112.582 96.3339 40.1389
966 84.8258 114.034 10.1675
967 112.953 113.422 34.5786
968 76.3966 112.136 107.478
969 111.507 91.321 42.2179
970 58.3532 85.6648 74.073
971 25.6434 111.45 105.195
972 13.4999 112.591 36.2623
973 54.9234 113.737 67.4489
974 39.589 112.513 74.1994
975 51.1817 110.6 91.0334
976 72.3371 113.123 38.4331
977 94.3195 113.899 29.8783
978 68.0995 71.3828 90.9176
979 88.0842 112.935 51.3221
980 112.341 76.514 109.917
981 96.7428 112.443 91.9343
982 40.8528 111.133 107.474
983 45.5519 112.73 73.5475
984 61.0541 51.3113 69.5059
985 94.8063 111.883 50.9573
986 83.6281 114.037 116.77
987 72.6979 48.3426 105.098
988 43.4914 114.283 123.819
989 23.6259 93.1228 95.9457
990 54.5659 110.448 90.9907
991 9.6907 107.612 84.4692
992 76.8901 61.867 59.354
993 36.2606 113.786 113.386
994 73.7442 78.7476 97.0548
995 108.591 107.985 102.91
996 114.381 111.527 19.7174
997 32.3895 111.912 95.4653
998 69.0715 100.391 126.802
999 60.8834 113.975 121.941
1000 81.7926 104.464 127.102
1001 62.0903 102.016 127.323
1002 105.074 81.0359 127.077
1003 68.5161 95.6395 127.069
1004 80.1762 114.117 113.544
1005 57.7422 106.91 112.779
1006 92.0738 99.4813 116.33
1007 60.5594 100.625 126.931
1008 114.087 21.1117 6.11458
1009 102.056 15.2699 8.40809
1010 94.8338 24.1103 4.59313
1011 105.562 13.5749 8.01292
1012 93.2992 0.924307 0.673829
1013 97.9611 7.58676 12.3315
1014 78.3267 18.7148 18.5322
1015 92.5739 0.681743 18.6393
1016 108.195 10.0198 31.4989
1017 106.775 3.6726 61.7578
1018 92.9207 10.0659 10.7161
1019 106.315 6.24948 42.6698
1020 43.6795 0.952752 20.3457
1021 86.4544 15.3762 14.4255
1022 106.41 22.682 45.6814
1023 104.845 -0.38052 51.3805
1024 81.8026 0.720055 41.6724
1025 109.258 49.0301 80.8333
1026 33.241 0.114413 5.37522
1027 98.0372 26.0991 -0.568723
1028 68.3152 28.4926 -0.916508
1029 81.2594 0.606227 84.0961
1030 108.596 28.6166 44.6798
1031 110.604 13.6936 90.2407
1032 80.0841 1.0828 56.9824
1033 114.174 22.7515 12.5398
1034 112.482 57.8987 28.2552
1035 25.9825 1.0905 54.0894
1036 81.002 44.6584 59.6692
1037 87.189 40.6737 26.1862
1038 106.505 16.0328 48.2905
1039 109.781 40.199 95.7573
1040 109.175 46.1799 85.6958
1041 109.159 27.9233 82.8872
1042 108.687 34.0687 56.2482
1043 85.2514 1.55344 127.114
1044 91.6353 1.07418 99.6785
1045 46.9872 1.7778 49.2249
1046 109.04 2.9767 95.5959
1047 45.9242 1.35391 72.8547
1048 114.326 59.0941 114.678
1049 35.3286 0.515313 106.155
1050 114.074 42.5907 117.12
1051 107.032 0.439224 84.6832
1052 113.789 19.5592 105.591
1053 109.648 18.9052 97.9003
1054 76.2 0.77637 61.9137
1055 89.3078 30.971 126.943
1056 108.803 28.9579 75.2851
1057 77.713 99.4448 127.121
1058 114.123 13.8089 111.738
1059 86.6589 0.902778 58.3036
1060 4.84062 2.77825 106.872
1061 108.909 10.1605 79.4276
1062 109.159 1.06073 90.6844
1063 79.6126 0.630074 85.9216
1064 82.2391 0.541387 72.1
1065 114.153 14.3084 107.692
1066 90.723 -0.0191075 125.761
1067 105.995 7.82448 126.945
1068 112.351 5.31673 126.907
1069 108.251 0.0791501 122.997
1070 90.7693 44.7705 -0.0936665
1071 93.3352 44.1425 8.57213
1072 96.9087 24.8046 3.47899
1073 101.749 39.4648 17.2766
1074 99.155 45.068 -0.233623
1075 99.5399 36.0212 -0.238735
1076 111.793 40.2938 28.9303
1077 104.316 42.2789 12.5366
1078 112.436 53.9886 19.1548
1079 95.8952 39.6705 12.2543
1080 72.2613 39.057 68.2592
1081 108.619 25.5434 54.6811
1082 91.178 39.1959 28.6833
1083 14.7772 32.3763 -0.0401942
1084 108.8 69.0325 49.0217
1085 101.025 37.9376 34.5494
1086 59.9171 113.61 65.4839
1087 112.52 29.4935 25.1866
1088 106.739 13.9878 61.0016
1089 106.527 9.14761 54.7334
1090 72.449 64.875 22.7481
1091 71.4514 34.0956 83.0568
1092 55.3431 57.4085 63.1307
1093 113.614 35.4524 20.3457
1094 76.4221 59.1676 32.6687
1095 108.515 17.4585 32.6153
1096 79.5958 76.8925 43.7229
1097 60.8312 49.4607 68.8811
1098 109.147 42.894 77.2409
1099 108.555 30.0805 47.224
1100 87.7395 30.4256 89.0957
1101 91.5048 1.02672 58.7066
1102 108.788 17.0813 71.5165
1103 105.11 1.07758 66.2592
1104 58.0457 0.769589 65.4791
1105 89.1256 45.9328 53.524
1106 90.5454 32.1683 91.4626
1107 85.4073 19.3398 43.9443
1108 46.4962 -0.412734 118.756
1109 94.4135 -1.38981 49.5325
1110 106.571 19.6178 51.0865
1111 113.687 54.2797 105.797
1112 111.116 9.45429 102.114
1113 108.434 12.565 35.9853
1114 52.9174 44.6517 107.757
1115 111.78 31.1913 101.654
1116 109.378 60.0907 93.8775
1117 70.215 34.7747 80.1012
1118 114.018 37.2641 115.157
1119 113.961 45.7656 117.78
1120 106.93 59.2304 60.1431
1121 88.5427 45.2116 103.469
1122 107.128 105.388 64.8974
1123 113.306 71.3837 112.676
1124 110.299 36.2493 104.362
1125 111.045 12.5075 86.3699
1126 85.5241 41.8534 95.5308
1127 90.6518 36.4668 116.091
1128 89.2456 31.7379 86.084
1129 108.99 31.4511 127.053
1130 108.272 27.7589 126.992
1131 99.7298 47.4674 127.617
1132 102.053 40.9223 115.229
1133 114.237 36.0082 119.37
1134 112.108 32.4459 127.326
1135 100.92 35.9329 117.606
1136 93.7415 38.552 110.88
1137 96.3995 59.7897 19.4502
1138 101.843 42.9523 11.1329
1139 103.031 47.0608 -0.210449
1140 106.054 56.4846 12.9201
1141 108.414 26.1922 49.5936
1142 114.203 84.2155 3.85993
1143 63.5243 64.4144 86.4599
1144 112.032 47.5238 23.2408
1145 113.708 30.8853 22.3778
1146 112.519 49.9491 28.2978
1147 101.927 -0.158902 1.42097
1148 102.106 113.973 38.2324
1149 93.9457 73.5521 13.3865
1150 75.9524 62.3598 52.0131
1151 81.2959 113.905 17.4477
1152 6.95066 50.2214 89.4632
1153 112.914 66.176 30.3345
1154 106.951 72.6608 59.7578
1155 91.7396 44.0762 50.7932
1156 38.9291 43.4801 63.2598
1157 114.142 35.8871 13.6487
1158 110.726 56.4033 35.8798
1159 61.4897 106.256 64.7444
1160 106.911 54.7017 55.4338
1161 109.022 68.8255 53.8937
1162 109.159 61.5218 68.3494
1163 90.0665 44.4261 54.1545
1164 62.5006 57.2344 34.9057
1165 112.323 46.2481 32.4359
1166 114.072 97.7406 15.3297
1167 107.525 67.3515 76.6867
1168 25.4822 38.324 108.114
1169 111.778 47.181 102.299
1170 109.307 62.9516 75.5991
1171 107.048 53.3723 57.8398
1172 113.702 83.7143 31.854
1173 78.793 44.8157 59.4187
1174 109.085 56.2005 73.2443
1175 109.293 33.8757 84.95
1176 114.109 101.944 115.377
1177 107.987 56.1246 84.0338
1178 107.199 77.4599 61.0913
1179 83.9957 110.947 75.6032
1180 61.742 65.0001 86.7681
1181 111.103 63.8585 33.7235
1182 108.56 15.2258 79.0943
1183 110.548 78.1995 103.978
1184 72.4277 77.75 70.5764
1185 110.4 85.4293 104.044
1186 71.3335 52.3891 105.828
1187 111.452 60.6879 99.306
1188 108.383 74.8337 92.8733
1189 72.598 33.889 80.9168
1190 109.647 30.0929 88.5448
1191 110.027 40.1134 127.649
1192 89.3146 33.0935 88.1749
1193 104.137 114.138 99.4437
1194 106.948 44.9655 66.4518
1195 111.451 63.5961 99.5158
1196 106.636 114.255 118.452
1197 67.8385 63.5708 104.512
1198 106.738 58.3421 107.38
1199 91.6334 59.5334 83.563
1200 86.6237 54.1318 116.418
1201 86.0681 64.8411 127.37
1202 96.3506 41.8007 107.648
1203 107.706 59.9542 127.765
1204 96.0252 78.5637 111.033
1205 96.2355 57.393 127.086
1206 110.188 64.9449 127.034
1207 94.27 87.7366 -0.320314
1208 87.6765 67.8298 -0.267024
1209 102.23 86.2981 12.9626
1210 114.19 86.8753 19.7573
1211 83.3663 97.1034 9.14481
1212 114.134 78.7313 8.51926
1213 90.18 78.1751 -0.238201
1214 83.9056 70.0315 7.48458
1215 102.08 78.7183 9.69766
1216 106.338 87.7113 -0.129478
1217 113.509 112.691 15.3251
1218 114.147 90.9068 22.5829
1219 49.8126 113.601 55.3991
1220 82.5567 114.188 50.9794
1221 112.692 45.3963 17.952
1222 114.216 92.1632 11.2196
1223 107.438 109.534 81.777
1224 113.936 79.7835 22.3863
1225 82.7435 63.3953 21.442
1226 71.1417 43.27 24.2909
1227 113.745 78.4408 29.7591
1228 52.2819 79.4774 68.3914
1229 101.291 40.853 29.7595
1230 75.5809 111.525 71.3615
1231 63.1587 104.555 63.5232
1232 109.375 96.7747 54.7779
1233 114.038 85.9819 24.7534
1234 107.54 47.5429 52.6127
1235 107.95 78.8645 55.4127
1236 113.474 72.6368 29.5354
1237 7.00394 54.1891 44.1121
1238 107.67 86.2734 85.1398
1239 44.7544 85.9456 22.7354
1240 100.918 95.6036 126.806
1241 107.176 106.698 74.6211
1242 96.1739 102.009 61.5838
1243 113.15 1.56828 15.1084
1244 65.9574 114.332 57.5538
1245 107.93 73.6373 85.4541
1246 81.7859 112.24 64.5218
1247 113.701 58.3158 105.044
1248 107.6 108.715 51.8285
1249 108.952 50.9979 71.9641
1250 112.313 91.1193 109.779
1251 109.099 31.192 78.0027
1252 26.4008 76.9653 108.592
1253 113.525 60.9355 105.111
1254 69.6308 79.5186 99.3186
1255 81.6727 101.905 126.955
1256 107.373 51.2181 63.8231
1257 108.425 75.0874 81.7683
1258 107.757 100.785 91.6691
1259 108.853 21.8501 69.3943
1260 97.5468 110.893 60.2083
1261 110.355 79.5175 101.548
1262 108.188 89.3976 94.3637
1263 104.262 89.7286 108.73
1264 107.933 67.5995 83.6886
1265 110.082 91.7538 100.92
1266 109.11 72.1111 122.125
1267 88.2833 69.6818 127.093
1268 114.21 73.0538 117.824
1269 92.2523 72.1241 127.297
1270 114.161 93.232 119.665
1271 114.289 79.8489 110.238
1272 94.1339 87.1629 127.271
1273 102.392 84.2594 106.838
1274 112.293 94.5182 127.376
1275 78.802 74.4049 118.772
1276 114.372 83.9039 113.307
1277 92.1876 81.9211 127.355
1278 92.246 66.6306 120.905
1279 98.5301 82.9631 115.777
1280 104.889 58.7555 126.947
1281 114.174 99.2576 4.09608
1282 99.9759 113.902 26.3615
1283 110.703 114.791 14.581
1284 114.214 97.8329 13.4929
1285 90.4917 100.138 11.4116
1286 113.46 72.2551 20.9317
1287 95.3264 112.347 53.9168
1288 39.5205 25.5667 40.4069
1289 112.491 107.006 37.0558
1290 110.998 110.689 38.2243
1291 113.939 28.4791 6.24632
1292 54.6909 82.3098 26.2241
1293 50.5081 113.602 48.7242
1294 114.443 109.275 24.8696
1295 109.031 105.871 53.5729
1296 89.0427 43.8668 22.9988
1297 26.226 112.369 46.3672
1298 98.345 110.527 71.5646
1299 109.482 63.371 70.8683
1300 114.279 97.3927 22.1102
1301 113.305 113.825 31.4294
1302 108.729 94.9253 50.0517
1303 73.5393 102.882 -0.946916
1304 111.937 82.265 45.4963
1305 80.5397 113.89 22.6667
1306 113.902 110.855 107.913
1307 107.35 109.153 86.4969
1308 110.837 77.7954 49.3986
1309 45.7947 110.836 93.8104
1310 108.856 24.8227 66.0352
1311 108.148 68.7769 87.6008
1312 109.72 53.2673 41.0447
1313 109.983 92.2925 60.374
1314 57.2751 113.741 55.8859
1315 107.332 95.579 72.8829
1316 112.168 73.7989 32.1464
1317 108.958 63.2463 59.0859
1318 112.783 79.1696 110.225
1319 91.2766 110.764 72.292
1320 112.448 96.8092 37.1859
1321 114.3 90.8023 117.765
1322 107.627 102.592 77.3236
1323 100.118 110.644 68.7571
1324 108.766 77.4438 127.327
1325 83.1623 110.159 95.6735
1326 108.87 107.159 49.4253
1327 109.299 45.5363 81.6293
1328 77.6063 40.0888 127.261
1329 60.6116 107.697 126.972
1330 91.6963 111.429 59.0514
1331 107.799 96.1232 81.7439
1332 21.0245 113.429 112.704
1333 82.1344 114.178 110.038
1334 100.129 101.47 120.112
1335 90.1697 100.551 111.486
1336 114.062 103.306 125.044
1337 114.395 65.966 110.951
1338 114.56 110.918 107.812
1339 100.894 111.898 115.282
1340 114.207 104.618 117.145
1341 94.1185 99.949 115.753
