0 9.3698 18.867 -0.118501
1 7.78232 -0.0121157 5.46097
2 11.5477 23.6157 15.0222
3 37.4179 0.145379 12.1979
4 27.3486 3.86291 -0.0967674
5 11.2458 13.6824 -0.230826
6 2.83312 5.82264 7.48102
7 14.2736 -0.0985074 14.2553
8 21.637 11.418 -0.0895483
9 -0.883831 14.9749 1.52753
10 2.20837 4.06353 46.4518
11 73.4196 0.715882 40.3809
12 18.2784 0.330377 57.5318
13 3.37805 -0.410907 9.10006
14 -0.743142 1.54616 13.0713
15 17.7653 0.851526 67.3326
16 2.57045 23.0711 76.6257
17 11.5911 -0.298704 21.5251
18 2.83787 9.35983 79.9886
19 -0.45772 10.9832 0.906088
20 1.4898 12.2146 19.8816
21 1.69279 7.64515 27.9892
22 42.7417 35.7809 16.6743
23 99.1987 -0.79506 32.0599
24 2.19058 24.2584 40.8986
25 74.1646 0.690277 53.7092
26 38.1185 0.764892 31.6868
27 3.53509 0.546452 15.7833
28 27.8671 14.6805 36.2011
29 2.62472 5.54501 51.2899
30 2.98393 38.8123 86.9525
31 2.42905 8.68181 51.7358
32 63.4452 23.9026 25.8421
33 2.68583 20.2908 68.5328
34 2.98149 31.6019 92.0866
35 43.2721 0.140013 99.4847
36 57.1823 0.00705578 88.5549
37 49.0505 33.1009 98.5403
38 33.7861 0.981178 74.5673
39 2.94092 8.46599 98.5887
40 68.5752 -0.636665 67.7124
41 -0.871275 14.3639 110.547
42 37.4187 -0.382859 110.554
43 14.1726 0.948181 81.9215
44 17.5725 0.154811 119.137
45 55.6773 0.00596061 95.4274
46 9.4758 0.970656 101.578
47 2.94298 8.34386 84.554
48 53.9906 -0.166339 64.6303
49 21.7259 16.8322 111.425
50 37.495 7.76513 120.522
51 3.24282 9.08645 103.829
52 1.58483 0.361542 106.117
53 26.0589 25.6731 93.4375
54 65.6701 -0.0271828 95.6409
55 31.4905 -0.216371 103.013
56 11.7366 0.263199 102.734
57 9.56689 22.1529 57.2323
58 2.7655 10.448 87.4127
59 2.59951 15.089 63.109
60 -0.81294 15.8039 94.4833
61 16.1121 0.0189457 115.2
62 27.4612 15.1386 120.307
63 20.6105 8.5404 119.86
64 1.44934 0.321492 112.916
65 11.2143 8.7334 115.208
66 24.9419 46.8057 15.704
67 25.2723 45.8671 25.0313
68 19.2567 38.6514 6.99552
69 -0.9113 36.7223 2.00544
70 15.2677 31.6721 20.2287
71 -0.875642 46.4847 1.90101
72 25.551 31.1463 -0.209556
73 22.2291 29.6013 -0.221642
74 40.1568 22.0601 15.6433
75 -0.818734 45.9686 6.39459
76 9.19791 0.1507 15.675
77 4.47443 40.5441 13.1762
78 -0.650259 58.4282 22.8919
79 2.02536 18.0233 31.4099
80 2.04118 12.3087 29.0912
81 18.9739 67.7089 43.3342
82 13.9422 69.0451 -0.131183
83 2.99303 54.799 77.3073
84 0.0570908 56.187 35.3302
85 3.75025 1.06799 38.6075
86 42.1155 23.1706 38.4678
87 2.16106 20.1439 36.1514
88 15.719 80.4349 70.4047
89 1.9012 2.36574 27.3851
90 12.0613 30.9119 41.0202
91 45.7581 38.4149 41.4018
92 4.3462 -0.399044 55.4942
93 2.43057 29.9819 53.5612
94 51.584 25.1774 23.0708
95 48.4767 54.6548 58.9237
96 2.11613 32.4813 41.5278
97 46.5851 59.0423 61.8704
98 2.82241 38.0273 70.3816
99 2.30763 46.8628 53.6258
100 27.429 45.013 77.0398
101 -0.398819 29.3413 15.7736
102 40.7001 0.757207 72.6753
103 41.2844 81.8932 83.6158
104 34.5348 24.6659 46.365
105 2.69951 39.1034 74.6891
106 47.5866 57.6901 62.6177
107 2.21208 26.0766 97.567
108 24.1103 31.9828 87.3785
109 62.3068 37.5396 73.4653
110 2.73072 15.1859 70.2792
111 2.88681 36.6244 74.759
112 65.0576 23.4179 71.9057
113 -1.15898 49.6163 101.422
114 22.8861 46.9551 80.8202
115 2.80252 33.1083 82.8013
116 2.55276 42.9732 63.5703
117 29.8298 62.2588 98.179
118 2.6164 52.9946 63.3171
119 37.6902 47.9001 109.231
120 24.6973 0.718411 68.5672
121 2.72886 42.6709 84.077
122 59.4698 52.345 98.4727
123 -0.891275 27.1342 107.816
124 9.78074 25.9123 95.5744
125 18.1063 38.4148 107.398
126 24.0838 41.1586 112.895
127 22.313 44.6733 111.784
128 11.6639 39.3773 113.292
129 22.7851 46.3571 116.652
130 8.0494 36.1347 120.067
131 16.5734 46.1027 120.253
132 31.7154 17.7914 120.298
133 29.2522 32.622 115.871
134 32.556 61.3319 8.44984
135 10.0452 57.1492 0.166686
136 19.6582 67.5101 17.9789
137 29.2402 61.904 12.8209
138 1.78091 51.3662 18.9001
139 -1.03066 65.7462 13.341
140 54.7137 26.7879 40.6463
141 2.00292 88.8579 35.5735
142 44.5122 95.4559 -0.92456
143 -0.763651 39.4357 8.55858
144 28.3611 46.0766 35.0981
145 -0.0241392 68.8572 30.3802
146 13.0998 60.1833 11.0732
147 1.70008 86.1811 28.2859
148 16.6282 34.5309 22.9547
149 65.8464 60.1679 37.1526
150 37.7999 43.9207 56.9546
151 2.71114 58.1229 65.6565
152 1.78641 47.8312 41.2782
153 26.3807 84.0004 50.3093
154 53.4245 82.8313 25.2728
155 3.55952 0.794991 71.1498
156 23.954 56.388 43.4408
157 -0.00826493 56.9166 30.7562
158 2.53725 71.7149 69.7162
159 -0.430844 77.9511 22.0244
160 2.32988 47.6073 58.1346
161 45.5951 61.8343 63.4926
162 18.7886 39.2413 33.4869
163 29.1754 0.208703 19.983
164 11.8536 33.1739 38.2088
165 19.1558 42.9154 43.4596
166 2.56821 33.4332 53.1293
167 3.09463 51.0088 79.5498
168 2.82887 59.2577 74.9645
169 2.64121 35.8023 70.5942
170 39.6276 45.1426 69.8669
171 22.2978 93.383 58.6487
172 2.93758 45.7996 89.7295
173 40.6312 78.4677 69.8539
174 30.9458 67.0676 87.7526
175 -0.643072 70.5679 110.97
176 29.9655 89.2938 73.1278
177 26.3438 49.2622 90.8255
178 35.8224 69.199 103.435
179 2.67432 68.5019 60.5585
180 31.4538 97.1591 120.701
181 3.23904 69.173 89.2229
182 25.5774 66.7808 90.9666
183 20.8171 29.7754 100.417
184 3.20567 43.7473 92.3165
185 3.16738 76.4737 82.2826
186 -0.768226 50.1536 101.543
187 3.19977 63.0042 98.7382
188 3.45417 92.3236 89.4058
189 12.173 63.0974 120.177
190 4.2578 53.7707 120.257
191 1.11713 67.5904 120.373
192 19.4314 66.2298 111.654
193 19.6684 69.8851 120.535
194 -0.693943 55.0214 108.894
195 7.46786 57.4639 120.543
196 20.4761 48.5826 120.11
197 23.5335 47.1267 113.455
198 28.7077 63.4368 120.382
199 -0.589166 68.7253 8.54576
200 -0.659406 88.7484 8.66152
201 15.1709 78.5851 20.9183
202 22.1599 79.2477 14.2194
203 23.5747 81.0169 6.39386
204 18.0654 84.4007 0.151028
205 10.0102 77.1224 -0.0236078
206 23.8334 78.9049 3.41716
207 2.15905 75.7112 11.7321
208 19.3065 63.3674 -0.510002
209 -0.0648516 79.6375 26.9992
210 2.15009 64.8224 41.2
211 11.0922 88.6868 13.4813
212 44.2476 66.572 15.7858
213 -0.589058 61.2022 25.2096
214 16.1525 114.054 44.5623
215 1.9277 73.1595 40.9075
216 2.437 64.3586 53.6418
217 2.71159 36.2692 -0.0522397
218 0.256221 112.861 15.3809
219 15.9023 56.9055 23.1293
220 -0.476469 69.1695 25.1176
221 -0.108374 61.0639 29.9921
222 50.8854 113.977 82.4921
223 1.98124 89.8121 29.2153
224 49.7153 77.6947 41.3566
225 49.2157 113.833 16.1962
226 -0.32458 67.2681 20.0074
227 1.9731 92.3847 45.571
228 40.3234 92.2558 17.8344
229 2.67762 83.2086 72.5911
230 49.9859 113.682 75.2855
231 11.0691 67.2569 50.5985
232 3.33446 85.8477 85.1225
233 66.5201 84.6956 85.3487
234 2.17471 50.782 51.3241
235 3.28815 65.2538 84.5742
236 2.57147 71.7877 63.0061
237 2.29672 25.1634 43.5316
238 2.38403 67.1392 50.8747
239 2.28352 59.0884 48.1274
240 2.62314 79.4364 62.7249
241 11.9318 60.0815 103.915
242 43.22 74.8929 105.209
243 2.62031 78.0456 86.0603
244 3.11687 99.5874 79.5637
245 2.39658 78.2315 53.0596
246 29.012 114.101 29.7284
247 18.3673 15.2049 36.1819
248 35.3344 86.703 80.3737
249 2.98855 88.3559 65.5225
250 2.80887 57.5473 63.4487
251 2.49633 65.2068 65.3009
252 2.60792 75.9635 67.3939
253 3.17024 78.4646 79.7314
254 2.81711 90.1874 65.2789
255 3.25926 100.093 98.1588
256 2.92355 79.6672 76.88
257 3.52323 103.821 80.0281
258 16.4493 69.1039 72.7398
259 8.04367 93.1623 120.315
260 2.88886 97.2582 65.0729
261 2.95167 104.83 71.9118
262 6.50162 115.396 100.145
263 28.5223 70.2656 91.4678
264 31.5385 40.923 104.421
265 -0.581397 58.5188 110.959
266 35.4254 88.3426 81.0683
267 3.37734 67.8368 98.5836
268 57.2469 113.492 98.8512
269 28.0646 85.2467 96.7999
270 3.25143 88.5965 93.9196
271 18.1079 86.5259 111.641
272 20.7929 77.9988 120.354
273 -0.49389 72.5364 117.565
274 4.81099 86.6957 115.252
275 19.6309 74.269 103.45
276 24.9753 72.4125 103.559
277 40.6599 83.1426 120.258
278 26.3003 111.977 -0.0549938
279 29.5816 100.617 -0.312797
280 18.7072 92.0886 0.0322506
281 3.13931 113.719 9.22213
282 19.607 114.742 4.27563
283 1.24147 97.7096 -0.165075
284 36.0929 100.202 29.5246
285 -0.55158 100.273 20.5401
286 2.96563 111.174 60.4581
287 2.47437 109.345 50.4152
288 0.805308 107.538 27.9007
289 5.51412 106.657 12.1708
290 18.5048 114.66 2.24448
291 27.6704 80.6635 -0.843344
292 -0.758574 85.3632 13.1041
293 33.5599 114.262 38.459
294 53.3269 114.816 53.0011
295 8.53079 114.089 32.0482
296 36.0542 115.013 43.1633
297 11.9073 80.5552 40.5461
298 5.39577 113.808 30.8735
299 51.0691 101.421 59.7028
300 60.159 80.7438 43.7261
301 -1.06735 98.1645 10.6124
302 6.53855 114.386 49.2065
303 3.40022 112.618 45.5558
304 1.80155 99.0264 41.2932
305 2.25697 106.029 41.2552
306 38.0996 114.923 32.5604
307 65.0412 56.4627 41.9276
308 -0.598444 103.64 23.413
309 29.8082 56.3239 44.018
310 1.98738 96.3828 28.8442
311 4.73884 114.607 27.4702
312 2.43048 84.571 56.0368
313 3.24797 110.652 74.2
314 2.15806 87.7125 53.1533
315 39.6288 113.793 54.1647
316 3.21212 112.807 74.4834
317 2.17835 84.5798 48.7525
318 2.70706 105.522 67.0104
319 2.91295 109.574 64.8833
320 91.0936 113.511 96.8734
321 19.3054 114.762 85.9032
322 13.6142 115.26 80.6072
323 43.3937 114.389 40.3795
324 33.5215 114.526 45.7405
325 2.59284 46.3366 74.834
326 7.97442 115.149 97.046
327 3.13857 74.1487 87.4781
328 3.51135 106.278 86.9602
329 26.4358 97.2081 114.127
330 61.9733 114.787 59.7695
331 1.79157 115.182 116.263
332 6.76643 101.354 109.815
333 3.52647 101.171 81.7626
334 40.2689 114.725 44.7275
335 24.6057 113.806 100.651
336 3.59408 104.424 89.2439
337 32.8701 87.3985 91.4069
338 26.0601 114.729 119.363
339 31.7428 109.34 120.433
340 -0.511742 102.007 108.744
341 16.7655 105.632 120.044
342 -0.935519 110.741 104.101
343 36.791 13.9565 8.18976
344 26.4898 4.66874 7.09991
345 51.3396 -0.174922 8.90563
346 45.757 16.3189 -0.0246536
347 58.7585 -0.130019 14.2066
348 44.7971 21.5416 1.2056
349 34.5451 12.6846 -0.0590795
350 47.563 20.4901 8.24573
351 40.9247 26.1965 8.10593
352 21.5702 -0.152943 9.07583
353 91.0976 0.424975 29.1093
354 3.58585 -0.284773 20.854
355 2.70455 3.50018 56.7244
356 86.9462 -0.682155 5.19564
357 43.1162 73.6114 45.5939
358 33.9175 26.2251 11.4639
359 32.2579 44.6717 25.0765
360 16.5384 -0.18664 30.9759
361 9.94835 -1.02383 26.0441
362 24.3464 50.0561 89.3778
363 28.5805 0.231909 40.3007
364 63.4664 0.163037 61.2954
365 24.2673 0.388042 46.4579
366 30.2362 0.504533 50.3741
367 2.18027 7.35909 41.5749
368 61.2066 0.0952312 59.2572
369 40.7798 -0.222185 89.0141
370 46.408 26.7971 40.4761
371 42.9041 32.3383 28.5847
372 19.097 0.467531 49.1269
373 68.148 0.685067 50.2224
374 9.19744 0.191952 53.0979
375 50.5346 57.2116 61.1276
376 26.9958 46.1055 104.203
377 39.1684 -0.0131545 106.863
378 54.1953 31.4793 95.4219
379 30.7801 41.4009 100.531
380 7.23808 0.239467 58.722
381 61.2928 -0.352217 71.0653
382 28.8032 -0.0148493 38.3704
383 2.72587 13.9588 87.0211
384 63.1472 -0.385976 74.5556
385 17.0205 0.144294 109.769
386 74.4098 0.172759 92.2982
387 51.8324 17.9136 120.518
388 2.78014 8.14451 58.376
389 57.4278 0.309591 66.3684
390 50.4268 21.9965 97.5805
391 62.6899 -0.157647 90.8451
392 39.7568 -0.148775 103.264
393 53.3679 12.6563 120.376
394 39.4964 5.24114 120.413
395 39.5459 15.1357 120.561
396 43.0906 14.2817 116.658
397 36.1748 1.33617 120.034
398 37.4835 -0.166302 113.421
399 43.7027 17.5108 103.315
400 55.8186 12.4029 120.241
401 44.5898 8.96779 120.135
402 30.3573 32.4969 -0.0414141
403 33.4582 42.9845 18.2138
404 33.3683 41.5049 -0.597589
405 47.624 35.9082 -0.463579
406 53.5407 41.3441 -0.398785
407 45.7066 35.7005 14.4953
408 23.446 48.5554 6.8406
409 45.4729 30.463 11.7418
410 31.3539 28.7326 -0.256933
411 51.5045 39.0435 -0.366897
412 32.1992 44.4584 3.52404
413 37.4649 45.6125 7.81874
414 42.543 35.6655 29.0958
415 -0.74902 62.5431 3.74378
416 51.6812 18.9511 29.0079
417 2.8074 66.7051 75.0093
418 65.7659 0.0854802 8.73422
419 28.1196 46.0462 20.5363
420 14.6323 58.6041 31.6381
421 84.158 0.515014 26.761
422 79.7444 0.165781 81.379
423 41.9442 6.25581 41.7988
424 59.5509 43.4935 45.3968
425 47.0899 56.8436 19.1288
426 82.4562 34.918 57.9715
427 73.4098 31.0612 60.9796
428 56.5404 1.1065 35.0565
429 40.5475 28.4837 56.6589
430 65.4515 75.0095 26.9683
431 8.82572 -0.212499 30.6136
432 2.62475 23.3671 65.265
433 66.0119 0.988934 41.6416
434 27.3403 29.6507 28.5306
435 61.0493 0.348677 25.5308
436 54.8744 58.9049 61.8615
437 31.2714 0.663988 84.2277
438 43.1975 58.9749 92.6201
439 2.56603 59.6281 69.9149
440 84.3882 23.9124 62.7634
441 27.7125 0.902213 56.5734
442 37.1656 26.4955 42.1455
443 61.1573 63.854 81.3252
444 15.3503 33.6322 60.2703
445 37.2907 73.7229 49.2363
446 2.25613 44.3096 46.3946
447 88.9186 32.5886 36.9261
448 42.4687 -0.406876 84.1916
449 48.0383 0.184087 68.5767
450 40.9048 10.2358 37.6518
451 31.134 0.76399 58.1946
452 51.2406 41.0997 82.2454
453 70.488 83.0051 82.9525
454 2.32556 41.2592 53.0871
455 32.2861 0.883977 65.0204
456 35.644 41.0912 57.6755
457 69.6127 53.6468 68.0441
458 19.3122 34.6654 60.6909
459 62.6521 53.3747 63.2539
460 68.7238 39.1558 93.5319
461 14.4906 24.7597 95.9443
462 68.6759 35.7961 89.1954
463 60.6439 29.0751 98.8596
464 38.5136 0.371783 80.7892
465 25.2317 46.8299 78.3193
466 65.9732 25.5128 71.0407
467 26.2076 10.8791 86.2813
468 63.834 46.8338 106.756
469 55.1868 45.9852 92.9744
470 24.1057 43.7963 113.087
471 39.2179 46.8086 97.5919
472 51.6272 38.8797 111.253
473 40.8798 39.9244 115.524
474 31.667 27.6163 120.55
475 40.6185 28.7091 120.086
476 50.3356 49.78 105.065
477 53.6874 46.4641 110.986
478 56.6405 28.4985 119.983
479 43.242 44.9638 106.698
480 33.9106 55.0998 0.0336452
481 46.1203 51.8514 14.1136
482 54.4849 69.7161 0.125301
483 41.4792 58.1268 21.8205
484 2.16106 2.54443 29.529
485 10.354 74.7294 21.5841
486 42.0011 83.6853 51.1115
487 51.8346 1.32867 45.6175
488 64.4386 61.7724 17.5239
489 58.2928 50.4441 23.5702
490 49.7483 94.5696 15.5919
491 82.972 81.5938 61.4083
492 41.6447 21.2728 40.1459
493 80.7083 91.956 45.6505
494 41.035 45.8765 13.1639
495 28.0896 66.7924 50.0085
496 53.6933 20.8862 73.4606
497 44.4537 63.8546 42.1188
498 18.4855 62.8436 43.521
499 28.9445 77.2998 17.9274
500 72.6077 65.8002 58.6523
501 46.5 54.1754 58.6928
502 68.6848 47.2479 17.6031
503 39.5947 46.6539 72.8666
504 43.4955 61.2736 60.4627
505 84.4331 79.7726 41.0273
506 43.3249 106.654 79.4192
507 25.7874 114.541 72.6147
508 40.5562 62.6503 91.2736
509 52.4588 60.6425 48.4577
510 25.5233 48.3144 54.2323
511 8.7553 61.6739 104.148
512 68.533 30.5483 67.7842
513 44.0963 75.1234 84.1277
514 26.0577 61.9969 97.9746
515 65.2221 83.7574 80.9782
516 10.9068 64.8255 91.0205
517 72.4867 78.9118 86.2079
518 59.9511 91.8386 30.2298
519 2.41766 34.2581 55.6728
520 3.27884 64.8376 96.4684
521 37.1973 51.9014 103.381
522 80.9676 44.0489 57.9441
523 55.7287 32.2087 67.4055
524 38.7025 64.4521 92.6573
525 47.7827 42.4574 120.314
526 75.4385 54.0891 84.8227
527 41.2094 77.6825 101.443
528 32.0484 72.3204 101.534
529 51.5402 71.018 84.4082
530 51.9373 109.296 120.446
531 31.5457 62.4135 120.682
532 35.7366 67.0592 110.485
533 49.0619 65.7999 120.202
534 27.0071 53.1336 100.42
535 45.6123 60.9323 108.195
536 56.5175 49.5251 115.471
537 41.4816 88.1446 -0.110412
538 45.6864 83.3002 -0.27265
539 37.8937 71.8674 19.2868
540 49.9483 56.1212 16.9794
541 54.9089 87.2872 9.13043
542 25.0285 79.7675 12.8006
543 27.3757 73.144 -0.539911
544 43.7196 67.2709 26.8757
545 21.6668 65.2132 22.2323
546 55.4708 59.1164 60.2482
547 48.9141 113.81 8.34333
548 24.5899 66.4321 42.4567
549 57.8855 114.438 15.756
550 41.1573 82.3265 39.3661
551 54.3785 109.406 -0.0687457
552 35.5096 96.8678 55.0886
553 57.1615 77.3942 39.2839
554 33.8585 74.5619 34.3765
555 82.2985 58.3315 47.9064
556 27.5279 65.845 48.4009
557 39.1625 64.4496 26.4597
558 49.9425 92.1041 16.1027
559 52.8245 80.0757 26.9955
560 82.4989 75.1578 37.5997
561 37.4662 77.6704 54.0539
562 61.1434 102.955 27.0107
563 112.412 115.282 31.9848
564 14.3791 43.7341 19.0668
565 60.5797 52.5815 64.5117
566 39.8007 114.235 68.4519
567 56.9615 66.4742 69.0021
568 53.4327 43.7518 85.7546
569 2.14207 91.3451 34.1879
570 56.6171 66.3215 51.0772
571 30.5169 66.5102 76.3008
572 54.964 45.0166 40.9492
573 65.853 88.1786 77.3729
574 22.2108 48.8179 59.0819
575 24.6034 53.7585 35.2638
576 81.0677 28.4773 98.2181
577 9.09715 114.794 82.39
578 43.9425 63.0908 72.0476
579 3.09874 91.7279 70.0281
580 72.991 113.674 67.4283
581 74.6964 80.6629 65.9823
582 37.109 75.2561 47.1593
583 38.5484 74.2342 47.8427
584 18.6778 86.9343 68.3517
585 59.749 61.2007 28.5306
586 11.8133 103.774 35.7279
587 68.1786 54.0445 72.146
588 35.5812 114.497 74.2477
589 52.3662 69.7114 89.1426
590 60.0562 65.9514 79.127
591 29.477 55.9172 100.634
592 40.041 91.6075 74.6493
593 72.1997 113.23 85.4415
594 2.90658 85.0701 72.0158
595 33.4548 72.029 102.908
596 65.7878 86.6303 79.8752
597 35.786 74.1955 113.735
598 45.2223 92.6303 96.5676
599 53.2742 93.033 105.774
600 50.2966 86.2379 102.784
601 50.719 89.5163 98.147
602 36.5809 77.5309 82.168
603 46.233 100.797 104.361
604 64.081 89.0347 74.0376
605 20.3385 113.933 93.7725
606 38.4691 60.6715 75.6682
607 71.4328 33.8307 74.0106
608 58.9884 51.9894 85.0531
609 34.0592 75.6564 115.905
610 42.2415 94.685 107.0
611 56.2278 80.5168 112.832
612 45.3918 93.8986 106.583
613 42.3922 74.7863 114.12
614 42.2429 77.7468 114.318
615 64.8079 78.0666 120.377
616 35.474 102.84 -0.145708
617 36.3012 113.537 0.712212
618 54.8385 114.759 2.03774
619 30.3456 91.7619 14.1293
620 51.2613 114.004 5.24053
621 42.5669 102.162 -0.013205
622 59.4228 103.732 20.5839
623 44.5375 114.364 10.4855
624 43.9315 95.4042 22.0015
625 30.397 114.687 2.12313
626 41.1386 99.8308 11.0049
627 44.0422 114.58 36.9809
628 45.3958 75.9389 20.4774
629 50.0743 114.085 19.5064
630 22.0196 114.239 33.7846
631 49.9256 99.2321 26.6851
632 31.3928 88.1577 -0.0378153
633 49.2083 114.28 36.583
634 17.1811 114.216 20.0401
635 16.9023 90.5075 20.4932
636 46.229 114.159 20.6304
637 41.6555 114.557 26.1691
638 46.2181 114.665 40.8775
639 84.8522 114.118 17.0916
640 64.4159 114.681 44.0073
641 40.234 62.7929 27.3116
642 71.3726 114.532 61.138
643 63.0774 114.255 13.9123
644 95.1659 113.787 44.5884
645 12.2665 113.686 100.66
646 67.7136 113.428 71.0784
647 94.198 114.374 30.0836
648 55.7179 113.753 79.2583
649 47.8797 114.398 61.1386
650 53.7196 114.514 43.89
651 33.4941 113.626 50.5519
652 32.4097 113.995 68.807
653 53.4217 114.266 70.5446
654 10.4225 114.246 72.8784
655 32.0931 113.496 100.586
656 76.0454 114.28 58.8636
657 45.9514 87.1048 97.811
658 26.3062 66.82 49.8698
659 64.3875 113.636 86.1482
660 36.6531 73.4874 47.152
661 41.1902 113.939 107.749
662 6.57159 113.973 102.419
663 41.1973 113.715 93.4907
664 34.4427 113.931 109.994
665 43.1975 86.3059 102.596
666 69.2027 114.783 52.2875
667 58.6295 72.7158 87.595
668 72.6465 81.9557 84.1234
669 35.8968 114.33 68.5054
670 4.14163 113.212 51.1964
671 30.3478 100.263 87.646
672 35.4559 54.7215 94.6221
673 38.3679 114.182 111.358
674 56.9938 55.3081 91.2425
675 29.5194 114.282 57.9983
676 55.9734 114.11 113.583
677 61.8081 114.134 98.3536
678 68.8009 114.986 57.8352
679 12.547 114.413 95.9743
680 33.6103 87.194 120.622
681 48.8189 95.8161 106.039
682 40.7269 104.788 117.42
683 43.6292 87.0249 120.599
684 48.1954 114.558 116.915
685 24.9854 105.619 119.908
686 20.7281 114.208 114.901
687 41.8671 109.573 120.37
688 64.0822 101.052 107.699
689 57.7548 96.8419 120.17
690 50.7642 113.999 111.484
691 68.8077 0.0541085 4.15075
692 70.6687 15.1777 0.101972
693 83.6841 16.0348 11.281
694 83.8887 25.4736 7.73081
695 61.806 13.7778 -0.259326
696 55.8326 22.5523 22.5413
697 70.417 0.562086 22.1988
698 72.3881 0.308887 20.0605
699 62.2538 21.5437 11.7857
700 47.2488 0.854965 36.6908
701 57.1186 44.9238 76.543
702 111.848 13.9802 23.9424
703 72.9434 0.765804 33.1529
704 63.2811 0.466572 16.2263
705 114.508 48.5404 29.1295
706 38.4587 0.609649 41.9348
707 75.6527 0.63076 22.9365
708 79.6821 40.0256 42.5113
709 111.291 38.5353 78.0287
710 51.6434 38.4321 50.702
711 19.9518 0.368162 43.3187
712 51.7081 0.507504 30.3867
713 30.4944 0.829495 16.7608
714 85.7943 0.886883 34.9658
715 2.47593 18.2213 56.5681
716 70.5949 36.3903 55.1504
717 44.331 -0.297561 87.5007
718 113.93 15.4502 17.7709
719 56.4568 0.253458 62.7219
720 41.8546 10.2708 90.8839
721 76.0166 0.274584 12.0432
722 79.3351 0.166198 61.1571
723 36.4421 0.451935 46.7015
724 114.384 13.7466 110.644
725 88.3175 0.788698 49.9425
726 65.5241 -0.135241 64.2256
727 83.7659 0.522633 68.1994
728 67.0929 26.84 97.1798
729 66.916 0.953631 57.9467
730 71.1245 -0.396699 78.1543
731 105.662 0.178322 109.939
732 112.131 0.427462 101.748
733 74.4855 0.123032 112.098
734 89.3641 0.208431 110.131
735 87.7856 20.0857 120.767
736 84.5792 29.9528 115.429
737 59.3125 22.6712 107.048
738 67.3193 -0.0600475 106.628
739 90.1907 17.4812 95.556
740 67.052 27.5405 121.241
741 61.6167 12.7555 120.431
742 70.0739 10.6133 109.196
743 87.1715 18.0038 106.843
744 56.9261 1.42181 120.15
745 80.6218 6.2327 120.119
746 63.9231 -0.0674631 102.946
747 63.8439 14.9845 120.43
748 75.784 26.4587 -0.54642
749 73.8555 43.5279 -0.343082
750 96.1842 43.4351 -0.828117
751 81.929 32.4154 15.8629
752 71.6903 31.2008 -0.501885
753 61.7648 23.8591 -0.442384
754 53.0859 30.8042 34.4226
755 35.4004 1.00741 30.8916
756 53.9757 36.0177 18.483
757 64.9749 -0.0905395 5.81543
758 92.5023 44.0053 50.5277
759 54.506 59.4258 50.1877
760 65.6956 61.5214 56.1766
761 70.6398 25.2072 35.7001
762 79.8253 50.9728 25.085
763 99.6723 42.5467 106.618
764 86.2259 81.5299 41.7534
765 71.8364 53.5762 35.6981
766 66.357 0.54545 54.522
767 44.2319 59.6102 69.5482
768 60.1598 25.3032 45.5124
769 81.8379 58.0705 25.0863
770 69.6065 20.1597 39.2372
771 77.8047 63.5745 36.4426
772 66.8873 25.1698 72.885
773 110.867 34.9504 77.2009
774 100.433 62.16 103.146
775 46.5862 17.9633 57.2233
776 83.6657 0.377103 60.9523
777 54.1854 63.2312 88.0702
778 56.4664 -0.149677 70.4808
779 110.434 26.2553 46.2472
780 64.0214 0.864149 30.516
781 59.6019 32.7962 102.33
782 78.352 38.4051 80.1856
783 99.8504 68.3835 81.2092
784 71.2522 36.6613 102.294
785 77.5911 31.3519 93.3415
786 24.5353 11.5162 120.335
787 110.876 18.8981 63.1844
788 114.453 36.1767 106.098
789 59.8437 46.0148 32.793
790 67.9637 18.2171 70.2956
791 111.053 52.4146 82.4683
792 51.2222 71.4417 92.5922
793 62.1552 36.7085 75.6494
794 63.7444 66.0677 78.9751
795 41.0946 38.2774 97.0745
796 61.9642 37.1197 116.819
797 113.938 16.4395 105.42
798 74.5158 0.0770928 97.7628
799 82.5127 41.4767 94.8753
800 87.4914 30.9821 100.238
801 71.7769 49.9718 86.7605
802 54.8168 22.3086 72.5746
803 84.0816 68.9625 66.2403
804 53.4487 35.0334 120.272
805 72.4948 31.2792 120.167
806 49.0514 30.2536 96.468
807 71.879 29.346 107.15
808 57.0464 33.5833 105.903
809 80.2663 32.2809 120.535
810 78.9719 44.9059 -0.109276
811 67.704 53.5346 -0.435062
812 75.7525 53.6394 -0.487501
813 61.3063 56.8035 22.6604
814 59.874 59.9277 12.2994
815 69.1684 52.6282 5.63762
816 72.0797 63.7826 17.2061
817 90.5077 65.5178 18.5459
818 71.3216 57.6231 7.56962
819 77.7672 60.2114 7.65071
820 83.3051 46.8121 13.7242
821 63.5275 53.8497 13.8311
822 49.8865 40.8905 18.7947
823 68.4539 114.37 37.1808
824 33.7424 81.2672 16.7085
825 1.58044 106.73 36.4339
826 50.0492 53.8604 24.1064
827 61.9344 55.2517 14.6099
828 73.6893 94.405 43.9313
829 64.0815 59.0279 47.2799
830 95.4294 96.6767 75.2153
831 96.1966 44.6006 49.589
832 44.0268 87.1842 55.3135
833 82.4131 48.9383 47.4337
834 64.6782 64.8136 60.7193
835 89.5206 73.4501 22.081
836 81.1474 46.1616 27.332
837 95.0607 75.7743 90.9832
838 53.6559 83.0318 48.6241
839 64.3759 54.922 64.4763
840 56.6961 57.6587 61.0199
841 75.4071 62.3577 69.0553
842 66.2725 38.2994 36.11
843 50.5919 75.7789 73.6315
844 42.6604 37.8055 78.9009
845 67.6809 39.8661 42.7054
846 54.8984 62.4946 35.7884
847 80.0916 66.8147 73.4662
848 109.633 71.3552 76.9703
849 69.048 53.5499 66.1862
850 69.58 56.4121 80.6959
851 67.0839 64.4223 60.1596
852 46.871 113.99 104.06
853 80.469 68.7761 66.1864
854 60.7557 28.3723 74.9713
855 77.4356 70.2025 98.3386
856 113.062 66.8817 101.043
857 59.7339 33.7507 50.7985
858 77.2894 71.5926 88.6591
859 62.2816 51.6393 102.762
860 28.1865 114.424 83.2278
861 78.983 62.1802 89.6229
862 87.4047 72.2024 83.3455
863 68.3962 45.0141 110.315
864 33.9432 36.7815 51.38
865 87.9471 47.9312 105.353
866 46.7804 41.1564 63.0258
867 66.6132 65.1648 100.032
868 89.3324 63.1389 110.716
869 91.1856 55.18 106.909
870 84.9533 45.8306 120.135
871 68.6669 65.6097 120.075
872 73.9907 59.7435 120.297
873 89.886 65.1604 105.812
874 92.1567 59.7828 120.465
875 84.1298 54.6729 120.47
876 84.2951 82.8798 7.79909
877 67.9684 72.0102 8.61828
878 91.0792 84.4448 -0.00138289
879 64.3622 91.3774 15.614
880 65.9352 90.6113 -0.267985
881 68.1776 80.709 -0.626815
882 62.0025 84.9857 11.6144
883 69.6732 71.0917 10.3825
884 65.9975 73.6021 -0.36199
885 66.9399 95.8111 11.7143
886 82.8064 91.3159 64.6916
887 65.5872 69.2956 8.86912
888 89.1312 65.7372 8.04301
889 20.3885 49.4103 23.0478
890 112.123 67.9616 37.2407
891 68.2926 93.7601 8.54619
892 57.4117 79.8508 19.7648
893 67.2256 67.6577 62.0688
894 35.1306 73.0748 59.895
895 81.7537 61.7188 31.6957
896 110.636 98.6435 48.0964
897 76.7173 69.7446 31.9032
898 83.5411 76.8391 33.2909
899 68.6023 68.8361 58.2224
900 75.3852 40.0209 61.9405
901 100.558 113.705 74.6424
902 54.1705 53.9403 63.4697
903 43.4437 113.932 61.4513
904 65.5834 71.7934 16.0969
905 84.7475 59.7037 75.4888
906 53.3503 114.972 33.3766
907 95.0778 74.6447 92.5929
908 3.00226 88.6949 73.7169
909 60.3151 113.467 73.2368
910 79.757 74.7007 42.2744
911 92.3261 51.1028 89.168
912 49.1483 59.844 59.2828
913 87.851 49.6304 92.2416
914 60.6348 38.6536 67.1573
915 87.1926 60.7444 78.0288
916 51.3249 86.2359 92.287
917 50.6586 42.1771 53.2506
918 62.9017 91.5193 90.1706
919 76.7601 97.6033 83.5517
920 76.376 94.2852 81.0779
921 80.3641 114.286 52.1056
922 67.9998 86.8652 95.9655
923 61.2657 80.6478 85.7533
924 79.7886 65.5696 97.2744
925 66.3149 39.2403 95.2366
926 62.8848 65.5651 82.1957
927 96.3744 34.8774 86.2626
928 65.3924 82.1305 110.514
929 81.1756 70.8273 120.23
930 59.9873 81.9814 120.439
931 72.0751 76.8352 120.338
932 88.9484 73.3138 120.356
933 77.8097 72.342 120.402
934 71.9068 79.8443 120.498
935 61.5042 89.421 120.266
936 66.045 78.3541 100.929
937 60.3978 88.5885 106.283
938 86.9008 97.0359 7.3787
939 59.8845 97.4558 11.1108
940 51.7175 98.4495 9.8116
941 75.9494 90.5465 -0.176132
942 76.0781 102.998 28.0452
943 78.286 113.853 12.4546
944 71.8187 114.852 46.9751
945 77.9248 85.4021 28.5596
946 11.2362 114.035 33.9158
947 46.7902 114.322 27.9854
948 63.9917 103.372 10.3089
949 42.2468 114.146 13.8947
950 47.0582 75.2129 23.6474
951 66.8711 114.954 49.1275
952 65.3692 113.553 0.680309
953 87.4413 114.027 13.6717
954 83.2491 55.2569 42.7847
955 75.8183 46.5668 72.1628
956 62.9649 73.8532 19.0574
957 107.483 114.822 77.1331
958 50.43 89.0802 35.4593
959 109.785 71.0166 81.647
960 66.4023 114.786 58.0609
961 63.272 63.9679 64.9642
962 109.685 106.142 86.6104
963 50.904 114.385 28.069
964 43.6434 76.6568 60.2705
965 108.739 114.565 55.5489
966 51.9727 114.827 56.4979
967 75.6677 114.239 25.8942
968 83.3963 113.827 78.9367
969 111.598 95.6167 44.1999
970 85.6665 90.2049 93.8689
971 27.2717 114.449 78.6596
972 40.1362 114.479 30.092
973 46.942 114.299 70.7204
974 33.8576 114.479 85.1528
975 60.8053 114.181 29.6279
976 53.8479 114.592 37.2302
977 86.0864 114.472 33.6813
978 62.5155 76.2894 82.8432
979 72.6091 113.676 71.8467
980 114.253 103.927 107.962
981 77.0299 113.932 100.499
982 62.8837 113.942 104.245
983 41.4602 114.197 64.9214
984 58.7604 77.8114 66.9965
985 110.469 102.956 45.8174
986 64.625 105.379 119.942
987 66.1605 55.6534 100.034
988 67.4394 113.364 95.3841
989 32.1614 92.4364 89.546
990 42.4748 110.703 82.2862
991 36.8517 113.853 100.65
992 72.1453 69.0951 106.235
993 49.9786 112.806 87.1809
994 66.3599 74.4415 82.9653
995 98.1354 113.696 103.136
996 106.931 113.703 38.0396
997 8.3997 115.816 93.3889
998 69.0715 100.391 119.972
999 60.8834 113.975 115.111
1000 81.7926 104.464 120.272
1001 62.0903 102.016 120.493
1002 105.074 81.0359 120.247
1003 68.5161 95.6395 120.239
1004 80.1762 114.117 106.714
1005 57.7422 106.91 105.949
1006 92.0738 99.4813 109.5
1007 60.5594 100.625 120.101
1008 114.087 21.1117 6.11458
1009 102.056 15.2699 8.40809
1010 94.8338 24.1103 4.59313
1011 105.562 13.5749 8.01292
1012 93.2992 0.924307 0.673829
1013 97.9611 7.58676 12.3315
1014 78.3267 18.7148 18.5322
1015 110.846 1.03301 16.4793
1016 112.031 4.85886 20.8491
1017 72.022 0.293946 68.2316
1018 93.0244 10.0751 10.651
1019 110.171 0.699659 22.9413
1020 58.9744 0.544714 29.3457
1021 86.4544 15.3762 14.4255
1022 113.982 20.9975 20.1325
1023 112.129 14.3245 32.672
1024 107.035 1.82532 38.6339
1025 110.89 55.2743 71.7078
1026 81.9881 -0.0374921 1.8844
1027 94.7962 27.678 -0.409595
1028 113.997 1.78089 8.25561
1029 64.5881 -0.352645 67.4602
1030 110.443 17.5116 50.9895
1031 78.7604 0.752353 73.2274
1032 110.2 6.41828 47.0001
1033 112.507 36.5776 32.932
1034 112.104 28.8128 32.4788
1035 50.0607 0.619123 54.0937
1036 81.7288 44.0743 56.1748
1037 84.2546 34.0647 17.4648
1038 110.53 30.8375 58.5251
1039 110.864 14.1394 65.9065
1040 110.94 10.0658 68.5377
1041 103.528 0.00506758 104.621
1042 111.042 15.2825 75.6516
1043 68.8939 -0.233495 87.0415
1044 110.767 2.4679 68.6644
1045 69.6016 0.935602 59.9728
1046 71.5595 12.8889 120.958
1047 81.7706 0.595321 71.536
1048 112.733 35.763 93.8655
1049 70.9444 0.146813 97.857
1050 114.261 22.0494 106.073
1051 111.215 12.1586 82.3862
1052 110.972 37.3475 87.624
1053 110.827 29.3337 74.7603
1054 107.456 0.0353548 74.0567
1055 114.243 19.9347 108.273
1056 111.164 23.5604 77.9754
1057 114.254 6.51584 111.083
1058 112.704 -0.285657 106.686
1059 66.975 -0.488212 77.577
1060 49.2784 -0.0303388 95.8661
1061 108.062 0.662742 88.7008
1062 111.384 9.16128 87.0457
1063 55.7764 0.0124291 106.37
1064 58.8333 -0.10944 85.3627
1065 113.862 3.26051 101.005
1066 90.723 -0.0191075 118.931
1067 105.995 7.82448 120.116
1068 112.351 5.31673 120.077
1069 108.251 0.0791501 116.167
1070 90.7693 44.7705 -0.0936665
1071 93.3352 44.1425 8.57213
1072 96.9087 24.8046 3.47899
1073 101.749 39.4648 17.2766
1074 99.155 45.068 -0.233623
1075 99.5399 36.0212 -0.238735
1076 114.316 58.1513 28.8892
1077 104.066 41.8173 12.8318
1078 110.711 40.9598 46.6259
1079 95.8851 39.5957 12.2663
1080 77.6788 65.9369 29.0088
1081 110.557 36.4065 55.3707
1082 83.1427 40.0557 14.4166
1083 114.039 44.0327 8.60464
1084 110.637 41.9799 50.4459
1085 79.0202 66.4041 26.1017
1086 88.4604 106.308 48.814
1087 112.089 17.6112 35.1313
1088 110.399 24.5203 41.9082
1089 101.098 9.65852 42.1173
1090 81.9663 62.9175 29.1929
1091 70.3763 25.7494 73.1775
1092 68.4368 93.3759 46.4385
1093 110.432 42.6745 43.886
1094 58.121 38.0357 48.8487
1095 112.025 21.7469 31.0979
1096 84.8373 47.5285 56.442
1097 91.3922 32.1899 52.6849
1098 100.55 28.801 59.3212
1099 110.264 19.5483 43.7962
1100 94.7931 30.6312 60.1339
1101 110.548 7.46874 56.4872
1102 110.584 22.7796 45.9844
1103 111.009 19.9504 68.298
1104 66.734 23.6417 71.4069
1105 73.8443 57.3928 15.573
1106 89.3917 39.7269 77.332
1107 91.6384 19.9248 35.4479
1108 81.7906 21.87 100.013
1109 93.4385 -0.0525675 37.7294
1110 110.659 36.5074 60.6151
1111 86.327 55.3239 84.5744
1112 112.462 46.2817 90.4318
1113 112.516 39.9213 32.9838
1114 88.5551 9.46754 91.5849
1115 111.949 18.8703 93.108
1116 114.502 46.9828 99.1018
1117 71.9753 28.805 76.9611
1118 111.138 35.4788 83.7936
1119 112.503 44.8709 92.4164
1120 110.809 40.2915 63.0099
1121 84.5742 51.38 91.1934
1122 108.679 86.0309 57.8835
1123 96.2307 53.4852 104.447
1124 111.845 12.4738 95.3135
1125 110.83 26.4217 65.8821
1126 60.1271 23.9866 98.8195
1127 90.7068 36.3345 109.249
1128 96.2342 36.2689 84.1235
1129 108.99 31.4511 120.223
1130 108.272 27.7589 120.162
1131 99.7298 47.4674 120.787
1132 102.053 40.9223 108.399
1133 114.237 36.0082 112.54
1134 112.108 32.4459 120.496
1135 100.92 35.9329 110.776
1136 93.7415 38.552 104.05
1137 96.3995 59.7897 19.4502
1138 101.843 42.9523 11.1329
1139 103.031 47.0608 -0.210449
1140 106.054 56.4846 12.9201
1141 113.982 39.5923 29.6296
1142 114.174 73.7637 15.5788
1143 76.3676 93.3463 66.09
1144 114.152 23.5458 14.5498
1145 112.417 54.8958 37.4672
1146 114.333 42.7683 25.0933
1147 114.164 37.7134 18.2269
1148 94.707 114.622 40.1071
1149 94.3276 73.6374 13.8159
1150 42.2169 62.2329 33.8305
1151 75.9926 89.7137 29.9706
1152 42.6884 40.6537 71.655
1153 114.237 78.0377 28.7722
1154 110.606 48.64 47.6459
1155 90.4886 44.3827 50.7592
1156 43.7141 62.8507 45.3262
1157 114.2 35.8233 22.1339
1158 114.19 54.8498 31.5266
1159 58.8937 106.754 63.291
1160 108.797 74.4376 60.7057
1161 110.491 57.2456 45.6781
1162 99.299 64.0311 52.2834
1163 92.2938 46.1186 51.5939
1164 71.2094 58.9431 59.5822
1165 110.551 42.3504 57.5705
1166 114.283 83.752 22.6298
1167 110.511 59.1604 48.326
1168 55.2066 27.3462 92.0202
1169 111.039 36.8418 82.2218
1170 111.019 36.4396 67.551
1171 110.821 48.1175 59.8167
1172 112.585 80.1491 47.1132
1173 82.2524 42.7051 56.9691
1174 113.288 57.9745 96.4407
1175 111.323 45.6843 37.5267
1176 109.737 93.798 88.838
1177 109.227 63.7755 75.4437
1178 99.2829 71.7671 71.9768
1179 75.8503 88.4271 81.3489
1180 81.538 33.9641 61.2284
1181 112.296 70.4169 42.4234
1182 111.179 33.6814 78.1271
1183 114.045 68.1757 105.54
1184 52.6998 61.5675 69.6756
1185 112.13 86.0147 97.2347
1186 87.7921 53.1931 86.7477
1187 110.068 74.1678 87.1607
1188 109.981 78.5907 88.8803
1189 77.2808 39.2801 76.9222
1190 111.013 34.6686 89.1062
1191 104.187 73.4028 104.535
1192 93.1328 37.8433 79.4086
1193 112.126 89.8481 120.45
1194 83.423 29.2004 64.7608
1195 112.131 58.6334 90.2747
1196 113.035 94.5139 101.193
1197 74.1716 56.8151 102.614
1198 106.738 58.3421 100.55
1199 72.69 88.6772 86.6166
1200 86.6237 54.1318 109.588
1201 86.0681 64.8411 120.54
1202 96.3506 41.8007 100.819
1203 107.706 59.9542 120.936
1204 96.0252 78.5637 104.203
1205 96.2355 57.393 120.256
1206 110.188 64.9449 120.204
1207 94.27 87.7366 -0.320314
1208 87.6765 67.8298 -0.267024
1209 102.23 86.2981 12.9626
1210 114.19 86.8753 19.7573
1211 83.3663 97.1034 9.14481
1212 114.134 78.7313 8.51926
1213 90.18 78.1751 -0.238201
1214 83.9056 70.0315 7.48458
1215 102.08 78.7183 9.69766
1216 106.338 87.7113 -0.129478
1217 97.8901 114.281 29.8141
1218 114.118 92.5676 8.30113
1219 92.1185 83.2659 28.1341
1220 78.7255 115.239 37.0263
1221 114.266 56.6431 24.2
1222 114.446 88.709 13.0853
1223 108.976 111.782 60.0469
1224 114.252 86.341 15.6932
1225 49.702 56.8504 31.6257
1226 70.147 66.4762 31.3105
1227 114.353 84.8883 26.561
1228 73.8109 47.0739 58.3629
1229 82.5336 66.0582 25.9133
1230 82.4773 114.02 67.2193
1231 74.6379 87.9766 16.8714
1232 108.91 83.6767 63.2065
1233 114.31 36.7475 10.3101
1234 111.015 64.5033 56.9708
1235 108.975 86.3179 63.3125
1236 112.605 89.0957 34.7038
1237 45.3144 84.9732 18.1309
1238 109.036 93.5226 63.0207
1239 94.2003 84.4214 30.1747
1240 79.4641 113.729 58.3592
1241 110.718 93.6703 54.8254
1242 101.104 92.2399 62.9447
1243 114.386 45.691 14.6245
1244 89.7453 113.659 61.3974
1245 108.817 81.0555 56.5943
1246 111.096 101.26 42.1782
1247 104.038 55.7792 85.5072
1248 110.765 88.3664 52.987
1249 110.932 62.9944 57.9173
1250 109.573 69.7748 77.8227
1251 111.332 49.2928 80.6715
1252 56.5285 86.4919 93.8748
1253 112.03 78.8006 97.4691
1254 84.5549 63.5259 71.0126
1255 106.069 106.637 120.608
1256 108.997 87.6422 67.5119
1257 109.807 64.4664 82.3754
1258 109.264 108.007 69.2644
1259 108.528 34.4632 96.291
1260 76.6869 113.907 67.6585
1261 110.232 80.1709 89.7922
1262 96.914 84.5624 108.324
1263 98.1584 81.69 106.692
1264 114.201 70.3965 103.794
1265 110.257 76.3008 91.725
1266 109.11 72.1111 115.295
1267 88.2833 69.6818 120.263
1268 114.21 73.0538 110.994
1269 92.2523 72.1241 120.468
1270 114.161 93.232 112.835
1271 114.289 79.8489 103.408
1272 94.1339 87.1629 120.441
1273 102.392 84.2594 100.009
1274 112.293 94.5182 120.546
1275 78.802 74.4049 111.943
1276 114.372 83.9039 106.477
1277 92.1876 81.9211 120.525
1278 92.246 66.6306 114.075
1279 98.5301 82.9631 108.947
1280 104.889 58.7555 120.117
1281 114.174 99.2576 4.09608
1282 99.9759 113.902 26.3615
1283 110.703 114.791 14.581
1284 114.214 97.8329 13.4929
1285 90.4917 100.138 11.4116
1286 114.38 97.6062 21.885
1287 93.2759 113.829 66.5363
1288 70.68 46.5134 33.2323
1289 114.358 110.389 28.8177
1290 101.322 113.975 17.1821
1291 62.5256 75.5399 43.2394
1292 53.7619 84.601 15.4697
1293 57.2306 95.2761 27.1861
1294 114.163 101.865 17.9613
1295 92.1881 113.319 49.4374
1296 99.0502 86.9771 41.8179
1297 67.0719 114.424 66.3836
1298 109.699 102.251 91.0805
1299 112.554 67.2634 40.1786
1300 109.999 115.161 32.373
1301 106.439 114.19 26.7174
1302 114.39 85.8 28.7377
1303 76.2111 114.339 22.848
1304 110.606 100.741 52.479
1305 99.8627 113.71 37.8188
1306 114.794 110.953 101.691
1307 90.8201 114.592 85.3457
1308 112.511 90.3132 44.1553
1309 52.9412 112.914 85.5176
1310 110.701 72.6494 50.4702
1311 109.714 73.0002 85.0776
1312 110.171 70.5685 59.3302
1313 98.133 113.092 46.3197
1314 81.7483 114.213 55.2471
1315 109.045 106.277 60.0223
1316 112.385 78.2749 37.5235
1317 109.356 71.1381 65.1662
1318 114.073 86.9475 103.245
1319 92.9467 114.377 70.2232
1320 87.8153 70.2622 21.5475
1321 114.309 89.5069 110.409
1322 98.0513 114.818 92.1654
1323 109.07 110.988 62.8745
1324 114.206 74.657 101.422
1325 67.9392 113.998 106.627
1326 98.8073 113.55 49.0897
1327 111.704 52.644 85.9525
1328 73.4703 94.88 120.244
1329 84.861 114.218 108.17
1330 87.1487 114.105 70.6721
1331 110.605 99.2322 56.6478
1332 28.3775 113.471 93.0978
1333 82.1344 114.178 103.208
1334 100.129 101.47 113.282
1335 90.1697 100.551 104.656
1336 114.062 103.306 118.214
1337 114.395 65.966 104.121
1338 114.56 110.918 100.982
1339 100.894 111.898 108.452
1340 114.207 104.618 110.315
1341 94.1185 99.949 108.923
