0 11.2207 13.3835 -0.761166
1 2.78476 0.0561951 10.0132
2 -0.640337 36.2994 21.8914
3 18.548 -0.10044 9.72039
4 25.6662 -0.239793 1.10871
5 7.84911 12.7572 -0.281551
6 -0.511954 13.1346 10.8055
7 11.9084 8.89745 6.83291
8 11.1612 2.02142 -0.317316
9 -0.677519 15.5187 1.93727
10 0.540796 20.227 37.6558
11 22.0209 11.3815 21.245
12 17.1737 1.93347 19.5479
13 3.83813 2.44803 33.6841
14 28.0766 2.50143 27.7156
15 23.4867 13.4295 16.7627
16 0.617054 29.137 46.7587
17 24.0954 2.18286 46.5757
18 0.584626 12.5436 39.4155
19 18.1789 0.0664295 15.4101
20 22.5831 2.30976 54.5237
21 4.02007 2.21498 41.5382
22 15.7616 2.30588 46.1721
23 11.091 2.78624 37.35
24 0.128229 34.2395 29.5211
25 22.4078 2.16873 52.1098
26 19.5648 22.8667 44.7637
27 0.362177 17.2188 46.4031
28 36.1292 36.1856 55.4016
29 15.4656 31.6142 73.2195
30 1.02668 19.2701 58.7659
31 1.36637 3.20349 49.8117
32 35.0158 2.59376 32.0939
33 26.9333 2.86362 39.9285
34 1.11664 14.3382 83.7261
35 31.5638 1.96457 80.8354
36 22.8102 1.72323 79.3087
37 14.7192 22.4575 63.7877
38 8.61655 1.81593 65.9181
39 28.348 2.32355 60.2247
40 14.5838 2.30627 54.6792
41 15.5759 27.9068 93.6784
42 29.3542 21.6929 101.377
43 35.2592 2.11344 75.4108
44 6.88564 1.80314 76.4664
45 15.263 1.73565 76.7276
46 18.5587 19.1713 102.407
47 2.7982 2.44405 93.0938
48 13.9056 25.876 83.3541
49 29.6713 20.596 115.569
50 21.0398 4.36866 111.458
51 20.9564 0.652299 101.81
52 31.8656 25.2162 95.5809
53 2.70595 0.154605 106.585
54 15.2744 1.52634 95.3974
55 21.3134 16.0721 98.1951
56 1.2042 14.6649 90.3797
57 9.24137 22.9715 110.75
58 12.1675 1.44276 99.3802
59 31.2883 0.251531 102.083
60 7.24797 4.19183 111.516
61 14.1409 0.270837 121.243
62 33.2342 16.1781 123.496
63 16.5898 9.19368 123.018
64 2.48555 0.147217 120.726
65 5.76311 5.11002 115.355
66 21.4677 44.7109 6.81062
67 22.1607 30.6911 16.0097
68 30.1706 39.4466 11.3251
69 -0.647554 45.592 12.0058
70 27.8999 22.6233 12.2931
71 6.94716 57.3189 -0.0408418
72 27.3126 37.1615 -0.0628974
73 8.37819 45.9074 0.0336879
74 16.9365 33.6591 20.7577
75 -0.155051 19.6255 21.0239
76 13.4147 27.9355 18.7575
77 3.79415 29.4483 11.8595
78 0.63729 42.321 51.4646
79 -0.882542 31.7331 8.03352
80 14.2898 36.4429 41.9552
81 0.0120099 48.2192 19.151
82 45.9969 54.9388 46.4399
83 4.12269 48.7381 35.0727
84 26.6822 23.3121 23.3925
85 0.532731 49.384 46.1041
86 38.855 48.3467 47.003
87 1.02148 38.4032 56.228
88 13.1023 42.7288 37.869
89 0.974464 30.5819 60.511
90 27.7195 39.2763 68.4042
91 30.7394 29.3856 63.6732
92 13.8215 23.6384 74.0924
93 0.158964 24.944 34.375
94 0.96537 33.78 51.6163
95 18.3927 39.1788 74.808
96 18.729 51.8755 75.9733
97 15.4264 53.8419 38.5743
98 12.261 27.276 65.7286
99 23.6071 5.02002 57.2399
100 22.4528 30.0138 81.916
101 31.8573 40.6715 79.4139
102 1.18439 32.9896 81.318
103 16.8183 44.9967 61.0974
104 23.2433 28.1383 58.2441
105 1.08205 44.2898 96.5927
106 27.6719 47.7685 62.9259
107 24.6622 17.5503 91.7803
108 37.2061 19.8093 69.9273
109 22.0313 13.424 64.6872
110 0.729406 44.036 93.7207
111 1.02138 37.0842 87.5394
112 26.8281 18.1203 88.2623
113 -0.728437 45.5799 120.52
114 22.5405 26.0632 110.476
115 7.56004 22.6516 105.386
116 42.0821 49.102 94.5963
117 12.669 38.2395 102.547
118 10.2688 44.7622 88.7218
119 16.8411 57.0114 104.302
120 20.7468 26.7243 111.328
121 22.5209 51.7567 101.387
122 36.0908 67.4011 92.6771
123 23.1542 66.4358 104.533
124 1.26989 30.653 93.95
125 25.1523 36.8143 123.402
126 29.4076 40.6861 123.613
127 9.40669 41.6405 110.325
128 7.31816 34.6025 107.353
129 13.1248 44.6192 110.423
130 10.0657 34.6525 123.497
131 13.1285 43.8557 123.436
132 33.1902 27.4504 107.683
133 21.9312 40.0795 108.132
134 17.5267 69.4397 6.71225
135 2.1237 63.0464 -0.215717
136 33.8434 68.4127 2.05338
137 17.671 54.1151 12.1949
138 5.39631 59.5715 8.60608
139 -0.367515 82.7386 7.8549
140 19.5793 55.8769 11.2225
141 22.5732 65.0445 20.8518
142 0.282998 59.6617 29.0237
143 11.066 37.1552 23.608
144 44.0811 65.3781 14.6206
145 0.614373 72.9951 48.3485
146 27.5863 74.9932 12.6368
147 17.774 70.1128 32.5412
148 20.147 64.7534 47.0237
149 27.597 57.2822 47.7559
150 31.103 72.5777 32.5088
151 0.74122 60.6809 55.8129
152 15.4864 46.9067 30.6505
153 26.3276 75.1381 33.704
154 12.34 53.126 39.46
155 18.8881 60.3798 49.5921
156 0.830877 35.1551 59.6594
157 -0.0869132 85.3522 17.6243
158 17.756 65.5493 47.0454
159 0.112086 40.5367 37.2262
160 22.7804 39.8267 51.9931
161 24.3515 63.7273 63.4909
162 0.691502 64.3099 49.7679
163 16.4594 43.8406 46.6556
164 30.0685 76.8918 43.3819
165 17.5257 54.2367 51.155
166 47.586 52.0734 67.7443
167 0.762601 53.8907 76.0193
168 19.8262 63.6108 75.0682
169 3.37323 50.4082 67.6958
170 28.6255 55.346 84.2205
171 33.912 48.1466 56.8993
172 23.7303 74.9492 74.5899
173 18.2403 68.7165 91.5805
174 10.4274 67.6488 82.536
175 0.238211 67.2804 89.5756
176 15.2303 76.9358 83.8167
177 27.8753 74.3254 80.1875
178 24.9346 49.4933 82.2197
179 38.4564 65.9882 70.844
180 0.406207 51.1837 94.0128
181 0.115264 64.9873 91.0813
182 9.50818 53.1076 103.817
183 15.0371 48.2076 99.9115
184 30.8279 56.5888 106.105
185 24.4771 48.5393 99.0844
186 4.93963 56.3343 117.114
187 13.3974 76.6934 96.8611
188 -0.463412 64.9681 104.777
189 3.73388 66.7039 115.668
190 10.8141 44.8796 117.249
191 0.901979 67.8726 123.844
192 12.8728 58.4531 123.154
193 14.703 68.2593 123.618
194 -0.762248 59.9592 116.348
195 10.1367 56.0486 123.251
196 20.9769 50.591 116.106
197 33.4828 55.586 108.021
198 22.1307 62.7952 123.433
199 12.904 70.921 8.58058
200 6.98189 81.4322 8.47582
201 30.4775 93.229 7.96242
202 15.249 71.9787 7.5905
203 24.2387 75.9481 5.80439
204 18.288 84.3169 7.76951
205 2.74623 76.551 -0.804253
206 23.9571 80.0667 -0.731408
207 5.61289 71.9563 -0.0415502
208 16.1475 73.8451 -0.0643529
209 23.2649 74.4199 24.4968
210 32.6706 71.541 17.0717
211 40.2252 94.2657 26.4665
212 29.6777 79.7726 19.5183
213 35.0138 83.7342 20.2405
214 29.5529 80.7175 31.97
215 17.7086 62.3059 14.5598
216 1.51906 86.2076 -0.690055
217 4.99411 63.836 18.9777
218 23.11 88.4143 34.1538
219 0.990557 94.4814 23.8994
220 0.727533 65.7076 52.8378
221 26.3023 89.1003 66.439
222 33.8273 76.9541 43.5059
223 14.8207 69.6764 25.5055
224 25.4287 77.5396 30.0871
225 0.711984 88.3941 42.9731
226 19.7211 73.7033 49.2849
227 19.9008 78.2718 34.4174
228 14.7391 50.6181 42.1854
229 0.311863 84.2232 55.7893
230 36.715 75.3969 40.6755
231 19.4721 65.1644 40.8647
232 0.863124 93.0903 53.2912
233 12.4879 66.6748 58.8456
234 9.72706 56.8034 55.2139
235 25.6329 83.7098 55.1269
236 0.670004 47.2777 62.4783
237 21.9967 57.2559 55.0235
238 0.67324 81.2974 51.1226
239 0.816261 69.8213 57.0185
240 26.23 80.3583 56.8633
241 33.175 85.6457 69.3406
242 0.918014 47.5474 54.3823
243 25.2666 51.4771 63.3764
244 21.5624 113.568 80.1178
245 0.428594 73.4334 80.7311
246 55.1496 84.5796 51.1265
247 10.2748 92.7239 73.9209
248 29.4683 100.181 86.8553
249 20.338 72.8447 62.3694
250 31.0602 65.522 87.3617
251 35.8415 101.378 67.5227
252 20.109 69.9898 72.449
253 12.4071 87.9393 93.0645
254 0.446956 88.217 73.7281
255 4.88112 87.2082 83.8272
256 34.3291 79.5357 62.7265
257 23.3828 85.9245 87.535
258 27.617 98.6642 101.464
259 0.215414 78.6973 86.418
260 0.544743 55.5073 81.0462
261 19.7704 94.2009 77.8228
262 -0.181109 85.6751 97.0264
263 8.53333 80.1604 105.205
264 19.1184 75.2443 102.743
265 -0.331694 75.5128 100.462
266 25.7316 80.9302 96.4585
267 -0.21835 78.1504 98.8983
268 24.5858 92.5661 102.733
269 23.6134 80.8686 85.6822
270 3.20756 88.7563 83.3954
271 5.97586 83.8266 123.296
272 16.8696 70.8914 114.713
273 2.56147 70.8448 124.085
274 -1.1909 82.7544 113.784
275 23.7826 69.1554 109.751
276 31.3694 81.8374 108.987
277 26.8785 91.4452 124.225
278 24.3304 113.238 1.30759
279 16.43 101.685 2.64588
280 9.90979 99.9673 -0.0113635
281 13.6462 99.9857 14.9318
282 17.604 113.702 10.2285
283 2.73323 97.6836 -0.601264
284 16.3297 89.1387 34.0901
285 0.918841 98.4748 19.2657
286 17.1002 111.101 22.0278
287 1.35005 105.375 25.6078
288 1.36075 109.879 30.2293
289 0.722235 106.904 50.2343
290 17.436 93.5861 -0.561629
291 22.9234 112.321 23.7036
292 -0.557475 82.5736 12.7878
293 13.4939 112.301 18.8011
294 8.98883 82.2324 20.8361
295 1.32269 100.775 -0.861117
296 35.6319 112.893 21.3697
297 14.2011 111.944 23.1529
298 37.6104 112.269 40.3655
299 32.2117 99.8961 36.3961
300 29.3765 113.478 14.9246
301 13.5588 111.804 44.3431
302 1.87318 111.84 41.4629
303 0.906016 109.978 47.1911
304 5.54423 112.066 41.3895
305 7.12525 83.1457 45.3115
306 20.4273 112.154 40.3188
307 20.3651 83.017 30.5003
308 26.148 112.285 37.5952
309 25.1891 93.8815 46.1683
310 22.0096 98.4875 53.6087
311 18.6303 89.5053 28.4421
312 22.4347 111.979 37.5732
313 6.48432 112.037 48.5247
314 20.5533 92.9214 70.2723
315 -0.150819 105.283 78.0454
316 1.04369 109.309 51.2342
317 0.02948 111.191 75.8017
318 0.453731 92.517 61.1954
319 9.12276 110.772 56.5964
320 23.6267 113.152 92.8051
321 21.3525 113.393 93.0249
322 29.5931 113.655 79.8566
323 15.8019 113.409 74.7301
324 17.353 85.3466 77.5344
325 11.8616 96.4658 84.316
326 0.0957095 106.025 89.1683
327 -0.915998 108.961 112.061
328 29.3951 93.4468 89.4528
329 29.3261 113.215 109.025
330 31.4648 96.0873 103.278
331 1.43748 113.306 92.8957
332 12.467 112.708 104.553
333 -0.699278 112.645 117.363
334 4.42823 113.227 104.589
335 19.0697 113.427 103.67
336 15.774 113.217 100.84
337 27.3578 113.262 85.0344
338 25.3669 113.534 118.945
339 24.7188 100.986 123.474
340 -0.859041 104.292 117.619
341 7.61021 92.1502 107.297
342 1.62481 114.248 113.878
343 39.6777 13.0126 9.44338
344 20.1705 6.17723 13.4549
345 35.6987 12.4205 7.51613
346 41.1054 17.922 -0.0830328
347 51.4668 -0.114843 3.75882
348 37.5934 14.103 8.79625
349 35.9273 12.0643 0.09802
350 33.4544 15.0265 10.8156
351 34.8847 18.6952 8.89801
352 19.8412 6.60495 19.1832
353 52.0833 12.7244 15.4706
354 30.5064 2.5657 18.7882
355 52.4519 1.31748 19.6528
356 25.9953 2.37617 19.78
357 33.7303 28.8506 18.3395
358 25.5813 22.3644 17.7746
359 47.4279 13.902 32.9851
360 40.4373 17.5686 19.8176
361 52.2126 29.9394 39.0215
362 49.0514 21.8237 53.9344
363 44.0373 12.3926 36.3029
364 56.353 35.7803 37.6767
365 49.7977 2.21802 49.0843
366 35.4808 14.369 60.7618
367 32.0689 2.21788 59.6973
368 69.065 40.1328 70.5957
369 27.2812 2.40553 64.8868
370 44.5475 20.7322 34.9757
371 43.2371 2.61786 45.631
372 29.9901 17.9502 63.8748
373 55.2285 1.53408 71.1449
374 40.5802 23.6989 60.0759
375 64.3387 36.7298 82.8457
376 39.8828 10.6077 69.7977
377 32.223 2.26764 54.6466
378 39.2176 0.446417 96.7579
379 50.9679 20.2963 62.6607
380 35.3413 1.96422 83.4329
381 57.3314 1.39511 76.6656
382 48.8781 26.7821 89.7833
383 44.8384 1.50502 90.1239
384 31.6606 2.17238 86.1686
385 42.9118 0.597693 93.6827
386 27.6648 2.1963 75.4845
387 53.2319 -0.161489 107.008
388 36.6407 1.3332 93.2042
389 45.673 33.2533 91.9466
390 45.5683 21.552 104.325
391 45.1217 24.1441 105.24
392 46.249 18.7885 107.571
393 53.4005 15.7642 123.53
394 27.0177 12.6089 123.364
395 45.3099 25.1143 114.369
396 53.4307 26.2763 108.77
397 33.9009 1.76827 123.904
398 46.5502 2.11502 124.298
399 47.3375 11.6466 104.203
400 56.4495 10.4846 123.46
401 46.1615 23.3243 119.361
402 34.03 29.8146 -0.164418
403 31.8599 42.8591 13.5065
404 32.7409 45.7986 -0.0988938
405 54.5516 35.8954 0.244355
406 55.7625 40.1094 -0.00656167
407 37.618 31.3077 16.4739
408 31.6163 41.4667 4.0327
409 46.5863 32.9978 14.164
410 32.4538 31.9843 -0.161226
411 59.6478 50.7989 0.126604
412 43.7229 47.904 4.7316
413 40.7767 48.2258 6.01331
414 51.2728 48.7057 17.2499
415 33.8743 49.9961 18.0726
416 69.3801 65.6283 36.0648
417 39.1775 56.5511 20.5947
418 26.5897 42.2354 15.1921
419 37.5603 28.8334 15.6834
420 24.7541 75.3688 29.2138
421 38.4368 24.0473 29.3652
422 15.1176 30.109 23.3775
423 37.6823 20.8221 42.956
424 50.1538 60.6166 44.6692
425 23.7391 22.5468 25.818
426 33.5222 30.7304 57.3755
427 62.901 33.2816 41.6984
428 20.5909 29.3501 19.3813
429 52.8078 16.0344 30.3591
430 36.127 44.7444 25.2194
431 56.4828 41.2718 40.6146
432 25.8969 58.5586 41.3041
433 58.3659 38.0626 24.4895
434 43.5275 33.9232 76.4767
435 26.3797 35.184 55.9991
436 37.0055 31.1425 63.3619
437 31.8852 53.6641 49.98
438 59.5101 46.1733 76.884
439 34.0398 32.9351 55.1974
440 42.1989 62.7634 61.9589
441 38.5051 38.3836 67.3251
442 50.8895 18.1272 61.825
443 38.1759 39.3411 74.4455
444 38.8905 31.2767 78.5455
445 22.1621 46.3826 93.8169
446 27.4063 18.7749 68.2627
447 49.5195 30.9389 52.1427
448 37.3568 19.8344 94.7615
449 42.032 47.9019 70.1049
450 56.177 29.1374 65.5991
451 33.2207 38.3003 55.4527
452 21.6511 48.8064 76.1515
453 26.736 35.7593 72.1489
454 31.4604 46.1133 71.0441
455 48.1694 49.8529 74.4008
456 26.4515 63.7509 95.2639
457 31.9792 39.0985 90.3175
458 36.4111 40.775 75.763
459 37.7457 59.5923 80.6564
460 52.8657 59.6415 86.7569
461 54.5887 53.8786 82.7239
462 56.3411 22.2945 82.2137
463 50.0349 47.3849 78.6803
464 65.2456 42.8809 90.8277
465 28.6767 44.214 83.9131
466 46.6109 16.2225 92.695
467 35.7811 24.2662 115.49
468 55.022 34.5968 91.6237
469 60.6001 50.3605 105.324
470 22.2695 49.3385 108.818
471 63.7662 34.2855 120.037
472 43.3049 31.3859 114.844
473 45.2828 39.2171 111.702
474 29.5254 26.5536 123.614
475 45.4503 26.5418 123.528
476 42.0462 35.2457 123.766
477 45.2435 39.0919 109.305
478 48.3501 31.2289 123.48
479 38.0184 56.1509 123.832
480 34.5544 63.2104 -0.199421
481 40.0098 59.3522 16.7744
482 56.3097 67.1636 3.11714
483 45.6879 44.2061 17.1559
484 15.4054 48.2813 16.9968
485 23.0848 39.513 24.3263
486 47.1672 81.4073 16.4072
487 52.4689 68.5153 15.6595
488 50.3419 63.3291 42.4998
489 35.634 65.7646 17.0307
490 38.5016 61.7169 41.4652
491 36.3556 48.3367 26.8512
492 56.6181 51.8336 41.523
493 58.8487 53.3785 49.6031
494 59.5492 56.2326 42.6253
495 31.8642 67.8295 18.0897
496 56.5304 43.1937 55.3267
497 27.82 65.7879 35.4197
498 38.0893 52.3344 35.067
499 41.5857 63.0597 43.4692
500 54.5122 38.6189 59.5392
501 23.0042 39.1477 43.0119
502 54.9534 76.2531 59.1006
503 46.3481 44.2415 67.6474
504 40.1414 80.8606 51.166
505 34.9237 63.6513 75.3718
506 53.8382 70.7516 58.5446
507 47.3803 95.22 77.5757
508 23.1542 52.3372 62.2374
509 50.9445 62.3346 38.8407
510 38.7527 68.1246 82.7867
511 38.5495 43.1538 58.4165
512 48.6782 65.0943 58.1666
513 0.814313 51.7156 64.0862
514 38.7133 77.015 89.3994
515 37.0016 52.6904 85.6217
516 55.4307 60.0706 101.701
517 41.7745 62.3709 94.3598
518 22.692 51.4044 84.2812
519 50.5234 42.349 79.8692
520 36.1722 54.5181 65.6291
521 41.8691 55.477 102.626
522 41.8595 73.8981 64.5525
523 51.1155 82.3152 80.9321
524 60.5739 57.5717 89.0043
525 41.4411 54.2913 95.0608
526 39.456 54.6164 116.026
527 38.5641 65.8172 101.574
528 56.528 69.5534 88.3953
529 21.1684 58.291 105.463
530 37.0233 55.8681 104.399
531 27.1789 64.7329 123.807
532 29.2889 65.0077 113.384
533 63.1649 48.9529 103.241
534 39.21 54.1712 118.376
535 41.5483 61.4577 121.144
536 62.1853 61.1855 118.364
537 37.8894 71.6385 -0.042079
538 47.1272 84.5133 0.042764
539 28.0859 71.3385 19.318
540 51.1236 63.4077 -0.150653
541 42.6521 95.9386 14.0857
542 28.3144 80.9425 -0.14117
543 31.5131 71.6399 -0.356557
544 36.2457 83.8931 37.9241
545 40.0825 77.5926 24.4751
546 60.6677 93.7074 42.6759
547 50.381 86.3723 27.1627
548 30.8359 70.4386 20.8839
549 62.5991 83.6402 25.2558
550 47.8065 80.7841 8.46649
551 56.4841 88.9836 34.4797
552 39.4559 64.4664 18.0375
553 34.3204 82.0959 44.5334
554 54.9386 88.5311 19.3097
555 64.8342 76.785 60.2943
556 16.6 79.8302 25.454
557 37.433 101.751 26.7161
558 54.0622 73.2846 27.0168
559 53.596 98.3564 24.3613
560 27.7636 91.7123 32.4451
561 52.4834 83.617 46.3299
562 65.3534 77.1668 35.0457
563 48.5113 82.0616 31.9477
564 46.1672 52.1604 43.3255
565 42.3419 63.4683 50.6133
566 43.9873 84.3158 51.2394
567 57.4006 78.1391 47.8443
568 53.2016 89.1288 57.7689
569 38.1286 77.8521 63.7831
570 56.874 86.1051 67.3712
571 14.5965 86.3471 38.8556
572 43.1963 67.3334 49.9
573 53.2001 67.3477 59.0112
574 46.7881 64.6051 39.9429
575 38.6149 47.7388 65.6567
576 42.5909 46.5317 60.3884
577 40.3197 85.4289 50.2027
578 28.0698 63.2287 37.4348
579 62.3143 60.6435 88.3961
580 57.9031 81.8317 66.3813
581 36.5701 67.9611 79.0627
582 41.0642 90.6194 83.155
583 54.7712 77.898 62.2663
584 13.8723 98.4761 75.0923
585 37.185 85.5033 72.1724
586 40.064 103.288 76.8831
587 61.2456 94.6559 95.5254
588 18.0752 91.5032 98.4066
589 51.4352 75.9463 107.97
590 47.5118 59.762 98.8558
591 54.2304 73.1709 82.6781
592 25.22 74.3472 81.7158
593 69.9354 94.4362 102.065
594 45.8163 68.0084 84.8678
595 16.1056 96.1912 87.6357
596 53.372 72.3388 86.7169
597 32.4888 75.8569 109.295
598 41.8816 52.5655 99.2028
599 38.9952 86.6945 99.1859
600 43.4203 113.506 109.047
601 58.1781 84.3231 106.474
602 47.8471 81.9864 95.6745
603 75.109 103.162 105.611
604 54.1858 68.1464 105.418
605 18.661 90.637 94.8387
606 49.886 85.2938 92.9368
607 42.0952 76.5401 105.417
608 43.7189 65.5319 107.973
609 30.0684 88.9557 108.185
610 47.3792 85.7023 118.575
611 59.2395 75.7071 123.628
612 49.6593 83.702 123.379
613 27.9053 68.6232 113.987
614 43.4249 88.2475 119.353
615 50.2535 77.3197 123.853
616 38.1898 104.853 -0.412854
617 44.7958 113.237 1.19716
618 57.1233 113.418 1.28345
619 28.79 111.037 8.21578
620 52.1067 113.622 2.62303
621 37.7451 109.079 11.0752
622 54.8763 105.144 19.9181
623 34.953 98.1784 12.3166
624 49.0764 90.05 13.4214
625 39.0977 112.498 0.140791
626 47.5156 103.174 19.3639
627 31.3065 113.133 17.9117
628 34.6796 102.9 14.2836
629 37.735 113.225 18.3194
630 35.8394 91.4218 27.2648
631 6.62205 94.1833 21.7615
632 21.485 90.6911 24.8293
633 32.2636 112.501 29.3013
634 34.3553 89.8178 39.2168
635 47.4229 100.189 32.9618
636 71.6001 112.107 46.0043
637 34.2379 100.621 46.785
638 44.7383 112.021 38.7039
639 39.7499 86.1832 38.5784
640 44.2935 111.499 49.2298
641 47.388 110.329 57.6474
642 60.9888 86.639 52.7987
643 38.4491 111.681 51.5054
644 47.0708 94.3231 43.8662
645 48.6592 111.771 43.7699
646 51.5769 111.166 56.69
647 69.1265 86.1701 44.4499
648 30.1603 112.26 54.6751
649 15.4926 113.631 79.8237
650 43.6983 113.793 71.7979
651 19.7885 113.646 69.7717
652 54.8625 89.7348 70.3374
653 43.4428 113.588 69.0063
654 28.0915 97.8106 88.4409
655 13.4346 113.541 72.0317
656 79.8843 112.454 73.1275
657 0.484248 69.8101 74.0471
658 41.2318 100.051 78.6154
659 46.9317 107.275 72.321
660 19.6455 96.0424 90.0768
661 47.6369 113.349 98.1639
662 45.7289 113.439 85.2656
663 43.66 113.214 82.6488
664 32.4673 113.005 93.8279
665 36.6796 112.923 104.626
666 52.4236 113.105 86.3259
667 49.8596 94.1918 91.3568
668 35.3541 96.5153 105.888
669 11.6854 113.604 88.04
670 39.9743 79.0528 70.9594
671 30.5384 114.145 85.1593
672 40.2915 112.921 101.865
673 55.7961 113.002 90.6009
674 37.4349 93.2062 115.991
675 38.1927 113.977 111.542
676 57.9799 112.986 83.0203
677 35.2571 113.521 95.5425
678 55.6505 113.133 100.836
679 48.2328 113.093 107.269
680 45.0847 92.7676 123.654
681 52.6519 94.7111 108.873
682 47.5335 112.586 124.149
683 37.411 93.1988 123.45
684 48.9872 113.259 119.932
685 33.4278 113.895 109.163
686 25.2489 113.659 109.209
687 35.5206 113.477 121.312
688 51.6777 103.305 121.192
689 53.1787 99.7448 123.867
690 53.4034 113.514 113.872
691 66.2615 9.02618 -0.0184502
692 62.6718 14.6087 0.246266
693 82.985 5.06469 9.15934
694 78.0561 20.8802 13.9276
695 64.9998 18.1188 -0.234678
696 57.47 24.9741 17.9042
697 80.0429 -0.207116 13.7265
698 65.7963 16.4701 14.6908
699 50.4301 23.4172 13.1222
700 67.2263 3.69047 32.1193
701 83.8843 20.3047 27.274
702 82.8828 2.29256 23.4828
703 56.1556 20.5188 16.8198
704 75.0844 3.67747 31.5031
705 67.8596 6.92178 16.6857
706 71.2625 2.21394 49.5347
707 59.828 2.7633 41.0357
708 79.0458 28.683 39.4108
709 78.9779 22.7823 31.6325
710 63.0089 35.6269 42.4454
711 42.1522 2.4859 35.791
712 47.5423 42.7074 23.5385
713 62.6977 10.3774 42.8103
714 66.7695 3.62359 27.2052
715 58.2558 24.2402 24.4609
716 52.6499 16.4648 70.8238
717 69.2992 21.3627 56.9954
718 95.0051 16.2834 59.6015
719 72.1614 11.9137 72.2977
720 83.622 24.9418 91.6255
721 73.2895 1.33531 82.2359
722 85.4369 21.2355 66.9307
723 55.5858 2.0211 62.4981
724 51.5844 1.914 71.028
725 76.7502 19.3187 76.1724
726 84.3794 36.9227 60.5135
727 72.4286 1.01354 76.81
728 47.2074 20.8421 96.827
729 85.8347 8.00981 85.7521
730 83.4799 36.184 88.042
731 79.7193 0.272171 104.277
732 93.6309 1.00673 100.048
733 85.4964 8.49929 123.807
734 87.9739 10.5979 104.897
735 70.8301 7.08164 123.655
736 85.2452 24.7892 123.952
737 64.7447 19.985 104.684
738 60.4211 3.68933 116.312
739 81.9017 8.49605 114.032
740 73.6604 23.0371 123.835
741 67.3089 19.8248 123.584
742 67.7283 12.168 121.181
743 84.9373 12.4078 124.145
744 59.507 -0.524069 112.515
745 81.8904 12.8764 123.751
746 61.8445 -0.624321 110.139
747 61.4689 15.8422 123.645
748 72.9437 31.9774 0.0537296
749 80.5817 47.2713 0.162895
750 81.7552 40.7153 0.108477
751 82.1777 34.9981 18.8892
752 70.3015 37.0881 -0.0924752
753 61.7281 26.8132 -0.157155
754 85.2708 52.9446 21.0464
755 88.6149 40.7811 23.8778
756 80.1161 33.0023 18.0377
757 56.1767 28.5971 29.5153
758 66.7997 16.599 10.8191
759 92.6925 27.8307 41.0507
760 61.8331 33.8926 20.2824
761 60.9488 49.808 35.1351
762 69.1753 24.9485 47.9404
763 77.1256 1.78537 60.3598
764 106.855 27.4473 58.9228
765 66.8763 46.1389 66.0041
766 64.9722 38.5411 50.4437
767 85.5953 14.9631 52.9715
768 58.4001 20.3314 60.1598
769 113.128 59.3301 63.8566
770 69.098 47.949 48.9715
771 73.2483 25.0323 75.0729
772 113.025 59.1204 58.4363
773 74.2183 42.907 84.5648
774 64.9495 43.4407 80.1152
775 74.8389 46.3018 54.7924
776 80.3075 42.2526 63.291
777 63.8209 26.8937 75.8543
778 84.3731 32.0308 89.3776
779 75.2616 8.48694 79.3997
780 70.3663 37.2087 57.1498
781 72.4307 34.533 84.9705
782 75.13 25.0738 80.1568
783 60.0848 29.1069 76.4464
784 80.6225 28.4913 68.8151
785 71.5151 40.3746 103.453
786 74.9681 25.2056 85.3221
787 74.9618 43.2387 76.3228
788 62.8176 37.5477 54.316
789 44.105 38.2115 81.1552
790 69.3079 31.9439 83.3288
791 74.8222 58.3013 103.883
792 41.4321 45.183 102.143
793 73.0389 28.9013 82.8247
794 42.4231 12.2204 105.338
795 52.9078 22.4494 87.6191
796 65.3409 47.1237 100.908
797 74.2584 0.963002 97.5742
798 73.7723 42.636 109.473
799 48.6988 50.0361 104.565
800 72.0481 55.1335 115.034
801 76.6175 19.7923 109.211
802 51.2383 24.0161 91.9295
803 65.2927 34.1481 97.5315
804 57.3958 43.9654 123.704
805 67.2702 26.4694 123.457
806 61.553 23.0834 113.518
807 67.5571 24.9013 117.21
808 61.517 39.1837 111.981
809 88.618 38.3357 123.644
810 84.8747 47.4462 0.217272
811 81.0453 74.1786 0.180598
812 56.0071 54.3062 -0.0916543
813 58.5082 56.1874 7.54822
814 58.042 53.3894 5.75854
815 63.5712 54.3217 7.17773
816 57.8107 55.3779 3.91423
817 92.4632 71.6137 7.61029
818 69.327 57.5024 14.4054
819 72.652 62.1728 13.598
820 88.6532 47.6548 7.99398
821 57.8767 49.1571 24.1748
822 59.5013 63.4128 7.78483
823 66.6274 56.3064 23.2888
824 71.1071 62.9861 17.67
825 74.4086 68.1528 27.9851
826 78.6317 74.4743 19.2302
827 61.8679 55.6741 16.8105
828 83.864 49.6514 21.332
829 96.1048 79.7652 17.1935
830 92.4049 70.5978 21.6147
831 69.6518 69.4491 40.8197
832 62.0421 86.9715 43.2553
833 78.6664 43.5334 56.7245
834 53.4014 50.409 30.3997
835 59.3181 58.3149 32.4016
836 84.6133 68.3947 40.043
837 72.3208 64.7097 20.2206
838 83.4822 57.2295 37.2792
839 69.4796 58.9131 67.4126
840 64.7732 50.7548 77.4
841 88.0098 70.6066 51.7327
842 68.7159 50.3642 85.838
843 71.8523 46.2071 61.3643
844 84.0133 52.6619 64.1937
845 72.8223 65.2558 64.1363
846 90.4557 49.172 67.1323
847 69.1942 69.5358 62.6077
848 80.3115 66.4961 72.6637
849 65.1306 55.5552 88.253
850 66.0735 33.5333 76.489
851 94.4895 37.4163 101.007
852 70.975 51.6408 84.9457
853 77.6495 60.5953 93.0011
854 58.5834 55.0647 55.1821
855 88.8591 66.152 80.3506
856 72.7873 64.9105 94.5132
857 69.8776 46.2337 80.1053
858 78.6647 70.4892 98.2049
859 84.8437 57.4256 88.2095
860 55.439 64.9454 103.35
861 68.0421 43.6347 113.403
862 81.1834 53.3743 92.7132
863 84.5027 43.4447 105.036
864 69.1195 59.3934 97.4275
865 76.3625 50.224 102.82
866 68.4233 43.8869 74.311
867 65.0539 68.6316 114.237
868 82.8328 53.9076 117.942
869 75.61 48.9272 112.53
870 90.7925 27.8562 123.722
871 63.5528 65.1917 123.702
872 72.8 66.4215 123.76
873 88.2732 62.2674 112.43
874 81.8879 54.1916 123.963
875 82.6838 55.9405 123.792
876 94.1617 78.6202 0.319622
877 60.4465 73.9715 0.250643
878 80.403 82.6804 -0.11835
879 71.9886 82.2152 0.0558797
880 69.4303 85.78 12.1597
881 61.877 78.3886 -0.197132
882 59.7418 71.3135 0.136115
883 70.0796 74.9404 10.5527
884 62.9456 70.4054 0.117674
885 66.5547 89.1607 7.13041
886 69.7877 68.6005 44.0192
887 60.8638 69.0644 18.8502
888 88.2646 69.0967 35.4292
889 76.237 74.0058 20.8432
890 71.9346 70.2585 29.4595
891 56.7289 91.6242 27.7169
892 78.1487 66.5383 48.909
893 65.9211 68.2823 22.8627
894 93.1848 86.7139 30.785
895 76.3007 69.4186 68.5977
896 79.0829 65.2959 23.8448
897 84.4082 68.2908 48.1601
898 84.6938 94.323 14.8853
899 106.333 62.7756 50.3581
900 83.2722 96.537 50.2747
901 81.1077 90.7187 43.6541
902 72.7742 86.5047 61.6262
903 68.2711 110.922 61.1469
904 63.8752 91.8859 49.8008
905 69.4702 81.2325 50.9409
906 60.829 84.0495 43.7458
907 89.6711 73.6812 51.7332
908 61.4403 79.5048 67.4859
909 46.5093 101.202 69.8237
910 61.6519 104.164 63.3872
911 87.0253 70.3292 73.1834
912 86.0251 73.906 73.8979
913 56.7465 88.1304 70.6271
914 57.6625 90.1623 54.6607
915 74.2452 73.9207 43.4055
916 74.5291 72.5322 82.4115
917 44.558 70.0262 80.0541
918 77.4543 83.535 82.8689
919 73.5285 60.9148 73.9466
920 75.3049 62.0589 75.4041
921 86.5367 67.2959 79.7195
922 65.7558 92.4074 84.5008
923 68.7652 89.3508 87.5383
924 51.7161 74.7794 95.7208
925 35.0684 92.9329 106.387
926 74.877 79.1576 79.2609
927 102.296 70.8222 92.3312
928 73.5556 95.3684 101.112
929 69.5924 75.5281 103.425
930 59.7239 89.7735 123.757
931 78.027 68.2223 123.676
932 79.1541 70.3829 108.958
933 79.1471 90.9029 110.872
934 66.9002 76.592 123.5
935 60.6179 101.579 113.629
936 62.79 77.061 111.259
937 69.5526 89.5104 118.785
938 86.163 93.8052 22.0157
939 57.3944 99.6766 9.46944
940 61.2111 96.6943 5.5134
941 78.6341 85.6579 0.0676325
942 56.7525 111.988 35.6119
943 96.5105 112.418 30.5509
944 77.1305 112.687 32.419
945 53.7126 112.664 29.2454
946 52.8287 113.163 11.1045
947 59.6766 113.904 15.4011
948 75.6069 111.923 49.0662
949 71.6237 101.403 27.2022
950 69.1156 112.899 19.8008
951 65.5245 112.47 34.5736
952 36.6929 113.579 62.1758
953 68.6833 94.6757 17.873
954 113.173 84.6319 30.4292
955 61.0373 111.904 41.1283
956 79.8725 100.14 41.9478
957 95.516 92.611 53.123
958 68.3019 111.385 52.3957
959 71.1538 89.4506 52.9092
960 58.4458 84.9644 45.3449
961 64.5061 113.027 76.6158
962 75.863 111.529 63.7205
963 63.5891 112.302 42.7506
964 66.7667 95.2019 30.5409
965 87.9448 87.4121 51.2028
966 83.5964 112.489 67.4445
967 62.7083 78.4222 42.7387
968 87.4926 90.3539 51.9871
969 70.7484 91.1829 70.5513
970 70.4239 89.8223 61.7103
971 62.6375 114.285 72.8039
972 99.9078 98.8601 61.2554
973 78.003 87.8006 79.8741
974 89.0094 112.073 71.6812
975 53.9416 76.4198 78.4223
976 74.5192 99.3526 82.0513
977 83.6303 111.874 65.0091
978 69.704 113.001 103.471
979 81.8054 91.8214 65.0758
980 76.6704 80.1481 105.507
981 91.9791 111.42 95.521
982 60.9486 112.631 86.6763
983 72.5518 112.291 80.6369
984 61.0348 112.834 101.957
985 77.2419 112.27 83.3031
986 80.5113 113.391 110.314
987 73.6503 89.1579 114.051
988 49.993 113.679 88.192
989 113.638 87.7199 94.5914
990 63.065 83.4452 94.8157
991 91.6626 112.13 78.8106
992 80.4091 94.9728 106.654
993 67.9471 103.078 109.195
994 52.555 92.5418 108.12
995 66.0205 103.893 94.5314
996 58.0695 113.165 90.6109
997 61.6343 113.474 106.243
998 76.3992 93.0211 123.919
999 59.7612 113.74 116.589
1000 93.6701 103.566 123.862
1001 64.83 101.195 123.877
1002 88.5654 94.1818 123.593
1003 66.9707 97.5478 123.689
1004 80.5583 113.442 115.199
1005 62.4476 100.557 107.131
1006 71.7549 95.0987 112.237
1007 69.6462 100.417 118.211
1008 114.338 20.1958 6.38442
1009 101.551 17.9018 2.77163
1010 89.9449 21.0481 11.1772
1011 107.032 0.146039 2.7454
1012 96.0361 0.244204 0.866397
1013 100.179 16.8545 11.7292
1014 93.7958 20.5184 13.6006
1015 113.121 12.5253 32.5852
1016 102.124 19.5914 12.4033
1017 97.8294 2.11357 22.1151
1018 83.9137 18.0815 28.7774
1019 102.742 16.2195 12.8386
1020 97.5797 1.89849 25.0831
1021 88.5683 18.0765 12.9766
1022 101.859 17.3099 14.5562
1023 93.1712 1.27983 38.3828
1024 113.114 9.98051 36.9941
1025 92.0554 28.7056 36.3196
1026 84.8708 25.9077 37.8939
1027 95.9758 12.3787 42.9814
1028 87.4006 19.0595 41.5133
1029 111.546 1.62198 41.6768
1030 113.928 8.30644 22.0721
1031 90.178 1.76785 45.4883
1032 112.568 4.9299 62.1931
1033 93.9418 30.8479 54.0745
1034 113.374 16.5211 25.5935
1035 102.2 1.73812 53.8304
1036 113.007 23.3121 39.5248
1037 93.0041 1.17714 49.4675
1038 95.7677 36.0781 60.4625
1039 89.7748 1.27071 94.5294
1040 112.931 24.8357 69.5144
1041 111.435 1.96373 69.2147
1042 104.788 1.07689 71.2837
1043 89.8337 1.6929 67.7878
1044 102.659 1.28565 57.3619
1045 88.9791 19.345 76.3797
1046 89.8402 1.31887 83.6276
1047 85.6908 0.472991 104.007
1048 89.9096 13.7442 101.914
1049 112.84 6.42518 80.8843
1050 96.6493 0.977543 95.7444
1051 112.937 25.0908 85.9762
1052 112.863 33.9782 95.1136
1053 112.359 14.1105 101.55
1054 112.125 5.14645 100.079
1055 94.7077 1.1319 90.2671
1056 69.2521 14.3008 86.0117
1057 112.495 18.6449 92.3079
1058 79.6539 5.6079 100.434
1059 95.9577 -0.113619 109.661
1060 94.1222 19.0892 95.546
1061 108.806 0.871634 90.4937
1062 87.2096 0.647146 95.6162
1063 90.3554 42.3339 89.4453
1064 88.3008 3.5896 124.474
1065 112.694 4.38502 87.7262
1066 98.4964 0.227273 113.759
1067 113.855 5.76062 118.836
1068 112.343 4.62946 124.173
1069 101.95 8.16826 111.493
1070 93.2906 38.7575 0.0470041
1071 78.5186 29.3961 0.160617
1072 95.8632 16.3081 10.3533
1073 98.231 50.2812 15.5066
1074 93.32 46.0535 0.264479
1075 98.4947 47.0344 2.78026
1076 100.369 36.7279 -0.0531728
1077 98.3411 43.7988 5.04519
1078 114.561 10.6985 8.36916
1079 75.7461 41.2343 19.8739
1080 87.5874 13.4258 43.1992
1081 114.051 46.0687 18.6824
1082 66.4382 29.4828 55.9915
1083 113.286 41.4371 43.2875
1084 98.0888 33.9107 23.2144
1085 102.891 61.1502 33.7856
1086 73.5019 42.4048 41.3297
1087 113.438 43.6807 31.5838
1088 93.9575 43.3108 31.9307
1089 100.546 30.5102 30.9748
1090 78.513 46.713 33.5091
1091 90.5335 26.9215 39.3561
1092 112.772 45.5478 56.0658
1093 96.0177 31.8374 61.4995
1094 94.4966 31.4872 65.8945
1095 99.2613 54.9693 39.4507
1096 92.0943 42.195 52.0851
1097 113.029 20.4804 49.0518
1098 95.5824 38.7614 53.0565
1099 113.296 48.4542 36.2528
1100 89.0509 24.1436 50.5008
1101 113.18 23.2077 42.7525
1102 88.6367 34.5644 48.9188
1103 112.981 40.865 59.9055
1104 88.1932 54.844 70.8526
1105 76.8971 16.6951 74.5581
1106 112.412 21.1878 95.9093
1107 99.395 42.714 77.0336
1108 113.17 25.1335 53.6593
1109 112.78 39.3114 79.1468
1110 113.081 50.5632 72.4456
1111 97.1201 40.1924 64.9948
1112 89.3437 35.1605 66.6311
1113 112.866 33.9498 67.6856
1114 83.2812 37.3949 103.712
1115 108.442 31.5942 96.98
1116 112.829 46.3806 81.748
1117 86.2543 44.9256 88.1313
1118 101.303 20.9739 72.3016
1119 101.021 43.1783 96.2958
1120 84.9741 45.9463 98.1465
1121 93.6787 26.2813 87.8302
1122 81.4853 25.0598 90.7373
1123 101.443 59.2551 102.764
1124 83.5892 15.3002 97.9521
1125 114.059 52.438 118.846
1126 96.9603 46.6507 84.5162
1127 89.7685 30.294 113.297
1128 93.9083 30.8904 107.538
1129 100.697 41.1855 107.323
1130 108.079 23.2006 123.562
1131 108.598 31.535 123.442
1132 114.158 36.0072 114.951
1133 114.025 39.1185 116.671
1134 102.19 33.3906 123.706
1135 102.073 35.6733 117.007
1136 85.0119 45.4132 113.548
1137 109.266 64.3622 7.14487
1138 114.48 52.0715 4.86002
1139 96.1447 50.2044 0.462577
1140 114.466 47.8241 18.2114
1141 113.077 66.8051 29.4144
1142 113.081 62.4455 52.1532
1143 105.774 66.414 35.5747
1144 91.921 54.4485 25.9326
1145 90.028 50.6307 20.6689
1146 113.56 50.6505 25.9254
1147 113.684 64.8055 20.4046
1148 101.033 63.8868 21.9158
1149 94.9085 70.321 0.429879
1150 86.7167 60.6759 38.3688
1151 113.774 59.7603 21.4027
1152 113.013 72.7989 39.1636
1153 89.9508 40.7726 42.6392
1154 93.9781 55.4651 39.2051
1155 90.8976 55.8978 50.2596
1156 78.9225 58.5654 35.1101
1157 112.991 46.3517 40.6429
1158 112.764 66.5192 45.1967
1159 103.822 53.4939 40.3364
1160 113.057 70.6315 70.6182
1161 112.837 36.3871 68.9583
1162 95.6395 54.3325 65.114
1163 72.5243 39.3642 72.7112
1164 113.007 54.6937 59.4297
1165 113.176 53.2547 54.3554
1166 88.0509 65.3685 36.2054
1167 112.939 59.2917 47.2706
1168 101.851 67.3186 52.0357
1169 93.4488 73.6442 62.7486
1170 112.527 62.1001 59.9984
1171 96.1037 61.4387 81.1411
1172 113.08 50.9162 53.3325
1173 93.4418 60.9065 48.405
1174 97.7028 82.3978 69.2162
1175 96.6233 71.258 71.6875
1176 112.935 92.6331 80.5089
1177 113.3 75.2217 79.8046
1178 102.349 78.6564 64.6754
1179 92.3393 39.5326 62.183
1180 91.8725 67.0042 53.839
1181 112.843 53.0748 81.5072
1182 112.888 56.0935 93.2695
1183 112.866 43.0103 79.7543
1184 109.95 66.1501 90.4178
1185 98.7817 58.9993 101.628
1186 112.724 52.3981 86.0851
1187 113.051 60.6122 92.5451
1188 113.917 56.5891 109.805
1189 113.083 57.4854 101.25
1190 100.216 50.2775 99.1664
1191 113.058 65.8936 82.3615
1192 102.29 47.0709 88.4498
1193 87.7909 51.1256 86.4554
1194 78.3244 48.8588 102.834
1195 113.387 41.6694 104.339
1196 98.5044 61.3247 105.274
1197 96.6766 57.5446 105.237
1198 102.012 58.4522 108.498
1199 112.509 62.6886 89.9615
1200 86.6701 51.3877 109.354
1201 95.8222 66.3695 115.171
1202 96.087 51.1269 123.879
1203 109.002 59.4161 123.75
1204 110.464 68.2948 111.159
1205 101.788 50.2463 114.201
1206 112.677 65.339 123.6
1207 91.2098 91.1934 0.215561
1208 82.3332 78.6405 0.141141
1209 91.6164 90.7472 9.77017
1210 114.386 80.6026 12.729
1211 84.4834 91.9641 18.8767
1212 110.027 91.919 6.7646
1213 94.1115 74.925 0.310438
1214 85.6813 71.1119 11.3588
1215 92.3769 82.086 0.0956782
1216 98.1431 96.1401 0.380165
1217 114.35 92.4194 12.8462
1218 113.328 68.5482 26.8766
1219 77.4264 71.639 20.0214
1220 90.7788 67.7123 25.1755
1221 113.822 89.877 16.9059
1222 113.444 78.442 23.4339
1223 83.3696 96.4473 28.1707
1224 82.4939 93.2329 12.9771
1225 108.399 61.5249 18.4295
1226 113.422 76.0258 30.6154
1227 113.189 103.732 38.8183
1228 92.6227 73.7941 56.4931
1229 99.1591 73.8247 51.7896
1230 83.3214 107.629 52.3721
1231 79.8145 62.6748 43.3801
1232 113.038 89.6206 38.3784
1233 83.7445 99.6271 39.2881
1234 91.3195 74.8949 61.9909
1235 91.5276 83.6737 62.8942
1236 83.4821 100.758 65.6742
1237 85.3735 56.1398 66.2057
1238 112.926 77.7715 49.4442
1239 83.6715 90.4624 43.7543
1240 97.6768 93.896 74.0744
1241 99.3231 79.8429 76.6083
1242 112.898 70.8381 79.7911
1243 113.212 88.6847 64.9286
1244 92.7384 69.1763 49.0066
1245 113.167 91.4939 69.5844
1246 112.976 66.6816 50.7819
1247 112.749 70.7583 65.3947
1248 113.216 88.2238 78.5945
1249 113.034 77.7694 74.973
1250 96.9234 87.3714 73.075
1251 94.67 65.8738 107.496
1252 90.4416 80.8088 76.9223
1253 113.247 72.0479 91.8669
1254 84.4656 64.0941 74.4531
1255 88.5986 66.5157 83.746
1256 113.629 64.3229 107.02
1257 98.453 68.4488 94.2919
1258 113.07 71.9185 99.8967
1259 87.7333 85.0984 101.41
1260 113.214 81.4405 100.968
1261 113.603 75.9129 103.262
1262 94.0867 70.6174 106.906
1263 96.6492 81.2545 95.4987
1264 95.216 92.2083 87.9305
1265 114.051 75.8314 108.944
1266 108.62 74.0995 111.837
1267 87.7761 68.5093 123.717
1268 114.151 71.134 114.975
1269 91.7007 68.6308 123.623
1270 106.281 82.3636 123.904
1271 114.149 83.2992 115.109
1272 95.9595 79.3461 120.922
1273 84.383 85.0574 112.44
1274 114.076 92.4037 118.071
1275 90.2526 72.0222 111.495
1276 110.924 84.4205 111.423
1277 90.2022 82.7017 123.707
1278 81.193 73.397 123.755
1279 96.2696 78.6878 108.729
1280 104.45 65.859 123.611
1281 114.461 95.1223 23.2417
1282 101.039 113.351 19.0323
1283 108.774 113.588 13.0391
1284 114.436 92.3626 10.1365
1285 91.9479 106.593 15.4001
1286 113.603 89.2905 24.2556
1287 113.414 105.508 25.3856
1288 95.3522 112.345 48.487
1289 112.923 103.686 33.5464
1290 96.1226 87.8364 34.7009
1291 113.379 108.389 29.946
1292 90.0628 112.994 35.1046
1293 113.668 85.0863 19.5221
1294 105.593 112.295 40.5181
1295 96.7257 112.076 38.8838
1296 89.7267 112.884 37.7976
1297 84.2494 111.822 49.8374
1298 105.253 112.502 46.2349
1299 113.157 86.9696 57.8955
1300 113.334 105.586 42.8233
1301 113.292 79.3827 36.8468
1302 62.1434 96.506 39.0537
1303 108.244 112.545 55.5576
1304 113.326 85.2931 34.6092
1305 108.466 111.872 60.8585
1306 80.9173 112.032 46.9521
1307 105.903 70.1827 64.5468
1308 94.9496 99.066 85.027
1309 113.073 109.355 54.4898
1310 101.007 84.1179 65.5084
1311 104.447 69.0741 62.5127
1312 89.2138 83.1533 54.9609
1313 111.598 112.233 62.2519
1314 84.9308 112.041 80.0379
1315 112.802 95.5477 84.5021
1316 93.7191 89.4409 72.1105
1317 103.681 111.573 97.8468
1318 113.205 107.274 81.5718
1319 101.048 90.5051 73.9405
1320 78.3135 89.3699 97.7091
1321 113.19 84.0011 90.8524
1322 105.962 89.8156 66.6373
1323 113.133 82.685 84.7941
1324 111.774 111.747 89.4307
1325 79.3788 100.13 79.9683
1326 114.174 92.8239 113.563
1327 99.6651 104.254 103.2
1328 98.582 86.8835 115.126
1329 113.395 92.9142 100.069
1330 97.572 98.7834 104.893
1331 65.7788 112.874 98.3437
1332 91.8427 111.479 97.8928
1333 97.9951 108.543 107.894
1334 106.007 100.547 113.467
1335 97.9435 89.9053 108.548
1336 113.829 103.852 121.93
1337 114.356 97.443 112.881
1338 112.646 113.611 120.75
1339 92.9565 110.747 114.566
1340 113.958 104.559 115.291
1341 90.2096 100.069 104.179
