0 11.2207 13.3835 -0.761166
1 2.78476 0.0561951 10.0132
2 -0.640337 36.2994 21.8914
3 18.548 -0.10044 9.72039
4 25.6662 -0.239793 1.10871
5 7.84911 12.7572 -0.281551
6 -0.511954 13.1346 10.8055
7 11.9084 8.89745 6.83291
8 11.1612 2.02142 -0.317316
9 -0.677519 15.5187 1.93727
10 -0.456631 15.4877 31.845
11 21.7515 14.3727 18.0075
12 13.508 11.5391 25.3666
13 7.32104 -0.163106 26.2764
14 18.0382 -0.367703 22.255
15 17.5518 12.3184 19.7857
16 -0.734085 20.255 41.0532
17 36.3888 -1.16153 31.2446
18 -0.586513 10.9475 37.7697
19 19.5088 13.3947 19.1697
20 17.2045 -0.686552 48.844
21 -0.626377 1.41116 39.567
22 15.0224 8.69792 37.8532
23 11.5103 9.91687 39.1853
24 -0.279691 28.9357 31.1297
25 30.0898 4.80429 51.8444
26 8.43202 15.1105 49.3065
27 7.75683 12.4455 45.5337
28 28.601 29.4307 47.1002
29 19.5268 15.5936 64.6525
30 -0.764081 14.9373 48.7546
31 18.2881 -0.177771 55.1783
32 28.0778 8.15676 36.3309
33 23.593 8.7839 44.6991
34 -0.929598 7.5983 76.2322
35 24.7612 6.12473 71.1922
36 23.351 2.80076 69.2437
37 19.3499 15.1272 55.1604
38 9.23222 -0.468506 61.4678
39 25.5443 -0.452916 51.6252
40 22.4805 -0.397091 57.8216
41 17.2556 18.0985 85.6921
42 19.2946 13.5066 81.6902
43 26.3138 -0.157018 70.3959
44 4.47872 -1.07358 66.4689
45 11.3686 -0.513031 74.201
46 7.21351 7.14865 73.7082
47 -0.818182 5.61322 82.9072
48 19.2266 16.3591 72.1489
49 29.6895 20.6716 107.327
50 21.0181 4.39665 103.206
51 21.6284 13.8139 99.3217
52 17.5908 33.382 87.3778
53 21.0786 -0.878647 91.6136
54 26.4688 6.98584 92.5464
55 19.3385 11.2589 98.5392
56 15.5582 15.6115 84.666
57 9.42717 23.2417 102.714
58 10.2421 0.0770705 93.1563
59 15.1845 6.44533 94.1905
60 7.24797 4.19183 103.278
61 14.1409 0.270837 113.005
62 33.2342 16.1781 115.258
63 16.5898 9.19368 114.78
64 2.48555 0.147217 112.488
65 5.76311 5.11002 107.117
66 21.4677 44.7109 6.81062
67 22.1607 30.6911 16.0097
68 30.1706 39.4466 11.3251
69 -0.647554 45.592 12.0058
70 27.8999 22.6233 12.2931
71 6.94716 57.3189 -0.0408418
72 27.3126 37.1615 -0.0628974
73 8.37819 45.9074 0.0336879
74 19.6446 35.6073 28.5325
75 -0.680126 21.9035 23.658
76 11.4586 22.8693 24.9135
77 3.99596 29.4833 11.8873
78 9.1501 24.8233 48.3627
79 -0.960824 34.6297 5.9705
80 10.5214 35.2797 42.9
81 -0.529713 59.1006 26.722
82 25.9352 47.0778 34.6609
83 13.1758 40.9183 44.2876
84 36.316 35.8948 23.5626
85 -0.711722 45.7899 40.2428
86 27.781 38.4915 46.6625
87 18.9681 34.9359 42.2047
88 13.2917 44.4236 39.4353
89 -0.85183 33.8791 58.168
90 28.035 38.7713 57.8645
91 25.9962 28.0137 59.8084
92 9.48067 36.7908 60.1593
93 -0.875501 19.859 33.68
94 -0.774741 22.4852 54.4455
95 21.3436 31.1093 69.1621
96 7.04629 53.6686 65.4949
97 8.86507 34.3547 43.7951
98 4.82484 35.7686 48.7193
99 11.1204 25.483 57.8718
100 9.24485 28.1511 68.6823
101 21.0105 28.827 66.2372
102 -0.962269 31.2196 74.4839
103 19.5449 46.6066 55.4026
104 21.5004 38.2124 56.5052
105 -0.699608 42.7941 83.8445
106 23.9509 38.3159 52.0917
107 19.071 32.5126 80.9074
108 25.5729 28.6677 62.7934
109 19.2316 21.2828 63.65
110 11.8462 29.2218 82.1318
111 -0.769333 33.8254 80.6208
112 23.5628 36.703 92.4512
113 -1.03648 43.0579 91.1641
114 22.6298 26.0973 102.188
115 7.70746 21.9874 96.5442
116 31.4127 46.4104 83.1651
117 17.2062 44.2728 87.281
118 15.3895 36.2473 75.4045
119 28.8276 48.3386 101.582
120 19.9992 26.8024 103.182
121 13.0057 42.0002 91.3813
122 27.6343 46.1673 90.7712
123 7.49771 42.8771 91.3975
124 0.434487 32.1028 88.1534
125 25.1523 36.8143 115.164
126 29.4076 40.6861 115.375
127 9.40669 41.6405 102.087
128 7.31816 34.6025 99.1148
129 13.1248 44.6192 102.185
130 10.0657 34.6525 115.259
131 13.1285 43.8557 115.198
132 33.1902 27.4504 99.4453
133 21.9312 40.0795 99.8942
134 17.5267 69.4397 6.71225
135 2.1237 63.0464 -0.215717
136 33.8434 68.4127 2.05338
137 17.671 54.1151 12.1949
138 5.39631 59.5715 8.60608
139 -0.367515 82.7386 7.8549
140 19.4608 55.525 11.5873
141 11.6785 57.4386 26.9633
142 -0.712397 61.3645 25.2651
143 12.1026 50.6199 24.402
144 35.6952 50.354 22.9665
145 -0.550729 66.9377 32.7589
146 27.5718 74.9761 12.6936
147 21.3511 70.1755 28.7427
148 8.37639 43.3617 36.7894
149 21.7603 54.1144 34.6491
150 27.0171 65.6248 40.9736
151 5.21438 54.135 45.069
152 6.85457 61.3891 42.1196
153 25.8046 65.1717 47.7869
154 25.8657 50.9245 32.9379
155 8.53767 57.3749 41.6808
156 8.9833 39.2203 43.0566
157 7.80063 69.303 31.3873
158 18.1355 58.3076 35.2886
159 7.01802 53.5151 36.1797
160 31.4069 54.2608 47.6208
161 18.5957 65.7585 66.2322
162 14.5541 63.3176 55.1912
163 10.6635 44.6144 43.6564
164 23.4361 62.0061 44.6209
165 19.3586 55.4066 44.296
166 15.125 62.5092 52.0867
167 7.12039 50.5292 72.8256
168 13.5184 51.8982 76.5073
169 11.457 55.5984 66.4666
170 24.015 57.2259 66.6839
171 34.1986 58.6391 51.3119
172 17.6289 66.0505 76.6013
173 23.7066 59.8682 78.3182
174 14.7306 58.899 78.8813
175 -0.720151 66.1634 87.149
176 10.5115 67.8496 82.1906
177 23.7818 63.8997 71.3796
178 31.9276 47.7389 75.6462
179 19.2892 59.7273 68.6834
180 -0.660356 45.3671 77.2055
181 5.59069 57.9305 90.3797
182 10.9124 52.3932 93.7299
183 23.4549 47.6824 84.954
184 16.9323 61.4371 97.7741
185 23.5394 57.6493 85.3246
186 4.93963 56.3343 108.876
187 13.4973 67.4888 91.2226
188 -0.76102 63.9059 93.9756
189 3.73388 66.7039 107.43
190 10.8141 44.8796 109.011
191 0.901979 67.8726 115.606
192 12.8728 58.4531 114.916
193 14.703 68.2593 115.38
194 -0.762248 59.9592 108.11
195 10.1367 56.0486 115.013
196 20.9769 50.591 107.868
197 33.4828 55.586 99.7835
198 22.1307 62.7952 115.195
199 12.904 70.921 8.58058
200 6.98189 81.4322 8.47582
201 30.4775 93.229 7.96242
202 15.249 71.9787 7.5905
203 24.2387 75.9481 5.80439
204 18.288 84.3169 7.76951
205 2.74623 76.551 -0.804253
206 23.9571 80.0667 -0.731408
207 5.61289 71.9563 -0.0415502
208 16.1475 73.8451 -0.0643529
209 13.8585 82.0557 22.0599
210 23.5331 85.1332 25.658
211 27.1071 95.5375 33.8759
212 29.7206 91.2586 15.7208
213 33.4127 63.8695 15.8284
214 30.2173 84.163 27.3491
215 17.4474 62.5871 14.0355
216 1.62482 86.2025 -0.818657
217 20.2668 68.7057 20.2992
218 25.9769 77.1472 29.7643
219 -0.639604 78.4367 22.1897
220 4.67916 73.8723 37.9624
221 24.8998 87.3477 39.6652
222 23.7206 80.219 44.4307
223 11.3307 77.7392 17.9997
224 15.6351 83.354 33.9632
225 12.9728 91.9205 36.1753
226 20.0346 73.2969 47.0461
227 13.268 99.6644 45.2243
228 13.4125 60.5287 48.2813
229 -1.05848 82.3846 58.068
230 27.4352 83.0448 44.7374
231 23.1299 71.9764 37.7008
232 -0.90097 95.3566 58.2139
233 7.26444 72.6231 49.5356
234 17.2227 73.8425 51.0776
235 21.5886 80.064 46.8091
236 7.92481 62.2603 51.0434
237 16.2628 73.9597 47.7567
238 -0.831171 80.6945 47.0206
239 -0.803535 68.7495 55.3669
240 15.2791 79.9687 54.2309
241 20.791 73.4427 69.9476
242 6.99696 58.0585 52.773
243 8.42706 78.618 57.1169
244 20.9185 99.5806 72.5634
245 -0.840036 73.9203 72.8528
246 35.334 93.0443 42.7792
247 11.7942 85.5288 69.5166
248 33.3901 95.0015 78.7193
249 12.1966 83.0906 51.0595
250 27.5951 75.4098 75.3685
251 18.0816 89.1752 67.026
252 30.9433 72.8206 84.0219
253 16.6911 92.5499 79.761
254 9.97365 74.7879 74.1513
255 18.8752 76.6994 81.9399
256 25.6883 95.8933 70.1392
257 27.8062 81.203 75.6125
258 29.8465 86.0969 95.6872
259 -0.74667 76.2794 81.2342
260 -1.27624 54.6656 67.0513
261 16.9194 94.6903 78.3255
262 -0.802455 83.2389 83.8356
263 8.88237 71.3715 98.4472
264 11.3944 76.5925 94.1867
265 -0.959002 75.6971 92.9702
266 21.0152 73.0682 94.8432
267 -0.595128 69.6023 78.7881
268 33.3622 88.0319 98.7841
269 13.3128 81.0387 81.1986
270 19.1472 86.211 90.0971
271 5.97586 83.8266 115.059
272 16.8696 70.8914 106.475
273 2.56147 70.8448 115.847
274 -1.1909 82.7544 105.546
275 23.7826 69.1554 101.513
276 31.3694 81.8374 100.75
277 26.8785 91.4452 115.987
278 24.3304 113.238 1.30759
279 16.43 101.685 2.64588
280 9.90979 99.9673 -0.0113635
281 13.6462 99.9857 14.9318
282 17.604 113.702 10.2285
283 2.73323 97.6836 -0.601264
284 17.0308 87.8816 17.9848
285 -0.625255 94.8466 15.3092
286 9.63606 114.063 20.022
287 4.42884 99.5467 29.4313
288 7.59237 103.9 37.4511
289 -0.61683 108.933 47.8873
290 -0.902957 106.002 5.27038
291 21.4175 113.448 22.7339
292 -0.704417 92.7107 31.9216
293 15.4704 99.9011 19.7975
294 21.4918 98.0494 16.2192
295 16.6439 113.231 13.7897
296 29.4203 113.796 19.8553
297 13.2394 113.599 25.306
298 35.6618 113.656 37.493
299 19.6633 96.1472 20.2985
300 20.6272 113.548 16.021
301 4.4903 113.6 36.2071
302 3.55644 106.45 35.325
303 4.51518 113.769 46.4062
304 8.41455 113.731 36.6489
305 15.9964 89.6804 25.5347
306 12.6592 113.466 28.8714
307 17.3737 98.5908 35.9528
308 25.3829 113.742 32.7843
309 27.5904 94.1504 41.9477
310 18.9306 105.009 47.1756
311 13.5471 96.8995 44.6088
312 24.2022 113.321 43.8623
313 17.9942 114.383 30.268
314 9.30862 85.7221 58.0912
315 -0.772449 105.955 71.6245
316 3.35613 113.578 50.4567
317 -0.716643 111.175 69.5364
318 -0.740998 92.4677 58.6136
319 9.08465 113.972 52.8658
320 23.7908 104.25 68.8783
321 16.8584 113.481 88.1816
322 29.2548 113.67 73.4138
323 21.0685 113.819 72.7098
324 2.89528 108.048 76.8618
325 10.6512 93.157 68.0586
326 -1.00716 106.011 81.593
327 3.58377 113.73 95.334
328 25.2775 97.9545 84.0427
329 35.9891 108.025 114.997
330 36.855 97.2347 88.9961
331 -0.831015 112.822 81.9718
332 16.933 106.688 92.7083
333 -0.850146 106.181 101.722
334 9.53492 103.601 87.1835
335 16.6634 113.209 109.016
336 20.5185 113.499 97.1601
337 19.976 113.591 81.7952
338 25.3669 113.534 110.707
339 24.7188 100.986 115.236
340 -0.859041 104.292 109.382
341 7.61021 92.1502 99.0597
342 1.62481 114.248 105.641
343 39.6777 13.0126 9.44338
344 20.1705 6.17723 13.4549
345 35.6987 12.4205 7.51613
346 41.1054 17.922 -0.0830328
347 51.4668 -0.114843 3.75882
348 37.5934 14.103 8.79625
349 35.9273 12.0643 0.09802
350 33.4544 15.0265 10.8156
351 34.8847 18.6952 8.89801
352 19.6657 10.8727 20.5709
353 60.0079 13.7997 24.0994
354 34.9365 0.095903 15.2169
355 53.9034 -0.17473 19.0558
356 31.565 -0.409103 21.1853
357 37.6636 28.4457 23.8175
358 25.6889 21.7269 23.2807
359 55.1708 13.846 27.2179
360 41.2398 15.1983 28.8421
361 54.1184 6.72758 39.6445
362 42.3546 25.5699 51.4586
363 41.9159 20.673 34.0301
364 52.8931 15.4867 44.54
365 47.943 -0.641336 46.3708
366 29.5613 16.1228 52.5268
367 29.3673 11.0408 45.8542
368 57.5929 12.3613 57.7788
369 30.9859 -0.04129 63.1675
370 37.8693 12.7592 34.6327
371 42.0423 9.03547 40.3362
372 30.7813 18.8987 64.4571
373 57.6312 -0.0964545 66.2505
374 41.8195 11.133 48.6435
375 65.3407 26.7838 70.6686
376 35.064 7.47257 70.605
377 39.6668 4.68907 57.9559
378 49.5834 -0.344342 86.4773
379 44.412 29.5799 72.0932
380 39.5514 14.1747 91.4624
381 58.4734 0.636202 73.0321
382 37.4702 21.0697 73.8511
383 55.5952 9.16712 82.7004
384 33.4139 1.59124 80.2357
385 42.7216 -0.0904673 85.3106
386 22.5379 -0.0579106 67.8012
387 58.4702 -0.326664 100.38
388 39.427 -0.360015 89.1809
389 41.5559 21.3993 83.6931
390 45.5683 21.552 96.0868
391 48.8399 22.3559 96.7822
392 44.1256 20.0492 98.888
393 53.4005 15.7642 115.293
394 27.0177 12.6089 115.126
395 45.3099 25.1143 106.131
396 53.4307 26.2763 100.532
397 33.9009 1.76827 115.666
398 46.5502 2.11502 116.061
399 47.3375 11.6466 95.9654
400 56.4495 10.4846 115.222
401 46.1615 23.3243 111.123
402 34.03 29.8146 -0.164418
403 31.8599 42.8591 13.5065
404 32.7409 45.7986 -0.0988938
405 54.5516 35.8954 0.244355
406 55.7625 40.1094 -0.00656167
407 37.618 31.3077 16.4739
408 31.6163 41.4667 4.0327
409 46.5863 32.9978 14.164
410 32.4538 31.9843 -0.161226
411 59.6478 50.7989 0.126604
412 43.7229 47.904 4.7316
413 40.7767 48.2258 6.01331
414 43.9035 41.1111 21.9049
415 31.2151 40.3689 27.1555
416 55.6482 52.1483 31.4412
417 38.0781 58.2076 20.0597
418 39.6656 38.7542 18.6817
419 41.5949 28.5057 13.751
420 33.7128 58.9401 16.7607
421 40.2622 22.2364 21.3444
422 27.3608 39.6829 30.605
423 45.7827 22.1509 30.4606
424 50.2962 47.0088 37.2381
425 29.5216 37.9392 26.8222
426 43.2054 37.0305 37.8913
427 65.8779 13.2366 39.3768
428 25.4675 37.7144 14.4859
429 49.6159 28.2276 33.7307
430 38.4965 35.4908 37.8205
431 51.2784 25.4937 41.2527
432 28.0001 43.094 31.5282
433 51.846 25.3795 33.3219
434 31.9841 29.0476 58.8594
435 37.8203 22.9751 42.7793
436 41.1016 33.6026 60.4685
437 31.4126 40.7503 47.386
438 57.1286 34.2638 63.6556
439 41.5277 32.1356 63.3343
440 53.2693 57.0424 46.106
441 41.9752 30.9443 58.7745
442 48.1575 18.0337 62.9548
443 33.6165 42.6227 63.4674
444 30.7492 28.0034 72.5502
445 32.8435 27.2518 78.8952
446 30.7485 25.9182 61.9818
447 47.2658 37.8023 61.4927
448 42.8266 19.1315 82.0764
449 39.5973 38.7584 71.3119
450 47.0481 30.8429 66.2752
451 39.4789 38.9512 63.5478
452 31.2406 49.9354 73.0982
453 51.4032 35.7345 65.9636
454 27.1953 36.4298 67.8637
455 49.3089 28.9535 61.3934
456 23.8335 54.4258 80.5515
457 45.4403 40.3119 92.9855
458 31.5019 33.6491 72.5979
459 31.7202 50.7841 75.1103
460 51.9724 53.2682 75.5574
461 52.6496 45.8158 77.9496
462 67.8255 31.1339 79.5356
463 55.4704 48.1093 79.966
464 63.4824 34.5748 79.7954
465 33.2607 41.0928 74.2908
466 49.7797 25.573 93.6473
467 35.4494 24.3571 106.99
468 55.7475 37.2466 82.308
469 43.2859 35.7758 95.7616
470 22.2695 49.3385 100.58
471 63.7662 34.2855 111.799
472 43.3049 31.3859 106.607
473 45.2828 39.2171 103.464
474 29.5254 26.5536 115.376
475 45.4503 26.5418 115.29
476 42.0462 35.2457 115.528
477 45.2435 39.0919 101.067
478 48.3501 31.2289 115.243
479 38.0184 56.1509 115.594
480 34.5544 63.2104 -0.199421
481 40.0098 59.3522 16.7744
482 56.3097 67.1636 3.11714
483 45.6879 44.2061 17.1559
484 25.6911 58.8859 18.9027
485 25.2043 39.2551 17.7252
486 39.5139 69.4437 21.8989
487 37.0396 64.0714 13.7046
488 63.8846 58.0608 30.0629
489 43.9797 61.71 24.9624
490 42.0424 61.06 19.7062
491 33.7438 68.9235 24.5165
492 47.2847 53.4999 38.8012
493 39.3661 44.5428 44.5439
494 66.1672 60.0391 26.2843
495 40.0706 63.7802 20.6706
496 52.5159 55.0526 41.1788
497 34.4426 65.447 50.8597
498 49.75 63.6334 43.3777
499 41.6701 65.5108 49.5274
500 53.3691 46.0732 58.3493
501 25.6609 53.2065 48.5562
502 46.0168 64.9064 45.3025
503 54.0847 51.9758 64.0375
504 27.0764 65.7349 51.3521
505 47.8804 57.7186 59.9315
506 60.9443 59.671 52.7705
507 59.0855 84.2717 75.6363
508 35.7454 48.2841 71.8332
509 34.179 62.9541 49.8834
510 34.3581 46.9069 71.9738
511 33.9282 49.4208 58.0099
512 47.5656 62.1947 54.6241
513 21.5245 58.9526 58.9657
514 49.5651 60.9753 88.2787
515 37.6031 51.5571 82.1602
516 49.5744 64.278 83.1029
517 37.3865 73.584 91.3804
518 35.7513 64.63 87.6326
519 45.4984 54.6258 70.2229
520 41.0601 56.8455 68.8246
521 33.8483 51.7479 96.4059
522 42.0374 63.4779 65.6648
523 60.2302 80.2985 74.7311
524 41.1916 53.0624 83.2441
525 57.3951 59.2614 87.3457
526 39.5187 54.6844 107.738
527 39.9666 59.2793 99.8785
528 41.8501 46.2295 78.9309
529 29.5632 54.2735 82.4866
530 39.257 60.0657 93.8569
531 27.1789 64.7329 115.569
532 29.2889 65.0077 105.147
533 63.1649 48.9529 95.0029
534 39.21 54.1712 110.138
535 41.5483 61.4577 112.906
536 62.1853 61.1855 110.126
537 37.8894 71.6385 -0.042079
538 47.1272 84.5133 0.042764
539 28.0859 71.3385 19.318
540 51.1236 63.4077 -0.150653
541 42.6521 95.9386 14.0857
542 28.3144 80.9425 -0.14117
543 31.5131 71.6399 -0.356557
544 43.6672 81.6936 38.0582
545 33.7453 92.7384 27.7864
546 61.2917 92.6352 39.425
547 47.7509 86.9081 14.195
548 28.0577 76.3146 18.5587
549 51.074 79.813 18.5583
550 48.1991 81.0484 7.89635
551 51.437 93.9752 28.8507
552 37.8374 67.018 18.4212
553 38.9702 70.4428 47.8449
554 51.4186 89.3634 27.0837
555 59.6571 75.2269 52.7228
556 28.0215 73.2629 27.0011
557 35.5721 99.0973 35.5517
558 55.9521 72.7784 32.1163
559 45.7937 80.5291 28.7695
560 25.4419 81.783 43.1544
561 51.5544 81.1395 41.086
562 49.6995 66.71 36.0301
563 49.2891 85.1882 34.0961
564 33.5831 55.6073 29.0973
565 39.4808 63.8874 40.6265
566 35.6613 89.8883 44.7843
567 51.4935 92.982 50.3767
568 40.9555 92.075 56.4809
569 43.5896 74.5917 55.4872
570 51.4615 74.3586 50.8479
571 30.3532 74.6511 41.464
572 42.7626 67.9268 46.8871
573 46.9957 69.9534 62.5491
574 58.797 56.0042 42.4465
575 35.5102 69.0905 47.174
576 34.1804 72.3594 48.1522
577 27.9209 88.0466 53.0352
578 26.8216 65.5915 38.1512
579 45.6345 65.4752 67.3909
580 69.5909 79.585 59.7456
581 37.4519 77.1732 71.537
582 41.1987 86.7443 79.6307
583 45.6995 72.7106 54.4246
584 25.0214 99.0324 71.4787
585 42.2754 77.4163 72.8747
586 37.7499 94.0524 71.4259
587 41.4932 91.9157 80.9441
588 26.9562 84.1339 87.8605
589 32.1498 85.0279 86.5866
590 49.4563 62.4999 91.7226
591 53.4519 70.3326 79.1376
592 40.821 80.8837 75.3314
593 64.2679 90.1141 88.8184
594 29.4554 80.7767 86.6111
595 24.1658 78.3641 89.68
596 57.7368 75.3271 87.9435
597 32.1397 76.0403 101.408
598 41.6 60.8987 98.1438
599 49.5274 78.1061 88.1918
600 45.4059 87.9393 93.7809
601 58.1781 84.3231 98.2361
602 52.5927 70.9315 91.5018
603 58.6158 93.4205 98.6616
604 51.4547 70.7725 95.9904
605 27.0273 80.5945 93.8957
606 52.4022 92.4011 100.001
607 33.1164 67.0907 88.4599
608 43.6165 68.1836 100.598
609 30.0684 88.9557 99.9472
610 47.3792 85.7023 110.337
611 59.2395 75.7071 115.39
612 49.6593 83.702 115.141
613 27.9053 68.6232 105.749
614 43.4249 88.2475 111.115
615 50.2535 77.3197 115.615
616 38.1898 104.853 -0.412854
617 44.7958 113.237 1.19716
618 57.1233 113.418 1.28345
619 28.79 111.037 8.21578
620 52.1067 113.622 2.62303
621 37.7451 109.079 11.0752
622 54.8763 105.144 19.9181
623 34.953 98.1784 12.3166
624 49.0764 90.05 13.4214
625 39.0977 112.498 0.140791
626 47.5156 103.174 19.3639
627 36.6605 113.367 21.4981
628 34.6436 102.907 14.0654
629 41.5728 99.6335 22.4515
630 39.5947 104.025 21.9384
631 27.8931 97.5047 16.2508
632 28.1058 108.269 34.7061
633 32.1682 113.292 26.428
634 49.313 87.3278 31.7915
635 41.7852 103.953 26.9521
636 55.8537 113.783 43.0098
637 33.8142 90.3799 41.7884
638 53.5421 113.555 37.8961
639 35.3156 98.7104 38.1797
640 58.0798 103.449 54.818
641 47.8926 101.881 45.6612
642 60.8666 106.068 56.4747
643 33.4869 113.692 45.2489
644 39.4536 92.9187 52.7421
645 49.2264 113.507 40.0764
646 46.5774 114.207 40.3467
647 53.5623 89.7143 45.1316
648 29.3309 113.786 50.5819
649 25.2647 113.704 68.0669
650 51.7127 113.916 70.5576
651 25.0132 113.863 57.9181
652 49.1762 103.588 68.1122
653 50.0286 114.387 63.0923
654 31.3171 105.905 65.9938
655 28.9658 113.482 61.301
656 66.3283 105.611 65.6856
657 23.2473 86.5767 74.4592
658 42.8564 98.6492 90.9246
659 40.0411 99.2144 66.6439
660 17.2263 92.5546 83.115
661 41.5591 101.436 91.5225
662 35.6858 113.551 75.4738
663 40.3184 113.221 76.609
664 43.9058 110.44 90.6669
665 35.2565 106.281 88.147
666 47.5768 113.615 78.0875
667 33.3627 95.2088 75.8126
668 49.3003 97.2232 92.1532
669 35.5272 100.27 74.8403
670 53.3786 87.2429 69.5184
671 31.5042 105.903 73.5398
672 37.2786 100.569 87.5001
673 56.5813 113.351 84.1691
674 37.4468 92.74 107.95
675 39.5645 113.538 103.281
676 55.1757 105.308 91.0417
677 32.2815 113.34 94.1129
678 56.9939 113.271 91.4157
679 39.3709 114.023 110.872
680 45.0847 92.7676 115.416
681 52.6519 94.7111 100.635
682 47.5335 112.586 115.911
683 37.411 93.1988 115.213
684 48.9872 113.259 111.694
685 33.4278 113.895 100.925
686 25.2489 113.659 100.972
687 35.5206 113.477 113.074
688 51.6777 103.305 112.954
689 53.1787 99.7448 115.63
690 53.4034 113.514 105.634
691 66.2615 9.02618 -0.0184502
692 62.6718 14.6087 0.246266
693 82.985 5.06469 9.15934
694 78.0561 20.8802 13.9276
695 64.9998 18.1188 -0.234678
696 57.47 24.9741 17.9042
697 82.3439 -0.193276 13.5888
698 46.8804 12.1036 21.8453
699 50.4301 23.4172 13.1222
700 65.6837 -0.436706 23.6764
701 81.1166 13.1649 25.8998
702 74.7341 0.117494 20.0289
703 60.4925 22.6073 24.6794
704 75.5406 7.46011 22.9953
705 67.2362 4.77887 13.9309
706 71.8693 8.89339 45.1416
707 67.3242 -0.187735 42.9347
708 83.8967 18.7129 43.3313
709 76.0091 23.3676 39.6003
710 63.9468 16.6268 42.1041
711 57.8653 -0.441824 31.3128
712 51.3529 21.2799 43.2633
713 61.9549 5.65131 37.2812
714 81.6107 14.9498 26.0896
715 57.6658 11.8364 37.9942
716 54.0619 20.533 62.174
717 67.7562 12.2312 47.4069
718 96.1821 10.4022 51.4908
719 63.9515 13.7168 61.5414
720 80.3041 20.4637 63.967
721 77.6726 -0.654444 71.4192
722 71.5102 9.76153 63.819
723 66.7023 0.0131199 60.7905
724 57.5554 -0.287961 68.9586
725 78.2388 12.4059 64.8643
726 63.7784 18.194 53.6406
727 75.2003 0.168617 73.1913
728 57.4743 22.0516 83.4751
729 71.9256 17.8253 78.7135
730 73.7877 37.4419 84.8771
731 65.636 6.19305 81.8694
732 86.1923 0.0272182 96.7371
733 85.4964 8.49929 115.569
734 87.9739 10.5979 96.6592
735 70.8301 7.08164 115.417
736 85.2452 24.7892 115.714
737 64.7447 19.985 96.4463
738 60.4211 3.68933 108.074
739 81.9017 8.49605 105.794
740 73.6604 23.0371 115.597
741 67.3089 19.8248 115.347
742 67.7283 12.168 112.943
743 84.9373 12.4078 115.907
744 59.507 -0.524069 104.277
745 81.8904 12.8764 115.513
746 61.8445 -0.624321 101.902
747 61.4689 15.8422 115.407
748 72.9437 31.9774 0.0537296
749 80.5817 47.2713 0.162895
750 81.7552 40.7153 0.108477
751 82.1777 34.9981 18.8892
752 70.3015 37.0881 -0.0924752
753 61.7281 26.8132 -0.157155
754 85.4895 43.4783 32.0389
755 66.8313 42.1204 24.8368
756 61.9846 40.7272 17.2768
757 53.5435 35.7473 28.4809
758 66.9099 16.5649 10.8021
759 72.6682 24.9351 40.3812
760 63.7817 28.6421 30.6105
761 70.0198 44.1362 37.9025
762 61.9818 9.62954 44.5836
763 66.5798 4.98568 64.4207
764 83.1471 27.8675 54.7858
765 61.2351 45.9149 55.6185
766 67.1736 32.8913 44.3878
767 77.2396 24.6275 57.6724
768 73.9495 27.6013 54.3222
769 94.2047 53.4127 55.8302
770 79.6759 37.241 43.204
771 82.5486 26.2584 67.4566
772 90.2678 40.1205 50.3099
773 79.5098 23.8127 73.9059
774 65.8007 47.2015 67.8895
775 67.5784 42.5584 53.0715
776 82.2415 34.3532 67.2059
777 81.9946 32.6899 65.6854
778 82.0592 39.5976 78.7863
779 81.9086 25.5626 73.2093
780 64.2657 34.3426 53.7393
781 67.8661 31.1674 76.8423
782 71.6032 38.2885 68.853
783 67.3434 39.6171 76.3377
784 71.6584 28.2853 81.0624
785 70.457 37.6515 86.36
786 75.272 34.6212 82.3123
787 72.0492 31.8602 73.6106
788 58.3963 61.0065 74.8624
789 54.5782 47.0366 76.8724
790 65.082 27.1867 78.9157
791 85.5434 46.195 88.5293
792 40.9214 40.6857 83.2612
793 65.563 29.9367 77.533
794 62.9692 9.68203 99.1204
795 52.5062 29.1686 79.2437
796 60.5784 47.7742 93.3288
797 76.1744 20.325 96.6684
798 73.667 43.1861 101.277
799 57.5608 41.9851 96.815
800 72.0481 55.1335 106.796
801 76.3167 19.5135 100.909
802 69.9229 26.6539 94.9731
803 59.6561 38.0489 97.2479
804 57.3958 43.9654 115.467
805 67.2702 26.4694 115.22
806 61.553 23.0834 105.281
807 67.5571 24.9013 108.972
808 61.517 39.1837 103.743
809 88.618 38.3357 115.407
810 84.8747 47.4462 0.217272
811 81.0453 74.1786 0.180598
812 56.0071 54.3062 -0.0916543
813 58.5082 56.1874 7.54822
814 58.042 53.3894 5.75854
815 63.5712 54.3217 7.17773
816 57.8107 55.3779 3.91423
817 92.4632 71.6137 7.61029
818 69.327 57.5024 14.4054
819 72.652 62.1728 13.598
820 88.6532 47.6548 7.99398
821 61.3408 54.6352 18.2086
822 59.7469 64.2602 7.86576
823 54.7073 51.431 20.5878
824 71.6199 81.372 18.6379
825 66.0307 65.7909 21.8063
826 67.7565 66.4761 18.6992
827 57.9154 56.453 18.4277
828 90.0979 56.0853 24.0478
829 85.4364 76.0204 20.8272
830 76.1026 67.0731 28.4828
831 78.1842 65.7713 41.9495
832 59.8648 72.6617 39.7305
833 83.2504 48.9884 52.4952
834 57.0017 61.5422 33.0129
835 62.5917 62.7579 32.0826
836 83.5469 58.5491 38.5874
837 77.4921 62.2947 36.4513
838 80.0383 65.9084 37.0254
839 85.8661 63.5687 68.7683
840 63.7328 52.1185 71.718
841 79.1459 74.8881 41.8065
842 63.7024 54.3751 72.6519
843 76.0457 51.9811 59.4134
844 79.4067 53.5296 71.4367
845 81.9224 62.0462 64.8504
846 88.3396 45.1301 62.1424
847 66.3877 56.3913 53.0674
848 78.2338 67.2934 66.4391
849 64.3096 64.559 79.9119
850 70.1745 46.3935 73.8043
851 80.2861 49.8868 89.1924
852 65.75 54.022 85.6323
853 82.7305 60.7496 74.2821
854 55.7029 41.1326 59.787
855 92.1931 56.8473 78.973
856 73.7038 63.0911 84.0536
857 69.9942 48.7823 69.4018
858 79.1891 74.5585 91.681
859 61.2073 64.6733 94.9265
860 63.7313 66.3379 94.4259
861 68.0152 43.6886 105.154
862 65.6135 58.8705 97.2425
863 78.0384 41.4441 89.8905
864 67.5945 45.2127 86.865
865 76.3625 50.224 94.5818
866 73.0656 26.8675 71.0246
867 65.0539 68.6316 106.0
868 82.8328 53.9076 109.705
869 75.61 48.9272 104.292
870 90.7925 27.8562 115.484
871 63.5528 65.1917 115.464
872 72.8 66.4215 115.522
873 88.2732 62.2674 104.193
874 81.8879 54.1916 115.726
875 82.6838 55.9405 115.554
876 94.1617 78.6202 0.319622
877 60.4465 73.9715 0.250643
878 80.403 82.6804 -0.11835
879 71.9886 82.2152 0.0558797
880 69.4303 85.78 12.1597
881 61.877 78.3886 -0.197132
882 59.7418 71.3135 0.136115
883 70.0796 74.9404 10.5527
884 62.9456 70.4054 0.117674
885 66.5547 89.1607 7.13041
886 74.4549 83.7213 37.2813
887 61.6219 75.458 20.239
888 76.0123 78.0697 25.5901
889 65.8655 77.0929 23.7599
890 68.2599 66.3825 34.3438
891 59.2881 100.851 23.7362
892 82.1491 83.7942 44.5201
893 63.8402 66.8917 26.1222
894 93.6048 83.1013 33.8626
895 63.9114 51.1831 47.4476
896 79.6875 84.4384 23.2381
897 81.3113 76.3876 41.3314
898 83.6196 93.9627 13.9941
899 90.4507 72.1149 47.9344
900 82.1776 93.4118 47.7567
901 70.0851 96.0361 35.4993
902 72.2905 88.1704 60.7298
903 70.1344 96.5185 52.4238
904 69.6518 90.7607 46.5633
905 70.6794 75.1116 57.2211
906 62.4505 93.4115 41.0109
907 92.441 69.4573 51.5462
908 72.5052 78.5363 62.0924
909 59.6909 94.1013 59.1494
910 73.5475 82.6146 50.586
911 88.3962 72.9328 74.8962
912 78.9109 74.7404 74.2749
913 67.2536 86.3231 63.1741
914 64.3794 90.4046 51.4475
915 80.1215 75.3301 50.3505
916 78.8303 67.9015 69.5555
917 54.224 72.8011 69.1757
918 59.6311 75.305 82.853
919 74.3829 70.632 70.7235
920 77.404 73.2479 77.3131
921 89.3228 80.8684 73.4118
922 72.1769 83.2765 76.619
923 67.5099 76.5189 87.331
924 65.8263 78.1663 88.29
925 53.0148 90.1174 93.9423
926 59.5062 76.5945 77.0089
927 85.7065 88.967 85.9518
928 63.6105 90.0461 99.8731
929 69.5924 75.5281 95.1869
930 59.7239 89.7735 115.519
931 78.027 68.2223 115.438
932 79.1541 70.3829 100.72
933 79.1471 90.9029 102.634
934 66.9002 76.592 115.262
935 60.6179 101.579 105.391
936 62.79 77.061 103.021
937 69.5526 89.5104 110.547
938 86.163 93.8052 22.0157
939 57.3944 99.6766 9.46944
940 61.2111 96.6943 5.5134
941 78.6341 85.6579 0.0676325
942 79.8327 104.651 27.0735
943 80.468 113.65 20.4813
944 80.9118 113.555 34.2666
945 59.9034 106.978 39.9469
946 52.6335 113.301 11.0413
947 61.3047 113.398 18.8504
948 62.0857 101.272 28.7727
949 64.4563 97.1126 26.0983
950 67.9417 106.366 32.9147
951 64.1302 113.554 34.8806
952 61.8964 109.358 50.8594
953 78.544 91.0893 20.1408
954 102.323 103.615 25.253
955 62.2272 102.372 48.7598
956 81.9556 98.0336 43.8125
957 96.5226 103.985 53.2213
958 64.8579 113.51 51.6106
959 71.9087 91.7389 46.0834
960 67.683 88.4674 48.33
961 65.5733 113.872 68.2353
962 67.7474 102.563 68.7017
963 60.0198 113.499 40.4016
964 67.2454 81.7458 38.9262
965 83.4293 102.692 54.2521
966 73.6819 102.214 60.8335
967 65.5729 99.5217 39.7486
968 94.7559 88.9283 44.753
969 73.9616 94.9911 66.3104
970 86.0337 86.8169 69.6866
971 59.5226 114.168 65.4209
972 79.1121 98.3949 68.2795
973 86.0823 84.5999 73.6528
974 73.7512 113.803 63.1045
975 55.7722 94.7818 68.7492
976 61.3788 104.347 79.2804
977 78.1929 103.208 69.9841
978 71.6684 99.2938 91.0727
979 67.9457 97.7251 69.3209
980 82.6049 86.4462 98.8208
981 88.9098 113.299 87.1206
982 63.7835 113.828 80.8665
983 72.7768 113.359 76.8132
984 59.9703 94.8459 90.7904
985 81.7558 113.801 78.3943
986 81.9039 113.735 101.001
987 73.7694 89.0681 105.553
988 61.1273 103.551 88.3556
989 84.2583 87.8727 95.7979
990 57.6866 95.1783 93.7376
991 92.0051 113.772 73.1049
992 74.9048 104.784 97.5989
993 67.9377 103.172 100.801
994 58.6058 95.6746 99.4898
995 77.0227 101.453 82.7624
996 48.9067 108.506 90.176
997 59.7027 113.699 98.2504
998 76.3992 93.0211 115.681
999 59.7612 113.74 108.351
1000 93.6701 103.566 115.624
1001 64.83 101.195 115.639
1002 88.5654 94.1818 115.355
1003 66.9707 97.5478 115.451
1004 80.5583 113.442 106.961
1005 62.4476 100.557 98.8933
1006 71.7549 95.0987 103.999
1007 69.6462 100.417 109.973
1008 114.338 20.1958 6.38442
1009 101.551 17.9018 2.77163
1010 89.9449 21.0481 11.1772
1011 107.032 0.146039 2.7454
1012 96.0361 0.244204 0.866397
1013 100.179 16.8545 11.7292
1014 93.7958 20.5184 13.6006
1015 106.334 14.1781 21.2037
1016 102.059 19.3357 12.719
1017 100.052 -0.123984 21.2508
1018 91.6463 12.1431 19.2863
1019 102.21 15.7355 12.4936
1020 95.1755 5.01453 16.7298
1021 88.5683 18.0765 12.9766
1022 92.7635 24.4566 27.2917
1023 94.5833 -0.338874 36.3078
1024 114.118 6.36546 34.1183
1025 101.976 23.8906 32.3498
1026 90.1363 26.9838 32.1985
1027 106.217 12.8797 39.8891
1028 91.7796 21.6879 35.5275
1029 110.259 9.44393 42.0816
1030 106.311 10.3457 41.5249
1031 86.4162 -0.150915 46.0202
1032 114.288 3.12284 57.3448
1033 102.349 15.079 50.7853
1034 114.186 20.2114 36.0509
1035 96.2002 -0.481733 39.0315
1036 114.307 27.1723 48.8445
1037 96.0606 -0.160153 41.09
1038 98.1687 29.9327 57.2801
1039 93.9431 -0.595746 79.1096
1040 114.21 26.9008 68.5835
1041 114.087 0.694982 64.1136
1042 106.189 -0.176277 66.4765
1043 88.2811 -0.449148 61.5681
1044 100.36 -0.585906 64.0655
1045 89.7629 24.3564 62.1596
1046 94.9673 -0.123714 77.7488
1047 81.1483 10.7192 93.1021
1048 100.331 12.4223 98.2966
1049 109.647 -0.681193 81.5993
1050 98.2118 -0.192268 81.9301
1051 113.961 22.3714 81.634
1052 110.613 30.2202 70.5202
1053 112.197 12.2023 90.5628
1054 112.651 -0.580318 89.0683
1055 105.29 10.7857 77.8991
1056 85.7437 20.6723 86.6839
1057 113.994 5.96872 81.1791
1058 94.8487 11.8124 94.3859
1059 98.0555 -0.386926 101.771
1060 102.247 20.4669 79.644
1061 114.026 0.531697 83.9282
1062 85.5654 3.14897 84.7078
1063 102.039 28.0585 84.2056
1064 87.918 5.75061 115.115
1065 110.83 -0.20201 80.431
1066 98.4964 0.227273 105.522
1067 113.855 5.76062 110.599
1068 112.343 4.62946 115.935
1069 101.95 8.16826 103.255
1070 93.2906 38.7575 0.0470041
1071 78.5186 29.3961 0.160617
1072 95.8632 16.3081 10.3533
1073 98.231 50.2812 15.5066
1074 93.32 46.0535 0.264479
1075 98.4947 47.0344 2.78026
1076 101.189 38.7842 -0.0902573
1077 98.2619 44.0763 4.78382
1078 114.555 38.5009 15.0894
1079 88.9191 33.8763 23.1026
1080 88.8627 29.609 29.3833
1081 114.345 43.8228 20.1011
1082 71.9329 36.1255 50.858
1083 114.257 38.2183 39.8111
1084 94.9549 25.9133 21.6103
1085 85.7694 57.305 29.4869
1086 81.7497 30.1298 39.4673
1087 114.524 43.5082 24.601
1088 97.5782 45.6653 37.8548
1089 100.785 26.6662 35.4588
1090 91.8304 30.3281 30.2674
1091 83.7849 23.741 36.2852
1092 108.176 37.6461 59.3372
1093 98.2596 39.7669 53.3655
1094 101.924 31.045 59.6298
1095 109.871 43.5472 44.8058
1096 95.8823 41.3376 54.7351
1097 114.384 19.6217 45.518
1098 104.263 34.4716 51.9431
1099 108.511 54.7435 42.5747
1100 81.4692 26.5192 53.1333
1101 114.163 19.4697 42.9262
1102 104.665 34.2792 54.0098
1103 110.482 38.4632 56.9049
1104 91.9506 48.9731 69.1126
1105 86.0994 19.1885 67.8994
1106 106.608 37.0699 77.9572
1107 96.1418 36.9311 67.7097
1108 110.55 27.7375 61.9787
1109 114.132 39.0094 60.9578
1110 114.301 38.0168 69.6561
1111 101.827 36.6665 54.8388
1112 90.3503 25.764 58.1022
1113 106.382 29.5974 52.9487
1114 93.6734 31.4778 82.3268
1115 106.673 25.6705 79.3043
1116 114.101 41.3883 84.2475
1117 100.13 33.0603 80.6855
1118 103.319 42.3935 73.3433
1119 90.0691 27.5645 81.9695
1120 84.2912 41.4223 91.6918
1121 96.8931 26.6801 80.7359
1122 91.1717 30.2443 83.3679
1123 100.185 44.9131 87.1773
1124 87.917 22.0444 93.4208
1125 113.98 45.4191 100.074
1126 110.322 38.3119 84.1961
1127 89.7834 30.1746 105.021
1128 97.6245 29.02 101.559
1129 100.697 41.1855 99.0852
1130 108.079 23.2006 115.324
1131 108.598 31.535 115.205
1132 114.158 36.0072 106.714
1133 114.025 39.1185 108.433
1134 102.19 33.3906 115.468
1135 102.073 35.6733 108.769
1136 85.0119 45.4132 105.31
1137 109.266 64.3622 7.14487
1138 114.48 52.0715 4.86002
1139 96.1447 50.2044 0.462577
1140 114.466 47.8241 18.2114
1141 114.452 67.1739 28.3223
1142 114.395 76.0009 33.7627
1143 99.4951 63.1985 22.9545
1144 89.8484 59.3287 14.8358
1145 92.5246 54.5377 18.1099
1146 114.258 49.8321 23.9596
1147 114.481 64.685 22.1768
1148 95.2665 58.1864 15.7773
1149 95.0734 70.34 0.325284
1150 93.1148 64.4164 36.8407
1151 114.356 61.7498 20.6928
1152 104.479 61.4069 35.5029
1153 97.7131 43.5122 34.6037
1154 89.1115 61.8113 35.6752
1155 100.154 57.8705 35.3028
1156 96.4123 66.8076 41.0565
1157 114.152 48.2949 39.0543
1158 111.186 65.8279 46.5276
1159 91.4315 51.5444 41.1167
1160 114.294 66.9338 58.5582
1161 114.31 52.3328 57.505
1162 96.759 61.8624 61.1657
1163 88.6906 50.1364 64.1476
1164 102.379 63.2908 51.5085
1165 114.342 60.1826 50.5442
1166 83.7447 65.0448 40.5322
1167 114.207 62.177 54.4548
1168 85.8344 68.4924 52.8753
1169 100.161 59.8379 48.8424
1170 114.217 62.2241 59.1517
1171 99.9856 53.5641 71.1019
1172 114.462 55.6943 53.9839
1173 95.8501 62.7936 49.4678
1174 102.151 65.8737 67.3568
1175 89.5743 66.3412 67.5921
1176 106.274 76.0443 57.6835
1177 114.037 71.6874 77.6456
1178 101.834 71.6951 65.26
1179 94.1975 45.3901 56.6645
1180 94.0554 42.6448 56.2368
1181 113.981 53.1279 75.9348
1182 113.921 48.4052 79.141
1183 113.991 43.2131 74.3484
1184 93.7044 64.5976 77.6812
1185 98.0689 53.7042 90.9909
1186 104.095 51.6835 72.2683
1187 114.076 64.9392 85.1149
1188 114.012 57.0449 96.7919
1189 113.94 52.2942 95.015
1190 99.1542 56.5432 88.2766
1191 111.069 69.9796 80.4605
1192 97.1384 54.6826 88.4052
1193 95.0214 53.9269 89.7781
1194 92.007 49.9571 91.351
1195 113.977 38.2384 85.1175
1196 90.5753 58.5659 96.3777
1197 94.3987 58.2901 100.755
1198 102.012 58.4522 100.26
1199 101.222 62.5039 91.7957
1200 86.6701 51.3877 101.116
1201 95.8222 66.3695 106.933
1202 96.087 51.1269 115.642
1203 109.002 59.4161 115.512
1204 110.464 68.2948 102.922
1205 101.788 50.2463 105.964
1206 112.677 65.339 115.362
1207 91.2098 91.1934 0.215561
1208 82.3332 78.6405 0.141141
1209 91.6164 90.7472 9.77017
1210 114.386 80.6026 12.729
1211 84.4834 91.9641 18.8767
1212 110.027 91.919 6.7646
1213 94.1115 74.925 0.310438
1214 85.6813 71.1119 11.3588
1215 92.3769 82.086 0.0956782
1216 98.1431 96.1401 0.380165
1217 114.467 92.5137 12.7876
1218 114.523 68.8901 23.4882
1219 86.1028 65.7573 14.3474
1220 98.3626 76.7002 19.3064
1221 108.544 90.1516 17.2838
1222 114.118 80.3599 24.9508
1223 82.0421 91.3921 23.6904
1224 82.0679 92.4327 12.9171
1225 104.39 79.4306 24.9418
1226 100.65 75.4932 28.0351
1227 114.136 99.3133 39.2878
1228 100.127 69.9585 51.7894
1229 89.2184 78.6946 47.2712
1230 91.7778 86.0786 43.0609
1231 78.4945 60.2746 38.8079
1232 114.374 83.3795 39.3583
1233 92.216 96.4963 45.6004
1234 96.491 76.6109 44.4125
1235 99.9936 77.5132 50.8615
1236 88.658 94.9068 58.2418
1237 91.9678 70.3751 48.7402
1238 114.484 83.985 51.8061
1239 92.6331 75.943 42.9151
1240 96.1276 94.8431 64.1417
1241 107.174 74.7032 64.4931
1242 95.0693 70.1969 67.6476
1243 104.48 80.6714 62.0459
1244 102.006 72.4491 59.9806
1245 114.231 89.6482 65.9915
1246 114.22 68.7847 58.1314
1247 114.015 75.8519 73.762
1248 104.305 81.6418 65.8868
1249 114.247 82.4782 73.6224
1250 101.982 82.6051 68.1659
1251 101.431 70.9776 89.2653
1252 87.7463 75.5029 77.6567
1253 114.148 75.7509 86.2107
1254 84.1695 78.005 71.2058
1255 106.234 68.7164 72.7121
1256 114.194 62.2201 92.2504
1257 91.832 78.1221 93.5967
1258 113.931 75.7809 95.96
1259 95.9669 77.1478 97.0074
1260 114.342 80.2711 84.7515
1261 113.937 82.7868 90.7322
1262 92.3079 71.6327 100.18
1263 102.595 70.6272 95.9855
1264 90.1434 89.1652 82.8951
1265 114.11 81.0491 95.8988
1266 108.62 74.0995 103.599
1267 87.7761 68.5093 115.479
1268 114.151 71.134 106.737
1269 91.7007 68.6308 115.386
1270 106.281 82.3636 115.666
1271 114.149 83.2992 106.871
1272 95.9595 79.3461 112.684
1273 84.383 85.0574 104.203
1274 114.076 92.4037 109.833
1275 90.2526 72.0222 103.257
1276 110.924 84.4205 103.186
1277 90.2022 82.7017 115.469
1278 81.193 73.397 115.517
1279 96.2696 78.6878 100.491
1280 104.45 65.859 115.373
1281 114.461 95.1223 23.2417
1282 101.039 113.351 19.0323
1283 108.774 113.588 13.0391
1284 114.436 92.3626 10.1365
1285 91.9479 106.593 15.4001
1286 109.991 92.0196 28.8365
1287 108.469 113.636 25.7538
1288 91.6852 109.486 33.9375
1289 114.379 104.372 31.8119
1290 100.141 104.021 29.7738
1291 104.152 101.052 26.9225
1292 89.9979 113.767 35.5174
1293 114.264 89.7047 20.5111
1294 112.584 113.957 40.3782
1295 96.3185 113.641 35.8067
1296 94.3254 96.977 29.8941
1297 88.0037 113.74 35.5031
1298 106.153 113.796 43.3498
1299 108.354 91.7828 41.3607
1300 114.269 97.5133 31.6855
1301 99.8851 91.4861 35.7806
1302 72.442 95.0479 32.8162
1303 114.156 110.702 51.054
1304 114.57 84.7265 26.4606
1305 109.341 113.778 46.7414
1306 80.8624 113.624 43.911
1307 102.403 88.3953 56.3629
1308 102.784 100.338 58.345
1309 108.208 96.6532 60.4681
1310 94.7122 93.3063 61.0617
1311 93.0171 82.7177 58.3626
1312 100.362 87.4367 54.4778
1313 110.167 113.973 58.4181
1314 88.2978 113.988 68.2002
1315 114.126 94.3971 70.3201
1316 90.0451 101.674 71.7251
1317 104.862 111.349 89.3723
1318 113.944 109.072 76.1372
1319 101.494 106.411 72.2136
1320 96.2339 99.9857 90.373
1321 114.23 95.1803 78.5463
1322 105.308 89.8945 66.271
1323 114.098 89.3687 78.5749
1324 100.192 113.702 83.2901
1325 77.4792 87.5361 87.1576
1326 114.236 92.2488 104.4
1327 92.4309 101.412 97.759
1328 98.5971 86.8812 106.871
1329 113.951 92.6745 92.8581
1330 100.471 97.5149 99.462
1331 78.2405 114.122 93.287
1332 92.7974 113.417 92.1401
1333 97.9951 108.543 99.6565
1334 106.007 100.547 105.229
1335 97.9435 89.9053 100.311
1336 113.829 103.852 113.693
1337 114.356 97.443 104.643
1338 112.646 113.611 112.513
1339 92.9565 110.747 106.329
1340 113.958 104.559 107.053
1341 90.2096 100.069 95.9413
