0 11.2207 13.3835 -0.761166
1 2.78476 0.0561951 10.0132
2 -0.640337 36.2994 21.8914
3 18.548 -0.10044 9.72039
4 25.6662 -0.239793 1.10871
5 7.84911 12.7572 -0.281551
6 -0.511954 13.1346 10.8055
7 11.9084 8.89745 6.83291
8 11.1612 2.02142 -0.317316
9 -0.677519 15.5187 1.93727
10 3.47039 21.6243 39.1689
11 21.4299 14.7326 20.7841
12 27.0205 6.7429 19.4707
13 3.65968 12.4443 37.915
14 22.3798 6.86654 27.8645
15 19.5915 16.9451 21.6869
16 3.69776 31.131 42.4312
17 31.1312 6.81292 50.817
18 3.5095 14.8117 41.5509
19 14.265 2.08746 15.6505
20 26.975 6.72468 55.7135
21 20.0241 5.6074 37.1626
22 17.7225 6.66558 54.3165
23 22.0168 4.35296 46.0809
24 3.33031 35.742 31.6849
25 23.7408 6.4964 54.4872
26 21.9907 22.2647 53.1327
27 3.54238 19.8182 49.3814
28 41.2633 37.6254 55.0577
29 19.2615 29.1249 78.9422
30 3.78961 22.1822 63.0496
31 3.69483 14.5423 53.8324
32 35.5301 6.78512 33.8468
33 31.8477 6.8149 43.9228
34 7.45374 16.7685 85.6625
35 31.74 2.89043 93.4006
36 26.2259 4.74658 78.3103
37 15.557 28.4074 61.4355
38 11.5737 6.29269 69.8953
39 30.8554 6.77704 53.484
40 19.7891 6.50746 59.4843
41 18.0953 25.4766 95.8286
42 33.1688 16.497 100.711
43 28.814 5.55325 77.1124
44 12.6269 4.90143 79.1558
45 14.8558 6.55642 70.8522
46 28.7431 13.3748 99.6963
47 11.2926 3.01052 93.1676
48 29.8707 22.6135 81.6487
49 29.651 20.5645 118.71
50 21.0089 4.34737 114.648
51 30.3115 -0.0402547 107.263
52 32.2587 19.1718 94.7251
53 2.35589 0.267687 111.778
54 23.7873 1.03433 104.86
55 22.0474 23.2709 109.883
56 7.37714 9.99599 85.8258
57 9.11203 22.9485 113.865
58 14.85 2.32704 106.427
59 22.0458 -0.297358 108.587
60 7.24797 4.19183 114.692
61 14.1409 0.270837 124.419
62 33.2342 16.1781 126.672
63 16.5898 9.19368 126.194
64 2.48555 0.147217 123.902
65 5.76311 5.11002 118.531
66 21.4677 44.7109 6.81062
67 22.1607 30.6911 16.0097
68 30.1706 39.4466 11.3251
69 -0.647554 45.592 12.0058
70 27.8999 22.6233 12.2931
71 6.94716 57.3189 -0.0408418
72 27.3126 37.1615 -0.0628974
73 8.37819 45.9074 0.0336879
74 15.2913 26.357 19.9385
75 1.38993 20.3142 26.8996
76 10.1497 29.8418 18.1716
77 3.74732 29.4804 11.8874
78 2.71588 44.514 53.1187
79 -0.658544 28.9767 13.8799
80 25.0554 38.6856 35.9257
81 1.42352 46.9203 19.5978
82 55.3094 63.4432 38.8441
83 4.16643 48.0056 38.3602
84 27.4757 20.4009 31.7142
85 4.61778 49.9465 46.8643
86 39.568 40.4897 37.6161
87 3.10705 40.3443 57.7863
88 26.8319 44.3204 33.6994
89 3.53193 33.6326 62.535
90 33.3704 41.2637 67.7974
91 29.0476 35.3223 67.1864
92 15.1509 32.3706 76.3487
93 3.92937 31.2337 37.6763
94 2.94075 35.9905 53.3017
95 17.0841 37.6945 73.3221
96 23.2448 56.1856 87.3876
97 19.9015 61.5505 42.8519
98 11.6815 27.1947 62.3433
99 31.2464 4.69786 65.574
100 24.0284 26.3517 79.2276
101 29.8377 46.8365 91.0223
102 5.58491 34.2676 78.376
103 26.232 44.0 61.7434
104 31.4655 39.7253 66.3972
105 5.54253 46.7516 98.7292
106 35.7075 40.2161 68.5553
107 33.1485 18.7003 96.383
108 33.6277 24.7203 66.7894
109 24.0276 19.868 69.5498
110 5.40334 44.7938 95.4749
111 5.48176 39.0591 90.1268
112 33.5784 25.0552 94.9514
113 -0.688987 45.1806 121.007
114 22.6365 26.0417 113.633
115 12.6429 24.6923 110.93
116 47.8211 51.4991 93.1795
117 18.4439 43.9263 99.6202
118 5.42589 42.0226 86.8218
119 15.3621 54.637 104.152
120 19.8908 26.6625 114.496
121 23.4387 50.9565 108.904
122 44.8355 73.331 103.761
123 17.2589 74.0087 107.531
124 5.26966 32.2107 95.1818
125 25.1523 36.8143 126.578
126 29.4076 40.6861 126.789
127 9.40669 41.6405 113.501
128 7.31816 34.6025 110.529
129 13.1248 44.6192 113.599
130 10.0657 34.6525 126.673
131 13.1285 43.8557 126.612
132 33.1902 27.4504 110.859
133 21.9312 40.0795 111.308
134 17.5267 69.4397 6.71225
135 2.1237 63.0464 -0.215717
136 33.8434 68.4127 2.05338
137 17.671 54.1151 12.1949
138 5.39631 59.5715 8.60608
139 -0.367515 82.7386 7.8549
140 19.5864 55.5244 11.3646
141 25.8099 68.3085 22.3184
142 3.9357 57.4445 32.5215
143 12.9241 33.3404 25.592
144 49.2018 66.5872 17.6564
145 6.28515 70.2171 55.9723
146 27.6024 74.9707 12.6835
147 18.1225 78.6791 37.9267
148 24.4155 72.3257 44.7699
149 36.9575 60.7381 45.8409
150 36.6964 69.5728 31.8554
151 4.62067 61.3559 58.572
152 12.628 47.6129 31.1572
153 27.0499 72.243 31.1228
154 21.1946 61.7237 41.5382
155 24.9666 58.0023 47.8086
156 5.23939 43.8309 75.2763
157 -0.34468 80.1056 16.9294
158 14.3951 60.9639 53.2097
159 4.14808 38.4809 40.1761
160 31.4717 42.0581 49.202
161 30.8741 55.6087 64.4474
162 5.32508 57.5901 41.8674
163 20.6828 48.1005 54.7143
164 36.3489 76.7191 46.633
165 20.8621 51.1287 57.3847
166 32.6838 57.4481 70.8118
167 5.20296 55.4648 79.6347
168 19.231 59.8033 76.873
169 5.19479 48.0626 81.3011
170 31.4394 47.8663 75.4809
171 39.0234 42.1032 58.7973
172 23.8645 79.8213 69.0282
173 15.082 59.9982 87.4404
174 4.72521 64.3413 82.0679
175 1.27252 68.0557 96.3699
176 28.4938 80.5621 79.8216
177 32.036 80.1418 85.9131
178 25.2584 52.652 82.5318
179 36.7522 68.8336 77.6053
180 5.22063 54.2622 96.4471
181 4.55178 63.7794 94.977
182 8.49203 56.5189 103.332
183 13.6369 47.1432 96.9571
184 26.9153 68.1684 108.904
185 24.8043 44.6115 100.626
186 4.93963 56.3343 120.29
187 15.9804 77.8922 97.632
188 -0.980044 64.1863 108.065
189 3.73388 66.7039 118.844
190 10.8141 44.8796 120.425
191 0.901979 67.8726 127.02
192 12.8728 58.4531 126.33
193 14.703 68.2593 126.794
194 -0.762248 59.9592 119.524
195 10.1367 56.0486 126.427
196 20.9769 50.591 119.282
197 33.4828 55.586 111.197
198 22.1307 62.7952 126.608
199 12.904 70.921 8.58058
200 6.98189 81.4322 8.47582
201 30.4775 93.229 7.96242
202 15.249 71.9787 7.5905
203 24.2387 75.9481 5.80439
204 18.288 84.3169 7.76951
205 2.74623 76.551 -0.804253
206 23.9571 80.0667 -0.731408
207 5.61289 71.9563 -0.0415502
208 16.1475 73.8451 -0.0643529
209 24.4039 71.0829 28.3204
210 28.2552 78.0522 21.432
211 42.3936 98.825 23.3093
212 34.0143 89.5043 22.6958
213 36.0493 85.7025 22.8362
214 36.0458 74.2359 28.8706
215 17.4854 62.3242 14.2066
216 1.45297 86.0418 -0.796116
217 3.02135 67.5572 26.9705
218 21.9943 83.7634 34.3699
219 3.57582 91.9284 26.7542
220 6.23993 75.1108 65.3845
221 29.8632 93.2647 80.8388
222 35.8477 75.6143 45.3427
223 18.0739 83.6365 27.0049
224 30.1159 79.9338 26.8025
225 3.55732 87.4626 43.3531
226 28.8374 83.3166 41.0544
227 21.2801 73.5561 37.7571
228 22.8286 49.9975 43.3397
229 3.58007 97.7005 54.2535
230 38.6511 80.5271 40.8902
231 18.1521 76.6944 41.8546
232 3.96199 86.9429 49.7374
233 21.3452 69.1035 66.1586
234 4.50523 64.0136 44.2317
235 37.5798 86.587 50.5647
236 5.15897 47.7212 63.3326
237 28.8858 67.7962 60.9769
238 6.09313 85.9945 55.6173
239 6.20829 67.5152 64.304
240 34.0976 86.0257 52.8876
241 36.1168 93.7444 65.0442
242 4.47932 47.5784 55.6024
243 28.9985 53.7432 66.4379
244 27.1545 111.656 83.1017
245 4.9605 59.3102 83.0135
246 57.1862 86.4338 56.314
247 13.9506 93.1709 78.1331
248 21.559 101.587 92.4172
249 28.8422 78.2422 73.7627
250 26.459 56.2719 94.3988
251 33.3829 97.3139 74.5858
252 24.4608 80.0638 72.2564
253 13.298 83.4503 95.0224
254 2.02162 86.3856 75.7047
255 1.20049 82.2261 91.1956
256 27.7695 73.1143 54.0159
257 19.4267 72.8573 100.845
258 29.4033 95.631 101.972
259 1.48484 79.5059 90.2813
260 4.91167 65.0077 89.3821
261 18.1126 85.56 75.9452
262 -0.546668 84.9035 99.7797
263 -0.882674 76.2659 107.58
264 7.07262 80.5972 107.713
265 -0.613964 75.7803 104.299
266 35.7786 86.9977 111.154
267 -0.557542 78.872 103.516
268 21.6111 97.6398 111.268
269 19.5215 86.5525 95.9634
270 1.64927 88.3569 87.3619
271 5.97586 83.8266 126.472
272 16.8696 70.8914 117.889
273 2.56147 70.8448 127.261
274 -1.1909 82.7544 116.96
275 23.7826 69.1554 112.927
276 31.3694 81.8374 112.163
277 26.8785 91.4452 127.401
278 24.3304 113.238 1.30759
279 16.43 101.685 2.64588
280 9.90979 99.9673 -0.0113635
281 13.6462 99.9857 14.9318
282 17.604 113.702 10.2285
283 2.73323 97.6836 -0.601264
284 24.4767 83.1213 26.4925
285 -0.266526 99.1558 18.1378
286 13.7784 112.092 21.2711
287 2.73275 104.455 25.9851
288 7.06696 111.313 27.9466
289 3.62893 105.247 49.3877
290 8.92606 82.5514 0.0351015
291 25.0198 112.969 21.7506
292 -0.550136 82.6398 12.8824
293 29.8564 113.352 20.3777
294 14.4538 81.4777 21.5924
295 1.20045 100.53 -0.793883
296 35.8671 113.836 20.4409
297 16.4765 113.235 16.2216
298 47.0697 112.066 39.2066
299 34.2971 102.98 35.7165
300 29.7254 113.451 15.3959
301 25.1492 111.703 41.7738
302 5.14205 110.746 42.5344
303 3.16706 103.193 43.4508
304 10.8674 111.172 39.2302
305 5.92023 76.9396 54.5654
306 20.5573 111.417 39.2039
307 23.9503 79.5812 39.7046
308 28.4213 111.654 36.8481
309 20.8498 103.588 48.0603
310 31.7716 102.377 50.5167
311 17.7245 88.9247 27.9748
312 24.6358 111.513 36.9641
313 4.76171 110.516 47.3883
314 32.7101 92.0676 65.75
315 1.87844 107.185 81.5339
316 6.91967 107.759 51.8102
317 2.22864 110.177 78.4477
318 3.7207 97.0758 62.7126
319 3.66758 94.1124 43.3045
320 21.415 113.488 101.92
321 25.5587 113.2 94.4286
322 34.2966 111.803 83.3057
323 19.2333 111.682 80.7721
324 28.7349 85.1125 74.4371
325 13.0813 91.7749 95.0298
326 -0.623868 106.001 94.937
327 -0.77898 108.973 115.101
328 33.0382 96.7918 86.9014
329 29.5096 113.613 112.105
330 32.3426 99.2015 105.812
331 9.22269 111.14 87.0315
332 15.6955 113.605 104.456
333 0.191004 113.597 118.025
334 -0.629041 112.001 105.726
335 19.4761 113.569 106.94
336 16.1469 113.089 108.041
337 27.7415 113.836 89.6583
338 25.3669 113.534 122.121
339 24.7188 100.986 126.65
340 -0.859041 104.292 120.795
341 7.61021 92.1502 110.473
342 1.62481 114.248 117.054
343 39.6777 13.0126 9.44338
344 20.1705 6.17723 13.4549
345 35.6987 12.4205 7.51613
346 41.1054 17.922 -0.0830328
347 51.4668 -0.114843 3.75882
348 37.5934 14.103 8.79625
349 35.9273 12.0643 0.09802
350 33.4544 15.0265 10.8156
351 34.8847 18.6952 8.89801
352 17.4682 12.1571 20.0656
353 58.2368 20.9214 24.5789
354 35.2243 7.18407 25.5645
355 50.3769 6.99928 28.1177
356 23.9247 2.19745 16.8141
357 35.3289 19.4679 20.1194
358 25.0012 22.6396 14.6438
359 45.8871 23.5187 34.4637
360 38.6469 11.4959 16.1574
361 53.747 33.9245 37.4148
362 46.9823 30.5905 67.2837
363 40.7032 5.60903 44.4253
364 56.9742 57.1304 34.61
365 51.8445 4.58073 51.0212
366 31.5224 12.2208 57.9671
367 35.5461 4.12189 61.0644
368 77.0643 38.5412 60.6773
369 29.3288 5.70921 69.3002
370 55.8682 22.5243 48.6882
371 30.5542 6.91263 48.2315
372 40.2348 17.9568 61.3055
373 59.5313 5.38268 75.9626
374 43.4677 33.4949 63.6788
375 75.2944 30.8564 67.4323
376 40.6603 5.32622 76.971
377 35.2636 6.29971 54.7191
378 39.6627 0.231333 97.6214
379 54.7893 16.7527 63.7203
380 39.6654 2.94805 88.0567
381 58.2891 5.02231 78.6737
382 50.7948 30.1366 94.8301
383 56.5297 -0.75683 103.121
384 40.1718 3.0665 93.781
385 43.6379 -0.289961 97.8603
386 39.7015 5.36426 81.3189
387 53.6628 -0.197403 110.757
388 27.1008 1.92089 101.061
389 50.7618 28.1952 96.6404
390 45.5683 21.552 107.501
391 53.0716 21.8116 100.381
392 49.307 24.9256 107.428
393 53.4005 15.7642 126.706
394 27.0177 12.6089 126.54
395 45.3099 25.1143 117.545
396 53.4307 26.2763 111.946
397 33.9009 1.76827 127.08
398 46.5502 2.11502 127.474
399 47.3375 11.6466 107.379
400 56.4495 10.4846 126.636
401 46.1615 23.3243 122.537
402 34.03 29.8146 -0.164418
403 31.8599 42.8591 13.5065
404 32.7409 45.7986 -0.0988938
405 54.5516 35.8954 0.244355
406 55.7625 40.1094 -0.00656167
407 37.618 31.3077 16.4739
408 31.6163 41.4667 4.0327
409 46.5863 32.9978 14.164
410 32.4538 31.9843 -0.161226
411 59.6478 50.7989 0.126604
412 43.7229 47.904 4.7316
413 40.7767 48.2258 6.01331
414 43.172 50.7597 23.1345
415 35.29 48.5956 19.4925
416 71.9131 59.8782 41.5229
417 32.8664 47.81 20.5822
418 25.5303 53.5829 15.4807
419 33.7095 31.2977 23.8482
420 27.1069 70.1813 32.4909
421 29.6259 26.55 37.4506
422 20.9012 31.7622 35.6708
423 40.373 24.3305 37.7648
424 48.9733 59.7694 41.1524
425 21.5662 35.2495 26.1312
426 35.7524 38.8626 61.6795
427 67.1772 42.5637 46.1347
428 22.895 30.4379 18.3373
429 55.5096 19.4111 30.2149
430 28.4182 47.5887 25.6927
431 58.6309 56.1916 56.0215
432 39.6243 47.993 52.2443
433 60.1304 32.1032 33.2343
434 37.9468 31.9761 74.8397
435 23.2801 46.8499 60.9213
436 31.4081 39.1228 61.5467
437 38.8746 56.222 43.9611
438 58.9332 46.2552 74.8712
439 40.6742 47.1482 61.4008
440 34.6895 74.1977 58.782
441 36.3276 38.0891 63.1509
442 55.5253 5.21514 78.4611
443 31.4284 39.9354 78.7689
444 39.9276 33.3169 81.5567
445 23.4656 50.0652 81.3383
446 23.4184 31.9343 66.5945
447 57.9953 36.1326 51.2453
448 41.2628 29.9664 93.5198
449 43.3316 62.9932 77.4069
450 57.199 34.1571 62.2243
451 31.1619 44.8755 49.444
452 19.2861 52.2142 74.6567
453 33.1533 44.512 78.1205
454 35.5201 44.0848 91.1831
455 51.3844 51.4669 80.5774
456 21.0356 52.9234 102.344
457 31.4374 35.5319 82.0582
458 44.032 31.7383 71.4502
459 48.8653 65.9611 75.6387
460 48.3713 54.47 90.1075
461 54.5833 65.3252 82.0594
462 70.0785 20.4334 88.5346
463 51.6786 64.5815 80.9311
464 64.0284 43.0593 92.6318
465 31.9627 61.3815 91.8741
466 43.9899 24.0247 91.0959
467 35.5958 24.2218 118.615
468 55.4247 30.671 93.0143
469 59.0918 51.128 109.744
470 22.2695 49.3385 111.994
471 63.7662 34.2855 123.213
472 43.3049 31.3859 118.02
473 45.2828 39.2171 114.878
474 29.5254 26.5536 126.79
475 45.4503 26.5418 126.704
476 42.0462 35.2457 126.942
477 45.2435 39.0919 112.481
478 48.3501 31.2289 126.656
479 38.0184 56.1509 127.008
480 34.5544 63.2104 -0.199421
481 40.0098 59.3522 16.7744
482 56.3097 67.1636 3.11714
483 45.6879 44.2061 17.1559
484 19.6408 44.5212 24.6993
485 15.4027 46.9286 30.2041
486 47.8393 86.8341 14.3422
487 59.0147 67.6598 19.2793
488 51.5137 64.4247 42.2961
489 32.1673 69.4885 21.578
490 48.4264 59.789 42.9823
491 34.7416 48.8922 22.3973
492 45.2104 58.5932 49.7246
493 54.1903 63.1538 53.0444
494 51.9071 54.9608 44.1448
495 33.7289 66.193 18.9641
496 59.895 42.293 46.8261
497 30.343 63.6 36.0181
498 32.6264 43.061 34.6325
499 47.598 75.7229 48.988
500 54.8381 35.2062 61.0975
501 20.7382 44.2061 42.6792
502 57.2557 81.7402 57.2438
503 52.2751 52.2511 65.612
504 36.0789 87.6502 51.3248
505 45.2064 67.8737 75.9484
506 58.4066 74.4221 69.4692
507 50.1835 93.1885 83.178
508 16.2736 59.3965 64.2988
509 44.8883 62.1048 34.5206
510 45.1704 71.5317 81.4484
511 45.292 50.9244 60.699
512 53.6961 76.7011 53.1129
513 7.01634 52.1775 72.197
514 41.2224 76.1576 85.206
515 36.1274 40.4882 91.977
516 53.5205 55.7871 108.274
517 44.5769 61.9649 97.7889
518 29.1125 63.605 82.1508
519 55.6374 36.5552 91.498
520 39.1019 54.8426 62.8558
521 37.9096 67.8979 103.901
522 40.3964 78.9866 65.5531
523 52.0793 83.1077 81.6157
524 60.0164 61.5211 99.4674
525 36.5567 50.161 103.582
526 39.2583 54.229 119.166
527 32.7471 66.5058 96.7446
528 52.7092 66.9462 86.7912
529 23.2678 65.9218 103.3
530 45.2914 61.0066 107.118
531 27.1789 64.7329 126.983
532 29.2889 65.0077 116.56
533 63.1649 48.9529 106.417
534 39.21 54.1712 121.552
535 41.5483 61.4577 124.32
536 62.1853 61.1855 121.54
537 37.8894 71.6385 -0.042079
538 47.1272 84.5133 0.042764
539 28.0859 71.3385 19.318
540 51.1236 63.4077 -0.150653
541 42.6521 95.9386 14.0857
542 28.3144 80.9425 -0.14117
543 31.5131 71.6399 -0.356557
544 42.7505 84.7944 31.3746
545 30.1775 82.333 27.9318
546 58.8734 103.405 35.5103
547 50.3825 89.1783 25.255
548 29.911 70.3525 21.0337
549 56.4174 86.325 24.8997
550 47.6028 81.0489 8.51984
551 55.1551 86.9163 29.1909
552 39.8689 56.1908 18.7782
553 34.6261 76.9455 44.6482
554 60.1698 95.108 18.1956
555 59.2234 83.0884 54.1435
556 15.9427 90.2235 26.6968
557 40.0509 99.5261 22.8051
558 61.3738 68.6722 28.486
559 46.2165 96.6358 19.8419
560 25.9813 89.1984 33.4735
561 50.1501 78.3895 47.5954
562 57.3592 84.0651 28.8565
563 48.8135 83.203 26.696
564 47.3605 46.7971 45.4995
565 55.0165 59.9477 53.7688
566 55.6129 91.3376 44.0177
567 58.9131 71.043 47.688
568 57.0625 88.5944 54.8662
569 44.2607 71.068 70.1785
570 60.9385 93.3234 75.1844
571 18.0679 81.5389 30.6446
572 40.7696 64.073 50.7055
573 60.8838 77.7103 69.0897
574 53.4785 78.0452 37.9525
575 39.8721 49.5677 69.8128
576 59.5101 35.7726 64.4011
577 38.5675 77.4293 44.4123
578 30.3716 68.2559 35.0606
579 57.479 70.6862 102.685
580 53.4586 83.9583 63.3765
581 46.418 74.6784 82.412
582 49.4266 90.0611 78.5985
583 57.7688 72.5425 59.403
584 18.174 83.7927 74.7543
585 42.5557 88.1108 74.0953
586 47.2049 95.6892 80.0813
587 67.5266 95.2025 97.5555
588 19.4347 92.5992 91.736
589 37.3172 80.0518 111.163
590 47.4158 59.559 102.79
591 62.955 77.9531 84.4806
592 35.1036 69.2278 88.3804
593 70.0345 99.8779 102.105
594 48.3067 74.6458 86.5202
595 9.3026 90.3326 84.8362
596 54.5334 77.773 88.8341
597 32.9062 76.0707 113.124
598 38.2884 58.4108 97.6694
599 51.3204 71.6762 104.286
600 36.1779 113.083 110.512
601 58.1781 84.3231 109.65
602 56.5703 78.4133 93.4996
603 71.3994 97.554 108.823
604 48.1716 73.9187 99.5637
605 11.2516 98.5143 105.006
606 43.9934 83.1625 105.345
607 41.6238 66.1602 110.716
608 47.6411 63.0027 110.53
609 30.0684 88.9557 111.361
610 47.3792 85.7023 121.751
611 59.2395 75.7071 126.804
612 49.6593 83.702 126.555
613 27.9053 68.6232 117.163
614 43.4249 88.2475 122.529
615 50.2535 77.3197 127.029
616 38.1898 104.853 -0.412854
617 44.7958 113.237 1.19716
618 57.1233 113.418 1.28345
619 28.79 111.037 8.21578
620 52.1067 113.622 2.62303
621 37.7451 109.079 11.0752
622 54.8763 105.144 19.9181
623 34.953 98.1784 12.3166
624 49.0764 90.05 13.4214
625 39.0977 112.498 0.140791
626 47.5156 103.174 19.3639
627 32.006 113.497 17.7548
628 34.8534 102.851 14.0737
629 37.8431 113.526 17.9271
630 27.9516 95.0058 28.7641
631 1.70093 102.227 18.8835
632 17.4719 82.4737 24.9899
633 34.0547 112.646 31.6707
634 39.3892 91.1764 44.2003
635 42.4883 93.6515 26.7467
636 71.8601 110.545 45.6995
637 27.9895 111.257 40.5223
638 44.5932 112.093 36.9599
639 37.7283 90.0845 42.6418
640 46.1452 110.542 46.1141
641 47.1275 108.081 58.1683
642 61.015 86.7699 53.805
643 35.6983 109.671 50.9245
644 41.8005 94.9852 46.1335
645 49.1728 111.144 42.5773
646 49.0834 109.373 60.8184
647 65.719 89.0377 35.5325
648 17.1484 111.325 66.1882
649 16.3923 111.101 84.1698
650 41.6397 111.278 75.5041
651 23.679 112.475 66.8738
652 49.1753 92.4517 75.1
653 35.9556 111.454 75.5447
654 37.8755 89.8916 95.8383
655 1.88894 104.33 75.6842
656 80.7492 109.741 72.2102
657 6.58237 72.8606 69.5477
658 43.8343 100.801 89.9136
659 51.1332 97.869 78.2851
660 15.7294 96.2822 96.427
661 47.5861 113.418 101.938
662 45.8271 111.227 88.206
663 44.0935 111.03 85.8159
664 30.3526 114.115 96.8881
665 35.2508 113.791 107.117
666 51.9427 111.331 85.4638
667 56.8241 95.8009 89.1631
668 35.2393 96.3554 106.429
669 6.40873 111.884 80.5795
670 38.956 78.0365 73.7442
671 35.6116 111.024 90.7675
672 44.392 113.024 102.951
673 56.4083 111.329 97.4329
674 37.5268 92.966 119.291
675 39.5751 113.52 114.642
676 57.8225 111.555 85.4293
677 39.836 113.307 96.4863
678 55.7281 113.707 104.333
679 43.4383 113.755 114.724
680 45.0847 92.7676 126.83
681 52.6519 94.7111 112.049
682 47.5335 112.586 127.325
683 37.411 93.1988 126.626
684 48.9872 113.259 123.108
685 33.4278 113.895 112.339
686 25.2489 113.659 112.385
687 35.5206 113.477 124.488
688 51.6777 103.305 124.368
689 53.1787 99.7448 127.043
690 53.4034 113.514 117.048
691 66.2615 9.02618 -0.0184502
692 62.6718 14.6087 0.246266
693 82.985 5.06469 9.15934
694 78.0561 20.8802 13.9276
695 64.9998 18.1188 -0.234678
696 57.47 24.9741 17.9042
697 79.9434 -0.131513 13.6909
698 61.9298 22.3278 20.5804
699 50.4301 23.4172 13.1222
700 67.2225 7.24088 33.3618
701 87.1692 23.2095 25.9974
702 86.0148 4.63919 30.8244
703 44.4916 32.0237 17.7433
704 81.1913 6.19674 36.6437
705 77.836 11.1505 28.4682
706 74.7102 5.39781 50.2723
707 68.1982 5.79324 47.797
708 76.5413 31.0878 40.4625
709 73.0624 24.4395 35.3685
710 58.0515 41.5465 47.7188
711 41.8215 5.54234 37.7692
712 66.7027 46.4698 24.1134
713 54.3338 19.1406 37.6243
714 64.536 5.91993 23.5094
715 43.6083 31.2471 26.6455
716 53.9648 18.1899 64.2283
717 71.8296 15.3481 63.8922
718 97.1554 20.5179 67.2745
719 79.3192 19.2714 73.2686
720 83.0206 21.4658 97.0911
721 84.9677 3.19683 83.3589
722 80.2794 17.4619 76.0182
723 57.6217 5.79924 68.0174
724 53.4102 5.61435 73.4334
725 76.5979 23.1315 80.2455
726 89.731 39.4122 59.3344
727 66.2776 4.97571 81.099
728 47.6617 16.7407 88.3316
729 90.6854 2.50516 82.5367
730 89.9288 35.8645 89.2931
731 79.6345 -0.388967 108.238
732 95.8541 -0.24248 110.301
733 85.4964 8.49929 126.983
734 87.9739 10.5979 108.073
735 70.8301 7.08164 126.831
736 85.2452 24.7892 127.128
737 64.7447 19.985 107.86
738 60.4211 3.68933 119.488
739 81.9017 8.49605 117.208
740 73.6604 23.0371 127.011
741 67.3089 19.8248 126.76
742 67.7283 12.168 124.357
743 84.9373 12.4078 127.321
744 59.507 -0.524069 115.691
745 81.8904 12.8764 126.927
746 61.8445 -0.624321 113.315
747 61.4689 15.8422 126.821
748 72.9437 31.9774 0.0537296
749 80.5817 47.2713 0.162895
750 81.7552 40.7153 0.108477
751 82.1777 34.9981 18.8892
752 70.3015 37.0881 -0.0924752
753 61.7281 26.8132 -0.157155
754 84.1087 52.4483 16.4877
755 86.4334 40.2871 22.2951
756 74.0628 28.1657 16.5135
757 60.9122 38.2664 27.3443
758 67.0028 16.7525 11.1874
759 91.3905 30.4947 30.968
760 52.6436 38.3601 27.324
761 65.6474 50.9989 37.6749
762 72.6384 32.0068 53.6558
763 66.7432 4.89461 60.1194
764 110.968 30.6663 57.0017
765 78.538 49.3467 71.0034
766 55.3669 38.0401 51.9533
767 79.7498 29.417 51.1255
768 58.1479 17.0638 64.7687
769 112.751 58.7332 54.6088
770 77.6018 56.7065 39.3143
771 77.0181 24.2538 78.8309
772 112.624 62.6717 55.0788
773 67.1469 51.896 90.3476
774 55.6482 54.0416 93.6256
775 74.1374 41.9306 57.1417
776 69.8132 36.6488 61.2859
777 74.1789 21.7369 76.9152
778 90.9961 30.8861 89.9515
779 65.225 5.72265 71.4779
780 75.4483 40.7484 56.2011
781 74.3939 44.5171 87.2803
782 78.0324 27.3523 80.6593
783 55.7406 36.3886 78.7158
784 81.9139 33.0625 58.9126
785 78.9799 32.8961 101.053
786 67.3414 15.7112 86.4326
787 74.6661 44.5789 71.8094
788 63.8469 44.0323 50.3416
789 58.9821 25.441 80.0743
790 63.5924 25.3814 94.746
791 75.836 57.9874 103.85
792 46.0184 51.2516 104.431
793 74.2724 35.1018 70.8829
794 43.3269 -0.567911 103.199
795 47.6298 24.256 80.1058
796 68.482 38.2982 101.388
797 79.9829 -0.527087 105.879
798 73.6965 42.8368 112.76
799 51.7929 46.4349 107.243
800 72.0481 55.1335 118.21
801 76.6446 19.7555 112.363
802 50.2337 14.1185 94.3113
803 61.5448 23.5144 111.084
804 57.3958 43.9654 126.88
805 67.2702 26.4694 126.633
806 61.553 23.0834 116.694
807 67.5571 24.9013 120.386
808 61.517 39.1837 115.157
809 88.618 38.3357 126.82
810 84.8747 47.4462 0.217272
811 81.0453 74.1786 0.180598
812 56.0071 54.3062 -0.0916543
813 58.5082 56.1874 7.54822
814 58.042 53.3894 5.75854
815 63.5712 54.3217 7.17773
816 57.8107 55.3779 3.91423
817 92.4632 71.6137 7.61029
818 69.327 57.5024 14.4054
819 72.652 62.1728 13.598
820 88.6532 47.6548 7.99398
821 59.6682 56.7467 25.5864
822 59.4724 63.4954 7.91572
823 71.2408 54.0154 29.8798
824 68.1031 59.7616 16.2849
825 74.8122 72.0303 28.4437
826 86.2169 75.0678 32.8113
827 65.391 52.1573 24.6627
828 84.4986 47.5655 23.057
829 98.5662 69.2673 24.9321
830 98.534 79.0418 20.6426
831 57.9003 72.1412 40.2339
832 53.3505 90.3738 39.9362
833 85.5689 48.7755 59.6689
834 39.9904 48.2465 29.0509
835 46.8332 63.1494 27.8369
836 85.2267 71.4281 32.6265
837 67.8381 62.536 14.3253
838 92.9474 57.3947 24.6837
839 71.0027 68.2422 73.75
840 65.696 53.3583 82.1319
841 95.7149 79.1977 52.061
842 76.7173 54.97 94.8312
843 76.1959 50.4549 60.0083
844 88.141 50.786 57.5133
845 66.1529 60.7567 70.1432
846 83.7507 53.3939 69.3175
847 73.2538 75.3251 62.9343
848 77.8609 70.1176 78.4399
849 66.4308 53.77 95.5656
850 61.421 37.9444 75.4405
851 101.704 38.1492 98.2816
852 69.1198 51.8746 90.9816
853 71.6879 64.6732 96.5195
854 67.5009 71.7652 57.3371
855 75.9126 61.9023 81.8739
856 67.5443 74.7071 101.919
857 65.6637 49.893 82.3115
858 73.419 76.4703 107.94
859 80.6637 57.441 98.5925
860 59.0966 64.7299 109.68
861 68.0017 43.6527 116.571
862 73.6596 60.494 107.326
863 82.4507 49.2487 111.983
864 70.3464 48.8052 93.6297
865 76.3625 50.224 105.996
866 72.4559 50.6628 75.7019
867 65.0539 68.6316 117.413
868 82.8328 53.9076 121.118
869 75.61 48.9272 115.706
870 90.7925 27.8562 126.898
871 63.5528 65.1917 126.878
872 72.8 66.4215 126.936
873 88.2732 62.2674 115.606
874 81.8879 54.1916 127.139
875 82.6838 55.9405 126.968
876 94.1617 78.6202 0.319622
877 60.4465 73.9715 0.250643
878 80.403 82.6804 -0.11835
879 71.9886 82.2152 0.0558797
880 69.4303 85.78 12.1597
881 61.877 78.3886 -0.197132
882 59.7418 71.3135 0.136115
883 70.0796 74.9404 10.5527
884 62.9456 70.4054 0.117674
885 66.5547 89.1607 7.13041
886 75.1696 76.4124 43.1326
887 55.8752 68.7822 22.3135
888 85.2394 61.8323 23.475
889 92.856 83.0277 21.335
890 66.2877 70.336 30.8651
891 50.39 91.7339 26.104
892 76.0655 52.887 53.2471
893 63.6257 80.1331 21.9689
894 81.8717 83.6853 21.7433
895 81.3621 71.039 79.3955
896 65.4273 68.8184 18.1457
897 80.5524 76.1983 47.4177
898 84.25 94.4158 14.364
899 95.6873 62.6841 58.5028
900 71.782 99.3107 48.6028
901 74.0032 94.4095 47.3766
902 74.3754 94.918 61.7602
903 67.3984 108.604 65.5455
904 59.9142 93.3776 45.5505
905 79.6211 90.3374 50.9616
906 50.2588 92.15 47.1724
907 83.7361 86.0777 55.0524
908 55.1519 87.4562 76.8062
909 49.12 94.7094 75.5396
910 58.8938 108.66 61.2109
911 83.5863 71.9076 78.4034
912 91.5483 83.572 77.2304
913 52.1828 85.6742 68.4716
914 57.8572 91.7885 53.9434
915 77.0963 73.3749 43.3815
916 71.9913 76.2435 77.1793
917 50.8914 60.0886 74.6825
918 72.8594 86.1609 83.5593
919 76.2544 64.5571 72.3537
920 78.0206 72.5417 77.3523
921 91.9803 58.0577 85.7129
922 62.7957 94.8799 84.5841
923 53.031 90.1516 100.435
924 48.2944 76.3256 107.871
925 27.3486 79.1999 108.742
926 76.8641 68.4083 81.4506
927 100.012 70.902 97.1566
928 75.2915 100.284 107.177
929 69.5924 75.5281 106.601
930 59.7239 89.7735 126.933
931 78.027 68.2223 126.852
932 79.1541 70.3829 112.134
933 79.1471 90.9029 114.048
934 66.9002 76.592 126.676
935 60.6179 101.579 116.805
936 62.79 77.061 114.435
937 69.5526 89.5104 121.961
938 86.163 93.8052 22.0157
939 57.3944 99.6766 9.46944
940 61.2111 96.6943 5.5134
941 78.6341 85.6579 0.0676325
942 52.3671 113.668 27.8428
943 95.5177 112.358 34.2702
944 88.2139 112.995 31.947
945 60.9903 113.668 29.684
946 52.5947 113.318 11.1159
947 60.0106 113.844 15.1378
948 75.3468 110.865 48.3554
949 77.2468 107.534 32.7975
950 68.7463 113.631 13.6357
951 64.4593 112.344 37.388
952 35.7836 111.343 60.4797
953 64.563 99.9575 22.5947
954 113.819 85.3414 30.1782
955 57.7173 111.039 41.0416
956 77.4229 99.5023 35.7686
957 102.213 95.0097 56.8849
958 67.5841 110.328 50.7791
959 58.5171 81.2306 54.2077
960 59.7768 82.1533 55.5654
961 66.4497 112.147 80.119
962 70.7888 108.21 65.9767
963 66.99 111.7 40.0338
964 65.8344 92.7258 26.1185
965 81.569 90.0059 36.9568
966 85.8142 110.102 75.0878
967 59.6347 77.9456 30.8973
968 88.0719 84.0462 39.1198
969 66.6281 87.5384 77.3413
970 76.2109 87.4942 59.9779
971 62.0251 111.577 75.4196
972 98.0601 93.7472 60.3933
973 76.6797 89.1137 76.5519
974 84.7266 108.994 82.6873
975 56.3797 82.0493 73.1805
976 71.3709 95.2254 86.8717
977 77.4489 107.623 66.8647
978 69.6608 111.204 106.335
979 88.6519 89.5354 65.808
980 79.1754 83.5386 106.443
981 91.6822 111.277 98.5248
982 61.8555 111.422 88.2787
983 70.89 111.097 82.8529
984 62.2923 112.323 104.019
985 81.9461 109.795 85.3509
986 80.7282 113.402 110.859
987 73.6252 88.8905 117.202
988 56.5385 110.984 89.4943
989 113.497 89.5011 96.7646
990 61.4937 79.7771 98.2493
991 91.0768 108.795 82.6099
992 89.6423 91.8026 102.353
993 68.3327 103.928 112.724
994 63.9906 91.8266 110.431
995 63.9349 104.043 93.1233
996 57.4831 111.177 93.4982
997 61.6485 113.811 109.515
998 76.3992 93.0211 127.095
999 59.7612 113.74 119.765
1000 93.6701 103.566 127.038
1001 64.83 101.195 127.053
1002 88.5654 94.1818 126.768
1003 66.9707 97.5478 126.865
1004 80.5583 113.442 118.375
1005 62.4476 100.557 110.307
1006 71.7549 95.0987 115.413
1007 69.6462 100.417 121.387
1008 114.338 20.1958 6.38442
1009 101.551 17.9018 2.77163
1010 89.9449 21.0481 11.1772
1011 107.032 0.146039 2.7454
1012 96.0361 0.244204 0.866397
1013 100.179 16.8545 11.7292
1014 93.7958 20.5184 13.6006
1015 114.119 17.9622 30.9028
1016 102.127 19.3892 12.6276
1017 99.8167 3.67306 23.6768
1018 86.4062 22.623 27.7124
1019 102.745 16.2016 12.6828
1020 91.8148 4.80393 28.1973
1021 88.5683 18.0765 12.9766
1022 101.743 17.3654 14.5492
1023 86.8452 5.27462 37.4824
1024 113.957 12.7427 35.766
1025 104.151 32.5101 41.455
1026 83.9922 24.1476 26.8745
1027 105.586 21.7428 39.1968
1028 87.8884 24.2385 34.4334
1029 113.821 5.7632 38.4474
1030 113.781 5.76091 22.9579
1031 95.7885 4.53422 25.5791
1032 111.775 12.8636 63.009
1033 89.7495 39.9113 53.8395
1034 113.965 26.4073 30.8729
1035 103.88 7.06365 55.0681
1036 113.915 31.8012 35.8629
1037 94.1433 6.89174 49.6573
1038 101.744 32.6262 66.8506
1039 85.7329 1.11163 99.7142
1040 109.801 24.7879 73.0239
1041 109.96 12.8567 68.6777
1042 107.782 2.36525 81.6193
1043 91.8573 4.33395 71.7005
1044 110.78 7.71645 56.3603
1045 79.8662 18.1568 82.0166
1046 83.8255 0.938027 89.9822
1047 83.7857 -0.274347 108.334
1048 90.8182 7.45644 104.176
1049 109.58 8.61045 85.5913
1050 95.8697 0.997466 99.7957
1051 109.374 27.1269 91.6605
1052 111.449 33.3832 101.314
1053 111.82 14.4781 104.464
1054 111.683 4.52607 102.777
1055 98.0135 0.547429 94.6808
1056 75.9056 11.009 89.5968
1057 109.702 19.839 94.2884
1058 88.9074 8.26164 105.802
1059 98.0241 -0.228513 113.157
1060 86.9801 30.3572 99.8163
1061 109.946 2.24346 105.985
1062 88.7781 1.35582 93.4372
1063 96.4791 41.5525 95.0948
1064 88.9723 3.76674 127.159
1065 110.644 4.73366 93.2279
1066 98.4964 0.227273 116.935
1067 113.855 5.76062 122.012
1068 112.343 4.62946 127.349
1069 101.95 8.16826 114.669
1070 93.2906 38.7575 0.0470041
1071 78.5186 29.3961 0.160617
1072 95.8632 16.3081 10.3533
1073 98.231 50.2812 15.5066
1074 93.32 46.0535 0.264479
1075 98.4947 47.0344 2.78026
1076 100.343 36.7015 0.0560935
1077 98.2182 44.0492 4.78605
1078 114.387 8.29677 7.30339
1079 83.3429 30.8319 23.7596
1080 73.1438 22.6792 37.0979
1081 114.288 41.4221 21.7261
1082 69.2465 38.303 55.5525
1083 112.143 43.9788 43.4965
1084 101.883 32.4739 28.2566
1085 112.267 53.0366 41.8068
1086 75.9037 48.6977 39.3494
1087 114.278 43.2444 24.5237
1088 94.2769 46.2956 33.884
1089 109.906 38.3446 22.5412
1090 80.1106 43.8067 24.7787
1091 89.757 32.0601 38.5473
1092 112.557 48.6034 54.8488
1093 103.142 35.5708 66.1947
1094 91.5265 38.6306 69.9099
1095 96.4456 55.5129 42.0683
1096 88.7679 48.2821 44.4579
1097 113.731 24.4041 47.5246
1098 93.6722 33.3361 50.5347
1099 114.27 50.0411 34.0409
1100 86.5958 32.9692 50.1801
1101 114.255 26.5689 43.5901
1102 87.7198 39.9106 53.9096
1103 109.107 49.1727 68.9848
1104 75.5617 65.2084 70.7249
1105 74.0059 23.0172 78.7571
1106 111.856 23.1825 101.958
1107 109.604 39.1603 70.7656
1108 112.08 32.7541 53.4292
1109 109.149 45.887 80.9577
1110 109.296 53.7217 73.9472
1111 89.5405 26.3567 66.452
1112 101.422 33.5541 68.6447
1113 109.608 34.1334 68.8511
1114 87.6945 24.0024 110.871
1115 111.562 30.4694 96.8172
1116 109.476 53.2047 79.5323
1117 84.722 45.7506 91.6544
1118 96.752 29.5938 88.1551
1119 101.148 40.9012 104.885
1120 86.9105 39.5495 100.265
1121 92.6179 29.2538 87.8583
1122 74.9602 27.6781 98.8107
1123 101.684 59.436 106.28
1124 82.4262 16.5547 97.6987
1125 114.278 30.6732 111.557
1126 91.0563 57.7473 89.1231
1127 89.7911 30.3387 116.491
1128 96.1558 28.6202 112.889
1129 100.697 41.1855 110.499
1130 108.079 23.2006 126.738
1131 108.598 31.535 126.618
1132 114.158 36.0072 118.127
1133 114.025 39.1185 119.847
1134 102.19 33.3906 126.882
1135 102.073 35.6733 120.183
1136 85.0119 45.4132 116.724
1137 109.266 64.3622 7.14487
1138 114.48 52.0715 4.86002
1139 96.1447 50.2044 0.462577
1140 114.466 47.8241 18.2114
1141 114.215 63.7697 26.7112
1142 112.423 65.0946 51.2719
1143 104.855 66.4136 30.1912
1144 86.0631 46.059 28.9484
1145 91.9166 42.893 25.7999
1146 114.128 49.9182 24.1069
1147 114.045 64.6133 19.9249
1148 94.4053 62.6245 27.2825
1149 95.5368 70.3775 0.45246
1150 94.2043 58.9574 40.0478
1151 114.118 59.8155 20.6677
1152 112.356 71.7831 41.3113
1153 87.4792 40.4055 47.7411
1154 90.4682 56.4822 35.8574
1155 92.3702 60.032 41.706
1156 79.3159 63.4096 28.1396
1157 112.3 46.7411 45.3953
1158 112.447 67.3146 46.7616
1159 99.756 54.2812 35.1208
1160 109.076 71.9026 75.3544
1161 109.586 37.0729 72.9833
1162 94.4893 46.9571 64.585
1163 67.4906 55.0785 67.8469
1164 109.084 57.881 68.7003
1165 112.475 62.6254 52.6754
1166 82.4811 81.3321 27.0386
1167 111.553 55.8296 55.5071
1168 106.291 81.5969 48.7706
1169 103.534 72.2467 65.0409
1170 111.685 67.5656 57.1131
1171 82.5637 70.2098 93.7619
1172 112.599 54.3809 52.6182
1173 89.8566 61.6328 51.7204
1174 100.932 81.8193 69.4859
1175 95.2448 81.3698 82.0789
1176 113.425 96.8046 86.45
1177 113.371 76.645 87.0791
1178 98.0965 92.7585 58.748
1179 109.081 52.9431 69.9192
1180 83.7927 76.2068 66.7509
1181 109.24 62.638 77.1071
1182 111.345 56.3915 96.9958
1183 109.123 50.3277 84.8841
1184 112.001 63.7577 99.6735
1185 103.408 55.924 103.648
1186 109.319 54.8666 89.1319
1187 112.099 61.2162 101.643
1188 114.029 57.4704 116.645
1189 113.573 57.7371 106.246
1190 111.697 51.4665 102.042
1191 109.484 64.8555 85.7159
1192 97.9803 51.9364 95.0219
1193 77.1883 48.1569 87.564
1194 71.3582 53.1598 113.071
1195 114.009 41.2138 108.433
1196 104.959 61.9219 102.381
1197 90.9243 54.1122 106.282
1198 102.012 58.4522 111.674
1199 111.326 65.3684 94.0095
1200 86.6701 51.3877 112.53
1201 95.8222 66.3695 118.347
1202 96.087 51.1269 127.055
1203 109.002 59.4161 126.926
1204 110.464 68.2948 114.335
1205 101.788 50.2463 117.377
1206 112.677 65.339 126.776
1207 91.2098 91.1934 0.215561
1208 82.3332 78.6405 0.141141
1209 91.6164 90.7472 9.77017
1210 114.386 80.6026 12.729
1211 84.4834 91.9641 18.8767
1212 110.027 91.919 6.7646
1213 94.1115 74.925 0.310438
1214 85.6813 71.1119 11.3588
1215 92.3769 82.086 0.0956782
1216 98.1431 96.1401 0.380165
1217 114.384 92.4989 12.65
1218 114.127 69.0439 26.9126
1219 70.0657 73.4366 16.4757
1220 89.6203 61.6656 17.8033
1221 114.241 90.3259 16.8223
1222 114.148 73.0834 22.6733
1223 98.5102 89.7209 33.066
1224 81.9489 92.6908 12.608
1225 103.532 51.194 18.3311
1226 114.046 75.4986 23.4468
1227 111.438 103.231 35.1872
1228 88.896 89.6013 60.3424
1229 95.4088 76.5901 50.9711
1230 83.3979 110.945 43.019
1231 76.6705 63.9818 48.6824
1232 112.194 87.0028 41.8278
1233 88.736 91.586 42.286
1234 94.3977 86.3366 70.9815
1235 88.3384 87.5703 67.5979
1236 86.0384 109.932 71.9356
1237 83.6049 54.3258 71.0443
1238 112.071 88.7719 50.3463
1239 82.1783 100.267 47.4938
1240 100.487 82.88 71.1177
1241 103.708 78.619 74.9921
1242 113.501 82.4508 91.51
1243 112.573 88.421 73.4154
1244 82.7939 77.1167 49.1257
1245 110.512 92.1215 66.1367
1246 112.405 70.0595 51.3861
1247 110.838 71.1054 68.4876
1248 113.165 88.1619 83.8225
1249 111.476 72.8795 87.5178
1250 106.217 81.8726 77.1747
1251 96.0923 64.9699 111.903
1252 88.2943 75.9334 74.0264
1253 113.511 71.1722 94.9152
1254 89.3292 65.1833 76.2322
1255 88.1273 75.7152 89.4042
1256 114.004 63.9055 110.429
1257 102.089 63.7247 97.0416
1258 113.66 71.3076 102.535
1259 91.6003 90.6792 103.622
1260 113.62 83.0708 104.218
1261 113.98 78.2692 105.239
1262 94.4108 69.7817 111.371
1263 102.667 75.0873 95.8655
1264 100.285 87.8921 81.1877
1265 114.053 75.9156 112.256
1266 108.62 74.0995 115.013
1267 87.7761 68.5093 126.893
1268 114.151 71.134 118.151
1269 91.7007 68.6308 126.799
1270 106.281 82.3636 127.08
1271 114.149 83.2992 118.285
1272 95.9595 79.3461 124.098
1273 84.383 85.0574 115.616
1274 114.076 92.4037 121.247
1275 90.2526 72.0222 114.671
1276 110.924 84.4205 114.599
1277 90.2022 82.7017 126.883
1278 81.193 73.397 126.931
1279 96.2696 78.6878 111.905
1280 104.45 65.859 126.787
1281 114.461 95.1223 23.2417
1282 101.039 113.351 19.0323
1283 108.774 113.588 13.0391
1284 114.436 92.3626 10.1365
1285 91.9479 106.593 15.4001
1286 113.93 89.629 23.6854
1287 113.682 105.996 24.4246
1288 95.4128 111.03 53.1084
1289 111.73 105.253 33.7989
1290 90.5175 93.1185 34.057
1291 111.408 107.086 28.6986
1292 95.7813 113.274 28.1879
1293 114.233 84.7746 19.2087
1294 107.852 112.351 39.5471
1295 96.9852 110.661 38.9893
1296 92.9337 110.501 36.2782
1297 91.9219 110.881 48.2015
1298 111.742 109.617 37.1174
1299 113.031 90.6378 76.6327
1300 111.699 95.3278 39.5345
1301 111.777 83.603 37.4538
1302 72.2733 91.7812 42.979
1303 108.42 106.727 58.8389
1304 111.999 95.1757 34.3305
1305 108.019 106.196 61.6582
1306 84.1005 110.685 47.7098
1307 109.2 62.7321 72.0078
1308 101.286 93.1728 85.9298
1309 107.345 111.842 45.6752
1310 91.8147 80.9227 60.2715
1311 104.562 60.7904 65.8539
1312 99.8982 95.1783 60.3929
1313 104.826 106.627 60.9375
1314 86.9881 108.898 79.5894
1315 113.487 94.8678 94.2841
1316 89.4796 85.4552 79.1269
1317 104.696 110.78 102.371
1318 113.372 105.839 84.9447
1319 104.811 88.1929 81.4744
1320 79.6145 85.6659 99.2531
1321 113.33 80.7155 96.31
1322 99.7578 83.3792 69.2694
1323 113.093 78.853 85.5549
1324 108.58 111.057 92.147
1325 87.8642 96.9291 74.1418
1326 114.133 91.9916 115.844
1327 103.83 102.229 108.024
1328 98.5334 86.938 118.295
1329 113.618 92.44 103.713
1330 107.394 88.8448 110.608
1331 65.9262 111.159 101.218
1332 91.7811 111.232 101.271
1333 97.9951 108.543 111.07
1334 106.007 100.547 116.643
1335 97.9435 89.9053 111.724
1336 113.829 103.852 125.106
1337 114.356 97.443 116.057
1338 112.646 113.611 123.926
1339 92.9565 110.747 117.742
1340 113.958 104.559 118.467
1341 90.2096 100.069 107.355
