0 11.2207 13.3835 -0.761166
1 2.78476 0.0561951 10.0132
2 -0.640337 36.2994 21.8914
3 18.548 -0.10044 9.72039
4 25.6662 -0.239793 1.10871
5 7.84911 12.7572 -0.281551
6 -0.511954 13.1346 10.8055
7 11.9084 8.89745 6.83291
8 11.1612 2.02142 -0.317316
9 -0.677519 15.5187 1.93727
10 -0.684778 14.6935 31.0038
11 23.6783 15.9857 17.1808
12 15.6348 13.6257 23.8767
13 7.60056 -0.29788 26.1702
14 17.7565 0.304889 23.2397
15 17.5679 12.6175 19.5732
16 -0.422246 20.1124 41.056
17 33.6445 -0.306971 31.3149
18 -0.614748 10.981 37.7139
19 19.538 14.6724 18.0656
20 17.6012 -0.249083 49.1383
21 -0.0963794 0.783332 37.837
22 17.5261 6.71031 38.9868
23 9.59628 8.99875 37.3033
24 -0.622627 33.4881 32.5375
25 32.1028 4.30134 50.6539
26 7.29605 14.4698 48.2321
27 6.48717 11.7002 46.5986
28 29.505 30.5248 47.2521
29 17.3826 14.8335 66.286
30 -0.304899 15.1699 48.6097
31 15.1658 -0.139331 56.5436
32 28.3944 6.47349 36.2516
33 23.5493 10.5112 44.0207
34 -0.776725 8.60389 77.4554
35 27.1551 7.74416 73.1591
36 23.4447 -0.199248 74.1776
37 18.49 19.0496 56.918
38 9.31203 -0.289495 61.6038
39 25.277 -0.843674 51.3715
40 22.1432 0.0222427 57.9768
41 14.872 18.535 86.7452
42 19.481 14.8589 81.168
43 26.7216 0.133956 70.6119
44 2.85151 0.209444 65.4192
45 5.90357 0.176266 80.2701
46 6.63302 9.91806 74.114
47 -0.52747 5.84615 82.8776
48 21.471 16.4788 72.3845
49 29.6864 20.5154 107.586
50 20.9983 4.43683 103.462
51 20.591 12.9198 98.6689
52 18.5358 37.3282 90.9455
53 15.0075 0.320839 96.0793
54 23.9506 8.61984 95.1358
55 18.1958 9.6298 99.2091
56 17.1146 15.7355 85.4238
57 9.27736 22.8258 102.833
58 10.1816 0.180097 93.44
59 15.4101 7.4517 94.239
60 7.24797 4.19183 103.594
61 14.1409 0.270837 113.321
62 33.2342 16.1781 115.574
63 16.5898 9.19368 115.096
64 2.48555 0.147217 112.804
65 5.76311 5.11002 107.433
66 21.4677 44.7109 6.81062
67 22.1607 30.6911 16.0097
68 30.1706 39.4466 11.3251
69 -0.647554 45.592 12.0058
70 27.8999 22.6233 12.2931
71 6.94716 57.3189 -0.0408418
72 27.3126 37.1615 -0.0628974
73 8.37819 45.9074 0.0336879
74 17.4444 36.2971 25.1255
75 -0.371836 22.6042 24.608
76 13.2227 24.1224 24.3237
77 3.81008 29.466 11.8639
78 7.15272 24.098 48.9095
79 -1.01833 34.8532 6.21698
80 13.5498 37.0308 44.9382
81 -0.520008 57.4723 26.9228
82 25.5354 46.9629 35.3589
83 15.4074 41.1391 44.5668
84 35.6063 35.9909 22.9783
85 -0.436082 45.6986 39.9085
86 27.7409 39.7503 48.0162
87 21.4768 33.7423 42.3041
88 12.2683 43.4817 39.5214
89 -0.622036 33.5918 57.8485
90 27.7001 38.5324 59.2278
91 25.1913 30.0055 62.1826
92 9.21395 37.18 62.3727
93 -0.7351 22.5547 32.0729
94 -0.414339 22.7965 54.9868
95 21.439 30.0518 70.4098
96 7.8667 50.0429 66.6553
97 7.59922 38.6202 41.2642
98 5.42228 34.0691 49.5893
99 13.0661 27.3367 58.8226
100 10.0753 28.3408 67.9462
101 20.3254 29.4081 64.6811
102 -0.700271 31.2443 74.8066
103 23.6105 49.65 58.909
104 25.331 39.9278 58.1526
105 -0.736148 43.6055 85.0964
106 27.7944 40.7843 55.598
107 19.3455 30.3483 85.0229
108 24.3493 29.4527 64.2561
109 19.5168 22.044 61.2759
110 12.4075 31.8787 83.0613
111 -0.783647 33.8413 80.7098
112 25.8142 37.871 89.2476
113 -0.575163 43.2652 91.7058
114 22.596 26.0272 102.51
115 8.8902 20.8558 96.7961
116 32.2249 45.5386 80.1635
117 15.0843 39.9612 87.7865
118 16.6418 36.2679 76.8172
119 28.9924 48.3465 101.916
120 19.9082 26.6872 103.49
121 11.3258 42.89 93.5731
122 28.5138 45.6336 93.0466
123 7.09905 39.6923 93.4516
124 -0.470567 29.3112 84.2553
125 25.1523 36.8143 115.48
126 29.4076 40.6861 115.691
127 9.40669 41.6405 102.403
128 7.31816 34.6025 99.4305
129 13.1248 44.6192 102.501
130 10.0657 34.6525 115.575
131 13.1285 43.8557 115.514
132 33.1902 27.4504 99.7611
133 21.9312 40.0795 100.21
134 17.5267 69.4397 6.71225
135 2.1237 63.0464 -0.215717
136 33.8434 68.4127 2.05338
137 17.671 54.1151 12.1949
138 5.39631 59.5715 8.60608
139 -0.367515 82.7386 7.8549
140 19.3981 55.71 11.5208
141 13.4173 58.5301 29.5267
142 -0.390854 62.2165 23.6432
143 14.4313 46.424 26.292
144 38.2553 49.6282 20.5429
145 -0.644889 66.6554 32.9553
146 27.6006 75.02 12.6833
147 17.3484 68.5018 27.5449
148 8.09444 42.8049 36.3433
149 20.2064 54.5499 32.9044
150 24.4141 66.548 42.5463
151 2.97415 58.1855 45.4435
152 9.35022 60.2145 40.7713
153 27.5808 66.5034 46.4392
154 25.4399 49.6724 33.4951
155 7.9945 57.2017 39.205
156 9.28394 36.7738 44.5829
157 7.36303 69.502 29.2519
158 19.2578 58.0188 35.4728
159 7.50348 54.1251 35.5805
160 32.198 52.6902 48.0987
161 19.7348 66.2398 64.6673
162 12.6693 61.8159 50.9561
163 11.6466 47.2768 48.1343
164 25.942 63.2994 45.4878
165 22.7511 56.347 42.7837
166 14.03 60.4892 51.3462
167 8.5664 52.5483 72.6161
168 14.1897 53.7652 77.1094
169 15.4953 54.9979 64.771
170 22.1382 55.9158 64.9981
171 33.683 55.18 54.6308
172 15.1403 63.4714 78.952
173 21.365 58.5755 80.0106
174 15.852 59.3597 79.8714
175 -0.594887 66.8226 88.272
176 10.7091 72.3576 83.2635
177 23.1655 62.6913 74.4877
178 31.2027 47.2883 74.8373
179 20.8173 60.046 68.2677
180 -0.455369 48.454 79.038
181 5.55396 60.5811 89.0974
182 11.8068 52.9872 95.9922
183 23.3564 43.3954 88.6069
184 11.2247 64.1359 98.7278
185 24.89 57.6944 85.2432
186 4.93963 56.3343 109.192
187 15.2438 67.8799 93.3563
188 -0.618539 63.8989 94.2601
189 3.73388 66.7039 107.746
190 10.8141 44.8796 109.327
191 0.901979 67.8726 115.922
192 12.8728 58.4531 115.232
193 14.703 68.2593 115.696
194 -0.762248 59.9592 108.426
195 10.1367 56.0486 115.329
196 20.9769 50.591 108.184
197 33.4828 55.586 100.099
198 22.1307 62.7952 115.51
199 12.904 70.921 8.58058
200 6.98189 81.4322 8.47582
201 30.4775 93.229 7.96242
202 15.249 71.9787 7.5905
203 24.2387 75.9481 5.80439
204 18.288 84.3169 7.76951
205 2.74623 76.551 -0.804253
206 23.9571 80.0667 -0.731408
207 5.61289 71.9563 -0.0415502
208 16.1475 73.8451 -0.0643529
209 15.5264 82.6508 22.1782
210 26.4959 81.5588 23.9703
211 30.9147 93.2108 30.5972
212 27.7215 89.4891 19.7819
213 35.4887 66.1846 16.2404
214 30.016 84.4295 28.0867
215 17.3588 62.2384 14.0398
216 1.49066 86.1185 -0.745168
217 23.1548 67.307 18.5135
218 24.5458 78.5226 32.1938
219 -0.447612 78.8179 24.4161
220 1.30744 74.4218 35.7741
221 25.8466 88.8722 40.4078
222 24.9894 80.6832 45.4176
223 10.187 76.9719 17.2637
224 16.7108 80.376 29.7251
225 9.89732 92.9812 38.0001
226 19.0994 76.6506 44.7992
227 12.5285 99.1415 46.8749
228 15.3546 63.7049 45.6158
229 -0.869816 78.0647 56.3123
230 27.6972 82.6629 42.5145
231 25.6405 68.485 37.3993
232 -0.682843 95.1945 58.3237
233 5.1013 72.2672 47.1888
234 15.4996 74.7043 50.6672
235 21.3567 79.7646 47.1486
236 7.44713 62.0288 49.3725
237 16.8911 73.7632 45.5359
238 -0.422283 80.2762 47.1726
239 -0.727606 69.2555 56.515
240 17.2473 81.1603 58.2736
241 23.6034 77.0953 71.7148
242 7.0238 57.9249 50.3949
243 11.1597 76.5674 57.019
244 19.1876 101.153 74.4342
245 -0.642021 73.8423 78.3879
246 35.8516 94.1012 42.0925
247 9.22383 85.8886 67.6272
248 33.1282 96.1943 80.9378
249 15.1242 79.8561 49.0735
250 28.4536 76.0512 76.4946
251 20.0187 87.9397 65.6541
252 31.3309 73.1289 81.9364
253 14.8514 93.7608 79.3603
254 9.07891 74.0307 76.2296
255 19.5385 77.3306 81.6024
256 26.4554 95.8022 69.6524
257 24.4314 82.6759 78.2894
258 33.6483 86.698 94.6995
259 -0.973836 76.1581 81.7943
260 -0.673034 48.7626 61.4079
261 17.467 95.993 77.9998
262 -0.818487 83.3105 83.9642
263 7.04799 73.5205 96.8172
264 11.3579 75.4894 95.6541
265 -0.969114 75.7854 93.1002
266 21.1543 72.1344 95.2243
267 -0.751967 70.8189 86.6484
268 29.3001 85.0665 96.1827
269 17.4721 80.4157 79.181
270 20.4692 87.2902 90.228
271 5.97586 83.8266 115.374
272 16.8696 70.8914 106.791
273 2.56147 70.8448 116.163
274 -1.1909 82.7544 105.862
275 23.7826 69.1554 101.829
276 31.3694 81.8374 101.065
277 26.8785 91.4452 116.303
278 24.3304 113.238 1.30759
279 16.43 101.685 2.64588
280 9.90979 99.9673 -0.0113635
281 13.6462 99.9857 14.9318
282 17.604 113.702 10.2285
283 2.73323 97.6836 -0.601264
284 20.0012 90.4246 18.7443
285 -0.424943 94.8064 15.4697
286 12.5181 113.218 21.298
287 7.16517 93.4083 29.0749
288 4.17184 103.943 36.2086
289 -0.358449 108.235 47.2633
290 -0.939374 106.064 5.31699
291 21.4699 113.74 22.7982
292 -0.31097 91.8622 31.2168
293 17.6225 100.374 19.6833
294 22.9546 97.7182 16.733
295 16.7451 113.507 13.605
296 28.71 113.303 21.2992
297 12.3299 113.19 26.4807
298 35.8644 113.509 37.6676
299 19.6481 101.428 21.4778
300 19.5548 113.534 15.4382
301 4.60891 113.069 36.6301
302 5.42929 107.026 34.7947
303 4.30067 113.182 46.7041
304 8.49659 113.215 36.5907
305 11.5149 90.4922 28.9773
306 15.858 113.657 30.7905
307 18.5707 95.7453 34.5343
308 25.4877 113.643 33.011
309 27.6518 96.7419 39.7834
310 15.878 104.455 51.5469
311 12.6505 96.662 45.811
312 24.5458 113.274 44.0055
313 19.4643 113.485 30.5386
314 7.96726 87.3587 57.5302
315 -0.413112 106.492 72.3536
316 4.72441 113.099 51.6487
317 -0.435204 110.634 68.0796
318 -0.729038 91.8199 58.7581
319 8.31726 113.216 53.9326
320 25.063 106.654 67.6447
321 20.0212 113.351 89.3258
322 29.5634 113.511 73.4211
323 23.4197 113.666 73.396
324 5.1023 106.884 77.8696
325 9.95023 93.6599 69.2025
326 -0.7011 105.99 81.8443
327 5.24202 113.553 96.4557
328 23.9815 99.4558 87.5575
329 29.8225 113.277 116.322
330 37.5931 96.6237 90.1668
331 3.37828 113.709 80.62
332 15.3149 105.576 94.0949
333 -0.75142 106.134 101.898
334 11.0086 103.481 90.1214
335 16.7503 113.705 97.8666
336 20.5621 113.055 96.9295
337 20.7916 113.202 81.763
338 25.3669 113.534 111.023
339 24.7188 100.986 115.552
340 -0.859041 104.292 109.697
341 7.61021 92.1502 99.3754
342 1.62481 114.248 105.956
343 39.6777 13.0126 9.44338
344 20.1705 6.17723 13.4549
345 35.6987 12.4205 7.51613
346 41.1054 17.922 -0.0830328
347 51.4668 -0.114843 3.75882
348 37.5934 14.103 8.79625
349 35.9273 12.0643 0.09802
350 33.4544 15.0265 10.8156
351 34.8847 18.6952 8.89801
352 19.7242 11.6673 20.2455
353 59.7259 16.0949 22.5207
354 34.663 0.307283 15.1622
355 51.6413 -0.309249 18.6938
356 30.391 0.179607 19.9785
357 37.4288 28.9077 25.983
358 25.9311 21.4094 23.0718
359 57.7085 11.7358 27.9701
360 42.3629 16.2325 30.2727
361 55.6306 6.04093 42.2164
362 40.5403 26.8837 53.429
363 42.2469 21.5402 32.9698
364 54.9577 16.7004 48.652
365 47.6491 -0.30526 46.8383
366 28.1846 18.1033 53.0634
367 29.062 12.6745 47.9344
368 57.7208 10.8332 59.0202
369 30.6006 -0.0501036 62.9744
370 38.4116 12.432 34.5834
371 42.2927 7.72597 40.6874
372 31.1905 16.8595 63.9585
373 57.9123 -0.0558447 66.7596
374 45.3841 11.0566 50.6293
375 65.5897 25.8347 70.9014
376 35.8323 6.51847 69.4795
377 37.548 5.92119 60.1464
378 47.5849 -0.0173741 86.9514
379 44.4735 27.1117 68.9223
380 37.8699 14.7354 91.1498
381 58.906 0.131199 73.1338
382 38.5018 23.6869 76.5025
383 53.4876 6.73157 81.8456
384 30.2952 0.109738 78.5615
385 43.1067 -0.0210093 85.8307
386 21.844 -0.0172459 68.8297
387 56.6262 -1.11764 101.936
388 41.4047 -0.479601 89.6374
389 38.6251 23.3943 86.0287
390 45.5683 21.552 96.4026
391 50.4015 23.685 99.0927
392 43.5258 18.2323 99.1009
393 53.4005 15.7642 115.608
394 27.0177 12.6089 115.442
395 45.3099 25.1143 106.447
396 53.4307 26.2763 100.848
397 33.9009 1.76827 115.982
398 46.5502 2.11502 116.376
399 47.3375 11.6466 96.2811
400 56.4495 10.4846 115.538
401 46.1615 23.3243 111.439
402 34.03 29.8146 -0.164418
403 31.8599 42.8591 13.5065
404 32.7409 45.7986 -0.0988938
405 54.5516 35.8954 0.244355
406 55.7625 40.1094 -0.00656167
407 37.618 31.3077 16.4739
408 31.6163 41.4667 4.0327
409 46.5863 32.9978 14.164
410 32.4538 31.9843 -0.161226
411 59.6478 50.7989 0.126604
412 43.7229 47.904 4.7316
413 40.7767 48.2258 6.01331
414 42.3293 44.3088 20.6649
415 30.088 42.6681 28.0273
416 56.6707 50.2242 31.5744
417 38.953 56.4439 20.2592
418 39.769 41.9515 21.3267
419 41.6575 28.2864 13.6547
420 33.2225 60.1737 15.3473
421 41.228 20.4625 26.4706
422 29.3596 38.0493 32.0191
423 44.7176 20.4043 31.1561
424 49.1899 45.3804 37.3489
425 29.0477 38.363 24.3579
426 45.6995 39.0338 38.8061
427 64.4851 11.1641 40.5666
428 27.5475 37.2728 14.7596
429 48.39 27.4525 33.6945
430 39.3676 37.0567 37.8162
431 51.7759 27.1437 39.7462
432 26.4322 44.1528 33.0125
433 52.556 25.1108 32.967
434 33.2839 30.1443 59.9208
435 38.2972 23.3076 42.99
436 40.4883 31.7208 60.2224
437 31.5203 40.6632 49.5312
438 56.4436 36.4062 64.4753
439 40.6064 31.9918 63.2415
440 53.181 56.9871 46.6446
441 39.5352 28.7133 61.1565
442 50.5353 18.5344 64.1244
443 33.6232 43.6141 65.7287
444 31.6738 28.4303 71.5671
445 31.2743 28.9399 78.4839
446 29.9346 21.6109 63.2805
447 47.6331 40.9896 59.9978
448 38.5703 20.7505 85.2903
449 41.7369 38.0679 71.9157
450 45.4237 29.9414 65.1039
451 39.7237 40.2812 62.846
452 31.6906 49.5776 74.1172
453 52.7904 33.8148 63.4074
454 27.3806 36.0552 68.3901
455 48.4075 29.0716 61.5543
456 23.7455 54.4823 83.2509
457 43.4339 41.3393 95.0427
458 30.6551 35.2868 70.5151
459 31.7216 50.0144 76.5774
460 50.024 53.4382 76.8518
461 52.9691 45.8044 78.1112
462 67.6287 31.2784 79.4373
463 54.5023 46.4973 79.59
464 65.0394 35.8785 79.4263
465 32.1568 41.1789 76.6206
466 49.1436 24.9466 91.0261
467 35.2988 24.0947 107.08
468 58.4425 37.1528 83.536
469 43.996 35.9807 96.9128
470 22.2695 49.3385 100.896
471 63.7662 34.2855 112.115
472 43.3049 31.3859 106.922
473 45.2828 39.2171 103.78
474 29.5254 26.5536 115.692
475 45.4503 26.5418 115.606
476 42.0462 35.2457 115.844
477 45.2435 39.0919 101.383
478 48.3501 31.2289 115.558
479 38.0184 56.1509 115.91
480 34.5544 63.2104 -0.199421
481 40.0098 59.3522 16.7744
482 56.3097 67.1636 3.11714
483 45.6879 44.2061 17.1559
484 23.4057 58.2861 21.9927
485 25.0982 39.054 18.0437
486 41.8461 72.2756 19.8363
487 36.2309 64.6414 14.426
488 65.1117 54.7736 30.6478
489 44.0451 59.3466 24.6274
490 42.3827 58.586 20.9353
491 31.5221 69.7754 26.3424
492 45.887 50.7489 42.9716
493 39.9147 48.3828 44.4249
494 61.5156 57.851 29.7549
495 39.3835 64.6898 20.3483
496 53.6255 55.7462 41.6807
497 36.334 66.2102 54.8917
498 48.4873 62.1989 46.0942
499 41.8697 66.2781 49.1403
500 54.9022 44.7175 56.4469
501 25.5443 52.6432 48.9892
502 43.6235 64.2126 45.7024
503 54.1043 51.9233 64.3965
504 28.7621 64.6028 49.6437
505 49.7807 59.1248 59.6476
506 59.7648 62.2947 54.6104
507 57.2831 82.5158 75.9513
508 39.6906 48.4882 69.4818
509 37.205 62.6701 51.4915
510 35.703 48.3235 69.5572
511 35.3381 51.996 59.4924
512 47.7616 60.2911 53.4864
513 18.0476 60.5611 58.9593
514 48.8934 64.0598 87.0392
515 35.0036 49.4365 81.1113
516 50.7252 63.0125 85.7613
517 39.6034 73.4292 91.8576
518 33.5669 64.2414 86.0172
519 45.4804 54.9401 70.3454
520 39.6466 56.7917 68.7281
521 35.7073 50.6807 97.8316
522 41.3699 63.5224 66.7462
523 59.6369 81.8616 73.3895
524 41.4433 52.0516 82.3586
525 55.7395 56.5833 84.1189
526 39.4062 54.7649 107.904
527 39.7381 58.0396 100.23
528 42.826 49.1983 78.0221
529 26.9473 55.8347 84.7926
530 37.461 59.7822 94.1758
531 27.1789 64.7329 115.885
532 29.2889 65.0077 105.462
533 63.1649 48.9529 95.3187
534 39.21 54.1712 110.454
535 41.5483 61.4577 113.222
536 62.1853 61.1855 110.442
537 37.8894 71.6385 -0.042079
538 47.1272 84.5133 0.042764
539 28.0859 71.3385 19.318
540 51.1236 63.4077 -0.150653
541 42.6521 95.9386 14.0857
542 28.3144 80.9425 -0.14117
543 31.5131 71.6399 -0.356557
544 42.2392 83.7405 37.2202
545 33.8289 92.824 27.6312
546 59.7484 95.0602 36.4882
547 47.3207 87.018 13.8208
548 27.8441 78.8702 19.5781
549 50.1133 76.861 21.9351
550 47.939 81.1817 7.9807
551 55.9551 93.2855 32.4414
552 37.7278 67.4248 15.7493
553 42.7357 72.4258 46.0092
554 55.4489 90.7462 24.3706
555 57.8688 71.907 50.5072
556 29.0874 70.8729 25.9359
557 34.4108 95.792 34.3977
558 55.187 72.8897 28.8428
559 47.635 83.938 26.5473
560 26.1369 79.6729 43.9969
561 53.3937 80.1317 42.2256
562 51.8821 68.8104 32.494
563 46.1159 82.2379 32.1452
564 37.4862 55.8952 26.4997
565 34.1642 65.774 41.3141
566 35.1054 90.4958 42.1348
567 51.1557 91.0927 50.4659
568 39.5678 90.2293 54.6659
569 41.4749 75.2049 58.2626
570 50.6654 77.1137 52.6923
571 27.6753 72.0121 39.9458
572 41.4953 68.7853 47.7107
573 44.7784 68.8947 61.1912
574 56.9908 55.0074 40.7691
575 35.3005 67.5004 48.995
576 35.478 69.7732 46.8644
577 32.1527 87.1178 54.7662
578 27.7526 64.5974 40.1008
579 43.2963 67.0827 66.7102
580 70.0433 76.5875 60.1597
581 35.4706 74.7806 70.8069
582 38.7317 88.8198 82.4079
583 44.2103 73.746 55.6431
584 23.3541 97.2068 72.4584
585 40.8743 78.2854 74.8697
586 37.8708 95.4507 71.5038
587 43.018 93.6189 81.6262
588 25.5183 83.6903 89.9431
589 31.3498 82.1802 87.9395
590 48.9596 61.4975 90.9011
591 55.79 68.8864 77.5094
592 35.7084 78.9967 75.0782
593 62.198 90.8853 90.484
594 29.3094 81.086 86.3995
595 25.5704 79.7857 89.6731
596 57.945 76.3537 84.933
597 32.9077 76.0169 101.972
598 41.3792 59.6481 99.2108
599 47.8336 77.5533 89.2814
600 45.3384 89.3432 93.359
601 58.1781 84.3231 98.5519
602 55.0902 72.5842 92.0374
603 57.5084 92.5153 98.6972
604 51.8262 73.3418 97.3538
605 25.9744 79.6443 94.3316
606 54.4177 93.3089 99.1386
607 33.7737 70.4149 86.2046
608 42.9257 67.72 102.015
609 30.0684 88.9557 100.263
610 47.3792 85.7023 110.653
611 59.2395 75.7071 115.706
612 49.6593 83.702 115.457
613 27.9053 68.6232 106.065
614 43.4249 88.2475 111.431
615 50.2535 77.3197 115.931
616 38.1898 104.853 -0.412854
617 44.7958 113.237 1.19716
618 57.1233 113.418 1.28345
619 28.79 111.037 8.21578
620 52.1067 113.622 2.62303
621 37.7451 109.079 11.0752
622 54.8763 105.144 19.9181
623 34.953 98.1784 12.3166
624 49.0764 90.05 13.4214
625 39.0977 112.498 0.140791
626 47.5156 103.174 19.3639
627 35.7949 113.695 20.4291
628 34.8239 102.934 14.0692
629 43.4676 99.9009 22.7421
630 45.13 105.962 21.3427
631 26.1783 98.0762 17.3537
632 28.8879 108.592 35.2895
633 32.2148 113.399 26.1927
634 45.2804 88.5602 30.4774
635 43.6907 102.839 27.9979
636 55.8488 113.713 43.1132
637 33.7644 88.9961 42.584
638 55.5424 113.806 38.1911
639 35.4734 99.8114 37.9381
640 59.9923 102.052 58.6362
641 48.1218 101.03 44.8587
642 62.3548 105.255 55.7944
643 33.2967 113.499 45.0947
644 40.8195 91.8338 51.499
645 48.6901 113.647 42.1009
646 47.8124 113.574 40.2255
647 52.009 89.3206 45.4244
648 29.6171 113.44 50.3529
649 25.5765 113.787 68.0182
650 49.5955 113.573 70.6862
651 25.5478 113.482 58.2434
652 51.5082 104.085 67.3108
653 49.5299 113.789 63.4582
654 27.9701 108.324 70.1371
655 31.5423 113.473 60.9909
656 64.9894 106.418 67.5516
657 24.0056 83.3238 76.6473
658 41.8835 98.1626 90.8189
659 40.5544 99.5058 67.3414
660 17.5046 93.1122 83.0469
661 42.3535 100.423 94.1795
662 33.6916 113.93 75.6553
663 40.6688 113.485 76.595
664 44.2873 113.401 89.482
665 35.4419 107.796 89.8258
666 47.8396 113.376 78.2639
667 31.3135 94.0396 76.9216
668 46.8151 97.6922 95.3909
669 36.9862 101.071 72.5189
670 55.5824 84.3603 71.3707
671 31.6027 105.301 76.7012
672 36.4297 99.3198 87.4898
673 53.3989 113.63 83.6592
674 37.6304 93.1051 108.259
675 39.6558 113.517 103.53
676 55.8292 105.659 89.3433
677 30.9502 113.881 96.0703
678 57.276 113.566 89.4393
679 37.1002 113.558 110.876
680 45.0847 92.7676 115.732
681 52.6519 94.7111 100.951
682 47.5335 112.586 116.227
683 37.411 93.1988 115.528
684 48.9872 113.259 112.01
685 33.4278 113.895 101.241
686 25.2489 113.659 101.287
687 35.5206 113.477 113.39
688 51.6777 103.305 113.27
689 53.1787 99.7448 115.945
690 53.4034 113.514 105.95
691 66.2615 9.02618 -0.0184502
692 62.6718 14.6087 0.246266
693 82.985 5.06469 9.15934
694 78.0561 20.8802 13.9276
695 64.9998 18.1188 -0.234678
696 57.47 24.9741 17.9042
697 79.8889 -0.210034 14.0317
698 46.2545 9.24655 22.9145
699 50.4301 23.4172 13.1222
700 65.5025 -0.712576 26.5701
701 80.0135 15.4659 27.9169
702 76.2429 -0.182253 21.2241
703 59.7177 20.8374 24.2212
704 74.8539 9.67064 23.2791
705 66.8111 5.16936 14.4415
706 70.2797 7.32468 45.2476
707 67.112 0.223764 43.0939
708 86.0532 18.9289 43.3898
709 78.1412 24.1731 39.125
710 63.5817 19.3586 40.11
711 58.1864 -0.0695533 31.3171
712 56.0167 22.0073 43.7456
713 60.9535 5.93064 38.6384
714 80.0243 16.9033 29.6003
715 60.0311 11.2262 40.7704
716 52.9533 22.4833 59.5176
717 67.1951 11.6778 46.5826
718 96.4161 12.5601 53.1613
719 63.6157 12.3826 60.0095
720 82.7817 21.0588 62.6116
721 80.0765 -0.50767 74.4681
722 70.904 9.51576 61.3711
723 70.8586 0.332514 60.5545
724 57.7906 -0.272127 69.1632
725 72.7755 12.9079 65.9776
726 63.204 19.3372 52.3295
727 75.6126 -0.218905 74.0659
728 55.609 25.2596 83.8963
729 73.8531 15.2655 81.0093
730 71.8957 38.2191 85.1599
731 66.2065 7.05834 85.0272
732 85.9434 -0.137097 96.8651
733 85.4964 8.49929 115.885
734 87.9739 10.5979 96.9749
735 70.8301 7.08164 115.733
736 85.2452 24.7892 116.03
737 64.7447 19.985 96.762
738 60.4211 3.68933 108.39
739 81.9017 8.49605 106.11
740 73.6604 23.0371 115.913
741 67.3089 19.8248 115.662
742 67.7283 12.168 113.259
743 84.9373 12.4078 116.223
744 59.507 -0.524069 104.593
745 81.8904 12.8764 115.829
746 61.8445 -0.624321 102.217
747 61.4689 15.8422 115.723
748 72.9437 31.9774 0.0537296
749 80.5817 47.2713 0.162895
750 81.7552 40.7153 0.108477
751 82.1777 34.9981 18.8892
752 70.3015 37.0881 -0.0924752
753 61.7281 26.8132 -0.157155
754 87.0409 44.6384 31.2587
755 68.2549 45.3558 24.5176
756 63.7619 40.1451 17.3174
757 52.4478 34.44 28.652
758 66.9745 16.6177 10.8861
759 73.9734 26.6977 37.3585
760 63.9057 30.6165 26.9377
761 71.7039 46.6693 36.2564
762 60.3207 8.25302 43.9246
763 68.3012 3.47328 62.7046
764 83.3727 26.3486 57.6031
765 60.1995 47.6632 55.4478
766 71.2001 35.5153 45.489
767 73.979 23.5856 54.9958
768 73.6922 26.3086 55.5843
769 96.3814 55.6203 56.9859
770 80.0817 37.7229 39.7956
771 80.2898 26.635 68.2584
772 92.0838 39.4349 48.3377
773 77.8655 25.9654 75.678
774 66.7304 46.7504 67.0543
775 70.7852 44.616 53.7003
776 77.7984 33.616 63.1435
777 80.7109 31.9494 65.8763
778 82.5169 35.3909 78.3563
779 84.0021 25.8362 73.4164
780 65.8018 31.6743 51.7961
781 67.8851 30.5422 77.5483
782 71.8746 35.9853 71.5415
783 67.9108 43.062 76.3704
784 71.7486 30.384 80.5702
785 69.5338 40.4229 85.8422
786 78.1128 36.9673 80.9569
787 71.8719 32.4596 73.6441
788 59.8108 62.0333 74.6245
789 55.1506 46.474 76.5839
790 64.0945 27.3576 79.3579
791 82.3441 44.7885 89.3859
792 39.3201 42.6324 83.7048
793 67.4068 28.4774 78.4986
794 61.1558 10.8718 98.6572
795 52.7753 31.7877 80.5219
796 59.894 49.8345 91.7722
797 80.0276 15.884 95.5173
798 73.4346 42.9345 101.828
799 57.565 44.022 95.6768
800 72.0481 55.1335 107.112
801 76.395 19.7067 101.288
802 69.317 25.3019 96.2229
803 60.5517 41.0771 99.19
804 57.3958 43.9654 115.782
805 67.2702 26.4694 115.535
806 61.553 23.0834 105.596
807 67.5571 24.9013 109.288
808 61.517 39.1837 104.059
809 88.618 38.3357 115.722
810 84.8747 47.4462 0.217272
811 81.0453 74.1786 0.180598
812 56.0071 54.3062 -0.0916543
813 58.5082 56.1874 7.54822
814 58.042 53.3894 5.75854
815 63.5712 54.3217 7.17773
816 57.8107 55.3779 3.91423
817 92.4632 71.6137 7.61029
818 69.327 57.5024 14.4054
819 72.652 62.1728 13.598
820 88.6532 47.6548 7.99398
821 63.467 53.6673 16.2201
822 59.4248 63.1398 7.29403
823 53.0184 52.4907 19.7054
824 71.5282 79.9337 18.9679
825 63.7358 67.2586 23.3815
826 71.7634 67.4692 20.9554
827 57.6706 55.4766 18.7522
828 90.0816 56.5546 20.9746
829 87.5575 79.1939 20.9747
830 78.4497 69.8943 29.7942
831 79.395 65.1882 41.0007
832 57.5935 74.4582 40.7589
833 83.1614 49.3967 53.0585
834 55.9348 59.4601 36.875
835 63.4267 63.37 30.5279
836 83.4235 60.4163 39.1337
837 77.9211 65.1322 35.2156
838 80.0642 66.165 37.0896
839 88.837 64.0708 66.832
840 61.5556 52.7489 71.5253
841 79.5469 74.2722 41.48
842 65.3164 56.7928 74.1735
843 76.05 50.5809 60.3979
844 80.0323 51.7677 67.5848
845 82.5254 62.8796 65.1423
846 86.6967 44.3964 61.0754
847 63.6637 57.6918 55.6226
848 79.852 66.9903 66.6517
849 64.7047 61.8025 81.1148
850 69.7256 46.7235 73.4405
851 77.5745 50.5462 88.2227
852 63.9606 51.9005 85.1399
853 81.6788 62.0952 75.1516
854 53.6915 41.3538 59.8188
855 89.9408 57.2552 78.6254
856 75.6963 63.5565 86.4039
857 67.9744 49.2983 69.2103
858 77.8336 73.5321 92.1828
859 62.3316 65.1874 96.131
860 63.8827 69.3448 92.2974
861 67.9854 43.7113 105.464
862 65.6541 59.2698 97.5963
863 76.8424 40.7111 88.7645
864 69.9392 47.022 87.9935
865 76.3625 50.224 94.8976
866 74.2638 30.1717 70.932
867 65.0539 68.6316 106.315
868 82.8328 53.9076 110.02
869 75.61 48.9272 104.608
870 90.7925 27.8562 115.8
871 63.5528 65.1917 115.78
872 72.8 66.4215 115.838
873 88.2732 62.2674 104.508
874 81.8879 54.1916 116.041
875 82.6838 55.9405 115.87
876 94.1617 78.6202 0.319622
877 60.4465 73.9715 0.250643
878 80.403 82.6804 -0.11835
879 71.9886 82.2152 0.0558797
880 69.4303 85.78 12.1597
881 61.877 78.3886 -0.197132
882 59.7418 71.3135 0.136115
883 70.0796 74.9404 10.5527
884 62.9456 70.4054 0.117674
885 66.5547 89.1607 7.13041
886 74.9873 82.1006 39.865
887 64.4477 73.4585 17.2479
888 77.3607 76.0099 23.6332
889 66.0634 76.0154 22.1483
890 70.5459 67.9774 34.621
891 57.7535 103.037 25.4698
892 80.524 82.8268 43.393
893 65.9204 67.8325 28.0174
894 96.1383 85.0299 33.5016
895 62.7267 49.3827 48.1199
896 80.0142 80.3095 26.5812
897 81.9609 77.2766 41.3561
898 84.113 94.5915 14.0436
899 89.9637 73.3908 46.7799
900 79.8306 92.1227 45.7678
901 67.9975 95.5473 35.7193
902 72.7311 92.0581 61.9738
903 69.1243 94.8042 53.0964
904 72.7605 90.2589 46.4843
905 74.3643 74.3871 56.6001
906 64.1731 95.0494 40.6863
907 93.7344 70.6372 51.5435
908 71.8242 75.0424 63.2825
909 59.7625 93.0426 60.1247
910 72.5923 82.9532 51.4677
911 87.9126 71.6529 75.8784
912 77.8337 70.1541 74.0692
913 69.7788 86.1005 62.8131
914 60.736 91.7666 49.1016
915 78.3205 71.9283 50.7983
916 77.4001 64.6066 69.9877
917 55.5543 71.8959 68.0468
918 58.5596 72.2983 81.2516
919 73.4444 70.953 69.2882
920 76.7876 73.5169 75.6273
921 89.9684 77.6595 71.4451
922 71.749 82.5694 75.2799
923 69.6919 77.5798 84.1457
924 64.6429 77.7977 89.3789
925 49.2334 89.4512 95.9295
926 59.3116 76.9187 77.4883
927 85.6639 88.1649 86.4591
928 63.2302 91.4337 98.6959
929 69.5924 75.5281 95.5026
930 59.7239 89.7735 115.835
931 78.027 68.2223 115.754
932 79.1541 70.3829 101.036
933 79.1471 90.9029 102.95
934 66.9002 76.592 115.578
935 60.6179 101.579 105.707
936 62.79 77.061 103.337
937 69.5526 89.5104 110.863
938 86.163 93.8052 22.0157
939 57.3944 99.6766 9.46944
940 61.2111 96.6943 5.5134
941 78.6341 85.6579 0.0676325
942 75.7995 106.245 30.675
943 79.8765 113.594 20.4426
944 79.745 113.813 33.2011
945 59.9431 108.942 38.723
946 52.6333 113.348 11.1523
947 61.124 113.446 18.9337
948 65.7917 102.793 33.0414
949 66.5466 98.229 27.7529
950 68.1559 109.213 30.7896
951 60.1262 113.726 37.2168
952 61.479 109.004 50.8198
953 76.978 92.5434 22.1575
954 103.865 104.138 25.0335
955 60.0149 98.9802 51.0261
956 80.5896 97.0243 46.5214
957 96.2669 103.49 53.1579
958 60.8373 113.508 51.7055
959 72.3165 94.2119 45.0803
960 63.5584 92.942 50.6751
961 68.3905 113.607 69.937
962 69.4496 104.442 69.5704
963 59.7747 113.773 40.7351
964 69.0648 80.8958 37.9875
965 86.6963 102.396 54.492
966 73.4522 99.6057 60.237
967 63.9478 98.8368 38.6239
968 96.0461 86.1867 47.694
969 72.8096 94.573 65.5416
970 83.9012 85.3943 70.7693
971 60.2316 113.369 65.7334
972 81.6492 99.4714 67.7863
973 88.7263 83.2828 74.2238
974 76.1004 113.722 65.7876
975 55.8127 93.2884 67.595
976 59.9182 105.611 79.1188
977 77.8684 101.888 68.9051
978 71.8879 100.156 90.3541
979 65.7913 98.3598 66.4015
980 83.7412 84.2526 96.8917
981 89.1071 113.127 87.2111
982 63.9973 113.611 80.8773
983 72.1471 113.498 73.4455
984 59.9043 98.6503 89.2742
985 81.817 113.827 78.5764
986 81.6628 113.469 101.526
987 73.6383 88.8159 106.146
988 61.3539 102.011 88.5623
989 84.4074 87.7894 96.1188
990 58.2291 92.9373 90.9711
991 91.9783 113.515 73.6773
992 76.2831 101.902 98.8136
993 68.5486 103.893 101.626
994 58.6235 95.5269 99.6774
995 75.8402 103.221 82.9938
996 49.608 112.058 89.5502
997 59.5297 113.561 98.523
998 76.3992 93.0211 115.997
999 59.7612 113.74 108.667
1000 93.6701 103.566 115.94
1001 64.83 101.195 115.955
1002 88.5654 94.1818 115.67
1003 66.9707 97.5478 115.767
1004 80.5583 113.442 107.277
1005 62.4476 100.557 99.2091
1006 71.7549 95.0987 104.315
1007 69.6462 100.417 110.289
1008 114.338 20.1958 6.38442
1009 101.551 17.9018 2.77163
1010 89.9449 21.0481 11.1772
1011 107.032 0.146039 2.7454
1012 96.0361 0.244204 0.866397
1013 100.179 16.8545 11.7292
1014 93.7958 20.5184 13.6006
1015 104.557 14.9695 21.0902
1016 102.169 19.4059 12.585
1017 100.171 -0.00680267 21.4189
1018 89.9349 14.039 18.6924
1019 102.614 15.9221 12.6738
1020 95.2969 5.01863 16.8271
1021 88.5683 18.0765 12.9766
1022 93.9507 20.343 26.9074
1023 94.2318 -0.114493 36.4681
1024 113.894 5.76393 33.2392
1025 101.77 27.3555 31.566
1026 90.1906 27.0778 32.2066
1027 107.233 14.6122 38.0571
1028 94.0938 22.1126 35.9824
1029 109.765 10.0446 42.1622
1030 108.567 12.8871 40.6298
1031 87.7622 -0.134966 46.9675
1032 113.879 3.48756 57.3886
1033 103.678 16.899 53.7474
1034 113.814 18.1081 35.811
1035 93.9935 -0.11083 41.5878
1036 114.08 26.4939 48.2619
1037 87.5594 0.052218 44.0039
1038 96.5504 32.2082 60.8525
1039 90.1609 -0.151931 79.4511
1040 113.916 27.6135 69.1687
1041 113.637 1.75693 64.8066
1042 105.897 0.0942322 66.6947
1043 87.8053 0.105284 61.6916
1044 102.976 -0.0897476 62.7765
1045 90.5141 21.0348 65.013
1046 93.9758 0.0240072 79.4282
1047 79.6672 8.82307 93.186
1048 99.895 11.8538 98.4642
1049 106.589 0.130523 80.8543
1050 97.952 -0.227037 82.1175
1051 114.02 20.0406 83.9263
1052 112.06 29.5282 71.0
1053 114.031 12.9973 93.9154
1054 113.236 1.61683 89.7945
1055 107.948 12.7183 75.3988
1056 86.1717 17.3189 86.8599
1057 113.739 6.3612 81.8189
1058 92.883 15.2635 97.2126
1059 98.1707 -0.443526 101.93
1060 101.915 21.8619 81.647
1061 113.92 1.29316 84.1735
1062 83.7641 -0.247915 84.84
1063 103.096 30.6765 84.1233
1064 87.762 5.08206 115.835
1065 110.959 0.170989 80.9382
1066 98.4964 0.227273 105.837
1067 113.855 5.76062 110.914
1068 112.343 4.62946 116.251
1069 101.95 8.16826 103.571
1070 93.2906 38.7575 0.0470041
1071 78.5186 29.3961 0.160617
1072 95.8632 16.3081 10.3533
1073 98.231 50.2812 15.5066
1074 93.32 46.0535 0.264479
1075 98.4947 47.0344 2.78026
1076 101.842 39.1165 0.138192
1077 98.2693 43.8391 4.96063
1078 114.359 36.4693 7.41989
1079 85.3479 36.2028 23.8443
1080 87.4871 30.785 31.5419
1081 114.679 43.2138 18.5951
1082 69.6905 35.3575 51.2592
1083 114.155 38.8171 40.8
1084 92.4341 27.725 21.4378
1085 85.399 56.9023 29.1153
1086 80.232 27.7414 39.0093
1087 114.17 43.5338 25.0734
1088 94.9606 44.5936 36.2746
1089 102.004 26.4725 35.466
1090 89.8357 29.8436 32.4127
1091 82.0152 26.207 37.6648
1092 108.051 38.0116 59.9817
1093 97.5979 41.4243 49.327
1094 102.682 28.4172 60.9008
1095 107.801 42.4987 46.0154
1096 97.541 39.3357 53.4243
1097 114.044 19.8533 45.8553
1098 104.414 33.6878 50.6681
1099 111.059 55.828 40.1919
1100 81.8025 27.7236 54.7031
1101 114.123 20.2576 41.5443
1102 106.161 37.5399 55.1572
1103 110.082 40.2076 55.8863
1104 94.6382 54.2916 70.0749
1105 84.6306 20.0639 65.982
1106 103.76 32.3209 76.7089
1107 94.4883 37.2756 68.3117
1108 114.26 31.7169 65.392
1109 113.989 39.1688 60.9347
1110 114.223 39.0318 71.1843
1111 101.874 33.9996 57.9021
1112 88.554 24.2646 57.5267
1113 108.122 31.8296 53.9031
1114 94.3872 30.7969 82.1394
1115 108.163 24.7046 81.9671
1116 113.922 41.5401 84.6216
1117 97.917 33.1609 80.8705
1118 106.0 41.2407 75.119
1119 90.447 27.6941 82.7058
1120 83.6688 40.4995 92.9511
1121 94.7748 25.6083 79.5669
1122 92.2007 34.7054 84.4243
1123 104.18 44.924 90.139
1124 87.3981 21.7617 93.6616
1125 114.299 47.3996 103.975
1126 110.327 40.5387 85.578
1127 89.7496 30.1628 105.317
1128 97.8974 28.5258 101.574
1129 100.697 41.1855 99.4009
1130 108.079 23.2006 115.64
1131 108.598 31.535 115.52
1132 114.158 36.0072 107.029
1133 114.025 39.1185 108.749
1134 102.19 33.3906 115.784
1135 102.073 35.6733 109.085
1136 85.0119 45.4132 105.626
1137 109.266 64.3622 7.14487
1138 114.48 52.0715 4.86002
1139 96.1447 50.2044 0.462577
1140 114.466 47.8241 18.2114
1141 114.108 66.3557 27.6792
1142 114.369 77.1677 36.7987
1143 98.9401 60.634 21.6672
1144 87.0878 60.6472 16.5567
1145 92.2942 53.5418 15.5378
1146 114.127 49.8162 23.9645
1147 114.15 64.4021 22.5878
1148 94.3694 57.8121 15.4679
1149 95.4273 70.4731 0.427805
1150 94.6181 61.0869 37.2737
1151 114.273 61.295 20.6724
1152 104.522 61.3575 35.745
1153 96.9199 43.1854 34.3673
1154 85.8413 63.2372 36.5107
1155 99.2423 58.0604 35.8752
1156 96.7848 66.0878 39.9892
1157 114.002 47.9211 38.1314
1158 114.165 68.5369 48.0576
1159 89.9678 54.7219 39.9807
1160 114.075 68.3867 66.2695
1161 114.022 53.0787 58.4062
1162 93.9399 58.0356 60.5921
1163 89.9606 49.6715 63.9338
1164 98.3241 63.7431 50.9681
1165 113.947 59.0898 50.3817
1166 87.8673 63.9586 40.8141
1167 113.802 62.3457 54.3084
1168 82.3743 70.5427 53.2887
1169 99.7049 60.348 46.3846
1170 113.977 61.4888 58.4357
1171 100.056 51.9262 70.0378
1172 113.957 51.7439 52.563
1173 96.9005 62.1566 49.0508
1174 104.65 67.0884 68.6156
1175 88.1477 66.9455 68.5618
1176 104.637 76.4034 59.3663
1177 114.164 71.4066 78.0155
1178 101.927 70.8564 66.7578
1179 91.6849 44.0375 55.623
1180 93.4645 43.2921 56.8044
1181 113.9 52.0603 75.328
1182 113.805 48.5646 79.4431
1183 113.921 43.6632 75.166
1184 92.1099 64.8853 77.9584
1185 95.8354 51.898 89.7894
1186 105.703 52.0802 72.6749
1187 114.13 64.8079 85.402
1188 114.174 56.901 97.0872
1189 114.126 52.7799 95.9599
1190 99.2398 53.657 87.1311
1191 112.25 70.7315 84.1899
1192 99.6183 56.3741 91.269
1193 91.8089 52.732 89.3363
1194 91.5785 50.9543 90.8533
1195 114.104 36.9901 85.2563
1196 90.3253 60.5543 99.3232
1197 94.892 58.2446 101.256
1198 102.012 58.4522 100.576
1199 100.628 62.1818 91.9167
1200 86.6701 51.3877 101.432
1201 95.8222 66.3695 107.249
1202 96.087 51.1269 115.957
1203 109.002 59.4161 115.828
1204 110.464 68.2948 103.237
1205 101.788 50.2463 106.279
1206 112.677 65.339 115.678
1207 91.2098 91.1934 0.215561
1208 82.3332 78.6405 0.141141
1209 91.6164 90.7472 9.77017
1210 114.386 80.6026 12.729
1211 84.4834 91.9641 18.8767
1212 110.027 91.919 6.7646
1213 94.1115 74.925 0.310438
1214 85.6813 71.1119 11.3588
1215 92.3769 82.086 0.0956782
1216 98.1431 96.1401 0.380165
1217 114.374 92.4278 12.5897
1218 113.956 68.4573 23.3369
1219 86.2923 65.7463 14.3797
1220 97.9691 76.4106 19.1111
1221 109.078 87.8308 18.0785
1222 114.141 80.5966 25.7835
1223 83.2566 93.7956 23.8902
1224 82.0922 92.382 12.9657
1225 104.135 78.5739 25.66
1226 102.253 77.0358 26.6733
1227 114.334 99.0066 38.9185
1228 101.024 66.5606 53.0203
1229 83.5942 77.3684 51.0925
1230 91.7034 88.884 45.0403
1231 78.01 61.9794 37.4264
1232 113.883 82.3772 38.4146
1233 91.2656 98.27 43.3227
1234 95.0872 76.743 45.0155
1235 100.149 77.1272 49.3992
1236 88.4925 94.1726 60.1246
1237 88.3369 68.465 45.6434
1238 114.078 83.2891 52.1214
1239 93.8276 75.8393 42.1784
1240 93.5294 94.9311 61.1661
1241 106.548 76.9574 65.0633
1242 98.0113 66.5619 69.5256
1243 103.702 83.7832 62.6502
1244 99.41 69.6507 60.216
1245 113.838 89.864 67.1802
1246 113.766 68.7237 58.6229
1247 114.15 80.2474 72.5832
1248 107.274 79.8744 66.687
1249 113.959 83.5397 74.6041
1250 102.419 82.1166 67.9829
1251 100.451 71.8247 90.3485
1252 87.1595 74.4503 76.8387
1253 114.296 76.4131 82.0543
1254 80.3379 75.7311 68.8312
1255 104.155 66.2992 74.752
1256 114.087 62.4806 92.3633
1257 90.9999 74.8676 92.682
1258 114.177 76.0439 96.4437
1259 98.3064 75.4434 95.3456
1260 113.946 78.616 85.3857
1261 113.944 83.3196 92.0701
1262 94.2152 73.4873 99.6882
1263 105.85 70.8065 96.8824
1264 89.8623 90.7867 82.1802
1265 114.111 81.3002 96.2833
1266 108.62 74.0995 103.915
1267 87.7761 68.5093 115.795
1268 114.151 71.134 107.053
1269 91.7007 68.6308 115.701
1270 106.281 82.3636 115.982
1271 114.149 83.2992 107.187
1272 95.9595 79.3461 113.0
1273 84.383 85.0574 104.518
1274 114.076 92.4037 110.149
1275 90.2526 72.0222 103.573
1276 110.924 84.4205 103.501
1277 90.2022 82.7017 115.785
1278 81.193 73.397 115.833
1279 96.2696 78.6878 100.807
1280 104.45 65.859 115.689
1281 114.461 95.1223 23.2417
1282 101.039 113.351 19.0323
1283 108.774 113.588 13.0391
1284 114.436 92.3626 10.1365
1285 91.9479 106.593 15.4001
1286 112.239 92.5985 28.3091
1287 105.969 113.342 25.8616
1288 92.0358 111.16 37.6349
1289 114.094 103.42 30.9145
1290 99.9879 101.544 29.076
1291 102.313 97.9699 26.7035
1292 92.5277 113.625 35.6891
1293 114.277 90.0614 21.6619
1294 109.074 113.304 39.4123
1295 96.2527 113.539 35.8796
1296 91.9501 95.7424 28.1895
1297 88.1727 113.429 35.7673
1298 106.058 113.548 43.7216
1299 109.78 91.9126 44.3478
1300 114.135 96.5213 30.3904
1301 100.035 89.9174 37.3801
1302 75.7756 96.4519 35.0985
1303 114.119 111.053 52.0874
1304 114.389 85.5601 30.4367
1305 108.458 113.347 48.6502
1306 81.749 113.548 43.395
1307 101.276 87.7024 55.8163
1308 102.311 100.524 59.7278
1309 108.111 94.9523 59.1697
1310 95.7867 92.4203 61.059
1311 96.2266 81.8258 58.4049
1312 97.5332 85.3168 55.0726
1313 109.728 113.545 58.5945
1314 86.2764 114.18 68.4686
1315 113.929 94.8967 71.071
1316 91.2616 103.065 72.6258
1317 104.787 113.347 89.9617
1318 114.001 108.938 76.148
1319 101.243 105.989 72.2207
1320 93.7107 101.721 89.6166
1321 114.082 94.1101 80.4514
1322 103.819 89.7118 67.6953
1323 114.026 90.7891 79.8093
1324 101.713 113.552 83.8257
1325 76.7349 87.4985 88.3405
1326 114.149 92.0847 104.611
1327 93.8328 102.923 96.3391
1328 98.5425 86.8797 107.199
1329 113.989 92.6122 92.9688
1330 102.075 98.9719 99.0562
1331 76.5326 113.422 94.3685
1332 91.9135 113.792 91.1992
1333 97.9951 108.543 99.9722
1334 106.007 100.547 105.545
1335 97.9435 89.9053 100.626
1336 113.829 103.852 114.008
1337 114.356 97.443 104.959
1338 112.646 113.611 112.828
1339 92.9565 110.747 106.644
1340 113.958 104.559 107.369
1341 90.2096 100.069 96.2571
