0 11.2207 13.3835 -0.761166
1 2.78476 0.0561951 10.0132
2 -0.640337 36.2994 21.8914
3 18.548 -0.10044 9.72039
4 25.6662 -0.239793 1.10871
5 7.84911 12.7572 -0.281551
6 -0.511954 13.1346 10.8055
7 11.9084 8.89745 6.83291
8 11.1612 2.02142 -0.317316
9 -0.677519 15.5187 1.93727
10 -0.372294 15.6409 32.3064
11 21.52 14.155 16.0261
12 11.7315 9.76125 27.1358
13 10.6252 0.131217 25.6342
14 26.7522 0.0176013 22.5947
15 13.5421 14.6878 20.6617
16 -0.366958 20.1724 42.1222
17 27.4268 0.287665 36.897
18 -0.132387 10.9703 37.6253
19 17.4672 10.0668 16.554
20 17.8762 0.252059 49.7896
21 -0.206983 1.09108 39.1627
22 15.9998 6.6571 44.5053
23 11.5282 7.34138 36.6908
24 -0.57568 33.4285 33.3676
25 25.8168 -0.0497562 47.2647
26 15.4057 13.5791 45.1323
27 6.51624 14.3314 48.0889
28 29.335 36.692 50.5178
29 22.9409 24.0567 64.8265
30 -0.28306 15.1724 49.4574
31 14.9696 0.402753 56.7455
32 30.545 2.59995 35.8409
33 19.6064 10.8125 44.5914
34 -0.402206 10.8477 78.7975
35 21.2954 5.37073 76.7407
36 23.513 0.261127 77.8481
37 16.1368 15.3914 57.3742
38 9.74148 0.468243 62.2681
39 27.5758 0.0362998 54.4954
40 17.8406 0.113976 59.7594
41 13.421 22.5867 82.0593
42 17.7031 25.4991 87.9576
43 26.5878 0.303126 71.8107
44 6.4419 0.457829 69.064
45 13.8514 0.200759 73.6232
46 13.0178 6.63977 80.4933
47 -0.565637 6.82011 85.3809
48 17.652 22.8261 79.2993
49 29.727 20.5598 109.316
50 21.0835 4.39667 105.213
51 24.4578 10.9101 97.1417
52 17.4618 38.7473 90.8831
53 4.98849 -0.294676 98.2523
54 24.7159 8.49474 96.2115
55 18.7793 12.0527 101.489
56 18.6448 12.0636 86.0709
57 9.30291 23.1199 104.426
58 5.20431 -0.0552489 93.2247
59 15.0706 9.42254 89.7048
60 7.24797 4.19183 105.266
61 14.1409 0.270837 114.993
62 33.2342 16.1781 117.246
63 16.5898 9.19368 116.768
64 2.48555 0.147217 114.476
65 5.76311 5.11002 109.105
66 21.4677 44.7109 6.81062
67 22.1607 30.6911 16.0097
68 30.1706 39.4466 11.3251
69 -0.647554 45.592 12.0058
70 27.8999 22.6233 12.2931
71 6.94716 57.3189 -0.0408418
72 27.3126 37.1615 -0.0628974
73 8.37819 45.9074 0.0336879
74 23.2575 37.293 25.3295
75 -0.41761 21.7764 23.6386
76 9.51315 19.3274 22.4902
77 3.74897 29.5509 11.8325
78 -0.587965 28.688 49.4899
79 -0.760096 24.1638 6.68608
80 12.812 34.2303 39.1313
81 -0.278782 54.3198 23.0843
82 28.7635 45.4471 35.0941
83 9.60902 40.5251 43.2121
84 37.6221 30.9283 27.0109
85 -0.475142 42.8632 36.892
86 29.9566 43.6896 40.9126
87 15.8306 27.6725 44.589
88 17.707 50.7147 43.383
89 -0.34476 33.8643 58.8218
90 29.9425 34.6212 63.3184
91 25.899 28.0888 60.1862
92 7.59142 30.2103 61.0426
93 -0.290795 20.5519 28.9487
94 -0.254806 22.5908 55.3255
95 15.419 29.8154 71.8363
96 9.23258 54.6813 66.459
97 4.46794 40.6859 36.0224
98 5.72439 39.5154 51.4888
99 17.7688 27.5865 57.9999
100 15.7401 33.8141 66.2061
101 19.6494 28.2468 70.2791
102 -0.409555 32.2231 76.9765
103 21.2118 54.4721 61.5739
104 23.4259 36.2774 64.1684
105 -0.697377 43.2166 85.7517
106 18.6221 42.355 56.437
107 16.8174 20.7014 90.7314
108 30.0443 26.5105 68.3783
109 15.5459 19.2854 59.027
110 13.3702 35.615 85.3978
111 -0.474895 34.0976 81.8107
112 19.0778 31.257 88.4092
113 -0.411042 42.9419 93.1357
114 22.7128 26.0767 104.334
115 11.5187 22.8065 101.646
116 30.2695 41.9749 84.2708
117 15.4451 42.0836 93.413
118 15.5131 39.6691 79.7896
119 28.788 48.3457 103.482
120 20.0112 26.7619 105.18
121 9.01158 53.5421 92.3215
122 29.6724 50.847 89.8327
123 7.95025 48.3977 90.802
124 -0.388659 29.9712 88.6856
125 25.1523 36.8143 117.152
126 29.4076 40.6861 117.363
127 9.40669 41.6405 104.075
128 7.31816 34.6025 101.103
129 13.1248 44.6192 104.173
130 10.0657 34.6525 117.247
131 13.1285 43.8557 117.186
132 33.1902 27.4504 101.433
133 21.9312 40.0795 101.882
134 17.5267 69.4397 6.71225
135 2.1237 63.0464 -0.215717
136 33.8434 68.4127 2.05338
137 17.671 54.1151 12.1949
138 5.39631 59.5715 8.60608
139 -0.367515 82.7386 7.8549
140 19.1871 55.5946 11.9047
141 11.2811 62.2439 32.3456
142 -0.365616 57.7261 27.0456
143 15.2435 41.2963 19.7237
144 43.2667 56.4877 23.024
145 -0.409122 66.0075 29.648
146 27.6198 75.0062 12.6687
147 20.3796 64.6008 24.6622
148 6.38252 47.1574 42.8263
149 18.9459 53.6921 34.3089
150 23.6822 67.2597 41.3936
151 -0.65636 58.3192 52.9194
152 11.3978 56.9411 33.4165
153 23.4676 69.2015 40.0534
154 24.2262 53.1712 33.1286
155 4.00104 57.6833 42.7497
156 5.46631 38.6699 49.4714
157 6.11917 70.0234 27.7062
158 15.913 56.5823 33.984
159 -0.395513 49.8301 31.42
160 28.0718 52.121 55.6928
161 16.2553 62.2229 67.5226
162 18.2728 65.8278 44.3554
163 9.21366 50.8862 48.0075
164 29.4907 65.1051 48.0951
165 18.3341 55.9786 45.6393
166 14.7457 55.7831 55.7396
167 3.38155 50.8551 71.4519
168 17.4813 51.5838 76.1778
169 15.6439 49.0575 70.0669
170 24.8768 56.9914 72.7801
171 33.9944 46.2678 62.5485
172 17.1939 64.69 81.5097
173 17.1994 57.6235 87.1533
174 16.8334 59.8361 87.2667
175 -0.409308 66.8334 89.5645
176 10.9778 68.4457 86.5128
177 25.5434 61.6685 76.3583
178 31.6324 47.5297 76.6491
179 23.1992 57.8465 69.1494
180 -0.404328 45.5909 79.0821
181 6.90972 58.1029 89.8346
182 11.3008 59.675 95.7946
183 21.9393 47.2212 94.2901
184 15.5193 62.4159 98.5744
185 27.3585 60.8497 97.5729
186 4.93963 56.3343 110.864
187 19.15 66.0664 93.7705
188 -1.11187 62.0641 105.138
189 3.73388 66.7039 109.418
190 10.8141 44.8796 110.999
191 0.901979 67.8726 117.594
192 12.8728 58.4531 116.904
193 14.703 68.2593 117.368
194 -0.762248 59.9592 110.098
195 10.1367 56.0486 117.001
196 20.9769 50.591 109.856
197 33.4828 55.586 101.771
198 22.1307 62.7952 117.183
199 12.904 70.921 8.58058
200 6.98189 81.4322 8.47582
201 30.4775 93.229 7.96242
202 15.249 71.9787 7.5905
203 24.2387 75.9481 5.80439
204 18.288 84.3169 7.76951
205 2.74623 76.551 -0.804253
206 23.9571 80.0667 -0.731408
207 5.61289 71.9563 -0.0415502
208 16.1475 73.8451 -0.0643529
209 18.0114 76.6782 24.8372
210 27.7501 82.2104 22.6791
211 34.8117 97.553 32.6634
212 21.2219 88.028 20.597
213 31.3032 72.0361 20.2864
214 28.2899 81.0996 25.5877
215 17.504 62.4774 13.9892
216 1.62625 86.2282 -0.85174
217 19.0643 63.4551 20.3767
218 27.7972 81.4761 28.2382
219 -0.34599 82.7397 30.9638
220 -0.422598 70.8588 42.1039
221 27.7777 88.8045 41.088
222 21.7477 80.1424 44.5798
223 18.1193 77.0518 20.1647
224 24.8621 82.4963 25.7915
225 10.7207 93.4974 41.8264
226 17.1726 71.489 45.3563
227 16.1744 94.7203 46.1525
228 15.7863 55.7844 41.9938
229 -0.22104 82.9348 57.0789
230 27.9576 85.5307 43.0917
231 26.7986 69.9378 42.9008
232 -0.609245 92.0463 48.0667
233 9.85388 68.2838 48.054
234 17.263 76.3761 49.5222
235 20.6423 78.4536 45.2115
236 8.49116 62.1308 51.9407
237 20.3157 69.3254 49.5895
238 -0.1695 79.883 47.8103
239 -0.375084 69.0768 57.376
240 18.3983 79.0498 53.9938
241 22.0152 81.2507 65.0079
242 3.78356 52.7502 51.9157
243 17.045 68.6128 61.5385
244 19.6058 102.908 74.5314
245 -0.633081 74.2349 79.3554
246 33.2981 90.3332 47.0501
247 7.16766 86.8001 67.9637
248 27.7008 100.834 83.8367
249 19.6007 73.4112 44.3238
250 23.8671 72.0544 76.321
251 21.608 96.8932 66.018
252 27.8715 66.6874 82.2351
253 15.2434 94.3993 85.7072
254 9.56696 75.2896 73.6793
255 17.1138 78.7043 81.6683
256 26.2014 90.7367 68.6832
257 20.9362 77.7176 83.1257
258 27.2793 88.1315 97.9323
259 -0.741757 76.3069 83.0423
260 -0.327408 55.2371 77.9117
261 17.3075 91.5077 80.1968
262 -0.446178 82.8378 87.0763
263 7.77901 73.6897 99.5427
264 11.7418 75.6797 100.071
265 -0.902026 75.7724 94.5039
266 22.8168 74.2357 93.2163
267 -0.56703 70.6467 85.3783
268 29.2564 87.4099 95.7821
269 23.5141 79.7393 78.7289
270 17.9611 95.583 91.1878
271 5.97586 83.8266 117.046
272 16.8696 70.8914 108.463
273 2.56147 70.8448 117.835
274 -1.1909 82.7544 107.534
275 23.7826 69.1554 103.501
276 31.3694 81.8374 102.737
277 26.8785 91.4452 117.975
278 24.3304 113.238 1.30759
279 16.43 101.685 2.64588
280 9.90979 99.9673 -0.0113635
281 13.6462 99.9857 14.9318
282 17.604 113.702 10.2285
283 2.73323 97.6836 -0.601264
284 19.5164 85.242 23.0981
285 -0.456782 94.8169 15.4729
286 11.7442 113.507 17.5897
287 -0.314417 100.748 29.9597
288 3.53738 105.799 33.6669
289 -0.231827 107.733 47.7974
290 -0.434101 99.2318 4.25278
291 21.5653 113.465 22.9953
292 -0.351157 82.6975 17.8102
293 16.9971 99.5043 19.5684
294 21.5294 86.1853 19.7076
295 8.96158 113.098 21.4872
296 28.7892 113.247 21.4443
297 12.8112 113.022 26.7596
298 36.3849 113.082 39.3568
299 24.0456 99.8437 32.5923
300 28.1954 113.335 10.9573
301 2.27336 113.977 38.5523
302 5.38017 110.928 42.3663
303 3.55884 113.239 46.4897
304 15.7057 113.442 30.8071
305 14.8331 95.5146 29.3145
306 16.9928 113.202 36.6139
307 16.5195 96.4977 33.5176
308 28.5475 113.073 37.0747
309 27.3598 99.6421 41.0163
310 18.9797 99.6202 51.4163
311 12.2035 91.5535 41.8795
312 21.4574 113.13 43.7233
313 16.9815 113.273 35.008
314 15.0082 86.4841 62.5401
315 -0.752284 106.087 73.8307
316 1.07592 112.59 52.4358
317 -0.366373 110.371 69.4118
318 -0.519589 92.3611 58.2316
319 5.36141 113.117 54.0214
320 23.5259 107.42 70.9949
321 20.0818 113.185 90.8131
322 29.5389 113.354 74.2239
323 20.5095 113.204 75.2812
324 12.0548 96.9609 72.7245
325 2.84551 95.9504 78.6975
326 -0.405245 105.948 82.7505
327 4.49277 113.21 96.1435
328 22.1055 95.9631 89.1763
329 19.7671 113.734 112.658
330 38.8421 95.4327 96.2842
331 0.528835 112.735 88.3585
332 9.01054 113.528 94.8172
333 -0.78566 106.188 103.741
334 3.63779 107.81 96.6983
335 11.6541 113.761 97.4134
336 15.9709 113.393 98.4527
337 23.7111 113.454 79.4045
338 25.3669 113.534 112.695
339 24.7188 100.986 117.224
340 -0.859041 104.292 111.369
341 7.61021 92.1502 101.047
342 1.62481 114.248 107.628
343 39.6777 13.0126 9.44338
344 20.1705 6.17723 13.4549
345 35.6987 12.4205 7.51613
346 41.1054 17.922 -0.0830328
347 51.4668 -0.114843 3.75882
348 37.5934 14.103 8.79625
349 35.9273 12.0643 0.09802
350 33.4544 15.0265 10.8156
351 34.8847 18.6952 8.89801
352 19.7433 10.0583 21.7243
353 53.8506 16.9368 22.1917
354 31.313 -0.32485 16.0323
355 51.8483 0.025327 19.1653
356 26.1866 0.120081 17.6838
357 33.5923 31.4071 26.5602
358 19.905 18.1749 23.1741
359 57.6801 12.0252 30.7917
360 43.7718 10.9313 21.2617
361 51.5306 7.70623 33.5009
362 43.4892 21.7228 56.5901
363 43.726 15.1126 25.9378
364 49.4671 15.9336 47.9174
365 50.0643 0.288877 47.434
366 25.6466 9.03666 55.9783
367 36.7261 10.614 58.0897
368 61.8446 19.472 63.7785
369 30.4524 0.400794 64.1167
370 43.9471 15.0341 36.4014
371 30.1357 0.181919 42.2112
372 30.3513 14.5825 63.7509
373 57.7733 0.120623 67.5227
374 47.5906 5.63414 53.4362
375 67.6955 23.4572 73.6386
376 35.0374 7.27758 70.7849
377 35.5698 0.131921 57.5973
378 46.5287 0.226019 87.0677
379 45.246 23.1315 63.4633
380 36.959 8.87131 91.6788
381 62.6113 0.331467 74.5878
382 38.2404 18.4784 83.053
383 46.9252 9.31353 84.7959
384 27.6109 -0.327897 83.1314
385 41.9047 -0.0138356 88.4961
386 23.7175 -0.111543 70.276
387 55.4326 -0.578292 103.73
388 41.5126 0.0793547 93.387
389 43.5408 27.0902 83.7718
390 45.5683 21.552 98.0746
391 55.427 19.8595 99.4141
392 44.1994 19.7938 97.566
393 53.4005 15.7642 117.28
394 27.0177 12.6089 117.114
395 45.3099 25.1143 108.119
396 53.4307 26.2763 102.52
397 33.9009 1.76827 117.654
398 46.5502 2.11502 118.048
399 47.3375 11.6466 97.9532
400 56.4495 10.4846 117.21
401 46.1615 23.3243 113.111
402 34.03 29.8146 -0.164418
403 31.8599 42.8591 13.5065
404 32.7409 45.7986 -0.0988938
405 54.5516 35.8954 0.244355
406 55.7625 40.1094 -0.00656167
407 37.618 31.3077 16.4739
408 31.6163 41.4667 4.0327
409 46.5863 32.9978 14.164
410 32.4538 31.9843 -0.161226
411 59.6478 50.7989 0.126604
412 43.7229 47.904 4.7316
413 40.7767 48.2258 6.01331
414 41.9409 45.2882 19.1159
415 31.7817 41.2285 24.3197
416 64.4138 48.5177 31.7606
417 39.7563 54.5329 17.3899
418 37.2649 38.3159 17.0233
419 39.9735 28.2794 16.0754
420 31.1516 56.7724 15.4752
421 37.196 21.8549 29.0933
422 22.8771 28.5443 27.946
423 42.7355 23.4116 36.0847
424 46.2778 47.3914 40.361
425 30.2464 27.8316 24.6808
426 39.6249 32.3806 46.775
427 64.2844 18.0842 41.2324
428 24.688 33.6897 15.6176
429 49.8981 22.1395 33.5599
430 42.081 36.2044 35.9486
431 54.0943 36.9727 46.031
432 34.3197 40.0399 24.7744
433 45.7332 26.6028 35.5983
434 27.7011 30.8089 68.4791
435 31.7389 27.8684 44.5082
436 39.4943 31.5098 57.2323
437 36.1332 38.57 52.9282
438 52.6596 50.4998 63.2878
439 38.5274 35.1142 58.4338
440 45.0723 53.0472 46.2524
441 37.7053 27.8454 62.7259
442 39.2442 14.9418 59.2756
443 33.0889 42.9582 72.6186
444 34.4273 25.7403 67.3897
445 33.583 38.5315 88.0975
446 28.2674 13.6931 62.3392
447 49.4553 39.2861 59.1851
448 41.1505 18.2275 90.0223
449 43.6002 39.0226 69.8871
450 51.3288 26.3277 60.9264
451 48.0293 35.5815 64.909
452 30.8848 56.606 66.7142
453 48.7661 34.0201 62.0593
454 31.7045 37.2974 73.6875
455 51.6603 34.8338 65.5786
456 19.1927 61.5898 84.0265
457 45.3685 43.525 92.1956
458 36.594 38.4992 71.2438
459 34.8324 42.1096 79.0726
460 49.8529 53.2747 80.4634
461 46.1556 42.4726 77.3127
462 68.6251 29.114 85.982
463 54.0584 48.6244 86.7793
464 60.1125 39.0606 82.0984
465 32.5768 50.437 73.2452
466 45.427 23.569 86.4796
467 35.5366 24.1803 109.039
468 59.4366 33.438 81.5433
469 53.5103 31.4233 98.4226
470 22.2695 49.3385 102.568
471 63.7662 34.2855 113.787
472 43.3049 31.3859 108.594
473 45.2828 39.2171 105.452
474 29.5254 26.5536 117.364
475 45.4503 26.5418 117.278
476 42.0462 35.2457 117.516
477 45.2435 39.0919 103.055
478 48.3501 31.2289 117.23
479 38.0184 56.1509 117.582
480 34.5544 63.2104 -0.199421
481 40.0098 59.3522 16.7744
482 56.3097 67.1636 3.11714
483 45.6879 44.2061 17.1559
484 16.8762 55.2638 23.7056
485 23.4476 36.9874 20.0558
486 45.9515 78.3457 15.3761
487 44.5854 64.7978 17.1592
488 54.4367 58.3583 30.9421
489 41.6715 56.9143 26.2384
490 37.7869 63.4184 25.8599
491 25.1767 64.6416 32.3192
492 46.3469 54.2507 37.7811
493 35.7292 43.3759 43.7538
494 59.3413 61.2782 29.9302
495 37.2143 61.6349 17.907
496 53.8225 52.5366 44.8047
497 31.9437 64.7602 48.1043
498 47.0957 62.6493 42.8659
499 44.3723 61.7363 43.6765
500 56.0123 44.6446 55.7102
501 29.5191 49.5254 46.7079
502 46.7432 65.5916 44.1502
503 55.2078 51.8238 65.1758
504 30.5324 69.6642 48.0743
505 48.6789 59.7773 64.0293
506 54.8948 67.5065 57.6526
507 59.5905 80.8702 77.8344
508 37.6859 52.4299 67.9418
509 41.7366 66.0242 47.5412
510 35.7122 53.4523 69.5579
511 35.3825 53.1384 59.9535
512 52.619 61.89 49.3041
513 9.05266 57.1229 54.8389
514 45.3641 67.9909 87.4203
515 30.2357 43.9641 87.2523
516 43.3398 66.8795 90.7555
517 36.1501 73.3119 89.3264
518 26.1901 58.7091 80.5239
519 50.1509 48.7427 73.7931
520 33.6095 54.7008 68.8502
521 33.9937 51.1522 97.5475
522 41.6598 62.9473 65.4342
523 55.204 81.8889 76.5861
524 47.4728 51.7809 88.8277
525 55.3048 57.9213 87.2891
526 39.1318 54.2041 109.584
527 40.0896 57.5928 101.94
528 43.8608 55.0427 85.7047
529 18.8484 51.0832 94.942
530 33.6331 56.714 95.3808
531 27.1789 64.7329 117.557
532 29.2889 65.0077 107.134
533 63.1649 48.9529 96.9907
534 39.21 54.1712 112.126
535 41.5483 61.4577 114.894
536 62.1853 61.1855 112.114
537 37.8894 71.6385 -0.042079
538 47.1272 84.5133 0.042764
539 28.0859 71.3385 19.318
540 51.1236 63.4077 -0.150653
541 42.6521 95.9386 14.0857
542 28.3144 80.9425 -0.14117
543 31.5131 71.6399 -0.356557
544 43.9722 91.2752 36.8521
545 30.9569 93.5347 28.9281
546 61.6997 98.0137 39.361
547 45.9162 85.187 15.3804
548 35.2219 81.2557 16.3285
549 53.6445 77.3426 23.6906
550 47.5903 81.2604 8.43343
551 57.7945 89.3115 37.8531
552 37.1183 64.0866 16.2128
553 43.1584 74.9736 52.9689
554 57.7912 90.5882 16.8099
555 53.6776 72.9651 45.264
556 31.5343 68.0228 25.1505
557 34.4943 93.1888 28.3489
558 57.6628 75.397 27.8654
559 47.7203 85.0671 25.8818
560 29.9756 86.9278 39.5901
561 52.1646 78.531 45.6479
562 50.8694 72.7361 34.0156
563 42.7927 84.3613 28.1962
564 39.7192 51.2538 22.2646
565 37.1193 59.2339 45.3095
566 33.0263 87.2916 40.6109
567 57.9181 89.8228 50.6175
568 45.2895 89.1916 54.0513
569 42.9536 77.1694 54.08
570 51.3708 72.0605 56.3314
571 27.8809 72.8653 34.9477
572 42.1016 67.9759 45.5329
573 50.6946 71.9181 62.0168
574 49.7262 64.3708 46.2956
575 33.5501 61.2357 56.3828
576 34.9588 65.7923 49.7057
577 35.575 87.4261 52.3654
578 33.4477 59.0223 42.6209
579 48.7038 66.2852 71.3933
580 71.444 77.5043 61.9617
581 41.1633 76.1936 80.8528
582 45.4281 88.1677 82.4806
583 47.1655 74.4237 60.2032
584 16.5835 94.1257 71.236
585 35.6305 81.7536 77.0402
586 33.9258 97.2768 76.3238
587 39.6351 89.443 89.574
588 27.0439 82.9715 91.7111
589 32.22 78.2721 89.2032
590 47.6512 60.8982 92.5102
591 53.9896 67.272 75.2036
592 33.432 72.7538 78.6986
593 65.6848 87.279 93.6567
594 27.4668 79.4539 91.8049
595 17.5553 84.4249 87.9791
596 55.8038 66.6149 85.4953
597 32.8034 76.088 103.428
598 45.6253 64.7995 97.5447
599 41.6071 75.306 91.9629
600 39.9079 97.2316 95.9851
601 58.1781 84.3231 100.224
602 51.717 75.1274 92.4099
603 61.6952 89.589 97.337
604 47.9434 71.0393 98.5389
605 27.1202 88.9925 92.0549
606 53.7234 91.2847 100.392
607 32.004 68.5601 84.9083
608 42.9149 67.4314 103.696
609 30.0684 88.9557 101.935
610 47.3792 85.7023 112.325
611 59.2395 75.7071 117.378
612 49.6593 83.702 117.129
613 27.9053 68.6232 107.737
614 43.4249 88.2475 113.103
615 50.2535 77.3197 117.603
616 38.1898 104.853 -0.412854
617 44.7958 113.237 1.19716
618 57.1233 113.418 1.28345
619 28.79 111.037 8.21578
620 52.1067 113.622 2.62303
621 37.7451 109.079 11.0752
622 54.8763 105.144 19.9181
623 34.953 98.1784 12.3166
624 49.0764 90.05 13.4214
625 39.0977 112.498 0.140791
626 47.5156 103.174 19.3639
627 32.3877 113.224 21.5198
628 34.5981 103.053 14.3363
629 40.5325 101.232 22.3215
630 43.4782 101.29 23.9366
631 23.069 97.5945 16.9766
632 19.3446 101.648 31.5879
633 31.7875 113.355 25.5482
634 41.0702 90.2624 31.4231
635 46.3708 100.691 29.0466
636 52.5287 113.048 44.5887
637 30.5696 88.9265 42.7482
638 56.5575 112.932 39.5439
639 38.7499 97.8836 35.4489
640 57.0553 99.1191 53.2676
641 43.8567 100.481 50.426
642 61.7201 100.422 60.8048
643 33.4248 113.367 45.9471
644 37.5118 92.7206 50.9131
645 42.5472 114.013 41.397
646 52.9572 113.197 47.2721
647 57.7035 87.3879 49.7763
648 29.5747 113.305 51.4292
649 27.3191 113.499 69.1949
650 49.4206 113.29 72.0929
651 27.6275 113.42 58.9809
652 45.6766 97.6793 65.3981
653 44.8478 113.116 70.2011
654 24.1051 108.213 76.4262
655 25.5266 113.468 66.9452
656 64.4302 103.608 64.9968
657 17.2141 83.5319 75.5736
658 39.0871 96.0119 91.8429
659 37.4139 100.732 68.5632
660 19.46 90.35 81.0019
661 45.3688 103.147 94.9583
662 36.2797 113.248 78.1059
663 43.5759 113.32 76.9667
664 33.3532 113.346 87.3829
665 37.7893 113.848 94.9939
666 47.5562 113.301 79.7292
667 27.7914 94.1787 86.3851
668 42.7057 95.4089 96.0748
669 29.1087 103.176 74.6698
670 48.457 82.8015 72.3778
671 33.5882 108.479 78.018
672 39.9059 100.918 89.072
673 49.7874 113.741 82.1589
674 37.4567 93.1897 109.68
675 37.545 113.474 105.385
676 53.8506 110.293 91.7768
677 33.3987 113.633 94.6705
678 52.3513 113.152 93.733
679 48.3395 113.539 103.95
680 45.0847 92.7676 117.404
681 52.6519 94.7111 102.623
682 47.5335 112.586 117.899
683 37.411 93.1988 117.2
684 48.9872 113.259 113.682
685 33.4278 113.895 102.913
686 25.2489 113.659 102.959
687 35.5206 113.477 115.062
688 51.6777 103.305 114.942
689 53.1787 99.7448 117.617
690 53.4034 113.514 107.622
691 66.2615 9.02618 -0.0184502
692 62.6718 14.6087 0.246266
693 82.985 5.06469 9.15934
694 78.0561 20.8802 13.9276
695 64.9998 18.1188 -0.234678
696 57.47 24.9741 17.9042
697 79.7108 -0.204321 13.3032
698 43.2137 9.40994 20.4564
699 50.4301 23.4172 13.1222
700 66.9884 0.221157 25.7801
701 82.2541 13.1989 24.7346
702 81.7436 -0.275756 21.4699
703 53.9309 16.42 25.1159
704 71.603 16.1239 30.9293
705 66.8301 5.03081 14.2629
706 66.4722 5.38648 48.0579
707 63.6894 -0.0136605 44.7538
708 79.651 20.8088 45.3916
709 77.4389 17.9578 41.0923
710 66.5274 25.4272 41.8081
711 59.0112 0.369181 30.7611
712 50.2124 26.5187 35.1142
713 64.219 9.07568 42.8561
714 78.6781 14.674 25.5556
715 64.1606 14.5323 39.4063
716 49.4915 20.8694 65.1379
717 65.7204 10.8203 47.2442
718 100.439 11.455 56.7017
719 62.7012 14.5486 68.9968
720 81.1036 22.6688 70.993
721 79.4815 0.173474 80.8138
722 72.9027 13.0465 61.9354
723 62.8345 0.326095 59.252
724 54.6952 0.227365 69.4833
725 74.3184 14.6449 64.1806
726 66.3711 28.912 53.9451
727 75.2641 0.421778 77.06
728 53.6832 19.8655 91.6295
729 79.6908 8.32169 82.2545
730 71.9679 41.5707 83.4042
731 74.6935 7.69969 87.0826
732 86.2196 0.189684 97.8025
733 85.4964 8.49929 117.557
734 87.9739 10.5979 98.647
735 70.8301 7.08164 117.405
736 85.2452 24.7892 117.702
737 64.7447 19.985 98.434
738 60.4211 3.68933 110.062
739 81.9017 8.49605 107.782
740 73.6604 23.0371 117.585
741 67.3089 19.8248 117.334
742 67.7283 12.168 114.931
743 84.9373 12.4078 117.895
744 59.507 -0.524069 106.265
745 81.8904 12.8764 117.501
746 61.8445 -0.624321 103.889
747 61.4689 15.8422 117.395
748 72.9437 31.9774 0.0537296
749 80.5817 47.2713 0.162895
750 81.7552 40.7153 0.108477
751 82.1777 34.9981 18.8892
752 70.3015 37.0881 -0.0924752
753 61.7281 26.8132 -0.157155
754 91.2734 42.5027 30.7793
755 70.2452 53.5186 18.7745
756 65.8447 39.4154 18.2967
757 61.3399 33.9758 25.7723
758 66.9606 16.7676 11.0027
759 74.4304 26.4536 32.5394
760 62.0273 34.3176 29.7734
761 70.8231 47.0162 34.8639
762 61.7604 10.6292 47.3171
763 69.8806 0.108756 60.051
764 83.5 28.9068 62.06
765 61.2031 50.113 57.4534
766 68.5915 34.4382 46.9059
767 75.4277 23.9676 52.4411
768 69.8059 29.2754 61.7805
769 100.622 53.1159 61.8969
770 77.8334 32.5348 41.1418
771 72.3873 26.7548 66.71
772 97.3496 39.1565 49.1845
773 79.0939 34.9184 78.8996
774 66.0421 43.922 66.6847
775 75.6486 52.0696 47.6459
776 69.7888 35.9611 59.5253
777 82.2081 35.7091 71.8402
778 87.3953 30.0314 79.7274
779 79.8338 18.7489 72.0031
780 69.1713 34.3801 59.8006
781 66.6493 27.7972 73.6924
782 69.8904 38.6094 75.4076
783 67.4616 39.1366 75.0738
784 81.555 27.8033 75.6266
785 68.1961 40.6132 90.1592
786 75.706 32.9332 79.5769
787 69.3359 26.6586 71.8997
788 57.774 57.7219 69.1405
789 55.6048 39.8539 74.3756
790 70.826 30.7236 77.7855
791 83.2522 49.4976 90.0805
792 39.4259 40.206 91.9714
793 71.5859 28.6739 79.9468
794 59.0888 11.7336 98.9151
795 49.9411 35.8992 82.3598
796 65.6567 42.6588 90.7415
797 68.8643 13.6209 88.2876
798 73.7439 43.1236 103.01
799 59.7009 38.2156 88.7901
800 72.0481 55.1335 108.784
801 76.4156 19.6473 103.025
802 67.6733 29.7935 92.2806
803 55.3632 38.9512 98.4085
804 57.3958 43.9654 117.454
805 67.2702 26.4694 117.207
806 61.553 23.0834 107.268
807 67.5571 24.9013 110.96
808 61.517 39.1837 105.731
809 88.618 38.3357 117.394
810 84.8747 47.4462 0.217272
811 81.0453 74.1786 0.180598
812 56.0071 54.3062 -0.0916543
813 58.5082 56.1874 7.54822
814 58.042 53.3894 5.75854
815 63.5712 54.3217 7.17773
816 57.8107 55.3779 3.91423
817 92.4632 71.6137 7.61029
818 69.327 57.5024 14.4054
819 72.652 62.1728 13.598
820 88.6532 47.6548 7.99398
821 66.2675 51.2111 25.5867
822 59.793 64.0525 7.96724
823 55.9079 50.633 17.6486
824 72.3507 77.8179 16.3604
825 71.936 64.5152 25.312
826 85.6575 68.2553 25.6732
827 61.4822 52.4406 14.6058
828 87.5593 54.2456 17.4405
829 92.2283 82.3467 23.0737
830 83.0711 72.4621 34.1761
831 82.8359 63.0571 43.5564
832 64.9857 80.355 45.848
833 83.3235 44.4097 54.0252
834 55.434 58.9004 39.541
835 62.4127 61.1253 35.184
836 82.4307 58.0358 38.5981
837 75.179 68.1241 34.9595
838 87.7246 62.4663 35.1349
839 85.1336 57.5658 61.0045
840 57.7096 51.8573 75.9199
841 87.4594 67.3508 44.432
842 64.0018 56.3696 78.1058
843 72.6958 45.4293 58.4872
844 85.5476 54.5737 66.8769
845 74.957 62.6203 66.0325
846 87.2045 46.5251 65.2684
847 61.7155 59.992 62.307
848 72.2769 63.9397 67.5907
849 61.6926 56.951 85.0452
850 71.8913 44.2397 76.3749
851 81.7522 43.0491 90.3489
852 63.7869 53.202 82.9563
853 76.2644 64.5704 76.3651
854 53.6047 42.9263 62.2057
855 95.9343 55.0772 73.9574
856 79.8872 63.106 88.4368
857 66.0513 47.6649 76.3505
858 80.9475 66.6948 97.2039
859 68.5725 59.8869 87.5047
860 67.6113 69.2903 94.2224
861 68.0161 43.614 107.189
862 75.021 62.784 99.4252
863 79.1399 34.8788 91.7112
864 69.1606 45.7485 94.9499
865 76.3625 50.224 96.5696
866 72.6729 32.0596 69.2998
867 65.0539 68.6316 107.987
868 82.8328 53.9076 111.692
869 75.61 48.9272 106.28
870 90.7925 27.8562 117.472
871 63.5528 65.1917 117.452
872 72.8 66.4215 117.51
873 88.2732 62.2674 106.18
874 81.8879 54.1916 117.713
875 82.6838 55.9405 117.542
876 94.1617 78.6202 0.319622
877 60.4465 73.9715 0.250643
878 80.403 82.6804 -0.11835
879 71.9886 82.2152 0.0558797
880 69.4303 85.78 12.1597
881 61.877 78.3886 -0.197132
882 59.7418 71.3135 0.136115
883 70.0796 74.9404 10.5527
884 62.9456 70.4054 0.117674
885 66.5547 89.1607 7.13041
886 79.8194 81.8738 38.457
887 56.7294 71.5054 17.0523
888 76.1034 70.0645 34.2837
889 65.939 74.7936 18.2931
890 73.8817 70.6898 33.7851
891 56.296 98.8343 23.6492
892 89.1628 75.4882 43.9062
893 61.4137 69.3406 24.2181
894 94.1405 86.3872 30.0389
895 69.5631 51.8229 50.5816
896 80.5266 76.3502 24.2118
897 81.5142 75.4316 45.9276
898 84.1777 94.5817 13.9886
899 89.1743 69.0748 36.5929
900 85.1766 92.2384 48.0218
901 71.8599 96.75 37.9304
902 66.4247 90.6279 66.374
903 67.5323 98.9685 54.2818
904 68.9917 89.9527 47.1607
905 73.7235 74.286 59.0403
906 62.027 96.2489 40.5793
907 93.0548 75.9555 49.6398
908 69.8643 76.4652 63.1323
909 54.1647 95.0206 65.4007
910 68.6383 82.5888 51.836
911 87.6077 77.9498 74.8896
912 77.9391 69.0579 70.9951
913 69.5114 91.0236 67.7995
914 61.453 92.8738 48.1287
915 75.5179 71.9937 48.5394
916 73.8619 66.845 75.1709
917 53.5558 66.9429 69.8804
918 65.71 76.9233 80.4014
919 75.7528 71.8114 63.8367
920 77.5587 70.0061 72.8712
921 89.8347 79.8709 70.8987
922 68.7651 84.7951 78.1727
923 76.0999 78.7845 76.6575
924 57.1025 84.8261 90.7977
925 39.5367 90.5372 101.194
926 59.0609 77.4158 77.2092
927 85.3034 87.2451 91.9389
928 63.5119 88.9571 100.193
929 69.5924 75.5281 97.1746
930 59.7239 89.7735 117.507
931 78.027 68.2223 117.426
932 79.1541 70.3829 102.708
933 79.1471 90.9029 104.622
934 66.9002 76.592 117.25
935 60.6179 101.579 107.379
936 62.79 77.061 105.009
937 69.5526 89.5104 112.535
938 86.163 93.8052 22.0157
939 57.3944 99.6766 9.46944
940 61.2111 96.6943 5.5134
941 78.6341 85.6579 0.0676325
942 71.9914 105.525 26.3537
943 80.3315 113.56 21.0491
944 84.7995 113.044 32.1469
945 51.761 113.681 33.3777
946 52.6304 113.41 11.0462
947 62.0055 113.893 17.6166
948 66.8339 100.583 36.8728
949 63.6738 95.2951 23.8578
950 68.3025 106.49 30.2977
951 57.1224 113.044 29.4385
952 61.2458 112.977 57.5136
953 77.0548 90.2216 18.8679
954 101.45 92.0305 32.2246
955 53.8147 100.808 49.8747
956 81.857 96.5576 45.5427
957 92.235 101.015 48.0513
958 68.7105 113.071 50.0239
959 67.1747 97.3963 53.195
960 59.6689 95.9487 45.9779
961 64.2029 113.13 70.5537
962 69.7124 106.308 69.248
963 60.8205 113.278 42.0767
964 72.0592 76.8798 31.7324
965 87.4762 104.443 55.6832
966 78.23 101.921 65.1184
967 69.4972 94.1616 37.9186
968 98.4815 85.9764 46.5077
969 64.0078 95.748 69.5059
970 79.6068 85.202 66.8811
971 59.4426 113.798 66.6637
972 84.1413 104.034 65.2807
973 85.7665 84.2798 72.8577
974 80.2663 113.373 66.9751
975 51.5179 83.5704 70.6632
976 59.6634 98.0734 83.0968
977 85.1269 101.084 63.5577
978 67.7474 98.1985 93.449
979 72.1489 97.2773 70.38
980 77.7177 79.5441 99.3207
981 91.8987 113.32 90.0053
982 64.7853 113.062 83.2832
983 71.7647 113.294 74.8004
984 67.1947 98.2836 89.8448
985 81.8277 113.488 79.7307
986 81.7947 113.6 102.851
987 73.7329 88.7602 107.919
988 63.6376 96.9948 91.5103
989 96.114 86.5007 96.818
990 65.8219 85.8246 92.2544
991 91.9768 113.38 74.5635
992 73.3798 103.412 102.635
993 68.0312 103.447 102.968
994 56.7628 91.8611 101.262
995 74.89 97.751 81.715
996 56.0368 113.426 89.9139
997 60.4802 113.279 101.299
998 76.3992 93.0211 117.669
999 59.7612 113.74 110.339
1000 93.6701 103.566 117.612
1001 64.83 101.195 117.627
1002 88.5654 94.1818 117.343
1003 66.9707 97.5478 117.439
1004 80.5583 113.442 108.949
1005 62.4476 100.557 100.881
1006 71.7549 95.0987 105.987
1007 69.6462 100.417 111.961
1008 114.338 20.1958 6.38442
1009 101.551 17.9018 2.77163
1010 89.9449 21.0481 11.1772
1011 107.032 0.146039 2.7454
1012 96.0361 0.244204 0.866397
1013 100.179 16.8545 11.7292
1014 93.7958 20.5184 13.6006
1015 114.073 13.4128 27.0495
1016 102.149 19.376 12.5289
1017 100.209 -0.0471808 21.5849
1018 90.3752 13.3261 16.6942
1019 102.323 15.7268 12.4481
1020 94.6221 2.04693 20.4302
1021 88.5683 18.0765 12.9766
1022 98.3327 22.5747 20.5035
1023 94.0466 0.23875 36.817
1024 113.73 5.6429 33.2944
1025 107.884 25.082 34.2372
1026 92.6083 25.0574 30.9917
1027 105.629 13.5765 34.5652
1028 90.1311 17.7799 36.934
1029 110.779 0.204474 38.3649
1030 114.123 12.3651 36.2221
1031 89.938 -0.11939 47.1016
1032 113.909 4.80134 59.4007
1033 103.299 19.5461 58.379
1034 113.879 20.3413 24.0482
1035 91.3253 0.68501 41.2732
1036 114.08 27.4396 47.5013
1037 98.817 0.362905 46.3942
1038 92.0353 39.8709 56.5901
1039 91.5978 0.0407899 90.7753
1040 113.682 25.0085 66.9174
1041 113.586 1.61884 65.2525
1042 106.207 0.399598 67.808
1043 87.822 0.152134 62.777
1044 103.807 0.383713 65.356
1045 86.6194 23.8506 67.2889
1046 86.7625 0.503352 79.2631
1047 83.9163 8.98351 96.9943
1048 93.8528 18.4426 97.7439
1049 109.883 -0.31605 83.3309
1050 98.4065 0.411821 84.8669
1051 113.922 25.2977 82.3497
1052 113.924 29.3974 75.3812
1053 113.734 12.6685 95.0302
1054 112.82 1.81335 94.1013
1055 105.058 13.0951 82.5154
1056 79.6498 11.9772 89.9113
1057 113.732 13.54 85.6716
1058 92.4437 12.8569 97.7694
1059 97.9476 -0.347411 103.713
1060 101.762 22.6828 84.6716
1061 111.693 0.131191 86.2002
1062 85.71 -0.294748 91.1451
1063 97.9936 26.8335 81.7531
1064 84.3146 4.06549 118.101
1065 113.796 7.00026 85.6378
1066 98.4964 0.227273 107.509
1067 113.855 5.76062 112.586
1068 112.343 4.62946 117.923
1069 101.95 8.16826 105.243
1070 93.2906 38.7575 0.0470041
1071 78.5186 29.3961 0.160617
1072 95.8632 16.3081 10.3533
1073 98.231 50.2812 15.5066
1074 93.32 46.0535 0.264479
1075 98.4947 47.0344 2.78026
1076 101.274 38.9946 -0.0726671
1077 98.1799 43.9577 4.90498
1078 114.4 27.1532 6.16648
1079 88.0246 43.3095 23.0248
1080 92.3256 31.0746 29.9486
1081 113.925 45.7311 23.2298
1082 69.6159 30.0377 55.8628
1083 113.709 39.1102 41.1089
1084 90.324 30.0387 22.7271
1085 86.8157 65.2827 31.0952
1086 77.3011 24.5445 40.3143
1087 114.264 43.1781 29.4132
1088 93.8459 43.9402 35.5787
1089 104.065 20.1403 37.6827
1090 86.0872 27.5118 34.8336
1091 84.4647 25.3685 36.0509
1092 110.939 44.4315 56.7676
1093 94.4989 40.2101 50.6021
1094 99.6839 29.7933 59.187
1095 103.861 41.9573 42.1695
1096 100.041 35.0146 54.9263
1097 113.9 19.8533 46.3672
1098 103.734 36.4996 56.8393
1099 113.939 57.5272 43.2626
1100 78.5244 25.6954 57.432
1101 113.71 19.9068 41.1093
1102 98.6471 32.592 57.5426
1103 113.623 41.5144 57.5724
1104 98.4993 58.8632 67.6375
1105 85.5092 16.6022 68.562
1106 105.265 29.3417 85.8364
1107 98.001 37.0279 64.0788
1108 113.55 32.2708 66.912
1109 113.857 38.4229 61.0153
1110 113.691 39.358 72.3157
1111 99.4995 32.442 52.3481
1112 94.09 24.5578 62.6215
1113 110.3 35.869 64.4437
1114 97.1174 26.9705 87.7385
1115 103.396 21.0359 86.5813
1116 113.885 42.9813 83.1746
1117 96.2298 29.7872 91.8573
1118 105.268 38.4856 78.9431
1119 93.9882 26.955 89.1526
1120 83.7377 41.5799 99.0158
1121 92.0622 22.1368 82.5133
1122 91.9279 28.3122 88.3282
1123 99.6307 48.6847 89.0543
1124 88.4229 22.1434 96.0864
1125 113.783 52.4716 109.743
1126 107.66 45.6793 83.2084
1127 89.8477 30.1204 107.216
1128 98.3656 28.8867 102.838
1129 100.697 41.1855 101.073
1130 108.079 23.2006 117.312
1131 108.598 31.535 117.192
1132 114.158 36.0072 108.701
1133 114.025 39.1185 110.421
1134 102.19 33.3906 117.456
1135 102.073 35.6733 110.757
1136 85.0119 45.4132 107.298
1137 109.266 64.3622 7.14487
1138 114.48 52.0715 4.86002
1139 96.1447 50.2044 0.462577
1140 114.466 47.8241 18.2114
1141 113.97 66.3024 27.5168
1142 113.76 76.2392 42.351
1143 96.157 56.3641 23.9995
1144 86.1206 59.405 18.9278
1145 97.5812 59.2461 19.9981
1146 114.194 50.7841 25.1671
1147 114.052 64.7904 22.6336
1148 91.1238 58.6962 16.3215
1149 95.1426 70.4089 0.391693
1150 89.5492 55.3888 42.2801
1151 114.094 62.148 21.9497
1152 113.997 59.3547 37.9442
1153 98.6198 44.3474 36.3266
1154 86.3457 58.1765 41.2063
1155 91.9858 55.6145 39.8997
1156 91.5435 65.9522 39.7775
1157 113.789 48.4419 39.6972
1158 113.598 68.5576 49.249
1159 96.6115 55.354 39.3896
1160 113.767 66.2868 65.9539
1161 113.796 52.624 58.5128
1162 93.3571 54.7431 66.9256
1163 83.334 46.3561 67.6882
1164 102.976 67.4796 52.4866
1165 113.66 57.7703 53.2661
1166 85.0735 62.3209 44.6122
1167 113.556 61.6565 54.1671
1168 85.7617 78.0756 56.913
1169 99.5265 59.0085 49.7015
1170 113.777 62.1024 60.2611
1171 95.7909 47.8478 81.6165
1172 113.864 50.7946 53.1097
1173 96.412 57.0019 57.5955
1174 99.8361 69.1632 68.6577
1175 93.0914 71.2846 68.0563
1176 100.038 76.3511 63.1097
1177 113.855 68.8194 77.2101
1178 101.972 75.3125 61.2866
1179 90.6594 44.7021 57.5319
1180 94.4382 47.1408 58.4869
1181 113.743 52.2896 76.2919
1182 113.711 50.9046 84.1715
1183 113.842 43.2881 74.7453
1184 92.9991 66.4667 81.8849
1185 94.0463 51.9736 96.3264
1186 105.735 49.5897 75.4441
1187 113.578 64.0479 85.7414
1188 114.024 56.943 98.4937
1189 114.033 57.5863 96.8563
1190 96.1867 48.8691 88.3876
1191 113.878 70.9802 83.2573
1192 99.8528 58.2197 89.533
1193 89.9789 54.7624 89.2897
1194 86.5102 53.5345 93.6971
1195 113.725 33.8139 87.3357
1196 93.7517 63.6497 101.03
1197 94.0137 57.5176 102.83
1198 102.012 58.4522 102.248
1199 95.382 60.6146 91.1627
1200 86.6701 51.3877 103.104
1201 95.8222 66.3695 108.921
1202 96.087 51.1269 117.629
1203 109.002 59.4161 117.5
1204 110.464 68.2948 104.909
1205 101.788 50.2463 107.951
1206 112.677 65.339 117.35
1207 91.2098 91.1934 0.215561
1208 82.3332 78.6405 0.141141
1209 91.6164 90.7472 9.77017
1210 114.386 80.6026 12.729
1211 84.4834 91.9641 18.8767
1212 110.027 91.919 6.7646
1213 94.1115 74.925 0.310438
1214 85.6813 71.1119 11.3588
1215 92.3769 82.086 0.0956782
1216 98.1431 96.1401 0.380165
1217 114.269 92.3818 12.5599
1218 113.991 69.2144 24.3065
1219 82.1321 67.1511 15.9153
1220 100.655 73.0895 19.9133
1221 114.028 85.2242 14.6639
1222 113.936 80.7948 25.9998
1223 88.6761 90.1751 29.2737
1224 82.0539 93.1861 12.476
1225 106.501 71.9512 25.6957
1226 106.214 72.8327 21.8162
1227 113.874 106.462 48.4169
1228 96.8518 66.9168 51.4933
1229 89.6465 76.2619 50.2344
1230 89.2059 94.6674 43.7698
1231 77.553 62.3688 36.8692
1232 113.801 83.0072 39.7027
1233 89.905 98.6027 44.0676
1234 93.9862 73.1622 45.1867
1235 97.7615 80.2438 50.0554
1236 82.0974 90.6337 60.7034
1237 91.146 56.3639 53.7728
1238 113.911 77.8386 47.2926
1239 90.0972 75.0432 40.7903
1240 95.3438 91.4662 64.6055
1241 105.565 72.901 71.2558
1242 103.673 66.7065 70.5362
1243 95.5693 78.8044 67.0814
1244 102.124 64.4484 54.0194
1245 113.664 90.0373 67.9968
1246 114.129 69.1376 60.2556
1247 113.739 75.4087 61.9958
1248 106.648 76.9051 66.3738
1249 113.771 78.6211 71.7084
1250 99.9786 84.5907 70.0625
1251 101.95 65.7352 94.0952
1252 85.0808 71.5679 76.5666
1253 114.208 69.8358 85.9872
1254 75.4563 70.8642 67.0798
1255 101.134 62.3944 73.0706
1256 113.864 61.505 92.4507
1257 92.2062 76.3433 91.378
1258 114.182 76.7409 98.7673
1259 89.9188 76.8898 93.8658
1260 113.719 78.3523 86.0144
1261 113.609 83.1962 93.4287
1262 92.5985 71.717 102.072
1263 101.61 70.784 90.8732
1264 85.6564 98.7636 85.4516
1265 114.025 80.6225 96.8496
1266 108.62 74.0995 105.587
1267 87.7761 68.5093 117.467
1268 114.151 71.134 108.725
1269 91.7007 68.6308 117.373
1270 106.281 82.3636 117.654
1271 114.149 83.2992 108.859
1272 95.9595 79.3461 114.672
1273 84.383 85.0574 106.19
1274 114.076 92.4037 111.821
1275 90.2526 72.0222 105.245
1276 110.924 84.4205 105.173
1277 90.2022 82.7017 117.457
1278 81.193 73.397 117.505
1279 96.2696 78.6878 102.479
1280 104.45 65.859 117.361
1281 114.461 95.1223 23.2417
1282 101.039 113.351 19.0323
1283 108.774 113.588 13.0391
1284 114.436 92.3626 10.1365
1285 91.9479 106.593 15.4001
1286 113.886 90.1065 24.2582
1287 101.522 113.543 25.87
1288 93.661 113.53 46.4667
1289 113.744 103.71 31.9171
1290 95.946 99.6051 28.1912
1291 110.683 101.942 26.9754
1292 89.9809 113.624 36.1724
1293 114.054 89.4673 21.1073
1294 107.774 113.189 36.0717
1295 96.083 113.238 36.063
1296 94.9853 102.655 27.3276
1297 87.8429 113.61 36.1688
1298 105.86 113.37 43.706
1299 101.962 87.5274 44.5583
1300 113.892 96.9332 32.2219
1301 109.863 91.6323 39.4975
1302 76.1178 95.5363 35.9982
1303 113.033 112.661 55.0371
1304 114.158 87.3024 30.0449
1305 108.27 113.331 53.9285
1306 81.9732 113.807 43.9317
1307 103.099 74.6464 55.4456
1308 107.794 99.121 61.9167
1309 114.118 96.3011 61.6942
1310 97.0225 87.3822 61.3779
1311 98.401 77.1935 62.032
1312 94.6049 88.4374 55.2485
1313 109.615 113.399 58.9381
1314 84.0836 113.319 77.0022
1315 113.969 94.8332 72.3316
1316 88.4667 108.021 74.0935
1317 104.715 113.107 91.4212
1318 113.867 108.792 77.7242
1319 105.314 108.816 67.2228
1320 94.107 100.954 85.9881
1321 113.776 96.3015 77.5774
1322 99.6767 90.3468 66.207
1323 113.81 90.3733 85.9474
1324 96.7247 113.156 83.6374
1325 79.3385 88.2731 85.7991
1326 114.144 92.2669 106.719
1327 95.4618 102.388 98.7978
1328 98.5216 86.9327 108.85
1329 113.971 93.0016 94.3104
1330 101.779 99.5566 100.061
1331 77.9773 113.347 95.2155
1332 92.6258 113.224 93.7635
1333 97.9951 108.543 101.644
1334 106.007 100.547 107.217
1335 97.9435 89.9053 102.298
1336 113.829 103.852 115.68
1337 114.356 97.443 106.631
1338 112.646 113.611 114.5
1339 92.9565 110.747 108.316
1340 113.958 104.559 109.041
1341 90.2096 100.069 97.9291
