0 11.2207 13.3835 -0.761166
1 2.78476 0.0561951 10.0132
2 -0.640337 36.2994 21.8914
3 18.548 -0.10044 9.72039
4 25.6662 -0.239793 1.10871
5 7.84911 12.7572 -0.281551
6 -0.511954 13.1346 10.8055
7 11.9084 8.89745 6.83291
8 11.1612 2.02142 -0.317316
9 -0.677519 15.5187 1.93727
10 0.194029 15.3777 32.3958
11 23.5535 11.3252 18.5253
12 18.2871 0.420415 18.1417
13 3.67199 0.147527 32.8731
14 28.109 0.150688 27.0856
15 24.1154 13.6543 18.873
16 0.0157518 27.1402 42.3058
17 27.96 0.75608 43.3194
18 0.271984 11.6676 39.4563
19 23.7956 4.56271 18.057
20 21.8965 0.693905 53.8222
21 3.66969 0.144906 40.9873
22 18.7228 0.771302 47.0153
23 10.0118 6.41468 36.1112
24 -0.00938747 31.8945 33.9584
25 26.6485 0.860546 47.1652
26 12.3075 21.2067 45.735
27 8.08618 23.362 49.6396
28 35.2269 34.8532 54.807
29 11.5892 27.1406 68.1671
30 0.242479 16.1016 52.0673
31 6.9183 0.851722 47.9115
32 31.5302 0.656325 35.4797
33 26.0769 0.427982 40.2007
34 0.323102 13.8862 83.2686
35 31.0058 0.972542 79.7804
36 22.1301 0.554987 78.0429
37 22.4364 16.3256 61.0458
38 9.94322 0.706836 64.4525
39 25.6689 0.72349 59.2262
40 10.9191 0.609941 55.2323
41 19.707 23.0424 87.9142
42 22.0787 23.5597 98.7616
43 32.0352 0.651714 75.5713
44 6.84635 1.12282 71.6513
45 11.8568 0.596647 75.2325
46 15.6918 16.0222 100.733
47 0.139615 8.40342 85.8045
48 12.5926 25.2781 82.4259
49 29.8022 20.6121 113.372
50 21.1081 4.42306 109.31
51 24.6296 8.46456 100.001
52 24.2773 29.3577 91.628
53 -0.536737 1.55985 104.403
54 22.4417 0.685319 101.072
55 18.7213 12.2736 100.27
56 3.09229 14.979 87.5638
57 9.46172 23.2616 108.782
58 10.6332 0.477763 98.2114
59 35.834 0.107273 96.8852
60 7.24797 4.19183 109.329
61 14.1409 0.270837 119.056
62 33.2342 16.1781 121.309
63 16.5898 9.19368 120.831
64 2.48555 0.147217 118.539
65 5.76311 5.11002 113.168
66 21.4677 44.7109 6.81062
67 22.1607 30.6911 16.0097
68 30.1706 39.4466 11.3251
69 -0.647554 45.592 12.0058
70 27.8999 22.6233 12.2931
71 6.94716 57.3189 -0.0408418
72 27.3126 37.1615 -0.0628974
73 8.37819 45.9074 0.0336879
74 23.6564 34.0085 22.4113
75 -0.171558 20.353 21.6533
76 9.54841 21.7685 18.315
77 3.98551 29.4784 11.8146
78 -0.0120304 40.7778 49.9927
79 -0.925659 25.8647 7.88306
80 12.7732 29.1793 40.3386
81 -0.0576818 48.1136 21.5658
82 38.5916 53.6264 37.7344
83 11.8468 40.7958 36.0336
84 31.0773 30.3594 26.1371
85 0.270685 42.6692 40.4281
86 37.5497 44.4005 46.5804
87 0.107243 36.2968 53.6679
88 17.8112 45.1878 37.9912
89 0.178216 34.3788 62.0411
90 19.3233 42.0669 68.1118
91 37.4793 30.6992 60.2767
92 9.68951 21.6486 75.4254
93 0.0356178 22.8618 33.1719
94 0.315316 27.0394 45.1828
95 15.9872 40.2731 71.6259
96 10.1721 50.8175 66.291
97 13.5839 46.9453 36.723
98 12.0723 29.5174 61.0957
99 18.6113 17.2645 56.3491
100 18.1474 40.9571 76.3637
101 29.0575 36.2126 72.8197
102 0.267081 32.0141 79.8745
103 14.45 47.2358 59.77
104 20.041 27.6275 57.215
105 -0.213692 43.0275 93.8632
106 19.8388 48.9679 54.3144
107 21.319 12.7774 96.0025
108 34.7204 23.8995 64.1296
109 22.3569 11.8549 64.5567
110 12.9299 46.3485 95.9371
111 0.279058 31.3987 84.264
112 23.4361 26.8019 97.7494
113 -0.801682 48.6014 117.474
114 22.0904 26.0927 108.312
115 10.6725 16.4586 101.498
116 37.7122 44.3618 89.879
117 14.6155 37.1528 104.104
118 7.00915 44.8488 85.7558
119 22.0719 56.1673 103.351
120 19.8872 26.612 109.2
121 15.8185 54.5234 98.5689
122 37.1144 63.7622 88.8464
123 19.1877 59.3821 99.6889
124 -0.0763928 29.2215 91.2784
125 25.1523 36.8143 121.215
126 29.4076 40.6861 121.426
127 9.40669 41.6405 108.138
128 7.31816 34.6025 105.166
129 13.1248 44.6192 108.236
130 10.0657 34.6525 121.31
131 13.1285 43.8557 121.249
132 33.1902 27.4504 105.496
133 21.9312 40.0795 105.945
134 17.5267 69.4397 6.71225
135 2.1237 63.0464 -0.215717
136 33.8434 68.4127 2.05338
137 17.671 54.1151 12.1949
138 5.39631 59.5715 8.60608
139 -0.367515 82.7386 7.8549
140 19.3957 55.6977 11.7154
141 20.3909 68.7866 23.5185
142 0.215041 60.1022 29.0073
143 15.4426 39.4592 23.9093
144 43.8202 59.0839 16.8256
145 0.391816 70.676 45.762
146 27.6023 75.0157 12.6663
147 15.1748 76.4257 30.6053
148 19.853 62.2053 41.0275
149 24.907 48.1523 37.3364
150 33.881 79.1606 33.0354
151 0.266247 59.7911 55.7295
152 13.9539 45.853 32.0554
153 26.3091 71.4177 34.1903
154 12.0599 44.7306 38.668
155 12.0727 53.9812 50.0345
156 0.148797 34.6491 56.5326
157 0.243717 84.7768 26.7544
158 18.4428 67.2806 45.9813
159 0.107609 41.5934 37.863
160 29.6133 40.0362 50.2971
161 19.5133 64.9956 63.5829
162 8.596 63.6425 53.8992
163 22.1796 46.3998 45.7725
164 25.7783 67.3817 42.3434
165 13.759 53.8147 50.3111
166 37.5049 49.7573 64.4898
167 0.285053 52.9149 74.4889
168 8.0733 65.1659 76.3707
169 14.6727 51.0992 66.476
170 31.1953 54.1103 81.7655
171 38.7475 49.0653 55.0066
172 17.883 75.4197 79.1515
173 11.2997 57.7748 93.2787
174 18.3704 65.049 82.6199
175 -0.0522025 68.7695 90.646
176 8.06543 70.5707 85.8974
177 31.6143 66.0832 78.2491
178 26.039 50.0442 82.7513
179 32.5148 63.9209 67.2969
180 0.199789 50.2737 91.5051
181 -0.0332832 61.5222 87.3239
182 11.1568 54.2357 103.756
183 13.2919 46.3545 98.9502
184 30.2135 65.6507 104.782
185 23.1039 47.5804 97.8936
186 4.93963 56.3343 114.927
187 13.4683 78.8526 92.5334
188 -0.816987 62.4376 107.284
189 3.73388 66.7039 113.481
190 10.8141 44.8796 115.062
191 0.901979 67.8726 121.657
192 12.8728 58.4531 120.967
193 14.703 68.2593 121.431
194 -0.762248 59.9592 114.161
195 10.1367 56.0486 121.064
196 20.9769 50.591 113.919
197 33.4828 55.586 105.834
198 22.1307 62.7952 121.246
199 12.904 70.921 8.58058
200 6.98189 81.4322 8.47582
201 30.4775 93.229 7.96242
202 15.249 71.9787 7.5905
203 24.2387 75.9481 5.80439
204 18.288 84.3169 7.76951
205 2.74623 76.551 -0.804253
206 23.9571 80.0667 -0.731408
207 5.61289 71.9563 -0.0415502
208 16.1475 73.8451 -0.0643529
209 25.7837 70.7842 20.9923
210 26.6931 76.8828 25.4745
211 32.4347 92.2346 30.5159
212 27.8653 90.4702 24.5663
213 36.4059 85.3749 22.2722
214 31.195 74.7342 30.4092
215 17.5926 62.2621 14.329
216 1.49519 86.1789 -0.749791
217 13.8151 65.8534 16.499
218 28.7762 80.6525 33.8935
219 0.0439099 85.3636 35.684
220 0.272229 63.8971 48.3917
221 25.9638 92.7869 57.5739
222 32.3157 79.2807 44.0209
223 20.0918 76.6187 24.2619
224 26.7542 79.125 29.0049
225 0.162198 87.5042 42.3101
226 22.0282 68.2435 41.645
227 15.5854 85.5309 34.0166
228 19.9538 51.2875 43.9877
229 0.32309 82.9404 56.5035
230 25.4979 80.7181 44.8533
231 18.4638 71.7886 42.3056
232 0.00654968 96.673 56.916
233 8.27096 60.5415 52.7926
234 6.61987 62.7877 52.0016
235 26.2146 82.4597 52.1219
236 9.403 46.1064 52.9256
237 26.2546 62.6232 51.6293
238 0.508665 80.8512 50.4205
239 0.410067 68.6476 58.3448
240 23.1124 76.684 57.4587
241 30.2684 86.4292 64.8828
242 4.98345 52.969 52.9478
243 25.5684 53.3476 60.9541
244 23.3548 109.46 79.0625
245 0.125062 73.0453 78.6336
246 41.5648 85.7026 46.884
247 14.1737 89.6871 71.0172
248 29.3841 95.8205 85.2025
249 19.2729 71.8099 55.6916
250 35.5396 62.2283 76.2442
251 32.6164 96.2885 69.7407
252 17.0576 66.8836 74.5086
253 19.0801 90.3029 92.6214
254 0.326062 87.3889 71.7086
255 4.10256 85.739 84.3671
256 32.6862 80.4674 63.6886
257 15.2287 87.8239 83.6715
258 23.7442 93.2295 97.8111
259 -0.137293 78.425 84.2426
260 0.248676 54.7285 79.815
261 19.6255 94.7579 75.3321
262 -0.249278 82.774 91.0285
263 11.3671 80.2228 102.711
264 15.6315 81.1525 98.6953
265 -0.187345 75.7082 98.2799
266 33.4784 80.0132 102.35
267 -0.601845 75.4099 100.981
268 21.638 93.1992 98.1005
269 17.2845 84.2477 83.2894
270 13.9005 84.5723 88.2764
271 5.97586 83.8266 121.11
272 16.8696 70.8914 112.526
273 2.56147 70.8448 121.898
274 -1.1909 82.7544 111.597
275 23.7826 69.1554 107.564
276 31.3694 81.8374 106.8
277 26.8785 91.4452 122.038
278 24.3304 113.238 1.30759
279 16.43 101.685 2.64588
280 9.90979 99.9673 -0.0113635
281 13.6462 99.9857 14.9318
282 17.604 113.702 10.2285
283 2.73323 97.6836 -0.601264
284 21.6247 90.237 29.8425
285 -0.405072 94.9464 15.3813
286 12.569 113.162 18.8663
287 0.150721 106.525 25.4714
288 0.319102 110.692 30.4092
289 0.239905 108.179 50.4434
290 1.75779 103.036 -0.177482
291 21.8749 113.152 23.5229
292 -0.705249 82.727 15.1225
293 11.3666 104.33 19.7772
294 15.7749 83.7215 16.5453
295 -0.444229 104.449 11.2334
296 33.1815 112.991 21.7733
297 12.8567 112.657 27.239
298 40.5935 112.677 40.6042
299 33.2025 105.694 32.9917
300 32.929 113.094 16.5084
301 15.7675 112.885 44.9841
302 0.654482 109.86 42.4469
303 2.24466 112.88 47.8297
304 4.58993 112.279 38.0304
305 4.49254 86.7963 41.372
306 17.9584 112.792 39.5686
307 26.7415 88.2254 26.9996
308 28.6244 112.584 35.2786
309 23.0977 99.8372 45.0882
310 20.8968 96.1415 58.4934
311 12.2496 90.2386 29.9079
312 22.0389 113.134 36.72
313 6.33201 112.736 47.7302
314 19.9032 87.0899 64.8129
315 0.321046 105.872 76.3049
316 0.452137 110.61 54.6542
317 0.396229 111.127 72.8014
318 0.348274 91.9637 59.7742
319 6.12357 112.996 55.7506
320 23.7731 112.71 82.4274
321 21.6395 113.075 93.1006
322 29.7743 112.99 77.0436
323 15.9883 112.905 71.5025
324 14.2044 96.0274 70.95
325 8.42039 92.2207 84.437
326 -0.0337458 105.365 86.1644
327 -0.402723 111.502 120.48
328 21.6703 92.6578 90.3127
329 29.3721 113.511 106.582
330 29.5711 98.505 101.679
331 2.02717 113.089 90.3517
332 11.7349 113.406 101.008
333 -0.510514 110.739 109.188
334 5.50823 113.316 101.108
335 15.1042 113.559 104.034
336 13.4747 113.16 101.189
337 28.0298 112.709 79.4759
338 25.3669 113.534 116.758
339 24.7188 100.986 121.287
340 -0.859041 104.292 115.433
341 7.61021 92.1502 105.111
342 1.62481 114.248 111.692
343 39.6777 13.0126 9.44338
344 20.1705 6.17723 13.4549
345 35.6987 12.4205 7.51613
346 41.1054 17.922 -0.0830328
347 51.4668 -0.114843 3.75882
348 37.5934 14.103 8.79625
349 35.9273 12.0643 0.09802
350 33.4544 15.0265 10.8156
351 34.8847 18.6952 8.89801
352 15.6385 4.72549 20.7499
353 52.4391 12.8349 15.367
354 27.269 -0.311293 14.4837
355 51.7528 0.407837 19.1792
356 27.7547 0.330085 19.1792
357 29.5928 31.2786 16.5413
358 21.3991 20.6531 16.4105
359 56.5165 22.5686 32.5233
360 46.1727 12.5012 20.2638
361 61.1372 30.1517 38.6811
362 50.8332 21.5945 52.4199
363 43.5944 23.2059 31.177
364 57.5397 30.5281 44.2927
365 49.6629 0.925566 48.7651
366 34.3045 14.4403 62.7175
367 33.7402 0.213636 59.0432
368 61.7587 37.0867 63.6867
369 30.9675 1.13693 66.2393
370 44.4533 18.0038 36.102
371 35.7044 0.796847 45.8996
372 26.3041 19.9671 65.6291
373 57.6528 0.645219 64.8292
374 51.0511 14.3974 54.8289
375 67.8692 26.5628 74.6348
376 36.4269 9.36908 68.2046
377 30.9789 1.05647 58.2688
378 47.7381 0.271143 91.4789
379 50.9223 17.6889 64.7282
380 41.2431 4.97997 87.8993
381 54.3295 1.34042 74.4064
382 40.7218 22.9453 84.1321
383 46.0368 6.91632 89.6783
384 29.4926 0.716894 86.2426
385 30.2603 0.94128 92.8489
386 21.0556 0.078722 73.0932
387 53.4785 -0.115648 104.801
388 39.7362 0.293016 94.3302
389 49.9523 30.2937 93.3221
390 45.5683 21.552 102.138
391 49.084 18.4482 98.7832
392 45.8013 19.3914 103.464
393 53.4005 15.7642 121.343
394 27.0177 12.6089 121.177
395 45.3099 25.1143 112.182
396 53.4307 26.2763 106.583
397 33.9009 1.76827 121.717
398 46.5502 2.11502 122.112
399 47.3375 11.6466 102.016
400 56.4495 10.4846 121.273
401 46.1615 23.3243 117.174
402 34.03 29.8146 -0.164418
403 31.8599 42.8591 13.5065
404 32.7409 45.7986 -0.0988938
405 54.5516 35.8954 0.244355
406 55.7625 40.1094 -0.00656167
407 37.618 31.3077 16.4739
408 31.6163 41.4667 4.0327
409 46.5863 32.9978 14.164
410 32.4538 31.9843 -0.161226
411 59.6478 50.7989 0.126604
412 43.7229 47.904 4.7316
413 40.7767 48.2258 6.01331
414 44.5508 48.4706 21.6673
415 34.0378 47.4101 22.4733
416 65.9991 66.7637 35.0481
417 38.2133 58.0678 15.448
418 21.8025 38.0841 16.6977
419 42.2264 28.8009 18.1225
420 26.3609 65.0414 26.2666
421 43.674 23.6462 33.4547
422 19.3985 29.933 23.0269
423 40.1089 23.1873 35.8208
424 48.7635 57.0578 43.1337
425 33.2003 22.9335 22.4745
426 32.3843 32.3461 55.6893
427 67.456 32.3432 37.7501
428 21.3297 35.9182 15.6187
429 48.4128 13.9107 32.4384
430 39.5577 46.298 21.4332
431 55.5058 39.0564 45.693
432 27.9419 58.3831 35.9552
433 55.6865 31.9012 26.8396
434 39.5604 27.0603 76.5783
435 31.4675 34.7605 49.5167
436 40.6158 31.8339 60.2562
437 32.4014 43.7913 46.5688
438 61.1102 52.2457 73.6985
439 38.3266 33.55 57.7116
440 48.4961 66.0402 55.0137
441 37.9804 38.5584 67.373
442 47.8376 7.9283 61.9897
443 37.5031 42.4072 75.5653
444 36.7891 32.2153 77.0864
445 26.4954 45.0168 91.5421
446 25.8347 7.7372 67.3808
447 51.9152 39.2968 50.5641
448 36.8709 24.5659 92.491
449 45.2377 37.1013 68.501
450 53.6321 26.2657 63.8839
451 40.0093 32.5034 58.3869
452 25.6017 52.0301 70.848
453 31.5038 36.0831 72.1469
454 27.1353 46.4644 75.4782
455 49.9553 43.0525 72.1128
456 25.4657 65.1469 87.1967
457 40.6139 39.0494 93.2841
458 30.6117 38.2315 72.7304
459 35.1555 55.9674 78.9427
460 59.4046 59.6258 81.0795
461 59.5762 45.9987 80.9731
462 59.9203 19.8424 82.6419
463 50.961 51.3251 80.2551
464 56.5012 43.2784 91.8592
465 39.3245 47.5444 79.1477
466 47.2313 20.9534 89.5939
467 35.6459 24.3718 113.176
468 53.9216 36.7751 90.8847
469 58.4886 49.0935 101.116
470 22.2695 49.3385 106.631
471 63.7662 34.2855 117.85
472 43.3049 31.3859 112.658
473 45.2828 39.2171 109.515
474 29.5254 26.5536 121.427
475 45.4503 26.5418 121.341
476 42.0462 35.2457 121.579
477 45.2435 39.0919 107.118
478 48.3501 31.2289 121.294
479 38.0184 56.1509 121.645
480 34.5544 63.2104 -0.199421
481 40.0098 59.3522 16.7744
482 56.3097 67.1636 3.11714
483 45.6879 44.2061 17.1559
484 16.0237 55.6665 19.0723
485 28.5131 38.2327 22.3689
486 42.9399 81.8359 22.254
487 48.0703 70.4309 18.9774
488 56.6291 57.4791 35.7473
489 42.7863 60.8912 16.7218
490 39.5526 63.5063 39.755
491 34.7865 55.6623 30.5136
492 52.5732 45.3925 36.0901
493 50.1022 44.2259 47.5658
494 63.8479 56.0225 37.7252
495 29.4761 61.3738 17.7721
496 55.376 41.8145 52.3539
497 23.7411 67.1009 42.9334
498 39.8878 52.4589 40.5271
499 40.7774 55.2832 40.197
500 50.0636 41.7715 60.0715
501 29.4258 45.0971 46.6634
502 52.9819 63.7106 53.8972
503 48.2919 46.2974 71.7518
504 42.3126 79.5949 48.4572
505 36.3525 63.8209 69.8867
506 50.2807 67.1741 56.6243
507 57.4194 88.7531 71.9122
508 29.9817 54.7157 65.632
509 55.722 62.0408 38.6921
510 33.5087 63.5122 78.1298
511 36.9291 45.7333 60.5363
512 47.2934 72.0912 58.6048
513 9.12541 50.0814 61.8562
514 36.8814 70.7685 86.4029
515 41.5847 51.9555 86.7867
516 59.1485 61.2742 100.422
517 36.1099 65.7862 92.576
518 19.5815 57.2271 85.2569
519 52.2236 48.4334 78.3998
520 24.8611 48.6037 72.7031
521 33.787 55.2638 95.1743
522 42.5346 67.2816 67.4108
523 50.3952 81.5936 76.3953
524 52.5467 57.2445 84.1424
525 46.9574 55.6202 95.3915
526 39.3291 54.3931 113.725
527 42.7582 58.8617 102.422
528 50.2489 65.2211 93.262
529 20.2222 54.6614 104.194
530 34.9078 57.6911 104.034
531 27.1789 64.7329 121.62
532 29.2889 65.0077 111.198
533 63.1649 48.9529 101.054
534 39.21 54.1712 116.189
535 41.5483 61.4577 118.957
536 62.1853 61.1855 116.177
537 37.8894 71.6385 -0.042079
538 47.1272 84.5133 0.042764
539 28.0859 71.3385 19.318
540 51.1236 63.4077 -0.150653
541 42.6521 95.9386 14.0857
542 28.3144 80.9425 -0.14117
543 31.5131 71.6399 -0.356557
544 38.0254 86.8677 37.662
545 39.3439 86.6157 26.6887
546 64.7801 94.4464 44.8313
547 48.808 84.8148 24.3845
548 33.6131 73.7212 16.2829
549 59.6525 81.0856 19.0986
550 47.9591 80.9531 8.13122
551 56.8652 85.3658 33.1391
552 36.7247 62.2234 18.6284
553 45.11 76.0223 48.4285
554 51.9432 93.4352 17.2497
555 60.8987 64.1087 59.7563
556 19.2777 82.2037 27.8794
557 33.8394 100.851 27.3912
558 56.4847 80.6526 33.9883
559 54.5783 95.6046 24.8935
560 26.5546 85.8649 34.2954
561 51.2111 81.9774 46.495
562 61.0123 76.0274 34.9918
563 45.0533 87.2302 30.656
564 35.2621 40.1222 33.0372
565 42.1864 67.4376 47.9896
566 41.8846 83.2962 48.6975
567 67.5606 87.5911 53.7605
568 52.5691 89.1341 52.9954
569 32.6365 75.3828 64.1315
570 61.5978 72.5269 62.7344
571 19.1807 76.6645 41.2736
572 44.676 70.7217 48.55
573 54.6013 63.3363 61.0564
574 47.5028 58.9407 40.6094
575 39.2939 47.5733 62.7297
576 44.8586 56.8305 56.5411
577 38.1964 82.0278 49.2448
578 32.1893 61.4951 36.7478
579 52.6454 62.1272 83.3978
580 63.5281 80.0046 65.0905
581 35.5996 70.8977 82.8686
582 42.7953 90.6676 79.5864
583 55.8543 77.2354 61.8728
584 17.8474 95.7018 74.3994
585 39.0423 77.3584 74.3321
586 38.0872 103.891 70.9785
587 50.8606 92.9608 91.0364
588 25.02 88.0788 101.584
589 38.9328 72.7073 96.9971
590 46.9657 62.8799 95.2166
591 57.7686 73.4129 83.5942
592 34.5311 72.522 78.0831
593 67.4306 90.262 105.944
594 46.0686 71.8376 90.8719
595 19.5092 93.6351 89.3164
596 48.5133 71.5668 89.9841
597 32.0462 75.8488 107.211
598 39.6186 54.3985 93.1905
599 41.4694 84.7719 99.1721
600 41.6907 113.191 106.721
601 58.1781 84.3231 104.287
602 49.6261 86.2396 89.9013
603 73.7056 99.5401 101.428
604 41.4765 65.8731 102.752
605 19.5505 86.7582 89.487
606 52.1284 91.3139 89.0679
607 43.6147 68.4292 103.627
608 41.5391 66.5372 105.023
609 30.0684 88.9557 105.998
610 47.3792 85.7023 116.388
611 59.2395 75.7071 121.441
612 49.6593 83.702 121.192
613 27.9053 68.6232 111.8
614 43.4249 88.2475 117.166
615 50.2535 77.3197 121.666
616 38.1898 104.853 -0.412854
617 44.7958 113.237 1.19716
618 57.1233 113.418 1.28345
619 28.79 111.037 8.21578
620 52.1067 113.622 2.62303
621 37.7451 109.079 11.0752
622 54.8763 105.144 19.9181
623 34.953 98.1784 12.3166
624 49.0764 90.05 13.4214
625 39.0977 112.498 0.140791
626 47.5156 103.174 19.3639
627 29.2553 113.264 16.3198
628 34.7056 102.859 14.1674
629 40.5581 113.006 19.2112
630 35.9107 95.6666 28.8302
631 10.8817 91.3275 17.7654
632 21.6186 91.6188 23.8159
633 31.9068 112.983 28.3916
634 31.4014 85.6259 36.7361
635 44.5296 101.285 31.017
636 55.9514 112.839 45.3858
637 36.143 95.7837 52.7621
638 49.1656 112.4 38.0385
639 43.823 93.7609 40.9013
640 52.6666 105.097 51.2904
641 47.4925 112.904 55.6299
642 65.9272 87.0328 48.6333
643 37.3208 112.435 48.7266
644 47.1162 88.6783 41.1269
645 47.6233 112.633 42.279
646 52.739 112.389 53.9781
647 62.3267 81.2759 51.5417
648 29.8508 112.945 52.8601
649 17.0174 112.709 75.2316
650 43.7505 112.707 68.8161
651 19.719 112.832 65.9953
652 49.9971 91.4837 69.1851
653 41.6588 112.857 66.1984
654 27.6274 103.209 87.1336
655 15.9186 112.882 69.166
656 72.4714 112.388 70.5286
657 0.278941 69.1317 74.8335
658 41.4363 92.4343 76.6917
659 39.6636 101.477 67.1854
660 19.924 95.9508 87.7018
661 45.7012 113.112 95.7038
662 45.7034 112.786 82.4323
663 43.7636 112.876 79.8351
664 36.5134 112.522 91.7699
665 43.5268 113.273 100.906
666 49.5242 112.756 82.418
667 45.7154 92.3752 85.0872
668 35.0367 96.3011 106.023
669 31.5573 105.808 90.6782
670 41.9155 73.8413 78.2953
671 29.4538 112.758 82.6323
672 42.7331 113.64 95.7641
673 55.7979 112.709 87.8653
674 37.4042 92.8021 113.958
675 37.2804 113.413 109.188
676 57.8389 112.705 79.8674
677 36.5386 112.693 94.3283
678 52.3773 112.625 97.1421
679 49.5492 113.329 106.832
680 45.0847 92.7676 121.467
681 52.6519 94.7111 106.686
682 47.5335 112.586 121.962
683 37.411 93.1988 121.264
684 48.9872 113.259 117.745
685 33.4278 113.895 106.976
686 25.2489 113.659 107.023
687 35.5206 113.477 119.125
688 51.6777 103.305 119.005
689 53.1787 99.7448 121.681
690 53.4034 113.514 111.685
691 66.2615 9.02618 -0.0184502
692 62.6718 14.6087 0.246266
693 82.985 5.06469 9.15934
694 78.0561 20.8802 13.9276
695 64.9998 18.1188 -0.234678
696 57.47 24.9741 17.9042
697 80.1251 -0.270718 14.021
698 55.4358 15.9223 17.9929
699 50.4301 23.4172 13.1222
700 63.7362 0.249382 24.3944
701 83.7046 10.8714 27.1871
702 79.9429 0.322932 21.9441
703 55.8559 17.9669 21.9428
704 69.5024 0.456819 33.1036
705 66.3666 5.51775 14.6396
706 70.0915 0.7639 48.7651
707 66.5028 1.04102 42.1998
708 79.0016 24.0189 40.1588
709 77.6878 23.083 30.7827
710 62.5536 28.0608 44.08
711 46.6441 0.976807 36.7364
712 50.7119 41.8874 27.9211
713 67.7559 11.7807 37.4303
714 72.0002 0.105266 24.6191
715 63.6643 24.9194 32.3954
716 52.107 19.8473 69.1806
717 78.348 19.15 56.8553
718 96.842 11.8313 61.2566
719 67.6766 14.8861 72.966
720 84.5749 24.8461 87.5727
721 75.226 0.647993 80.887
722 79.2151 28.0296 65.7099
723 55.8862 0.706947 62.0765
724 51.883 1.08909 70.1982
725 69.6537 22.6923 69.5158
726 81.524 32.9682 61.3311
727 73.697 0.935103 78.1605
728 42.3342 21.1399 95.3023
729 81.7314 11.8995 83.4907
730 79.8539 33.3219 88.1924
731 78.9802 0.316377 101.057
732 94.3389 0.619275 98.4172
733 85.4964 8.49929 121.62
734 87.9739 10.5979 102.71
735 70.8301 7.08164 121.468
736 85.2452 24.7892 121.765
737 64.7447 19.985 102.497
738 60.4211 3.68933 114.125
739 81.9017 8.49605 111.845
740 73.6604 23.0371 121.648
741 67.3089 19.8248 121.398
742 67.7283 12.168 118.994
743 84.9373 12.4078 121.958
744 59.507 -0.524069 110.328
745 81.8904 12.8764 121.564
746 61.8445 -0.624321 107.953
747 61.4689 15.8422 121.458
748 72.9437 31.9774 0.0537296
749 80.5817 47.2713 0.162895
750 81.7552 40.7153 0.108477
751 82.1777 34.9981 18.8892
752 70.3015 37.0881 -0.0924752
753 61.7281 26.8132 -0.157155
754 83.8318 54.0137 23.5197
755 78.2382 44.0588 18.0882
756 77.877 37.0647 20.2682
757 59.9684 32.9085 26.2274
758 66.7598 16.7253 11.1807
759 79.8681 26.1012 36.9196
760 65.698 30.2023 22.7306
761 65.444 53.2629 29.035
762 64.9276 22.761 51.5132
763 74.3838 1.19006 58.4064
764 97.471 24.1443 57.381
765 59.0991 54.4104 68.4208
766 69.251 41.8181 51.4467
767 77.533 19.0729 53.1086
768 59.665 25.2721 64.8789
769 104.145 52.9597 63.834
770 72.8208 34.4408 45.6778
771 69.4955 23.8045 76.5328
772 113.521 52.3156 49.33
773 78.0602 37.3153 82.8688
774 73.7872 41.1695 76.6192
775 77.5806 45.4142 51.5927
776 71.8046 40.2738 63.8811
777 71.418 31.9733 69.9692
778 87.629 28.4306 83.9499
779 73.4679 7.38245 78.4292
780 71.0011 35.8832 55.6823
781 63.2517 39.5013 81.0132
782 74.5149 26.0091 78.3084
783 61.1839 36.9976 76.3749
784 83.5833 27.7132 71.0584
785 67.7735 37.1753 95.3399
786 77.9513 30.4148 88.2542
787 69.5522 36.0693 72.4012
788 61.3546 49.3438 59.3749
789 47.8709 37.3888 76.7523
790 72.693 27.6042 78.0084
791 80.5464 59.9234 101.329
792 39.1673 48.5226 103.14
793 69.3694 30.7797 81.9304
794 42.5867 11.6168 102.546
795 51.8875 32.5799 88.2237
796 58.8803 45.2296 94.6237
797 73.7767 0.496609 91.6637
798 73.5203 42.8969 107.47
799 53.7071 38.9134 96.9663
800 72.0481 55.1335 112.847
801 75.892 18.7724 106.942
802 61.3003 20.1321 85.4791
803 64.9996 31.417 98.1091
804 57.3958 43.9654 121.518
805 67.2702 26.4694 121.271
806 61.553 23.0834 111.332
807 67.5571 24.9013 115.023
808 61.517 39.1837 109.794
809 88.618 38.3357 121.458
810 84.8747 47.4462 0.217272
811 81.0453 74.1786 0.180598
812 56.0071 54.3062 -0.0916543
813 58.5082 56.1874 7.54822
814 58.042 53.3894 5.75854
815 63.5712 54.3217 7.17773
816 57.8107 55.3779 3.91423
817 92.4632 71.6137 7.61029
818 69.327 57.5024 14.4054
819 72.652 62.1728 13.598
820 88.6532 47.6548 7.99398
821 65.2597 55.2573 26.8773
822 59.5297 63.3687 7.66859
823 62.1162 52.9535 21.7475
824 70.2761 64.3165 20.7882
825 75.9598 67.3603 26.3857
826 78.2734 67.2416 21.4198
827 62.9534 51.3417 15.7671
828 91.6905 54.6708 20.1439
829 99.9518 81.7964 21.0306
830 91.8766 74.5434 26.3738
831 73.8787 71.1486 42.3195
832 65.8817 90.3717 41.0229
833 71.4227 44.8701 54.35
834 53.212 48.422 29.684
835 58.4396 55.6744 30.455
836 87.8691 68.148 36.748
837 73.0499 71.1028 21.9894
838 86.3645 55.748 38.7389
839 67.8083 57.8449 60.3424
840 65.4264 52.0363 73.8324
841 89.3055 79.1185 52.1681
842 60.3413 55.4355 86.2999
843 71.209 53.5732 56.4707
844 89.2176 53.609 61.3938
845 73.6385 64.4916 66.4296
846 92.6489 48.2484 62.012
847 64.7546 64.4135 60.1842
848 76.4589 59.5287 71.5461
849 57.9955 49.6632 82.8804
850 65.5154 37.2015 79.2906
851 87.2217 44.0464 101.565
852 65.7342 57.1076 88.2078
853 69.2514 61.5858 90.9051
854 58.0763 45.2046 56.6953
855 98.2412 63.4852 74.8049
856 81.765 66.0465 92.1589
857 73.3226 51.3036 81.8862
858 76.4188 68.6851 99.284
859 80.3187 59.8637 88.1262
860 62.9002 72.6 99.4988
861 67.9995 43.6359 111.301
862 81.5691 56.1187 97.0866
863 90.0639 41.5336 103.373
864 70.102 45.3935 97.2195
865 76.3625 50.224 100.633
866 68.4182 41.1213 77.4923
867 65.0539 68.6316 112.051
868 82.8328 53.9076 115.756
869 75.61 48.9272 110.343
870 90.7925 27.8562 121.535
871 63.5528 65.1917 121.515
872 72.8 66.4215 121.573
873 88.2732 62.2674 110.243
874 81.8879 54.1916 121.777
875 82.6838 55.9405 121.605
876 94.1617 78.6202 0.319622
877 60.4465 73.9715 0.250643
878 80.403 82.6804 -0.11835
879 71.9886 82.2152 0.0558797
880 69.4303 85.78 12.1597
881 61.877 78.3886 -0.197132
882 59.7418 71.3135 0.136115
883 70.0796 74.9404 10.5527
884 62.9456 70.4054 0.117674
885 66.5547 89.1607 7.13041
886 70.1268 76.5677 44.3003
887 60.1306 74.276 18.1703
888 81.4119 72.6054 35.9285
889 69.3785 80.9303 26.0777
890 69.5092 65.9486 27.7764
891 57.331 95.0165 26.2426
892 73.3031 73.9359 47.8641
893 66.7554 72.827 21.8767
894 101.555 87.9758 31.8388
895 82.57 60.2365 64.7159
896 79.8527 70.7534 18.529
897 77.073 69.1426 48.5489
898 84.7171 94.2757 14.7909
899 100.305 68.4673 45.0737
900 85.877 94.7922 48.282
901 83.09 85.5892 45.0011
902 71.6339 92.4001 63.606
903 68.5356 112.317 59.5698
904 65.6796 94.2036 53.7842
905 63.4057 73.6541 53.7883
906 69.3197 85.9693 44.0198
907 89.9594 77.3761 47.8203
908 65.1189 77.449 62.2769
909 50.8585 97.1833 62.957
910 65.9787 90.9317 61.4807
911 90.3353 77.3395 74.726
912 75.1526 76.131 79.3012
913 69.5003 79.3121 68.2673
914 54.1578 94.6136 48.3826
915 73.585 76.3962 40.6276
916 75.1467 74.1693 75.7717
917 51.3043 63.9205 80.2192
918 67.0748 81.7959 79.3732
919 67.7198 60.6643 69.3819
920 75.4892 57.1922 74.8763
921 92.4395 80.3469 74.5193
922 66.17 90.9146 80.0204
923 74.2992 78.604 74.8526
924 57.5053 76.5222 94.644
925 36.142 94.1554 100.731
926 74.4969 81.7528 76.4336
927 93.7223 74.9012 93.6172
928 62.9854 86.0478 106.933
929 69.5924 75.5281 101.238
930 59.7239 89.7735 121.57
931 78.027 68.2223 121.489
932 79.1541 70.3829 106.771
933 79.1471 90.9029 108.685
934 66.9002 76.592 121.313
935 60.6179 101.579 111.442
936 62.79 77.061 109.072
937 69.5526 89.5104 116.598
938 86.163 93.8052 22.0157
939 57.3944 99.6766 9.46944
940 61.2111 96.6943 5.5134
941 78.6341 85.6579 0.0676325
942 61.0051 112.629 32.7308
943 84.8544 112.93 21.9136
944 79.7962 112.751 31.7319
945 52.4928 113.082 24.4785
946 52.9467 113.447 11.2366
947 64.6707 113.611 14.268
948 69.9956 112.688 42.1793
949 68.3562 98.7761 21.5809
950 68.8483 113.367 19.4886
951 64.7417 112.66 35.1817
952 38.2544 113.068 58.2521
953 71.3457 95.9368 19.7204
954 113.542 87.002 28.665
955 49.6661 105.74 52.865
956 83.3839 104.025 44.1808
957 91.5388 91.0276 54.0359
958 68.7586 112.491 51.6287
959 65.8231 92.0112 47.6948
960 49.6059 88.5978 42.0384
961 64.6583 112.414 73.1397
962 81.2805 112.635 63.5849
963 61.0424 112.584 43.3281
964 66.3813 83.4413 30.5979
965 85.5428 82.9141 46.7421
966 79.3935 110.742 68.0791
967 64.4424 84.6011 37.7598
968 86.1746 86.404 51.4069
969 64.8709 96.8329 67.5094
970 72.216 89.7882 64.8552
971 61.4149 112.722 68.9487
972 100.242 103.275 64.6849
973 87.4403 88.893 76.8377
974 84.3255 112.315 70.4239
975 51.9765 78.5636 76.6223
976 68.5706 98.1744 81.1658
977 85.0742 112.851 63.7582
978 68.8077 112.823 99.7031
979 81.25 100.219 60.2396
980 75.6002 80.3476 102.553
981 91.7718 112.94 93.6479
982 61.0902 112.559 83.8372
983 71.6105 113.092 77.4307
984 63.7165 112.861 101.181
985 77.3814 112.868 74.2313
986 81.8244 113.561 106.858
987 73.5321 88.9276 111.88
988 55.2985 96.3274 98.2528
989 105.189 84.7869 97.1711
990 63.2468 79.9418 94.5467
991 91.4693 112.45 77.3707
992 81.594 97.0459 103.303
993 68.1003 103.341 106.843
994 55.8884 91.5898 105.108
995 73.7079 102.345 90.7664
996 59.7585 113.029 87.8835
997 61.6985 113.179 103.733
998 76.3992 93.0211 121.732
999 59.7612 113.74 114.402
1000 93.6701 103.566 121.675
1001 64.83 101.195 121.69
1002 88.5654 94.1818 121.406
1003 66.9707 97.5478 121.502
1004 80.5583 113.442 113.012
1005 62.4476 100.557 104.944
1006 71.7549 95.0987 110.05
1007 69.6462 100.417 116.024
1008 114.338 20.1958 6.38442
1009 101.551 17.9018 2.77163
1010 89.9449 21.0481 11.1772
1011 107.032 0.146039 2.7454
1012 96.0361 0.244204 0.866397
1013 100.179 16.8545 11.7292
1014 93.7958 20.5184 13.6006
1015 113.453 11.5394 31.6732
1016 101.974 19.5324 12.6703
1017 99.8994 0.168246 21.7658
1018 79.204 16.9216 23.8506
1019 102.344 15.5661 12.7149
1020 98.0247 0.393953 24.9148
1021 88.5683 18.0765 12.9766
1022 101.749 15.939 17.4293
1023 94.1441 0.60189 37.8057
1024 113.355 8.56963 35.1129
1025 97.5501 26.4986 39.4988
1026 84.0123 22.2121 37.3979
1027 99.7476 10.4995 41.4009
1028 89.8297 15.5775 42.603
1029 112.0 1.2692 38.361
1030 113.905 8.5352 29.6026
1031 95.3997 0.571848 45.9435
1032 113.022 4.42889 60.6848
1033 92.099 22.7838 56.9787
1034 113.847 19.8552 23.6777
1035 102.702 0.615843 52.8707
1036 113.351 22.2185 38.0838
1037 93.4755 0.478483 49.0586
1038 97.3767 37.7042 63.1649
1039 90.5632 0.795273 93.1043
1040 113.116 25.6553 69.2821
1041 111.985 1.58546 67.8696
1042 105.418 0.666585 70.2327
1043 83.6791 0.765396 62.244
1044 98.5933 1.03516 58.2415
1045 98.3144 15.1423 74.6669
1046 87.8262 0.901319 83.6769
1047 83.1235 0.0657028 100.629
1048 92.533 13.0949 102.007
1049 113.513 4.09943 83.9387
1050 98.3151 0.786932 90.6026
1051 113.233 24.7702 84.6637
1052 113.35 29.8601 87.2603
1053 113.645 13.6365 99.7546
1054 113.386 3.78554 97.4092
1055 98.3445 0.598192 87.8641
1056 69.883 9.52774 85.2139
1057 113.091 22.1105 93.9014
1058 83.8554 4.21159 99.4649
1059 96.308 -0.480865 107.297
1060 96.2716 19.9215 90.9333
1061 110.052 -0.00189992 89.5037
1062 86.8917 0.610373 93.4427
1063 95.829 39.1377 82.8477
1064 96.1867 3.6941 122.08
1065 113.296 6.43523 88.0105
1066 98.4964 0.227273 111.573
1067 113.855 5.76062 116.649
1068 112.343 4.62946 121.986
1069 101.95 8.16826 109.306
1070 93.2906 38.7575 0.0470041
1071 78.5186 29.3961 0.160617
1072 95.8632 16.3081 10.3533
1073 98.231 50.2812 15.5066
1074 93.32 46.0535 0.264479
1075 98.4947 47.0344 2.78026
1076 99.8871 37.0798 0.0239154
1077 98.2276 44.0511 4.8478
1078 114.13 15.0831 13.6211
1079 75.9096 41.4149 17.0758
1080 87.6559 15.9234 39.6567
1081 113.869 43.8534 20.4383
1082 64.5476 31.9315 60.5713
1083 113.321 41.3279 40.6095
1084 97.4393 32.2061 23.5943
1085 101.065 61.4056 34.6387
1086 65.7731 28.1676 43.7279
1087 113.622 43.7258 31.1771
1088 94.0466 42.7351 37.0711
1089 107.076 24.3877 37.9992
1090 81.3364 37.9781 35.8623
1091 93.8177 26.7506 39.0582
1092 113.054 45.6474 55.5121
1093 95.8056 31.1055 54.7304
1094 90.4042 31.1722 64.7704
1095 97.9319 59.1065 38.1382
1096 96.1268 43.717 57.5385
1097 113.413 20.0961 47.7236
1098 100.835 34.7189 51.2171
1099 113.425 57.0245 43.6202
1100 80.8428 27.0786 47.783
1101 113.436 20.8218 43.3404
1102 93.0379 32.4438 52.9287
1103 113.244 40.5691 58.923
1104 89.1687 56.7478 73.0252
1105 78.9844 12.8975 73.7681
1106 113.601 24.5223 97.5918
1107 98.7769 38.2067 75.7946
1108 113.648 27.2556 53.4378
1109 113.145 38.5001 76.5239
1110 113.327 47.773 69.4716
1111 103.078 33.8937 65.9486
1112 93.2842 32.4471 64.3211
1113 113.168 36.1983 67.4472
1114 87.6698 31.5305 97.4041
1115 101.65 31.3053 97.701
1116 112.758 45.8941 87.7623
1117 90.8988 47.1475 86.9049
1118 102.475 28.9081 71.9315
1119 99.0263 37.3048 98.9442
1120 80.5756 43.5243 100.541
1121 94.0119 26.4813 79.1242
1122 87.3456 29.6053 93.685
1123 103.861 52.0012 92.5256
1124 80.8207 15.8852 97.4846
1125 113.818 54.6679 119.107
1126 101.724 52.2845 81.2191
1127 89.8221 30.3131 111.12
1128 100.857 29.6516 105.791
1129 100.697 41.1855 105.136
1130 108.079 23.2006 121.375
1131 108.598 31.535 121.256
1132 114.158 36.0072 112.765
1133 114.025 39.1185 114.484
1134 102.19 33.3906 121.519
1135 102.073 35.6733 114.82
1136 85.0119 45.4132 111.361
1137 109.266 64.3622 7.14487
1138 114.48 52.0715 4.86002
1139 96.1447 50.2044 0.462577
1140 114.466 47.8241 18.2114
1141 113.418 67.0054 29.4425
1142 113.263 64.2908 46.8205
1143 102.7 67.3299 35.6217
1144 86.5128 60.2118 21.6477
1145 89.3347 56.6302 21.8847
1146 113.468 49.821 24.7003
1147 113.516 66.8739 23.891
1148 100.337 65.0214 22.81
1149 95.2334 70.3196 0.444994
1150 85.7107 53.6752 42.3125
1151 113.891 61.4635 20.9508
1152 113.288 73.1359 39.3225
1153 90.1092 39.5969 37.9858
1154 84.7709 59.4087 41.9934
1155 93.2898 56.7086 48.6791
1156 79.8867 60.7859 42.2365
1157 113.387 47.7554 39.7655
1158 113.087 67.0169 50.625
1159 104.413 57.5696 38.908
1160 113.248 66.2316 68.2837
1161 113.431 41.4986 70.7609
1162 87.927 46.4533 63.9972
1163 76.9101 41.6085 75.5398
1164 113.304 54.2836 58.437
1165 113.198 52.3908 55.1928
1166 91.2732 60.0515 43.3941
1167 113.22 62.2785 56.742
1168 92.6374 73.3153 49.7921
1169 97.3081 65.2146 57.6695
1170 113.243 61.4392 61.2588
1171 98.7214 51.8329 80.9287
1172 113.356 48.287 48.7841
1173 93.9047 54.4744 52.3584
1174 103.972 82.0148 66.9281
1175 95.5046 74.1918 69.7359
1176 112.808 82.2058 66.8832
1177 113.376 73.6714 80.0794
1178 98.2613 83.8653 60.968
1179 90.5901 40.4388 60.335
1180 94.4225 60.7237 54.6008
1181 113.337 53.0322 80.5507
1182 113.294 54.6647 90.6964
1183 113.273 43.8395 79.0476
1184 103.702 67.8935 85.4986
1185 97.967 50.3861 98.9833
1186 113.159 47.8337 80.0784
1187 113.254 59.3802 89.9861
1188 113.9 50.5603 103.663
1189 113.195 57.045 99.6154
1190 99.4199 50.1686 90.9841
1191 113.459 71.5974 82.2706
1192 101.482 55.071 90.1519
1193 91.1229 51.2438 85.4739
1194 78.2502 49.5159 98.6463
1195 113.359 40.8969 101.38
1196 104.203 62.3087 99.9823
1197 91.7496 57.6029 106.774
1198 102.012 58.4522 106.311
1199 103.586 62.3049 84.2689
1200 86.6701 51.3877 107.167
1201 95.8222 66.3695 112.984
1202 96.087 51.1269 121.693
1203 109.002 59.4161 121.563
1204 110.464 68.2948 108.973
1205 101.788 50.2463 112.015
1206 112.677 65.339 121.413
1207 91.2098 91.1934 0.215561
1208 82.3332 78.6405 0.141141
1209 91.6164 90.7472 9.77017
1210 114.386 80.6026 12.729
1211 84.4834 91.9641 18.8767
1212 110.027 91.919 6.7646
1213 94.1115 74.925 0.310438
1214 85.6813 71.1119 11.3588
1215 92.3769 82.086 0.0956782
1216 98.1431 96.1401 0.380165
1217 114.387 92.3735 12.7154
1218 113.472 69.2698 27.7307
1219 81.9118 70.0214 19.2323
1220 94.6986 64.9814 26.2871
1221 114.027 90.1538 16.9858
1222 113.615 80.9149 26.8737
1223 82.3365 86.6904 27.1859
1224 82.4688 93.2399 12.9552
1225 107.887 61.2502 17.6115
1226 108.389 73.9312 23.8639
1227 113.236 103.556 38.544
1228 92.1259 73.6795 53.1584
1229 94.1586 71.9218 47.8302
1230 85.6237 101.935 50.6761
1231 78.1389 67.1215 34.9165
1232 113.427 82.8947 41.0304
1233 85.7585 100.69 43.4379
1234 98.5539 79.0806 53.2265
1235 95.0006 83.3633 57.6713
1236 86.0231 97.9123 69.4016
1237 91.7218 53.7235 58.6292
1238 113.335 77.7067 49.0327
1239 88.7415 86.9341 44.2769
1240 105.19 94.9532 72.4257
1241 93.2188 72.6749 76.4017
1242 113.416 66.2566 78.9822
1243 103.538 81.1766 61.4093
1244 96.8044 62.1929 51.3517
1245 112.889 91.4547 67.7331
1246 113.069 66.8 55.8821
1247 112.96 71.3172 65.6851
1248 113.186 89.241 72.2519
1249 113.058 77.5818 72.9798
1250 95.3636 89.8829 71.1116
1251 95.5909 64.8599 98.7328
1252 85.3583 76.5903 78.5232
1253 113.43 67.1964 88.3526
1254 83.0148 60.3365 75.5717
1255 92.5229 69.1143 83.4714
1256 113.828 64.0753 105.088
1257 95.6945 69.6963 89.2954
1258 113.708 73.3207 103.151
1259 91.8197 81.3753 99.3595
1260 113.41 78.0017 91.3608
1261 113.717 78.7026 94.8624
1262 92.4617 71.6815 106.01
1263 95.6177 74.5296 96.7289
1264 92.1877 96.0312 88.3646
1265 114.141 73.8769 109.247
1266 108.62 74.0995 109.65
1267 87.7761 68.5093 121.53
1268 114.151 71.134 112.788
1269 91.7007 68.6308 121.437
1270 106.281 82.3636 121.717
1271 114.149 83.2992 112.922
1272 95.9595 79.3461 118.735
1273 84.383 85.0574 110.253
1274 114.076 92.4037 115.884
1275 90.2526 72.0222 109.308
1276 110.924 84.4205 109.237
1277 90.2022 82.7017 121.52
1278 81.193 73.397 121.568
1279 96.2696 78.6878 106.542
1280 104.45 65.859 121.424
1281 114.461 95.1223 23.2417
1282 101.039 113.351 19.0323
1283 108.774 113.588 13.0391
1284 114.436 92.3626 10.1365
1285 91.9479 106.593 15.4001
1286 113.687 89.9269 24.97
1287 113.514 108.528 24.2129
1288 95.5663 112.858 47.7508
1289 113.404 103.77 33.2396
1290 101.223 82.0689 36.9005
1291 113.483 108.444 29.5671
1292 91.7869 112.956 37.0184
1293 113.701 89.7862 22.2989
1294 105.257 112.875 39.4773
1295 96.2824 112.643 38.4523
1296 97.6047 112.667 31.9674
1297 84.5084 112.381 48.9635
1298 105.553 112.897 45.3838
1299 113.335 87.5999 53.2375
1300 113.428 105.065 30.2302
1301 113.396 84.7802 38.5865
1302 63.0878 97.7535 36.4745
1303 104.323 112.452 54.5562
1304 113.498 87.4926 32.5847
1305 112.174 112.574 60.1257
1306 81.2881 112.654 45.0267
1307 103.604 70.0453 62.218
1308 97.8218 103.729 79.292
1309 107.012 113.316 66.5398
1310 93.1836 91.056 64.7341
1311 101.69 75.7475 57.8032
1312 91.1351 88.7354 55.3417
1313 109.537 113.003 61.5452
1314 84.3554 112.323 78.4941
1315 113.0 96.8309 78.4558
1316 88.9766 87.6908 69.4936
1317 101.837 112.741 96.1189
1318 112.981 108.324 80.2552
1319 106.282 93.1816 72.8438
1320 75.4654 91.7703 96.4818
1321 113.478 78.3438 79.8906
1322 105.984 91.1459 58.8415
1323 113.46 87.3372 90.1429
1324 107.192 113.15 85.492
1325 76.925 94.3779 80.2508
1326 114.182 92.5421 111.047
1327 94.352 100.512 105.267
1328 98.5998 86.8545 112.873
1329 113.488 91.7598 97.1066
1330 100.366 99.5475 103.615
1331 72.5189 112.942 94.383
1332 91.6864 113.124 96.1276
1333 97.9951 108.543 105.707
1334 106.007 100.547 111.28
1335 97.9435 89.9053 106.362
1336 113.829 103.852 119.743
1337 114.356 97.443 110.694
1338 112.646 113.611 118.564
1339 92.9565 110.747 112.38
1340 113.958 104.559 113.104
1341 90.2096 100.069 101.992
