0 6.55144 15.7138 0.902909
1 6.95942 9.60785 7.2163
2 16.4055 28.2791 13.8277
3 26.5164 -0.604316 14.1837
4 26.8257 4.23149 0.973223
5 9.6344 4.62769 4.37039
6 4.14879 9.76311 4.36166
7 12.5378 2.63851 11.6214
8 23.9503 15.6069 0.842466
9 1.09493 15.2934 1.31626
10 63.3236 12.3572 0.231879
11 2.26023 29.8545 100.479
12 15.7488 -0.437653 17.6959
13 -0.743069 13.0181 14.324
14 3.3584 1.08716 1.2212
15 -0.936583 55.3512 13.7262
16 40.0644 1.52868 43.9721
17 40.5076 1.79921 85.7399
18 58.6461 3.18436 69.2987
19 1.17813 14.3083 27.389
20 5.56627 1.69753 48.1404
21 0.521107 50.5885 110.524
22 69.8313 19.2501 44.0666
23 18.3253 -0.34029 22.7439
24 1.64096 96.9439 32.9004
25 78.2117 -0.429694 4.97021
26 1.49807 43.4931 41.5723
27 1.8534 18.0541 56.7201
28 29.1212 14.1687 75.6198
29 -0.637729 6.76399 11.6904
30 2.10296 15.0932 71.6304
31 27.6587 -0.105663 34.528
32 2.15741 3.31825 62.4909
33 24.9324 48.8293 68.0804
34 2.91514 73.0391 73.857
35 2.15979 17.7887 91.6935
36 0.982028 2.36952 108.644
37 33.0817 16.0484 35.6831
38 1.99877 25.9468 100.538
39 3.19381 1.6397 36.5315
40 3.5219 27.7873 67.1063
41 45.5093 1.72276 56.3608
42 40.0294 31.8778 57.4658
43 27.7245 3.24839 64.1446
44 50.4544 24.5169 103.142
45 72.932 3.34363 84.0282
46 0.622212 36.4095 121.789
47 33.8389 53.5863 123.507
48 62.3018 2.67633 102.841
49 41.964 16.2672 50.2974
50 28.7573 34.7912 104.686
51 22.6642 23.4231 114.265
52 1.76559 13.3806 88.9464
53 13.9227 38.392 97.5907
54 20.5162 1.82125 83.628
55 3.55418 2.38084 79.8463
56 5.2787 48.5594 124.326
57 40.7968 1.25913 92.8253
58 0.634643 16.451 105.884
59 9.67924 13.7178 112.989
60 3.94179 13.5443 113.71
61 11.2191 0.296142 110.911
62 28.0562 10.7122 123.919
63 25.6346 10.6805 123.845
64 3.07163 0.654993 119.357
65 16.8355 4.86024 120.772
66 16.5903 33.2933 8.07747
67 20.9733 41.333 9.36924
68 19.6136 39.6983 7.93575
69 -0.731896 44.0935 13.6844
70 16.9178 25.1881 11.1321
71 0.475576 55.5724 0.769266
72 21.003 29.5742 0.833959
73 1.04661 18.1462 1.24598
74 -0.314909 30.0751 25.1289
75 0.181137 55.8305 39.5958
76 0.450171 82.7631 31.4542
77 39.7178 44.7269 22.0605
78 -1.61708 62.063 5.408
79 0.0352028 72.0578 28.4264
80 -0.308056 5.27426 63.535
81 45.7131 67.258 67.5545
82 35.8578 38.4989 20.8534
83 38.5987 3.18379 69.3793
84 37.292 79.3365 33.7433
85 -0.465007 27.2859 17.1072
86 3.36489 44.4595 58.1897
87 13.5075 42.1947 53.5373
88 9.87377 113.046 78.5614
89 68.0578 1.03281 23.7773
90 26.0126 12.2187 107.816
91 37.415 24.64 42.5104
92 -0.055334 46.3155 96.1333
93 21.3301 49.9588 67.9389
94 16.2286 58.5507 38.4544
95 42.0823 33.1413 61.7535
96 1.58739 105.381 37.9799
97 62.8822 52.9997 55.7051
98 3.23475 30.4993 58.6234
99 28.9609 1.73834 91.1425
100 1.20668 14.9983 78.5088
101 21.0559 40.2475 42.9988
102 29.9207 3.00839 55.2595
103 16.5704 81.6617 82.3963
104 40.0679 26.7837 45.6876
105 31.9371 25.8263 45.8732
106 51.724 35.8918 46.6992
107 23.551 42.1693 63.3605
108 51.6558 1.88319 58.4566
109 1.91253 20.5389 56.5591
110 42.2506 44.2449 88.3763
111 59.287 79.3695 122.861
112 37.9803 60.5704 92.5263
113 32.6966 80.4175 101.345
114 2.06658 3.65254 104.752
115 16.2635 90.4263 123.397
116 28.2558 33.3432 85.7181
117 34.8218 15.1045 63.6949
118 2.2452 9.28156 86.0465
119 33.008 33.3041 71.257
120 37.6609 43.3275 86.9265
121 11.1313 84.297 91.4396
122 19.5109 48.1824 108.944
123 36.6927 56.4507 103.114
124 8.5137 0.626646 122.571
125 35.7807 32.1741 113.373
126 26.5428 43.47 116.157
127 22.0387 44.7375 117.832
128 0.647067 22.2219 105.51
129 19.5347 51.0571 112.037
130 5.22136 36.7103 124.003
131 13.8701 45.0447 123.905
132 23.7112 24.9337 112.463
133 27.912 22.0356 112.031
134 26.8373 68.3813 18.8508
135 3.5719 61.0126 0.728575
136 22.4863 68.6411 13.3364
137 22.5279 65.4097 13.4398
138 -0.864783 49.5338 19.8355
139 -1.00649 67.0349 11.0867
140 18.1639 46.7444 9.41592
141 0.193921 64.2041 36.9545
142 -0.808226 51.321 25.8288
143 9.16591 1.83673 77.6316
144 38.7506 47.0319 32.3877
145 3.58616 70.021 72.3457
146 25.456 65.6679 13.3797
147 20.3102 39.8081 34.3421
148 1.81281 20.5173 68.4702
149 46.8997 65.4814 28.015
150 53.0681 59.6308 54.2989
151 22.5677 42.0219 64.8029
152 -0.5942 89.5479 15.9753
153 42.6917 92.1088 67.2605
154 47.1805 28.8001 44.286
155 22.0267 78.7114 41.0746
156 1.91987 26.5025 71.0943
157 2.18387 54.5497 80.674
158 3.67473 67.3759 75.55
159 -0.619767 29.8397 14.8496
160 21.8563 68.5968 38.6828
161 47.3133 79.9782 74.8629
162 1.79878 91.1593 47.2749
163 0.605496 59.1351 111.191
164 49.8144 32.6696 32.417
165 3.44043 58.5392 75.3065
166 27.4977 18.6002 47.3127
167 0.411224 52.4942 98.8607
168 1.45112 57.242 43.9927
169 2.45921 115.204 120.794
170 25.0948 104.431 58.5642
171 30.7598 47.538 62.1829
172 11.4202 1.76642 50.9655
173 0.670664 62.1209 93.1313
174 30.5247 13.7134 94.6703
175 3.33815 55.8291 54.8809
176 45.5733 47.8124 91.304
177 29.431 24.002 60.6771
178 0.706865 30.3357 102.853
179 50.7763 58.4049 102.981
180 1.81281 15.1775 66.0687
181 35.0862 33.8745 73.7955
182 2.12897 74.6016 79.1629
183 59.046 17.7268 99.3439
184 9.52962 60.1526 113.579
185 3.34139 61.6859 60.1335
186 0.380733 56.2578 116.22
187 2.56087 108.567 76.217
188 2.15482 31.9365 97.8497
189 19.4795 58.3628 112.141
190 17.9749 46.8478 107.637
191 0.575244 73.8919 119.158
192 13.8783 59.1243 123.661
193 19.8037 62.0337 123.807
194 9.62794 38.7579 116.576
195 8.50312 64.9437 123.773
196 18.9379 59.1384 120.492
197 20.6239 58.7683 107.506
198 31.0635 78.8316 123.336
199 9.56813 65.1836 9.75203
200 15.3981 100.421 3.30093
201 15.8912 83.8619 6.32005
202 21.0612 78.2904 6.28622
203 17.8733 75.2464 0.180427
204 17.5248 89.5154 0.0252695
205 -0.957348 75.2761 4.83695
206 16.7501 75.3162 15.1766
207 11.5001 75.0972 0.123683
208 21.9842 71.3377 7.54635
209 18.6082 55.4679 23.7966
210 1.27872 101.123 44.4032
211 1.39034 79.7883 35.4736
212 3.06254 86.1052 66.1871
213 29.6526 67.036 11.8357
214 35.9121 72.5381 29.3202
215 37.8337 21.612 0.272913
216 16.8647 92.3557 13.2757
217 32.8843 90.9688 25.4931
218 3.08875 113.281 22.4275
219 10.8896 54.1615 25.5165
220 1.91767 20.4978 89.1365
221 28.0827 38.9554 44.2383
222 2.13107 97.0782 74.2298
223 31.2982 41.6259 59.1612
224 -0.385038 24.6204 25.9032
225 31.0543 71.1034 25.0366
226 1.56706 71.2966 38.1998
227 32.8172 111.563 45.4405
228 21.3936 89.775 61.2675
229 0.434476 67.6154 104.031
230 69.8981 106.724 -1.23848
231 1.94734 51.5682 83.4671
232 17.1449 113.647 16.4153
233 73.6743 0.392501 107.785
234 3.60317 44.8384 75.5032
235 42.7904 71.3758 52.7587
236 0.4629 42.2956 113.32
237 -0.128016 86.9084 27.8408
238 3.74261 94.7755 63.1452
239 1.67906 20.0218 39.154
240 1.91466 22.836 91.8088
241 44.4204 110.942 50.9334
242 0.550351 78.975 98.5159
243 1.87068 37.4236 44.9888
244 17.7275 87.3451 88.1231
245 1.5819 110.62 21.2399
246 57.0574 110.747 42.539
247 39.4925 100.708 46.6251
248 43.6817 90.3026 100.402
249 3.30903 21.8841 60.7146
250 38.057 74.2537 74.9176
251 2.74455 98.568 123.261
252 24.9764 27.6679 83.0776
253 3.64252 64.7055 66.5559
254 27.7871 27.7097 62.1929
255 2.16668 80.0563 85.7088
256 62.5927 78.9766 70.4301
257 56.5213 90.0708 87.8476
258 59.5159 84.1089 70.2737
259 2.55517 88.4719 91.1797
260 0.508599 72.4446 107.799
261 17.5327 112.563 23.6228
262 -0.207926 45.9753 28.7243
263 37.0381 92.0915 64.3945
264 33.9918 72.4997 70.4592
265 0.893567 59.3117 87.4811
266 16.7234 71.6048 114.663
267 80.3619 90.3508 122.933
268 3.72624 87.414 60.2345
269 36.2684 114.968 118.297
270 16.6454 88.8455 111.213
271 16.4541 87.6363 114.307
272 36.7594 79.8016 123.327
273 3.60141 70.1641 113.411
274 0.8929 87.6408 119.162
275 32.191 81.7655 104.761
276 32.2773 82.4508 113.109
277 25.2138 89.6571 111.44
278 29.2185 109.524 -0.0901739
279 21.9518 79.682 16.2705
280 27.8779 99.1244 7.36699
281 19.7315 106.684 8.94771
282 15.1832 113.994 7.49839
283 6.36315 100.802 0.280863
284 20.116 83.8177 25.4803
285 32.4872 44.2282 0.181963
286 9.13106 112.652 47.201
287 0.899651 96.5555 29.2676
288 2.46165 113.477 70.7266
289 1.825 85.4832 44.489
290 -0.544303 98.0126 19.4567
291 1.57939 97.4365 35.6477
292 32.8403 114.539 10.1339
293 2.42382 94.0076 54.8696
294 16.8017 89.5865 13.4781
295 60.4797 12.6661 0.334074
296 12.5332 114.126 8.15661
297 39.9876 110.966 50.2161
298 57.281 110.968 59.4693
299 0.514967 34.2999 32.0296
300 51.2647 111.672 86.1872
301 3.2833 112.579 20.8463
302 65.4013 110.919 56.5494
303 17.7281 114.472 12.9759
304 3.22153 112.495 26.7855
305 8.65074 111.49 63.2641
306 58.0738 114.271 6.61966
307 23.3768 76.3979 39.5413
308 38.1979 82.4782 42.5012
309 55.1356 112.751 27.0444
310 0.382105 104.511 107.924
311 62.6821 96.5072 43.5955
312 11.0756 111.51 57.5262
313 2.33177 71.824 76.8692
314 8.85195 112.852 38.3533
315 1.88662 77.0012 49.5017
316 28.0081 111.234 49.9744
317 34.0103 111.194 68.3075
318 37.8964 113.253 93.1434
319 28.9892 112.673 37.3381
320 16.4792 84.5263 91.1481
321 1.4264 62.8536 41.7786
322 56.754 111.618 79.2355
323 51.2638 111.008 57.3216
324 39.7634 111.373 55.8963
325 2.37935 94.1623 91.1824
326 10.0039 113.39 105.374
327 0.775399 64.5445 87.5441
328 49.2581 82.6124 95.1563
329 56.9867 110.659 39.2061
330 6.58651 112.391 0.429557
331 76.6176 101.846 122.68
332 12.3042 84.8861 92.6775
333 2.44321 88.8637 73.3761
334 0.545189 47.6362 108.335
335 0.457403 59.1651 104.343
336 11.0158 96.2606 123.177
337 46.4252 112.119 83.1258
338 22.2976 114.985 98.5498
339 28.0269 105.031 123.018
340 0.695484 101.968 115.673
341 8.28284 101.523 119.968
342 3.71343 107.34 112.868
343 36.9113 28.983 13.4812
344 26.638 -0.658087 19.4048
345 49.3083 -0.679205 16.6453
346 43.9154 15.3706 0.213285
347 57.8558 -0.530193 19.1393
348 40.2575 15.606 17.9997
349 31.9267 12.4741 0.70305
350 40.18 15.5497 21.0553
351 45.3041 23.0437 16.3222
352 52.3556 -0.160196 27.9212
353 41.4267 24.5451 41.799
354 59.577 1.4839 47.2207
355 1.49145 9.49833 53.8191
356 111.042 92.1213 55.26
357 38.1099 17.3017 31.3114
358 63.8766 -0.490223 5.19195
359 33.0517 19.0301 35.6734
360 64.6229 2.87006 79.0799
361 46.8425 0.071674 27.7918
362 28.5492 0.944998 40.422
363 48.8489 32.5251 44.1553
364 8.7614 1.3664 24.7667
365 92.7703 2.80406 27.8866
366 44.3354 26.2436 42.1806
367 5.85906 1.82504 39.5856
368 57.5543 34.7968 50.9791
369 64.9507 3.2386 57.4496
370 33.8194 54.367 22.1895
371 58.1944 -0.399523 16.7953
372 2.09358 17.8363 94.8799
373 46.4667 41.6718 43.8159
374 49.0254 31.5415 90.0573
375 63.036 6.00769 28.0828
376 40.5958 -0.511705 16.8326
377 0.607083 19.0021 110.966
378 41.8325 18.9963 85.5189
379 63.1994 45.2939 61.1033
380 37.7443 0.989259 90.1107
381 51.3151 1.83767 61.8483
382 73.1289 3.46923 72.2257
383 26.6987 2.03171 94.3049
384 4.99711 33.5273 85.7734
385 2.67764 0.612596 114.067
386 30.7863 0.202013 108.325
387 10.2619 3.39627 58.2051
388 36.6228 21.6949 123.665
389 7.73546 30.643 106.302
390 43.3739 21.9709 105.911
391 36.7109 0.326712 110.723
392 52.7077 44.7523 102.801
393 53.9466 14.103 123.424
394 39.5329 5.13045 123.769
395 48.0937 23.4934 124.048
396 45.5181 26.4235 110.14
397 36.5916 0.553108 121.825
398 42.4335 0.486932 116.1
399 49.2426 24.7647 96.632
400 62.8446 10.8581 123.571
401 45.2562 22.6703 120.437
402 37.8842 26.3989 0.483372
403 38.1027 35.216 0.0353651
404 23.671 40.7585 0.409355
405 55.4211 23.7037 14.7619
406 55.1946 41.2135 -0.22947
407 52.4325 38.5839 5.94449
408 22.2514 41.245 5.93835
409 38.1095 45.7767 12.0106
410 32.4187 26.8062 0.604172
411 48.9568 35.2512 -0.0710883
412 28.0966 41.3262 8.97499
413 39.6756 36.7755 16.4069
414 27.4575 78.6195 32.3406
415 32.9354 31.8534 35.5622
416 68.067 68.2029 18.4188
417 40.6479 54.0198 13.3362
418 38.0631 42.3549 11.8706
419 44.0921 18.7376 38.446
420 33.8134 50.9957 13.2826
421 29.8913 24.3736 38.54
422 45.3249 35.5692 16.1035
423 59.7634 26.6198 35.347
424 6.55793 15.603 18.5958
425 10.8807 56.6265 59.2741
426 62.4966 40.6784 18.694
427 1.1712 5.76845 27.5867
428 20.1359 21.677 41.7423
429 42.7871 24.7804 45.5253
430 33.0724 3.01801 49.3023
431 45.8178 1.20679 35.7046
432 1.68756 93.8847 32.1805
433 53.0914 37.5438 46.7031
434 30.7149 48.6275 63.4549
435 3.59948 47.2916 63.6406
436 30.7612 30.8622 65.1111
437 31.5017 46.3176 63.4833
438 30.9504 70.807 49.986
439 40.453 30.6454 59.3098
440 41.4303 26.4166 87.1085
441 3.51519 47.9617 55.0591
442 26.0607 42.0052 45.2806
443 51.1909 111.033 45.0188
444 42.6038 24.9713 82.6865
445 1.50191 14.2398 33.2438
446 8.61839 28.7511 22.8013
447 6.28746 1.79367 41.9532
448 62.2193 13.646 93.9385
449 35.1698 36.0102 73.7556
450 49.9494 49.4181 72.2368
451 33.2846 45.9154 63.8781
452 31.9756 85.275 57.224
453 48.7152 49.9114 55.9629
454 20.4298 62.9249 57.7477
455 41.7988 32.0194 58.6872
456 31.9231 12.1889 93.0102
457 62.2508 32.3633 71.8494
458 52.4965 60.6818 104.301
459 26.788 37.3841 107.683
460 40.3918 56.1681 91.2284
461 48.147 53.4245 102.883
462 4.34218 1.91783 71.7712
463 54.308 36.8866 65.3194
464 58.4119 22.4399 82.3309
465 39.4755 21.2927 100.258
466 65.0228 33.3077 108.51
467 0.705768 64.6359 119.63
468 39.24 47.6356 106.037
469 45.9713 34.986 110.33
470 35.8322 47.8031 109.145
471 46.2799 20.672 116.136
472 46.675 31.2722 118.944
473 45.7063 33.7695 123.669
474 33.6797 24.2751 112.001
475 51.1073 27.3725 123.517
476 60.7038 44.8514 99.3819
477 47.884 39.1389 108.982
478 49.5405 29.1493 118.819
479 37.9616 54.8665 104.582
480 38.1482 59.9854 13.8035
481 49.372 63.7653 -0.219315
482 52.0029 68.2491 12.805
483 49.5706 49.571 -0.203362
484 31.9431 43.3977 42.9752
485 28.1833 71.2368 25.1186
486 45.9522 33.2502 42.7589
487 31.5449 59.8 13.1796
488 54.7638 55.7233 11.3934
489 49.9261 44.3394 29.2016
490 55.4305 97.1978 53.7158
491 30.0409 61.4854 47.1704
492 37.2765 74.037 30.8037
493 71.1147 71.9329 15.3866
494 33.5534 27.2682 35.463
495 61.1121 72.8846 41.9088
496 37.1887 43.1122 39.7298
497 63.8556 61.5259 44.8865
498 37.3712 39.9891 42.7236
499 45.8183 79.771 39.5647
500 24.5044 29.9296 44.5368
501 64.5549 69.7242 61.6214
502 78.369 72.1181 81.1587
503 20.7084 47.8434 67.8933
504 3.5893 86.852 57.0451
505 28.5878 57.0436 33.8959
506 54.4739 76.591 39.4034
507 74.8022 57.3426 68.7261
508 32.208 49.0877 101.742
509 26.1535 26.2274 72.5613
510 30.5898 41.5646 44.3947
511 68.1041 68.47 61.1753
512 41.9664 30.2899 76.817
513 60.2145 50.8996 55.1138
514 71.1245 86.2825 91.1768
515 31.4094 81.811 102.728
516 52.5836 82.9076 83.5287
517 75.6936 34.1931 84.9163
518 3.49327 52.7215 63.7086
519 79.6322 35.3151 74.4183
520 30.8664 57.4754 73.4746
521 49.8322 73.9788 54.1243
522 45.9719 111.632 80.2955
523 26.7707 56.8858 98.7709
524 63.7772 61.9523 87.4914
525 63.7492 17.5774 98.3646
526 28.2233 57.7179 110.574
527 33.8847 58.7348 73.7117
528 34.6118 52.1182 104.545
529 40.7399 48.9814 119.032
530 26.7912 36.9385 92.9228
531 30.9668 61.8935 123.723
532 25.1682 57.087 109.086
533 57.2039 70.4017 123.315
534 33.8054 67.7377 108.819
535 48.0366 64.0731 111.515
536 64.8463 54.0424 99.895
537 32.5056 80.8193 -0.188523
538 43.5375 84.0726 -0.295476
539 25.146 72.0961 7.26216
540 56.9875 70.9109 9.89137
541 52.2513 82.6362 17.7753
542 23.7668 80.8273 0.135181
543 32.2102 55.5077 0.00902435
544 51.8875 112.986 26.1989
545 100.639 78.461 31.9861
546 44.484 89.6339 32.0254
547 6.18643 112.595 17.9184
548 38.7692 72.6064 23.4164
549 47.6105 68.08 24.9167
550 87.5864 85.4439 27.0019
551 72.273 56.1468 40.7554
552 51.6747 37.4851 48.0726
553 55.2915 81.5092 41.9932
554 36.9887 112.902 22.8835
555 28.0851 111.208 62.8387
556 20.5063 77.0966 39.8854
557 2.42373 105.548 56.0322
558 42.5939 55.9446 53.0253
559 53.1007 78.5054 37.642
560 20.6456 64.1473 49.3451
561 41.2938 50.8727 23.6416
562 56.7941 88.4183 40.1122
563 55.5676 74.8106 45.2197
564 62.5732 74.1405 43.2558
565 59.5564 68.3429 40.5018
566 60.0441 95.3426 43.2111
567 67.4953 64.0086 60.489
568 51.1061 92.8618 84.9541
569 74.8745 67.1976 43.8798
570 64.6526 56.2514 60.0302
571 21.7815 75.5744 38.387
572 28.3653 88.315 30.8912
573 67.341 40.8328 65.8298
574 19.2807 33.5467 68.1619
575 43.7999 70.0268 52.5906
576 20.3857 71.5847 72.2686
577 36.2805 94.2867 34.6299
578 31.6598 51.6026 42.842
579 42.6319 58.3589 70.553
580 66.711 79.9002 56.945
581 30.3304 81.5683 87.935
582 115.232 96.3428 111.392
583 53.8564 98.0542 55.3236
584 26.5276 79.5815 48.6719
585 51.1776 94.2616 86.4023
586 2.5638 108.082 61.8736
587 12.8844 100.883 77.7579
588 38.2089 74.1878 83.6696
589 42.7692 75.7921 94.0126
590 29.307 78.6216 73.6158
591 48.2796 111.585 86.3232
592 7.81039 22.0709 83.0908
593 36.4728 73.1599 102.844
594 2.29386 97.2241 100.084
595 45.0066 84.8239 111.392
596 37.9618 88.3138 92.2915
597 28.1374 84.4986 88.0207
598 47.8528 64.7425 102.903
599 49.2542 75.1472 104.041
600 26.7335 101.466 95.0644
601 43.8113 89.018 109.933
602 44.9406 44.7296 85.4488
603 48.7587 93.2527 116.946
604 71.9459 57.2879 78.5797
605 35.1555 55.2033 89.8033
606 41.1447 85.9368 95.1901
607 39.6867 56.9526 105.924
608 59.3702 76.437 105.405
609 53.7848 83.1898 109.621
610 39.0653 79.1179 108.683
611 50.9645 74.2263 111.184
612 42.5052 87.1978 111.452
613 38.2412 73.4608 117.358
614 44.746 87.694 111.395
615 53.7137 79.7304 111.391
616 38.8645 96.7218 7.1425
617 43.7557 114.258 1.68475
618 54.9692 112.366 -0.401035
619 26.6594 95.269 8.89726
620 49.1354 114.406 1.71525
621 53.5393 101.204 13.9663
622 59.205 98.1622 11.5056
623 38.1218 108.329 13.795
624 40.9751 85.246 11.0432
625 37.0257 111.059 4.16007
626 49.5053 102.477 10.2513
627 26.096 112.708 37.8058
628 62.1151 111.629 85.6137
629 9.8369 109.188 0.257555
630 48.2431 111.348 42.9566
631 -0.528088 106.287 16.7319
632 80.5778 81.84 31.4107
633 17.9128 113.969 1.77897
634 89.0666 114.218 20.8909
635 23.2776 111.308 16.0432
636 50.9858 110.632 33.96
637 51.0564 111.456 65.063
638 46.4741 96.9454 -0.882982
639 48.0604 110.451 31.7479
640 42.5155 111.238 74.4823
641 25.7669 76.629 27.997
642 75.3673 93.8274 71.8899
643 83.891 113.496 42.0337
644 62.6279 106.721 -0.677183
645 113.348 89.8543 29.5594
646 26.2528 76.795 54.5156
647 45.5472 112.223 28.0764
648 42.4943 111.306 68.2867
649 36.8122 74.665 124.077
650 40.4314 74.4907 92.7022
651 6.72851 112.764 55.7722
652 45.3413 84.6775 70.2124
653 79.8601 111.476 68.467
654 49.316 114.326 10.1969
655 69.446 111.304 48.0362
656 74.0037 81.611 61.5086
657 89.4835 114.274 15.4022
658 49.3947 89.4335 95.109
659 88.4576 111.998 74.5844
660 11.6342 26.3257 107.687
661 -0.377106 103.635 18.9727
662 41.0372 113.442 94.2104
663 83.3213 111.518 46.9147
664 17.8359 112.908 20.6903
665 0.681673 50.1037 96.1334
666 35.6338 111.873 71.4009
667 34.8737 22.1203 68.0749
668 42.376 85.8339 85.5876
669 49.8138 91.6127 83.3151
670 42.2485 111.439 77.687
671 9.43654 114.134 15.5307
672 42.2117 104.148 90.8153
673 72.778 113.51 93.317
674 9.10353 113.163 87.9811
675 2.51687 105.596 81.922
676 41.3228 91.9156 95.1374
677 16.9002 107.191 123.409
678 78.6199 113.526 84.7851
679 1.42296 108.87 106.885
680 42.6598 90.6264 123.189
681 42.1184 97.6215 115.174
682 43.8399 107.689 117.621
683 36.5774 90.3846 123.223
684 50.7775 115.292 109.833
685 35.1589 104.14 109.77
686 33.3797 115.137 109.406
687 41.8953 115.149 121.056
688 36.8029 96.2777 123.081
689 57.5142 102.078 123.183
690 59.478 113.278 122.591
691 66.5701 4.3284 0.286344
692 69.2326 32.5279 -0.21697
693 79.1808 23.8935 1.09119
694 74.0797 18.4485 6.26325
695 66.412 15.0664 0.0981873
696 62.5798 14.0655 16.168
697 75.0207 -0.138558 -0.0934129
698 33.1074 -0.337033 26.1625
699 62.3951 18.3292 13.2432
700 48.3288 1.27378 35.6276
701 48.2145 0.571769 31.215
702 88.3942 2.96152 48.3494
703 27.2847 0.150926 37.2063
704 77.7287 20.3243 34.8627
705 60.7546 5.55675 13.2098
706 40.1807 30.7254 49.8772
707 69.7491 23.3783 42.634
708 95.6359 2.87324 36.5627
709 75.5483 28.0381 58.6658
710 90.83 17.5828 39.3204
711 111.296 19.2648 68.1632
712 74.8296 26.7154 29.7302
713 111.191 13.6216 21.9269
714 114.06 18.5062 1.58689
715 74.072 1.41348 38.0419
716 69.6404 3.30733 60.5304
717 52.7457 16.5466 50.0588
718 67.2978 16.6306 91.1163
719 87.0763 3.2421 54.4623
720 110.679 8.90539 122.85
721 88.0682 2.39782 27.7945
722 74.6886 1.98286 91.5252
723 81.2066 3.49978 71.9321
724 98.37 3.49395 77.1112
725 86.9329 3.14371 45.4482
726 51.4275 1.75612 67.5476
727 86.9287 3.35854 68.8045
728 64.831 48.2 100.054
729 60.383 22.527 93.8265
730 7.07739 1.96917 106.299
731 75.3725 3.46532 74.7191
732 53.7244 33.3213 123.588
733 83.5532 9.58282 107.047
734 83.0021 10.5866 117.073
735 83.6028 9.22394 118.541
736 86.5414 21.6162 109.865
737 68.9986 20.5409 115.893
738 67.9453 0.281834 110.533
739 73.4526 24.7479 102.783
740 82.5326 16.7767 123.123
741 62.3558 19.2518 117.433
742 72.4674 13.6015 118.043
743 80.6849 29.2203 112.714
744 59.4123 0.449299 119.027
745 62.1684 16.1148 123.602
746 62.455 0.106955 110.261
747 59.68 16.3419 123.428
748 71.7928 26.7823 -0.296728
749 72.4037 41.0872 -0.297302
750 88.0415 52.6956 10.422
751 80.1226 27.1567 23.0212
752 72.3656 32.2924 -0.310518
753 63.7902 18.3291 -0.0109859
754 87.9645 36.1324 34.2847
755 52.3334 46.5619 14.5071
756 56.6594 25.7305 30.7926
757 40.0246 25.7597 19.3994
758 59.6185 28.1081 13.2285
759 40.0811 1.72835 53.267
760 56.3118 39.1991 55.1403
761 96.2292 51.4809 33.2421
762 69.7565 50.8424 44.6595
763 75.7629 3.16808 66.1646
764 78.2205 12.6482 17.6361
765 70.9089 45.5866 47.8165
766 70.7565 46.7741 46.1308
767 91.1743 14.7324 33.3389
768 54.5018 33.1599 47.9688
769 82.8116 37.856 92.2096
770 57.6211 35.7882 49.3532
771 83.5359 30.6842 52.6277
772 67.5917 21.5957 33.6961
773 111.444 4.951 80.404
774 75.8466 55.5418 71.2681
775 65.7618 13.7756 82.1126
776 65.8715 45.264 60.7477
777 41.657 42.0555 35.2523
778 73.5235 27.5957 44.11
779 83.738 30.3883 64.3665
780 83.5806 35.0671 92.2898
781 52.7775 1.74034 88.4858
782 68.8574 58.121 59.0713
783 75.9528 49.6883 90.976
784 53.1855 33.0948 49.6883
785 110.925 18.89 39.3734
786 53.6068 -0.985287 5.06088
787 11.853 1.89179 89.0167
788 34.0198 76.2123 91.1421
789 47.9257 59.1718 102.971
790 86.3061 42.0772 104.436
791 107.587 58.9781 90.1651
792 74.3753 59.8489 79.8969
793 98.6427 53.2288 93.2165
794 49.5399 31.7814 60.017
795 97.238 32.2825 83.2304
796 68.3941 9.35099 106.003
797 98.03 0.967478 104.018
798 60.4998 32.2574 104.317
799 41.0596 65.9728 101.436
800 78.0492 41.0882 109.856
801 67.899 50.0095 86.2642
802 88.0011 21.833 105.336
803 72.8437 16.1551 79.2048
804 59.515 24.9866 123.372
805 71.1297 30.8776 123.182
806 62.0627 24.9846 114.542
807 83.622 27.93 113.182
808 66.8192 34.6896 110.09
809 82.0822 31.0116 114.147
810 89.8059 49.4913 -0.814012
811 69.8423 58.2147 -0.828008
812 52.252 61.0986 -0.276017
813 59.7097 56.8823 12.8299
814 64.87 62.4583 9.8399
815 72.0775 49.998 8.46447
816 65.3207 59.0496 15.7479
817 92.3469 72.7508 16.7079
818 63.6243 52.1344 -0.373049
819 82.5937 57.0207 12.6087
820 82.4117 45.5119 9.8003
821 71.1167 56.8449 15.6461
822 97.4805 47.3081 28.7044
823 56.8662 57.2458 27.3666
824 76.0804 36.4789 30.2262
825 66.7089 81.0816 40.8182
826 100.425 66.8021 22.681
827 56.8421 64.1444 5.71092
828 103.423 114.629 -0.62131
829 86.5458 86.7995 28.3404
830 62.0803 60.0316 46.8982
831 92.7517 77.3564 53.9985
832 23.3925 91.0198 39.612
833 110.748 5.38292 24.9655
834 74.7294 48.8053 53.2801
835 33.4935 75.27 32.3419
836 60.9967 78.3045 37.8309
837 97.1759 104.62 49.033
838 64.573 43.8689 62.4252
839 56.8736 83.6673 43.0652
840 68.4181 34.7369 74.6072
841 52.9139 80.9367 37.8287
842 64.3495 68.248 60.2502
843 65.6942 55.9088 55.3581
844 73.9493 76.16 58.4099
845 62.5467 62.8347 47.144
846 86.4759 22.0947 49.6324
847 71.1698 69.3835 90.8617
848 76.0483 58.5913 67.9252
849 55.8409 62.0146 105.629
850 50.4808 68.7264 80.71
851 78.0152 49.3925 101.082
852 74.5238 95.6988 73.2782
853 59.5497 72.0595 40.0843
854 66.2651 56.1126 58.6369
855 55.2924 44.2159 71.0316
856 69.9589 64.8172 89.7026
857 57.1712 49.1038 64.7367
858 82.3572 65.0073 102.23
859 87.7035 65.3812 105.2
860 42.3699 56.4532 105.994
861 57.5158 22.5095 91.0288
862 69.647 66.0848 109.781
863 71.7122 2.12994 88.1742
864 50.9112 87.8147 108.466
865 85.2107 43.1654 113.931
866 62.6927 10.669 103.0
867 75.134 72.6354 115.483
868 86.5353 44.9457 112.803
869 85.1309 46.4463 111.227
870 81.1449 47.9215 123.619
871 71.4057 67.7892 123.105
872 79.609 55.7683 122.963
873 93.2466 67.5328 105.056
874 73.7371 63.4761 114.471
875 87.9165 59.5712 122.808
876 89.3251 70.3381 7.95868
877 58.4884 72.3439 8.47609
878 86.3399 89.4773 8.09963
879 65.0119 80.8623 4.36735
880 63.9205 92.4717 -0.651745
881 60.5457 72.838 -0.345012
882 66.9194 71.1603 18.0251
883 63.6152 83.3552 5.28337
884 69.5438 63.5835 -0.64389
885 64.1024 86.8773 5.4713
886 73.0645 77.3114 69.1164
887 73.3253 82.5665 9.61789
888 86.5949 57.0422 29.3486
889 37.5133 53.987 27.9938
890 81.0547 79.3231 61.1569
891 57.7387 86.8642 14.111
892 44.0642 23.2744 26.2327
893 71.024 68.7537 18.5726
894 81.8709 79.5549 30.104
895 61.4528 93.6758 44.959
896 105.402 105.787 39.2502
897 62.5492 65.2085 43.5302
898 82.543 85.5572 21.2869
899 86.8193 69.1831 66.4007
900 99.8807 114.649 37.9179
901 94.824 114.144 9.0597
902 97.1169 65.9683 79.74
903 65.7786 87.2285 67.449
904 39.6923 82.8028 58.5508
905 24.0907 62.4845 20.8488
906 95.4655 100.021 62.9235
907 75.3251 80.0357 63.0784
908 62.6997 56.9169 57.1121
909 71.3904 87.1283 55.5543
910 85.1581 68.1323 67.7722
911 79.6443 68.1167 64.5389
912 72.7983 50.2386 87.8007
913 46.6792 82.7418 86.513
914 95.8671 47.6547 84.342
915 72.7101 85.7054 77.8533
916 101.956 115.032 108.506
917 1.17602 60.4809 84.2796
918 101.309 89.2988 84.2166
919 55.1076 59.5542 48.1221
920 89.5499 68.6277 103.508
921 76.7056 73.0556 58.3478
922 63.9281 74.4777 77.7595
923 56.3467 69.0258 109.74
924 38.7196 77.4018 83.6324
925 50.8387 91.712 86.3153
926 51.0546 76.6182 93.6912
927 108.66 113.926 76.3757
928 111.432 38.4269 47.713
929 85.5984 84.8983 122.592
930 59.4672 84.8004 122.944
931 80.1254 70.8456 122.931
932 84.5677 86.0669 112.203
933 77.8915 84.8626 112.071
934 68.4646 70.6658 123.204
935 70.8133 78.9469 122.969
936 68.3672 70.6715 114.124
937 68.4454 90.8548 122.966
938 79.4458 99.2108 9.58628
939 58.314 108.186 9.64244
940 56.7629 93.7239 6.85498
941 69.3498 92.1461 -0.697542
942 76.9172 111.481 36.617
943 106.363 89.3591 -1.20484
944 80.846 114.551 32.5644
945 113.66 89.4528 21.1032
946 67.8643 114.753 3.67498
947 69.2447 111.542 -1.23099
948 93.473 79.6126 27.072
949 40.7952 114.463 17.7814
950 51.0633 104.674 31.4167
951 112.11 64.0611 -0.806962
952 32.5955 87.922 74.807
953 28.521 112.514 26.0025
954 48.368 110.79 56.3251
955 74.9689 113.983 35.7207
956 77.3965 98.4169 43.5783
957 114.145 113.248 90.2327
958 83.9231 80.3526 66.0669
959 80.3857 91.8009 103.02
960 78.3232 84.2996 16.8089
961 22.6742 113.28 123.066
962 29.3276 113.803 102.11
963 1.97808 110.821 47.4039
964 45.2992 70.9781 52.6432
965 82.3466 89.8004 49.4878
966 42.8636 111.072 41.9293
967 31.324 111.435 74.0816
968 77.1944 87.3537 58.4602
969 79.9294 111.187 56.6548
970 79.8986 78.7229 64.2574
971 64.9317 111.3 71.175
972 75.4679 88.6904 56.8466
973 79.6719 88.395 82.3475
974 80.1661 110.864 50.8352
975 87.5139 93.9026 63.2649
976 22.7032 111.71 69.4387
977 58.3345 105.249 59.6724
978 75.426 105.816 77.5997
979 69.1093 104.383 84.7701
980 75.0674 114.501 106.03
981 110.826 114.705 47.1153
982 54.1 111.643 88.6669
983 102.39 105.255 87.9376
984 66.6178 70.8146 83.3785
985 107.588 113.092 61.4507
986 56.5258 87.9121 123.195
987 65.2701 91.9063 82.863
988 2.24051 71.9919 82.9895
989 22.7821 110.531 123.149
990 14.5015 113.301 102.588
991 89.5995 113.44 44.6794
992 79.9459 90.8943 82.3463
993 115.003 98.2571 96.8589
994 46.2298 60.6108 101.732
995 70.4639 115.295 111.834
996 71.4864 94.753 109.336
997 0.653112 95.2855 104.369
998 67.485 101.984 122.431
999 62.1552 115.27 117.65
1000 76.5007 107.675 122.322
1001 65.1388 94.2371 122.885
1002 90.818 90.8065 122.375
1003 57.9819 90.4272 119.128
1004 85.0936 115.11 111.769
1005 50.8314 115.236 114.897
1006 95.8259 104.917 113.217
1007 72.3612 105.935 117.788
1008 113.922 12.5575 0.886952
1009 105.645 19.852 4.18602
1010 87.8859 19.3003 7.16915
1011 106.641 -0.373911 10.2155
1012 89.1617 3.32026 -0.549942
1013 96.7306 17.2652 10.065
1014 93.7435 20.2682 9.99131
1015 111.37 49.4423 53.3199
1016 105.929 2.95511 39.7688
1017 98.1899 87.295 -1.43622
1018 92.0094 11.5636 10.5087
1019 100.377 21.0663 -0.4372
1020 79.3955 1.41754 26.6733
1021 71.1273 12.6742 20.9141
1022 94.5249 34.7862 36.5567
1023 83.7875 15.5376 -0.173585
1024 81.0319 3.12544 36.4159
1025 83.3364 -0.592014 7.56647
1026 82.3406 31.6341 42.3078
1027 110.781 24.5877 50.6139
1028 88.8667 36.0005 43.7598
1029 99.4873 16.0474 25.7844
1030 108.616 2.89173 54.2414
1031 1.77467 3.07304 33.3971
1032 103.455 3.09738 33.6048
1033 78.5641 3.20082 57.114
1034 113.301 76.0492 35.5253
1035 97.8502 3.30287 80.7291
1036 111.788 60.3046 38.0894
1037 111.284 24.2658 65.6719
1038 80.8696 27.7678 55.5515
1039 111.872 -0.0806919 112.448
1040 110.865 24.5848 33.4186
1041 55.3352 1.63329 59.1968
1042 107.821 3.14873 98.1556
1043 60.1487 1.8377 55.3909
1044 69.948 3.21854 80.7047
1045 93.3213 55.7211 69.6947
1046 98.0853 3.3332 62.6292
1047 91.3856 37.413 77.5285
1048 111.534 19.5584 83.052
1049 112.135 12.783 91.9548
1050 112.009 46.7616 57.4147
1051 111.269 33.1419 47.724
1052 111.791 54.9732 35.5913
1053 107.868 51.2894 122.57
1054 58.5589 2.36352 79.5756
1055 111.469 7.99648 68.6449
1056 115.458 16.8404 109.622
1057 115.165 4.96442 109.57
1058 115.496 13.0599 120.683
1059 67.7361 10.6252 102.976
1060 85.9947 2.05658 99.8782
1061 111.253 10.403 65.508
1062 58.9835 21.871 97.1088
1063 107.413 3.2625 86.4504
1064 54.5815 1.84199 85.3063
1065 56.6536 1.59638 100.099
1066 100.648 5.07559 111.733
1067 115.305 13.855 112.17
1068 113.706 5.23523 122.48
1069 100.179 16.2181 96.9728
1070 91.9829 35.5382 -0.729972
1071 89.3228 43.2394 -0.694749
1072 92.3426 18.8005 2.76695
1073 99.6769 45.9405 15.5514
1074 100.75 42.6467 2.63026
1075 99.3826 44.4514 3.8003
1076 104.236 32.4764 11.1993
1077 86.5762 31.7743 11.554
1078 102.017 38.3788 11.2935
1079 113.181 85.4621 44.9071
1080 96.3242 24.7618 35.6966
1081 101.001 12.5934 -0.289888
1082 41.2788 32.3013 49.9524
1083 80.4861 2.9188 42.6338
1084 111.808 38.6186 22.8869
1085 113.772 93.0616 73.2757
1086 74.8153 29.3291 45.6935
1087 111.274 38.4636 53.3594
1088 87.9367 60.2154 30.0869
1089 89.1916 2.28444 38.3759
1090 111.021 30.0744 27.1718
1091 99.161 20.2831 30.4936
1092 65.1106 1.43088 29.2271
1093 64.6464 31.4151 40.6512
1094 111.603 27.3859 67.256
1095 64.0207 59.2003 60.279
1096 69.4864 52.8913 55.0272
1097 82.5932 20.7977 60.0004
1098 75.3812 -0.368101 13.4854
1099 48.3699 115.097 103.646
1100 69.215 50.5248 55.1854
1101 79.7878 58.7006 77.1817
1102 111.246 16.4858 76.8465
1103 95.2091 50.0183 34.857
1104 112.184 24.7889 100.961
1105 111.335 78.6961 52.6637
1106 111.494 32.9713 61.6841
1107 78.7354 2.83194 79.0857
1108 115.316 36.6537 103.41
1109 111.353 81.2685 69.6641
1110 113.406 40.0318 18.3514
1111 111.141 30.1141 50.8995
1112 111.4 24.5649 28.2607
1113 112.22 33.6348 79.3346
1114 97.3822 54.0608 56.5501
1115 111.589 66.6385 50.8971
1116 115.368 67.5302 109.369
1117 78.8595 24.9175 105.548
1118 114.918 76.5013 88.5333
1119 111.628 5.18707 83.7836
1120 58.8593 47.678 100.234
1121 114.979 70.381 91.5003
1122 77.3397 37.623 95.2814
1123 109.254 43.2225 103.565
1124 90.5103 27.6542 87.7446
1125 87.477 3.2787 83.3486
1126 114.879 87.3794 99.9962
1127 92.4043 32.2366 109.529
1128 113.54 46.3109 93.4325
1129 102.39 44.6399 113.638
1130 111.222 25.0163 122.438
1131 113.853 39.4092 122.272
1132 107.918 46.2413 102.891
1133 115.272 42.519 112.248
1134 105.122 44.9908 122.645
1135 105.044 35.004 108.095
1136 84.9744 59.4003 122.91
1137 92.1754 55.1124 8.27657
1138 106.626 54.1016 12.5853
1139 91.9436 52.6339 -0.548536
1140 102.952 57.0445 15.3357
1141 96.7587 111.896 72.1631
1142 82.5967 48.3493 24.2984
1143 114.108 46.502 15.1383
1144 90.6434 54.3842 12.6612
1145 89.6565 52.512 13.9919
1146 111.16 114.595 41.2021
1147 103.325 114.397 9.38692
1148 102.338 58.2468 8.3397
1149 113.676 64.9214 21.5937
1150 114.058 103.486 73.4615
1151 103.853 73.0318 22.5701
1152 114.108 50.8753 21.0914
1153 90.8126 43.5338 33.3607
1154 111.652 113.679 51.2693
1155 111.835 63.4248 39.0189
1156 113.796 104.01 15.4358
1157 111.839 24.4638 17.1446
1158 80.8859 69.9113 37.7885
1159 111.155 83.994 58.6539
1160 73.6714 1.27858 20.6853
1161 113.344 98.4798 33.7586
1162 113.24 103.582 32.6948
1163 75.9102 73.3053 96.4293
1164 111.424 48.0328 29.7518
1165 108.53 3.15678 18.8037
1166 99.963 70.4607 43.8171
1167 113.042 104.012 36.1025
1168 113.933 56.1282 21.433
1169 113.702 111.892 68.0791
1170 107.443 70.9693 98.8264
1171 111.554 64.3404 65.3241
1172 114.611 98.5639 91.4913
1173 95.3766 80.9227 72.271
1174 112.1 70.5269 53.0709
1175 81.1841 34.9966 72.9585
1176 87.1174 58.1322 52.0661
1177 115.148 50.6683 100.408
1178 111.605 58.6184 80.185
1179 71.1509 48.9387 46.7597
1180 73.1309 23.8106 33.7296
1181 112.848 93.6417 47.4657
1182 91.2943 48.5635 74.2697
1183 33.1653 3.17133 75.5992
1184 72.0922 47.631 49.7089
1185 74.9223 53.5335 102.168
1186 111.81 58.3929 55.2709
1187 100.749 3.08154 51.1637
1188 111.169 64.5402 76.438
1189 110.9 10.2603 51.4864
1190 111.594 83.3765 46.9596
1191 115.214 93.2332 108.771
1192 105.175 62.0112 101.929
1193 111.597 50.0635 62.2157
1194 114.073 63.1467 86.2472
1195 106.776 113.504 73.3786
1196 107.44 64.7574 87.1928
1197 69.7142 67.4361 89.9618
1198 99.4319 63.2691 103.253
1199 87.1416 81.3678 98.8828
1200 99.2226 60.5068 105.164
1201 84.5135 56.4045 116.872
1202 87.5235 59.113 116.722
1203 108.073 56.6015 122.348
1204 98.3669 68.899 112.184
1205 93.7414 57.0136 122.721
1206 108.077 64.818 122.214
1207 81.3526 83.7434 -0.85866
1208 89.1913 80.5875 -0.878521
1209 100.878 90.0087 7.99445
1210 113.766 75.3944 3.50112
1211 86.7139 88.4192 25.4444
1212 106.564 82.4395 10.5747
1213 86.5063 80.4847 -0.974706
1214 78.0147 69.8165 19.8409
1215 86.3979 76.8434 10.567
1216 113.819 87.0232 0.651306
1217 97.7094 35.7732 -0.787338
1218 113.266 113.651 14.7711
1219 86.6062 70.2 28.7362
1220 36.902 85.7514 27.774
1221 37.8778 80.7359 0.18206
1222 86.6469 114.366 12.0292
1223 113.747 47.0966 20.8583
1224 77.3753 86.7024 11.0797
1225 113.905 78.3784 14.3086
1226 115.455 56.6631 114.601
1227 81.0193 114.286 102.005
1228 112.079 35.8837 58.0107
1229 98.8514 76.9751 27.008
1230 109.915 99.7786 32.9906
1231 60.5528 66.6805 17.0655
1232 112.323 44.615 91.8549
1233 76.5815 80.2287 15.5285
1234 84.5983 96.7374 35.8148
1235 113.663 111.941 49.4663
1236 80.9568 113.446 85.1367
1237 99.743 85.019 61.4183
1238 99.8027 114.344 29.7732
1239 98.8759 96.7713 63.7758
1240 77.2871 90.1265 58.6856
1241 114.728 90.5213 96.8183
1242 91.9588 74.5092 64.262
1243 112.411 80.8299 73.547
1244 111.55 37.8903 65.5059
1245 115.194 87.7922 120.087
1246 91.6704 78.5268 73.9209
1247 52.5537 63.4364 104.268
1248 86.8223 91.3892 50.4686
1249 104.224 72.8115 81.2714
1250 55.1949 114.129 17.4668
1251 93.3136 87.1319 92.9883
1252 89.8536 75.0537 72.347
1253 111.508 49.6482 47.8906
1254 61.7696 58.5178 57.2049
1255 98.5118 56.0003 78.5441
1256 115.459 30.8612 109.201
1257 72.3314 65.0916 91.149
1258 114.857 104.561 93.7233
1259 108.189 114.536 38.0676
1260 47.8426 42.3513 97.2063
1261 84.3775 114.728 104.708
1262 83.182 89.0235 103.33
1263 86.4473 75.2988 109.429
1264 83.8563 69.4169 66.1607
1265 103.225 112.088 59.4028
1266 107.819 76.3231 110.407
1267 88.1749 73.7293 122.464
1268 115.348 73.8378 109.036
1269 93.784 69.1477 123.259
1270 115.362 87.6816 111.72
1271 107.901 79.4294 110.38
1272 96.3568 85.1182 116.197
1273 93.3213 85.1855 116.302
1274 109.277 81.6318 117.626
1275 93.5493 60.6118 109.33
1276 115.34 82.2 114.793
1277 96.5248 88.0095 122.419
1278 82.4046 80.565 114.328
1279 105.27 90.5075 113.147
1280 105.132 76.2324 119.094
1281 110.848 92.3557 6.47818
1282 95.0865 114.164 12.2103
1283 112.088 114.151 6.30783
1284 113.966 97.6246 14.7856
1285 99.3837 109.576 12.9807
1286 113.677 78.31 22.5005
1287 106.558 112.186 65.7134
1288 88.3887 87.1123 34.5343
1289 100.46 114.163 23.2339
1290 100.641 86.7103 -0.927144
1291 114.487 59.63 24.4963
1292 69.7022 114.208 17.9067
1293 113.353 81.2731 24.7846
1294 111.27 81.2196 61.0254
1295 97.8869 55.2487 -0.792902
1296 112.309 105.114 53.2411
1297 79.9547 98.6583 55.1741
1298 113.554 84.2951 18.4692
1299 112.691 114.626 102.318
1300 86.5523 76.5668 61.2296
1301 89.6621 80.7429 56.8315
1302 85.7409 82.8396 39.8211
1303 92.9827 112.177 71.6754
1304 23.4908 30.7518 124.248
1305 111.324 78.496 59.0511
1306 111.216 100.457 60.6279
1307 111.507 52.0578 41.4498
1308 38.2218 114.22 7.22274
1309 110.121 3.39111 48.2596
1310 81.0189 77.4266 65.7948
1311 82.5646 76.0924 67.4778
1312 115.45 50.3784 117.734
1313 99.3083 112.832 57.3875
1314 73.0429 111.974 80.3119
1315 111.03 95.1195 57.5987
1316 90.7304 68.6637 30.259
1317 111.484 67.7977 56.1622
1318 96.2568 104.612 121.993
1319 85.6131 92.9548 61.3699
1320 65.2489 103.357 97.8957
1321 94.2572 114.345 29.5883
1322 111.72 50.1884 70.1162
1323 44.9545 113.884 122.523
1324 96.3317 114.933 111.835
1325 81.3473 89.2304 83.9053
1326 111.86 78.0747 49.2769
1327 62.5837 111.608 76.9104
1328 111.456 70.471 122.121
1329 115.295 61.7692 108.578
1330 115.341 36.2301 109.208
1331 49.7435 93.2837 86.4504
1332 85.4832 13.0156 123.63
1333 96.3041 110.306 110.129
1334 103.564 96.2159 113.001
1335 87.7022 106.964 110.319
1336 114.306 104.71 121.757
1337 115.223 101.46 117.028
1338 115.15 101.783 113.988
1339 105.473 110.286 122.159
1340 115.047 109.946 102.565
1341 85.2207 94.6701 103.608
