0 6.55144 15.7138 0.902909
1 6.95942 9.60785 7.2163
2 16.4055 28.2791 13.8277
3 26.5164 -0.604316 14.1837
4 26.8257 4.23149 0.973223
5 9.6344 4.62769 4.37039
6 4.14879 9.76311 4.36166
7 12.5378 2.63851 11.6214
8 23.9503 15.6069 0.842466
9 1.09493 15.2934 1.31626
10 -0.679129 21.3098 17.2002
11 15.7723 -0.516501 28.6529
12 13.1 5.7563 40.8447
13 -0.678535 10.411 11.6604
14 24.1293 -0.442314 16.9858
15 -0.326099 12.662 23.1346
16 -0.520389 21.3868 34.9492
17 23.3101 11.3912 45.6809
18 10.2228 0.0558569 60.9744
19 12.9246 20.9836 32.8132
20 22.7544 22.2257 22.6614
21 0.339275 1.72957 57.8874
22 51.1107 12.6154 28.9068
23 12.7021 -0.465608 16.6946
24 -0.791005 44.7565 36.9125
25 40.0257 5.91813 39.8227
26 10.517 22.4049 61.7389
27 -0.659057 20.0208 43.1862
28 27.5755 10.8038 73.1419
29 27.1255 -0.351531 33.9086
30 0.140936 24.7024 74.422
31 27.4998 -0.109842 51.3188
32 12.4179 12.8935 41.5879
33 19.1185 29.6958 64.349
34 0.0987116 22.1177 77.8424
35 4.1683 13.3235 73.1752
36 18.1851 0.278049 77.5466
37 21.4849 28.6338 44.0542
38 29.8218 -0.38153 45.4281
39 13.6047 0.142823 71.6287
40 16.2041 35.8407 70.1682
41 30.3861 -0.357302 66.6866
42 23.8293 20.1751 80.1197
43 0.532866 13.7088 98.3791
44 10.4938 31.6184 60.9878
45 13.4241 0.126296 77.7329
46 22.1062 -0.161022 78.3768
47 0.699417 5.11585 98.2052
48 32.6872 13.0528 72.9375
49 37.4864 28.6417 74.3595
50 13.6433 26.7498 90.3978
51 22.5434 23.3304 106.951
52 0.346019 5.62735 89.4516
53 33.4754 23.4073 92.2056
54 36.5223 0.248814 88.5991
55 14.966 6.8914 89.1008
56 17.8935 21.8688 89.1122
57 8.08651 15.8353 93.4442
58 0.668566 16.2875 103.683
59 9.68717 13.6717 105.637
60 3.94179 13.5443 106.312
61 11.2191 0.296142 103.513
62 28.0562 10.7122 116.521
63 25.6346 10.6805 116.447
64 3.07163 0.654993 111.959
65 16.8355 4.86024 113.374
66 16.5903 33.2933 8.07747
67 20.9733 41.333 9.36924
68 19.6136 39.6983 7.93575
69 -0.731896 44.0935 13.6844
70 16.9178 25.1881 11.1321
71 0.475576 55.5724 0.769266
72 21.003 29.5742 0.833959
73 1.04661 18.1462 1.24598
74 15.7128 26.433 38.3905
75 -0.37772 43.7609 42.9758
76 6.86652 42.8718 24.2101
77 24.6657 44.2445 20.9899
78 -0.482327 38.4276 22.0254
79 -0.137044 44.2643 51.4255
80 9.95397 28.8991 62.8483
81 18.7927 32.7334 44.0487
82 15.994 33.4922 44.1857
83 7.00633 38.3314 53.1759
84 28.7988 54.3532 33.6058
85 -0.353482 41.6258 48.6027
86 -0.0715167 84.0393 36.1468
87 16.0785 20.2842 61.197
88 -0.545602 55.5241 25.7242
89 31.971 6.8808 0.825727
90 42.8812 28.2799 48.0574
91 36.4771 25.5677 39.5704
92 0.353061 53.0977 77.6284
93 12.9835 37.5324 46.6681
94 11.6116 36.0028 48.5814
95 25.9043 31.6536 51.3365
96 -0.363084 58.1809 46.0678
97 45.7474 43.1254 44.9584
98 9.02296 30.0339 49.3428
99 -0.15362 29.4003 74.9233
100 14.4472 36.0695 64.7317
101 25.9718 40.4566 53.9671
102 -0.89559 10.0653 44.9623
103 20.7258 54.2014 62.7326
104 32.1897 37.4762 57.051
105 10.6278 30.3407 64.5328
106 34.7413 31.632 51.0369
107 17.5061 18.9463 65.4177
108 26.0192 21.6351 60.7057
109 17.3059 23.599 60.1437
110 30.5799 40.5939 87.0316
111 0.430215 44.43 89.2727
112 21.6603 28.7882 77.3444
113 13.871 50.1797 90.2644
114 9.55316 17.8685 88.9941
115 24.8962 35.4365 87.2657
116 13.4064 58.4042 78.6102
117 30.8593 37.6362 91.4186
118 0.571105 27.6242 86.059
119 36.522 36.3791 90.0677
120 27.3259 32.0555 97.2475
121 17.8978 61.9172 94.2753
122 19.1262 47.7737 101.717
123 16.6164 36.7555 101.759
124 0.796758 25.1332 103.301
125 35.7807 32.1741 105.975
126 26.5428 43.47 108.759
127 22.0387 44.7375 110.434
128 0.647067 22.2219 98.1124
129 19.5347 51.0571 104.639
130 5.22136 36.7103 116.605
131 13.8701 45.0447 116.507
132 23.7112 24.9337 105.065
133 27.912 22.0356 104.633
134 26.8373 68.3813 18.8508
135 3.5719 61.0126 0.728575
136 22.4863 68.6411 13.3364
137 22.5279 65.4097 13.4398
138 -0.864783 49.5338 19.8355
139 -1.00649 67.0349 11.0867
140 18.3024 46.7074 9.3682
141 11.1246 71.8605 48.27
142 -0.49156 35.7869 25.575
143 -0.410541 38.6338 42.5703
144 24.6508 50.0327 35.2897
145 -0.289596 69.4951 45.4886
146 25.8799 65.4935 13.4835
147 18.4069 64.7611 29.3597
148 -0.236278 35.8756 58.0056
149 29.6858 45.6925 21.3677
150 34.4054 55.8732 47.8164
151 15.4901 52.684 38.1927
152 -0.894145 58.6973 25.2376
153 28.414 70.7761 48.1223
154 38.7875 51.5748 54.2452
155 25.6744 71.3264 48.1916
156 -0.388143 58.6882 57.8262
157 17.2907 66.69 59.8354
158 27.0578 58.5459 52.4925
159 -0.551858 67.0731 48.6256
160 28.5243 69.9752 44.4771
161 20.0414 44.2898 46.5513
162 -0.275255 67.2784 54.7033
163 8.75765 48.1069 45.6018
164 34.1548 52.1322 36.4464
165 -0.0992443 44.7282 60.2899
166 10.601 45.7777 51.4827
167 23.9821 64.5327 75.6039
168 -0.699659 34.5601 45.8304
169 14.355 57.0376 54.231
170 15.4959 60.8621 52.6408
171 24.3984 47.6509 64.1357
172 6.31978 75.6496 49.7953
173 19.2569 60.6106 89.5158
174 16.3226 51.9189 86.3773
175 -0.18914 70.183 62.8731
176 18.9525 63.1201 75.5323
177 23.2486 48.9102 62.6405
178 3.41984 45.9679 71.7767
179 17.6636 87.3268 80.1836
180 0.418742 39.321 91.5885
181 27.6058 49.1244 75.9806
182 9.1279 67.2968 84.62
183 31.138 39.1825 90.0135
184 9.91908 60.4665 106.154
185 4.6373 46.2309 76.327
186 0.380733 56.2578 108.822
187 0.275953 70.1472 80.0011
188 0.447496 42.2593 86.0826
189 19.4795 58.3628 104.743
190 17.9749 46.8478 100.239
191 0.575244 73.8919 111.76
192 13.8783 59.1243 116.263
193 19.8037 62.0337 116.41
194 9.62794 38.7579 109.178
195 8.50312 64.9437 116.375
196 18.9379 59.1384 113.094
197 20.6239 58.7683 100.108
198 31.0635 78.8316 115.938
199 9.56813 65.1836 9.75203
200 15.3981 100.421 3.30093
201 15.8912 83.8619 6.32005
202 21.0612 78.2904 6.28622
203 17.8733 75.2464 0.180427
204 17.5248 89.5154 0.0252695
205 -0.957348 75.2761 4.83695
206 16.7501 75.3162 15.1766
207 11.5001 75.0972 0.123683
208 21.9842 71.3377 7.54635
209 18.3284 71.8682 35.1353
210 35.3406 76.2101 20.4606
211 18.5324 98.8144 40.6315
212 22.6744 89.6422 25.2891
213 29.4968 66.7549 11.8851
214 15.354 90.8031 14.8235
215 -0.207677 79.2429 33.8103
216 16.8584 92.172 13.1676
217 29.2966 67.2937 20.7683
218 12.6922 88.333 48.6041
219 10.9326 64.0684 21.2921
220 -0.743635 86.951 19.6867
221 26.8763 70.4167 43.3542
222 3.74714 95.6915 52.4506
223 26.5274 74.2471 42.3339
224 2.55591 68.3822 34.0504
225 9.99759 80.7411 26.4676
226 30.0632 67.7831 49.2526
227 18.9649 114.588 50.7626
228 17.501 77.5303 71.2385
229 -0.384168 75.417 59.6462
230 35.8595 105.755 48.4684
231 11.169 81.9999 33.9418
232 0.0346571 98.5594 70.7748
233 0.0908885 67.3133 82.5993
234 7.15983 51.3803 45.3645
235 26.8301 69.9819 49.5173
236 -0.00210658 61.3319 71.6582
237 -0.344521 52.6846 48.4057
238 -0.575194 76.9339 48.228
239 -0.0795526 55.4461 62.8199
240 18.9307 80.1535 69.2739
241 25.821 83.0685 45.1047
242 0.258848 50.4177 96.9561
243 -0.304501 52.8611 54.039
244 23.2815 87.3575 77.4633
245 -0.703369 86.5797 59.7554
246 29.5895 94.0266 53.4975
247 25.0392 91.3942 59.3699
248 24.8823 94.3439 65.2453
249 0.0217976 70.1768 71.4911
250 32.1401 65.2599 88.3735
251 10.338 77.0149 78.5782
252 19.076 60.9658 75.6435
253 15.7576 96.1243 98.2581
254 23.1893 66.1682 65.2691
255 0.498197 93.2144 97.2954
256 39.525 83.0168 79.3208
257 33.2229 80.1965 73.4388
258 41.9925 68.8733 76.9441
259 19.5731 80.26 100.248
260 0.017046 87.6126 74.0866
261 -0.184195 81.2438 60.6487
262 0.548644 73.4495 102.541
263 24.9795 71.5968 84.3694
264 18.0102 79.9887 65.225
265 0.377397 90.5705 105.88
266 16.6836 71.6241 107.154
267 0.25889 84.3923 86.1209
268 32.4841 89.7527 93.7299
269 -0.204929 81.6497 70.7406
270 16.7032 89.0456 104.45
271 16.4541 87.6363 106.909
272 36.7594 79.8016 115.929
273 3.60141 70.1641 106.014
274 0.8929 87.6408 111.764
275 32.191 81.7655 97.3633
276 32.2773 82.4508 105.711
277 25.2138 89.6571 104.042
278 29.2185 109.524 -0.0901739
279 21.9518 79.682 16.2705
280 27.8779 99.1244 7.36699
281 19.7315 106.684 8.94771
282 15.1832 113.994 7.49839
283 6.36315 100.802 0.280863
284 36.728 100.494 24.5359
285 23.8958 83.5598 0.169981
286 12.966 114.52 44.3333
287 3.98373 103.883 20.6117
288 4.28803 93.7928 16.6611
289 20.9784 114.342 18.5084
290 -0.447157 92.8113 22.2772
291 18.4448 114.234 24.0727
292 -0.597993 86.9223 33.538
293 17.1091 86.8806 35.616
294 16.8584 89.5164 13.5563
295 9.51972 112.627 0.339503
296 20.9824 114.73 14.8979
297 27.0581 114.523 45.7424
298 28.0587 102.734 39.0298
299 21.3814 77.0953 39.8787
300 35.3494 114.479 41.6738
301 4.08012 114.055 22.0156
302 15.5497 114.543 41.9589
303 -0.533494 109.518 34.4469
304 -0.614547 103.878 22.5095
305 23.0424 95.2093 62.2433
306 26.7361 114.362 33.3162
307 25.4901 81.342 33.702
308 35.0503 104.295 55.0015
309 21.2765 84.8349 43.7108
310 -0.414307 87.8016 56.9351
311 45.9154 101.678 54.3182
312 18.8934 114.393 56.4258
313 10.3657 100.146 63.7055
314 1.29784 114.301 45.205
315 -0.207308 104.262 53.6085
316 13.1281 114.519 59.0848
317 16.3291 115.0 82.0522
318 8.89526 92.2397 65.1031
319 18.9441 114.539 58.9741
320 26.5014 103.404 88.189
321 0.32405 112.744 91.2185
322 21.9897 114.824 70.4354
323 1.96468 114.44 65.2352
324 21.1677 91.7949 79.5742
325 -0.105728 96.1992 65.3691
326 10.9421 114.852 94.184
327 0.413392 96.3334 79.9974
328 29.1274 93.9405 79.4698
329 33.517 100.23 89.6416
330 16.3943 104.544 63.6915
331 13.2984 114.693 88.2305
332 15.3002 92.9583 99.9258
333 0.501613 110.434 88.3896
334 5.23108 105.961 100.828
335 0.620764 98.9188 100.184
336 1.77266 114.535 88.6772
337 19.2922 114.993 82.5064
338 22.2976 114.985 91.152
339 28.0269 105.031 115.621
340 0.695484 101.968 108.275
341 8.28284 101.523 112.57
342 3.71343 107.34 105.47
343 36.9113 28.983 13.4812
344 26.638 -0.658087 19.4048
345 49.3083 -0.679205 16.6453
346 43.9154 15.3706 0.213285
347 57.8558 -0.530193 19.1393
348 40.2575 15.606 17.9997
349 31.9267 12.4741 0.70305
350 40.18 15.5497 21.0553
351 45.3041 23.0437 16.3222
352 46.0955 -0.634642 25.2601
353 65.6666 5.17049 22.0166
354 43.827 -0.540254 20.188
355 32.6155 -0.603884 33.6093
356 63.8748 -0.409273 33.2595
357 38.1264 16.0814 29.5866
358 25.3175 25.1942 16.7157
359 41.0288 15.6291 29.5134
360 22.3906 -0.285169 60.1244
361 52.9267 -0.58828 42.0583
362 44.5591 -0.642288 36.4158
363 45.6093 26.3804 45.2908
364 55.2721 10.1539 32.2141
365 61.9767 -0.365017 36.7419
366 28.7095 14.0977 42.7099
367 38.447 4.30216 38.2487
368 52.8708 10.7041 46.7926
369 58.0448 -0.567508 31.2837
370 45.7226 37.2335 36.5985
371 26.9326 -0.551853 22.7281
372 25.7925 25.6613 60.0296
373 47.268 38.9536 60.7659
374 49.4577 14.8079 74.0482
375 58.7975 25.8413 57.5471
376 7.00959 -0.104054 43.2433
377 27.8773 0.17149 85.4751
378 53.102 14.0954 67.242
379 43.1263 31.7304 71.1585
380 39.2994 0.125528 91.0726
381 56.1797 7.63358 61.186
382 46.2682 4.70142 84.7689
383 33.5651 8.50328e-04 80.6357
384 43.7044 47.7634 98.9917
385 25.3184 0.217715 91.7412
386 34.7251 7.48132 81.8155
387 62.1004 0.238418 91.7499
388 46.0458 0.114864 108.889
389 37.6235 20.1359 91.5655
390 43.3739 21.9709 98.513
391 64.5883 0.0680832 94.2808
392 55.2151 24.812 92.3652
393 53.9466 14.103 116.026
394 39.5329 5.13045 116.371
395 48.0937 23.4934 116.65
396 45.5181 26.4235 102.742
397 36.5916 0.553108 114.427
398 42.4335 0.486932 108.702
399 49.2426 24.7647 89.2342
400 62.8446 10.8581 116.174
401 45.2562 22.6703 113.039
402 37.8842 26.3989 0.483372
403 38.1027 35.216 0.0353651
404 23.671 40.7585 0.409355
405 55.4211 23.7037 14.7619
406 55.1946 41.2135 -0.22947
407 52.4325 38.5839 5.94449
408 22.2514 41.245 5.93835
409 38.1095 45.7767 12.0106
410 32.4187 26.8062 0.604172
411 48.9568 35.2512 -0.0710883
412 28.0966 41.3262 8.97499
413 39.6756 36.7755 16.4069
414 25.619 52.7154 33.3868
415 24.0938 18.7182 32.6896
416 32.8181 50.0171 23.4292
417 40.6429 54.139 13.3425
418 38.0182 42.7137 12.2292
419 26.9677 24.829 18.1008
420 33.7295 51.014 13.2959
421 35.4653 16.9989 35.3636
422 37.1176 16.7512 19.4176
423 49.6842 17.0192 27.1318
424 46.8503 53.4632 22.9351
425 11.6624 38.5846 48.544
426 56.9935 38.6131 34.8185
427 45.9193 18.435 32.3245
428 36.9837 17.7027 30.9
429 37.2315 38.9586 41.8069
430 24.2797 13.544 35.4863
431 51.392 21.0237 42.434
432 14.1655 63.0632 39.5006
433 37.2174 35.5916 45.7597
434 23.2458 45.4996 65.6796
435 31.5616 14.6231 60.0224
436 28.7914 27.6487 60.3695
437 25.3949 28.6313 60.0405
438 33.4748 61.4466 43.6264
439 34.6123 36.0513 63.2902
440 36.1214 39.2167 78.6315
441 6.50341 31.8214 65.9829
442 38.6995 40.7429 40.6454
443 48.1063 73.1093 80.9035
444 30.6908 34.6417 89.3978
445 42.0444 17.7306 76.1766
446 41.2283 39.0286 43.7947
447 65.6539 14.2257 47.967
448 36.1325 22.9906 69.5678
449 42.1336 37.5883 90.2034
450 36.5201 41.5551 63.9978
451 26.9663 54.5538 62.2837
452 28.6409 37.2303 56.9846
453 50.6451 43.1688 86.4699
454 27.3613 42.1658 60.9983
455 34.2667 30.1278 49.6643
456 41.9885 16.0122 93.0405
457 61.6869 30.0402 69.4302
458 50.5905 38.6503 89.8401
459 17.7859 31.4544 91.6714
460 48.7836 41.9526 84.2839
461 45.643 40.5499 82.5313
462 51.3627 23.3226 73.8329
463 59.2255 27.621 75.4017
464 64.5824 23.0452 74.8169
465 46.68 24.798 95.6771
466 65.0145 33.0686 101.223
467 32.1292 45.1257 88.796
468 44.9604 46.4691 96.3481
469 45.9036 34.9907 102.864
470 35.8322 47.8031 101.747
471 46.2799 20.672 108.738
472 46.675 31.2722 111.546
473 45.7063 33.7695 116.271
474 33.6797 24.2751 104.603
475 51.1073 27.3725 116.119
476 60.7038 44.8514 91.9841
477 47.884 39.1389 101.584
478 49.5405 29.1493 111.421
479 37.9616 54.8665 97.184
480 38.1482 59.9854 13.8035
481 49.372 63.7653 -0.219315
482 52.0029 68.2491 12.805
483 49.5706 49.571 -0.203362
484 42.6703 43.0667 21.8766
485 20.8036 47.1097 32.4769
486 57.5222 71.4918 44.6158
487 30.7338 59.8104 13.2613
488 54.8058 55.8069 11.3375
489 48.1599 51.4172 24.7982
490 32.3197 58.293 23.375
491 36.8555 58.3938 34.3414
492 54.9258 49.8342 31.8459
493 57.0928 55.416 27.0378
494 41.993 61.31 34.8491
495 59.0171 69.9692 28.6986
496 33.1707 51.332 30.6503
497 41.3526 75.3207 40.561
498 41.5649 54.41 51.3188
499 44.0075 78.286 37.4678
500 33.8469 41.7066 61.2308
501 33.044 54.4038 59.3458
502 44.5701 65.7837 59.4864
503 41.6203 49.0267 58.2162
504 5.73172 62.5922 57.0335
505 42.549 68.8948 38.8462
506 59.777 58.7659 52.1847
507 72.9858 74.4078 61.1046
508 28.8817 47.5827 78.7055
509 20.3296 44.28 68.0792
510 26.9827 44.6702 61.218
511 67.4197 55.8625 51.8486
512 32.4713 43.0404 68.3185
513 26.1007 30.9191 59.9272
514 40.5735 71.9509 88.0635
515 40.7193 69.7013 88.3741
516 44.4957 63.2108 76.7344
517 56.8289 55.9803 77.9371
518 24.7072 54.2341 75.5966
519 45.7363 63.0194 74.0073
520 38.7553 44.1583 78.4207
521 55.0308 68.7992 61.9937
522 43.3202 61.595 75.6998
523 43.5672 57.7768 82.5664
524 46.0728 63.3911 96.8045
525 51.2779 53.374 98.4888
526 28.1544 57.7876 103.0
527 42.4347 64.4108 84.0002
528 35.1816 36.3446 95.954
529 40.8518 48.8474 111.661
530 32.0751 70.3071 81.3662
531 30.9668 61.8935 116.326
532 25.1682 57.087 101.688
533 57.2039 70.4017 115.917
534 33.8054 67.7377 101.422
535 48.0366 64.0731 104.117
536 64.8463 54.0424 92.4971
537 32.5056 80.8193 -0.188523
538 43.5375 84.0726 -0.295476
539 25.146 72.0961 7.26216
540 56.9875 70.9109 9.89137
541 52.2513 82.6362 17.7753
542 23.7668 80.8273 0.135181
543 32.2102 55.5077 0.00902435
544 65.4459 106.906 28.3179
545 68.0491 67.1106 21.8382
546 48.6017 76.672 33.1586
547 40.1599 92.5227 14.4616
548 39.4482 60.0101 21.8302
549 55.3308 77.1175 20.2726
550 63.9181 69.4662 17.0984
551 65.4712 79.6598 32.7463
552 36.9268 75.6267 37.3706
553 42.846 71.5226 41.9466
554 52.457 75.7756 40.324
555 43.9511 78.1624 48.9751
556 24.0557 70.9682 31.9625
557 26.9705 86.0527 26.2682
558 47.3312 67.2678 40.4673
559 49.6738 82.718 28.2911
560 34.0759 68.3512 39.4391
561 34.0416 74.6849 39.1013
562 62.7936 74.8649 44.4654
563 49.3969 82.9929 47.4546
564 37.0851 88.4299 56.2812
565 56.8711 76.3968 33.0789
566 44.1619 99.8227 38.6068
567 49.9845 74.3862 59.4899
568 44.1856 85.6535 53.8141
569 63.7351 68.7339 47.3072
570 47.3573 79.0838 57.708
571 22.7588 75.7104 39.8093
572 38.5656 66.7832 31.8233
573 57.5273 71.1318 61.9589
574 61.3094 58.9576 54.8011
575 51.1587 83.0465 50.4475
576 21.7063 71.5359 59.3833
577 38.8461 69.6055 40.6996
578 28.0408 75.6816 40.9527
579 41.1507 80.1552 67.9196
580 52.7551 77.9111 48.9643
581 40.2878 87.2022 67.3565
582 43.2014 97.0409 64.7385
583 40.7459 90.2303 72.4284
584 21.7405 82.8632 56.6589
585 50.3562 90.07 74.9328
586 42.868 101.475 55.8095
587 26.4803 78.6106 77.3052
588 30.1238 91.7195 79.5598
589 54.8143 86.9319 87.7625
590 38.9836 84.5342 89.5964
591 59.1476 72.4163 80.8652
592 37.9899 65.9995 88.2924
593 45.04 69.0316 91.5422
594 9.14223 81.5242 85.4349
595 45.2393 84.891 103.994
596 47.5532 80.3727 71.4048
597 51.3483 86.0958 96.8513
598 43.415 72.068 85.2925
599 47.8221 95.9181 95.251
600 35.5511 74.7792 99.971
601 43.8113 89.018 102.535
602 49.3425 61.3281 99.7018
603 48.6069 93.0689 109.468
604 64.5196 61.9901 89.4478
605 19.4259 77.5697 87.7071
606 53.011 97.3685 82.0713
607 52.1352 60.9529 91.0958
608 47.8088 70.2081 98.4559
609 53.7848 83.1898 102.223
610 39.0653 79.1179 101.286
611 50.9645 74.2263 103.786
612 42.5052 87.1978 104.054
613 38.2412 73.4608 109.96
614 44.746 87.694 103.997
615 53.7137 79.7304 103.993
616 38.8645 96.7218 7.1425
617 43.7557 114.258 1.68475
618 54.9692 112.366 -0.401035
619 26.6594 95.269 8.89726
620 49.1354 114.406 1.71525
621 53.5393 101.204 13.9663
622 59.205 98.1622 11.5056
623 38.1218 108.329 13.795
624 40.9751 85.246 11.0432
625 37.0257 111.059 4.16007
626 49.5053 102.477 10.2513
627 23.8163 114.33 10.427
628 32.6579 100.72 40.5937
629 29.2918 114.709 2.82832
630 36.9019 79.8457 39.1346
631 30.0157 91.9824 29.0226
632 41.9622 85.6088 33.329
633 24.484 114.292 30.1855
634 52.3333 104.694 14.2277
635 22.5014 101.072 22.5229
636 57.6787 114.546 32.8269
637 29.8153 89.9292 40.6963
638 58.4515 114.542 38.3895
639 42.617 94.4308 41.8034
640 64.0873 96.1914 48.5673
641 32.9316 90.4316 40.8396
642 47.7765 93.2385 57.6741
643 24.2678 114.452 50.5977
644 60.9524 114.556 30.0232
645 38.4418 114.566 53.2595
646 38.7076 82.674 39.5375
647 49.221 85.7702 41.726
648 41.6083 114.57 53.6676
649 30.636 115.094 90.723
650 37.1267 93.8855 64.8928
651 41.135 114.761 58.8792
652 41.5929 97.3952 67.5159
653 61.3968 114.79 44.3352
654 47.0206 114.668 47.2126
655 24.8922 101.25 86.8075
656 55.4844 97.2698 55.5211
657 48.1516 110.349 83.3415
658 67.5183 101.802 80.173
659 45.8134 110.265 66.4813
660 8.94555 94.2392 85.433
661 57.4716 115.297 44.1694
662 35.9875 114.758 68.0295
663 67.4712 114.972 72.9913
664 20.6748 96.8993 85.3424
665 47.5357 115.018 76.2152
666 41.8599 115.057 79.3826
667 26.9862 91.3294 53.7566
668 37.9465 91.5132 93.7689
669 32.012 89.0218 76.6107
670 30.4495 114.812 67.4319
671 19.2373 114.786 76.7631
672 54.6816 97.882 93.6446
673 49.996 114.882 61.5203
674 35.0804 84.7861 91.9493
675 30.8003 114.979 99.6108
676 45.1136 86.1263 93.8639
677 30.5638 115.541 77.726
678 62.1159 114.922 75.7612
679 33.7014 115.123 107.584
680 42.6598 90.6264 115.792
681 42.1184 97.6215 107.776
682 43.8399 107.689 110.223
683 36.5774 90.3846 115.825
684 50.7775 115.292 102.435
685 35.1589 104.14 102.372
686 33.3797 115.137 102.008
687 41.8953 115.149 113.658
688 36.8029 96.2777 115.683
689 57.5142 102.078 115.785
690 59.478 113.278 115.193
691 66.5701 4.3284 0.286344
692 69.2326 32.5279 -0.21697
693 79.1808 23.8935 1.09119
694 74.0797 18.4485 6.26325
695 66.412 15.0664 0.0981873
696 62.5798 14.0655 16.168
697 80.9429 -0.367833 19.1384
698 53.8888 19.6254 22.1718
699 62.3951 18.3292 13.2432
700 83.7725 -0.0494508 30.4749
701 89.8721 -0.0524341 44.7995
702 78.0507 -0.546796 22.3675
703 40.8437 -0.17095 31.2381
704 74.9205 15.9235 26.221
705 60.5957 5.61494 13.6701
706 51.4039 17.4968 39.476
707 62.7069 27.0401 26.9898
708 80.5724 20.0002 53.5979
709 86.4167 25.933 47.6928
710 82.9228 17.0945 44.7248
711 89.8241 -0.263681 41.9302
712 45.588 20.3742 42.4047
713 78.7184 -0.0731951 59.6255
714 86.2952 8.57666 41.9018
715 68.3003 10.0534 37.1583
716 49.9941 16.3989 46.6099
717 59.989 18.7567 44.7949
718 83.1791 23.3311 62.2692
719 53.2658 -0.383814 53.8848
720 78.5723 -0.135132 73.7197
721 61.2133 -0.147089 51.0536
722 73.1409 -0.215511 71.6499
723 61.8014 2.99228 74.7754
724 64.5094 -0.0300975 62.3153
725 79.0716 -0.305899 50.6994
726 47.2877 -0.234227 63.362
727 93.1306 -0.203047 72.7479
728 57.6445 24.7893 86.1894
729 70.4544 23.429 88.4749
730 75.1276 -0.462654 76.9339
731 50.8647 0.257687 97.1005
732 84.9704 0.360927 91.8779
733 83.5532 9.58282 99.6491
734 83.0021 10.5866 109.675
735 83.6028 9.22394 111.143
736 86.5414 21.6162 102.467
737 68.9986 20.5409 108.495
738 67.9453 0.281834 103.136
739 73.4526 24.7479 95.3853
740 82.5326 16.7767 115.725
741 62.3558 19.2518 110.035
742 72.4674 13.6015 110.646
743 80.6849 29.2203 105.316
744 59.4123 0.449299 111.63
745 62.1684 16.1148 116.204
746 62.455 0.106955 102.863
747 59.68 16.3419 116.03
748 71.7928 26.7823 -0.296728
749 72.4037 41.0872 -0.297302
750 88.0415 52.6956 10.422
751 80.1226 27.1567 23.0212
752 72.3656 32.2924 -0.310518
753 63.7902 18.3291 -0.0109859
754 66.7519 42.741 21.4495
755 52.2718 46.7936 14.4925
756 40.578 38.4148 17.7474
757 42.6223 15.4338 17.3729
758 59.709 28.3754 13.2777
759 61.5075 26.8473 43.4722
760 66.9363 20.1603 45.2883
761 78.2386 45.5861 41.6839
762 50.2489 32.8342 34.9497
763 72.9916 25.7913 58.4282
764 87.9836 15.8507 43.1766
765 63.103 41.5592 59.7035
766 54.4101 37.1952 53.7747
767 99.1679 14.5975 33.053
768 57.7517 42.7724 44.7762
769 81.7004 50.2544 60.2279
770 68.6934 25.3152 44.965
771 88.9955 39.915 32.9503
772 79.8688 24.3832 31.2328
773 96.8475 28.9553 67.659
774 85.115 45.9332 50.2096
775 67.7072 34.5696 64.9908
776 64.6435 27.3542 69.4757
777 59.9752 45.3887 41.9839
778 89.984 27.0908 54.6393
779 83.0282 30.236 62.8359
780 74.5689 31.7967 64.9507
781 47.0327 12.0125 46.6808
782 73.3583 49.4973 74.8485
783 73.0236 24.3059 83.8567
784 82.851 27.7807 64.947
785 89.0664 27.4243 87.9757
786 68.9457 24.6744 80.4517
787 67.879 16.5919 98.2488
788 72.0309 57.0217 79.2732
789 51.446 34.7938 94.3761
790 78.9964 52.7421 74.9059
791 93.9899 50.4672 80.1832
792 54.6948 29.5576 79.765
793 67.4928 53.3582 75.0507
794 60.5982 21.0585 88.3767
795 82.229 34.4968 98.4012
796 52.7894 30.3629 90.1269
797 77.8974 22.1466 98.5164
798 62.9143 37.7777 82.5128
799 60.5212 49.0027 96.8575
800 78.0492 41.0882 102.458
801 79.0937 23.5101 80.5804
802 69.0559 22.0055 86.776
803 77.58 49.5598 90.988
804 59.515 24.9866 115.975
805 71.1297 30.8776 115.784
806 62.0627 24.9846 107.144
807 83.622 27.93 105.784
808 66.8192 34.6896 102.692
809 82.0822 31.0116 106.749
810 89.8059 49.4913 -0.814012
811 69.8423 58.2147 -0.828008
812 52.252 61.0986 -0.276017
813 59.7097 56.8823 12.8299
814 64.87 62.4583 9.8399
815 72.0775 49.998 8.46447
816 65.3207 59.0496 15.7479
817 92.3469 72.7508 16.7079
818 63.6243 52.1344 -0.373049
819 82.5937 57.0207 12.6087
820 82.4117 45.5119 9.8003
821 71.2333 56.8237 15.5795
822 69.5716 64.0216 19.9796
823 72.0061 31.3752 21.8797
824 80.9929 66.8536 22.6266
825 62.8579 78.4263 37.8569
826 68.3314 68.1603 18.4773
827 56.3742 64.0496 5.59598
828 106.92 90.3506 39.5077
829 72.3663 71.2786 14.7768
830 67.5434 64.0476 39.9819
831 71.2386 67.5436 29.9073
832 64.7771 98.6513 45.5925
833 92.7809 5.87713 54.2616
834 69.8656 42.9944 53.5622
835 55.4652 78.6822 34.6277
836 75.4891 73.2204 34.1788
837 82.6279 74.6415 44.2163
838 72.9274 59.3771 51.5267
839 82.1346 61.4797 63.085
840 48.697 58.6971 69.6813
841 64.3803 74.4934 50.5461
842 75.8569 49.5101 63.5255
843 83.2967 57.6118 58.9668
844 57.2627 71.5018 67.8521
845 81.3917 60.5409 42.8043
846 100.113 61.2441 46.9857
847 90.1021 63.095 54.1969
848 62.8973 57.3073 53.3903
849 69.9147 70.4285 89.2149
850 78.2912 83.1907 78.9567
851 81.2822 41.7966 72.1962
852 64.8473 72.6597 77.7724
853 57.7613 65.8405 62.0525
854 70.466 50.2213 75.0145
855 80.0515 47.3588 60.3416
856 77.9424 66.2184 79.0447
857 52.7539 57.5523 82.3401
858 72.0266 56.2601 89.5591
859 76.1889 43.642 80.9835
860 45.0119 58.2142 92.8183
861 56.6861 40.8833 98.5427
862 69.2757 66.4671 102.436
863 76.5874 39.4537 115.534
864 64.6534 63.235 97.1874
865 85.2107 43.1654 106.533
866 92.7076 40.5587 93.4325
867 75.134 72.6354 108.085
868 86.5353 44.9457 105.405
869 85.1309 46.4463 103.829
870 81.1449 47.9215 116.221
871 71.4057 67.7892 115.708
872 79.609 55.7683 115.565
873 93.2466 67.5328 97.6577
874 73.7371 63.4761 107.074
875 87.9165 59.5712 115.41
876 89.3251 70.3381 7.95868
877 58.4884 72.3439 8.47609
878 86.3399 89.4773 8.09963
879 65.0119 80.8623 4.36735
880 63.9205 92.4717 -0.651745
881 60.5457 72.838 -0.345012
882 66.9194 71.1603 18.0251
883 63.6152 83.3552 5.28337
884 69.5438 63.5835 -0.64389
885 64.1024 86.8773 5.4713
886 80.4488 59.913 55.992
887 73.2996 82.5211 9.64904
888 62.9256 65.6701 27.3158
889 70.8166 59.5634 15.6961
890 88.5309 78.5232 45.343
891 58.1047 86.9734 14.2069
892 73.4195 69.7296 31.4
893 71.2195 65.6803 21.4108
894 73.81 73.9822 44.4314
895 56.6248 90.8245 35.8339
896 80.9409 85.3749 17.4953
897 78.4677 73.351 45.7213
898 79.5148 78.7153 24.2957
899 84.307 73.3145 45.6935
900 65.8499 104.462 60.8096
901 62.8958 106.346 41.2161
902 84.8474 68.6319 73.4942
903 77.3098 77.5477 55.9697
904 50.3102 85.3845 63.4447
905 60.9419 88.6984 44.4789
906 81.585 94.2799 63.057
907 75.9975 84.7609 57.434
908 74.1388 63.5014 55.995
909 67.5206 92.3379 60.1049
910 64.728 75.6951 69.0524
911 80.195 63.6228 64.6667
912 75.9485 70.0493 80.3713
913 76.473 100.202 61.3457
914 81.1342 84.3497 62.9827
915 80.4377 79.0282 84.3823
916 90.6006 82.0258 97.4068
917 62.0623 58.5482 83.7518
918 67.066 80.12 87.6704
919 49.0615 85.6348 62.0673
920 74.1595 65.9031 70.5549
921 78.6611 85.9027 58.0202
922 60.7997 83.032 64.8006
923 56.1984 68.976 102.45
924 59.2475 66.0207 90.8491
925 63.275 93.3757 88.8837
926 60.8152 81.1652 96.3577
927 66.0431 87.4873 83.0448
928 94.8406 69.1603 96.1303
929 85.5984 84.8983 115.194
930 59.4672 84.8004 115.547
931 80.1254 70.8456 115.533
932 84.5677 86.0669 104.805
933 77.8915 84.8626 104.673
934 68.4646 70.6658 115.806
935 70.8133 78.9469 115.571
936 68.3672 70.6715 106.726
937 68.4454 90.8548 115.568
938 79.4458 99.2108 9.58628
939 58.314 108.186 9.64244
940 56.7629 93.7239 6.85498
941 69.3498 92.1461 -0.697542
942 77.6472 101.004 19.7287
943 100.816 114.325 26.2385
944 92.3848 114.77 27.2281
945 59.6965 102.57 29.8616
946 60.9271 114.278 6.6238
947 61.036 114.228 14.8579
948 52.5723 89.9634 28.6379
949 35.5005 114.516 39.091
950 52.2858 96.938 21.1276
951 75.8878 114.559 46.6345
952 45.8501 94.2908 56.2943
953 58.6181 89.9351 28.5056
954 75.4629 111.022 36.9325
955 38.3567 114.455 20.7709
956 77.7197 92.8297 36.7876
957 76.1415 114.99 81.6278
958 72.4681 92.9697 60.2118
959 81.7496 93.674 74.4739
960 65.2673 89.8796 26.4732
961 64.0511 114.71 61.2157
962 78.927 114.864 64.2659
963 58.1004 114.428 26.3296
964 55.4482 68.4079 35.2214
965 63.0364 99.6934 53.0255
966 70.6249 96.9579 35.412
967 52.9619 114.701 38.4223
968 71.6557 102.815 44.1789
969 74.0056 94.6055 64.485
970 101.815 88.7002 69.4997
971 82.0398 114.991 81.8675
972 76.5084 94.4227 55.6377
973 81.8013 87.7206 68.5958
974 52.8181 114.837 56.2597
975 72.8922 108.449 59.8672
976 73.1603 115.132 81.983
977 65.0766 98.6144 71.7663
978 68.8458 97.7251 84.6022
979 59.9724 97.6689 55.8071
980 70.5126 84.7201 86.3616
981 92.4922 115.221 72.9417
982 64.5422 114.648 70.5668
983 85.0516 94.5197 87.4279
984 60.4585 96.1401 91.9277
985 84.7719 114.767 84.5497
986 76.7641 115.175 95.6016
987 69.2362 95.0283 78.8466
988 74.1042 104.927 115.257
989 70.5218 97.6307 88.1652
990 51.046 89.0993 93.6937
991 82.1806 115.24 99.2277
992 69.1648 94.775 84.5968
993 66.1954 102.669 81.7378
994 66.0658 82.9937 84.9158
995 58.6693 115.697 101.839
996 71.8881 94.5595 101.991
997 59.23 115.054 93.3435
998 67.485 101.984 115.033
999 62.1552 115.27 110.253
1000 76.5007 107.675 114.925
1001 65.1388 94.2371 115.487
1002 90.818 90.8065 114.977
1003 57.9819 90.4272 111.731
1004 85.0936 115.11 104.371
1005 50.8314 115.236 107.499
1006 95.8259 104.917 105.819
1007 72.3612 105.935 110.39
1008 113.922 12.5575 0.886952
1009 105.645 19.852 4.18602
1010 87.8859 19.3003 7.16915
1011 106.641 -0.373911 10.2155
1012 89.1617 3.32026 -0.549942
1013 96.7306 17.2652 10.065
1014 93.7435 20.2682 9.99131
1015 114.284 4.47466 35.2519
1016 114.163 12.6411 21.7472
1017 101.083 -0.352945 17.9873
1018 92.2029 11.5492 10.4635
1019 94.8916 5.58686 15.9891
1020 99.5059 21.6899 15.4995
1021 71.1273 12.6742 20.9141
1022 102.232 30.7496 27.1525
1023 114.303 4.76623 47.5584
1024 112.493 0.0414265 30.2254
1025 114.4 10.0982 20.9769
1026 85.7391 12.9338 26.3255
1027 95.7929 -0.200503 41.5246
1028 69.2823 15.68 37.819
1029 85.2056 6.27782 18.9155
1030 82.6181 20.2899 41.8447
1031 53.636 0.14755 92.3355
1032 114.537 9.85888 44.2497
1033 114.432 18.4941 55.5809
1034 114.866 15.4494 64.866
1035 98.2687 -0.00163382 47.2244
1036 100.964 19.3016 28.7525
1037 114.51 4.25337 52.8099
1038 97.5154 16.1066 74.0703
1039 96.7093 0.266032 93.8438
1040 114.462 18.418 41.408
1041 102.458 -0.0842378 76.4874
1042 107.345 -0.20332 68.889
1043 75.3191 -0.00957131 56.4464
1044 104.283 -0.100405 50.7804
1045 103.03 19.0344 68.0966
1046 87.7505 -0.00538232 74.0843
1047 74.4732 19.0822 86.9342
1048 104.319 24.6573 71.9095
1049 114.928 7.85965 70.0109
1050 112.925 0.045998 68.0592
1051 106.366 32.6498 78.9387
1052 115.129 7.55378 66.338
1053 115.098 7.62991 93.3369
1054 104.734 0.276437 90.1867
1055 109.961 -0.116983 52.9036
1056 84.1605 0.0650776 82.3892
1057 115.429 10.7369 96.7407
1058 113.394 0.405482 96.439
1059 80.668 13.5438 92.6992
1060 97.572 11.64 76.2395
1061 115.03 24.1384 73.1985
1062 84.8502 16.1728 89.4171
1063 95.9507 4.61099 77.745
1064 90.6104 0.42083 91.1342
1065 109.285 12.1243 90.4426
1066 100.648 5.07559 104.335
1067 115.305 13.855 104.772
1068 113.706 5.23523 115.082
1069 100.179 16.2181 89.5749
1070 91.9829 35.5382 -0.729972
1071 89.3228 43.2394 -0.694749
1072 92.3426 18.8005 2.76695
1073 99.6769 45.9405 15.5514
1074 100.75 42.6467 2.63026
1075 99.3826 44.4514 3.8003
1076 103.797 32.3718 11.1759
1077 86.6392 31.6639 11.6563
1078 102.586 38.3081 10.7233
1079 105.289 48.7936 41.3911
1080 94.1355 26.0052 27.1675
1081 114.446 43.6225 26.8372
1082 63.0224 38.2931 53.1782
1083 114.266 47.171 24.1172
1084 114.181 29.6408 24.2265
1085 95.9903 41.8816 57.4063
1086 90.9243 33.8638 30.0254
1087 114.479 35.2426 32.7261
1088 104.008 45.7034 22.0772
1089 114.36 41.7992 41.2004
1090 97.5218 22.752 24.5334
1091 93.9335 15.766 26.3606
1092 80.9781 17.2746 56.2952
1093 88.1576 41.5034 37.0704
1094 82.9558 47.4692 58.6247
1095 85.2595 54.484 55.9169
1096 97.1288 33.3087 53.3287
1097 100.35 28.7094 53.1361
1098 98.3463 41.063 34.1138
1099 114.893 44.4066 61.1651
1100 85.7773 49.6606 55.8586
1101 96.026 28.8401 71.6375
1102 109.801 0.178747 47.647
1103 92.9813 51.6658 46.8025
1104 103.458 47.6018 68.4796
1105 98.9429 43.1076 71.216
1106 115.035 33.4796 70.5225
1107 85.611 27.2932 52.278
1108 99.6417 11.7656 59.1059
1109 114.714 30.2794 44.1048
1110 114.726 33.1625 59.0366
1111 108.922 47.3324 65.3219
1112 115.052 27.6668 75.9906
1113 114.697 23.8857 64.5072
1114 94.5467 40.4603 70.2688
1115 114.066 41.6536 68.4975
1116 115.392 45.5278 84.4933
1117 87.5346 30.1944 83.6539
1118 115.639 57.4033 81.3305
1119 86.1541 16.3481 93.0531
1120 63.6551 38.8936 75.1844
1121 91.9999 36.0489 79.2231
1122 82.7578 17.4829 82.2533
1123 99.2829 46.227 96.1816
1124 101.511 21.7206 71.9957
1125 115.499 39.9141 98.9588
1126 115.151 27.3005 87.6239
1127 92.4331 32.0751 102.116
1128 99.1821 36.3579 89.0756
1129 102.39 44.6399 106.24
1130 111.222 25.0163 115.04
1131 113.853 39.4092 114.874
1132 107.918 46.2413 95.4933
1133 115.272 42.519 104.85
1134 105.122 44.9908 115.247
1135 105.044 35.004 100.697
1136 84.9744 59.4003 115.512
1137 92.1754 55.1124 8.27657
1138 106.626 54.1016 12.5853
1139 91.9436 52.6339 -0.548536
1140 102.952 57.0445 15.3357
1141 114.011 109.856 17.4204
1142 88.3688 58.4035 19.8838
1143 114.267 47.1818 21.0887
1144 90.2522 54.0799 12.7656
1145 89.7562 52.5675 14.0826
1146 114.109 55.6255 26.1255
1147 114.251 58.3897 18.4392
1148 102.403 58.258 8.3658
1149 99.4702 70.8791 29.6221
1150 101.075 77.1306 30.2626
1151 85.0531 51.2095 21.2892
1152 114.237 33.1361 38.4241
1153 95.1995 47.1586 34.3499
1154 101.184 74.9585 39.7052
1155 98.5229 64.1869 31.201
1156 95.0924 72.7989 39.8095
1157 114.791 67.7088 23.5788
1158 94.0935 43.9241 32.8791
1159 101.452 62.3871 36.99
1160 114.422 66.7902 26.7327
1161 114.369 46.9849 44.1961
1162 114.888 69.7728 66.7553
1163 102.633 71.8715 52.6331
1164 114.833 46.9463 55.4791
1165 114.861 62.2436 55.3434
1166 89.397 67.5009 28.37
1167 114.683 55.7946 50.1065
1168 95.9404 85.5287 74.4974
1169 114.827 79.4189 69.5461
1170 97.5386 70.4925 78.7637
1171 108.979 47.6976 61.5092
1172 114.635 84.0963 52.4939
1173 93.0122 59.0291 68.7817
1174 93.4927 74.1542 46.9499
1175 97.303 46.3248 64.4938
1176 95.5036 63.1296 58.5731
1177 114.62 75.4822 66.81
1178 92.7645 71.6273 64.5177
1179 81.5978 42.2271 57.6614
1180 83.4048 27.3426 48.9408
1181 115.038 58.0622 55.2955
1182 97.7215 45.7592 76.0515
1183 115.532 56.4616 98.8322
1184 81.4304 47.2295 63.3269
1185 77.8637 52.7743 93.8265
1186 85.7678 57.8501 78.9663
1187 114.757 55.4775 63.8459
1188 115.675 64.7934 86.1373
1189 115.112 39.175 78.7707
1190 115.292 44.9356 76.2329
1191 108.084 59.2521 94.6228
1192 80.498 61.7985 94.7765
1193 107.892 66.2561 96.587
1194 109.182 64.7451 85.0115
1195 114.693 87.7326 72.7075
1196 103.254 67.4845 71.936
1197 67.8172 63.2223 95.205
1198 99.4319 63.2691 95.8552
1199 89.2017 80.3862 84.4926
1200 99.2226 60.5068 97.7663
1201 84.5135 56.4045 109.474
1202 87.5235 59.113 109.324
1203 108.073 56.6015 114.95
1204 98.3669 68.899 104.787
1205 93.7414 57.0136 115.323
1206 108.077 64.818 114.816
1207 81.3526 83.7434 -0.85866
1208 89.1913 80.5875 -0.878521
1209 100.878 90.0087 7.99445
1210 113.766 75.3944 3.50112
1211 86.7139 88.4192 25.4444
1212 106.564 82.4395 10.5747
1213 86.5063 80.4847 -0.974706
1214 78.0147 69.8165 19.8409
1215 86.3979 76.8434 10.567
1216 113.819 87.0232 0.651306
1217 114.509 72.3011 35.1067
1218 114.169 52.5987 9.84764
1219 78.1268 80.994 19.7161
1220 88.2374 79.1868 21.1128
1221 106.886 86.8352 27.9823
1222 114.206 100.653 20.6018
1223 96.7728 82.7676 20.98
1224 77.4543 86.87 11.0726
1225 114.006 95.9275 6.48388
1226 109.27 73.1082 57.2219
1227 114.237 89.5748 34.936
1228 114.526 70.0627 50.1676
1229 85.1165 73.0046 36.7503
1230 87.8692 76.6621 41.2269
1231 84.9074 58.7 42.9292
1232 114.261 76.0611 24.0514
1233 92.3661 75.7571 34.0921
1234 88.3973 82.833 41.2274
1235 115.082 77.6499 40.7522
1236 83.2879 84.5302 69.166
1237 95.9889 76.6828 59.7573
1238 114.41 106.704 43.3391
1239 105.844 93.5599 55.2665
1240 93.0031 91.1707 56.6877
1241 115.062 73.4519 60.6214
1242 106.316 63.1464 69.9033
1243 104.665 70.8335 71.4876
1244 97.3127 70.2704 60.6339
1245 115.116 73.6191 81.7349
1246 81.6111 66.5473 54.5568
1247 97.8272 80.2894 72.8467
1248 89.8667 96.6414 42.3196
1249 97.3624 70.3477 70.7184
1250 114.821 87.609 64.2975
1251 90.1158 85.9307 87.2324
1252 98.7075 86.8973 65.4858
1253 114.979 70.7871 75.7996
1254 80.139 65.5431 53.0778
1255 97.0978 64.6827 80.1881
1256 115.123 73.3559 93.2945
1257 71.688 68.6759 79.118
1258 114.949 73.6351 70.072
1259 96.3244 114.792 81.3666
1260 85.0246 63.2378 81.2813
1261 115.279 96.5953 92.5175
1262 91.9079 103.401 81.3801
1263 86.4562 75.3036 102.063
1264 81.1494 84.8018 68.7444
1265 115.098 107.41 92.2472
1266 107.819 76.3231 103.009
1267 88.1749 73.7293 115.066
1268 115.348 73.8378 101.638
1269 93.784 69.1477 115.861
1270 115.362 87.6816 104.322
1271 107.901 79.4294 102.982
1272 96.3568 85.1182 108.799
1273 93.3213 85.1855 108.904
1274 109.277 81.6318 110.228
1275 93.5493 60.6118 101.933
1276 115.34 82.2 107.395
1277 96.5248 88.0095 115.021
1278 82.4046 80.565 106.93
1279 105.27 90.5075 105.749
1280 105.132 76.2324 111.697
1281 110.848 92.3557 6.47818
1282 95.0865 114.164 12.2103
1283 112.088 114.151 6.30783
1284 113.966 97.6246 14.7856
1285 99.3837 109.576 12.9807
1286 113.892 104.527 20.5106
1287 114.726 101.301 42.7597
1288 95.3599 102.352 28.4311
1289 106.691 114.173 31.887
1290 114.521 78.5106 49.1077
1291 114.281 101.06 5.44649
1292 72.4871 105.076 14.484
1293 103.098 98.3996 30.7529
1294 101.485 114.476 46.2207
1295 92.4205 114.511 34.828
1296 99.6926 91.7952 38.0907
1297 81.7993 89.9895 45.6431
1298 114.66 77.9094 46.6353
1299 103.977 104.015 33.5245
1300 83.3458 69.9468 42.9197
1301 85.529 88.1421 49.8501
1302 81.1349 100.617 39.7515
1303 86.6011 114.506 29.5703
1304 114.859 82.1641 63.8777
1305 114.308 93.3671 32.0447
1306 101.66 114.769 57.8513
1307 105.635 95.7126 55.507
1308 88.3009 98.9489 41.1513
1309 114.963 99.0063 74.824
1310 86.0822 82.2171 61.5077
1311 94.8153 97.6322 72.805
1312 115.141 82.2088 81.0516
1313 113.445 114.551 72.0275
1314 87.3402 115.051 79.1455
1315 114.716 95.9238 61.1668
1316 92.7782 98.5331 54.0898
1317 103.341 83.6777 81.4159
1318 101.666 115.069 90.2925
1319 98.8262 91.789 80.7661
1320 74.6081 77.7597 79.1795
1321 115.165 96.4816 77.8201
1322 89.3101 97.3067 75.8161
1323 114.938 87.5571 78.269
1324 90.6757 115.103 92.5051
1325 96.7146 96.1424 82.6418
1326 114.846 78.7869 78.3749
1327 84.6455 110.959 85.7739
1328 115.499 90.4905 112.813
1329 114.73 107.278 83.8377
1330 94.1735 110.364 114.86
1331 79.2058 96.5772 86.0448
1332 93.8471 115.035 87.0443
1333 96.3041 110.306 102.731
1334 103.564 96.2159 105.603
1335 87.7022 106.964 102.921
1336 114.306 104.71 114.359
1337 115.223 101.46 109.63
1338 115.15 101.783 106.59
1339 105.473 110.286 114.761
1340 115.047 109.946 95.1676
1341 85.2207 94.6701 96.2102
