0 6.55144 15.7138 0.902909
1 6.95942 9.60785 7.2163
2 16.4055 28.2791 13.8277
3 26.5164 -0.604316 14.1837
4 26.8257 4.23149 0.973223
5 9.6344 4.62769 4.37039
6 4.14879 9.76311 4.36166
7 12.5378 2.63851 11.6214
8 23.9503 15.6069 0.842466
9 1.09493 15.2934 1.31626
10 1.60677 7.21558 24.9322
11 8.1296 3.23394 97.7171
12 29.1903 24.0084 0.322896
13 -0.516769 9.92778 14.2027
14 12.396 1.7839 27.9276
15 -0.550596 73.0718 16.5819
16 64.9325 5.86733 73.4142
17 54.7679 4.05247 63.585
18 83.277 3.93513 45.3442
19 24.1266 -0.136922 22.5696
20 3.49038 50.0614 46.2163
21 1.93543 54.0552 87.8455
22 64.5909 22.728 31.5845
23 25.41 0.291548 34.5423
24 -0.468642 106.274 2.15339
25 48.295 3.85812 43.2524
26 -0.264262 22.8997 17.3782
27 -0.013519 13.2628 23.1689
28 42.3962 0.188028 101.01
29 1.44601 -0.175588 17.4975
30 27.8853 2.28369 90.3673
31 42.1276 4.14971 46.7089
32 7.23214 2.09628 48.5846
33 25.7433 48.3729 70.9146
34 0.803071 41.8994 105.962
35 8.46457 3.41257 105.793
36 5.91867 3.36976 103.388
37 2.32125 3.37328 42.6891
38 1.99229 28.9492 105.348
39 37.2535 2.53951 42.0298
40 3.02691 44.6318 88.6642
41 45.9 3.4438 38.2421
42 34.663 36.3215 67.7241
43 13.8451 3.03114 80.8044
44 47.9845 33.5057 104.097
45 83.5412 1.22405 110.779
46 0.613169 2.24143 117.062
47 50.6769 84.9418 127.036
48 82.8576 62.0009 127.27
49 37.9289 23.6809 45.7304
50 23.3868 51.956 97.0676
51 22.5543 22.792 118.975
52 3.32572 9.93815 75.0584
53 15.3646 27.3392 96.9847
54 59.4449 3.0199 88.8708
55 0.166124 45.4156 100.36
56 2.60607 31.1392 128.103
57 4.38837 17.0748 70.1876
58 1.68304 23.3643 110.165
59 9.73164 13.6857 116.973
60 3.94179 13.5443 117.762
61 11.2191 0.296142 114.963
62 28.0562 10.7122 127.971
63 25.6346 10.6805 127.897
64 3.07163 0.654993 123.409
65 16.8355 4.86024 124.824
66 16.5903 33.2933 8.07747
67 20.9733 41.333 9.36924
68 19.6136 39.6983 7.93575
69 -0.731896 44.0935 13.6844
70 16.9178 25.1881 11.1321
71 0.475576 55.5724 0.769266
72 21.003 29.5742 0.833959
73 1.04661 18.1462 1.24598
74 0.558712 80.4836 0.296054
75 2.20936 22.8653 45.465
76 3.36156 75.4679 37.7065
77 55.8435 47.2099 34.9897
78 -0.63309 101.193 2.05324
79 0.984183 82.5776 21.5029
80 20.9723 1.88856 42.697
81 39.4074 62.2644 55.4736
82 29.9278 27.7544 21.1291
83 3.25677 4.22631 64.6557
84 39.7416 85.3235 22.0093
85 1.89231 34.8879 39.3993
86 5.15503 43.715 57.3253
87 4.30459 25.4673 70.7218
88 7.29297 111.179 76.2451
89 99.071 1.4485 17.8816
90 4.26851 14.3662 61.4325
91 36.8968 25.8058 46.8999
92 5.31608 63.2329 65.5471
93 23.0415 48.3377 68.1913
94 28.3514 23.177 34.3757
95 41.4016 33.7693 60.6201
96 1.26469 59.0761 39.1002
97 60.2427 52.973 59.1806
98 0.530809 36.3317 112.692
99 4.80035 15.6444 67.0019
100 88.1559 0.202013 113.818
101 33.3795 18.5436 58.027
102 9.06392 3.97426 60.1243
103 30.4617 111.63 81.8521
104 39.6978 23.8329 44.357
105 5.52237 31.8423 65.7096
106 61.7754 36.7917 42.7521
107 25.5973 41.1474 65.2905
108 39.9962 4.05771 55.1953
109 0.217895 47.0101 29.3573
110 72.079 35.8184 85.8607
111 1.56462 2.6409 126.646
112 35.6837 64.0501 83.8488
113 27.4484 54.395 88.0648
114 5.79466 0.452798 117.821
115 0.44142 70.4526 114.333
116 17.3836 40.2084 85.6846
117 30.2983 14.5036 75.4766
118 0.646189 16.6474 112.501
119 18.0615 4.28826 82.0828
120 45.2441 49.971 104.243
121 12.3349 84.1357 95.2203
122 19.5621 47.6427 113.049
123 30.8172 53.9366 107.218
124 8.24724 0.631537 126.26
125 35.7807 32.1741 117.425
126 26.5428 43.47 120.209
127 22.0387 44.7375 121.884
128 0.647067 22.2219 109.562
129 19.5347 51.0571 116.089
130 5.22136 36.7103 128.055
131 13.8701 45.0447 127.957
132 23.7112 24.9337 116.515
133 27.912 22.0356 116.083
134 26.8373 68.3813 18.8508
135 3.5719 61.0126 0.728575
136 22.4863 68.6411 13.3364
137 22.5279 65.4097 13.4398
138 -0.864783 49.5338 19.8355
139 -1.00649 67.0349 11.0867
140 18.3212 46.9152 9.37284
141 -0.0422089 52.7529 28.433
142 0.574224 14.4283 26.4326
143 27.9331 3.17588 99.9751
144 36.3146 27.1672 20.7865
145 5.44588 57.8383 64.908
146 25.5432 65.8616 13.4454
147 2.07146 12.1361 33.9106
148 2.96606 4.53663 60.3559
149 45.6921 61.6655 35.5147
150 65.8001 48.4566 58.1708
151 23.2843 40.939 64.9201
152 24.3766 111.219 24.8194
153 68.7942 109.552 78.5305
154 31.1601 27.5788 50.3832
155 8.21224 102.374 22.4176
156 3.3993 18.9356 80.4715
157 -0.0426454 53.4408 116.807
158 3.22444 69.6428 80.0923
159 2.19037 29.3027 48.4473
160 40.8102 74.5238 27.5414
161 72.7696 84.6165 57.6776
162 20.1985 108.836 53.6472
163 3.03029 47.1966 83.624
164 36.0753 29.8851 32.745
165 5.7242 50.2564 77.0233
166 2.40758 9.30425 49.0524
167 4.79571 110.512 103.966
168 0.400689 55.9453 39.6995
169 2.37811 114.629 111.519
170 37.1335 108.566 44.7882
171 54.6349 59.9512 70.245
172 2.02143 6.13985 36.9603
173 3.26298 63.9313 85.5055
174 13.8839 2.54753 93.4129
175 4.5152 88.3088 69.3028
176 45.2709 63.3742 110.598
177 46.3285 10.1283 66.6601
178 0.537547 58.9962 115.004
179 43.2645 50.647 109.772
180 4.37674 54.2907 81.9194
181 35.0786 35.6449 76.4091
182 5.26222 62.8349 50.9054
183 61.869 3.14699 86.1555
184 9.5556 60.1673 117.63
185 5.66333 38.2753 62.6092
186 0.380733 56.2578 120.272
187 3.82554 106.527 45.4421
188 5.50413 24.0063 63.2097
189 19.4795 58.3628 116.193
190 17.9749 46.8478 111.689
191 0.575244 73.8919 123.21
192 13.8783 59.1243 127.713
193 19.8037 62.0337 127.86
194 9.62794 38.7579 120.628
195 8.50312 64.9437 127.825
196 18.9379 59.1384 124.544
197 20.6239 58.7683 111.558
198 31.0635 78.8316 127.388
199 9.56813 65.1836 9.75203
200 15.3981 100.421 3.30093
201 15.8912 83.8619 6.32005
202 21.0612 78.2904 6.28622
203 17.8733 75.2464 0.180427
204 17.5248 89.5154 0.0252695
205 -0.957348 75.2761 4.83695
206 16.7501 75.3162 15.1766
207 11.5001 75.0972 0.123683
208 21.9842 71.3377 7.54635
209 0.200371 30.1536 28.8802
210 -0.919279 55.5527 16.2941
211 4.43423 77.3134 52.0541
212 5.73454 72.3078 70.4593
213 29.2499 66.6574 11.9386
214 35.9607 74.894 26.5756
215 66.4579 0.913545 0.220908
216 16.8261 92.5968 13.1025
217 62.73 108.642 44.1088
218 2.97411 103.272 28.3862
219 22.5941 69.9431 28.5884
220 5.76917 47.1973 79.7553
221 40.6713 27.7301 44.5591
222 3.9842 111.747 84.7913
223 36.0037 44.1184 69.2784
224 -0.656355 6.77544 11.4714
225 14.2402 57.7866 22.3891
226 0.267122 55.5677 31.9925
227 46.6115 109.546 73.8184
228 19.6701 111.276 44.6762
229 0.375452 56.1361 94.4056
230 94.5891 103.617 -0.913953
231 5.64579 43.8313 70.8698
232 23.69 114.408 10.5794
233 77.4921 2.64708 102.982
234 3.0786 58.6941 85.6733
235 45.9228 70.9341 52.891
236 0.43939 67.8609 118.506
237 0.942412 85.9499 21.2219
238 3.1339 108.369 61.7594
239 2.01139 14.8459 36.8143
240 3.17361 21.1537 77.5734
241 44.2595 111.627 92.9586
242 5.02977 35.4615 72.1285
243 2.74548 44.782 47.9655
244 12.4294 82.7384 93.9868
245 3.33927 86.9089 39.8895
246 82.9683 109.385 75.7332
247 28.4714 108.507 51.0095
248 25.7924 108.816 56.5437
249 2.92695 19.7504 57.1162
250 27.5231 45.4586 70.7443
251 0.121289 68.9105 125.949
252 26.8031 27.9917 86.6745
253 5.69588 67.1462 74.128
254 32.8184 46.6873 63.469
255 3.0445 86.438 82.4358
256 43.6681 82.7688 102.231
257 50.4906 92.738 91.6857
258 56.5565 91.9657 91.6481
259 3.76834 84.0902 48.929
260 0.673695 50.0361 94.8324
261 9.14671 113.936 4.71134
262 0.181669 50.1954 31.6433
263 43.741 75.6962 83.0491
264 17.4154 65.191 67.8124
265 0.506852 64.621 100.095
266 16.518 71.4537 118.721
267 56.0851 114.538 102.095
268 3.21232 70.4496 40.2043
269 13.896 113.298 127.136
270 16.7042 89.1653 115.768
271 16.4541 87.6363 118.359
272 36.7594 79.8016 127.379
273 3.60141 70.1641 117.464
274 0.8929 87.6408 123.214
275 32.191 81.7655 108.813
276 32.2773 82.4508 117.161
277 25.2138 89.6571 115.492
278 29.2185 109.524 -0.0901739
279 21.9518 79.682 16.2705
280 27.8779 99.1244 7.36699
281 19.7315 106.684 8.94771
282 15.1832 113.994 7.49839
283 6.36315 100.802 0.280863
284 21.4334 69.6288 27.2792
285 60.5813 44.2225 -0.23974
286 3.24901 109.542 30.9956
287 8.16083 112.644 16.9945
288 5.04301 110.808 67.7624
289 4.84844 73.2753 56.6441
290 -0.748197 98.2966 5.27448
291 1.1483 91.0159 24.1706
292 7.51451 111.159 28.0805
293 39.3333 108.745 53.1893
294 16.8673 89.7127 13.5215
295 40.6341 26.9846 0.264214
296 63.6189 86.5547 -0.70122
297 45.4738 109.047 64.7843
298 28.6898 108.558 47.6463
299 0.904515 7.48558 1.52207
300 48.6305 109.955 85.0983
301 0.731997 97.8522 0.48952
302 53.8432 108.321 44.4435
303 24.8243 111.216 41.5688
304 3.23065 104.571 45.7103
305 10.6574 110.821 70.6578
306 82.5456 111.081 45.0372
307 53.2177 75.4874 22.9259
308 41.8385 69.5845 52.9288
309 33.6889 110.78 37.6026
310 8.04982 111.924 103.1
311 64.381 95.2574 41.6562
312 29.596 109.066 56.6318
313 4.98131 110.957 78.8194
314 2.57215 105.347 34.2421
315 4.24148 32.2454 55.6094
316 4.01993 104.594 54.8063
317 88.7992 113.047 33.9393
318 5.43454 111.474 87.3529
319 30.7034 111.343 38.4984
320 10.8019 98.4976 100.711
321 4.8909 60.9591 50.6405
322 31.3127 108.401 45.116
323 63.2038 111.62 33.7046
324 39.6211 108.628 47.1632
325 0.849708 89.9562 125.585
326 8.23942 111.732 93.7814
327 3.22541 83.9182 91.0715
328 43.6351 74.5908 102.358
329 74.2698 113.377 105.344
330 27.7499 111.128 30.6875
331 46.4205 79.0396 127.836
332 12.4582 81.7731 95.7052
333 18.8134 110.874 75.9742
334 0.798437 36.3794 126.388
335 39.6247 24.5963 127.857
336 18.7332 90.5697 127.968
337 23.2241 109.124 65.7925
338 22.2976 114.985 102.602
339 28.0269 105.031 127.07
340 0.695484 101.968 119.725
341 8.28284 101.523 124.02
342 3.71343 107.34 116.92
343 36.9113 28.983 13.4812
344 26.638 -0.658087 19.4048
345 49.3083 -0.679205 16.6453
346 43.9154 15.3706 0.213285
347 57.8558 -0.530193 19.1393
348 40.2575 15.606 17.9997
349 31.9267 12.4741 0.70305
350 40.18 15.5497 21.0553
351 45.3041 23.0437 16.3222
352 46.6698 -1.15038 17.3877
353 36.787 26.5576 44.5187
354 19.4793 5.38579 59.9835
355 1.85183 6.40155 31.0058
356 110.139 85.8566 50.3346
357 56.9168 8.39863 27.3259
358 37.0125 0.698047 23.6498
359 41.2198 19.8798 44.3279
360 94.917 1.00188 110.667
361 40.4985 1.37638 1.04435
362 54.0747 0.11322 27.7891
363 48.0146 33.0406 43.6289
364 36.8559 0.532371 37.033
365 83.8702 -0.556843 15.4411
366 40.8741 24.7622 45.8579
367 2.24185 13.3117 57.172
368 58.4409 35.2616 51.3097
369 27.7653 5.36857 71.5798
370 59.6274 78.7649 18.8206
371 72.3566 9.5708 0.250949
372 0.763114 33.427 120.724
373 26.8923 47.8824 54.3773
374 61.2531 41.1029 57.0188
375 74.7687 35.3886 -0.272395
376 52.5242 -0.72912 27.2191
377 0.612153 19.2392 114.658
378 36.1345 25.6463 69.3936
379 60.0939 50.1686 59.5724
380 63.9272 0.803853 111.311
381 48.3345 3.87101 37.8407
382 61.8897 5.65629 67.6404
383 13.0076 4.40072 58.4954
384 3.39492 22.1629 106.419
385 0.808169 10.6043 118.493
386 51.1654 0.225671 117.409
387 15.4102 1.69595 36.7058
388 115.168 73.1786 109.78
389 3.48116 27.3258 88.5593
390 43.3739 21.9709 109.963
391 25.1018 2.305 101.74
392 56.727 43.3958 107.862
393 53.9466 14.103 127.476
394 39.5329 5.13045 127.821
395 48.0937 23.4934 128.1
396 45.5181 26.4235 114.192
397 36.5916 0.553108 125.877
398 42.4335 0.486932 120.152
399 49.2426 24.7647 100.684
400 62.8446 10.8581 127.623
401 45.2562 22.6703 124.489
402 37.8842 26.3989 0.483372
403 38.1027 35.216 0.0353651
404 23.671 40.7585 0.409355
405 55.4211 23.7037 14.7619
406 55.1946 41.2135 -0.22947
407 52.4325 38.5839 5.94449
408 22.2514 41.245 5.93835
409 38.1095 45.7767 12.0106
410 32.4187 26.8062 0.604172
411 48.9568 35.2512 -0.0710883
412 28.0966 41.3262 8.97499
413 39.6756 36.7755 16.4069
414 37.2392 82.4066 21.9952
415 29.5071 35.8063 20.8073
416 69.4653 71.1884 19.7006
417 40.2427 53.9685 13.2612
418 38.0572 42.3433 12.0566
419 38.3078 26.1498 43.2175
420 33.8121 50.9518 13.3071
421 21.6543 47.5296 35.7709
422 32.8587 41.6828 29.6478
423 63.0907 29.9597 34.7062
424 2.18091 11.8028 39.7781
425 5.86844 60.6807 73.9892
426 62.9954 21.5905 30.7849
427 17.0374 3.65518 52.4186
428 44.2594 50.1284 38.2104
429 42.2792 26.5338 44.3841
430 28.2521 3.46207 46.1194
431 36.8417 3.69357 46.2253
432 3.97035 51.7255 46.5983
433 48.5139 18.1169 44.7485
434 42.7491 39.4132 55.8945
435 5.82856 40.9876 65.8111
436 26.0277 48.1976 68.2128
437 32.8649 46.3558 66.1515
438 23.8984 109.764 46.2409
439 40.199 34.021 61.9285
440 56.2317 17.6588 102.532
441 3.73959 76.6044 73.6929
442 51.8321 19.3986 67.8627
443 55.2967 112.072 26.34
444 37.1004 35.4995 76.2009
445 14.3871 -0.253613 17.3486
446 -0.396158 9.88399 16.7643
447 8.68101 4.02942 67.3685
448 74.206 24.0984 105.032
449 36.1736 35.6813 78.0815
450 33.8868 58.2447 78.1886
451 34.3197 46.5895 64.8929
452 15.4976 82.6805 45.6675
453 49.8724 48.537 62.6894
454 20.6577 66.5023 63.4378
455 38.907 33.6987 60.1072
456 47.729 0.195911 103.135
457 38.8964 28.7223 85.0503
458 37.9157 69.417 102.612
459 29.9687 32.4055 96.6455
460 20.5266 55.983 101.026
461 65.1889 44.2562 86.4057
462 3.44478 22.3077 100.484
463 40.0262 35.3453 60.3651
464 27.6243 35.2465 96.3746
465 36.2453 0.160591 106.152
466 65.0234 33.1366 112.548
467 22.5989 19.8232 128.098
468 39.404 53.0717 106.911
469 45.8887 34.9713 114.421
470 35.8322 47.8031 113.197
471 46.2799 20.672 120.188
472 46.675 31.2722 122.996
473 45.7063 33.7695 127.721
474 33.6797 24.2751 116.053
475 51.1073 27.3725 127.569
476 60.7038 44.8514 103.434
477 47.884 39.1389 113.034
478 49.5405 29.1493 122.871
479 37.9616 54.8665 108.634
480 38.1482 59.9854 13.8035
481 49.372 63.7653 -0.219315
482 52.0029 68.2491 12.805
483 49.5706 49.571 -0.203362
484 50.4105 33.6961 41.197
485 24.5603 77.5405 23.5124
486 47.9007 33.5096 41.6348
487 30.7469 60.0584 13.249
488 54.7581 55.72 11.3079
489 32.4594 68.9486 30.351
490 17.5554 108.812 59.543
491 26.4389 66.6346 41.0068
492 34.1046 76.568 25.1829
493 68.1051 72.3279 21.0076
494 46.4773 34.7695 39.9172
495 63.2362 70.396 52.4216
496 28.2494 67.582 32.0657
497 66.3943 55.6964 56.5267
498 22.5326 54.1714 28.1366
499 33.7289 76.5926 42.1508
500 2.56513 15.198 54.6532
501 70.3487 60.7356 66.1659
502 81.6377 75.3945 103.154
503 23.6619 47.0807 69.5446
504 5.46759 49.1737 62.511
505 37.09 51.4574 24.9357
506 57.1633 98.0386 37.0522
507 76.825 63.2551 72.6665
508 34.7324 34.6995 88.6269
509 28.2028 26.8257 88.5268
510 24.4923 41.3112 63.6437
511 62.2763 68.6385 60.0843
512 50.7844 47.7099 103.944
513 65.5813 48.4631 55.5072
514 59.5579 73.936 70.9132
515 12.071 83.3023 96.9654
516 75.6546 91.9743 79.7347
517 63.0033 28.9658 108.462
518 2.14958 34.7531 50.3526
519 78.9581 36.8212 76.1212
520 37.6151 56.3 82.3028
521 65.4813 60.1197 57.7751
522 54.8608 109.32 70.2203
523 28.0411 87.0673 103.88
524 75.1298 29.2674 96.8889
525 68.1023 17.8485 96.2197
526 28.3642 57.7708 114.371
527 48.7732 47.3314 63.5031
528 31.4254 23.7821 96.8044
529 40.8089 49.0538 123.115
530 33.61 58.9365 89.762
531 30.9668 61.8935 127.775
532 25.1682 57.087 113.138
533 57.2039 70.4017 127.367
534 33.8054 67.7377 112.872
535 48.0366 64.0731 115.567
536 64.8463 54.0424 103.947
537 32.5056 80.8193 -0.188523
538 43.5375 84.0726 -0.295476
539 25.146 72.0961 7.26216
540 56.9875 70.9109 9.89137
541 52.2513 82.6362 17.7753
542 23.7668 80.8273 0.135181
543 32.2102 55.5077 0.00902435
544 86.1889 92.5821 -0.881025
545 90.784 76.7764 18.4811
546 43.8062 74.4295 26.9814
547 32.738 114.414 12.6805
548 39.726 82.3215 21.8833
549 40.463 78.4079 24.9276
550 90.9129 77.0188 20.9928
551 46.5687 68.6262 76.1339
552 74.5754 25.0493 35.2611
553 57.6391 85.4587 41.294
554 47.9955 113.226 19.7841
555 37.8197 109.548 76.6838
556 5.36638 29.4813 59.983
557 3.11588 104.005 64.7907
558 19.5727 60.284 49.8496
559 61.7881 74.7226 39.0221
560 15.0244 91.0967 39.8261
561 47.2777 62.8299 27.2509
562 57.19 85.4969 46.174
563 58.3999 75.1672 39.7816
564 73.965 80.1944 21.3504
565 63.6511 73.0052 37.3025
566 54.3112 96.671 43.6633
567 65.8506 55.9968 59.1971
568 49.7717 91.2708 90.2373
569 83.2143 86.4035 52.5908
570 58.8661 51.4252 59.9686
571 21.8029 70.5851 30.9824
572 1.03521 64.3199 35.75
573 90.1764 61.8354 68.1978
574 24.5368 57.7115 60.414
575 44.2763 71.5433 51.886
576 20.2352 59.5415 76.3738
577 37.939 79.3903 42.525
578 33.848 53.3539 44.2135
579 62.6461 60.7291 45.9008
580 64.5835 72.8453 54.9954
581 34.7305 83.0084 90.3753
582 115.374 95.9273 115.535
583 68.9764 108.996 58.8721
584 9.29503 66.091 43.1269
585 50.3113 92.593 89.0551
586 13.9329 108.755 54.1631
587 3.5543 92.5672 96.8282
588 32.0312 74.0695 87.6647
589 40.9826 54.6745 108.643
590 32.5404 78.3659 87.6241
591 40.5952 113.142 100.879
592 25.7827 28.281 89.4291
593 35.0338 74.3703 108.363
594 2.65613 98.7828 127.466
595 45.327 84.7677 115.481
596 34.5548 81.308 89.306
597 5.58391 49.0716 67.9955
598 34.9308 82.8296 88.163
599 51.9288 86.0218 102.207
600 25.6148 103.221 106.522
601 43.8113 89.018 113.985
602 53.543 37.1136 78.6319
603 48.8064 93.237 120.929
604 76.9585 66.0992 72.2724
605 46.4837 77.3266 84.3045
606 40.8089 109.476 73.577
607 29.2192 64.645 111.234
608 43.467 94.3645 93.2819
609 53.7848 83.1898 113.673
610 39.0653 79.1179 112.735
611 50.9645 74.2263 115.236
612 42.5052 87.1978 115.504
613 38.2412 73.4608 121.41
614 44.746 87.694 115.447
615 53.7137 79.7304 115.443
616 38.8645 96.7218 7.1425
617 43.7557 114.258 1.68475
618 54.9692 112.366 -0.401035
619 26.6594 95.269 8.89726
620 49.1354 114.406 1.71525
621 53.5393 101.204 13.9663
622 59.205 98.1622 11.5056
623 38.1218 108.329 13.795
624 40.9751 85.246 11.0432
625 37.0257 111.059 4.16007
626 49.5053 102.477 10.2513
627 48.1698 108.187 39.2725
628 28.5064 111.712 90.1092
629 52.1711 75.4052 -0.315846
630 45.4529 108.397 39.13
631 1.24426 99.5389 20.6033
632 85.9772 69.9171 22.6551
633 75.0795 114.522 4.389
634 114.243 41.3451 12.2578
635 27.6582 111.268 41.0851
636 54.2779 108.484 33.2879
637 28.2299 109.115 43.3982
638 83.9328 114.312 14.4271
639 43.3147 108.721 47.7171
640 59.6363 109.459 70.6636
641 25.3729 67.6162 34.8601
642 81.832 80.5239 67.8158
643 70.5253 109.75 44.2884
644 72.6665 106.618 -0.901976
645 113.443 91.0129 15.3154
646 2.67306 40.7149 49.4398
647 46.1711 108.765 53.4285
648 33.337 111.619 84.918
649 19.6184 70.8832 127.464
650 24.7329 78.838 107.018
651 17.7082 110.253 72.7974
652 26.3977 93.6931 81.7912
653 98.1978 110.749 69.7087
654 30.8805 113.703 16.0107
655 65.8329 109.122 58.9175
656 72.9493 83.1287 65.0047
657 63.8368 114.159 1.55283
658 49.2519 77.3685 99.4703
659 98.2364 112.87 84.8403
660 0.636203 27.4837 109.816
661 3.66336 67.4899 46.0054
662 40.5246 109.195 70.893
663 74.3411 108.929 61.9156
664 3.70791 109.591 58.5949
665 0.355453 38.7427 115.193
666 28.8377 81.8918 127.641
667 50.8144 8.69238 69.6693
668 27.8869 74.1822 86.3027
669 81.4921 110.928 80.9738
670 31.6083 109.219 70.6933
671 18.1335 114.232 15.4968
672 45.7472 109.045 62.0415
673 77.3462 109.213 73.6792
674 2.99323 111.104 73.2819
675 3.28204 107.515 84.9084
676 3.53158 101.382 96.1489
677 34.0408 107.535 127.182
678 51.8424 110.0 90.6981
679 0.827638 110.079 111.717
680 42.6598 90.6264 127.241
681 42.1184 97.6215 119.226
682 43.8399 107.689 121.673
683 36.5774 90.3846 127.275
684 50.7775 115.292 113.885
685 35.1589 104.14 113.822
686 33.3797 115.137 113.458
687 41.8953 115.149 125.108
688 36.8029 96.2777 127.133
689 57.5142 102.078 127.235
690 59.478 113.278 126.643
691 66.5701 4.3284 0.286344
692 69.2326 32.5279 -0.21697
693 79.1808 23.8935 1.09119
694 74.0797 18.4485 6.26325
695 66.412 15.0664 0.0981873
696 62.5798 14.0655 16.168
697 97.9758 1.92383 23.3679
698 35.6389 0.864346 28.9652
699 62.3951 18.3292 13.2432
700 50.3408 -0.686605 22.0962
701 51.7247 4.42365 66.2297
702 94.6851 3.63466 40.6249
703 3.09083 9.71672 66.4376
704 64.4266 1.95155 30.2723
705 60.9644 5.55737 13.0636
706 42.522 32.33 50.4235
707 77.0447 50.6378 46.1909
708 84.1206 1.39819 23.9361
709 63.1625 39.3851 58.5773
710 71.744 8.90191 23.9407
711 113.142 30.512 106.289
712 80.8924 28.4327 21.7047
713 110.14 9.84602 51.4321
714 113.83 18.7038 1.22173
715 49.3649 4.21266 69.4224
716 52.1017 4.29772 78.7012
717 68.5937 3.86341 43.0932
718 45.2358 18.4063 66.4931
719 109.157 37.7712 55.6298
720 111.667 14.8621 103.474
721 77.366 2.94989 22.4425
722 60.714 1.69343 107.001
723 102.962 4.08397 72.1696
724 115.166 16.5974 111.003
725 79.6837 5.1897 59.194
726 110.314 5.56469 42.9401
727 106.025 4.27843 80.9388
728 66.4534 46.1564 84.9036
729 90.9919 24.2527 83.6432
730 16.7564 2.35181 107.577
731 90.7846 0.534978 119.098
732 90.1094 0.972288 107.495
733 83.5532 9.58282 111.099
734 83.0021 10.5866 121.125
735 83.6028 9.22394 122.593
736 86.5414 21.6162 113.917
737 68.9986 20.5409 119.945
738 67.9453 0.281834 114.586
739 73.4526 24.7479 106.835
740 82.5326 16.7767 127.175
741 62.3558 19.2518 121.485
742 72.4674 13.6015 122.096
743 80.6849 29.2203 116.766
744 59.4123 0.449299 123.08
745 62.1684 16.1148 127.654
746 62.455 0.106955 114.313
747 59.68 16.3419 127.48
748 71.7928 26.7823 -0.296728
749 72.4037 41.0872 -0.297302
750 88.0415 52.6956 10.422
751 80.1226 27.1567 23.0212
752 72.3656 32.2924 -0.310518
753 63.7902 18.3291 -0.0109859
754 84.8445 65.5774 38.9106
755 52.4275 47.1861 14.3652
756 62.3475 24.2375 28.7741
757 39.0372 36.9363 22.3661
758 59.6821 28.1659 13.248
759 54.6319 3.986 57.6177
760 66.7237 68.216 58.2177
761 94.9886 59.1756 28.827
762 74.3123 50.6346 55.1959
763 97.232 3.60523 46.2238
764 80.7882 2.21766 20.8097
765 75.9907 49.1481 50.6325
766 68.5311 57.6067 63.9974
767 84.847 23.157 21.732
768 59.6971 35.6837 50.1942
769 67.5456 53.5069 95.0027
770 57.22 35.6314 49.6355
771 65.8593 24.1769 47.3828
772 60.2127 27.0162 33.2855
773 110.582 8.43864 68.9492
774 77.5265 53.9017 69.9635
775 64.8035 5.67337 70.4493
776 71.3227 48.0052 55.6154
777 48.8396 48.5605 33.6763
778 97.037 22.5346 49.9128
779 75.7576 48.9657 48.3456
780 47.6485 24.6437 92.7041
781 83.1686 4.5437 70.7515
782 65.3273 56.9379 54.8238
783 83.5168 41.52 97.8752
784 61.814 22.9675 31.35
785 109.402 54.3924 32.097
786 -0.857722 52.3086 13.1577
787 15.517 2.4019 109.069
788 23.2752 72.6851 88.3382
789 41.6686 66.1544 105.459
790 113.448 17.8478 108.066
791 110.182 54.3082 81.1956
792 68.9704 62.7055 70.1011
793 86.467 35.2425 96.6122
794 58.5387 34.7491 48.7139
795 86.3342 26.9446 87.5506
796 70.2151 10.6011 105.901
797 107.172 4.20313 100.62
798 59.3815 46.2368 101.809
799 45.1446 54.1212 106.94
800 78.0492 41.0882 113.908
801 74.9212 51.1924 67.0442
802 85.7224 34.5732 106.61
803 95.8113 46.7742 86.0769
804 59.515 24.9866 127.425
805 71.1297 30.8776 127.234
806 62.0627 24.9846 118.594
807 83.622 27.93 117.234
808 66.8192 34.6896 114.142
809 82.0822 31.0116 118.199
810 89.8059 49.4913 -0.814012
811 69.8423 58.2147 -0.828008
812 52.252 61.0986 -0.276017
813 59.7097 56.8823 12.8299
814 64.87 62.4583 9.8399
815 72.0775 49.998 8.46447
816 65.3207 59.0496 15.7479
817 92.3469 72.7508 16.7079
818 63.6243 52.1344 -0.373049
819 82.5937 57.0207 12.6087
820 82.4117 45.5119 9.8003
821 70.9038 57.3901 15.4885
822 113.736 47.1949 20.736
823 78.1708 50.3372 28.8129
824 80.9594 27.1416 20.296
825 54.2334 82.6179 46.7304
826 102.35 65.1213 18.1202
827 56.4086 64.0998 5.64294
828 74.6936 100.834 -0.711691
829 91.7167 86.6691 22.5091
830 42.8227 53.7141 58.6865
831 95.7597 69.4947 59.1297
832 28.2711 68.2372 44.3554
833 110.986 13.2661 18.9074
834 65.5166 47.267 56.7879
835 43.0739 78.8752 25.2188
836 57.0094 79.5697 41.1005
837 112.392 112.46 42.509
838 63.5377 68.3695 62.6602
839 32.1546 71.9792 27.5207
840 54.9987 73.6939 70.1312
841 57.1249 82.6107 43.3672
842 64.3681 66.4253 63.6467
843 66.7362 58.7894 56.2626
844 69.7548 65.0094 61.654
845 67.8725 66.6357 59.968
846 90.0405 5.02933 54.0025
847 82.6596 90.7801 86.963
848 81.5867 71.9013 73.8355
849 39.6249 34.3836 82.47
850 71.314 109.198 67.5107
851 79.8553 63.1044 83.616
852 79.9067 112.643 94.0187
853 54.2477 80.0284 46.5309
854 66.126 58.744 60.9577
855 36.0555 44.2063 78.1642
856 76.3904 57.2954 75.7412
857 61.3854 66.352 65.5281
858 87.3333 68.2874 94.2642
859 90.6721 43.1624 100.464
860 40.7112 63.0993 105.501
861 69.7992 16.8742 106.242
862 69.3423 66.0091 113.947
863 30.6386 0.532596 117.619
864 50.8389 87.5223 112.346
865 85.2107 43.1654 117.983
866 103.173 20.2914 87.9207
867 75.134 72.6354 119.535
868 86.5353 44.9457 116.855
869 85.1309 46.4463 115.279
870 81.1449 47.9215 127.671
871 71.4057 67.7892 127.157
872 79.609 55.7683 127.015
873 93.2466 67.5328 109.108
874 73.7371 63.4761 118.524
875 87.9165 59.5712 126.86
876 89.3251 70.3381 7.95868
877 58.4884 72.3439 8.47609
878 86.3399 89.4773 8.09963
879 65.0119 80.8623 4.36735
880 63.9205 92.4717 -0.651745
881 60.5457 72.838 -0.345012
882 66.9194 71.1603 18.0251
883 63.6152 83.3552 5.28337
884 69.5438 63.5835 -0.64389
885 64.1024 86.8773 5.4713
886 40.3345 56.8004 76.3846
887 73.1616 82.7074 9.61399
888 92.2249 76.6368 19.8425
889 46.3806 77.2727 25.5133
890 84.4816 78.9948 63.5018
891 58.0917 87.2089 14.1582
892 36.8321 53.8379 24.7897
893 47.5232 47.0839 32.2137
894 66.3011 93.0562 37.285
895 55.5637 79.7305 50.7976
896 72.4214 81.295 34.4668
897 44.8664 71.4082 54.242
898 86.4182 86.9089 22.5307
899 87.1605 80.2908 56.3501
900 85.0054 112.926 16.5472
901 94.9155 114.139 3.24136
902 101.416 68.4566 79.5304
903 54.5379 110.188 83.3307
904 51.3602 108.073 40.7056
905 1.34139 48.8167 41.0575
906 88.5403 96.2048 63.2609
907 78.3164 83.3072 64.9813
908 68.5792 58.4002 57.8804
909 72.8613 87.4399 57.7942
910 90.3294 73.363 59.0546
911 72.9415 79.0365 78.2987
912 77.231 43.2745 81.8631
913 42.1212 76.9625 83.6553
914 110.58 28.4491 82.9386
915 90.1526 86.3769 73.9409
916 98.6027 115.129 112.924
917 3.25101 101.123 76.152
918 84.4878 78.6952 106.005
919 56.8922 84.8528 43.3035
920 81.828 81.8087 105.959
921 65.9666 64.865 60.9768
922 74.1319 66.2061 69.1226
923 56.0679 69.0879 113.875
924 29.2158 72.8638 86.7503
925 63.1274 109.561 76.8004
926 20.5632 59.468 73.9856
927 113.056 110.78 87.761
928 109.252 38.1218 70.0192
929 85.5984 84.8983 126.644
930 59.4672 84.8004 126.996
931 80.1254 70.8456 126.983
932 84.5677 86.0669 116.255
933 77.8915 84.8626 116.123
934 68.4646 70.6658 127.256
935 70.8133 78.9469 127.021
936 68.3672 70.6715 118.176
937 68.4454 90.8548 127.018
938 79.4458 99.2108 9.58628
939 58.314 108.186 9.64244
940 56.7629 93.7239 6.85498
941 69.3498 92.1461 -0.697542
942 59.4464 108.579 47.1619
943 103.249 89.8365 -1.0239
944 101.94 112.851 28.4254
945 112.707 104.399 22.3466
946 54.3541 109.138 54.7194
947 46.7558 112.416 28.7275
948 76.6156 78.4886 25.1914
949 68.8566 111.575 34.6618
950 49.7764 101.488 25.6501
951 114.097 80.5834 12.1499
952 49.3469 66.0483 64.2583
953 40.8077 69.9523 -0.195955
954 20.6152 110.464 75.4322
955 73.9643 109.226 47.4988
956 80.5346 100.966 43.056
957 113.283 113.102 107.833
958 85.6259 79.0589 68.9291
959 81.9748 89.8563 105.928
960 103.325 58.4905 22.5962
961 19.786 98.5897 127.16
962 22.6596 115.031 103.297
963 3.23119 95.4673 33.7394
964 44.378 69.8304 53.281
965 78.4655 94.4496 58.9156
966 51.6344 108.311 44.6543
967 12.2645 109.386 67.919
968 71.7711 86.1089 57.5831
969 67.5398 112.661 31.472
970 82.3758 79.2064 69.1985
971 63.1552 108.861 55.2065
972 73.1049 86.0869 56.3403
973 85.9689 109.407 64.181
974 71.6472 108.592 53.5055
975 87.3149 86.2922 67.7604
976 8.2245 111.431 90.564
977 41.7056 97.0948 56.4287
978 89.8299 111.859 82.1028
979 28.8663 109.009 67.883
980 56.7272 115.532 113.131
981 110.421 112.209 64.8543
982 46.319 112.988 98.0404
983 85.7121 112.324 90.9514
984 71.714 48.1893 58.1722
985 112.897 108.024 73.6509
986 14.2129 93.0322 127.595
987 66.0053 109.571 79.6778
988 3.46288 61.5466 45.9897
989 34.0655 102.085 126.947
990 3.24385 95.4226 85.5186
991 91.2864 109.238 64.6276
992 82.6207 89.957 81.1362
993 99.9079 113.076 94.0863
994 47.9106 50.5525 95.3254
995 50.4037 112.226 97.3772
996 71.6248 94.7087 113.419
997 0.647989 92.8101 108.961
998 67.485 101.984 126.483
999 62.1552 115.27 121.703
1000 76.5007 107.675 126.374
1001 65.1388 94.2371 126.937
1002 90.818 90.8065 126.427
1003 57.9819 90.4272 123.18
1004 85.0936 115.11 115.821
1005 50.8314 115.236 118.949
1006 95.8259 104.917 117.269
1007 72.3612 105.935 121.84
1008 113.922 12.5575 0.886952
1009 105.645 19.852 4.18602
1010 87.8859 19.3003 7.16915
1011 106.641 -0.373911 10.2155
1012 89.1617 3.32026 -0.549942
1013 96.7306 17.2652 10.065
1014 93.7435 20.2682 9.99131
1015 111.484 22.0648 101.195
1016 112.295 14.6146 17.1087
1017 89.0102 109.19 -1.24299
1018 91.8594 11.5425 10.3772
1019 100.991 21.226 -0.423449
1020 67.5165 2.18784 27.1145
1021 71.1273 12.6742 20.9141
1022 73.6208 64.4674 37.9548
1023 58.5469 35.5403 -0.20826
1024 110.408 5.18251 34.2958
1025 87.4672 1.09647 21.6231
1026 68.5913 46.1004 43.3532
1027 110.709 5.96085 86.4585
1028 87.6433 20.716 39.7891
1029 81.0288 26.0821 21.966
1030 109.023 41.228 73.3201
1031 32.4488 -0.327543 16.309
1032 93.0596 5.37519 61.2582
1033 66.3319 4.31336 84.7108
1034 112.356 71.9498 34.0615
1035 82.0847 0.261971 119.48
1036 110.994 61.4834 35.3625
1037 115.244 27.7523 110.883
1038 66.2974 36.2892 37.9434
1039 102.091 36.3293 126.802
1040 111.924 29.9395 20.2655
1041 46.0717 4.08531 58.2956
1042 115.402 2.59683 118.989
1043 58.1838 -0.603769 24.0321
1044 57.7164 1.60228 99.1688
1045 93.1941 46.7034 62.9902
1046 77.463 4.44875 78.1217
1047 78.9514 57.4153 75.9066
1048 115.389 36.3192 112.99
1049 92.8346 4.08669 98.6689
1050 112.047 72.6834 81.5435
1051 109.214 20.8474 61.3604
1052 112.422 48.3833 24.9406
1053 115.113 70.0606 98.3444
1054 47.0235 4.12421 78.5358
1055 106.307 4.26695 89.5469
1056 93.976 51.0875 126.878
1057 97.3284 0.640113 110.648
1058 110.57 13.8994 126.557
1059 70.15 7.99881 106.343
1060 70.8617 2.76506 105.465
1061 107.377 2.70434 56.5135
1062 46.5699 37.3392 82.2702
1063 100.461 1.89069 107.816
1064 39.6343 0.268455 117.457
1065 63.3695 1.61514 101.983
1066 100.648 5.07559 115.785
1067 115.305 13.855 116.222
1068 113.706 5.23523 126.532
1069 100.179 16.2181 101.025
1070 91.9829 35.5382 -0.729972
1071 89.3228 43.2394 -0.694749
1072 92.3426 18.8005 2.76695
1073 99.6769 45.9405 15.5514
1074 100.75 42.6467 2.63026
1075 99.3826 44.4514 3.8003
1076 104.056 32.7235 11.214
1077 86.5928 31.7374 11.4073
1078 102.422 38.2946 10.8877
1079 112.102 73.9753 37.0187
1080 87.2376 38.0601 48.2611
1081 108.732 -0.341444 1.6325
1082 40.9351 32.24 48.9829
1083 100.139 3.77957 43.3359
1084 111.504 55.5241 88.8136
1085 111.874 100.233 70.5228
1086 69.2827 36.5218 37.979
1087 109.247 29.8564 64.017
1088 87.3783 43.583 48.1502
1089 69.1141 5.11096 71.2268
1090 110.866 33.5879 30.5733
1091 100.804 19.0211 32.3377
1092 60.7606 -0.45593 21.6172
1093 61.6902 28.1002 33.2031
1094 109.069 32.7876 61.4319
1095 59.9846 62.6305 57.7322
1096 64.2404 58.0001 56.4933
1097 84.752 30.3573 68.7071
1098 60.6078 3.56217 34.9584
1099 36.3694 111.942 99.4051
1100 76.2377 50.1285 52.0992
1101 67.4982 58.6153 74.5929
1102 110.394 59.8347 85.8438
1103 110.592 13.0304 34.1895
1104 73.5289 2.9599 94.7226
1105 104.484 112.814 39.0833
1106 104.686 2.67805 59.0842
1107 78.2531 4.39338 90.2928
1108 108.468 50.492 126.365
1109 110.252 79.5518 71.2086
1110 111.473 38.6834 26.9586
1111 109.167 32.4153 52.8169
1112 114.542 45.2482 18.2293
1113 110.322 32.8654 74.7003
1114 85.7798 67.7711 69.4565
1115 110.79 67.2723 38.4747
1116 105.631 4.2749 107.356
1117 78.1562 27.0699 107.031
1118 105.352 113.496 105.175
1119 110.662 54.6183 86.1714
1120 52.1974 57.6457 105.376
1121 109.307 69.0674 52.2268
1122 72.1035 20.3637 94.3056
1123 111.113 8.6985 100.106
1124 73.2151 39.0872 109.712
1125 90.1336 3.73283 81.1457
1126 111.476 113.537 104.739
1127 92.4425 31.8985 113.626
1128 108.977 49.3394 61.2887
1129 102.39 44.6399 117.69
1130 111.222 25.0163 126.49
1131 113.853 39.4092 126.324
1132 107.918 46.2413 106.943
1133 115.272 42.519 116.3
1134 105.122 44.9908 126.697
1135 105.044 35.004 112.147
1136 84.9744 59.4003 126.962
1137 92.1754 55.1124 8.27657
1138 106.626 54.1016 12.5853
1139 91.9436 52.6339 -0.548536
1140 102.952 57.0445 15.3357
1141 104.485 113.137 33.5896
1142 87.536 37.4903 30.3091
1143 74.0242 0.473831 16.7251
1144 90.7405 54.5983 12.7336
1145 89.8301 52.9295 14.0866
1146 110.58 98.2649 50.3252
1147 98.1336 89.5482 -1.29579
1148 102.373 58.3292 8.29132
1149 113.867 52.9465 23.661
1150 111.457 76.02 78.2109
1151 102.152 57.3216 24.336
1152 113.815 49.5445 1.56723
1153 93.0984 62.7918 21.2378
1154 110.156 112.89 39.708
1155 110.911 67.3943 35.9587
1156 111.481 30.1445 25.8878
1157 114.024 15.737 15.267
1158 54.5041 73.1748 34.2458
1159 109.055 72.2631 55.3963
1160 30.9548 0.721496 32.1157
1161 108.316 112.928 54.1653
1162 113.683 64.16 17.529
1163 92.9057 78.6718 91.2374
1164 110.453 37.5206 36.4864
1165 110.445 16.9345 45.5981
1166 112.007 88.4138 39.8093
1167 107.454 112.871 33.2676
1168 112.081 85.8415 45.479
1169 112.79 91.6129 74.0582
1170 112.02 58.7497 89.7452
1171 109.462 41.6089 49.57
1172 111.976 83.6634 77.6311
1173 88.6612 76.4872 72.3687
1174 110.885 58.7181 32.6445
1175 77.9023 34.9156 76.2985
1176 97.3562 53.8436 55.1478
1177 114.914 75.7174 92.4471
1178 113.248 55.7965 91.3229
1179 63.9623 61.5457 56.2178
1180 87.5313 31.5765 21.4554
1181 111.659 108.334 39.9106
1182 101.426 35.7555 89.229
1183 49.4225 4.30621 60.8616
1184 64.1485 53.1697 53.4512
1185 53.6526 38.6695 101.104
1186 110.149 74.2604 41.6595
1187 108.378 4.15629 54.8115
1188 112.199 75.3889 79.6701
1189 110.441 15.9213 40.0388
1190 111.955 91.6316 -1.4119
1191 115.123 93.2659 110.278
1192 115.3 61.743 96.1295
1193 110.516 51.3654 83.1562
1194 114.962 67.6503 93.4412
1195 107.688 112.468 64.6068
1196 111.089 70.515 126.353
1197 87.4291 80.4752 76.8297
1198 99.4319 63.2691 107.305
1199 74.826 88.7766 104.633
1200 99.2226 60.5068 109.216
1201 84.5135 56.4045 120.924
1202 87.5235 59.113 120.774
1203 108.073 56.6015 126.4
1204 98.3669 68.899 116.236
1205 93.7414 57.0136 126.773
1206 108.077 64.818 126.266
1207 81.3526 83.7434 -0.85866
1208 89.1913 80.5875 -0.878521
1209 100.878 90.0087 7.99445
1210 113.766 75.3944 3.50112
1211 86.7139 88.4192 25.4444
1212 106.564 82.4395 10.5747
1213 86.5063 80.4847 -0.974706
1214 78.0147 69.8165 19.8409
1215 86.3979 76.8434 10.567
1216 113.819 87.0232 0.651306
1217 110.967 27.4542 24.8452
1218 103.398 114.111 0.556883
1219 90.359 77.9373 19.5934
1220 55.951 59.7186 43.4468
1221 86.5113 114.509 12.1648
1222 77.9351 114.301 12.296
1223 114.222 54.84 6.5665
1224 77.3911 86.7439 11.0454
1225 111.816 111.386 36.7795
1226 82.5246 30.9814 127.151
1227 84.0645 112.039 85.0439
1228 109.065 44.304 70.2878
1229 100.928 74.2641 25.6395
1230 109.203 75.0904 54.2482
1231 63.6553 79.9157 24.5563
1232 114.103 37.8307 103.841
1233 84.3665 103.985 19.4154
1234 61.7475 95.7057 41.7597
1235 95.9829 109.709 59.2192
1236 37.4352 108.573 56.0277
1237 100.044 84.5767 60.7195
1238 112.313 105.765 27.8524
1239 95.8981 98.5139 65.0347
1240 74.5955 87.4915 54.8427
1241 76.7338 101.773 126.497
1242 95.6792 73.8202 66.2379
1243 111.517 65.6303 83.5344
1244 109.111 18.2269 53.2508
1245 115.25 44.7222 102.579
1246 94.4893 72.5215 75.7123
1247 53.7573 50.7309 106.856
1248 91.9846 95.6375 52.0545
1249 100.455 71.4057 81.1372
1250 9.71367 18.3939 0.49152
1251 95.3757 88.9986 70.8562
1252 88.375 73.428 72.3793
1253 114.497 52.5387 2.73872
1254 65.0399 57.4127 57.9627
1255 84.9016 52.6151 80.1621
1256 115.457 24.8887 115.971
1257 88.8693 69.4868 94.1442
1258 113.233 94.1926 93.5282
1259 99.7174 113.101 31.0311
1260 65.2944 11.8525 101.947
1261 33.7431 115.069 118.919
1262 79.4219 96.1177 108.848
1263 86.4195 75.2803 113.511
1264 75.3655 64.7865 73.3231
1265 110.246 112.795 50.5248
1266 107.819 76.3231 114.459
1267 88.1749 73.7293 126.516
1268 115.348 73.8378 113.088
1269 93.784 69.1477 127.311
1270 115.362 87.6816 115.772
1271 107.901 79.4294 114.432
1272 96.3568 85.1182 120.249
1273 93.3213 85.1855 120.354
1274 109.277 81.6318 121.678
1275 93.5493 60.6118 113.383
1276 115.34 82.2 118.845
1277 96.5248 88.0095 126.471
1278 82.4046 80.565 118.38
1279 105.27 90.5075 117.199
1280 105.132 76.2324 123.147
1281 110.848 92.3557 6.47818
1282 95.0865 114.164 12.2103
1283 112.088 114.151 6.30783
1284 113.966 97.6246 14.7856
1285 99.3837 109.576 12.9807
1286 112.902 82.8626 30.0147
1287 112.814 108.641 93.9663
1288 86.5373 71.4428 25.1407
1289 74.4767 111.55 39.3302
1290 101.452 86.6578 -1.00838
1291 113.816 55.5381 21.139
1292 35.897 111.034 30.3541
1293 103.877 38.1821 -0.661075
1294 109.299 57.4718 49.2224
1295 112.233 90.9373 28.3268
1296 113.024 105.386 67.8667
1297 75.3582 97.1632 55.7483
1298 111.571 101.245 48.7057
1299 115.174 76.1977 98.1571
1300 81.487 77.5487 68.0604
1301 90.8255 80.3022 59.7102
1302 70.4518 68.7205 35.8641
1303 110.9 112.692 77.2359
1304 0.501798 75.7571 111.792
1305 109.321 74.9938 72.0881
1306 111.745 111.024 72.1062
1307 109.188 68.7601 45.6324
1308 54.4773 114.9 12.7319
1309 110.467 5.1106 39.7011
1310 70.3801 76.1653 66.4489
1311 80.0212 75.8326 69.5688
1312 67.9553 62.3585 127.177
1313 110.961 112.763 33.9261
1314 88.561 109.745 72.0814
1315 74.2181 109.308 73.0136
1316 69.817 72.9447 34.5602
1317 112.063 91.2792 37.218
1318 65.1819 113.645 126.302
1319 78.5346 88.5675 61.5258
1320 63.5604 101.179 101.577
1321 96.8111 112.752 46.9231
1322 111.052 28.6929 86.8571
1323 45.648 114.971 124.795
1324 53.87 110.678 126.528
1325 94.3489 78.6697 87.2651
1326 110.784 46.6137 80.0776
1327 22.7961 108.873 59.7606
1328 113.691 87.7835 125.806
1329 109.288 49.5961 69.8252
1330 99.8776 0.460231 122.534
1331 50.7347 94.2377 90.1936
1332 114.945 2.32609 111.105
1333 96.3041 110.306 114.181
1334 103.564 96.2159 117.053
1335 87.7022 106.964 114.371
1336 114.306 104.71 125.809
1337 115.223 101.46 121.08
1338 115.15 101.783 118.04
1339 105.473 110.286 126.211
1340 115.047 109.946 106.618
1341 85.2207 94.6701 107.66
