0 6.55144 15.7138 0.902909
1 6.95942 9.60785 7.2163
2 16.4055 28.2791 13.8277
3 26.5164 -0.604316 14.1837
4 26.8257 4.23149 0.973223
5 9.6344 4.62769 4.37039
6 4.14879 9.76311 4.36166
7 12.5378 2.63851 11.6214
8 23.9503 15.6069 0.842466
9 1.09493 15.2934 1.31626
10 3.05164 3.39496 28.5767
11 4.8056 4.03775 108.118
12 20.6066 24.1866 0.623622
13 31.7986 -0.712629 5.60236
14 0.884969 7.46723 23.6907
15 -0.296044 75.3175 20.0222
16 63.7136 4.47709 82.2023
17 63.1743 3.88806 52.3959
18 83.0768 3.94141 45.4607
19 33.9889 1.02395 21.0392
20 3.81577 45.0071 49.3526
21 1.69595 54.2481 88.1938
22 62.8969 21.4395 31.7802
23 26.6663 0.946233 35.5187
24 -0.523821 106.386 1.58562
25 48.9624 4.04197 55.1545
26 -0.132107 20.0286 17.4725
27 -0.191106 18.1477 23.6918
28 42.1647 0.435852 115.789
29 -0.706303 12.8503 11.4207
30 38.1745 4.39603 87.6769
31 63.7536 3.88441 43.1953
32 2.77412 4.53707 51.963
33 25.9754 48.27 71.0965
34 0.824721 39.3951 104.435
35 2.99316 4.91191 111.425
36 3.80628 4.90326 103.08
37 2.60928 6.67651 40.4828
38 2.23341 29.3297 105.6
39 38.829 3.4316 41.1904
40 2.72121 42.7684 92.0446
41 52.9311 2.56232 30.5644
42 31.8636 34.2585 68.2515
43 5.95476 4.03158 64.7255
44 52.3394 37.8734 103.199
45 82.4202 2.21577 109.874
46 1.03917 7.32672 112.933
47 51.1067 84.5967 127.674
48 93.8773 48.3893 127.189
49 37.8165 23.4639 42.7451
50 16.1321 61.3409 93.1815
51 22.5832 23.0956 119.268
52 3.31621 7.81072 80.54
53 29.8184 26.202 100.257
54 47.7279 3.13336 92.0272
55 0.361775 47.8015 98.3389
56 2.50535 30.8744 128.533
57 4.54233 17.0877 68.2038
58 1.56719 23.5409 110.292
59 9.67613 13.7134 117.65
60 3.94179 13.5443 118.332
61 11.2191 0.296142 115.533
62 28.0562 10.7122 128.541
63 25.6346 10.6805 128.467
64 3.07163 0.654993 123.979
65 16.8355 4.86024 125.394
66 16.5903 33.2933 8.07747
67 20.9733 41.333 9.36924
68 19.6136 39.6983 7.93575
69 -0.731896 44.0935 13.6844
70 16.9178 25.1881 11.1321
71 0.475576 55.5724 0.769266
72 21.003 29.5742 0.833959
73 1.04661 18.1462 1.24598
74 15.0807 80.3763 0.473796
75 2.50278 23.3868 54.3481
76 3.17989 86.4539 32.0409
77 53.7759 48.7108 33.5752
78 -0.555683 100.702 1.6114
79 1.32583 82.476 21.6704
80 19.1148 2.45183 43.2002
81 39.8921 62.2113 55.7063
82 29.742 21.3385 20.9782
83 1.96677 5.6577 62.4477
84 43.3451 85.5745 22.2203
85 2.01705 22.7525 34.4148
86 5.66517 41.2359 69.1141
87 5.56204 41.7677 71.6769
88 2.25596 110.13 75.2884
89 98.0554 -0.410323 12.9182
90 2.96637 15.2234 57.0358
91 40.2303 24.2308 46.5681
92 5.71497 60.5737 65.1174
93 23.4488 48.1694 71.0211
94 38.8051 27.5064 32.5995
95 41.6741 33.7141 60.7346
96 1.34386 57.1371 40.6675
97 61.131 51.439 59.6565
98 0.49729 36.4127 118.246
99 5.43219 27.7093 60.3041
100 93.728 0.43507 111.791
101 28.9294 14.1938 57.1067
102 22.5601 5.2174 54.3955
103 30.4133 110.705 82.0032
104 35.8599 25.796 46.4075
105 5.7528 32.4254 60.2348
106 61.7286 36.845 43.0765
107 24.9244 41.3951 66.8325
108 43.7205 4.10661 49.5454
109 0.131695 44.5053 35.0985
110 73.3084 30.5687 87.1944
111 1.01626 5.282 124.545
112 33.7589 44.2619 75.6001
113 30.4454 44.2425 75.5979
114 5.52697 0.577144 118.673
115 0.544649 70.2073 103.609
116 22.8463 31.9948 98.9946
117 30.611 14.4193 76.1979
118 1.19761 15.0045 112.728
119 20.5177 5.4605 60.1645
120 47.3639 53.2645 104.592
121 10.9638 82.5645 95.603
122 19.8522 47.7395 113.682
123 25.543 53.1399 102.126
124 8.70382 0.74117 127.28
125 35.7807 32.1741 117.995
126 26.5428 43.47 120.779
127 22.0387 44.7375 122.454
128 0.647067 22.2219 110.132
129 19.5347 51.0571 116.659
130 5.22136 36.7103 128.625
131 13.8701 45.0447 128.527
132 23.7112 24.9337 117.085
133 27.912 22.0356 116.653
134 26.8373 68.3813 18.8508
135 3.5719 61.0126 0.728575
136 22.4863 68.6411 13.3364
137 22.5279 65.4097 13.4398
138 -0.864783 49.5338 19.8355
139 -1.00649 67.0349 11.0867
140 18.3413 47.0283 9.39652
141 -0.00871035 58.4413 24.7268
142 0.0910279 7.43598 21.0515
143 28.1912 3.25003 94.6495
144 29.9251 24.2267 21.0038
145 5.86969 56.0786 54.0202
146 25.4561 65.752 13.4257
147 2.7783 6.1443 30.9341
148 3.41434 4.52073 60.5594
149 32.2319 54.0392 40.0044
150 65.7866 48.0731 58.3597
151 24.825 41.2735 64.2714
152 17.3065 111.13 42.4036
153 69.2554 109.661 85.6246
154 32.6228 29.5337 49.465
155 13.8562 102.09 16.4003
156 3.36187 22.0542 95.4426
157 8.33252 76.4878 128.17
158 4.54433 82.9395 52.3091
159 1.85261 40.1457 36.7465
160 40.7842 74.6212 27.5159
161 73.102 86.2211 56.4998
162 17.9292 109.06 65.9712
163 4.54358 43.0574 79.5159
164 32.9537 30.2066 29.6542
165 3.46488 45.8915 83.4793
166 2.67898 5.98472 33.7162
167 5.2183 110.519 104.077
168 0.241758 61.385 31.3629
169 1.97267 114.521 112.026
170 21.3917 109.757 48.793
171 66.0049 57.3768 64.1179
172 7.20954 1.85787 28.2055
173 3.47286 73.0543 92.0627
174 2.99414 10.544 85.8131
175 5.74008 83.1958 68.5815
176 42.2639 61.781 107.376
177 49.3434 4.25361 67.1385
178 0.507301 49.7927 103.721
179 42.462 53.2863 110.563
180 4.43353 54.3273 82.4963
181 35.0678 35.3631 77.1801
182 3.61209 70.0029 48.9063
183 59.7639 3.1741 86.12
184 9.48537 60.1017 118.24
185 5.62073 32.9012 68.7166
186 0.380733 56.2578 120.842
187 5.81598 111.522 45.2906
188 5.51982 48.9192 59.8917
189 19.4795 58.3628 116.763
190 17.9749 46.8478 112.259
191 0.575244 73.8919 123.78
192 13.8783 59.1243 128.283
193 19.8037 62.0337 128.43
194 9.62794 38.7579 121.198
195 8.50312 64.9437 128.395
196 18.9379 59.1384 125.114
197 20.6239 58.7683 112.128
198 31.0635 78.8316 127.958
199 9.56813 65.1836 9.75203
200 15.3981 100.421 3.30093
201 15.8912 83.8619 6.32005
202 21.0612 78.2904 6.28622
203 17.8733 75.2464 0.180427
204 17.5248 89.5154 0.0252695
205 -0.957348 75.2761 4.83695
206 16.7501 75.3162 15.1766
207 11.5001 75.0972 0.123683
208 21.9842 71.3377 7.54635
209 2.25967 29.8361 39.6576
210 -0.608274 54.0138 16.8674
211 4.22516 77.2113 51.9482
212 3.00908 69.6776 80.7468
213 29.7634 66.7422 11.8036
214 36.3684 73.0771 26.0328
215 66.684 -0.405154 1.9698
216 16.7876 92.5569 13.3045
217 63.4138 108.589 47.589
218 3.55048 95.4253 40.4727
219 22.619 70.3602 31.7879
220 5.13899 41.5679 78.733
221 37.9475 27.3361 44.7372
222 3.83157 106.813 91.2454
223 34.7597 45.6183 68.1156
224 -0.621057 4.20103 14.6884
225 9.63298 59.8254 17.2335
226 1.02419 62.9836 37.579
227 56.9634 109.089 62.2805
228 23.0589 108.26 48.3189
229 0.551635 50.2379 95.3712
230 94.4876 103.644 -0.894971
231 4.63235 27.7975 73.4275
232 23.8067 114.331 10.1545
233 83.0194 2.00698 105.174
234 6.00189 60.5366 77.2827
235 43.1134 71.044 53.1142
236 0.448911 64.5767 108.612
237 1.31327 90.7431 24.2367
238 3.40726 108.064 61.8696
239 2.27891 16.6992 37.2693
240 2.95577 33.2393 86.5063
241 44.891 111.561 93.8734
242 5.75598 32.6039 63.2259
243 5.41013 49.399 57.1771
244 13.5688 82.7206 96.2889
245 3.80262 83.6762 46.1188
246 86.91 110.331 76.2174
247 25.9504 108.555 51.4984
248 21.6874 108.868 63.0164
249 3.94233 14.7614 61.8771
250 31.8618 37.0929 77.0769
251 20.0237 114.808 126.199
252 25.7382 28.3649 89.6561
253 5.78364 60.9425 69.1485
254 33.0686 46.9795 66.6463
255 3.10654 83.8024 74.316
256 36.5824 81.4415 101.568
257 50.4966 92.3212 89.3998
258 56.589 91.4579 92.5107
259 4.07708 90.151 51.9736
260 0.331142 52.9223 92.8663
261 9.40967 114.055 4.97875
262 0.313087 50.3588 37.1853
263 43.5362 76.8578 84.9723
264 20.206 56.8809 74.1474
265 0.588422 66.9627 95.3361
266 16.7578 72.0287 119.389
267 56.151 114.805 102.687
268 3.27058 86.7898 41.0319
269 13.6992 113.035 127.603
270 16.6849 89.0718 116.257
271 16.4541 87.6363 118.929
272 36.7594 79.8016 127.949
273 3.60141 70.1641 118.034
274 0.8929 87.6408 123.784
275 32.191 81.7655 109.383
276 32.2773 82.4508 117.731
277 25.2138 89.6571 116.062
278 29.2185 109.524 -0.0901739
279 21.9518 79.682 16.2705
280 27.8779 99.1244 7.36699
281 19.7315 106.684 8.94771
282 15.1832 113.994 7.49839
283 6.36315 100.802 0.280863
284 21.4335 68.833 28.0282
285 78.1327 58.9698 -0.792823
286 3.42668 111.118 34.2174
287 21.5416 110.961 30.7467
288 4.66306 110.153 68.2677
289 5.67191 77.472 62.673
290 -0.932745 95.3623 4.84677
291 3.1749 95.3811 36.8283
292 13.1286 111.051 30.6924
293 37.797 109.09 36.2673
294 16.8078 89.6223 13.5852
295 52.3314 12.4647 0.425152
296 55.1316 92.4157 -0.499452
297 57.3453 109.099 64.9201
298 29.3164 108.838 48.1255
299 6.51074 -0.283826 2.83471
300 51.1324 109.026 67.983
301 -0.64411 100.803 4.93875
302 71.2638 108.903 47.9807
303 28.2641 110.491 40.2943
304 5.63107 111.383 41.8851
305 10.775 110.432 70.8363
306 77.1741 109.433 48.9383
307 52.3751 80.8105 31.31
308 49.9223 77.6789 44.979
309 32.3739 110.503 39.0521
310 11.2166 111.416 99.6835
311 63.2319 95.4919 43.0303
312 32.4065 109.125 50.8399
313 3.37282 107.157 79.5243
314 13.9728 111.294 39.2683
315 4.4447 32.4538 55.8265
316 9.27366 108.893 66.1377
317 88.6775 111.88 44.9271
318 8.15113 111.485 96.2866
319 36.1167 110.457 23.3858
320 10.8637 98.8397 101.065
321 5.37021 62.8394 53.417
322 28.3675 108.449 53.5628
323 67.3681 110.214 41.4238
324 51.1184 108.438 44.8715
325 15.957 93.4369 127.834
326 4.6416 110.009 101.261
327 3.25745 81.0738 77.1233
328 49.8588 71.6806 102.988
329 70.4902 110.975 86.8347
330 19.7691 112.961 16.9234
331 51.6937 115.341 125.319
332 12.4041 81.4618 95.5677
333 15.0135 110.205 73.2591
334 0.850001 36.7789 126.836
335 13.4437 30.8398 129.211
336 0.475482 81.6947 105.992
337 37.3203 108.809 59.0892
338 22.2976 114.985 103.172
339 28.0269 105.031 127.64
340 0.695484 101.968 120.295
341 8.28284 101.523 124.59
342 3.71343 107.34 117.49
343 36.9113 28.983 13.4812
344 26.638 -0.658087 19.4048
345 49.3083 -0.679205 16.6453
346 43.9154 15.3706 0.213285
347 57.8558 -0.530193 19.1393
348 40.2575 15.606 17.9997
349 31.9267 12.4741 0.70305
350 40.18 15.5497 21.0553
351 45.3041 23.0437 16.3222
352 55.4711 -0.858593 21.8585
353 37.1659 24.5181 44.1663
354 33.5355 5.39369 69.1452
355 10.359 2.12899 42.6098
356 108.299 89.5357 60.4914
357 57.0336 7.11598 26.3242
358 43.3156 -0.306718 22.2618
359 41.8233 21.2008 46.4807
360 96.363 0.543614 123.201
361 41.1353 1.10584 0.983624
362 58.6096 2.44509 30.3424
363 46.7158 32.8535 43.045
364 20.8898 1.18123 30.1912
365 83.8562 -0.153607 15.7056
366 38.137 26.3246 46.3623
367 2.29304 29.0023 43.5518
368 58.2733 34.9655 48.417
369 16.2912 5.35006 63.6174
370 49.7687 82.0029 33.8942
371 63.6841 20.7829 -0.287271
372 0.770897 33.4755 121.228
373 28.3312 56.1014 50.2882
374 58.4868 41.3409 54.207
375 100.506 52.8747 -0.943665
376 52.5554 -0.35551 27.4193
377 0.56403 24.9398 112.934
378 22.0117 24.6547 70.2383
379 59.9272 51.2251 58.5858
380 67.9521 0.484803 112.086
381 38.8107 1.52208 38.2755
382 60.5636 4.78848 59.7087
383 13.5616 4.37394 59.3622
384 3.58976 10.8602 106.782
385 0.629742 16.4317 115.499
386 67.9969 36.2453 128.001
387 10.5266 2.02701 33.8844
388 115.07 73.4533 99.2878
389 3.17692 29.3109 77.7941
390 43.3739 21.9709 110.533
391 22.2305 3.08954 89.0956
392 53.716 37.8975 107.902
393 53.9466 14.103 128.046
394 39.5329 5.13045 128.391
395 48.0937 23.4934 128.67
396 45.5181 26.4235 114.762
397 36.5916 0.553108 126.447
398 42.4335 0.486932 120.722
399 49.2426 24.7647 101.254
400 62.8446 10.8581 128.194
401 45.2562 22.6703 125.059
402 37.8842 26.3989 0.483372
403 38.1027 35.216 0.0353651
404 23.671 40.7585 0.409355
405 55.4211 23.7037 14.7619
406 55.1946 41.2135 -0.22947
407 52.4325 38.5839 5.94449
408 22.2514 41.245 5.93835
409 38.1095 45.7767 12.0106
410 32.4187 26.8062 0.604172
411 48.9568 35.2512 -0.0710883
412 28.0966 41.3262 8.97499
413 39.6756 36.7755 16.4069
414 36.911 82.3603 22.1039
415 35.7132 39.9328 21.4415
416 63.692 75.2532 19.9034
417 40.4222 54.0585 13.1758
418 38.0897 42.8069 12.0858
419 38.4359 24.0336 46.2741
420 33.8237 51.1392 13.2311
421 20.7713 39.9112 40.394
422 36.7781 52.7131 32.1184
423 62.7667 29.7815 34.4159
424 2.59856 14.5786 48.5074
425 3.16628 67.2292 80.923
426 64.3268 22.5189 31.8489
427 31.7711 4.85717 54.2271
428 49.3811 56.0044 37.8285
429 40.4897 26.0014 43.0816
430 30.1982 4.37715 47.1905
431 46.1784 3.90928 38.2762
432 3.5294 49.7796 46.574
433 47.5977 22.4143 44.2403
434 37.1324 47.4729 59.0429
435 5.74809 52.5508 60.1329
436 26.131 48.1016 68.3067
437 32.5956 45.8433 65.186
438 28.5155 109.328 43.774
439 40.0906 33.8667 62.3027
440 55.2531 23.4426 97.5002
441 3.20536 83.975 80.1035
442 64.8569 18.7527 69.6498
443 55.401 111.724 29.1114
444 33.9609 39.0837 78.5129
445 21.1839 -0.374365 22.3135
446 1.16347 18.488 28.2175
447 8.86488 4.21541 67.6071
448 74.1137 24.0669 105.094
449 37.5129 35.6166 77.061
450 33.2844 55.212 84.2802
451 34.5682 46.9667 64.5105
452 21.2539 76.6447 45.9238
453 48.235 49.8282 63.0946
454 31.0404 73.1899 59.1767
455 40.3804 33.8819 59.4254
456 48.0001 0.827899 102.18
457 37.7533 28.7653 83.1266
458 39.2436 73.757 110.329
459 31.6228 33.0684 98.0383
460 23.4294 57.7148 97.5024
461 65.0221 47.5892 89.7936
462 2.87455 12.5548 83.9674
463 40.0878 35.2238 60.8518
464 28.783 35.729 97.9596
465 37.2575 -0.189735 112.663
466 64.9561 33.6264 113.219
467 44.3722 22.0004 128.494
468 42.1737 56.4331 107.52
469 45.8644 35.0118 114.907
470 35.8322 47.8031 113.767
471 46.2799 20.672 120.758
472 46.675 31.2722 123.566
473 45.7063 33.7695 128.291
474 33.6797 24.2751 116.623
475 51.1073 27.3725 128.139
476 60.7038 44.8514 104.004
477 47.884 39.1389 113.604
478 49.5405 29.1493 123.441
479 37.9616 54.8665 109.204
480 38.1482 59.9854 13.8035
481 49.372 63.7653 -0.219315
482 52.0029 68.2491 12.805
483 49.5706 49.571 -0.203362
484 47.569 34.4169 43.0311
485 27.253 75.5313 23.7109
486 47.8747 32.7707 41.5501
487 31.1198 60.3328 13.2378
488 54.9032 55.7652 11.3851
489 32.5067 68.8918 30.5152
490 28.8215 109.111 65.3294
491 23.5734 66.9024 37.564
492 37.3456 79.6308 21.8611
493 78.2535 72.5711 25.6743
494 49.4002 34.4158 39.7814
495 64.4595 71.672 54.1373
496 28.3118 67.2619 31.7877
497 63.9036 58.8168 56.6822
498 36.8945 56.405 22.1093
499 22.5334 83.9273 26.6537
500 1.4221 11.8841 32.6177
501 71.8978 58.8884 71.0777
502 80.0912 74.6879 105.023
503 23.2082 48.2281 68.5528
504 5.59354 58.2342 60.0902
505 43.4728 52.8059 23.4655
506 57.3104 99.2936 37.2758
507 78.5521 62.023 74.2218
508 29.0288 31.3297 86.3792
509 28.6106 26.3724 87.4325
510 23.4446 40.9641 65.3415
511 64.5342 66.4592 63.7071
512 47.3331 48.944 103.146
513 65.6658 47.9875 55.4748
514 56.6632 77.6272 74.6658
515 12.1566 84.0196 95.445
516 72.2152 92.0672 76.8979
517 55.8681 31.9114 106.143
518 2.50494 35.0038 50.4566
519 79.0565 35.8866 75.1059
520 32.0449 57.9255 85.5801
521 64.1928 60.4643 59.407
522 65.9766 109.702 81.9962
523 27.8829 87.8615 104.363
524 80.8991 29.9283 107.534
525 71.3126 15.978 99.3225
526 28.3279 57.7747 115.247
527 48.8991 47.4839 63.4533
528 33.8585 22.0601 95.8275
529 40.9343 48.9349 123.709
530 34.7109 59.8956 82.6862
531 30.9668 61.8935 128.345
532 25.1682 57.087 113.708
533 57.2039 70.4017 127.937
534 33.8054 67.7377 113.442
535 48.0366 64.0731 116.137
536 64.8463 54.0424 104.517
537 32.5056 80.8193 -0.188523
538 43.5375 84.0726 -0.295476
539 25.146 72.0961 7.26216
540 56.9875 70.9109 9.89137
541 52.2513 82.6362 17.7753
542 23.7668 80.8273 0.135181
543 32.2102 55.5077 0.00902435
544 86.4346 92.3022 -0.874446
545 90.7547 76.8032 18.0673
546 43.7712 74.55 27.224
547 27.1456 112.056 17.4332
548 40.1466 82.213 22.0525
549 40.4008 78.95 25.1577
550 92.1392 77.2206 19.8515
551 47.4789 81.24 74.6084
552 77.6826 25.2371 38.235
553 55.7419 86.3239 44.8666
554 51.4544 113.248 24.8848
555 35.0137 109.221 76.9852
556 2.91478 15.5857 59.972
557 3.50811 102.366 70.8674
558 18.4111 63.3824 51.9524
559 62.3856 74.0459 38.9759
560 13.858 89.6837 44.3944
561 40.6782 57.0907 33.6197
562 57.321 86.3475 46.2306
563 58.5639 75.0854 40.3005
564 83.8554 78.9084 19.7298
565 63.5268 72.8992 37.3796
566 56.0496 101.167 39.2223
567 64.3519 57.0754 59.8445
568 49.1379 92.4089 90.8131
569 82.5292 86.1489 53.4112
570 59.8903 51.2378 61.0871
571 20.8337 71.2089 28.3355
572 1.79301 73.8803 35.7154
573 91.4168 54.074 70.2628
574 28.779 56.0275 56.2362
575 44.4647 69.2854 52.0843
576 20.6542 59.834 76.9273
577 35.1341 82.2196 36.8469
578 29.4653 51.4204 46.0258
579 62.438 57.7408 45.767
580 64.8215 68.7747 54.1936
581 36.2098 83.085 89.6503
582 115.183 96.0144 116.077
583 66.0744 108.752 65.0042
584 13.8948 78.3418 41.5155
585 50.661 94.2531 90.034
586 9.20996 108.965 60.415
587 3.56691 92.9434 96.777
588 32.0427 75.1626 87.3672
589 41.0267 54.8563 109.109
590 33.5377 78.0468 89.6852
591 43.6665 114.075 102.436
592 26.2477 28.9324 86.4085
593 35.2814 78.5502 108.333
594 0.479147 93.3523 117.501
595 44.9949 84.4436 116.034
596 34.968 82.6812 90.9021
597 5.66286 57.3894 74.3313
598 35.0711 82.4974 88.2681
599 38.8379 87.3534 101.219
600 26.2889 102.698 105.886
601 43.8113 89.018 114.555
602 62.0641 40.1677 76.8114
603 48.9392 93.1965 121.468
604 77.0352 66.1108 72.9871
605 45.0571 76.6727 83.678
606 48.7824 109.349 77.1134
607 35.3342 63.3523 108.921
608 45.2218 95.7995 92.2139
609 53.7848 83.1898 114.243
610 39.0653 79.1179 113.305
611 50.9645 74.2263 115.806
612 42.5052 87.1978 116.074
613 38.2412 73.4608 121.98
614 44.746 87.694 116.017
615 53.7137 79.7304 116.013
616 38.8645 96.7218 7.1425
617 43.7557 114.258 1.68475
618 54.9692 112.366 -0.401035
619 26.6594 95.269 8.89726
620 49.1354 114.406 1.71525
621 53.5393 101.204 13.9663
622 59.205 98.1622 11.5056
623 38.1218 108.329 13.795
624 40.9751 85.246 11.0432
625 37.0257 111.059 4.16007
626 49.5053 102.477 10.2513
627 66.1955 109.798 40.3075
628 19.4046 110.951 84.7978
629 55.1403 63.9643 -0.60223
630 51.5652 108.267 50.4246
631 -0.852582 97.7377 13.8035
632 87.9309 68.5676 27.0318
633 74.1877 114.348 3.55268
634 113.452 34.3033 18.5091
635 16.5818 111.227 37.0412
636 42.27 108.118 36.3623
637 60.5824 108.625 50.2968
638 83.5776 114.362 14.4496
639 43.1669 108.751 54.03
640 65.1486 108.913 70.6421
641 25.7192 67.8015 34.8595
642 81.052 80.2536 68.3162
643 69.0034 109.199 43.665
644 72.3634 106.805 -0.722888
645 114.554 41.1909 11.1171
646 4.00015 38.9818 52.3417
647 61.7643 109.223 56.1681
648 36.0111 111.313 96.2862
649 19.6992 70.4242 128.156
650 25.5218 85.6787 103.491
651 9.36627 108.818 57.4691
652 29.6615 93.7542 85.0901
653 98.3775 110.455 69.8402
654 32.7989 114.388 7.34687
655 63.3571 108.608 56.1636
656 72.1311 81.6745 63.9393
657 66.7032 114.624 14.8178
658 60.6325 70.3184 83.4949
659 94.097 112.621 90.9956
660 0.741644 27.6042 113.023
661 4.97891 57.5619 51.4062
662 40.4687 109.016 67.604
663 66.1024 108.43 47.3504
664 5.66514 94.4299 62.1693
665 0.560249 38.9388 115.919
666 2.549 81.4573 128.495
667 51.716 8.71482 71.2576
668 29.3766 73.7581 88.269
669 84.3023 110.656 81.4701
670 23.5162 109.38 71.3679
671 18.3314 114.36 15.5329
672 48.893 108.787 56.5689
673 80.1586 109.059 74.1303
674 4.88836 111.331 72.0856
675 5.44831 111.115 91.1038
676 3.55988 101.042 93.992
677 33.7412 107.645 127.737
678 49.3805 109.938 93.6899
679 4.23243 111.228 108.52
680 42.6598 90.6264 127.812
681 42.1184 97.6215 119.796
682 43.8399 107.689 122.243
683 36.5774 90.3846 127.845
684 50.7775 115.292 114.455
685 35.1589 104.14 114.392
686 33.3797 115.137 114.028
687 41.8953 115.149 125.678
688 36.8029 96.2777 127.703
689 57.5142 102.078 127.805
690 59.478 113.278 127.213
691 66.5701 4.3284 0.286344
692 69.2326 32.5279 -0.21697
693 79.1808 23.8935 1.09119
694 74.0797 18.4485 6.26325
695 66.412 15.0664 0.0981873
696 62.5798 14.0655 16.168
697 75.1669 -0.117142 15.707
698 37.4727 0.997572 35.1382
699 62.3951 18.3292 13.2432
700 58.2535 -0.329896 13.7425
701 51.9055 4.13173 60.7269
702 92.0112 3.31003 34.2048
703 3.10383 9.19593 66.2655
704 64.3973 2.63924 32.753
705 60.5855 5.52007 13.6517
706 41.5779 32.1145 51.8535
707 77.3697 49.3462 49.5911
708 66.6351 2.29019 24.5582
709 62.0136 44.1175 62.9193
710 68.4673 8.71748 24.1347
711 110.653 34.0571 83.4906
712 80.9877 28.6019 22.1981
713 109.805 15.5401 48.599
714 113.848 18.7416 1.32882
715 33.1929 5.44001 63.3178
716 49.4608 4.37962 81.6185
717 71.7999 4.11093 43.1788
718 53.353 27.2197 60.9297
719 109.214 40.9703 49.9841
720 110.757 17.3201 86.8655
721 72.6912 -0.388796 15.9436
722 63.4626 1.51087 104.123
723 108.111 4.3819 72.1736
724 115.112 16.2821 111.756
725 65.3025 3.87963 46.4568
726 102.666 3.81526 49.2163
727 110.922 6.04528 88.9744
728 65.3085 47.4518 83.823
729 88.8801 26.0438 82.5597
730 19.4615 3.28886 106.537
731 88.3408 0.208894 114.468
732 87.8367 0.853216 110.389
733 83.5532 9.58282 111.669
734 83.0021 10.5866 121.695
735 83.6028 9.22394 123.163
736 86.5414 21.6162 114.487
737 68.9986 20.5409 120.515
738 67.9453 0.281834 115.156
739 73.4526 24.7479 107.405
740 82.5326 16.7767 127.745
741 62.3558 19.2518 122.055
742 72.4674 13.6015 122.666
743 80.6849 29.2203 117.336
744 59.4123 0.449299 123.65
745 62.1684 16.1148 128.224
746 62.455 0.106955 114.883
747 59.68 16.3419 128.05
748 71.7928 26.7823 -0.296728
749 72.4037 41.0872 -0.297302
750 88.0415 52.6956 10.422
751 80.1226 27.1567 23.0212
752 72.3656 32.2924 -0.310518
753 63.7902 18.3291 -0.0109859
754 86.4354 67.3032 37.5438
755 52.2084 47.1321 14.42
756 64.1574 25.5843 31.834
757 37.2309 42.7287 19.2368
758 59.7734 28.1713 13.2561
759 46.5581 3.99233 49.9619
760 67.161 65.0749 53.4465
761 97.7461 67.3592 22.6666
762 73.1623 50.8976 53.5247
763 90.0313 4.87168 51.581
764 63.7886 -0.316126 5.22572
765 74.7566 49.3073 49.4368
766 68.6585 56.816 64.0407
767 92.06 19.0192 23.3027
768 59.996 37.6304 47.0218
769 62.3798 60.1985 81.8938
770 58.4837 35.1408 51.3611
771 65.1624 15.6384 46.205
772 61.4564 26.9398 34.3498
773 111.379 7.78937 74.863
774 77.073 54.3406 70.179
775 70.3254 5.65011 70.6212
776 72.9435 48.1683 56.7741
777 46.1708 46.1087 33.9282
778 95.981 25.2645 47.8665
779 77.4 49.3714 52.3394
780 48.0167 30.1465 95.9873
781 76.1283 5.01662 75.3409
782 68.5029 60.742 55.0337
783 85.1308 35.28 95.8913
784 62.6672 23.7236 31.6465
785 109.145 74.8533 46.8088
786 -0.100013 58.4293 28.1769
787 13.8268 3.39794 103.692
788 23.5126 72.6989 88.6131
789 36.63 70.0577 98.7183
790 112.636 15.5054 106.439
791 110.564 51.2027 85.9073
792 70.5942 63.5172 66.1384
793 87.5904 30.3902 92.9972
794 58.7872 36.56 49.7866
795 83.1927 28.6566 91.8453
796 73.0363 9.4251 107.112
797 106.364 4.11729 95.2888
798 59.6523 50.3124 101.399
799 43.7652 60.3126 105.911
800 78.0492 41.0882 114.478
801 71.4388 51.7184 67.2196
802 84.3216 34.2234 106.436
803 97.3049 55.7092 87.0526
804 59.515 24.9866 127.995
805 71.1297 30.8776 127.804
806 62.0627 24.9846 119.164
807 83.622 27.93 117.804
808 66.8192 34.6896 114.712
809 82.0822 31.0116 118.769
810 89.8059 49.4913 -0.814012
811 69.8423 58.2147 -0.828008
812 52.252 61.0986 -0.276017
813 59.7097 56.8823 12.8299
814 64.87 62.4583 9.8399
815 72.0775 49.998 8.46447
816 65.3207 59.0496 15.7479
817 92.3469 72.7508 16.7079
818 63.6243 52.1344 -0.373049
819 82.5937 57.0207 12.6087
820 82.4117 45.5119 9.8003
821 71.1222 57.0266 15.5717
822 113.159 51.4943 24.4132
823 77.9078 48.0052 28.8206
824 80.6944 27.0699 20.5808
825 54.2302 82.1538 43.8887
826 93.7344 71.3056 18.3483
827 56.8009 64.1251 5.68192
828 74.6503 100.662 -0.607981
829 89.2293 106.176 22.3626
830 47.7218 46.8972 60.3384
831 96.1071 77.8157 62.8011
832 26.8304 66.3331 39.1436
833 113.649 9.93375 4.60776
834 65.7862 49.6443 56.8574
835 43.1114 79.1455 25.0667
836 60.5162 75.7435 40.5583
837 104.406 113.53 47.4137
838 61.9737 69.6447 61.3877
839 37.85 74.5229 25.9564
840 58.0436 73.1117 70.3366
841 58.1416 81.0732 40.7352
842 65.8699 64.7187 61.0808
843 66.9322 58.8896 56.4268
844 67.3031 66.8321 66.4904
845 67.9544 66.2526 60.262
846 84.6796 5.40201 47.6735
847 76.7694 102.495 90.1193
848 78.5514 76.7568 74.3803
849 38.1127 34.2438 80.186
850 77.368 108.84 64.8843
851 79.4012 63.4347 88.0782
852 75.7083 111.548 88.3328
853 57.8004 82.5452 44.8319
854 65.7826 59.2082 61.2795
855 36.2855 36.0608 78.5619
856 74.3419 57.2704 70.1846
857 61.9809 67.9363 61.7285
858 87.2912 68.2671 95.0682
859 96.5367 32.8425 95.8408
860 40.71 60.3177 108.987
861 70.2107 17.021 106.899
862 69.2843 66.0153 114.448
863 30.9185 0.418903 112.123
864 50.874 87.858 112.94
865 85.2107 43.1654 118.553
866 111.219 26.0182 93.0244
867 75.134 72.6354 120.105
868 86.5353 44.9457 117.425
869 85.1309 46.4463 115.849
870 81.1449 47.9215 128.241
871 71.4057 67.7892 127.728
872 79.609 55.7683 127.585
873 93.2466 67.5328 109.678
874 73.7371 63.4761 119.094
875 87.9165 59.5712 127.43
876 89.3251 70.3381 7.95868
877 58.4884 72.3439 8.47609
878 86.3399 89.4773 8.09963
879 65.0119 80.8623 4.36735
880 63.9205 92.4717 -0.651745
881 60.5457 72.838 -0.345012
882 66.9194 71.1603 18.0251
883 63.6152 83.3552 5.28337
884 69.5438 63.5835 -0.64389
885 64.1024 86.8773 5.4713
886 33.4386 63.9571 81.2468
887 73.257 82.6515 9.65416
888 89.5759 77.3491 19.5765
889 46.2803 77.3352 25.7224
890 85.7904 80.7437 61.7992
891 58.4876 86.8351 14.0512
892 34.2763 54.239 27.9866
893 47.6195 44.3469 32.367
894 67.5374 94.2694 41.6226
895 55.5844 83.7326 44.9725
896 66.3566 78.5046 37.5002
897 46.1167 70.9324 53.2626
898 89.018 93.3113 28.3238
899 88.2895 80.8661 59.3854
900 93.5085 112.999 19.2425
901 89.1173 112.254 -0.995418
902 100.451 67.5072 80.1476
903 54.6448 109.628 85.6039
904 30.8515 108.832 56.6573
905 2.12937 54.5454 41.5074
906 88.4416 95.9742 63.5092
907 78.3899 83.6043 65.599
908 67.9604 58.5172 57.8377
909 73.0592 86.3864 59.2388
910 92.8893 77.8671 59.7016
911 61.2131 75.4799 73.7858
912 75.9683 47.3499 80.8483
913 47.619 77.1296 83.7461
914 110.72 46.598 86.3088
915 94.2168 84.9716 72.5655
916 98.8884 115.284 113.731
917 3.23026 105.95 67.9076
918 85.048 75.9199 106.304
919 58.4757 84.062 41.6369
920 81.8249 81.4038 106.526
921 65.3159 62.7661 57.8464
922 74.2139 68.9148 70.0597
923 56.4152 69.0106 114.254
924 29.211 73.576 85.7513
925 57.1664 109.522 77.0574
926 20.3528 59.8156 74.4612
927 108.226 112.283 74.3625
928 109.28 37.2122 52.7815
929 85.5984 84.8983 127.214
930 59.4672 84.8004 127.566
931 80.1254 70.8456 127.553
932 84.5677 86.0669 116.825
933 77.8915 84.8626 116.693
934 68.4646 70.6658 127.826
935 70.8133 78.9469 127.591
936 68.3672 70.6715 118.746
937 68.4454 90.8548 127.588
938 79.4458 99.2108 9.58628
939 58.314 108.186 9.64244
940 56.7629 93.7239 6.85498
941 69.3498 92.1461 -0.697542
942 60.339 108.507 44.7667
943 97.8774 83.5694 -1.05899
944 99.322 112.933 22.2381
945 112.303 94.2715 18.9188
946 56.9501 109.094 73.5832
947 46.7856 112.004 28.4754
948 79.0583 83.0327 30.0556
949 68.9207 111.797 34.6784
950 50.7802 101.47 26.7102
951 114.599 93.8649 9.00503
952 49.5507 66.2783 65.1738
953 -1.28143 63.2066 5.32906
954 20.8784 110.004 75.9705
955 66.3622 108.953 61.7812
956 78.9936 100.071 41.6238
957 90.8163 111.206 126.851
958 85.6525 79.2254 69.679
959 79.0894 90.088 106.61
960 108.138 59.9977 24.2446
961 0.714336 110.268 112.256
962 22.5613 115.108 102.49
963 1.70052 85.2595 24.4834
964 44.5104 72.3566 53.1427
965 78.2246 94.3043 59.2012
966 60.0127 108.433 42.2969
967 6.32948 108.985 62.9971
968 74.3277 86.109 58.0153
969 62.985 112.141 31.7865
970 82.6112 78.8945 69.8321
971 85.6659 108.777 64.9737
972 71.7725 85.8815 57.9543
973 88.9947 108.822 62.0476
974 81.7742 108.682 53.2836
975 87.1204 86.2861 68.4087
976 3.06228 95.0275 74.6475
977 34.1622 108.502 50.7214
978 94.1552 112.464 83.2476
979 25.8145 109.164 68.6232
980 71.7331 112.89 100.746
981 112.437 110.494 66.7458
982 44.9182 112.377 97.5715
983 91.4924 112.901 96.7519
984 70.3392 48.2101 56.8244
985 112.717 107.914 74.1884
986 14.3362 96.36 127.826
987 60.5926 109.488 73.5526
988 4.83635 52.5291 51.158
989 33.8183 101.747 127.512
990 2.8447 82.9817 97.4914
991 97.3095 108.893 62.7234
992 90.0566 83.8313 80.2144
993 100.297 113.153 100.104
994 40.7286 53.4278 94.31
995 50.7292 112.142 97.668
996 71.6781 94.5544 113.976
997 0.313761 93.0524 109.877
998 67.485 101.984 127.053
999 62.1552 115.27 122.273
1000 76.5007 107.675 126.944
1001 65.1388 94.2371 127.507
1002 90.818 90.8065 126.997
1003 57.9819 90.4272 123.75
1004 85.0936 115.11 116.391
1005 50.8314 115.236 119.519
1006 95.8259 104.917 117.839
1007 72.3612 105.935 122.41
1008 113.922 12.5575 0.886952
1009 105.645 19.852 4.18602
1010 87.8859 19.3003 7.16915
1011 106.641 -0.373911 10.2155
1012 89.1617 3.32026 -0.549942
1013 96.7306 17.2652 10.065
1014 93.7435 20.2682 9.99131
1015 111.284 14.2104 101.771
1016 113.285 11.3894 15.8617
1017 83.7765 114.923 10.6612
1018 92.0332 11.5275 10.3951
1019 100.622 20.7802 -0.500903
1020 69.2388 1.83823 24.6593
1021 71.1273 12.6742 20.9141
1022 68.879 55.9292 40.593
1023 60.7567 41.0477 -0.304657
1024 110.237 4.90088 34.8365
1025 79.3023 3.5679 19.5833
1026 67.3953 45.2716 42.3349
1027 103.67 4.21914 98.031
1028 76.3594 12.4506 31.3112
1029 82.1954 27.3319 21.6338
1030 109.045 29.5586 59.3318
1031 32.6689 -0.424323 16.266
1032 102.774 4.09051 60.7456
1033 62.2504 3.03592 97.3611
1034 112.186 68.7859 26.4803
1035 85.1158 0.491649 120.269
1036 111.001 61.7679 35.4257
1037 115.324 27.7382 111.725
1038 66.191 36.4293 37.9215
1039 102.61 36.9968 127.413
1040 111.679 30.1267 20.3964
1041 48.729 3.87179 37.6743
1042 113.772 0.558234 119.584
1043 57.9751 -0.607449 24.3201
1044 57.7275 1.79955 99.5692
1045 94.8651 50.8484 55.3708
1046 74.7215 4.40104 76.1453
1047 79.0377 57.5626 76.1547
1048 115.785 36.5484 110.151
1049 101.027 4.18202 92.8417
1050 115.498 70.2948 97.2575
1051 109.097 12.799 61.6075
1052 112.36 48.8697 25.4218
1053 115.252 52.6563 108.058
1054 46.5697 4.50933 76.7894
1055 109.084 4.31035 89.0215
1056 105.899 79.4229 126.796
1057 99.1543 0.483796 112.053
1058 110.923 13.9351 127.175
1059 70.5306 10.6263 109.698
1060 68.1848 2.9717 102.901
1061 106.081 2.96504 56.3032
1062 42.3662 41.806 81.201
1063 100.108 4.15016 101.562
1064 39.3825 0.434598 118.095
1065 64.408 2.77636 89.0877
1066 100.648 5.07559 116.355
1067 115.305 13.855 116.792
1068 113.706 5.23523 127.102
1069 100.179 16.2181 101.595
1070 91.9829 35.5382 -0.729972
1071 89.3228 43.2394 -0.694749
1072 92.3426 18.8005 2.76695
1073 99.6769 45.9405 15.5514
1074 100.75 42.6467 2.63026
1075 99.3826 44.4514 3.8003
1076 103.766 32.5734 11.1359
1077 86.5617 31.9927 11.4634
1078 102.846 38.4003 11.0062
1079 112.21 72.3807 34.5438
1080 90.455 43.9173 51.1718
1081 113.769 7.17939 -0.413615
1082 40.9728 33.5982 50.268
1083 105.492 3.3478 40.0412
1084 112.111 58.3803 90.5772
1085 110.811 102.364 59.8822
1086 67.9164 34.9774 36.5413
1087 109.057 46.4207 61.3891
1088 88.807 39.6187 49.6581
1089 79.0516 5.14534 53.4256
1090 109.505 26.3363 44.505
1091 97.4941 13.5599 35.3336
1092 61.0318 -0.547099 21.4203
1093 61.0609 27.1027 32.3398
1094 108.924 34.898 58.5243
1095 59.5189 62.7687 57.7775
1096 66.7907 57.0166 56.0507
1097 86.059 51.3386 64.2992
1098 57.0596 3.81478 35.8757
1099 16.4859 111.343 93.7196
1100 75.6679 48.2319 52.7633
1101 69.1984 60.1752 73.3774
1102 110.387 61.2682 83.1381
1103 110.901 10.4604 28.814
1104 73.7681 3.23671 97.1888
1105 93.2675 113.071 36.2477
1106 104.562 2.83832 59.1952
1107 91.8323 4.41305 90.2277
1108 94.3309 44.6658 127.725
1109 110.592 82.0292 74.1839
1110 111.048 41.2411 25.1741
1111 109.203 41.1654 58.9316
1112 114.266 44.1346 12.8993
1113 110.675 34.1855 77.776
1114 92.4687 73.9177 69.6699
1115 110.754 67.3913 38.645
1116 109.629 5.8322 105.905
1117 78.5033 25.4581 106.822
1118 100.027 113.274 103.17
1119 110.818 48.7588 83.2914
1120 57.9613 55.1218 106.056
1121 108.816 77.2584 52.3009
1122 66.8049 16.3768 103.403
1123 109.26 4.25621 98.2247
1124 77.1986 43.4333 111.559
1125 97.2069 4.1961 78.4738
1126 111.453 113.343 104.746
1127 91.96 31.8561 114.197
1128 110.634 37.0 77.6655
1129 102.39 44.6399 118.26
1130 111.222 25.0163 127.06
1131 113.853 39.4092 126.894
1132 107.918 46.2413 107.513
1133 115.272 42.519 116.87
1134 105.122 44.9908 127.267
1135 105.044 35.004 112.717
1136 84.9744 59.4003 127.532
1137 92.1754 55.1124 8.27657
1138 106.626 54.1016 12.5853
1139 91.9436 52.6339 -0.548536
1140 102.952 57.0445 15.3357
1141 107.464 112.784 27.6015
1142 87.8334 40.6625 33.4545
1143 69.186 -0.537066 16.2995
1144 90.2337 54.022 12.7108
1145 89.5535 52.7064 14.0966
1146 112.193 91.7844 44.8496
1147 66.1948 89.7879 -0.697114
1148 102.395 58.2459 8.33565
1149 113.522 50.0617 23.5821
1150 111.022 77.2323 78.1792
1151 97.9577 64.5589 22.5003
1152 112.122 43.9837 -0.614331
1153 101.055 66.3082 19.6762
1154 111.94 101.835 28.1601
1155 111.883 64.0806 31.4574
1156 110.673 27.2076 33.7226
1157 113.933 15.5757 15.277
1158 53.6911 76.2409 18.6265
1159 109.865 49.2479 50.873
1160 31.6763 1.32369 40.8405
1161 108.448 112.958 54.7013
1162 113.335 68.4352 18.3545
1163 91.5666 70.7273 84.6544
1164 110.108 37.4459 36.6297
1165 110.628 16.7453 45.9569
1166 110.663 72.8993 38.9207
1167 104.876 113.118 30.9887
1168 112.18 86.6892 40.297
1169 112.95 84.212 82.9279
1170 111.567 56.9596 84.7558
1171 108.962 40.7476 40.8965
1172 111.696 84.2683 76.1894
1173 90.3728 76.3129 71.5052
1174 109.274 54.7363 34.5899
1175 78.8629 35.4743 77.7905
1176 110.161 58.3833 34.6689
1177 115.11 75.5845 90.5945
1178 112.575 67.0165 86.9187
1179 63.6478 61.5019 56.3444
1180 84.8951 25.9958 18.7605
1181 111.855 108.321 39.5127
1182 91.8008 37.0331 94.3398
1183 44.8452 5.64715 71.6924
1184 61.1078 52.4233 56.7942
1185 50.1533 50.408 104.817
1186 110.119 71.9536 42.117
1187 108.831 4.30024 61.8735
1188 112.646 74.9563 84.5114
1189 103.084 3.37932 42.5269
1190 111.316 112.622 25.1736
1191 115.135 93.3698 110.696
1192 115.154 64.8802 96.5287
1193 108.991 58.6477 73.2885
1194 114.932 67.3767 94.0063
1195 112.54 109.98 68.6449
1196 99.7166 68.4671 127.182
1197 68.2791 77.5061 82.0317
1198 99.4319 63.2691 107.875
1199 71.0633 90.963 102.221
1200 99.2226 60.5068 109.786
1201 84.5135 56.4045 121.494
1202 87.5235 59.113 121.344
1203 108.073 56.6015 126.97
1204 98.3669 68.899 116.807
1205 93.7414 57.0136 127.343
1206 108.077 64.818 126.836
1207 81.3526 83.7434 -0.85866
1208 89.1913 80.5875 -0.878521
1209 100.878 90.0087 7.99445
1210 113.766 75.3944 3.50112
1211 86.7139 88.4192 25.4444
1212 106.564 82.4395 10.5747
1213 86.5063 80.4847 -0.974706
1214 78.0147 69.8165 19.8409
1215 86.3979 76.8434 10.567
1216 113.819 87.0232 0.651306
1217 109.081 29.7827 52.7787
1218 103.381 114.011 0.463471
1219 90.7565 76.9107 21.0519
1220 62.4091 59.1437 48.5552
1221 94.9699 114.196 6.19555
1222 77.9696 114.392 12.6485
1223 101.314 86.5921 -1.12724
1224 77.4941 86.7689 11.0835
1225 104.289 113.078 36.5437
1226 82.5802 31.0059 127.802
1227 83.0745 112.813 96.7573
1228 108.958 63.0013 61.364
1229 95.4647 72.4936 25.5316
1230 109.841 84.452 49.387
1231 63.9682 71.5978 30.3969
1232 114.551 37.5886 105.22
1233 76.8093 105.157 21.2026
1234 63.245 95.6382 40.4288
1235 101.519 110.0 55.8785
1236 42.6899 108.745 62.2338
1237 100.139 84.6249 61.0658
1238 110.371 112.722 22.4203
1239 97.4151 99.6941 65.3794
1240 72.5656 85.981 50.6962
1241 76.937 101.688 127.062
1242 95.785 73.8166 66.614
1243 110.624 73.9426 76.176
1244 108.883 26.8869 55.9919
1245 115.206 24.4624 122.623
1246 94.6815 72.2332 76.1975
1247 57.3776 47.6314 107.619
1248 91.6349 92.9901 52.1334
1249 101.513 71.0241 80.1425
1250 13.0975 26.8458 0.54855
1251 95.631 88.9742 71.1425
1252 90.0527 71.6773 68.2579
1253 113.939 55.8944 18.4488
1254 65.2881 57.3265 58.4075
1255 88.9071 57.0542 81.9654
1256 115.329 25.1517 116.7
1257 88.6976 68.3637 96.035
1258 114.94 78.6081 96.3027
1259 95.9834 113.142 33.176
1260 68.0422 13.1473 102.195
1261 22.6209 114.798 120.52
1262 77.4038 102.838 101.825
1263 86.4393 75.2776 114.066
1264 75.3519 64.9223 71.2523
1265 110.059 113.162 50.676
1266 107.819 76.3231 115.029
1267 88.1749 73.7293 127.086
1268 115.348 73.8378 113.658
1269 93.784 69.1477 127.881
1270 115.362 87.6816 116.342
1271 107.901 79.4294 115.002
1272 96.3568 85.1182 120.819
1273 93.3213 85.1855 120.924
1274 109.277 81.6318 122.248
1275 93.5493 60.6118 113.953
1276 115.34 82.2 119.415
1277 96.5248 88.0095 127.041
1278 82.4046 80.565 118.95
1279 105.27 90.5075 117.769
1280 105.132 76.2324 123.717
1281 110.848 92.3557 6.47818
1282 95.0865 114.164 12.2103
1283 112.088 114.151 6.30783
1284 113.966 97.6246 14.7856
1285 99.3837 109.576 12.9807
1286 112.284 99.5598 30.799
1287 113.134 108.498 91.3968
1288 77.9941 67.2058 31.5349
1289 74.8607 111.405 39.3432
1290 95.1273 87.1347 -0.928424
1291 113.712 55.4223 24.0729
1292 33.0842 111.253 33.2005
1293 111.198 38.4571 23.8334
1294 109.119 61.1756 58.4912
1295 112.083 86.0873 37.8107
1296 113.239 109.971 76.8185
1297 75.7535 97.1435 55.974
1298 111.099 101.552 48.7636
1299 115.172 81.6097 101.119
1300 84.042 77.476 68.2304
1301 90.1616 79.5064 60.5492
1302 67.9036 68.7888 36.1543
1303 112.968 108.29 82.5394
1304 0.345387 81.9208 114.525
1305 112.186 80.8536 79.6134
1306 111.858 110.727 72.5801
1307 108.931 63.4829 51.852
1308 52.2225 97.8663 -0.616647
1309 108.248 3.56871 40.3541
1310 71.1258 68.8678 79.8914
1311 87.5049 79.0564 68.7448
1312 43.1736 42.1989 128.121
1313 112.049 105.422 19.4921
1314 88.6893 108.679 65.6828
1315 60.2701 109.597 66.5644
1316 69.2366 78.7256 37.5443
1317 112.256 96.8769 23.2156
1318 65.2427 113.494 126.782
1319 78.7695 88.7814 62.4116
1320 64.8813 104.054 103.287
1321 92.1252 110.959 50.3262
1322 110.546 22.7008 71.9376
1323 52.7914 115.05 111.256
1324 47.4099 110.445 127.479
1325 89.9347 80.4414 91.914
1326 110.577 40.1342 83.6316
1327 17.0642 108.668 57.051
1328 113.523 87.741 126.389
1329 109.793 40.9325 53.9798
1330 93.6742 0.344386 123.27
1331 50.594 93.0542 92.3208
1332 114.805 2.3756 111.704
1333 96.3041 110.306 114.751
1334 103.564 96.2159 117.623
1335 87.7022 106.964 114.941
1336 114.306 104.71 126.379
1337 115.223 101.46 121.65
1338 115.15 101.783 118.61
1339 105.473 110.286 126.781
1340 115.047 109.946 107.188
1341 85.2207 94.6701 108.23
