0 8.37696 21.8232 -0.162493
1 11.4591 1.92011 -0.183162
2 17.2025 18.3562 11.9632
3 28.7102 -1.53053 3.3018
4 27.0803 2.7694 -0.181139
5 9.44331 2.57004 3.83093
6 -0.280733 9.66873 1.5397
7 11.5837 6.79518 11.7578
8 21.4596 10.9145 -0.203135
9 -0.455042 13.8505 1.49336
10 1.85404 36.8964 59.7446
11 25.9938 13.6307 21.6551
12 1.30318 14.6292 31.5799
13 1.32969 -1.21557 4.47401
14 22.9688 -1.21363 15.0579
15 15.1294 13.0798 26.961
16 -0.720038 34.0411 4.36283
17 26.234 -0.713167 27.3
18 1.10421 7.74773 29.0418
19 16.6142 25.2417 40.1346
20 18.7891 -0.594901 40.7447
21 3.11477 -0.527564 30.2898
22 13.0512 19.5274 46.8672
23 28.5761 3.51853 42.5303
24 1.73809 16.1394 54.4161
25 17.1199 -0.603839 44.4347
26 4.97565 -0.694574 49.8107
27 25.8779 25.5884 55.5667
28 42.2897 -0.300533 56.3188
29 13.5252 -0.137706 51.2561
30 13.4085 31.3825 69.2384
31 18.6418 15.8375 53.5864
32 1.75036 12.3414 45.7501
33 29.6895 11.5877 58.0504
34 1.47661 27.1715 92.716
35 42.0035 -0.542351 62.2086
36 25.5742 -0.596236 56.2592
37 2.03789 26.7822 65.3345
38 14.9969 -0.441952 78.589
39 14.7058 -0.514135 61.9665
40 13.5431 -0.32931 67.3325
41 17.435 -0.244308 71.0133
42 43.9728 9.59806 86.6215
43 24.1199 -0.235347 93.9409
44 35.0752 21.4278 84.6683
45 12.858 -0.226894 90.7602
46 1.96323 2.84235 88.1123
47 7.74677 -0.500512 85.3641
48 13.2737 23.6192 95.4813
49 28.0282 15.5875 117.322
50 19.1952 3.77941 123.185
51 37.6096 13.6857 100.215
52 13.5216 27.8441 104.61
53 17.6504 -0.603055 119.919
54 32.4052 -0.354533 98.2549
55 15.1586 -0.500502 107.008
56 30.7466 17.5137 93.5854
57 19.0881 25.136 110.681
58 10.7179 31.2811 97.8415
59 1.4787 14.3421 96.8878
60 9.62412 5.40763 117.378
61 8.0155 -0.588897 118.925
62 29.0266 15.0903 123.154
63 20.6445 10.7504 123.139
64 0.432372 0.451863 119.996
65 0.948718 -0.741766 115.396
66 18.1314 43.2514 11.637
67 22.7303 38.61 9.08477
68 10.6768 24.7359 7.53873
69 4.15964 41.9271 10.7584
70 27.564 20.809 19.7308
71 4.11439 39.9337 8.67087
72 28.2662 38.631 -0.645403
73 22.9938 29.3176 -0.600058
74 34.8342 15.292 24.5306
75 -1.02835 49.718 4.37324
76 0.629004 21.6724 21.8786
77 0.418868 38.8205 16.0529
78 1.82268 2.55776 48.2829
79 1.67269 42.7815 48.6183
80 11.5207 33.782 49.0633
81 1.92838 38.8036 61.7257
82 22.723 43.2425 26.5421
83 25.3337 53.4356 50.7341
84 43.0782 37.6726 41.9456
85 1.0966 40.5629 32.4073
86 49.0312 53.2182 45.9651
87 1.26397 27.5365 27.6142
88 30.8504 43.2568 50.9762
89 2.05702 35.4608 49.3026
90 25.4529 41.4854 48.7655
91 25.4085 57.397 50.9659
92 1.57665 58.1497 48.7226
93 1.99266 4.79967 50.8889
94 10.9538 51.6309 57.726
95 24.2338 15.6711 58.1836
96 11.5213 57.0248 53.1622
97 19.0656 49.1987 37.8172
98 23.9087 39.672 68.9191
99 12.9915 15.424 57.9293
100 1.17359 29.6401 88.5403
101 9.98977 37.275 59.9967
102 2.04048 12.5943 81.7358
103 25.6164 33.6349 73.4904
104 37.6847 37.9552 48.3932
105 1.7579 34.7287 65.1722
106 26.872 39.1044 70.9255
107 18.0334 37.7557 93.4088
108 9.88994 19.3687 97.7272
109 2.03319 29.1343 72.7891
110 16.0777 47.4733 86.8501
111 1.20465 49.1188 98.9271
112 33.8268 37.8211 86.6939
113 2.09338 25.9096 88.4744
114 23.0993 35.3187 104.672
115 20.909 42.0141 91.3569
116 8.80204 33.9526 84.4992
117 10.6901 42.0215 88.7915
118 26.6808 31.4312 102.156
119 18.8273 54.9477 115.93
120 18.1893 39.9144 98.1321
121 1.27445 56.7803 98.9638
122 12.0178 43.9748 102.32
123 15.8145 29.3517 89.3444
124 11.3172 28.009 100.073
125 30.1125 25.4624 108.995
126 21.6033 56.1775 122.792
127 21.7802 46.2284 115.545
128 14.933 22.2223 123.216
129 18.8091 45.8605 115.005
130 6.08574 34.3524 122.903
131 7.51668 37.2393 122.86
132 27.463 28.9584 101.427
133 23.3235 27.9273 115.596
134 16.8816 67.9497 14.876
135 3.95713 60.9997 -0.350306
136 22.6323 66.9368 -0.929746
137 21.1235 60.961 12.8485
138 9.88268 57.7503 18.1157
139 -0.528258 68.0728 10.893
140 -1.01891 47.1293 13.8584
141 24.4229 59.7716 21.468
142 1.17053 44.4099 36.6566
143 0.968301 61.4032 24.893
144 37.5848 41.3083 30.9467
145 0.99644 71.8107 45.054
146 20.3229 65.3111 15.4742
147 28.9716 65.4586 34.946
148 23.0854 59.4579 41.8572
149 33.7654 63.4675 36.9736
150 33.424 49.3607 46.5583
151 14.5746 59.3993 44.2503
152 34.749 63.312 34.9056
153 23.9156 55.6248 41.8565
154 19.5343 63.2431 44.6092
155 29.2509 61.1887 41.8299
156 21.1787 47.4451 37.3488
157 1.46673 44.569 41.4831
158 24.838 46.9123 35.5353
159 1.11505 30.5033 34.829
160 22.4741 65.1119 41.963
161 25.263 69.7879 55.1557
162 22.4675 67.3816 39.8642
163 29.7873 41.568 50.9428
164 51.7472 61.8314 61.7039
165 27.1882 47.9005 64.0273
166 19.9481 65.2448 48.5199
167 1.87002 18.2318 69.7158
168 1.20554 55.5406 82.2907
169 26.9051 67.8142 66.5943
170 11.6786 77.2256 70.2964
171 40.5801 61.7493 73.2461
172 12.8895 59.5439 77.6443
173 35.1636 74.1851 93.0344
174 46.2023 54.1551 91.2332
175 0.841668 85.5504 102.029
176 25.2116 55.9308 82.3708
177 27.0276 57.652 80.0056
178 35.261 47.8663 79.9593
179 22.7317 45.8849 75.572
180 2.15837 47.5436 62.1264
181 20.872 66.0227 88.7255
182 19.4026 60.385 95.6482
183 22.8036 51.9595 93.3552
184 16.7239 58.0163 97.83
185 36.305 51.7037 108.676
186 0.0171563 61.2302 103.619
187 3.13986 68.5443 112.399
188 0.976916 74.4604 104.349
189 23.1746 51.8075 106.871
190 4.99222 47.7962 112.951
191 -0.172436 66.8567 121.267
192 11.4777 63.5393 114.042
193 18.7852 68.5859 122.664
194 0.104676 50.947 114.139
195 8.92893 59.5989 122.716
196 17.7174 53.753 116.662
197 20.4648 51.7126 118.769
198 28.7585 62.399 122.785
199 8.29088 64.6319 10.4921
200 9.12697 91.6325 11.3815
201 16.6736 80.4458 6.21954
202 13.0541 73.5689 17.5724
203 28.3841 77.8198 8.81578
204 10.3376 75.3502 11.4892
205 7.75937 85.8245 -0.588188
206 14.1845 73.4729 15.2685
207 9.8576 74.5089 18.8187
208 18.4189 71.3882 11.2837
209 27.1213 83.4619 41.748
210 18.7719 85.6126 21.9646
211 21.9094 85.4563 21.7787
212 21.0809 71.3625 30.8059
213 16.8943 73.6273 15.8226
214 20.874 83.6234 15.3784
215 1.08509 82.7306 35.2868
216 11.4025 82.144 17.3589
217 23.0681 75.4289 26.3998
218 22.0179 93.6115 26.2198
219 21.7862 74.0524 22.452
220 0.789079 66.7419 30.1315
221 -0.0663771 86.3841 17.2767
222 0.976337 82.6971 30.0035
223 8.61793 73.2363 15.3095
224 23.3143 73.579 39.6763
225 27.7029 79.5165 37.4983
226 51.4212 59.4689 41.6402
227 30.4165 99.5854 43.8878
228 1.05635 68.7976 37.2675
229 1.53028 82.1972 64.6593
230 25.4355 93.5896 73.0713
231 18.3698 67.5927 53.1801
232 1.30592 76.8507 41.1674
233 1.14739 73.9344 66.1138
234 33.7228 63.6427 46.362
235 16.9315 63.7436 60.0921
236 21.2069 62.8822 57.3126
237 1.65582 74.8512 52.61
238 1.95448 87.747 55.075
239 1.79776 73.8445 73.3609
240 11.7342 67.194 44.6681
241 11.4742 73.9033 79.9074
242 19.1747 69.456 53.1339
243 20.1539 95.8763 68.5465
244 28.7249 89.7685 77.3674
245 1.40316 77.1502 89.7403
246 36.2993 93.4739 55.2485
247 21.5132 73.6419 59.8922
248 35.1573 93.3309 63.9615
249 1.54647 79.0458 74.0822
250 39.4976 71.5615 77.2564
251 1.34012 89.0047 93.2239
252 19.4602 59.7721 99.8724
253 22.8147 102.133 58.9469
254 19.7264 65.8479 91.0827
255 33.0557 78.3147 102.284
256 39.7214 92.1763 86.3288
257 13.366 88.0254 97.3281
258 26.4849 80.0921 93.1449
259 1.85996 82.7907 83.0491
260 1.55248 92.2425 67.7288
261 1.28152 87.4938 96.394
262 1.34188 91.1179 90.9735
263 30.4997 65.805 93.2835
264 0.12352 67.231 108.967
265 0.0830192 65.2728 115.388
266 19.7957 74.1383 99.7411
267 1.2816 75.8319 75.3894
268 25.4133 84.1054 86.5163
269 26.4046 83.7443 95.5768
270 30.0459 88.0592 97.3883
271 14.4958 87.7103 122.528
272 21.7993 68.6943 122.804
273 10.0899 77.0082 122.771
274 9.06698 83.9104 122.56
275 25.8651 72.0221 106.522
276 30.1685 76.4484 102.254
277 41.5806 80.7329 122.57
278 25.0496 110.243 -1.19404
279 26.8597 95.4836 9.2417
280 12.3072 89.2017 -0.556095
281 6.58019 113.771 7.71138
282 16.6424 113.611 10.521
283 0.505001 97.305 -0.439918
284 39.0208 95.8462 17.2333
285 0.213283 96.1747 19.7442
286 14.5243 113.563 22.394
287 16.3657 99.6943 26.0806
288 9.53275 113.351 31.3333
289 -0.386065 108.299 15.1238
290 -0.351605 92.906 14.3015
291 14.0575 113.494 19.0336
292 1.04421 96.0402 32.8478
293 15.644 93.6813 37.6105
294 10.175 95.5224 19.5576
295 2.39863 113.529 15.1431
296 29.453 113.772 7.76333
297 26.2182 93.6881 28.4208
298 17.954 113.439 32.1531
299 20.2264 75.9356 22.1776
300 28.0345 95.6809 52.929
301 8.35573 113.438 37.8731
302 1.15952 112.781 32.9112
303 8.63721 113.74 50.9937
304 1.89605 112.379 53.9502
305 29.8941 83.696 19.5818
306 9.89575 113.749 39.9714
307 28.3563 113.497 14.5942
308 21.9531 113.616 33.0782
309 18.817 93.3517 26.1318
310 13.9762 89.6751 44.1315
311 10.4196 93.5378 46.4113
312 33.732 113.722 65.8196
313 17.6334 113.494 35.3647
314 1.60211 90.5602 64.7653
315 1.7278 103.059 73.7366
316 18.3963 109.589 71.171
317 1.71854 97.2541 81.1848
318 1.49851 100.917 85.2421
319 25.3621 101.749 66.1567
320 24.0529 89.322 63.8087
321 8.61545 114.723 119.939
322 19.785 113.929 79.0719
323 32.0587 113.702 75.4164
324 14.3595 113.775 74.5997
325 28.2858 93.5974 77.5136
326 4.66438 113.857 88.1825
327 0.446542 88.9777 106.23
328 21.7601 106.548 99.4051
329 36.0159 109.886 121.942
330 39.4075 84.0513 88.5649
331 0.257288 107.667 104.296
332 16.4018 93.964 106.141
333 8.93484 114.632 114.879
334 0.725834 109.506 101.686
335 15.2312 113.628 88.801
336 21.2546 114.04 79.9123
337 26.5649 104.028 86.3276
338 28.7724 114.416 115.987
339 25.9764 107.236 122.401
340 -0.0563528 99.4642 109.986
341 17.4662 104.176 108.825
342 14.5592 106.791 116.84
343 31.2922 12.6962 -0.456526
344 30.628 8.55173 9.59695
345 55.8136 18.9779 3.45948
346 45.6553 13.0045 -0.382517
347 53.1043 -1.22744 21.259
348 42.7836 7.62825 22.5079
349 34.5488 14.1327 -0.299399
350 40.2171 19.1468 10.8876
351 45.2913 24.7268 7.1717
352 39.0511 20.9973 24.4542
353 44.4752 3.31625 28.906
354 42.5306 13.1176 26.8583
355 47.1 -1.11905 20.7221
356 55.6061 -0.694393 29.3337
357 36.2492 21.414 40.0883
358 22.7599 9.25603 4.63408
359 59.0365 25.5268 32.87
360 42.9739 29.5475 26.2605
361 51.9637 -0.402324 41.8848
362 32.8034 29.3902 48.8737
363 51.7447 25.1617 35.3962
364 51.2223 23.6093 37.4538
365 47.6753 -0.367347 66.6591
366 29.882 9.43991 66.8909
367 23.0902 -0.479972 48.928
368 40.8981 16.0334 53.6852
369 46.2828 28.1621 58.4075
370 47.9513 15.5798 51.2144
371 38.1613 29.8254 42.199
372 29.9204 25.0802 59.8576
373 42.4181 23.3444 48.8437
374 42.2516 11.2421 55.3954
375 64.9687 11.8781 75.4197
376 35.4455 19.8922 67.0495
377 41.2172 -0.288486 71.8915
378 49.4414 -0.0763978 86.5519
379 47.9886 19.7953 93.5855
380 18.8669 -0.287838 82.0753
381 42.2034 22.0258 82.4992
382 37.2743 39.8838 88.8827
383 61.901 -0.273004 97.2875
384 56.1959 13.4871 102.266
385 25.7466 -0.395694 79.2119
386 35.2511 -0.33287 71.6624
387 50.4416 -0.712788 114.694
388 32.6005 -0.46343 102.895
389 49.2457 23.5848 102.255
390 50.5656 17.1278 109.466
391 53.2326 31.7356 106.758
392 35.1782 20.9737 93.82
393 50.5412 11.8821 123.096
394 40.6102 5.95058 122.955
395 46.1025 24.1101 119.633
396 36.2564 21.126 123.083
397 36.2006 0.866604 123.055
398 44.544 -0.573908 117.46
399 50.5141 12.8371 114.594
400 63.898 -0.600687 115.524
401 53.1843 5.04368 123.34
402 28.4952 30.682 -0.608577
403 21.3462 36.8555 9.57226
404 31.3852 38.7833 5.07953
405 54.2649 37.4078 -0.924742
406 55.531 40.6155 -0.983902
407 51.3577 32.8688 17.5389
408 25.0388 34.8155 5.44922
409 45.7172 36.856 15.0052
410 31.4332 29.5411 -0.337693
411 46.8699 36.4906 -0.718208
412 31.3397 43.7342 9.97248
413 26.2055 43.1702 13.4406
414 48.8984 29.257 28.7797
415 30.7837 49.0458 35.0047
416 48.8306 35.6495 23.8991
417 34.1259 39.1075 13.4687
418 35.413 37.0527 13.3974
419 51.0419 29.3692 24.2206
420 36.3499 37.0427 11.4577
421 64.6684 39.3732 37.402
422 21.0898 33.4219 38.123
423 52.1705 9.42294 44.3287
424 34.7615 29.3942 30.9045
425 22.6244 29.1465 33.438
426 50.408 12.7796 42.6793
427 62.5865 15.2361 35.195
428 36.031 41.2119 21.957
429 51.847 35.5 37.6653
430 40.8471 43.5569 39.6955
431 42.1627 24.9617 44.0112
432 17.0272 47.521 35.5364
433 36.9941 29.4469 60.0858
434 55.8118 29.6953 53.036
435 29.5846 25.3721 53.5768
436 36.7253 31.6227 55.8303
437 35.1659 23.3392 44.5327
438 66.7359 43.8164 61.9159
439 52.0087 35.6014 55.1281
440 56.0874 33.9104 80.064
441 29.3712 33.6081 64.5516
442 62.457 33.9294 68.7745
443 25.7037 43.5118 53.2856
444 35.651 38.1278 75.4485
445 38.4966 23.7402 75.866
446 20.6766 25.2916 46.647
447 47.0391 23.5251 44.2053
448 43.7656 13.5907 91.2401
449 40.9962 31.5533 79.8637
450 41.6413 37.0476 39.532
451 35.8688 41.6181 66.8429
452 14.4359 40.0957 82.593
453 48.8829 49.6441 80.0627
454 37.2377 33.5545 55.6491
455 62.7447 32.0376 66.6928
456 43.4658 29.8545 82.4956
457 36.6181 21.3233 75.4679
458 43.5758 27.7784 80.1691
459 35.182 50.2287 88.6962
460 69.7188 51.8108 84.1814
461 42.8791 47.7292 79.9639
462 42.1909 19.548 84.6995
463 54.7997 48.2316 90.6409
464 53.427 33.8279 75.5168
465 20.8211 39.9017 91.1567
466 68.8232 32.0462 90.9147
467 49.9988 11.4597 104.647
468 58.4252 43.8541 104.415
469 38.2157 3.68136 95.6613
470 30.3604 50.3991 112.558
471 49.0756 37.6184 116.674
472 54.1616 33.6994 115.016
473 49.7707 33.8003 114.824
474 14.6328 17.8665 123.347
475 47.4876 29.3394 122.981
476 47.8079 37.909 112.938
477 43.1196 55.6682 114.232
478 60.6054 18.0465 123.115
479 39.0392 54.76 104.368
480 36.8676 62.8995 -0.807548
481 45.4641 56.213 13.6525
482 39.9841 37.9274 -0.580333
483 42.4896 53.4482 -0.969337
484 17.9062 60.727 31.2068
485 30.3374 41.0498 30.5862
486 44.7137 71.6212 28.6156
487 51.3942 69.789 19.6217
488 46.8105 67.4937 37.4586
489 39.6437 55.5984 28.4168
490 42.0379 59.7069 34.8158
491 42.9883 67.5466 24.3162
492 40.2151 48.6185 27.6088
493 49.9046 41.4741 48.4584
494 34.0161 33.2522 51.0914
495 41.1483 57.6039 41.7334
496 32.3311 51.3979 44.0874
497 36.4538 65.237 37.3971
498 41.976 71.1436 46.0308
499 42.0134 54.8146 45.864
500 39.3224 65.5394 50.6899
501 44.333 69.3852 43.9014
502 53.3176 53.669 44.2131
503 44.9868 37.9755 71.2049
504 43.904 51.6453 61.9437
505 42.3386 65.4756 50.8716
506 53.4463 59.7351 64.1739
507 69.0138 64.0192 95.3336
508 40.5682 59.9028 71.3138
509 32.7901 59.7182 63.9339
510 45.1501 43.9935 77.8404
511 43.7744 54.0012 57.2616
512 40.8333 57.9749 70.9286
513 21.445 65.3234 57.6469
514 51.7669 63.8111 86.7301
515 32.9646 58.0305 93.4177
516 43.6584 74.1356 79.5202
517 54.6384 83.9739 83.9219
518 32.3426 45.8423 70.9197
519 44.5943 49.9401 102.375
520 34.0333 43.5867 64.3583
521 23.9812 51.6192 86.815
522 64.5359 59.9826 84.1397
523 43.9347 65.7271 84.4438
524 41.9267 61.8365 100.114
525 42.178 46.4691 93.6783
526 25.2323 66.0638 108.669
527 37.526 55.8396 106.708
528 32.2156 45.9481 86.9704
529 46.0316 53.8852 100.109
530 28.9638 67.6117 104.607
531 31.9025 62.4764 122.937
532 34.6294 63.6121 110.312
533 54.8452 50.5709 122.857
534 40.0082 56.1901 108.712
535 40.3592 69.4172 115.46
536 54.748 58.979 110.085
537 38.2313 80.8836 -0.849559
538 44.028 85.1396 -0.97644
539 33.8664 86.8286 -1.08619
540 52.4665 73.6054 8.89487
541 48.5392 105.768 18.5865
542 32.7012 68.637 -0.802157
543 26.8358 76.9112 -0.900282
544 62.5386 69.8051 30.2668
545 55.618 85.9182 26.0724
546 49.7845 69.529 21.6521
547 42.6725 92.419 14.752
548 40.2585 59.8408 23.7992
549 61.7073 79.5937 19.3587
550 57.8946 79.5129 17.3909
551 68.2734 86.3486 33.1488
552 43.454 85.5258 19.4696
553 50.7488 85.8813 48.3093
554 72.3661 87.5696 32.5642
555 54.4979 69.915 46.4561
556 39.1819 61.4491 32.7941
557 27.9602 81.6454 32.8387
558 35.956 73.9032 23.8145
559 66.8699 67.4742 30.6775
560 43.0172 69.3534 41.7099
561 38.8277 89.5721 39.3291
562 52.8962 59.1501 30.8516
563 65.4553 81.9648 37.1823
564 53.2586 79.7335 43.7554
565 34.2974 63.2784 21.5048
566 26.628 77.1197 39.9101
567 48.929 106.026 55.1691
568 53.1475 97.9115 68.3723
569 60.239 67.701 68.6694
570 52.046 78.0728 64.2064
571 42.7458 79.7584 55.1548
572 54.6543 87.8285 43.8204
573 60.0783 79.5872 65.9533
574 67.1833 61.4664 64.2753
575 22.7043 61.5865 59.9408
576 29.5364 75.4928 46.5075
577 25.368 77.4163 50.7938
578 27.1618 78.1078 57.2532
579 53.3348 71.7399 68.5125
580 50.5444 75.7892 73.0916
581 39.0804 83.7642 79.6617
582 44.9261 107.992 79.5591
583 44.4074 71.8118 59.5991
584 56.0301 93.985 72.7245
585 45.2049 77.9138 75.2181
586 45.0503 71.8534 81.906
587 61.1139 81.4308 68.5171
588 36.9586 95.785 86.1128
589 23.3079 92.2738 97.7407
590 54.6478 70.4081 100.04
591 60.5413 70.0556 95.4364
592 58.8353 82.4667 88.7369
593 48.9422 73.9264 90.9376
594 32.4911 92.0105 84.287
595 40.6631 64.3946 99.7372
596 58.9049 83.2764 111.04
597 50.7587 72.1507 112.728
598 37.8564 62.5159 95.9846
599 57.302 89.8154 115.047
600 33.0191 77.9451 114.312
601 51.7827 75.7179 113.301
602 63.3911 87.9274 95.4004
603 60.1601 81.5683 93.3371
604 63.2669 74.1039 93.0175
605 38.9847 86.2763 97.4142
606 46.1256 72.5869 98.0018
607 36.4463 75.5213 95.0581
608 45.0592 74.1373 106.572
609 31.614 74.8695 105.945
610 43.0626 85.7368 115.567
611 48.9977 67.7416 118.413
612 39.2381 84.5437 114.568
613 33.0828 72.9357 110.266
614 46.1209 79.0025 113.501
615 43.1933 78.9839 122.514
616 25.5027 90.0252 -0.761444
617 43.8905 112.521 -1.11586
618 55.3406 113.825 0.0216546
619 35.3608 91.7108 9.01881
620 51.0273 113.808 2.06289
621 40.7555 100.158 8.65455
622 56.7915 103.028 -1.37482
623 41.2169 114.083 19.3537
624 29.7165 100.198 8.39177
625 33.7153 113.867 6.29011
626 43.7614 92.0504 8.7591
627 23.7536 113.722 3.43348
628 40.4826 103.314 37.47
629 28.3318 113.486 18.9112
630 42.7619 103.863 23.6132
631 34.0574 89.9982 11.1564
632 16.0412 93.4569 26.1985
633 40.0717 113.44 26.4613
634 43.667 107.884 17.162
635 66.8656 95.4682 41.1925
636 55.8331 113.576 41.8908
637 36.1466 95.5829 46.1624
638 69.4377 113.907 55.1994
639 30.6581 80.1027 37.6402
640 58.7249 109.815 70.2615
641 43.3225 105.672 50.4319
642 72.3272 113.728 47.332
643 38.9154 113.607 52.3504
644 44.343 97.7843 36.8102
645 47.0154 113.657 33.1818
646 50.0776 105.91 59.4319
647 29.3824 82.0838 46.534
648 31.4693 113.522 22.4321
649 36.3634 113.834 83.4819
650 29.6321 113.652 68.0739
651 31.0809 113.687 61.1422
652 57.1806 91.5038 74.4771
653 57.2389 113.907 72.1944
654 20.0572 95.7516 50.7606
655 48.5715 113.962 67.6117
656 50.4484 92.2508 83.74
657 22.5051 79.6576 73.0217
658 47.6697 102.084 83.9899
659 28.4159 98.3022 71.2204
660 32.1061 94.3937 101.855
661 31.2345 83.8227 82.0021
662 34.8083 113.644 81.118
663 40.5884 113.803 76.6478
664 40.6319 114.219 98.9704
665 40.3358 114.483 107.892
666 47.468 113.958 83.35
667 35.5231 109.735 77.1303
668 35.9711 100.129 97.4942
669 44.6058 113.932 92.3215
670 48.8642 85.6062 79.9089
671 16.9009 96.303 90.7886
672 33.2589 113.767 96.7683
673 41.7219 105.569 86.3384
674 24.6793 106.203 103.875
675 45.8055 114.357 106.565
676 57.3369 90.1244 101.962
677 33.6645 113.979 92.3845
678 29.2849 113.817 94.2577
679 28.756 114.603 111.983
680 28.8845 103.248 122.595
681 47.4703 101.211 122.452
682 52.8865 109.393 122.412
683 38.8025 83.7813 111.157
684 56.0461 114.652 112.703
685 26.9881 114.846 98.229
686 33.013 114.527 117.112
687 41.7262 110.342 122.369
688 63.1558 114.756 116.008
689 54.5404 100.223 122.267
690 59.8884 114.988 110.606
691 75.7233 11.21 -0.626043
692 61.5735 15.0874 -0.399115
693 81.2873 11.2454 -0.61927
694 78.5228 15.3046 -0.658065
695 70.075 11.4308 -0.603235
696 58.3986 23.1813 19.672
697 78.6317 7.17052 11.7585
698 71.1717 31.2275 19.9893
699 59.3756 23.0542 9.34854
700 72.7577 -0.516388 25.1518
701 91.0531 -0.723797 24.006
702 86.0031 -1.02198 9.84137
703 59.8122 7.24466 29.0731
704 67.2035 -0.960606 16.5254
705 49.0513 -0.695372 24.4395
706 67.0117 -0.416446 48.4257
707 60.27 21.5415 30.7975
708 71.415 -0.331651 58.2844
709 75.0532 21.8526 53.3856
710 69.9958 21.1553 29.0016
711 62.913 -0.322045 36.1957
712 63.2416 29.6132 50.8515
713 68.5413 17.1274 26.6667
714 68.4535 25.3576 37.1822
715 52.0295 15.5733 48.917
716 54.8351 21.3514 41.9116
717 64.585 -0.554208 57.3979
718 92.6245 27.6541 59.5727
719 46.4568 -0.27347 71.7441
720 82.8541 5.50537 82.1429
721 75.5527 0.105021 91.4778
722 67.8562 11.7581 82.328
723 75.4405 31.7098 64.149
724 67.4865 11.4449 75.7038
725 60.4084 -0.570211 53.7814
726 72.7103 17.7072 68.7857
727 74.6753 19.7662 68.9353
728 54.6607 21.89 75.4024
729 60.1427 21.8532 62.129
730 72.6107 33.7498 66.2549
731 51.9862 14.2608 91.7888
732 85.3792 -0.267951 89.3069
733 86.4923 -0.476347 103.65
734 89.1071 5.77442 110.649
735 75.0818 9.04089 116.555
736 82.2739 20.4377 122.699
737 59.2342 21.0361 122.796
738 77.7319 15.0591 109.549
739 83.9718 23.671 108.627
740 82.0609 12.1221 114.436
741 63.4224 19.3008 121.705
742 64.7866 16.271 123.161
743 92.2602 19.6356 100.43
744 56.6686 7.23412 108.919
745 66.3895 5.92062 122.973
746 59.2942 -0.444872 110.556
747 74.8634 30.8333 122.762
748 69.9186 30.4531 13.7136
749 72.7665 43.5399 -0.949288
750 84.3439 41.4452 11.0282
751 75.6588 39.1974 9.04017
752 75.6375 27.4829 -0.630055
753 61.149 24.2449 -0.569134
754 68.6317 45.5064 17.2282
755 74.2154 49.5811 21.6733
756 75.975 37.3243 30.7665
757 57.0582 33.8473 17.0629
758 67.271 19.1928 17.5149
759 79.1131 25.7528 44.0411
760 65.8247 49.9387 50.7243
761 74.315 23.4015 28.4104
762 50.6086 31.158 31.1033
763 83.6054 20.0833 57.3494
764 70.8273 45.7616 50.874
765 65.263 33.7065 48.3998
766 69.8728 27.7361 41.9852
767 77.9709 43.5936 46.1261
768 76.9433 35.7621 66.3558
769 79.3531 33.4024 52.9229
770 94.5654 29.6386 35.28
771 77.9921 29.472 70.798
772 75.5028 31.6628 57.5848
773 88.6579 35.9967 84.0146
774 62.5668 35.937 75.6111
775 64.4535 31.0207 63.8631
776 54.4689 23.6393 69.0233
777 92.2879 29.2648 81.9913
778 80.8852 35.8847 64.1409
779 97.2688 27.4004 61.9322
780 57.0294 33.8405 77.5929
781 60.324 29.5939 77.7984
782 53.2415 49.4806 73.453
783 45.3881 25.7944 78.0119
784 69.6435 13.6366 80.0073
785 75.9897 35.6604 86.7026
786 89.7065 39.8803 86.3587
787 57.5334 37.7103 82.2325
788 85.6171 47.5815 77.6422
789 67.7347 42.3318 104.002
790 71.4776 26.0789 82.3986
791 78.3613 42.1012 86.3945
792 37.8858 37.5334 86.5812
793 80.8332 25.8595 79.8941
794 85.8815 72.1111 122.543
795 62.7394 31.8747 100.033
796 57.5907 36.0862 112.797
797 69.4775 7.60392 100.063
798 79.8757 33.5422 108.505
799 66.6027 19.5332 100.042
800 80.4304 43.3314 104.967
801 79.1258 37.8283 106.485
802 77.9933 29.6969 84.375
803 72.8848 37.4953 92.94
804 54.6292 47.4998 122.991
805 64.9246 33.5419 122.78
806 67.1237 29.7453 106.908
807 73.6248 21.1783 122.913
808 64.5841 46.3659 104.123
809 85.009 41.8001 108.782
810 85.4835 41.5306 -1.00939
811 77.2553 59.1324 -1.23163
812 55.4946 55.7644 -0.907198
813 57.1101 57.7163 4.42427
814 56.9933 61.6849 16.6057
815 65.7492 44.8617 14.7282
816 48.8184 61.2803 14.9981
817 79.8602 57.7183 12.7159
818 65.6293 50.2147 7.54494
819 70.6768 59.5485 11.0285
820 82.3297 41.3446 13.1246
821 71.3303 60.2061 14.5382
822 60.1027 51.7639 9.247
823 75.087 63.6814 23.8281
824 49.9567 67.9433 19.8959
825 73.9277 54.5394 25.7313
826 64.3868 69.3519 10.9975
827 51.2546 37.161 17.6139
828 80.7814 75.1817 35.1411
829 65.2732 70.1203 16.8097
830 79.832 59.8364 54.7067
831 66.8594 49.3909 37.5343
832 51.4057 63.6977 50.5868
833 87.8209 46.0564 37.2913
834 61.229 63.8639 25.9353
835 80.9981 69.8545 39.6036
836 56.7867 41.6121 51.0298
837 51.7387 41.3518 30.79
838 65.4151 53.3633 54.7997
839 62.8729 69.8516 68.5663
840 55.6997 61.6915 68.7946
841 81.0106 59.6097 70.7707
842 58.437 37.6924 75.115
843 90.3857 57.8043 70.704
844 79.3369 69.8896 55.0571
845 87.5042 45.7308 75.2504
846 89.0732 52.1712 77.635
847 44.7336 59.9627 82.0902
848 85.7174 47.7279 59.6247
849 70.278 63.6445 77.2002
850 83.8241 58.0347 84.0039
851 80.5589 41.784 72.9688
852 95.5207 62.0108 90.6028
853 81.3484 54.1904 84.1401
854 60.21 49.6674 75.4462
855 76.8158 59.371 68.7811
856 74.4082 49.8488 97.6168
857 74.1516 52.0158 84.2995
858 67.0808 60.0076 93.0437
859 74.3566 40.3098 90.5711
860 54.0069 72.1658 108.451
861 60.4033 57.5129 103.878
862 58.904 79.9199 102.024
863 75.9841 41.7465 106.403
864 69.2038 56.1564 108.55
865 81.5724 41.7686 104.76
866 77.4452 41.8143 104.225
867 77.579 62.4225 106.342
868 83.5162 62.3392 108.58
869 80.5699 54.2055 108.727
870 81.8965 49.9919 122.79
871 70.3312 65.8762 122.562
872 73.5888 61.9554 122.697
873 84.7981 64.2787 106.447
874 89.1877 50.4954 122.634
875 83.2082 63.6278 122.646
876 79.8222 74.9605 8.08702
877 66.9435 74.2413 5.29394
878 83.972 77.8211 4.66971
879 65.4205 82.1266 -1.34983
880 67.0335 88.2391 19.2082
881 68.1842 78.0583 -1.46791
882 71.3694 77.6958 22.8358
883 59.9921 71.8764 2.44925
884 71.4307 66.1141 -1.10907
885 58.3757 92.5279 11.4415
886 72.7078 71.6157 34.9746
887 64.8962 77.7343 12.9339
888 67.8868 73.8358 16.9178
889 68.9221 77.6034 14.8367
890 51.1735 79.5539 23.7455
891 69.7319 80.0807 24.0837
892 77.9256 55.5163 37.0939
893 67.8742 93.7667 28.0723
894 59.9284 72.2039 26.5714
895 63.475 75.537 34.9423
896 69.7922 91.7044 30.1983
897 80.8372 65.5345 39.3001
898 88.5676 79.7475 36.9434
899 79.5063 55.7641 39.574
900 83.3812 87.8206 48.0812
901 77.8021 77.6646 46.0741
902 66.7468 77.608 57.1868
903 72.2741 97.5314 43.5455
904 57.1228 88.1305 44.0214
905 78.3077 73.5431 43.6427
906 83.4289 100.557 59.5819
907 92.1086 69.7226 68.2435
908 45.0719 101.739 52.7435
909 72.7438 89.7729 66.1707
910 82.1982 74.1509 79.3428
911 75.5574 81.8261 86.2149
912 65.5074 77.9034 72.9757
913 80.5445 98.0638 52.572
914 51.8022 96.5264 67.8583
915 72.7872 75.8095 68.1932
916 90.5714 81.8849 79.4768
917 74.6122 71.9121 81.7994
918 40.1784 82.423 106.459
919 42.0171 73.6031 96.7994
920 66.0202 76.3754 97.6354
921 64.5213 90.3771 90.5892
922 68.1313 83.8017 77.2957
923 74.4862 62.1796 97.4239
924 77.5612 92.3651 105.973
925 62.6184 86.0725 101.821
926 56.1905 85.9674 86.0763
927 100.088 100.255 89.959
928 69.4928 80.1772 106.346
929 57.9713 84.4639 114.524
930 58.961 82.1959 122.636
931 76.6962 76.5031 116.668
932 67.572 80.986 122.304
933 71.6827 78.3301 100.417
934 76.1186 78.3642 122.481
935 66.2118 87.5405 122.346
936 64.228 74.4073 108.394
937 67.6796 90.1947 122.45
938 85.5457 99.2781 7.16496
939 56.8946 90.1041 -1.19443
940 61.2216 106.17 16.7479
941 69.7638 84.1654 -1.24555
942 75.4819 93.9906 25.8687
943 71.2987 113.536 34.9242
944 79.5264 113.466 17.2022
945 46.9709 97.8824 21.7884
946 68.057 105.996 19.1794
947 69.685 113.744 20.9551
948 64.0809 91.2261 13.2786
949 55.399 113.747 19.6218
950 69.6939 98.0994 23.5654
951 68.2687 113.552 30.6786
952 64.3212 100.141 50.6024
953 54.0771 97.6546 23.7728
954 82.2968 108.152 32.2111
955 54.0916 107.387 30.1119
956 81.7551 97.8232 41.4665
957 68.3133 109.029 58.9519
958 51.6378 107.755 54.9134
959 90.529 109.15 40.909
960 65.4211 91.4775 48.0108
961 66.3189 105.692 54.8858
962 79.3307 103.834 68.259
963 50.082 113.672 52.1995
964 75.2464 87.5153 45.7698
965 98.1647 101.904 50.3228
966 68.2598 87.6951 39.2154
967 59.9834 113.727 57.913
968 70.9385 113.871 58.6692
969 85.2003 113.931 85.3817
970 84.8561 98.163 79.2782
971 54.4985 113.982 76.5372
972 70.0777 113.751 63.7779
973 82.1571 83.9715 81.4731
974 66.8643 103.667 61.7717
975 86.2212 96.2666 78.9944
976 48.5888 104.157 99.568
977 86.5579 113.758 77.2239
978 79.6201 74.1968 79.4493
979 58.4355 99.8335 79.5228
980 73.9929 91.8773 86.1848
981 78.1408 114.036 87.8407
982 61.5126 113.765 73.1488
983 60.1124 113.86 85.7538
984 57.3522 89.8323 97.8518
985 84.997 114.007 88.4337
986 87.4919 114.61 112.727
987 60.0401 92.4931 94.8647
988 53.4135 98.4623 108.406
989 86.9457 90.1012 94.9886
990 62.733 93.927 93.1218
991 82.7242 114.041 102.108
992 73.2452 87.6896 115.473
993 74.6525 90.2117 92.6485
994 61.4297 98.0894 90.6577
995 67.2518 114.071 99.9661
996 62.8467 98.3037 92.6659
997 57.5831 114.318 94.6422
998 68.8032 100.42 122.042
999 61.7258 114.586 117.881
1000 78.8917 110.39 122.028
1001 63.2549 103.348 122.324
1002 78.8619 94.2384 122.212
1003 53.1351 90.1052 117.084
1004 79.9302 114.774 111.745
1005 84.7298 114.997 116.286
1006 90.2685 94.5934 106.126
1007 57.6405 104.766 120.483
1008 114.613 14.1338 16.2753
1009 97.3347 13.3368 11.6464
1010 97.3825 18.6513 -1.03557
1011 108.442 2.19232 -0.668688
1012 92.9898 -1.29719 0.881667
1013 102.826 16.6842 6.73934
1014 86.8159 21.095 9.32953
1015 102.065 15.512 24.1606
1016 113.159 1.03544 36.3925
1017 109.296 -0.562154 26.4944
1018 86.4023 12.8532 7.26871
1019 95.6152 9.41894 19.4576
1020 113.809 21.9789 21.0331
1021 94.3051 7.3815 21.7981
1022 87.8968 17.5968 39.7083
1023 96.1828 11.2068 30.8206
1024 113.278 0.98974 33.2148
1025 93.3255 20.9526 35.7809
1026 105.909 15.3393 30.9556
1027 112.724 17.0669 40.6436
1028 94.5235 19.4311 35.2239
1029 99.0158 -0.187811 37.1175
1030 112.921 35.1146 60.3264
1031 86.4604 -0.297714 78.3399
1032 112.797 6.97108 60.4301
1033 103.816 19.9848 63.9999
1034 112.883 23.118 51.321
1035 89.1919 -0.405931 55.6941
1036 112.911 14.5372 55.9601
1037 90.6299 17.9591 42.1685
1038 95.7713 25.9103 68.6184
1039 86.3118 21.891 73.0167
1040 113.109 14.8418 65.6484
1041 90.7953 -0.340752 68.1796
1042 113.139 2.81383 69.8071
1043 86.4218 -0.239928 66.145
1044 99.0582 13.9811 79.6421
1045 102.005 25.7254 63.9741
1046 86.7335 -0.327827 88.2582
1047 93.6885 17.7947 79.6407
1048 101.113 15.8639 92.9517
1049 105.363 -0.0378902 73.4112
1050 104.301 25.7536 101.708
1051 94.8466 19.904 93.2382
1052 98.9272 20.3365 84.4916
1053 113.454 12.6712 84.5542
1054 97.5598 21.6499 82.0315
1055 111.466 0.323567 73.5044
1056 76.8626 11.4529 106.674
1057 115.406 3.31835 108.43
1058 90.7051 33.9257 95.3409
1059 104.469 6.23125 102.06
1060 106.677 15.7449 83.911
1061 91.0382 3.56638 95.7189
1062 78.1944 13.6182 106.558
1063 82.5017 25.7272 91.0702
1064 88.7538 0.0254773 99.5971
1065 95.0987 5.93941 122.565
1066 97.0043 11.6599 112.653
1067 108.755 7.5332 112.951
1068 115.295 7.04665 121.112
1069 100.572 9.72404 106.484
1070 102.761 42.7266 -0.856307
1071 84.3542 37.9572 10.0343
1072 104.311 40.9371 -0.768175
1073 102.861 41.8839 15.5322
1074 104.367 42.3418 2.28827
1075 98.5242 44.5691 -0.875661
1076 108.203 49.1182 19.4472
1077 97.7437 35.4177 24.2888
1078 102.801 40.3422 6.16284
1079 95.8666 31.6511 17.2661
1080 89.9557 33.6231 24.0388
1081 107.179 33.5709 13.6098
1082 80.0668 53.8045 39.3508
1083 113.755 54.9694 20.186
1084 86.3668 19.4249 26.4219
1085 71.096 35.0613 24.3154
1086 78.2484 29.6047 57.1975
1087 113.09 21.0261 40.9515
1088 90.701 54.7453 39.1301
1089 89.5395 15.6839 48.6298
1090 112.859 36.9361 54.5549
1091 79.7846 31.6254 32.7419
1092 98.1547 35.8512 64.0395
1093 98.5738 29.8386 59.6046
1094 92.1888 41.6408 61.6322
1095 79.2279 33.668 48.4657
1096 90.4327 43.8661 59.5084
1097 79.5421 29.4057 35.0962
1098 97.2593 49.6434 50.6392
1099 112.686 40.9179 57.987
1100 74.0875 26.1417 61.8633
1101 113.48 23.172 26.4608
1102 112.81 24.4921 58.721
1103 109.655 27.5058 61.7088
1104 82.1892 27.81 53.2184
1105 90.471 25.6561 62.0453
1106 112.82 9.82548 77.4595
1107 85.4323 31.8233 59.6219
1108 92.9925 27.728 68.6036
1109 79.0588 27.7035 57.6085
1110 113.158 41.0455 88.5227
1111 101.012 43.6823 72.7217
1112 113.597 55.2503 91.7005
1113 89.3227 11.6102 75.3643
1114 78.6031 34.2019 84.6111
1115 83.1808 27.8677 86.6121
1116 113.039 33.1422 80.0978
1117 83.4348 37.7973 81.8956
1118 94.906 31.8123 77.4957
1119 70.2767 21.6644 93.271
1120 107.143 49.9612 70.3592
1121 57.2378 29.7751 80.2514
1122 85.3005 33.7721 84.3258
1123 104.543 50.3632 90.595
1124 96.7258 37.9088 90.5282
1125 93.2866 46.1482 88.4537
1126 96.3437 56.1823 77.0489
1127 83.0944 57.9505 101.917
1128 92.4102 42.0876 110.464
1129 100.435 39.7334 114.367
1130 109.354 27.4633 122.359
1131 98.9754 44.6165 109.764
1132 102.282 42.1209 116.473
1133 115.378 34.969 117.663
1134 101.415 31.9338 110.396
1135 96.7876 44.0592 112.41
1136 79.2762 48.0965 112.723
1137 99.9285 53.1206 13.3917
1138 104.305 40.7163 4.26782
1139 95.5899 51.677 -1.10013
1140 108.548 45.9868 12.5987
1141 112.929 76.723 53.2642
1142 113.41 57.2722 37.0542
1143 103.14 63.433 36.9431
1144 94.0119 61.6803 21.4724
1145 85.3726 37.0985 19.4997
1146 114.618 40.9651 15.15
1147 114.168 72.1427 18.2909
1148 107.842 57.7551 21.7693
1149 94.2159 68.8643 13.7212
1150 75.1221 67.2916 21.9384
1151 113.577 54.2493 46.7028
1152 104.677 63.6565 50.5949
1153 88.9308 53.4896 41.7271
1154 94.5259 63.7032 34.7724
1155 76.6233 59.224 39.253
1156 84.9365 63.5154 32.9146
1157 112.86 34.4198 46.7428
1158 93.1698 44.0839 43.9183
1159 80.9205 51.3129 45.8006
1160 112.659 80.7691 57.4616
1161 105.704 57.8888 59.3177
1162 92.1125 63.6239 54.9146
1163 89.085 51.742 52.7701
1164 87.5338 64.0057 48.4422
1165 109.68 61.6315 52.9853
1166 89.5683 75.2851 45.7867
1167 112.789 40.5856 53.3653
1168 69.2373 71.8855 55.0337
1169 104.476 60.056 61.7898
1170 113.191 57.2457 84.4729
1171 89.1814 47.786 70.7297
1172 113.082 48.5011 67.2215
1173 73.4119 53.5365 66.2756
1174 113.578 51.0719 91.6012
1175 80.8615 61.8564 66.122
1176 95.8792 45.8727 59.4341
1177 93.527 81.7573 79.4991
1178 115.125 63.5843 116.978
1179 96.3464 41.9973 70.6183
1180 83.5393 61.8023 57.3566
1181 112.932 50.48 55.4555
1182 100.75 55.8136 74.8593
1183 115.322 50.6435 109.64
1184 98.7868 63.9442 88.0283
1185 93.9175 62.183 92.774
1186 98.3316 43.9294 86.3135
1187 114.227 71.1618 103.704
1188 113.523 60.4848 89.1951
1189 112.939 65.4551 70.9937
1190 113.301 53.3535 79.5835
1191 79.3804 66.2089 70.5691
1192 100.719 36.1774 95.1313
1193 97.393 60.0587 88.3059
1194 75.9916 47.7203 79.8866
1195 113.869 76.2137 89.5347
1196 94.6492 76.2893 99.5446
1197 82.377 62.2335 95.2528
1198 97.2376 62.3471 110.236
1199 88.9792 86.0198 106.123
1200 80.3656 61.5252 107.954
1201 86.2517 55.0188 122.639
1202 94.7191 50.776 112.97
1203 109.277 59.9463 122.054
1204 104.715 76.9628 109.7
1205 93.795 57.7471 122.71
1206 107.826 64.9497 122.197
1207 95.4581 101.01 -1.307
1208 81.8591 75.6722 -1.44634
1209 97.0826 86.2558 16.2285
1210 114.77 81.2242 9.33
1211 84.0908 88.5581 8.22421
1212 114.513 82.6595 0.0688576
1213 89.8795 77.1211 -1.18834
1214 79.8706 72.3375 6.1018
1215 100.724 71.7388 12.9335
1216 105.473 86.208 -1.18607
1217 99.0603 97.7973 25.9366
1218 114.161 91.448 16.5421
1219 82.3432 103.605 21.2117
1220 98.3499 75.5853 28.1732
1221 113.425 52.2849 27.926
1222 113.112 76.9613 31.7212
1223 59.3987 90.0356 21.257
1224 75.3493 83.7619 34.6644
1225 106.948 87.8368 19.3866
1226 93.2774 73.9419 64.0492
1227 99.9585 89.6776 50.2518
1228 93.3696 75.6718 50.3588
1229 97.2098 67.5734 37.0808
1230 69.8602 95.7971 25.8607
1231 91.9553 73.8362 61.6485
1232 113.122 70.9283 47.5764
1233 80.3151 79.6797 39.3026
1234 97.717 75.7509 59.094
1235 108.208 67.7549 54.6657
1236 65.3859 83.6335 52.4431
1237 104.639 65.8404 37.3149
1238 112.974 89.5139 61.7321
1239 79.4918 93.9061 48.0079
1240 67.9066 97.6876 43.9001
1241 112.709 68.59 57.5073
1242 112.976 76.9729 58.3263
1243 112.813 97.6212 71.3714
1244 97.517 69.7659 72.8623
1245 113.192 85.1762 83.7677
1246 113.071 47.3007 60.2439
1247 114.263 48.9718 106.322
1248 92.9146 103.997 63.5982
1249 113.083 63.32 68.7636
1250 90.3716 92.1031 81.655
1251 101.858 69.8544 74.8338
1252 88.1637 76.161 90.5656
1253 113.13 71.6335 77.0543
1254 78.702 75.9425 70.5627
1255 89.1452 69.9076 86.179
1256 113.537 77.5459 93.6138
1257 93.0646 80.0959 88.1909
1258 94.4551 82.2204 88.2801
1259 96.3479 68.5003 88.427
1260 105.518 82.0643 103.241
1261 113.182 63.0686 82.1123
1262 84.3166 98.5994 99.2062
1263 113.638 67.4528 90.8461
1264 95.5367 69.7096 99.9243
1265 113.7 88.9086 98.2915
1266 108.984 74.6489 116.176
1267 89.1175 71.1433 122.465
1268 115.018 70.078 114.909
1269 87.7115 77.2063 122.335
1270 102.084 82.242 122.118
1271 109.099 75.9267 117.659
1272 104.662 94.47 108.098
1273 87.355 85.9541 112.959
1274 106.216 96.4409 121.99
1275 94.624 80.3039 122.305
1276 114.977 81.2635 107.007
1277 91.9408 83.894 122.147
1278 77.8915 76.1882 122.669
1279 103.123 83.5107 104.917
1280 109.179 72.1137 122.119
1281 114.53 88.8577 1.81968
1282 92.6336 114.107 3.9258
1283 105.595 114.115 10.084
1284 114.527 100.86 13.9891
1285 100.957 114.197 3.6987
1286 92.1808 113.456 25.2453
1287 104.996 111.977 -1.65968
1288 95.5482 103.802 32.4702
1289 98.9104 113.964 34.9608
1290 113.004 82.4708 33.5931
1291 113.993 103.902 16.9791
1292 87.8745 113.821 36.6021
1293 104.076 77.4713 16.927
1294 106.962 113.907 28.1102
1295 68.4421 113.736 48.8188
1296 101.604 113.866 48.4833
1297 63.9452 113.547 37.3653
1298 103.259 113.902 34.2585
1299 112.824 90.2654 34.5189
1300 93.467 95.9167 34.4476
1301 92.9578 99.7009 27.9504
1302 91.6053 97.8117 36.9229
1303 107.147 113.904 58.3991
1304 112.778 98.4501 50.8764
1305 109.705 113.678 43.796
1306 68.0201 114.332 4.56344
1307 76.4666 97.7065 41.3037
1308 86.1909 86.194 68.1533
1309 100.419 113.999 77.098
1310 82.3033 104.04 68.1934
1311 91.7055 86.0821 74.7038
1312 90.1014 79.8791 65.9745
1313 109.191 114.041 63.109
1314 98.6795 114.026 67.4781
1315 95.8395 80.2255 88.1616
1316 96.4266 96.0237 83.5664
1317 100.771 108.548 94.7284
1318 113.049 113.007 84.2231
1319 91.338 108.234 81.3849
1320 104.161 94.275 74.1512
1321 108.535 114.066 73.9366
1322 99.3496 84.2171 90.0461
1323 113.21 109.167 88.9786
1324 112.878 105.514 84.4447
1325 94.1101 84.508 103.737
1326 112.887 86.5678 87.4103
1327 95.3317 89.7192 95.1305
1328 113.612 98.5113 100.333
1329 90.4859 114.004 79.4856
1330 110.54 114.099 92.5962
1331 76.0221 98.5212 108.187
1332 86.2783 114.73 119.766
1333 91.5904 114.675 114.566
1334 96.3176 101.163 122.199
1335 95.7306 106.937 111.845
1336 115.058 103.678 120.172
1337 105.876 101.727 102.536
1338 115.23 103.379 108.733
1339 115.236 112.133 120.502
1340 115.076 109.569 110.338
1341 84.8081 98.6907 118.222
