0 8.37696 21.8232 -0.162493
1 11.4591 1.92011 -0.183162
2 17.2025 18.3562 11.9632
3 28.7102 -1.53053 3.3018
4 27.0803 2.7694 -0.181139
5 9.44331 2.57004 3.83093
6 -0.280733 9.66873 1.5397
7 11.5837 6.79518 11.7578
8 21.4596 10.9145 -0.203135
9 -0.455042 13.8505 1.49336
10 1.96118 36.1063 58.6944
11 24.6231 15.0712 22.2983
12 1.35995 16.4298 33.4465
13 1.28696 -1.19019 5.24722
14 23.0997 -1.11539 15.7074
15 16.4759 13.3743 27.0404
16 -1.0598 33.0927 5.73846
17 26.4292 -0.748589 27.7234
18 1.39952 7.71988 28.4327
19 15.5375 22.9245 39.9787
20 18.5242 -0.715489 40.7666
21 3.10919 -0.751789 30.2782
22 11.882 19.8587 47.3254
23 26.9505 3.41136 42.6454
24 1.82893 12.6277 59.0297
25 17.4006 -0.698133 44.5593
26 5.1165 -0.678814 50.4618
27 26.5276 25.5964 55.7849
28 42.0487 -0.461284 56.3599
29 14.8058 -0.729235 52.4694
30 13.6745 31.3807 69.3309
31 14.0144 15.1948 53.7058
32 2.0324 10.4836 48.6322
33 29.8523 11.1676 57.8518
34 1.47834 26.8259 92.6061
35 41.5955 -0.539254 64.3667
36 25.8724 -0.480839 56.4354
37 1.87664 26.2209 65.2765
38 14.9825 -0.37222 80.2001
39 15.0323 -0.768065 61.0157
40 13.3791 -0.69992 67.8729
41 17.4984 -0.620468 71.2296
42 44.3095 5.87855 87.0797
43 23.9291 -0.011195 94.3908
44 32.7165 19.5704 84.9456
45 13.2722 -0.237755 91.1088
46 1.62869 4.09961 91.0038
47 7.73203 -0.387501 85.3076
48 11.9915 23.7059 95.8274
49 27.7071 15.161 117.06
50 20.7956 1.52862 123.604
51 38.0967 13.602 100.464
52 13.8902 27.6319 104.843
53 17.7509 -0.763017 119.911
54 32.1378 -0.455428 98.7499
55 14.7534 -0.341683 107.855
56 31.0129 17.3039 93.6043
57 19.1202 25.1031 110.851
58 11.2167 32.0358 97.8537
59 1.82947 15.6895 97.8216
60 9.62412 5.40763 117.64
61 8.0155 -0.588897 119.187
62 29.0266 15.0903 123.416
63 20.6445 10.7504 123.401
64 0.432372 0.451863 120.258
65 0.948718 -0.741766 115.658
66 18.1314 43.2514 11.637
67 22.7303 38.61 9.08477
68 10.6768 24.7359 7.53873
69 4.15964 41.9271 10.7584
70 27.564 20.809 19.7308
71 4.11439 39.9337 8.67087
72 28.2662 38.631 -0.645403
73 22.9938 29.3176 -0.600058
74 37.1598 15.4592 24.22
75 -1.31468 48.9758 5.84733
76 0.677746 21.697 22.3552
77 0.340235 38.873 16.0506
78 2.3233 2.69633 52.3573
79 1.38915 42.9282 47.4775
80 10.5963 31.4714 49.4839
81 1.92274 38.6717 61.2376
82 28.0043 42.8577 26.6539
83 24.5521 53.8283 51.658
84 44.5934 37.8278 41.9101
85 1.40693 40.4738 32.4899
86 49.276 53.5858 46.3499
87 1.10701 28.9762 29.5276
88 32.5138 43.992 50.765
89 1.75995 34.1018 48.4443
90 24.1622 41.3578 49.1948
91 25.6734 56.0121 51.3745
92 1.87276 56.2204 50.6445
93 2.23662 8.08094 55.3696
94 13.1695 51.7036 57.9061
95 21.4735 15.3983 58.0723
96 13.2023 56.7402 53.713
97 18.0348 49.7005 38.0126
98 23.8509 39.643 69.1243
99 11.8823 15.4742 57.9466
100 1.72049 32.4864 85.1203
101 10.383 37.4746 60.1451
102 1.95971 12.116 81.848
103 27.0878 33.5538 73.6439
104 38.2155 37.3658 48.7568
105 2.03735 36.5244 67.6938
106 28.6758 39.6407 71.2872
107 20.0876 37.9598 93.8079
108 11.3206 19.3785 98.2591
109 1.92848 25.6385 75.4806
110 15.6654 47.8153 86.9217
111 1.00296 48.6303 98.8486
112 36.5158 35.68 86.9042
113 1.44513 24.3565 89.842
114 25.0006 35.6643 104.798
115 21.2993 41.9599 91.6199
116 8.99682 33.6327 84.4851
117 11.2055 41.8788 89.2901
118 26.4735 31.8276 102.568
119 18.8385 55.0202 116.206
120 17.0578 39.7033 98.0937
121 1.26881 56.4366 98.9471
122 13.7552 43.9016 102.4
123 14.6694 29.8529 89.167
124 9.3789 27.4427 100.156
125 30.1125 25.4624 109.257
126 21.6033 56.1775 123.054
127 21.7802 46.2284 115.807
128 14.933 22.2223 123.478
129 18.8091 45.8605 115.267
130 6.08574 34.3524 123.164
131 7.51668 37.2393 123.122
132 27.463 28.9584 101.689
133 23.3235 27.9273 115.858
134 16.8816 67.9497 14.876
135 3.95713 60.9997 -0.350306
136 22.6323 66.9368 -0.929746
137 21.1235 60.961 12.8485
138 9.88268 57.7503 18.1157
139 -0.528258 68.0728 10.893
140 0.196898 49.9849 22.6693
141 24.3887 59.1641 22.1737
142 1.44438 44.5544 37.7203
143 1.19547 58.9073 25.2959
144 36.3374 39.4954 31.0789
145 1.47503 70.4867 42.9762
146 20.6581 65.6628 15.3726
147 27.9241 65.6014 35.3258
148 22.6588 59.5166 42.1199
149 33.5928 63.201 37.3252
150 33.4416 49.6574 46.4407
151 17.2921 59.6028 44.7115
152 34.7909 63.6292 35.3514
153 24.9101 55.5424 42.0425
154 20.8753 63.414 44.1576
155 28.1647 60.8159 42.4211
156 20.8185 47.5439 37.4114
157 1.53573 43.6968 41.0641
158 28.0758 47.0958 35.5496
159 1.59781 30.5719 34.7704
160 22.307 65.7502 41.9589
161 25.4681 69.5498 55.5294
162 22.4173 67.3968 40.0386
163 31.6783 41.8995 51.1453
164 51.9983 61.8577 61.874
165 28.4012 49.7229 64.5022
166 21.394 65.5476 48.9376
167 2.39026 15.3261 66.7541
168 1.45141 53.9936 82.4984
169 27.0077 67.6722 66.5514
170 11.6933 77.6842 71.177
171 40.5956 61.7568 73.3917
172 13.0486 59.5167 77.7503
173 36.466 74.2985 93.9324
174 45.0599 53.1623 91.8038
175 1.97131 85.5759 100.358
176 26.7351 55.7333 82.312
177 28.2148 57.5545 80.1739
178 33.965 47.9183 80.3781
179 21.8586 45.6789 75.8677
180 2.10868 50.765 65.3704
181 21.3579 65.7284 88.985
182 17.6447 59.8377 95.7395
183 22.2848 53.6753 93.5381
184 14.2666 58.0669 97.9199
185 37.7611 51.9698 108.932
186 0.0171563 61.2302 103.881
187 3.2222 68.5648 112.655
188 1.09167 74.158 104.411
189 23.1746 51.8075 107.133
190 4.99222 47.7962 113.213
191 -0.172436 66.8567 121.529
192 11.4777 63.5393 114.304
193 18.7852 68.5859 122.925
194 0.104676 50.947 114.401
195 8.92893 59.5989 122.977
196 17.7174 53.753 116.924
197 20.4648 51.7126 119.031
198 28.7585 62.399 123.047
199 8.29088 64.6319 10.4921
200 9.12697 91.6325 11.3815
201 16.6736 80.4458 6.21954
202 13.0541 73.5689 17.5724
203 28.3841 77.8198 8.81578
204 10.3376 75.3502 11.4892
205 7.75937 85.8245 -0.588188
206 14.1845 73.4729 15.2685
207 9.8576 74.5089 18.8187
208 18.4189 71.3882 11.2837
209 26.5923 83.6444 41.9318
210 19.1622 85.8091 22.1185
211 21.7318 85.4721 21.7342
212 23.5728 72.0891 31.2224
213 17.5589 75.4751 15.4116
214 21.6692 83.6202 15.1382
215 1.07047 84.74 36.4556
216 12.8355 77.3143 17.396
217 22.7659 75.342 26.4056
218 22.2115 93.8887 26.5892
219 21.6869 73.4587 22.0576
220 1.24838 64.5373 32.9572
221 0.0141084 86.1594 18.1101
222 1.09953 82.4423 30.5069
223 8.24507 73.6887 15.7849
224 25.4488 71.4267 39.7321
225 27.7792 77.4769 37.3405
226 51.7034 58.8724 42.5025
227 31.7695 99.6256 43.8949
228 0.799932 72.0322 32.1605
229 1.65117 82.1922 66.0825
230 24.975 93.664 73.0646
231 20.2793 67.6379 53.1425
232 1.31268 78.9906 39.7739
233 1.75745 74.6948 69.5045
234 35.435 63.6284 46.5633
235 18.6068 63.4689 60.1481
236 23.8206 63.4157 57.6573
237 1.77728 73.8757 53.1006
238 2.17299 87.3761 55.4973
239 1.82777 74.4818 74.594
240 11.6658 69.4338 44.3014
241 11.4818 73.5556 79.6897
242 18.5316 69.4065 53.4802
243 20.202 95.5421 68.6341
244 27.1188 90.0355 77.7261
245 1.37712 79.0344 90.6071
246 36.3881 93.4709 55.1353
247 20.3081 73.6137 60.1204
248 35.0267 95.8151 64.1282
249 1.78591 79.0096 73.5293
250 39.2947 71.7967 77.8351
251 1.73255 87.0863 95.2959
252 19.3888 59.3458 99.7525
253 18.6791 101.697 59.6991
254 19.5536 65.8658 91.2452
255 31.8002 78.1475 102.412
256 41.5816 92.0957 86.459
257 13.9028 88.1846 97.341
258 27.8607 79.4874 93.5749
259 1.43274 82.6746 83.0352
260 2.06006 92.6798 66.8355
261 1.20843 90.3723 96.9562
262 1.7259 91.3214 91.5586
263 31.3344 65.8742 93.6565
264 0.0127327 67.3062 110.423
265 0.208201 64.8918 115.911
266 21.0403 74.2459 100.132
267 1.88107 76.1899 75.6711
268 24.8324 83.6692 86.4962
269 25.1971 83.4397 95.2558
270 29.8038 85.9261 97.7976
271 14.4958 87.7103 122.79
272 21.7993 68.6943 123.065
273 10.0899 77.0082 123.033
274 9.06698 83.9104 122.821
275 25.8651 72.0221 106.784
276 30.1685 76.4484 102.516
277 41.5806 80.7329 122.832
278 25.0496 110.243 -1.19404
279 26.8597 95.4836 9.2417
280 12.3072 89.2017 -0.556095
281 6.58019 113.771 7.71138
282 16.6424 113.611 10.521
283 0.505001 97.305 -0.439918
284 38.4623 93.9297 17.3681
285 0.411538 97.3851 20.0828
286 14.5207 113.592 22.1245
287 17.5197 99.3304 26.0888
288 9.66214 113.512 31.1872
289 0.00430289 106.956 16.0002
290 -0.485594 92.5724 14.0632
291 14.2689 113.519 19.1093
292 0.736037 99.3671 33.7078
293 14.0777 95.5154 37.6234
294 10.4218 93.6204 19.8125
295 2.47829 113.496 15.1926
296 29.7573 113.833 8.05125
297 25.2146 93.6215 28.4418
298 18.1414 113.504 32.3999
299 20.9259 75.4196 22.003
300 25.6584 95.7547 53.0331
301 8.55121 113.499 37.9512
302 0.867956 111.975 32.6294
303 9.21642 113.828 52.5514
304 1.87832 112.201 54.9924
305 28.4322 85.6093 19.5649
306 9.95913 113.665 40.109
307 28.1975 113.711 13.8508
308 21.9684 113.535 33.2735
309 19.177 93.4394 26.3083
310 16.9229 89.841 44.3765
311 10.352 93.5557 46.3643
312 33.5606 113.784 65.7249
313 18.023 113.421 35.9464
314 1.47403 90.3263 65.8728
315 1.6777 103.454 74.7319
316 19.62 113.984 70.6239
317 1.84593 99.0154 82.3567
318 1.59742 100.99 84.514
319 24.1536 99.7904 66.3201
320 24.553 89.4067 64.0597
321 7.40303 113.177 122.786
322 18.245 114.042 80.219
323 32.0387 113.957 75.8282
324 14.4345 113.806 74.9951
325 30.9042 93.9252 77.6394
326 4.40334 114.05 88.5457
327 1.01806 90.0358 103.724
328 21.8677 105.668 99.9895
329 34.3007 115.083 120.536
330 37.6247 86.0123 88.7512
331 0.730288 107.375 104.509
332 14.8086 93.801 106.814
333 9.42759 114.816 110.532
334 1.07632 107.481 100.937
335 15.4679 113.89 88.7273
336 20.9127 113.9 79.7118
337 25.4105 102.208 86.3595
338 28.7724 114.416 116.249
339 25.9764 107.236 122.663
340 -0.0563528 99.4642 110.248
341 17.4662 104.176 109.087
342 14.5592 106.791 117.102
343 31.2922 12.6962 -0.456526
344 30.628 8.55173 9.59695
345 55.8136 18.9779 3.45948
346 45.6553 13.0045 -0.382517
347 53.1043 -1.22744 21.259
348 42.7836 7.62825 22.5079
349 34.5488 14.1327 -0.299399
350 40.2171 19.1468 10.8876
351 45.2913 24.7268 7.1717
352 38.8334 21.1338 24.5606
353 45.8938 0.956017 29.1994
354 43.1854 13.374 26.5695
355 47.4631 -0.787172 22.3151
356 55.9166 -0.434171 29.4975
357 38.2057 21.2136 40.2447
358 22.793 9.35211 4.92665
359 58.8532 25.2215 33.06
360 43.2923 29.2299 26.5568
361 51.8818 -0.387742 41.9126
362 31.8799 29.3895 48.8379
363 52.6877 25.7057 35.6706
364 51.4511 23.6716 37.5792
365 47.7057 -0.36856 66.854
366 30.1493 9.2646 67.2626
367 23.0505 -0.525539 48.6693
368 43.0255 17.6486 53.4255
369 47.4782 30.2447 58.2402
370 49.3014 15.4849 51.2937
371 39.0393 26.8694 41.8214
372 31.7891 25.4762 60.3701
373 41.9993 23.3655 49.0051
374 42.5411 11.6302 55.7993
375 64.3651 11.9858 75.5882
376 35.8674 17.6303 67.1376
377 40.8818 -0.479998 71.7893
378 49.391 -0.064368 86.575
379 47.0374 19.3941 93.7667
380 19.0496 -0.410191 82.4574
381 42.0366 21.7198 82.5494
382 34.8785 39.7565 89.3277
383 61.8672 -0.151067 97.4936
384 55.9951 13.3991 102.578
385 25.9988 -0.254011 80.641
386 35.4785 -0.283413 71.9823
387 50.5526 -0.603815 114.979
388 32.2056 0.0374489 103.599
389 49.1208 23.542 102.42
390 50.5656 17.1278 109.727
391 51.4135 31.6789 107.037
392 33.6639 20.5528 93.1662
393 50.5412 11.8821 123.358
394 40.6102 5.95058 123.217
395 46.1025 24.1101 119.895
396 36.2564 21.126 123.345
397 36.2006 0.866604 123.317
398 44.544 -0.573908 117.722
399 50.5141 12.8371 114.856
400 63.898 -0.600687 115.786
401 53.1843 5.04368 123.601
402 28.4952 30.682 -0.608577
403 21.3462 36.8555 9.57226
404 31.3852 38.7833 5.07953
405 54.2649 37.4078 -0.924742
406 55.531 40.6155 -0.983902
407 51.3577 32.8688 17.5389
408 25.0388 34.8155 5.44922
409 45.7172 36.856 15.0052
410 31.4332 29.5411 -0.337693
411 46.8699 36.4906 -0.718208
412 31.3397 43.7342 9.97248
413 26.2055 43.1702 13.4406
414 49.9646 29.5412 28.4852
415 30.6244 49.5283 35.5555
416 47.9235 35.4 24.1751
417 34.5971 39.2746 13.5591
418 35.7219 37.0258 13.5517
419 53.2169 28.9408 24.3963
420 36.6194 36.8535 11.1902
421 63.2159 39.6622 37.2975
422 18.6405 33.5159 38.0343
423 52.4629 9.4872 44.457
424 33.1392 29.5025 31.1897
425 22.611 29.5221 33.4441
426 49.5732 13.2179 42.1504
427 62.9552 15.4947 35.4461
428 37.3451 41.3369 22.0075
429 51.7197 35.9541 37.1097
430 39.4536 45.2537 39.84
431 41.6467 25.559 44.5237
432 16.9999 47.1921 35.797
433 36.3959 27.6073 60.174
434 56.1664 29.4075 52.894
435 30.1342 25.4513 53.4308
436 36.7253 31.5907 55.4102
437 32.4168 23.5158 44.4704
438 68.939 43.9233 62.0041
439 51.9042 35.622 55.4266
440 56.207 33.956 80.5994
441 29.4253 33.5848 64.6094
442 63.1269 33.718 68.3924
443 26.9541 43.7299 53.5523
444 36.8024 39.6024 75.864
445 36.5449 23.6882 76.0783
446 20.0559 25.1629 47.0406
447 47.6875 23.2489 44.2986
448 40.988 13.5829 91.5956
449 39.2705 31.1718 80.5109
450 43.4534 37.7 39.5243
451 36.6832 41.5908 66.9514
452 11.6484 39.6385 82.4616
453 49.3493 51.7732 80.39
454 36.5462 33.546 55.7011
455 62.7624 31.9321 66.5677
456 46.6144 29.9305 82.6473
457 36.7882 21.4677 75.913
458 43.66 28.3214 80.7754
459 36.6846 50.1632 89.2781
460 71.1534 51.8175 84.2537
461 41.9459 48.1368 79.8756
462 40.6256 20.0114 84.8983
463 55.0638 49.9013 91.3787
464 53.251 33.8457 75.6102
465 22.195 39.9223 91.3144
466 72.9636 31.5997 91.1336
467 50.2842 11.4413 104.939
468 58.9633 43.9364 104.589
469 38.1015 3.8676 96.2405
470 30.3604 50.3991 112.82
471 49.0756 37.6184 116.936
472 54.1616 33.6994 115.277
473 49.7707 33.8003 115.086
474 14.6328 17.8665 123.609
475 47.4876 29.3394 123.243
476 47.8079 37.909 113.2
477 43.1196 55.6682 114.494
478 60.6054 18.0465 123.376
479 39.0392 54.76 104.63
480 36.8676 62.8995 -0.807548
481 45.4641 56.213 13.6525
482 39.9841 37.9274 -0.580333
483 42.4896 53.4482 -0.969337
484 17.3854 61.5843 31.0402
485 29.0427 41.5868 30.8654
486 42.668 71.782 28.22
487 54.0608 69.3353 19.3512
488 47.5018 67.5393 37.2858
489 39.2636 55.2225 28.6519
490 44.5598 59.085 35.2544
491 41.2912 65.7905 23.8079
492 40.0803 49.3136 28.5807
493 50.4394 43.7804 48.6509
494 33.3769 33.4884 51.1485
495 44.8495 57.9678 41.4114
496 34.1946 51.5904 44.442
497 36.3523 65.6367 37.5162
498 43.0129 71.5677 46.4359
499 43.6011 55.297 46.3807
500 39.2797 65.6679 50.7991
501 44.3991 69.6445 44.1404
502 50.3232 53.2673 44.1423
503 45.0152 37.5398 71.456
504 44.8357 50.2138 62.6874
505 43.4253 65.8206 51.3041
506 53.107 59.765 64.352
507 69.2337 63.9627 95.7114
508 41.4645 61.7233 71.228
509 31.61 57.588 64.537
510 45.7895 43.8241 77.9907
511 41.9288 53.9471 58.0266
512 39.4725 58.0806 71.4021
513 23.0724 65.4391 57.8184
514 53.4706 63.7424 86.6738
515 35.0347 59.9076 93.7671
516 41.7385 74.0261 79.997
517 52.9144 84.0955 84.21
518 32.0698 47.6671 71.2529
519 44.5604 47.8568 102.433
520 34.8442 43.9218 64.5556
521 25.416 51.6804 86.9388
522 64.3729 59.7374 84.965
523 44.8883 63.8223 84.3829
524 40.1315 61.9097 100.297
525 40.633 45.6487 93.7532
526 25.9322 66.9173 109.627
527 37.3791 56.0383 106.818
528 31.374 45.7625 86.887
529 46.6471 53.7363 100.235
530 28.8479 67.6168 104.872
531 31.9025 62.4764 123.198
532 34.6294 63.6121 110.574
533 54.8452 50.5709 123.119
534 40.0082 56.1901 108.974
535 40.3592 69.4172 115.722
536 54.748 58.979 110.347
537 38.2313 80.8836 -0.849559
538 44.028 85.1396 -0.97644
539 33.8664 86.8286 -1.08619
540 52.4665 73.6054 8.89487
541 48.5392 105.768 18.5865
542 32.7012 68.637 -0.802157
543 26.8358 76.9112 -0.900282
544 61.543 67.931 30.353
545 57.4875 85.6935 25.9494
546 51.1723 69.577 21.6002
547 42.5674 93.0684 14.0505
548 41.0257 59.4764 24.3606
549 62.3761 81.4484 19.0575
550 59.8482 79.4529 16.9767
551 68.295 85.752 32.9038
552 44.4633 87.7254 19.3861
553 50.933 85.5278 48.2531
554 72.4688 87.589 32.4714
555 52.9059 69.8318 46.4299
556 37.5198 61.499 32.9126
557 27.6929 83.2649 32.8263
558 37.6657 73.5917 23.8795
559 67.0351 67.1539 30.895
560 43.5734 69.5516 41.6838
561 38.5782 89.2554 39.4104
562 51.9778 59.4567 30.4941
563 63.5662 83.7159 37.3935
564 52.0746 79.462 43.9097
565 34.7605 63.6742 22.2047
566 25.3268 77.2735 39.4879
567 47.314 105.568 55.245
568 54.0139 98.0446 68.7109
569 61.6557 67.9824 68.7391
570 52.0034 77.6951 64.3334
571 43.4886 81.5903 55.117
572 54.1254 89.6535 43.7134
573 61.1397 81.5625 66.3808
574 68.4337 61.8093 64.3489
575 23.2901 61.342 60.1794
576 29.7743 75.5094 46.6041
577 24.0949 75.6331 51.0841
578 28.2124 77.7761 57.5811
579 49.2937 71.9884 68.716
580 50.1872 76.2063 73.3553
581 40.8836 83.8793 79.8563
582 45.6494 108.042 79.8355
583 43.2755 72.0386 59.5896
584 55.7425 93.5454 73.351
585 43.1855 78.0342 75.2507
586 45.179 71.7724 82.1091
587 60.6963 81.8644 68.9279
588 37.7916 95.838 86.661
589 22.1086 91.9106 97.834
590 53.1752 70.2276 100.07
591 61.439 69.9055 95.5296
592 56.9481 82.0509 88.7707
593 49.9647 74.0431 90.9877
594 29.5729 91.9398 84.332
595 40.2616 63.9011 100.284
596 58.9826 83.8771 112.247
597 50.3007 71.9363 112.686
598 37.7231 61.6861 95.5197
599 57.2559 90.0742 115.261
600 32.9026 78.0056 114.678
601 51.7827 75.7179 113.563
602 63.0828 88.0564 95.4716
603 62.379 80.1026 93.2431
604 63.0135 75.4108 93.0334
605 37.687 86.0973 97.8381
606 49.8117 71.92 97.8237
607 36.6327 76.1378 95.7897
608 45.4963 74.4067 106.409
609 31.614 74.8695 106.207
610 43.0626 85.7368 115.829
611 48.9977 67.7416 118.675
612 39.2381 84.5437 114.829
613 33.0828 72.9357 110.528
614 46.1209 79.0025 113.763
615 43.1933 78.9839 122.776
616 25.5027 90.0252 -0.761444
617 43.8905 112.521 -1.11586
618 55.3406 113.825 0.0216546
619 35.3608 91.7108 9.01881
620 51.0273 113.808 2.06289
621 40.7555 100.158 8.65455
622 56.7915 103.028 -1.37482
623 41.2169 114.083 19.3537
624 29.7165 100.198 8.39177
625 33.7153 113.867 6.29011
626 43.7614 92.0504 8.7591
627 21.0978 113.931 4.24596
628 40.757 103.793 37.042
629 25.7988 113.43 18.8853
630 42.8902 105.834 23.975
631 34.0158 90.1383 11.3204
632 16.3741 93.445 26.3171
633 40.1753 113.466 26.474
634 42.6386 108.234 17.4327
635 66.9457 95.1781 41.0602
636 55.6791 113.481 41.5811
637 34.9713 95.2827 46.3514
638 69.5364 113.571 55.5736
639 32.3167 79.6388 37.6422
640 56.1973 110.022 70.6548
641 41.7165 105.631 50.6842
642 72.3791 113.663 47.5473
643 39.3357 113.613 51.2176
644 44.1281 95.7044 37.2058
645 47.1391 113.624 33.0708
646 50.8336 103.896 59.3896
647 26.9839 81.6249 46.4055
648 31.3818 113.52 22.2186
649 36.4058 113.814 83.695
650 29.5659 113.653 67.9288
651 30.9574 113.713 61.4516
652 55.86 91.9824 75.2787
653 57.1671 113.732 72.3314
654 18.3348 95.8787 50.6404
655 48.8005 113.529 68.0747
656 48.0915 87.9795 84.3651
657 22.5484 77.5372 73.2482
658 46.266 101.753 84.3592
659 28.2175 98.2014 71.1776
660 32.0664 94.3873 102.331
661 30.6464 83.4565 82.0492
662 35.2237 113.971 81.5415
663 39.1218 113.849 74.8717
664 40.1978 114.238 99.1657
665 40.069 114.617 108.044
666 47.7313 113.625 83.8045
667 36.1042 110.181 77.436
668 36.3803 100.284 97.6656
669 44.6178 113.957 92.78
670 50.6554 86.2878 80.004
671 19.806 96.0627 91.0443
672 33.3976 113.889 96.9996
673 40.5909 106.177 86.3762
674 27.0382 106.223 104.259
675 46.2038 114.481 106.686
676 56.7817 90.3002 102.071
677 33.5387 113.924 92.7335
678 29.3164 113.996 94.9772
679 28.7511 114.595 112.338
680 28.8845 103.248 122.857
681 47.4703 101.211 122.714
682 52.8865 109.393 122.674
683 38.8025 83.7813 111.419
684 56.0461 114.652 112.965
685 26.9881 114.846 98.4909
686 33.013 114.527 117.374
687 41.7262 110.342 122.631
688 63.1558 114.756 116.27
689 54.5404 100.223 122.529
690 59.8884 114.988 110.867
691 75.7233 11.21 -0.626043
692 61.5735 15.0874 -0.399115
693 81.2873 11.2454 -0.61927
694 78.5228 15.3046 -0.658065
695 70.075 11.4308 -0.603235
696 58.3986 23.1813 19.672
697 78.8641 6.9571 11.5077
698 71.2635 31.5752 19.5704
699 59.3756 23.0542 9.34854
700 72.861 -0.463212 25.1616
701 91.029 -0.601856 23.7453
702 87.2089 -1.02391 7.83183
703 60.238 7.13545 29.0752
704 67.154 -1.08716 16.1725
705 48.6458 -0.546208 24.4011
706 67.1132 -0.413659 47.0295
707 60.3139 21.2457 30.8422
708 71.0445 -0.0468147 58.4668
709 72.3602 21.422 53.3227
710 70.4594 19.487 28.71
711 62.8763 -0.435864 36.2433
712 62.6405 29.3774 50.9518
713 68.4673 17.271 26.7438
714 69.604 25.6539 37.641
715 50.7604 15.5007 48.9416
716 54.6595 21.633 42.0113
717 64.3579 -0.116649 57.3832
718 92.0548 27.8883 60.0076
719 43.9354 -0.0621879 68.9217
720 82.5778 5.73073 82.4572
721 76.0236 -0.185894 91.9176
722 68.5666 11.2679 82.6471
723 73.9485 32.0161 64.2747
724 67.3413 9.83968 75.6558
725 60.2715 -0.508695 54.0962
726 73.0709 17.5083 69.2735
727 72.7259 19.6192 69.1135
728 54.6392 21.4581 75.9138
729 61.5698 22.0307 62.7325
730 72.4822 33.7831 66.6032
731 50.5641 13.7695 91.5503
732 85.8008 0.123452 89.974
733 86.4923 -0.476347 103.912
734 89.1071 5.77442 110.911
735 75.0818 9.04089 116.817
736 82.2739 20.4377 122.96
737 59.2342 21.0361 123.058
738 77.7319 15.0591 109.811
739 83.9718 23.671 108.889
740 82.0609 12.1221 114.698
741 63.4224 19.3008 121.967
742 64.7866 16.271 123.423
743 92.2602 19.6356 100.692
744 56.6686 7.23412 109.181
745 66.3895 5.92062 123.235
746 59.2942 -0.444872 110.818
747 74.8634 30.8333 123.024
748 69.9186 30.4531 13.7136
749 72.7665 43.5399 -0.949288
750 84.3439 41.4452 11.0282
751 75.6588 39.1974 9.04017
752 75.6375 27.4829 -0.630055
753 61.149 24.2449 -0.569134
754 68.6331 45.5251 17.2306
755 71.7125 49.6171 21.6358
756 79.614 37.9757 30.1183
757 55.5834 35.5157 17.2914
758 70.2961 19.2224 17.3854
759 79.8847 25.8404 44.0018
760 65.5888 49.8275 50.8586
761 73.8392 23.2009 28.9144
762 47.2068 30.9572 31.3909
763 83.6154 19.5565 57.8368
764 71.0386 45.7637 50.8291
765 68.0251 33.6562 48.4383
766 70.0667 27.3551 42.1762
767 78.0443 43.6733 46.294
768 76.9304 36.1056 66.713
769 81.3401 33.6549 53.189
770 91.8492 29.4817 34.9569
771 79.3719 29.7926 71.1288
772 73.7289 31.901 57.7516
773 88.9511 35.8547 84.2739
774 61.2796 35.8712 75.7228
775 64.2289 31.6308 64.2465
776 55.9472 23.6596 69.195
777 93.5414 30.0386 82.1127
778 80.9607 35.7058 64.4425
779 98.6716 25.5469 62.2824
780 57.4866 33.5357 78.0207
781 60.1948 29.9064 78.365
782 54.3892 49.9569 73.7091
783 45.0462 23.6752 78.1555
784 69.9784 13.7508 80.1894
785 75.6595 36.0621 86.8717
786 89.5243 40.1376 86.5006
787 57.5113 37.9244 82.9124
788 85.3245 46.3489 77.9016
789 67.4044 41.9194 104.505
790 71.6939 25.798 82.3177
791 78.196 41.9558 86.7297
792 37.6734 37.8842 86.7758
793 81.3067 26.4301 80.1616
794 86.3371 71.1547 122.632
795 65.0198 31.9095 100.285
796 57.6779 35.7372 113.257
797 68.7902 5.83437 100.007
798 80.2732 33.8005 108.942
799 64.7242 19.8685 100.37
800 80.4304 43.3314 105.229
801 78.6673 35.6619 106.928
802 79.8457 29.9361 84.2384
803 69.3859 37.6691 93.4274
804 54.6292 47.4998 123.253
805 64.9246 33.5419 123.042
806 67.1237 29.7453 107.17
807 73.6248 21.1783 123.175
808 64.5841 46.3659 104.385
809 85.009 41.8001 109.044
810 85.4835 41.5306 -1.00939
811 77.2553 59.1324 -1.23163
812 55.4946 55.7644 -0.907198
813 57.1101 57.7163 4.42427
814 56.9933 61.6849 16.6057
815 65.7492 44.8617 14.7282
816 48.8184 61.2803 14.9981
817 79.8602 57.7183 12.7159
818 65.6293 50.2147 7.54494
819 70.6768 59.5485 11.0285
820 82.3297 41.3446 13.1246
821 71.2521 60.7661 14.4844
822 59.9445 51.9708 9.36844
823 78.1486 63.4391 23.6058
824 48.5437 67.4319 21.8801
825 75.8377 55.7894 26.0637
826 64.1264 69.4471 11.0412
827 51.1193 37.017 17.6333
828 82.3047 75.5927 34.8173
829 63.8146 69.3551 17.1168
830 80.6781 59.6549 54.9667
831 66.9403 49.7035 37.3494
832 51.9248 63.2981 51.0551
833 87.9349 46.4529 37.7477
834 62.195 63.7585 26.0506
835 80.6878 69.7303 39.3319
836 57.1419 41.5964 50.9769
837 51.317 41.5002 30.7047
838 65.126 53.6668 55.208
839 63.6821 69.8503 68.6159
840 54.3452 61.4097 68.8759
841 80.536 59.9352 70.7584
842 58.5999 37.5831 75.7561
843 93.2003 56.5269 71.2413
844 79.1431 69.6951 55.195
845 89.4788 43.6688 75.6744
846 89.4449 51.8273 77.6897
847 44.8104 59.6476 82.199
848 87.7783 48.0995 59.8486
849 73.9578 64.0383 77.5214
850 85.075 60.0084 84.5299
851 82.3222 42.1396 73.2362
852 94.9763 62.1601 90.8327
853 81.0282 54.0155 84.3212
854 59.0358 51.6559 75.4974
855 77.0932 60.0852 68.4656
856 75.8319 49.6711 97.3847
857 74.2915 51.7203 84.1751
858 67.3324 60.1844 93.1948
859 75.611 39.799 90.9719
860 54.7849 70.4524 108.984
861 60.4707 58.0653 104.398
862 60.2228 80.005 101.863
863 77.6533 41.672 107.021
864 68.7063 58.2577 109.292
865 81.5724 41.7686 105.022
866 79.1876 41.7547 104.656
867 77.579 62.4225 106.604
868 83.5162 62.3392 108.842
869 80.5699 54.2055 108.989
870 81.8965 49.9919 123.052
871 70.3312 65.8762 122.824
872 73.5888 61.9554 122.959
873 84.7981 64.2787 106.709
874 89.1877 50.4954 122.896
875 83.2082 63.6278 122.907
876 79.8222 74.9605 8.08702
877 66.9435 74.2413 5.29394
878 83.972 77.8211 4.66971
879 65.4205 82.1266 -1.34983
880 67.0335 88.2391 19.2082
881 68.1842 78.0583 -1.46791
882 71.3694 77.6958 22.8358
883 59.9921 71.8764 2.44925
884 71.4307 66.1141 -1.10907
885 58.3757 92.5279 11.4415
886 73.6192 71.4853 34.7424
887 64.2194 77.6002 12.8015
888 67.6897 73.6501 17.374
889 68.463 77.2733 14.8517
890 50.0862 75.8177 24.2955
891 69.7411 79.8491 23.8418
892 78.5094 55.4445 37.046
893 65.7717 91.7375 28.2525
894 59.8583 70.878 25.7409
895 65.2403 75.4348 34.881
896 69.3315 93.7905 30.5542
897 81.2041 65.5168 39.2823
898 89.2071 79.6869 36.7822
899 79.6577 55.8545 39.5025
900 84.3715 87.89 48.3676
901 77.8491 77.3548 46.3413
902 66.9083 77.6056 57.318
903 72.4421 99.8634 43.6842
904 55.375 87.8454 43.5712
905 79.3903 73.4875 43.958
906 83.4426 104.23 59.5603
907 90.9809 67.9779 68.497
908 43.056 101.452 53.1688
909 72.3567 87.6355 66.2676
910 80.8598 73.4922 79.6277
911 75.5575 83.8552 86.2387
912 64.2291 77.9629 72.9036
913 82.2418 97.7558 52.4814
914 52.7935 96.1817 68.6111
915 74.0944 75.7866 68.3815
916 91.4835 81.8588 79.4552
917 71.1844 71.9358 82.1333
918 40.5861 82.3679 106.377
919 39.4867 76.1194 97.7825
920 65.9062 77.3106 98.3358
921 64.1587 89.9611 90.7423
922 68.5526 83.5423 77.7921
923 72.7905 60.012 97.8996
924 78.5795 92.6322 106.26
925 62.9968 82.703 101.662
926 57.0902 86.3139 86.709
927 102.812 98.3727 90.6881
928 68.8276 80.0609 106.275
929 57.9713 84.4639 114.786
930 58.961 82.1959 122.898
931 76.6962 76.5031 116.929
932 67.572 80.986 122.566
933 71.6827 78.3301 100.678
934 76.1186 78.3642 122.742
935 66.2118 87.5405 122.608
936 64.228 74.4073 108.656
937 67.6796 90.1947 122.712
938 85.5457 99.2781 7.16496
939 56.8946 90.1041 -1.19443
940 61.2216 106.17 16.7479
941 69.7638 84.1654 -1.24555
942 79.3328 94.0601 25.5941
943 70.9438 113.756 34.8777
944 79.6855 113.472 17.5988
945 45.6717 97.9031 21.5655
946 69.3836 107.832 19.0545
947 69.5577 113.264 20.3601
948 64.1877 91.4959 13.1424
949 55.4547 113.654 19.7563
950 73.9645 97.7797 23.6695
951 67.9775 113.535 30.6683
952 63.5942 101.729 50.4149
953 55.1025 99.7813 23.7989
954 84.8584 107.038 33.0277
955 52.8939 108.343 29.9364
956 81.8436 97.8535 41.6387
957 66.8056 110.014 59.1782
958 51.7865 107.795 55.1284
959 90.1546 109.774 41.2468
960 65.6187 94.0011 48.2774
961 67.1503 107.821 54.9704
962 76.5026 103.958 68.2962
963 50.0859 113.536 52.3122
964 77.6627 87.8898 45.8376
965 97.4963 102.093 50.1472
966 65.3568 87.7171 39.3133
967 59.9805 114.021 57.76
968 70.8223 113.936 58.8579
969 83.561 113.869 87.9134
970 84.5992 98.3843 79.4886
971 54.3345 113.574 76.5855
972 69.7282 113.772 64.1033
973 81.0508 84.5378 81.9893
974 65.0739 104.006 61.6681
975 85.0979 96.1044 79.5657
976 50.2128 101.84 100.319
977 91.3583 114.078 77.2359
978 77.1845 73.9069 79.6873
979 61.2497 101.721 79.5756
980 75.5496 90.0711 86.3394
981 78.2856 113.823 87.6731
982 61.4288 113.671 73.4697
983 60.1552 113.664 85.5241
984 57.462 90.6348 97.2225
985 85.2907 113.799 88.9696
986 87.4739 114.626 112.849
987 60.4257 92.1429 95.0541
988 52.9181 98.3165 108.59
989 89.7065 89.8365 95.4596
990 61.4508 96.1191 92.9691
991 82.9486 114.144 103.119
992 73.1758 87.6602 115.451
993 73.5954 88.0898 92.9333
994 61.4795 97.8613 90.9842
995 67.211 114.23 100.932
996 62.9524 98.0636 92.8645
997 57.7229 113.88 92.9031
998 68.8032 100.42 122.304
999 61.7258 114.586 118.143
1000 78.8917 110.39 122.289
1001 63.2549 103.348 122.586
1002 78.8619 94.2384 122.474
1003 53.1351 90.1052 117.346
1004 79.9302 114.774 112.007
1005 84.7298 114.997 116.548
1006 90.2685 94.5934 106.388
1007 57.6405 104.766 120.745
1008 114.613 14.1338 16.2753
1009 97.3347 13.3368 11.6464
1010 97.3825 18.6513 -1.03557
1011 108.442 2.19232 -0.668688
1012 92.9898 -1.29719 0.881667
1013 102.826 16.6842 6.73934
1014 86.8159 21.095 9.32953
1015 103.42 15.6316 24.5295
1016 113.307 1.17347 37.5281
1017 108.848 -0.524473 26.7882
1018 86.537 12.8465 7.27824
1019 95.6113 9.12554 19.7945
1020 113.67 22.4466 20.8169
1021 94.3051 7.3815 21.7981
1022 87.7249 17.6189 39.912
1023 95.0836 11.3413 31.2281
1024 113.321 0.704153 27.6821
1025 95.1925 21.4926 35.4517
1026 108.776 15.4285 31.1305
1027 113.019 15.8384 40.3354
1028 96.9403 19.4453 35.4328
1029 98.9846 -0.383607 37.4114
1030 112.699 35.2999 60.1254
1031 87.8834 -0.287517 76.383
1032 112.705 6.14414 60.4065
1033 105.714 19.6555 64.1345
1034 112.867 22.7015 51.6146
1035 89.0362 -0.395165 55.9162
1036 112.703 14.9128 57.0611
1037 89.1669 17.551 42.1878
1038 95.6626 25.6648 68.8616
1039 86.3215 21.6112 73.4556
1040 112.913 12.4577 62.817
1041 90.6477 -0.249516 68.6435
1042 112.789 1.16306 67.0167
1043 86.5688 -0.179843 66.0536
1044 98.1902 13.7911 79.9098
1045 102.838 25.5554 64.4295
1046 87.0753 -0.00701439 88.6733
1047 92.5265 17.639 79.8441
1048 98.0296 16.1848 93.1155
1049 105.906 0.0581632 73.8638
1050 103.988 25.6431 101.9
1051 94.3432 19.9627 93.3485
1052 99.6773 21.9782 84.2319
1053 113.104 14.4288 83.5319
1054 97.5228 22.0525 82.0804
1055 111.23 -0.106249 73.6895
1056 77.9503 11.5056 106.92
1057 115.505 3.28063 110.163
1058 93.5756 33.9272 95.3915
1059 103.595 7.91582 102.1
1060 110.115 15.6634 83.736
1061 92.5413 4.39368 96.1147
1062 78.6328 13.5744 106.737
1063 85.6419 25.8651 91.1453
1064 88.6163 0.113497 99.642
1065 98.7892 4.11101 123.27
1066 97.0043 11.6599 112.915
1067 108.755 7.5332 113.213
1068 115.295 7.04665 121.374
1069 100.572 9.72404 106.746
1070 102.761 42.7266 -0.856307
1071 84.3542 37.9572 10.0343
1072 104.311 40.9371 -0.768175
1073 102.861 41.8839 15.5322
1074 104.367 42.3418 2.28827
1075 98.5242 44.5691 -0.875661
1076 106.321 49.5777 19.4814
1077 100.847 35.5409 24.2291
1078 102.812 40.1234 6.33778
1079 94.4537 33.2142 17.7113
1080 88.1595 33.4321 24.1613
1081 107.087 33.5908 13.6323
1082 82.4403 55.8253 39.3576
1083 113.125 53.7758 22.1129
1084 83.7522 19.2274 26.7798
1085 75.2574 35.0003 23.5884
1086 78.1653 29.598 57.5426
1087 112.66 21.0212 42.1082
1088 90.4606 55.9129 39.4903
1089 89.2789 15.9322 48.6842
1090 113.035 38.3554 56.3286
1091 79.6736 31.2836 32.9868
1092 95.9223 35.9351 64.0778
1093 95.9239 30.0683 59.9228
1094 90.6129 41.7922 62.1207
1095 78.3602 33.6533 48.9144
1096 90.3918 43.9331 59.6472
1097 79.2671 29.605 35.3138
1098 98.4828 49.4695 50.5599
1099 112.786 40.6793 58.7554
1100 72.6281 25.6812 62.351
1101 113.145 24.7276 27.3587
1102 112.658 20.3767 54.7766
1103 109.29 27.8616 61.936
1104 82.5196 27.4645 53.0662
1105 90.2675 25.2972 62.4548
1106 113.137 8.47397 76.9595
1107 81.7214 31.5594 59.7937
1108 92.2263 27.7682 68.9612
1109 78.3304 27.6547 57.457
1110 113.556 41.0466 89.8571
1111 101.857 43.9524 72.9069
1112 113.459 55.4361 90.6467
1113 89.0884 11.6826 75.8321
1114 79.8519 33.6756 84.4394
1115 81.3106 27.7665 86.7343
1116 113.199 30.5357 78.8875
1117 83.8087 37.8003 82.0981
1118 94.5829 32.0448 77.6607
1119 68.7624 21.5649 93.609
1120 106.047 49.8782 70.5998
1121 58.7571 29.8977 80.4615
1122 85.4801 33.3993 84.5494
1123 104.902 49.6595 90.5787
1124 96.2378 38.2112 91.1539
1125 91.6836 46.2248 88.641
1126 96.1785 55.5797 77.5086
1127 83.0745 58.127 102.151
1128 92.4056 42.0795 110.731
1129 100.435 39.7334 114.629
1130 109.354 27.4633 122.621
1131 98.9754 44.6165 110.026
1132 102.282 42.1209 116.735
1133 115.378 34.969 117.925
1134 101.415 31.9338 110.658
1135 96.7876 44.0592 112.672
1136 79.2762 48.0965 112.985
1137 99.9285 53.1206 13.3917
1138 104.305 40.7163 4.26782
1139 95.5899 51.677 -1.10013
1140 108.548 45.9868 12.5987
1141 112.266 74.2768 55.0773
1142 112.874 57.0986 36.0829
1143 101.633 63.4041 37.3462
1144 95.4534 61.5743 21.6167
1145 85.9396 35.3551 19.8005
1146 113.921 41.2872 15.5174
1147 114.213 67.1364 15.7637
1148 108.282 57.9052 21.6948
1149 94.1402 68.4567 14.4525
1150 75.6756 68.253 21.108
1151 112.803 51.4683 51.1375
1152 104.124 63.7074 50.673
1153 89.5513 53.6052 41.827
1154 93.2256 64.3301 35.536
1155 76.5599 59.6777 39.6397
1156 85.8085 61.6321 32.525
1157 112.908 32.7087 46.1414
1158 93.0385 43.9061 44.0285
1159 82.1059 51.5419 46.278
1160 112.542 80.5474 57.688
1161 106.577 58.007 59.5805
1162 90.3735 63.2613 55.3391
1163 90.471 51.418 52.6695
1164 87.2399 63.8711 48.1854
1165 105.538 61.7451 52.6832
1166 87.8338 76.1431 45.6556
1167 112.88 36.2937 49.1865
1168 69.2081 71.8334 55.3025
1169 104.487 59.7102 61.729
1170 113.097 58.848 83.0153
1171 90.6209 47.5867 70.5829
1172 112.942 49.5709 66.8845
1173 74.1806 53.9705 66.2481
1174 113.343 52.5081 92.7936
1175 79.3784 61.9259 66.3556
1176 97.0173 45.5294 59.695
1177 93.2826 80.0418 79.5179
1178 114.93 61.0093 115.259
1179 93.3397 42.3493 70.5514
1180 84.9386 61.5089 57.586
1181 112.931 51.4625 56.354
1182 100.157 55.9524 75.1948
1183 115.281 51.6996 109.935
1184 99.5397 64.2325 88.5389
1185 93.6439 62.4468 92.999
1186 96.3969 43.7183 86.7179
1187 113.884 72.5571 103.07
1188 113.463 61.4339 88.4164
1189 112.638 64.5156 71.1855
1190 113.288 53.8742 75.1141
1191 77.5164 65.4491 70.6314
1192 101.298 36.3608 95.1707
1193 96.2666 59.8945 88.4577
1194 73.7703 47.5549 79.7713
1195 113.723 74.654 91.4097
1196 93.1044 78.5152 99.6303
1197 82.4085 62.078 95.3384
1198 97.2376 62.3471 110.498
1199 88.4592 86.2276 106.302
1200 80.3656 61.5252 108.215
1201 86.2517 55.0188 122.901
1202 94.7191 50.776 113.232
1203 109.277 59.9463 122.316
1204 104.715 76.9628 109.962
1205 93.795 57.7471 122.971
1206 107.826 64.9497 122.459
1207 95.4581 101.01 -1.307
1208 81.8591 75.6722 -1.44634
1209 97.0826 86.2558 16.2285
1210 114.77 81.2242 9.33
1211 84.0908 88.5581 8.22421
1212 114.513 82.6595 0.0688576
1213 89.8795 77.1211 -1.18834
1214 79.8706 72.3375 6.1018
1215 100.724 71.7388 12.9335
1216 105.473 86.208 -1.18607
1217 97.427 97.6458 25.5487
1218 114.01 91.0899 16.9568
1219 82.028 101.43 21.6128
1220 97.9038 75.7726 28.3232
1221 113.154 53.3008 28.5585
1222 113.082 76.5001 31.583
1223 60.4742 89.9285 21.5913
1224 78.226 83.7896 34.7446
1225 110.8 87.7998 19.7194
1226 90.299 74.0791 64.3639
1227 100.649 89.7675 50.3819
1228 93.0204 75.6126 50.388
1229 97.4506 69.6973 37.4124
1230 69.7002 95.0543 26.2371
1231 88.9506 73.714 61.4593
1232 112.902 77.102 44.9638
1233 81.7365 81.8348 38.9863
1234 95.8115 75.8388 59.555
1235 109.779 67.9465 54.9351
1236 67.5733 81.4938 52.8384
1237 102.783 65.6322 37.5501
1238 112.335 88.9971 61.9646
1239 79.377 91.8531 48.3903
1240 69.6726 97.9008 43.7077
1241 112.703 69.6224 57.8239
1242 113.133 77.6437 59.1708
1243 112.889 99.4226 72.2399
1244 96.1316 70.0158 73.0347
1245 113.039 89.5581 83.9698
1246 112.797 46.6149 60.4865
1247 114.689 49.1214 106.303
1248 93.0453 103.95 63.7105
1249 112.638 62.5057 68.6778
1250 88.6729 92.1721 81.7803
1251 99.8853 69.4858 74.8334
1252 88.3402 76.1391 90.7595
1253 113.047 68.4545 76.0033
1254 77.7331 75.8157 70.5452
1255 89.3147 70.5117 86.2431
1256 113.828 74.663 95.8232
1257 93.3546 80.31 88.4395
1258 95.0549 82.156 88.0474
1259 97.8459 67.5783 88.9987
1260 107.316 82.4917 103.988
1261 113.455 58.9293 86.4235
1262 85.6733 98.4292 99.6549
1263 113.158 68.3021 89.6844
1264 93.4673 70.4134 99.58
1265 112.932 89.0214 96.1118
1266 108.984 74.6489 116.438
1267 89.1175 71.1433 122.727
1268 115.018 70.078 115.171
1269 87.7115 77.2063 122.597
1270 102.084 82.242 122.38
1271 109.099 75.9267 117.921
1272 104.662 94.47 108.36
1273 87.355 85.9541 113.221
1274 106.216 96.4409 122.252
1275 94.624 80.3039 122.567
1276 114.977 81.2635 107.268
1277 91.9408 83.894 122.409
1278 77.8915 76.1882 122.931
1279 103.123 83.5107 105.179
1280 109.179 72.1137 122.381
1281 114.53 88.8577 1.81968
1282 92.6336 114.107 3.9258
1283 105.595 114.115 10.084
1284 114.527 100.86 13.9891
1285 100.957 114.197 3.6987
1286 89.3858 113.834 28.3683
1287 103.924 112.392 -1.60448
1288 94.5064 104.079 32.5315
1289 98.4833 114.007 34.9016
1290 112.757 79.8067 30.9576
1291 113.761 103.597 17.0075
1292 87.6233 113.561 36.3217
1293 103.488 78.0502 17.4267
1294 107.109 113.861 27.8287
1295 66.7156 113.55 47.9071
1296 101.196 113.962 48.4212
1297 64.0141 113.497 37.3088
1298 102.907 113.918 34.3649
1299 113.237 86.2999 34.7987
1300 93.3747 95.9784 34.922
1301 92.6214 99.5483 27.9481
1302 92.9301 97.6971 36.97
1303 106.539 113.98 58.3929
1304 112.7 98.6819 52.1556
1305 109.662 113.646 44.2138
1306 68.099 114.18 4.99487
1307 76.2908 97.5069 41.4128
1308 83.4266 85.8446 68.2759
1309 99.8635 114.149 78.1808
1310 80.514 104.143 68.5212
1311 90.317 86.093 74.9363
1312 87.272 80.0793 66.2159
1313 109.346 113.885 62.8733
1314 98.3612 114.195 67.4299
1315 96.4435 80.3937 88.3211
1316 96.6903 95.1225 83.4697
1317 101.421 108.609 94.9524
1318 112.653 112.963 83.1203
1319 92.1063 106.442 81.243
1320 105.205 94.1569 74.3067
1321 106.61 114.134 70.2557
1322 96.3764 84.3623 90.6149
1323 113.067 110.601 90.0634
1324 113.305 105.689 82.5475
1325 94.0827 84.4287 104.036
1326 112.939 85.302 88.5003
1327 93.6267 90.1246 95.1711
1328 112.899 99.0553 98.8906
1329 90.3217 114.177 79.5983
1330 109.523 113.98 91.3935
1331 73.9563 98.5843 108.327
1332 86.7636 114.959 120.368
1333 91.5904 114.675 114.828
1334 96.3176 101.163 122.461
1335 95.7306 106.937 112.106
1336 115.058 103.678 120.434
1337 105.876 101.727 102.798
1338 115.23 103.379 108.995
1339 115.236 112.133 120.763
1340 115.076 109.569 110.6
1341 84.8081 98.6907 118.484
