0 8.37696 21.8232 -0.162493
1 11.4591 1.92011 -0.183162
2 17.2025 18.3562 11.9632
3 28.7102 -1.53053 3.3018
4 27.0803 2.7694 -0.181139
5 9.44331 2.57004 3.83093
6 -0.280733 9.66873 1.5397
7 11.5837 6.79518 11.7578
8 21.4596 10.9145 -0.203135
9 -0.455042 13.8505 1.49336
10 1.97944 36.7459 59.5858
11 24.296 15.0821 22.3959
12 1.37706 17.9221 36.2033
13 1.3461 -1.21877 5.45502
14 22.8412 -1.09615 15.4302
15 15.7516 12.8496 27.0255
16 -0.547287 33.3263 8.55773
17 26.2937 -0.648956 27.3544
18 1.39492 8.36506 29.8853
19 15.6472 24.5697 40.7949
20 18.4723 -0.786467 40.5938
21 2.64049 -0.721403 32.3841
22 14.4993 19.3957 47.4089
23 29.2454 5.08803 42.685
24 1.89647 20.5557 59.527
25 17.4207 -0.542585 44.7637
26 6.32164 -0.856433 48.2048
27 27.0779 25.4648 56.2597
28 42.4809 -0.336896 56.5221
29 14.4216 -0.630893 52.1282
30 16.5813 31.3626 69.4767
31 14.9002 15.283 54.0614
32 2.12983 7.65815 45.9725
33 29.9634 11.3594 58.2289
34 1.9897 29.4636 95.8048
35 42.523 -0.267037 66.5982
36 25.8371 -0.449177 56.6888
37 2.06751 25.9824 65.65
38 14.8268 -0.817999 80.4561
39 14.6789 -0.600823 61.1301
40 13.4412 -0.531757 67.8242
41 17.5635 -0.212522 71.4053
42 45.8205 5.58924 87.2508
43 24.0807 -0.345168 94.6982
44 28.3038 19.6955 85.1354
45 13.0188 -0.31815 91.3974
46 1.92121 4.95504 89.8437
47 7.79971 -0.417217 85.2182
48 11.5722 23.6356 96.042
49 27.4625 15.2784 117.585
50 19.8936 -0.832808 119.905
51 36.8979 13.6672 100.766
52 14.0749 27.4895 104.791
53 17.8122 -0.573483 121.631
54 32.558 -0.363646 99.191
55 14.9426 -0.547562 107.527
56 33.6814 18.0337 94.3983
57 19.1194 25.0367 111.183
58 8.36966 31.6745 98.011
59 1.41143 20.4169 99.0174
60 9.62412 5.40763 117.897
61 8.0155 -0.588897 119.444
62 29.0266 15.0903 123.673
63 20.6445 10.7504 123.658
64 0.432372 0.451863 120.515
65 0.948718 -0.741766 115.915
66 18.1314 43.2514 11.637
67 22.7303 38.61 9.08477
68 10.6768 24.7359 7.53873
69 4.15964 41.9271 10.7584
70 27.564 20.809 19.7308
71 4.11439 39.9337 8.67087
72 28.2662 38.631 -0.645403
73 22.9938 29.3176 -0.600058
74 40.2944 14.8407 24.6959
75 -0.438359 44.1538 2.76737
76 1.29011 21.2718 22.7907
77 -0.0119448 38.8655 16.2528
78 1.03958 2.27241 47.9982
79 1.82922 43.7883 46.7613
80 10.8771 31.4701 49.2093
81 2.11299 40.6722 59.6066
82 26.772 43.4614 26.5949
83 24.3481 53.1668 50.9886
84 44.539 37.1243 42.1522
85 1.38976 40.1745 33.1671
86 48.7457 53.7543 46.4527
87 1.13747 28.4182 29.2957
88 32.4776 45.7441 51.3508
89 1.49499 37.0947 49.8017
90 25.3697 41.619 49.2049
91 27.3963 55.1173 51.2522
92 1.47675 58.8046 51.9705
93 2.06224 7.91926 50.7373
94 14.4516 51.5644 57.7522
95 21.7319 15.4855 58.3133
96 12.0416 57.1794 53.1595
97 19.6442 49.3801 37.9905
98 21.401 39.6225 69.1986
99 11.2783 17.1324 58.603
100 1.56432 36.1862 89.2727
101 10.9349 37.3198 60.1904
102 2.2502 12.2817 81.2681
103 27.4466 33.7112 73.8012
104 37.8941 39.0828 48.4788
105 2.38898 36.025 67.4936
106 28.7575 39.7604 71.2569
107 21.2391 37.7592 93.6843
108 9.85477 20.0181 98.4746
109 2.02776 27.0043 75.2685
110 16.5415 47.7055 86.9749
111 1.36082 48.8423 98.1979
112 38.2797 35.4841 87.6517
113 1.72778 22.0467 92.1305
114 25.1443 36.3842 105.536
115 21.1498 41.9591 91.7233
116 8.46419 33.5716 84.7532
117 11.4457 41.9238 89.3883
118 26.1657 31.6956 102.693
119 18.9076 55.0815 116.396
120 16.737 39.608 98.2964
121 1.72435 54.5691 99.6891
122 15.5854 43.8143 102.628
123 15.7576 29.8713 89.0841
124 8.84044 27.4209 100.419
125 30.1125 25.4624 109.514
126 21.6033 56.1775 123.311
127 21.7802 46.2284 116.064
128 14.933 22.2223 123.735
129 18.8091 45.8605 115.524
130 6.08574 34.3524 123.422
131 7.51668 37.2393 123.379
132 27.463 28.9584 101.946
133 23.3235 27.9273 116.115
134 16.8816 67.9497 14.876
135 3.95713 60.9997 -0.350306
136 22.6323 66.9368 -0.929746
137 21.1235 60.961 12.8485
138 9.88268 57.7503 18.1157
139 -0.528258 68.0728 10.893
140 0.858559 47.0811 25.5676
141 24.221 59.6122 21.8629
142 1.34665 44.0373 36.9965
143 1.50151 59.627 25.8477
144 38.9715 37.1946 30.6204
145 1.29244 70.9331 44.5205
146 20.0991 65.0658 15.0558
147 28.8653 63.4672 35.1307
148 22.2297 59.4831 42.0317
149 33.5254 63.7568 37.5311
150 33.898 49.3463 46.563
151 17.4128 59.334 44.6649
152 34.6545 63.3843 35.0029
153 25.4491 53.5034 42.0062
154 20.7133 63.6569 44.0726
155 28.1284 61.7798 41.9025
156 20.389 47.2669 38.0985
157 1.65869 43.4214 40.4206
158 26.6143 47.4515 35.4049
159 1.50568 29.6744 34.75
160 24.2566 65.4889 41.7105
161 27.5323 69.2798 54.5991
162 21.0955 67.558 39.5999
163 32.8093 43.2352 50.9652
164 50.5415 61.635 62.2306
165 28.512 49.5044 64.7694
166 21.417 65.1348 48.6903
167 2.06021 18.1192 71.0657
168 1.60073 50.9135 87.1006
169 26.1619 69.3274 66.9798
170 9.87069 77.8323 70.492
171 39.8683 61.9183 73.5173
172 13.733 61.7797 77.3824
173 36.3162 75.4713 93.9856
174 43.58 54.341 91.9255
175 2.17078 83.5389 95.1551
176 25.4809 57.7662 82.2947
177 29.5206 57.7546 80.2915
178 31.7467 47.9394 80.3224
179 19.8824 45.3559 75.7213
180 1.86427 48.8411 59.6431
181 20.7491 65.8119 89.6769
182 18.1018 60.2641 95.7225
183 21.0126 53.7301 93.8696
184 15.1686 57.7179 98.4441
185 37.023 51.9926 109.194
186 0.0171563 61.2302 104.138
187 3.15823 68.6907 112.713
188 1.78287 75.2243 103.909
189 23.1746 51.8075 107.39
190 4.99222 47.7962 113.47
191 -0.172436 66.8567 121.786
192 11.4777 63.5393 114.561
193 18.7852 68.5859 123.183
194 0.104676 50.947 114.658
195 8.92893 59.5989 123.235
196 17.7174 53.753 117.182
197 20.4648 51.7126 119.288
198 28.7585 62.399 123.304
199 8.29088 64.6319 10.4921
200 9.12697 91.6325 11.3815
201 16.6736 80.4458 6.21954
202 13.0541 73.5689 17.5724
203 28.3841 77.8198 8.81578
204 10.3376 75.3502 11.4892
205 7.75937 85.8245 -0.588188
206 14.1845 73.4729 15.2685
207 9.8576 74.5089 18.8187
208 18.4189 71.3882 11.2837
209 27.8755 85.5915 41.7753
210 18.2784 81.3825 21.8869
211 20.1533 85.7023 21.9734
212 24.681 72.3856 30.2389
213 17.1602 74.8714 15.8132
214 21.2651 84.0983 15.8269
215 1.72935 82.6567 40.1521
216 13.2518 77.8022 17.7081
217 22.7349 75.6033 26.314
218 21.8599 93.5879 26.0015
219 22.0117 73.3403 22.016
220 1.35241 62.4833 35.2177
221 1.30812 88.9699 21.0484
222 1.59015 82.2939 30.808
223 8.7848 73.1621 17.9046
224 23.6469 71.7082 39.532
225 27.7239 78.8246 36.2901
226 52.9258 57.5456 41.7752
227 30.8435 99.8629 44.0752
228 1.37674 70.843 31.888
229 2.15564 80.884 62.7209
230 25.2227 93.8834 73.1426
231 21.7694 67.7209 52.9214
232 1.37554 78.5067 39.7099
233 2.27986 78.2518 69.9562
234 36.4027 63.4448 46.5305
235 19.8114 63.438 59.6313
236 25.7379 61.0045 57.4013
237 1.22883 74.8508 52.1184
238 1.61608 86.3003 55.977
239 2.24111 73.4086 70.841
240 9.52258 69.4756 44.8127
241 12.8171 72.7967 78.2325
242 19.756 69.8206 53.0535
243 18.4154 96.0043 68.9981
244 25.0975 90.0334 78.4404
245 2.64804 77.1669 88.3293
246 36.9406 94.1985 55.0863
247 19.2629 73.7306 59.3313
248 36.7142 95.514 64.0246
249 2.50497 85.1049 71.1614
250 39.7388 71.9144 77.9439
251 2.50967 86.3025 89.7207
252 19.2238 57.6922 100.283
253 16.0207 102.018 59.9342
254 19.4544 66.0328 91.651
255 30.7408 78.246 102.375
256 41.8724 91.8877 86.6698
257 13.0168 90.2708 98.1368
258 26.5875 79.6447 93.5027
259 3.03145 82.3518 82.4595
260 2.22086 92.7687 67.4229
261 1.64344 90.3894 98.2013
262 2.67934 90.9313 90.1351
263 29.9286 65.4879 93.7272
264 -0.0364931 67.4323 109.503
265 -0.09165 65.2365 115.93
266 17.7039 74.9411 101.076
267 2.50007 78.9307 73.4455
268 20.8941 82.0497 87.7723
269 26.2419 84.0116 96.3995
270 30.5588 86.2512 98.1643
271 14.4958 87.7103 123.047
272 21.7993 68.6943 123.323
273 10.0899 77.0082 123.29
274 9.06698 83.9104 123.079
275 25.8651 72.0221 107.041
276 30.1685 76.4484 102.773
277 41.5806 80.7329 123.089
278 25.0496 110.243 -1.19404
279 26.8597 95.4836 9.2417
280 12.3072 89.2017 -0.556095
281 6.58019 113.771 7.71138
282 16.6424 113.611 10.521
283 0.505001 97.305 -0.439918
284 38.3466 93.7888 17.2492
285 1.41734 94.1506 23.4289
286 14.5407 113.531 22.3861
287 13.6686 99.6275 26.2186
288 9.51761 113.518 31.4257
289 0.686964 107.779 17.4518
290 -0.584467 92.3958 14.0631
291 14.4778 113.602 19.3261
292 1.52138 100.395 33.5618
293 16.0764 94.9968 35.9034
294 11.92 95.3915 19.6624
295 2.37326 113.308 15.065
296 29.4447 113.821 7.28468
297 24.7151 94.0073 28.0906
298 18.0721 113.452 32.5313
299 20.358 75.457 21.8415
300 25.6319 95.8882 52.8238
301 8.7288 113.665 38.1916
302 1.35804 112.406 32.723
303 9.58027 114.084 53.0476
304 2.00474 112.44 54.7433
305 27.9556 87.6126 19.6302
306 9.9574 113.69 40.0448
307 28.2934 113.592 14.2702
308 22.1678 113.435 33.4354
309 19.1481 93.882 26.3816
310 17.0392 87.5401 44.5779
311 9.75954 93.6278 46.848
312 34.0529 113.831 64.4931
313 18.1889 113.709 35.6588
314 1.90042 90.9034 64.5747
315 2.21975 101.782 74.9149
316 18.863 113.902 70.8372
317 1.94956 99.4344 82.1089
318 1.61475 100.684 85.6153
319 25.4513 99.8621 66.2294
320 23.1359 90.2073 64.5853
321 6.98832 112.961 123.171
322 16.9255 114.089 79.276
323 32.069 113.683 75.7292
324 14.4535 113.928 74.4997
325 30.8701 93.8357 77.718
326 4.33556 114.174 88.1113
327 0.90368 89.5169 103.044
328 23.4072 106.491 100.106
329 34.9595 115.063 120.882
330 33.8678 84.1549 89.1669
331 1.72442 105.609 102.111
332 15.2004 94.3734 106.836
333 8.7005 114.476 111.53
334 0.945061 109.033 102.125
335 15.8988 114.174 88.9237
336 21.0896 113.751 81.046
337 25.8394 101.906 86.6076
338 28.7724 114.416 116.506
339 25.9764 107.236 122.92
340 -0.0563528 99.4642 110.505
341 17.4662 104.176 109.344
342 14.5592 106.791 117.359
343 31.2922 12.6962 -0.456526
344 30.628 8.55173 9.59695
345 55.8136 18.9779 3.45948
346 45.6553 13.0045 -0.382517
347 53.1043 -1.22744 21.259
348 42.7836 7.62825 22.5079
349 34.5488 14.1327 -0.299399
350 40.2171 19.1468 10.8876
351 45.2913 24.7268 7.1717
352 41.6888 20.4157 24.7924
353 47.4735 -0.856761 29.6112
354 41.547 15.1862 26.6818
355 47.3897 -0.86518 22.167
356 55.9633 -0.503851 29.5536
357 35.2946 19.5659 40.1565
358 22.7521 9.02459 4.98436
359 57.2712 25.2174 32.6594
360 44.2833 27.2419 26.387
361 51.9881 -0.26414 42.1508
362 32.1018 29.1259 48.8408
363 53.0761 25.339 34.9727
364 50.4125 22.7366 36.9704
365 47.9312 -0.543359 66.8996
366 31.1706 9.26113 67.1574
367 22.6667 -0.676405 49.3423
368 44.0042 17.3659 53.5686
369 47.7429 29.3172 57.1027
370 47.8485 15.3118 51.2101
371 39.2449 26.9191 41.9124
372 32.9874 25.376 59.9327
373 43.4704 23.2658 48.6514
374 42.4151 11.8606 56.2086
375 64.3319 11.7223 75.7133
376 34.1721 15.5248 67.0027
377 40.9175 -0.170068 72.251
378 49.2746 -0.282318 87.0031
379 47.036 17.5553 94.2967
380 18.8501 -0.245485 82.7594
381 43.7033 21.6386 83.0787
382 35.5401 39.3922 89.54
383 60.3636 -0.562707 98.807
384 57.4055 13.6864 102.654
385 25.7899 -0.176508 80.4739
386 35.4706 -0.309018 72.2621
387 50.5192 -0.641934 115.012
388 32.19 -0.690079 103.526
389 50.1128 23.7523 102.943
390 50.5656 17.1278 109.985
391 53.6108 29.6806 107.225
392 32.538 21.6919 94.2001
393 50.5412 11.8821 123.615
394 40.6102 5.95058 123.474
395 46.1025 24.1101 120.152
396 36.2564 21.126 123.602
397 36.2006 0.866604 123.574
398 44.544 -0.573908 117.979
399 50.5141 12.8371 115.113
400 63.898 -0.600687 116.043
401 53.1843 5.04368 123.859
402 28.4952 30.682 -0.608577
403 21.3462 36.8555 9.57226
404 31.3852 38.7833 5.07953
405 54.2649 37.4078 -0.924742
406 55.531 40.6155 -0.983902
407 51.3577 32.8688 17.5389
408 25.0388 34.8155 5.44922
409 45.7172 36.856 15.0052
410 31.4332 29.5411 -0.337693
411 46.8699 36.4906 -0.718208
412 31.3397 43.7342 9.97248
413 26.2055 43.1702 13.4406
414 50.5742 29.3256 28.2346
415 29.4068 49.3832 35.5017
416 48.4453 36.2608 23.6442
417 34.0237 38.8083 13.1779
418 35.895 37.0593 13.4976
419 53.9322 29.2291 24.0203
420 36.9017 36.6163 10.9825
421 62.9075 39.8616 36.5647
422 19.7314 33.0607 38.0071
423 53.3945 9.58846 44.5339
424 36.4311 29.4767 30.9757
425 21.0027 29.3523 33.5837
426 50.3772 11.661 42.5202
427 62.8153 16.6711 35.8515
428 37.0326 41.3732 22.0577
429 52.0178 35.554 37.1175
430 39.1942 43.7359 39.4982
431 40.6367 25.4078 44.19
432 16.8772 47.0785 35.6125
433 35.4227 27.2587 59.7495
434 52.0159 29.225 52.4915
435 31.3516 25.4675 53.3275
436 37.0695 31.3585 55.2833
437 32.5245 22.8186 44.3196
438 68.2631 43.8417 62.2333
439 51.177 35.7594 54.7291
440 55.7568 33.676 80.8286
441 31.3519 33.0859 64.6976
442 62.9364 33.5751 68.8482
443 26.8788 43.2989 53.323
444 37.2643 39.5855 75.4805
445 37.3128 23.5313 75.649
446 20.0024 25.1975 47.0434
447 46.1085 22.9909 43.9
448 40.7816 13.7007 92.2179
449 39.8947 31.9387 80.6413
450 41.731 37.107 39.4207
451 35.1622 41.5369 66.4375
452 11.3936 39.7403 82.6088
453 48.9314 52.0019 80.437
454 36.4638 33.5865 55.0936
455 64.1294 31.5804 66.0833
456 46.4059 29.8254 83.1814
457 39.5141 21.462 75.8078
458 42.4004 27.7519 80.6384
459 36.612 49.8243 89.434
460 72.5747 51.9179 84.8722
461 42.0575 47.9982 80.1712
462 39.9911 19.3886 85.7043
463 52.0724 50.2742 91.8
464 53.3721 33.7603 76.1565
465 21.4218 39.8738 91.6495
466 74.3958 32.1371 91.7106
467 50.5255 11.9305 105.433
468 60.2686 45.9402 104.847
469 38.3203 5.56184 96.1799
470 30.3604 50.3991 113.077
471 49.0756 37.6184 117.193
472 54.1616 33.6994 115.535
473 49.7707 33.8003 115.343
474 14.6328 17.8665 123.866
475 47.4876 29.3394 123.5
476 47.8079 37.909 113.457
477 43.1196 55.6682 114.751
478 60.6054 18.0465 123.634
479 39.0392 54.76 104.887
480 36.8676 62.8995 -0.807548
481 45.4641 56.213 13.6525
482 39.9841 37.9274 -0.580333
483 42.4896 53.4482 -0.969337
484 17.9076 61.5926 31.2497
485 29.17 41.386 30.7878
486 44.1782 71.8194 28.631
487 55.5162 69.7358 19.4416
488 47.171 67.4028 37.3374
489 39.1307 55.7093 28.5274
490 44.7455 59.5228 35.1198
491 39.7711 65.4493 24.0085
492 38.5641 49.3029 28.8541
493 50.7644 43.6488 48.1854
494 33.9075 33.5434 50.8126
495 44.8017 57.5846 41.5902
496 31.704 51.2915 44.4762
497 36.7153 65.4098 37.5667
498 46.3194 71.465 46.6895
499 42.6828 55.6115 46.6433
500 39.6451 65.5762 51.0102
501 44.5628 69.7982 44.1875
502 51.639 53.4177 44.2068
503 45.4199 37.7521 70.6511
504 45.2301 51.3667 62.3309
505 42.426 65.4509 51.0804
506 51.8142 59.5533 64.7172
507 67.4852 64.1337 95.9002
508 41.7127 63.8325 71.2076
509 30.6084 57.6626 64.6945
510 46.3955 43.914 77.8901
511 39.5948 53.5471 57.8887
512 39.4546 57.7175 71.1787
513 22.8285 65.3092 57.0757
514 52.2693 66.1739 87.0567
515 34.9881 59.732 93.7573
516 41.8388 70.076 80.2599
517 53.5259 83.9924 84.6101
518 33.1726 47.4522 71.3391
519 42.8745 47.9786 102.885
520 32.6742 43.3497 64.4533
521 27.9392 51.8107 87.1824
522 63.4442 60.0163 84.8046
523 44.7882 64.0458 84.5479
524 39.415 62.2856 100.205
525 42.0391 46.2141 94.59
526 25.8757 67.0848 109.646
527 37.3191 56.1274 107.201
528 32.544 46.0833 87.4231
529 49.1583 53.9376 100.356
530 30.3126 65.9091 105.116
531 31.9025 62.4764 123.456
532 34.6294 63.6121 110.832
533 54.8452 50.5709 123.376
534 40.0082 56.1901 109.231
535 40.3592 69.4172 115.979
536 54.748 58.979 110.604
537 38.2313 80.8836 -0.849559
538 44.028 85.1396 -0.97644
539 33.8664 86.8286 -1.08619
540 52.4665 73.6054 8.89487
541 48.5392 105.768 18.5865
542 32.7012 68.637 -0.802157
543 26.8358 76.9112 -0.900282
544 59.6433 67.5388 30.609
545 56.1289 85.7141 25.9787
546 50.9463 69.3067 21.8058
547 41.6906 93.6442 15.2813
548 41.5821 60.7243 24.3363
549 62.2738 81.5256 19.2042
550 59.7813 81.2169 18.959
551 67.9261 86.1032 32.797
552 44.2574 87.8899 19.5393
553 51.7776 85.8551 48.4912
554 72.204 87.753 32.267
555 49.0002 69.7077 46.4208
556 37.7908 61.7459 32.9961
557 27.5782 83.7913 32.9208
558 37.4849 73.6042 23.8392
559 66.7287 65.568 30.5189
560 43.3246 69.7628 41.8933
561 40.211 90.172 39.1535
562 51.4582 60.0734 31.0749
563 62.7188 83.7069 37.2909
564 52.1124 79.7457 44.1166
565 33.9974 61.2579 22.0157
566 23.5317 74.6037 38.6582
567 45.9459 105.7 55.4139
568 54.5741 97.5809 68.4591
569 61.5137 67.9816 68.7459
570 51.3537 77.9961 64.4113
571 40.3867 81.2457 54.8607
572 55.6932 89.8853 43.9971
573 61.6645 82.1393 66.7485
574 67.5733 61.9448 64.053
575 22.8204 61.9702 59.3089
576 31.317 75.3498 45.9083
577 24.7809 75.6271 50.3504
578 28.3567 77.7139 56.6647
579 48.7458 71.9431 68.8262
580 49.2733 76.4298 73.0089
581 39.0946 82.1025 80.1801
582 46.1781 107.65 79.6804
583 44.9666 71.4178 59.7011
584 54.5752 92.9435 72.7999
585 41.9501 77.9348 75.8025
586 44.8974 72.0582 82.5284
587 59.3692 82.1913 68.8646
588 38.461 96.0807 86.6448
589 21.9649 92.5328 97.8652
590 54.4813 73.6238 99.6149
591 63.1814 70.0598 95.7263
592 59.5281 82.1581 88.9388
593 52.0595 73.8708 91.0884
594 29.3262 91.9977 84.7996
595 41.2021 64.1613 100.307
596 58.943 83.1469 111.463
597 50.4298 72.1938 113.291
598 37.7938 61.5494 95.8126
599 57.3287 89.3049 115.67
600 32.9862 77.9334 114.807
601 51.7827 75.7179 113.82
602 62.2616 88.1675 95.613
603 62.812 80.1826 93.3499
604 63.1799 77.1449 93.8257
605 36.7289 86.0986 97.9003
606 49.0171 71.8391 97.9966
607 37.7157 75.9626 95.8832
608 47.028 76.2529 106.682
609 31.614 74.8695 106.465
610 43.0626 85.7368 116.086
611 48.9977 67.7416 118.932
612 39.2381 84.5437 115.087
613 33.0828 72.9357 110.785
614 46.1209 79.0025 114.02
615 43.1933 78.9839 123.033
616 25.5027 90.0252 -0.761444
617 43.8905 112.521 -1.11586
618 55.3406 113.825 0.0216546
619 35.3608 91.7108 9.01881
620 51.0273 113.808 2.06289
621 40.7555 100.158 8.65455
622 56.7915 103.028 -1.37482
623 41.2169 114.083 19.3537
624 29.7165 100.198 8.39177
625 33.7153 113.867 6.29011
626 43.7614 92.0504 8.7591
627 20.7549 113.819 4.39876
628 39.1578 101.538 37.3516
629 25.4244 113.334 17.7378
630 42.9466 105.79 23.9112
631 33.6127 89.7572 10.968
632 15.0156 91.4606 25.9298
633 40.1918 113.564 26.6845
634 42.6525 107.785 16.9284
635 67.8194 96.0166 41.505
636 55.5667 114.022 41.7942
637 34.9077 95.8407 46.3367
638 69.9304 113.599 55.0602
639 33.1783 79.5326 36.9297
640 54.3457 109.51 71.0134
641 43.6213 105.842 50.7083
642 71.7955 113.933 47.3868
643 39.511 113.948 52.8197
644 45.6924 95.5655 37.4343
645 47.5258 113.466 32.7737
646 50.4752 103.704 59.452
647 29.8186 83.2704 46.1586
648 31.3763 113.076 21.9496
649 36.3767 113.644 83.9792
650 29.7354 113.845 68.3041
651 31.2507 113.846 61.8085
652 56.4564 92.0772 75.4231
653 57.3129 113.754 72.383
654 17.4194 94.2924 50.4643
655 49.1576 113.741 67.8817
656 47.6722 87.7216 84.6106
657 23.9338 78.66 71.6394
658 45.7812 102.083 84.4158
659 26.3469 97.8696 70.9787
660 32.0856 94.5518 102.266
661 30.8799 83.7831 82.4157
662 34.9384 113.75 81.6157
663 37.6153 113.673 72.2078
664 40.4495 113.682 98.1556
665 40.089 114.137 108.116
666 47.6249 113.687 83.8051
667 36.1665 112.038 77.6423
668 37.357 97.8512 98.0202
669 44.7014 114.01 92.7569
670 49.9602 85.9457 79.9196
671 21.0011 94.6068 92.1086
672 33.3175 113.857 97.2174
673 40.6254 105.578 86.3475
674 27.3739 107.057 103.981
675 45.6089 114.247 106.804
676 55.8187 92.4896 102.054
677 33.7208 113.969 92.7137
678 29.2748 113.952 94.9974
679 28.8929 114.565 112.68
680 28.8845 103.248 123.114
681 47.4703 101.211 122.971
682 52.8865 109.393 122.931
683 38.8025 83.7813 111.677
684 56.0461 114.652 113.222
685 26.9881 114.846 98.7481
686 33.013 114.527 117.631
687 41.7262 110.342 122.888
688 63.1558 114.756 116.527
689 54.5404 100.223 122.787
690 59.8884 114.988 111.125
691 75.7233 11.21 -0.626043
692 61.5735 15.0874 -0.399115
693 81.2873 11.2454 -0.61927
694 78.5228 15.3046 -0.658065
695 70.075 11.4308 -0.603235
696 58.3986 23.1813 19.672
697 78.4449 6.99861 11.4703
698 72.3524 31.1464 19.6809
699 59.3756 23.0542 9.34854
700 72.9446 -0.659772 25.0216
701 91.4026 -0.525781 24.3247
702 88.5307 -1.05302 7.07526
703 60.5561 7.12342 29.0957
704 67.1259 -1.02781 16.3636
705 48.869 -0.784325 24.4387
706 65.7632 -0.324235 46.4501
707 54.8733 21.3772 30.8449
708 71.3509 -0.0937901 58.3224
709 72.3173 21.6838 53.1845
710 67.2794 19.2121 28.6806
711 62.9672 -0.447399 36.4219
712 64.9965 31.6674 49.9205
713 71.4106 17.1566 26.4893
714 71.9885 25.252 37.0985
715 48.9612 15.1913 48.8302
716 52.544 21.1805 41.745
717 64.0496 -0.410689 57.6413
718 91.1845 27.8538 59.9833
719 45.3268 -0.674759 66.5898
720 83.8327 2.89252 82.0947
721 75.9978 -0.00546668 91.8928
722 68.6634 11.5957 83.0634
723 73.5473 31.9511 63.9541
724 67.0065 9.46542 75.9547
725 60.0513 -0.544612 54.3396
726 75.3654 17.2833 69.5187
727 73.5539 19.451 69.5634
728 54.5343 21.4821 76.315
729 63.2496 23.3861 62.4033
730 72.1875 33.7154 66.5246
731 49.1522 12.683 91.1454
732 85.3905 -0.0728571 89.7364
733 86.4923 -0.476347 104.169
734 89.1071 5.77442 111.168
735 75.0818 9.04089 117.074
736 82.2739 20.4377 123.218
737 59.2342 21.0361 123.315
738 77.7319 15.0591 110.068
739 83.9718 23.671 109.146
740 82.0609 12.1221 114.956
741 63.4224 19.3008 122.224
742 64.7866 16.271 123.68
743 92.2602 19.6356 100.949
744 56.6686 7.23412 109.438
745 66.3895 5.92062 123.492
746 59.2942 -0.444872 111.075
747 74.8634 30.8333 123.281
748 69.9186 30.4531 13.7136
749 72.7665 43.5399 -0.949288
750 84.3439 41.4452 11.0282
751 75.6588 39.1974 9.04017
752 75.6375 27.4829 -0.630055
753 61.149 24.2449 -0.569134
754 68.2553 43.4499 17.5489
755 71.2615 51.6536 21.7523
756 78.8144 39.6376 30.5985
757 52.33 35.2381 17.665
758 70.0902 19.6 17.2508
759 79.6736 25.3882 44.0856
760 65.5075 49.7492 50.4629
761 77.0095 23.5532 28.3066
762 47.7071 29.3303 30.6988
763 84.605 19.8257 57.987
764 72.2746 46.0712 49.9551
765 69.818 34.4487 48.2614
766 72.4644 27.4454 41.1588
767 79.2865 43.3422 46.1242
768 77.538 36.1945 66.5486
769 81.6504 33.5674 52.5586
770 93.4193 28.7773 35.5269
771 77.7394 29.6942 71.601
772 75.4048 31.8692 56.7817
773 88.1253 35.912 84.6618
774 61.7622 35.8681 76.1601
775 64.6083 32.8424 64.5879
776 56.0756 23.7435 69.3649
777 90.7993 32.3599 82.1719
778 79.0531 35.6814 64.3459
779 99.6294 25.861 62.1489
780 57.1586 33.8424 78.0913
781 59.9344 29.9272 78.6962
782 57.3781 50.0047 73.4811
783 46.3125 25.2643 78.3388
784 67.2684 13.5075 80.4848
785 75.3917 35.1024 86.8785
786 89.3568 39.8254 86.9078
787 57.0431 37.946 83.4646
788 84.9406 45.96 78.0866
789 67.4467 43.9425 104.879
790 71.928 25.8371 82.993
791 80.0828 41.9397 87.1705
792 38.3265 37.9641 87.757
793 79.4337 23.7974 80.531
794 86.2414 71.0567 122.769
795 65.0628 31.6911 100.804
796 58.0028 35.8789 113.388
797 71.6735 5.50836 100.34
798 80.5207 33.8248 109.162
799 64.8001 17.3567 101.229
800 80.4304 43.3314 105.486
801 78.8034 35.9663 106.739
802 80.0556 29.7054 85.0443
803 70.1726 37.9934 94.1663
804 54.6292 47.4998 123.511
805 64.9246 33.5419 123.299
806 67.1237 29.7453 107.427
807 73.6248 21.1783 123.432
808 64.5841 46.3659 104.642
809 85.009 41.8001 109.301
810 85.4835 41.5306 -1.00939
811 77.2553 59.1324 -1.23163
812 55.4946 55.7644 -0.907198
813 57.1101 57.7163 4.42427
814 56.9933 61.6849 16.6057
815 65.7492 44.8617 14.7282
816 48.8184 61.2803 14.9981
817 79.8602 57.7183 12.7159
818 65.6293 50.2147 7.54494
819 70.6768 59.5485 11.0285
820 82.3297 41.3446 13.1246
821 71.2848 60.8579 14.6665
822 59.6338 51.3947 8.95158
823 76.9552 61.723 23.98
824 48.6602 67.4592 21.7301
825 75.2055 55.661 26.047
826 64.5114 69.5001 10.8092
827 52.3483 38.9031 17.6301
828 81.7018 75.7272 34.5217
829 61.4165 69.5407 17.3324
830 79.2271 59.6934 55.3555
831 64.1833 49.5763 37.2145
832 51.4258 63.9909 50.7146
833 90.8713 45.5425 37.0834
834 64.2457 63.4675 26.0303
835 80.6282 69.83 39.374
836 58.5695 41.9824 49.7834
837 51.5906 39.4656 30.6889
838 65.4241 53.7008 55.32
839 64.2459 70.2669 68.571
840 54.6593 62.0654 68.9826
841 81.026 59.8875 70.8301
842 59.0291 38.0656 75.743
843 91.6679 56.0667 70.8629
844 79.7996 69.7475 54.9129
845 86.5166 45.9947 75.8132
846 90.4907 52.0195 77.6464
847 45.1587 60.0299 82.444
848 86.9465 47.5698 60.0254
849 74.4053 64.0577 77.8485
850 85.1005 59.003 84.0865
851 81.8444 41.5195 73.5191
852 95.2565 59.9889 90.9106
853 78.8879 54.2887 84.4272
854 58.9921 51.9394 75.6816
855 76.7606 60.1532 68.7939
856 75.7792 50.0133 98.1571
857 75.4452 51.7339 84.9019
858 65.8061 59.9137 93.5187
859 75.5384 37.7397 91.8049
860 53.2806 71.8931 108.683
861 59.1814 56.2325 104.884
862 61.3455 79.8134 102.507
863 75.7045 39.6555 107.054
864 69.1167 58.2751 109.231
865 81.5724 41.7686 105.279
866 79.0234 42.0044 104.772
867 77.579 62.4225 106.861
868 83.5162 62.3392 109.099
869 80.5699 54.2055 109.246
870 81.8965 49.9919 123.309
871 70.3312 65.8762 123.081
872 73.5888 61.9554 123.216
873 84.7981 64.2787 106.966
874 89.1877 50.4954 123.153
875 83.2082 63.6278 123.165
876 79.8222 74.9605 8.08702
877 66.9435 74.2413 5.29394
878 83.972 77.8211 4.66971
879 65.4205 82.1266 -1.34983
880 67.0335 88.2391 19.2082
881 68.1842 78.0583 -1.46791
882 71.3694 77.6958 22.8358
883 59.9921 71.8764 2.44925
884 71.4307 66.1141 -1.10907
885 58.3757 92.5279 11.4415
886 75.2716 69.1588 34.6212
887 64.4071 77.3871 12.599
888 64.9907 73.5048 17.3993
889 68.7062 77.6573 15.0284
890 46.9133 77.7408 26.2281
891 70.8956 79.272 23.9949
892 77.9844 55.6708 37.1307
893 63.8965 91.7962 28.0896
894 59.3627 71.4925 26.1036
895 63.3309 75.3599 34.9815
896 70.6758 93.8836 30.0068
897 80.749 65.7404 39.4734
898 90.3508 81.5906 36.1803
899 79.4144 55.4508 39.2254
900 84.6434 87.836 46.9619
901 79.0825 78.0854 45.5174
902 66.1506 78.4121 57.491
903 72.41 100.167 43.0656
904 55.7385 87.6222 44.0073
905 76.1251 75.5234 43.4579
906 81.146 103.324 58.8745
907 92.2772 67.8438 68.6979
908 42.0295 100.077 52.9961
909 75.4426 88.0179 66.794
910 79.4477 73.8378 80.1916
911 75.6674 83.9493 86.908
912 64.5523 82.3343 72.8606
913 79.0049 97.8939 50.9843
914 53.1025 95.6527 68.4609
915 75.6997 75.9867 68.2881
916 90.8649 81.9294 80.3522
917 71.6608 71.9282 82.1135
918 40.2924 82.2837 106.871
919 39.3758 76.4109 97.8118
920 67.3453 76.1373 98.073
921 65.7086 93.888 90.8654
922 69.2242 83.834 77.8716
923 73.6076 60.2018 97.8525
924 79.2112 92.3304 106.551
925 61.528 83.1927 102.868
926 58.7552 85.2714 87.2445
927 102.08 98.5818 88.7177
928 67.2745 82.2777 106.574
929 57.9713 84.4639 115.043
930 58.961 82.1959 123.155
931 76.6962 76.5031 117.187
932 67.572 80.986 122.824
933 71.6827 78.3301 100.936
934 76.1186 78.3642 123.0
935 66.2118 87.5405 122.865
936 64.228 74.4073 108.913
937 67.6796 90.1947 122.969
938 85.5457 99.2781 7.16496
939 56.8946 90.1041 -1.19443
940 61.2216 106.17 16.7479
941 69.7638 84.1654 -1.24555
942 79.2959 91.3901 25.0913
943 70.5357 113.718 35.1506
944 79.4024 113.798 17.2841
945 47.0193 95.2196 22.1361
946 71.0519 108.586 18.5394
947 69.5036 113.854 20.9128
948 64.1058 91.328 13.1652
949 55.6094 113.631 19.9426
950 75.1753 99.8972 23.3626
951 67.8892 113.828 30.5372
952 64.4256 101.768 50.7267
953 55.0443 99.6681 23.762
954 83.1044 109.963 32.061
955 51.3591 107.659 30.2989
956 79.5195 97.7726 40.6159
957 66.9549 110.815 59.1554
958 51.6993 109.694 55.1225
959 87.2072 110.725 41.0012
960 64.4059 94.1192 48.8277
961 65.5699 107.851 55.2713
962 78.5152 104.429 68.9387
963 50.4106 113.814 52.4968
964 77.4556 88.0039 45.1014
965 98.6116 101.989 49.1524
966 65.0961 87.7029 39.4219
967 59.9782 113.867 57.7144
968 71.3327 113.467 59.0419
969 83.7365 114.522 88.4421
970 87.8254 98.0261 80.5282
971 54.5757 113.794 77.1064
972 69.6103 113.567 64.2334
973 82.3564 84.1735 82.6689
974 66.9408 104.008 61.8822
975 86.3685 96.006 80.3219
976 50.4042 101.827 100.192
977 90.8254 113.805 76.3059
978 75.5519 73.9497 79.823
979 61.0346 99.9873 79.833
980 75.128 92.2196 86.9377
981 78.0973 114.197 88.0394
982 61.5172 113.642 73.7232
983 60.2059 113.692 85.7986
984 55.8631 90.05 97.7778
985 85.2423 114.344 89.885
986 87.6188 114.683 113.301
987 58.8344 94.2366 95.5
988 53.0016 98.4902 108.775
989 90.0435 90.3588 95.6744
990 61.1192 96.1417 93.2293
991 82.5547 114.203 103.633
992 73.3538 87.6487 116.193
993 69.068 88.4071 93.4872
994 62.6836 97.9328 90.9852
995 67.2263 114.365 101.449
996 64.3853 98.2688 93.3995
997 58.7324 113.884 92.81
998 68.8032 100.42 122.561
999 61.7258 114.586 118.4
1000 78.8917 110.39 122.547
1001 63.2549 103.348 122.843
1002 78.8619 94.2384 122.731
1003 53.1351 90.1052 117.604
1004 79.9302 114.774 112.264
1005 84.7298 114.997 116.805
1006 90.2685 94.5934 106.645
1007 57.6405 104.766 121.002
1008 114.613 14.1338 16.2753
1009 97.3347 13.3368 11.6464
1010 97.3825 18.6513 -1.03557
1011 108.442 2.19232 -0.668688
1012 92.9898 -1.29719 0.881667
1013 102.826 16.6842 6.73934
1014 86.8159 21.095 9.32953
1015 103.61 17.7496 24.1962
1016 113.099 0.919317 38.7749
1017 108.109 -0.57247 27.9865
1018 86.4635 12.8925 7.27171
1019 95.7794 9.34279 19.7822
1020 113.243 23.6195 21.5582
1021 94.3051 7.3815 21.7981
1022 87.6273 17.4237 39.8283
1023 96.929 11.4422 30.9356
1024 112.219 0.433247 24.8559
1025 95.0377 21.3711 35.5872
1026 107.285 15.6252 31.8914
1027 113.034 16.5585 42.3482
1028 97.446 19.3665 35.6949
1029 99.0123 -0.835615 38.3133
1030 112.731 34.5844 61.4878
1031 87.7289 -0.104137 76.0597
1032 112.956 6.74206 60.8101
1033 103.928 19.6426 64.6799
1034 112.957 22.374 51.8579
1035 89.1034 -0.300362 56.2631
1036 112.825 14.6806 56.6363
1037 89.2547 17.6594 42.3708
1038 94.6982 25.9726 68.8972
1039 86.2073 21.8155 73.6135
1040 112.936 15.4146 60.831
1041 90.9688 -0.133436 68.9011
1042 111.684 0.530976 65.3753
1043 86.7319 -0.207643 66.6676
1044 98.8862 13.8193 80.0299
1045 101.349 26.6494 64.897
1046 86.8474 -0.0996341 88.588
1047 91.9418 19.5678 80.5886
1048 99.5697 15.8722 93.5487
1049 106.011 0.154166 73.6399
1050 103.531 25.9566 102.27
1051 94.1159 19.8177 93.5265
1052 99.0052 20.9744 85.1198
1053 113.38 18.646 83.2498
1054 93.3781 20.4618 81.8721
1055 111.479 0.387438 73.7111
1056 76.8022 9.71683 107.163
1057 115.248 3.13395 110.004
1058 93.9261 34.0063 95.8128
1059 102.81 7.75199 102.453
1060 113.387 15.387 82.4287
1061 91.6631 4.03664 95.7026
1062 79.2212 13.4584 107.056
1063 84.1051 25.8404 91.3251
1064 88.7223 -0.00469395 100.029
1065 99.4255 0.458084 122.756
1066 97.0043 11.6599 113.172
1067 108.755 7.5332 113.47
1068 115.295 7.04665 121.631
1069 100.572 9.72404 107.003
1070 102.761 42.7266 -0.856307
1071 84.3542 37.9572 10.0343
1072 104.311 40.9371 -0.768175
1073 102.861 41.8839 15.5322
1074 104.367 42.3418 2.28827
1075 98.5242 44.5691 -0.875661
1076 105.203 49.576 19.7289
1077 99.1184 35.2376 24.1357
1078 102.908 40.205 6.30515
1079 95.6284 33.2267 17.33
1080 87.2617 33.547 24.1066
1081 107.319 33.6154 13.6045
1082 82.0243 55.524 39.3401
1083 113.414 53.5758 22.1973
1084 85.1203 19.6504 26.551
1085 75.507 33.1172 23.9902
1086 77.9278 29.6511 56.9649
1087 112.612 25.1614 45.0527
1088 90.7002 55.4796 39.5826
1089 89.552 15.7254 48.9843
1090 112.661 38.8389 56.9918
1091 79.9699 31.2496 33.1021
1092 97.0846 36.205 64.426
1093 94.067 29.6322 59.8651
1094 89.7599 41.5152 62.3927
1095 79.3414 33.5514 47.7125
1096 88.8986 43.5554 59.8152
1097 77.3573 29.4399 34.9044
1098 100.084 49.7495 50.9557
1099 112.814 41.1993 59.2523
1100 72.3881 25.7247 61.5695
1101 113.777 22.8134 25.912
1102 112.795 23.0675 56.287
1103 112.825 30.2766 61.8775
1104 81.9643 27.7092 53.0048
1105 88.877 27.797 62.3152
1106 112.926 5.50843 80.4483
1107 81.7715 31.6848 59.5031
1108 90.6236 27.8225 68.7962
1109 75.0462 27.9888 56.6789
1110 113.326 40.9799 89.5826
1111 99.869 43.8712 73.0886
1112 113.385 59.0828 91.3514
1113 87.7259 11.5989 75.7848
1114 79.7467 34.0423 84.9529
1115 82.2005 27.7162 87.2459
1116 112.991 31.3161 77.9372
1117 83.4969 38.0351 82.7223
1118 94.896 32.0721 77.8845
1119 71.7026 23.8822 94.0658
1120 107.943 50.021 70.8457
1121 58.3939 29.9701 80.7667
1122 86.3545 34.0012 84.776
1123 105.004 49.9712 90.6085
1124 99.4978 38.0711 91.3338
1125 95.0076 46.044 88.8304
1126 97.4162 55.762 77.5886
1127 83.2191 58.0618 102.31
1128 92.3504 42.0696 111.019
1129 100.435 39.7334 114.886
1130 109.354 27.4633 122.878
1131 98.9754 44.6165 110.283
1132 102.282 42.1209 116.992
1133 115.378 34.969 118.182
1134 101.415 31.9338 110.915
1135 96.7876 44.0592 112.93
1136 79.2762 48.0965 113.242
1137 99.9285 53.1206 13.3917
1138 104.305 40.7163 4.26782
1139 95.5899 51.677 -1.10013
1140 108.548 45.9868 12.5987
1141 112.432 75.704 54.6296
1142 113.112 54.5703 34.9833
1143 99.901 64.0107 37.4153
1144 94.981 61.6246 21.5691
1145 85.5519 35.4023 19.6309
1146 113.954 41.4436 15.7318
1147 114.312 66.6916 15.6208
1148 109.048 57.66 22.0444
1149 94.2262 68.7628 13.4558
1150 73.855 67.5389 21.6496
1151 112.688 50.9513 51.7105
1152 103.821 64.1061 49.9117
1153 88.7942 53.7784 41.8382
1154 90.3052 63.3832 34.9137
1155 76.7494 59.5141 39.274
1156 86.6524 63.3853 32.3579
1157 113.169 32.3302 45.1919
1158 91.9189 43.8962 44.1156
1159 81.8189 51.7002 46.3589
1160 112.284 81.2673 57.0236
1161 106.514 57.9809 59.4493
1162 90.1696 65.8741 54.84
1163 90.1639 51.6812 53.0902
1164 84.6715 63.7885 48.5741
1165 107.342 61.9039 52.5749
1166 88.6081 75.8168 45.3233
1167 112.712 36.7036 50.5967
1168 71.4564 72.1083 55.0281
1169 104.348 60.0993 61.7725
1170 113.173 58.1816 81.8296
1171 88.8907 47.8599 70.9086
1172 112.774 50.9106 64.5822
1173 71.487 53.9787 66.6477
1174 113.375 51.2523 91.6272
1175 80.0153 61.7936 66.3828
1176 94.7908 45.6543 59.8029
1177 93.8273 80.2513 80.3614
1178 115.525 52.468 112.152
1179 96.1019 41.8468 70.904
1180 84.5933 62.0288 57.4694
1181 112.309 50.5563 60.2765
1182 100.176 55.6805 75.2734
1183 115.087 50.6166 110.098
1184 100.687 64.0444 88.7665
1185 94.0198 62.2372 93.079
1186 96.5822 43.9045 86.5418
1187 113.289 76.9097 96.8837
1188 113.399 61.0999 89.2148
1189 112.404 65.6596 70.7268
1190 112.747 51.0055 77.8667
1191 76.4895 65.7254 70.9136
1192 102.419 36.4858 95.286
1193 96.2146 59.811 88.7983
1194 75.9399 45.9262 80.5449
1195 111.971 76.6809 90.3063
1196 91.9085 78.5142 100.283
1197 80.5866 62.0888 95.6212
1198 97.2376 62.3471 110.755
1199 88.9672 86.0058 106.968
1200 80.3656 61.5252 108.473
1201 86.2517 55.0188 123.158
1202 94.7191 50.776 113.489
1203 109.277 59.9463 122.573
1204 104.715 76.9628 110.219
1205 93.795 57.7471 123.229
1206 107.826 64.9497 122.716
1207 95.4581 101.01 -1.307
1208 81.8591 75.6722 -1.44634
1209 97.0826 86.2558 16.2285
1210 114.77 81.2242 9.33
1211 84.0908 88.5581 8.22421
1212 114.513 82.6595 0.0688576
1213 89.8795 77.1211 -1.18834
1214 79.8706 72.3375 6.1018
1215 100.724 71.7388 12.9335
1216 105.473 86.208 -1.18607
1217 98.9097 97.6175 25.7679
1218 114.275 90.9225 16.4398
1219 84.2412 101.799 21.1079
1220 98.784 75.7379 27.6298
1221 113.142 51.412 29.0104
1222 113.192 76.6422 31.5924
1223 58.3548 89.6441 21.6034
1224 79.2711 84.0731 34.6396
1225 110.54 87.7238 19.2632
1226 91.7876 72.9648 64.9209
1227 99.7454 89.7998 49.6218
1228 91.8668 76.0626 49.6264
1229 97.3127 70.4937 36.151
1230 70.9536 95.8276 25.569
1231 89.3874 74.1245 61.6181
1232 112.899 77.1783 45.2884
1233 82.2547 81.948 38.5596
1234 93.9595 76.1373 57.9477
1235 112.616 71.4193 55.4438
1236 68.1543 82.0221 52.8474
1237 103.98 65.5899 37.0773
1238 112.275 89.4524 61.2609
1239 79.182 91.7054 46.7006
1240 69.6404 97.4649 43.6881
1241 112.829 71.7996 58.8745
1242 112.428 77.4165 57.1406
1243 111.726 99.4771 72.9488
1244 98.6839 69.7953 72.7404
1245 111.874 88.9273 83.5921
1246 112.666 46.5452 61.4417
1247 114.189 51.0169 103.961
1248 88.2299 103.896 61.498
1249 112.639 63.6716 68.1752
1250 88.3883 90.1995 82.3212
1251 100.084 71.9156 75.2399
1252 87.0379 76.1077 91.4279
1253 112.043 68.7063 75.6941
1254 78.4996 76.0689 70.5661
1255 89.8775 70.1261 86.7595
1256 113.229 71.6056 95.6042
1257 92.4509 79.8935 89.0705
1258 94.5763 82.0467 89.031
1259 98.2954 67.896 89.0382
1260 108.694 82.9886 104.555
1261 113.226 58.3968 86.163
1262 85.6402 100.146 100.134
1263 113.271 70.5484 87.2853
1264 92.3841 70.176 100.029
1265 112.353 87.7927 94.067
1266 108.984 74.6489 116.695
1267 89.1175 71.1433 122.984
1268 115.018 70.078 115.428
1269 87.7115 77.2063 122.854
1270 102.084 82.242 122.637
1271 109.099 75.9267 118.178
1272 104.662 94.47 108.617
1273 87.355 85.9541 113.478
1274 106.216 96.4409 122.509
1275 94.624 80.3039 122.824
1276 114.977 81.2635 107.526
1277 91.9408 83.894 122.666
1278 77.8915 76.1882 123.188
1279 103.123 83.5107 105.436
1280 109.179 72.1137 122.638
1281 114.53 88.8577 1.81968
1282 92.6336 114.107 3.9258
1283 105.595 114.115 10.084
1284 114.527 100.86 13.9891
1285 100.957 114.197 3.6987
1286 87.6932 113.69 27.0918
1287 105.513 114.242 1.34365
1288 94.628 103.912 31.7462
1289 98.5954 113.624 34.2327
1290 113.12 80.4815 31.1627
1291 113.729 112.869 17.5185
1292 87.2239 113.947 35.8521
1293 101.602 77.5343 16.9892
1294 107.524 113.893 25.6779
1295 66.3165 113.816 46.7663
1296 101.367 114.241 47.4375
1297 63.373 113.797 37.2663
1298 102.858 113.844 33.7819
1299 113.034 86.9528 33.4048
1300 92.8488 95.7666 33.8997
1301 90.4049 99.2918 28.0334
1302 93.0718 98.4993 36.7128
1303 106.769 113.96 57.3925
1304 112.81 94.9846 50.2059
1305 109.53 113.853 43.1067
1306 66.261 114.136 4.57189
1307 73.228 97.9134 40.7147
1308 83.166 84.7886 68.6749
1309 101.191 114.235 79.1364
1310 81.298 104.283 68.3924
1311 90.5881 85.8851 75.5275
1312 87.8021 80.3528 65.723
1313 109.324 113.645 61.6395
1314 98.0563 113.925 65.5267
1315 95.2403 79.8734 89.1382
1316 93.4174 93.5851 82.0875
1317 102.517 108.178 95.7804
1318 111.158 113.116 82.2327
1319 92.6179 103.144 81.9561
1320 107.027 94.252 73.5454
1321 105.783 114.05 70.281
1322 97.9205 84.1797 91.1014
1323 111.938 112.83 90.5931
1324 111.552 103.329 80.2888
1325 93.873 84.4506 104.157
1326 112.115 84.9437 86.7948
1327 93.0613 90.3929 95.4331
1328 112.391 99.7191 98.5053
1329 90.6946 113.75 80.9499
1330 105.506 114.247 91.626
1331 72.8093 98.6829 108.525
1332 84.6825 114.726 122.296
1333 91.5904 114.675 115.085
1334 96.3176 101.163 122.718
1335 95.7306 106.937 112.364
1336 115.058 103.678 120.691
1337 105.876 101.727 103.055
1338 115.23 103.379 109.252
1339 115.236 112.133 121.021
1340 115.076 109.569 110.857
1341 84.8081 98.6907 118.742
