0 8.37696 21.8232 -0.162493
1 11.4591 1.92011 -0.183162
2 17.2025 18.3562 11.9632
3 28.7102 -1.53053 3.3018
4 27.0803 2.7694 -0.181139
5 9.44331 2.57004 3.83093
6 -0.280733 9.66873 1.5397
7 11.5837 6.79518 11.7578
8 21.4596 10.9145 -0.203135
9 -0.455042 13.8505 1.49336
10 5.46936 38.1118 62.2513
11 24.6431 14.3935 22.4706
12 3.16565 17.933 37.0731
13 1.2264 -1.07004 5.47221
14 22.9515 -1.29603 15.4663
15 12.4405 12.7373 27.1899
16 -0.723245 36.1497 3.29518
17 26.2209 -1.10473 26.7873
18 2.42628 7.91145 30.4639
19 19.2525 21.4818 41.2204
20 17.6113 -1.00716 39.2526
21 4.19222 -0.83475 32.4472
22 18.2401 21.4661 47.9098
23 25.6632 5.35579 41.1355
24 5.06393 24.3919 56.4592
25 19.774 -0.743304 45.437
26 10.3269 -1.33485 48.3125
27 29.6656 25.8929 52.8791
28 43.1794 -0.0762119 54.6516
29 18.1478 -0.84947 53.082
30 22.1335 32.5552 69.4441
31 20.4597 15.5864 53.7971
32 4.67493 10.409 49.9448
33 30.8035 11.3057 55.6662
34 3.93607 28.0748 92.3212
35 46.7988 -0.212931 63.3358
36 29.5512 -0.42801 56.6118
37 6.03346 25.725 66.457
38 19.5942 -0.74698 82.8788
39 19.2954 -0.804933 62.8987
40 18.0738 -0.663818 68.0168
41 22.1968 -0.256238 71.5838
42 44.1921 7.23702 89.0667
43 24.878 -0.789691 96.1203
44 27.8995 19.6863 84.3073
45 15.1303 -0.793754 91.5465
46 4.12261 4.8185 90.0568
47 10.6758 -0.683449 85.5668
48 7.8017 25.1419 96.071
49 27.1887 15.4051 118.342
50 25.2698 0.789239 124.432
51 36.4678 11.3927 102.172
52 15.0131 27.2278 106.094
53 17.7435 -0.575431 122.212
54 30.8669 -0.875829 98.7532
55 14.7989 -0.211679 108.431
56 36.3469 19.1477 94.7754
57 19.123 25.155 111.889
58 2.97215 28.2812 98.0165
59 2.59328 19.9634 98.6053
60 9.62412 5.40763 118.574
61 8.0155 -0.588897 120.122
62 29.0266 15.0903 124.35
63 20.6445 10.7504 124.336
64 0.432372 0.451863 121.193
65 0.948718 -0.741766 116.593
66 18.1314 43.2514 11.637
67 22.7303 38.61 9.08477
68 10.6768 24.7359 7.53873
69 4.15964 41.9271 10.7584
70 27.564 20.809 19.7308
71 4.11439 39.9337 8.67087
72 28.2662 38.631 -0.645403
73 22.9938 29.3176 -0.600058
74 41.5013 18.565 23.0692
75 -0.631311 50.0041 4.71861
76 1.70399 20.9809 20.5063
77 -0.13868 38.1298 16.5656
78 4.54759 0.0192853 47.9217
79 4.65237 44.6622 52.0843
80 10.5937 29.5215 50.8351
81 5.52615 40.8263 61.0469
82 31.6617 44.9698 23.2506
83 28.1565 54.9981 49.1844
84 43.428 40.7903 40.8767
85 3.57263 40.4191 31.8112
86 50.1452 51.9893 51.1117
87 3.1077 28.9552 33.725
88 34.3074 45.8711 52.4805
89 4.62797 34.0771 55.032
90 29.3268 43.5807 48.2613
91 29.7344 56.7161 49.6431
92 4.32689 59.3913 53.6022
93 5.76745 4.37256 57.3329
94 15.4818 51.3623 60.2896
95 26.7425 15.5546 57.9432
96 13.5612 63.415 57.2504
97 18.189 50.799 37.0257
98 25.8159 40.0223 68.7802
99 16.5128 17.3258 58.4349
100 4.8218 30.09 86.1344
101 12.6064 39.5336 61.1212
102 4.26241 9.97256 82.2023
103 27.4774 35.6241 77.8735
104 38.2473 38.9538 46.6724
105 5.84217 34.124 74.8069
106 34.9803 41.354 69.8174
107 22.2002 38.8006 95.2029
108 10.4312 19.3002 99.038
109 6.36388 26.3771 74.4705
110 18.5236 44.6973 90.5392
111 4.07695 47.3434 97.1967
112 40.1226 36.3058 90.9588
113 4.38314 22.3843 90.3915
114 27.7222 40.0564 107.545
115 27.0806 43.6459 89.149
116 15.0423 31.1981 84.7777
117 15.2427 40.3451 90.2823
118 27.9532 33.073 103.694
119 18.8601 55.195 117.33
120 16.4783 39.3882 99.5686
121 4.35075 54.7476 97.5149
122 12.6276 43.8572 105.867
123 14.6691 30.548 89.8019
124 8.04433 26.2217 100.864
125 30.1125 25.4624 110.192
126 21.6033 56.1775 123.989
127 21.7802 46.2284 116.741
128 14.933 22.2223 124.412
129 18.8091 45.8605 116.201
130 6.08574 34.3524 124.099
131 7.51668 37.2393 124.057
132 27.463 28.9584 102.623
133 23.3235 27.9273 116.792
134 16.8816 67.9497 14.876
135 3.95713 60.9997 -0.350306
136 22.6323 66.9368 -0.929746
137 21.1235 60.961 12.8485
138 9.88268 57.7503 18.1157
139 -0.528258 68.0728 10.893
140 3.70708 50.8633 33.8063
141 22.1436 55.4394 21.7372
142 3.93012 44.8775 39.9956
143 3.34998 58.3332 29.6391
144 34.5473 37.5469 29.7753
145 3.89554 70.7197 45.327
146 19.9849 65.1717 15.066
147 25.1669 63.6005 34.284
148 21.5063 60.6921 39.1237
149 33.2436 60.543 39.5103
150 36.333 49.4294 43.3612
151 19.6287 59.249 45.3013
152 36.7948 65.0732 32.4277
153 26.4353 56.664 45.6508
154 22.077 69.9075 42.8129
155 24.4034 64.7577 39.3243
156 19.6947 49.1437 37.862
157 4.28985 42.7104 45.8958
158 27.9137 48.4133 33.259
159 3.22587 31.6063 38.8303
160 21.4431 65.5294 40.5451
161 28.1555 72.2124 55.7659
162 17.2564 67.7605 38.9758
163 35.5876 40.3054 49.5647
164 51.7172 61.7224 61.0402
165 32.2718 50.1683 65.2144
166 27.1246 61.6854 46.7148
167 6.66498 14.3849 70.3034
168 4.89422 52.3436 87.2655
169 29.0398 67.6618 69.5991
170 14.7425 79.9613 71.2818
171 43.3234 61.2299 74.5132
172 18.9069 62.0428 76.432
173 36.4743 73.8739 95.3534
174 41.8688 53.6374 93.4494
175 2.77929 80.865 93.9467
176 26.9414 54.2958 81.8329
177 32.4203 55.7375 82.7692
178 35.1002 45.7184 81.3974
179 25.3796 45.7588 77.6552
180 5.0967 46.3379 58.3142
181 24.994 66.2286 90.9274
182 22.266 58.1622 99.8646
183 19.814 54.0272 95.5902
184 8.6664 61.7604 96.8921
185 37.5263 52.0385 108.136
186 0.0171563 61.2302 104.815
187 3.10513 68.644 113.484
188 1.74001 77.8645 105.818
189 23.1746 51.8075 108.067
190 4.99222 47.7962 114.147
191 -0.172436 66.8567 122.463
192 11.4777 63.5393 115.238
193 18.7852 68.5859 123.86
194 0.104676 50.947 115.335
195 8.92893 59.5989 123.912
196 17.7174 53.753 117.859
197 20.4648 51.7126 119.966
198 28.7585 62.399 123.981
199 8.29088 64.6319 10.4921
200 9.12697 91.6325 11.3815
201 16.6736 80.4458 6.21954
202 13.0541 73.5689 17.5724
203 28.3841 77.8198 8.81578
204 10.3376 75.3502 11.4892
205 7.75937 85.8245 -0.588188
206 14.1845 73.4729 15.2685
207 9.8576 74.5089 18.8187
208 18.4189 71.3882 11.2837
209 26.6654 81.4515 42.8078
210 20.5541 80.7717 22.272
211 15.8604 87.1797 19.2962
212 29.5836 69.5588 29.8755
213 17.3983 75.5519 15.4325
214 21.8412 83.8852 15.3872
215 2.76962 78.1483 37.9797
216 8.61452 77.6344 17.6733
217 26.969 71.9612 25.8589
218 23.5226 91.4811 25.5862
219 20.2612 73.3905 21.8038
220 3.05948 73.2869 40.1552
221 0.118813 91.6656 15.5229
222 2.91466 79.9557 29.8527
223 8.26312 73.9145 17.6283
224 24.6682 69.6197 38.4506
225 27.2464 79.6579 36.4938
226 53.5104 57.786 41.9529
227 32.7421 99.0347 42.1828
228 3.17362 68.2508 31.0472
229 4.94584 80.9709 63.9451
230 25.2773 94.4627 75.7801
231 26.0749 70.1142 51.2226
232 3.64367 76.7279 43.8666
233 4.4893 82.8406 73.8901
234 36.9877 63.6864 43.938
235 28.5508 64.1528 59.2684
236 31.0965 63.991 58.9147
237 4.371 75.1265 53.8426
238 4.67251 77.0743 59.6622
239 4.95702 72.5862 71.5895
240 15.392 70.3357 44.095
241 12.4906 72.3311 80.7795
242 23.5282 70.14 51.4048
243 16.0045 94.2295 71.0564
244 21.2584 90.3401 79.8029
245 3.19379 75.3175 86.5628
246 40.0099 92.7698 55.549
247 21.112 73.255 60.9035
248 37.1699 95.8542 67.4185
249 4.05556 84.8931 79.9467
250 41.3169 71.0468 80.1157
251 3.36668 87.4147 86.489
252 18.1376 58.4165 103.428
253 21.0175 102.079 60.7669
254 17.249 65.8448 92.8925
255 32.0873 80.0209 103.35
256 38.1879 94.3158 88.8606
257 16.6754 90.4435 99.195
258 21.9331 79.9355 94.9774
259 3.92194 83.0632 82.4108
260 4.08732 89.6228 72.3294
261 1.7485 89.7838 98.4851
262 2.68857 90.9306 95.9036
263 33.5001 64.1971 97.6724
264 0.551332 67.1699 106.798
265 0.0459907 65.1531 117.12
266 16.4921 72.5713 101.861
267 4.58095 80.6106 75.6759
268 24.0963 82.0605 88.8154
269 26.8485 84.3253 96.9947
270 27.8141 86.813 96.5958
271 14.4958 87.7103 123.725
272 21.7993 68.6943 124.0
273 10.0899 77.0082 123.967
274 9.06698 83.9104 123.756
275 25.8651 72.0221 107.718
276 30.1685 76.4484 103.45
277 41.5806 80.7329 123.767
278 25.0496 110.243 -1.19404
279 26.8597 95.4836 9.2417
280 12.3072 89.2017 -0.556095
281 6.58019 113.771 7.71138
282 16.6424 113.611 10.521
283 0.505001 97.305 -0.439918
284 38.7582 93.7702 17.0959
285 3.06798 94.5161 25.0846
286 14.6586 113.489 22.0883
287 8.77445 103.593 25.8275
288 11.9542 114.03 34.9264
289 0.208645 107.488 17.3323
290 -0.412081 88.6356 14.1937
291 13.8287 113.691 13.563
292 3.13761 101.158 35.5168
293 18.72 98.3963 34.1278
294 15.551 95.271 19.1792
295 2.48359 113.477 14.0143
296 29.6063 113.745 7.35467
297 24.5034 95.6341 27.8296
298 14.0888 113.646 30.4256
299 17.275 77.9244 19.8571
300 30.4185 94.9426 52.1486
301 11.3574 114.023 39.9697
302 4.68566 113.227 37.399
303 16.8733 113.955 56.0216
304 6.56706 114.064 57.0596
305 32.4357 85.7166 19.1998
306 14.5848 114.058 44.0638
307 28.2426 113.876 13.2997
308 22.8517 113.785 32.3755
309 19.9993 95.8927 28.081
310 20.4594 90.0986 45.3766
311 14.7878 93.7571 48.1539
312 36.7768 113.965 66.8423
313 19.4237 113.951 34.7957
314 4.90591 91.6403 65.04
315 3.72337 100.588 74.757
316 21.3763 114.105 73.2658
317 2.58526 100.32 82.8209
318 3.77006 114.302 87.6385
319 27.7646 102.002 67.7493
320 24.8683 90.0771 66.9673
321 8.59349 114.51 121.304
322 21.3725 113.664 76.4362
323 32.4614 114.189 76.6103
324 17.1922 114.336 74.6924
325 26.7898 94.7043 79.692
326 5.96583 113.862 89.2719
327 0.812257 88.9144 103.892
328 27.8163 109.46 98.718
329 40.5249 114.952 121.327
330 31.8664 84.436 90.9351
331 2.1657 106.527 103.217
332 12.0347 96.1098 105.497
333 3.07159 114.568 116.995
334 2.88345 112.429 102.461
335 16.9995 114.428 88.3444
336 23.152 113.894 84.5786
337 24.3109 104.749 88.0347
338 28.7724 114.416 117.183
339 25.9764 107.236 123.598
340 -0.0563528 99.4642 111.183
341 17.4662 104.176 110.022
342 14.5592 106.791 118.037
343 31.2922 12.6962 -0.456526
344 30.628 8.55173 9.59695
345 55.8136 18.9779 3.45948
346 45.6553 13.0045 -0.382517
347 53.1043 -1.22744 21.259
348 42.7836 7.62825 22.5079
349 34.5488 14.1327 -0.299399
350 40.2171 19.1468 10.8876
351 45.2913 24.7268 7.1717
352 40.1921 22.0306 24.9033
353 47.947 -0.986551 28.1466
354 40.4943 11.75 26.2881
355 47.3777 -1.0698 20.2821
356 53.5032 -0.765431 29.2092
357 38.5312 20.0239 39.5962
358 22.7712 9.06505 4.42422
359 57.8042 24.5437 31.1949
360 44.4434 34.2689 22.501
361 51.8565 -0.551449 40.6829
362 32.1369 24.6135 46.1443
363 49.2158 25.3792 33.8327
364 53.2641 22.494 35.8719
365 49.5256 -0.175871 66.6259
366 38.889 12.7884 63.7253
367 24.2013 -0.981697 45.8748
368 43.1758 17.646 49.893
369 50.2714 28.6788 57.0481
370 49.627 14.527 50.3125
371 38.4196 27.6097 39.8462
372 34.5111 30.6129 59.7623
373 45.1778 25.5069 47.1752
374 45.3723 12.2423 56.2416
375 67.4779 8.52674 75.7101
376 35.7979 16.5175 65.9923
377 44.0187 0.344622 75.2895
378 50.1864 -0.271885 88.6899
379 44.6441 18.0176 95.4769
380 22.137 -0.55366 84.5055
381 44.194 23.8414 83.3269
382 36.409 38.0503 90.2691
383 57.9452 -0.709157 101.687
384 52.9196 13.145 103.641
385 28.5215 -0.218022 81.5281
386 38.5956 0.164216 73.0405
387 50.5574 -0.676235 115.855
388 33.5761 -0.72372 103.775
389 55.079 23.8434 103.85
390 50.5656 17.1278 110.662
391 52.8053 29.7149 108.076
392 33.8086 21.4194 95.4258
393 50.5412 11.8821 124.292
394 40.6102 5.95058 124.151
395 46.1025 24.1101 120.83
396 36.2564 21.126 124.28
397 36.2006 0.866604 124.251
398 44.544 -0.573908 118.657
399 50.5141 12.8371 115.791
400 63.898 -0.600687 116.721
401 53.1843 5.04368 124.536
402 28.4952 30.682 -0.608577
403 21.3462 36.8555 9.57226
404 31.3852 38.7833 5.07953
405 54.2649 37.4078 -0.924742
406 55.531 40.6155 -0.983902
407 51.3577 32.8688 17.5389
408 25.0388 34.8155 5.44922
409 45.7172 36.856 15.0052
410 31.4332 29.5411 -0.337693
411 46.8699 36.4906 -0.718208
412 31.3397 43.7342 9.97248
413 26.2055 43.1702 13.4406
414 52.0002 27.3594 27.8701
415 29.5354 50.8097 32.8553
416 45.9539 32.3141 22.6727
417 34.3852 39.0725 13.384
418 35.8959 36.8496 13.2663
419 51.622 28.3094 22.4129
420 36.9314 36.6525 10.8985
421 62.9049 39.7787 36.7311
422 19.5156 33.4913 36.8275
423 50.7802 10.6081 43.554
424 29.6037 27.0572 28.2629
425 25.1506 29.5149 32.4936
426 51.1063 11.218 40.0963
427 61.3774 15.9203 35.4072
428 31.5308 43.1931 21.2734
429 54.9007 35.5474 36.116
430 36.3884 45.593 37.8279
431 40.6366 23.8646 43.8223
432 17.807 47.5877 34.1942
433 38.0514 26.7181 58.269
434 48.4229 27.9165 51.4646
435 30.3222 25.763 51.0747
436 34.3761 32.4834 51.4158
437 37.4042 23.6696 42.1819
438 65.0965 41.4856 63.9935
439 51.7549 36.7876 54.6025
440 56.1115 33.8126 81.6103
441 33.6707 33.4064 64.0151
442 64.9801 33.7056 69.3644
443 32.7776 42.014 50.7115
444 39.2808 39.7052 75.3488
445 38.1834 22.5768 75.0322
446 22.1254 23.3136 47.3147
447 46.2731 25.1495 44.5988
448 37.4649 14.8394 93.9471
449 43.267 31.268 80.2935
450 43.1486 38.7654 38.3037
451 36.8676 38.7113 65.7939
452 18.1034 38.4329 83.1624
453 48.1777 48.6112 80.6837
454 39.1127 33.702 54.2619
455 63.8576 31.4544 66.7173
456 47.381 31.548 85.3617
457 41.1276 21.9703 76.4057
458 43.3884 25.8878 80.505
459 36.148 47.5755 90.555
460 72.2998 51.9727 86.8255
461 41.7111 46.3335 79.8247
462 39.5752 19.4627 85.4112
463 50.9293 45.708 92.8485
464 54.7438 33.9291 76.2251
465 21.3116 38.603 92.8806
466 77.3172 31.2803 93.7756
467 52.0334 15.5122 105.849
468 63.1306 43.809 105.772
469 39.1351 4.85824 97.3957
470 30.3604 50.3991 113.755
471 49.0756 37.6184 117.87
472 54.1616 33.6994 116.212
473 49.7707 33.8003 116.02
474 14.6328 17.8665 124.543
475 47.4876 29.3394 124.178
476 47.8079 37.909 114.135
477 43.1196 55.6682 115.428
478 60.6054 18.0465 124.311
479 39.0392 54.76 105.564
480 36.8676 62.8995 -0.807548
481 45.4641 56.213 13.6525
482 39.9841 37.9274 -0.580333
483 42.4896 53.4482 -0.969337
484 18.1624 59.6036 28.1109
485 26.2369 41.9298 29.5606
486 45.4757 68.5762 28.4975
487 56.2762 68.5756 19.965
488 44.1291 64.6985 39.8938
489 33.545 52.3956 28.4669
490 44.9118 58.7704 35.822
491 40.7764 66.4986 24.3546
492 41.9744 50.0799 26.9036
493 51.6967 42.6753 47.8125
494 32.576 32.8022 49.3308
495 44.3968 59.3074 45.6081
496 33.0066 51.3538 41.538
497 33.3165 67.7784 35.8323
498 45.5727 71.8486 46.6281
499 43.6551 56.0429 47.1199
500 40.7667 67.3634 52.6021
501 44.7713 69.7584 44.6523
502 51.6467 53.7554 44.4243
503 47.3168 39.9192 70.6644
504 49.4621 53.314 63.4619
505 37.4835 65.3461 50.7039
506 54.5028 59.6446 63.0182
507 67.2474 60.1269 97.349
508 42.509 63.2431 70.92
509 36.9197 56.1764 66.7181
510 48.1787 45.0111 78.5467
511 39.4666 55.8066 55.8965
512 42.2296 61.4035 72.5025
513 25.4355 68.9321 58.292
514 51.2664 66.3189 87.7578
515 37.806 61.822 95.8717
516 42.445 70.9978 82.2361
517 51.7584 84.2983 86.7294
518 38.6656 51.5867 72.9434
519 44.6447 47.9219 103.847
520 39.2052 46.7759 65.7962
521 29.3144 51.6192 89.0826
522 63.7289 59.8809 84.7822
523 44.5855 62.8056 86.6457
524 36.0732 57.9613 102.031
525 41.1804 47.6837 95.012
526 26.008 66.6738 110.677
527 37.5035 56.8633 108.508
528 33.661 47.6472 90.426
529 51.3824 53.859 101.626
530 30.33 66.5716 108.22
531 31.9025 62.4764 124.133
532 34.6294 63.6121 111.509
533 54.8452 50.5709 124.054
534 40.0082 56.1901 109.908
535 40.3592 69.4172 116.656
536 54.748 58.979 111.281
537 38.2313 80.8836 -0.849559
538 44.028 85.1396 -0.97644
539 33.8664 86.8286 -1.08619
540 52.4665 73.6054 8.89487
541 48.5392 105.768 18.5865
542 32.7012 68.637 -0.802157
543 26.8358 76.9112 -0.900282
544 57.9608 65.5078 29.0937
545 56.9879 86.6624 25.5811
546 55.025 68.3472 22.1155
547 42.5443 93.1285 14.4289
548 44.9427 61.4566 23.2816
549 61.8427 81.7012 18.9919
550 55.46 84.7145 21.2229
551 66.7708 86.6603 32.026
552 46.485 88.0146 21.3415
553 48.9875 86.0458 48.5307
554 69.3823 88.6162 34.3636
555 46.5139 69.3812 46.4245
556 40.1381 58.6385 34.4278
557 30.0453 81.4752 34.3381
558 37.726 74.1395 23.9831
559 66.1693 66.8364 30.1302
560 44.2856 66.794 41.2007
561 41.7735 89.535 38.1495
562 46.6325 62.3658 29.6384
563 63.1 82.6251 38.463
564 56.5066 83.1167 44.5779
565 32.1442 61.5572 21.4608
566 20.7309 79.8751 38.9977
567 49.8448 104.972 54.0678
568 55.3121 97.6218 72.041
569 61.1359 65.0074 71.9517
570 49.3239 79.6213 65.2183
571 38.1462 83.057 56.2151
572 54.954 93.699 47.2639
573 56.228 81.2592 67.1499
574 67.3974 60.7077 65.9278
575 22.9339 60.4929 62.1744
576 27.4076 77.0766 45.8057
577 27.7213 75.919 48.0592
578 32.4775 75.6185 55.3237
579 52.8981 69.6413 65.8863
580 51.1358 77.8598 76.1772
581 43.8148 82.9198 80.0332
582 43.3992 109.979 81.9982
583 50.0396 68.0328 59.1146
584 52.277 93.6267 76.4216
585 42.3486 80.1455 76.3104
586 45.7231 71.0648 83.7253
587 56.8533 79.8747 73.7746
588 39.29 96.3735 88.8705
589 18.9493 92.2286 99.1605
590 57.2749 76.5066 101.383
591 63.0359 70.23 97.3325
592 60.0557 82.0379 90.9715
593 50.6253 74.0315 93.3047
594 31.3226 92.5158 86.4845
595 43.3591 62.7881 103.36
596 58.8286 83.9046 113.044
597 50.2723 72.2014 113.962
598 36.4271 61.8954 99.7875
599 57.3535 89.3973 116.627
600 32.9642 77.9263 115.462
601 51.7827 75.7179 114.497
602 66.0505 86.4258 99.0146
603 65.5945 80.328 94.953
604 64.57 78.7283 95.1894
605 36.3625 86.3498 99.4867
606 43.3936 71.1863 102.499
607 43.1379 76.4569 97.4651
608 44.6947 79.5141 104.731
609 31.614 74.8695 107.142
610 43.0626 85.7368 116.763
611 48.9977 67.7416 119.61
612 39.2381 84.5437 115.764
613 33.0828 72.9357 111.462
614 46.1209 79.0025 114.697
615 43.1933 78.9839 123.711
616 25.5027 90.0252 -0.761444
617 43.8905 112.521 -1.11586
618 55.3406 113.825 0.0216546
619 35.3608 91.7108 9.01881
620 51.0273 113.808 2.06289
621 40.7555 100.158 8.65455
622 56.7915 103.028 -1.37482
623 41.2169 114.083 19.3537
624 29.7165 100.198 8.39177
625 33.7153 113.867 6.29011
626 43.7614 92.0504 8.7591
627 25.2501 113.759 5.3375
628 40.1701 100.413 37.4449
629 24.1841 113.555 19.637
630 40.5969 106.597 23.6221
631 33.5535 89.7758 10.9057
632 16.3183 93.5763 25.6908
633 39.7198 113.146 27.1115
634 45.5532 107.779 16.9043
635 67.9341 97.4147 43.3557
636 56.9658 113.499 40.8661
637 35.0902 96.8809 46.2423
638 70.7012 112.311 57.975
639 29.8181 79.495 36.2178
640 56.6119 110.738 72.6506
641 46.3403 103.312 49.9834
642 72.5277 113.177 49.7773
643 41.2129 113.431 52.5375
644 45.8258 98.7862 34.378
645 46.9699 113.515 33.317
646 51.9727 104.524 59.8896
647 37.2421 79.7934 44.5636
648 31.5561 113.72 21.7657
649 36.5481 114.437 85.6581
650 33.4703 114.273 70.1853
651 34.4567 114.05 62.0239
652 58.3385 92.6115 77.3477
653 57.0494 113.757 74.1455
654 19.7666 94.0854 49.6703
655 50.8721 114.142 69.8652
656 46.4359 90.0933 86.7881
657 25.3549 82.0994 73.4098
658 45.0142 102.627 86.7443
659 27.2399 100.592 73.2558
660 33.1563 93.7831 107.033
661 32.9357 82.2421 84.6649
662 35.2032 114.335 83.3045
663 42.098 114.2 74.9346
664 40.6068 114.689 99.2873
665 40.2698 114.666 107.669
666 47.5644 114.126 85.7256
667 34.2149 114.17 79.6705
668 37.7507 97.0772 99.8758
669 44.9545 114.515 94.3406
670 54.5871 85.9076 82.546
671 15.7337 94.1339 92.2981
672 33.4345 114.336 97.2493
673 40.0434 107.646 89.4731
674 26.1186 112.986 105.346
675 46.02 114.55 109.056
676 54.7686 94.8511 103.056
677 33.533 114.5 93.6156
678 30.722 114.596 97.5664
679 28.6772 114.653 113.266
680 28.8845 103.248 123.791
681 47.4703 101.211 123.648
682 52.8865 109.393 123.609
683 38.8025 83.7813 112.354
684 56.0461 114.652 113.9
685 26.9881 114.846 99.4256
686 33.013 114.527 118.309
687 41.7262 110.342 123.566
688 63.1558 114.756 117.205
689 54.5404 100.223 123.464
690 59.8884 114.988 111.802
691 75.7233 11.21 -0.626043
692 61.5735 15.0874 -0.399115
693 81.2873 11.2454 -0.61927
694 78.5228 15.3046 -0.658065
695 70.075 11.4308 -0.603235
696 58.3986 23.1813 19.672
697 78.2932 6.93959 11.4894
698 71.409 33.7864 19.6363
699 59.3756 23.0542 9.34854
700 73.2137 -0.977947 24.8415
701 90.0906 -1.16589 17.1461
702 88.8338 -1.29376 5.8935
703 61.7858 7.2175 28.2161
704 67.3911 -1.27013 16.1717
705 48.9142 -1.03502 22.2568
706 64.9685 -0.881837 45.4363
707 58.2699 21.2315 30.0452
708 71.2659 -0.571262 58.1542
709 70.6973 23.4909 57.2192
710 65.6031 20.214 28.7119
711 62.5203 -0.308016 35.1009
712 65.1686 32.2213 51.1789
713 71.9366 20.0828 27.8362
714 70.9767 25.0684 36.6089
715 49.7966 13.9871 46.2283
716 52.4374 20.051 44.268
717 62.925 -0.522581 58.1601
718 86.7481 28.7628 61.4033
719 47.1837 0.441299 71.9139
720 86.2124 2.90707 84.7226
721 75.3396 -0.343555 94.5078
722 69.054 9.90577 85.3096
723 74.2136 29.2969 68.3362
724 69.7863 7.93533 76.3283
725 59.8017 -0.661594 53.0529
726 78.2069 16.0637 70.716
727 72.1957 18.9335 74.6206
728 55.448 23.6113 77.5453
729 61.4321 25.4569 62.6655
730 71.1644 31.5223 67.2129
731 46.1907 10.1257 94.6789
732 82.4583 -1.11347 88.9306
733 86.4923 -0.476347 104.847
734 89.1071 5.77442 111.846
735 75.0818 9.04089 117.752
736 82.2739 20.4377 123.895
737 59.2342 21.0361 123.993
738 77.7319 15.0591 110.746
739 83.9718 23.671 109.824
740 82.0609 12.1221 115.633
741 63.4224 19.3008 122.901
742 64.7866 16.271 124.357
743 92.2602 19.6356 101.627
744 56.6686 7.23412 110.116
745 66.3895 5.92062 124.169
746 59.2942 -0.444872 111.752
747 74.8634 30.8333 123.958
748 69.9186 30.4531 13.7136
749 72.7665 43.5399 -0.949288
750 84.3439 41.4452 11.0282
751 75.6588 39.1974 9.04017
752 75.6375 27.4829 -0.630055
753 61.149 24.2449 -0.569134
754 68.6289 45.3476 17.2832
755 69.7234 51.9775 21.2261
756 82.9633 39.0853 29.6169
757 55.7284 32.793 17.1789
758 71.6036 16.1285 18.1204
759 78.4687 26.0226 42.6432
760 65.4792 47.346 49.2764
761 78.0561 23.0694 27.75
762 50.1937 28.7219 29.7756
763 82.956 22.1268 60.3791
764 74.0837 44.1473 53.5707
765 69.1344 32.3447 47.2958
766 68.8705 26.7026 38.9305
767 81.355 42.6092 47.0318
768 74.9396 35.6901 68.8795
769 79.1184 32.7286 53.4096
770 93.1247 28.513 34.7317
771 75.5852 29.0032 73.7988
772 73.1738 31.9232 58.5423
773 94.1659 37.8849 88.6797
774 62.3842 35.5947 77.234
775 66.8309 35.561 63.4847
776 54.1789 23.5959 70.3945
777 93.9012 31.4673 86.7222
778 79.2959 37.7862 67.572
779 92.606 28.7427 65.3409
780 58.1376 33.7663 79.0635
781 60.9766 29.6584 79.6729
782 58.6217 50.2182 74.1923
783 47.1294 25.6372 78.7751
784 69.4059 13.0638 83.6399
785 74.065 34.0246 89.4492
786 89.5108 37.7687 88.8278
787 57.4034 38.0165 83.9817
788 81.838 43.4749 80.8059
789 65.2773 41.7751 105.623
790 71.4675 25.6363 85.1957
791 83.4775 39.6548 88.981
792 38.641 39.1373 90.0582
793 76.8019 23.4856 83.253
794 85.9094 76.3637 123.606
795 61.8556 27.6716 101.593
796 57.8106 35.7112 114.295
797 70.2213 4.86531 102.659
798 79.8822 33.5277 109.668
799 66.6821 17.6519 102.029
800 80.4304 43.3314 106.164
801 73.6207 33.9763 107.876
802 78.314 29.7217 87.1089
803 67.7179 37.6333 97.6282
804 54.6292 47.4998 124.188
805 64.9246 33.5419 123.977
806 67.1237 29.7453 108.105
807 73.6248 21.1783 124.109
808 64.5841 46.3659 105.319
809 85.009 41.8001 109.979
810 85.4835 41.5306 -1.00939
811 77.2553 59.1324 -1.23163
812 55.4946 55.7644 -0.907198
813 57.1101 57.7163 4.42427
814 56.9933 61.6849 16.6057
815 65.7492 44.8617 14.7282
816 48.8184 61.2803 14.9981
817 79.8602 57.7183 12.7159
818 65.6293 50.2147 7.54494
819 70.6768 59.5485 11.0285
820 82.3297 41.3446 13.1246
821 71.3194 60.8911 14.2648
822 60.3319 51.2491 8.73933
823 80.1023 63.5423 21.1708
824 48.9432 67.3841 20.8487
825 74.328 57.7143 25.5519
826 64.2629 69.4354 11.0597
827 52.3581 39.3187 17.5948
828 84.6234 77.6954 31.367
829 61.3632 69.6303 17.153
830 77.6808 62.7725 57.606
831 66.2051 46.8714 38.4718
832 51.1047 66.2965 50.6947
833 95.8051 45.2146 36.0678
834 65.6619 63.8295 26.1295
835 77.1673 68.6257 36.7632
836 58.1987 41.9913 51.4581
837 48.4517 42.6146 29.9374
838 65.4227 53.8367 55.9252
839 61.888 69.8773 71.7308
840 57.8221 60.6151 68.1564
841 78.0419 58.2434 75.2178
842 59.692 37.719 77.2876
843 88.084 55.8381 72.0906
844 75.2929 72.676 54.9228
845 82.6554 48.2279 77.2293
846 90.6719 51.585 80.2231
847 45.0211 61.0229 85.3773
848 86.3539 44.5161 61.8007
849 77.8335 66.1032 80.1879
850 83.8239 62.4163 86.9126
851 81.8065 34.5684 75.0052
852 94.1468 64.0439 92.6316
853 77.9793 53.7843 86.5821
854 59.8398 52.0001 77.1276
855 81.1168 55.089 69.0557
856 80.0927 52.3845 101.155
857 75.6495 51.6216 87.0336
858 61.5763 59.5374 95.6883
859 74.0592 38.196 93.6793
860 53.1605 71.8816 109.379
861 57.4184 55.1187 106.343
862 61.7987 80.1854 103.647
863 79.0268 39.6079 108.115
864 68.4658 58.2878 109.953
865 81.5724 41.7686 105.957
866 77.507 44.5374 105.341
867 77.579 62.4225 107.538
868 83.5162 62.3392 109.777
869 80.5699 54.2055 109.923
870 81.8965 49.9919 123.987
871 70.3312 65.8762 123.758
872 73.5888 61.9554 123.893
873 84.7981 64.2787 107.644
874 89.1877 50.4954 123.831
875 83.2082 63.6278 123.842
876 79.8222 74.9605 8.08702
877 66.9435 74.2413 5.29394
878 83.972 77.8211 4.66971
879 65.4205 82.1266 -1.34983
880 67.0335 88.2391 19.2082
881 68.1842 78.0583 -1.46791
882 71.3694 77.6958 22.8358
883 59.9921 71.8764 2.44925
884 71.4307 66.1141 -1.10907
885 58.3757 92.5279 11.4415
886 75.8201 68.5469 34.4037
887 64.2768 77.6609 12.7428
888 63.7839 74.1319 17.5182
889 68.1812 78.0455 15.5295
890 46.8038 77.9745 23.5723
891 68.4463 78.0565 24.9191
892 78.4096 55.7326 36.8154
893 62.8745 91.6298 28.9407
894 62.9055 71.5201 24.6357
895 62.7033 75.4506 35.5898
896 70.426 91.9815 36.3158
897 80.2736 66.5128 40.0597
898 85.4958 80.8512 32.7509
899 79.5571 55.4221 39.7005
900 82.6573 90.2301 45.0738
901 78.1006 76.3746 44.1359
902 66.7484 82.5323 58.1099
903 68.2653 100.035 41.6649
904 56.727 86.8907 44.8308
905 75.9843 74.241 43.1383
906 79.426 100.639 61.7191
907 92.1018 69.2708 69.7943
908 45.2957 100.431 52.9294
909 75.3919 88.6596 68.0065
910 81.0419 71.8789 82.4454
911 79.1901 84.2205 88.4186
912 63.5673 81.8295 75.7867
913 77.9392 102.35 47.1431
914 50.2238 98.5625 70.9793
915 75.0917 78.5382 71.0906
916 90.0018 80.7365 81.0284
917 69.4723 72.3189 84.5748
918 40.5534 86.2325 105.462
919 42.532 74.1209 99.5618
920 72.9683 76.2934 99.171
921 64.433 96.2602 92.5302
922 71.9028 83.9356 79.8369
923 74.349 62.0781 99.2554
924 77.4361 89.9948 100.738
925 56.8749 84.295 105.329
926 61.2948 86.4168 88.4722
927 99.5514 100.36 85.9165
928 66.0714 81.8367 108.079
929 57.9713 84.4639 115.721
930 58.961 82.1959 123.832
931 76.6962 76.5031 117.864
932 67.572 80.986 123.501
933 71.6827 78.3301 101.613
934 76.1186 78.3642 123.677
935 66.2118 87.5405 123.543
936 64.228 74.4073 109.591
937 67.6796 90.1947 123.647
938 85.5457 99.2781 7.16496
939 56.8946 90.1041 -1.19443
940 61.2216 106.17 16.7479
941 69.7638 84.1654 -1.24555
942 79.4531 91.519 24.813
943 69.5267 113.4 33.3024
944 79.5618 113.708 17.2129
945 49.2681 96.6792 22.1054
946 71.1242 105.188 17.7541
947 69.6926 113.972 19.3373
948 64.1293 91.3799 13.1786
949 54.9539 113.326 19.5309
950 76.0138 103.958 25.2408
951 67.1797 113.714 29.2254
952 65.5809 101.503 51.4745
953 57.2287 100.983 23.4462
954 78.5016 113.592 31.205
955 55.7604 106.041 30.4318
956 76.0047 97.5644 37.8879
957 65.5436 111.713 62.103
958 54.1391 107.895 56.1442
959 84.2812 113.186 41.7938
960 66.2169 95.3032 51.9127
961 63.813 106.46 62.0768
962 79.8557 104.618 70.0082
963 52.2834 113.243 50.101
964 72.7552 86.3898 42.0613
965 95.152 97.1932 49.0906
966 65.2968 88.3334 42.2804
967 60.3771 113.566 59.4468
968 71.3013 113.511 61.9682
969 82.6977 114.152 91.3975
970 89.5263 98.1752 81.8523
971 54.3465 113.94 79.2086
972 69.5863 113.804 66.7422
973 83.9192 81.3875 84.7894
974 62.4515 103.095 64.1799
975 88.3387 91.5562 80.1702
976 51.7429 100.705 101.005
977 88.2368 113.988 74.748
978 78.3439 71.9672 82.3333
979 60.0501 102.118 83.8413
980 78.4825 92.6046 88.7729
981 78.6198 114.202 88.2013
982 61.4946 113.887 75.9503
983 60.2807 114.165 87.6348
984 52.0531 90.609 98.9743
985 86.998 114.637 93.8805
986 87.4773 114.625 114.267
987 57.5003 94.9044 97.5562
988 52.7465 98.6852 109.566
989 89.9832 91.7542 96.1763
990 58.6893 96.4598 94.7235
991 83.1104 114.181 104.636
992 73.2433 87.7015 116.695
993 68.6698 88.1218 94.8212
994 63.2149 97.8964 92.2529
995 67.4412 114.415 102.381
996 64.8973 98.6059 94.8491
997 63.1599 114.427 90.9775
998 68.8032 100.42 123.238
999 61.7258 114.586 119.078
1000 78.8917 110.39 123.224
1001 63.2549 103.348 123.521
1002 78.8619 94.2384 123.408
1003 53.1351 90.1052 118.281
1004 79.9302 114.774 112.942
1005 84.7298 114.997 117.483
1006 90.2685 94.5934 107.323
1007 57.6405 104.766 121.68
1008 114.613 14.1338 16.2753
1009 97.3347 13.3368 11.6464
1010 97.3825 18.6513 -1.03557
1011 108.442 2.19232 -0.668688
1012 92.9898 -1.29719 0.881667
1013 102.826 16.6842 6.73934
1014 86.8159 21.095 9.32953
1015 103.637 15.1962 23.8193
1016 109.01 0.304782 40.2178
1017 106.952 -0.854925 28.4157
1018 86.528 12.9553 7.35082
1019 101.053 8.70443 19.9586
1020 112.018 22.9328 21.9908
1021 94.3051 7.3815 21.7981
1022 88.4404 18.5064 40.5129
1023 97.7761 9.31047 30.1863
1024 109.124 -1.38231 21.9421
1025 95.1407 24.2591 34.7764
1026 103.967 15.3135 34.3074
1027 109.451 16.3757 44.2232
1028 98.9928 20.7804 32.0809
1029 95.4171 -0.384195 38.5039
1030 110.354 34.0591 61.3808
1031 86.8896 -0.776675 78.805
1032 109.944 6.4748 61.9223
1033 102.748 19.1495 65.0908
1034 109.695 21.8202 53.4955
1035 85.4486 -0.162934 60.1525
1036 110.03 12.8064 59.8117
1037 91.2576 16.0231 43.8247
1038 91.5983 28.3913 67.211
1039 89.59 19.6479 76.3544
1040 110.354 16.5177 63.1178
1041 88.8473 -0.635674 71.1864
1042 109.022 -0.241696 65.6232
1043 84.3279 -0.626049 69.7556
1044 94.9494 13.5305 82.2506
1045 97.2195 29.4189 67.8504
1046 86.8871 -0.795921 90.6563
1047 97.1177 19.2857 82.2561
1048 99.9541 17.48 94.7758
1049 104.418 -0.678486 74.6794
1050 102.75 28.0728 105.294
1051 92.7061 15.3195 90.9159
1052 99.0648 19.591 86.7361
1053 111.681 20.1157 84.9642
1054 96.2661 19.3045 84.5394
1055 110.001 -0.343645 73.8279
1056 71.4944 11.4168 108.151
1057 115.235 3.10518 110.487
1058 96.9404 31.0922 97.6034
1059 102.844 3.24286 103.08
1060 111.513 10.5019 78.8133
1061 85.4188 -0.82391 93.252
1062 78.9948 11.6487 107.957
1063 82.6941 34.2634 94.7932
1064 88.962 -0.503141 101.173
1065 97.8147 -0.2422 121.758
1066 97.0043 11.6599 113.849
1067 108.755 7.5332 114.147
1068 115.295 7.04665 122.309
1069 100.572 9.72404 107.681
1070 102.761 42.7266 -0.856307
1071 84.3542 37.9572 10.0343
1072 104.311 40.9371 -0.768175
1073 102.861 41.8839 15.5322
1074 104.367 42.3418 2.28827
1075 98.5242 44.5691 -0.875661
1076 110.19 49.5929 19.5974
1077 99.6292 33.1635 23.5553
1078 102.822 40.3395 6.12979
1079 95.519 31.2712 17.2425
1080 81.9868 31.3305 23.6332
1081 107.159 33.5681 13.6155
1082 82.9925 51.7013 38.1801
1083 112.335 54.4828 22.4206
1084 82.6629 18.8977 25.7946
1085 74.9881 33.1689 23.4463
1086 75.3337 32.9159 58.6608
1087 109.486 24.0072 48.1892
1088 87.5552 57.5778 37.9582
1089 83.7676 16.5882 48.6541
1090 110.015 38.1107 57.9176
1091 83.431 29.5057 31.704
1092 92.4837 36.113 65.0405
1093 92.0571 29.0065 61.8157
1094 87.4433 41.1775 64.2614
1095 77.5689 32.7532 48.536
1096 83.2309 45.2217 61.3905
1097 79.9565 27.3301 33.9178
1098 95.5262 51.3238 53.1726
1099 110.28 39.8161 55.749
1100 73.95 25.255 63.216
1101 110.867 25.251 30.5368
1102 109.878 24.1385 55.8294
1103 110.249 28.0681 63.7819
1104 80.4074 29.5765 50.8743
1105 86.5503 25.8169 63.5577
1106 112.016 4.04754 75.7343
1107 80.0278 29.6677 56.7781
1108 88.5848 25.5749 70.5361
1109 70.6203 29.3732 57.8063
1110 111.939 46.2997 86.457
1111 93.7015 45.1235 72.4306
1112 112.568 54.7832 99.2313
1113 89.6998 11.4142 78.3594
1114 78.2018 33.8224 87.0445
1115 90.4246 27.3362 88.9645
1116 111.478 29.8045 77.8662
1117 84.7337 37.3692 85.0593
1118 89.3082 35.3791 80.51
1119 68.5683 23.6928 95.7565
1120 106.431 53.4671 69.1742
1121 59.1776 29.5004 82.0526
1122 91.8377 32.0202 86.5268
1123 106.108 46.269 92.1089
1124 99.4497 39.7625 92.5864
1125 96.6896 43.8353 92.6665
1126 94.0214 58.4836 79.265
1127 77.6389 64.4328 105.423
1128 92.2557 42.2071 111.625
1129 100.435 39.7334 115.564
1130 109.354 27.4633 123.556
1131 98.9754 44.6165 110.961
1132 102.282 42.1209 117.669
1133 115.378 34.969 118.859
1134 101.415 31.9338 111.592
1135 96.7876 44.0592 113.607
1136 79.2762 48.0965 113.92
1137 99.9285 53.1206 13.3917
1138 104.305 40.7163 4.26782
1139 95.5899 51.677 -1.10013
1140 108.548 45.9868 12.5987
1141 110.808 74.9285 56.6454
1142 109.708 50.1315 41.0854
1143 99.5702 63.9208 36.2231
1144 95.7739 61.5719 21.2305
1145 87.8362 33.4038 19.3227
1146 112.434 44.5716 19.856
1147 114.191 66.4133 15.5102
1148 111.888 63.2102 26.4802
1149 94.2893 68.5123 13.5919
1150 73.781 67.4214 21.0262
1151 110.533 45.3475 58.2121
1152 96.3707 63.3111 54.4552
1153 89.0363 54.5942 41.2544
1154 90.8873 62.6033 34.8242
1155 78.3306 60.918 38.792
1156 90.1864 67.8722 35.5222
1157 109.662 32.6452 47.5094
1158 88.4692 43.4091 42.2646
1159 80.4663 49.516 46.2534
1160 110.203 79.9352 58.0844
1161 102.784 57.4358 60.9846
1162 90.783 68.4603 54.7194
1163 85.5451 50.2446 51.8613
1164 87.4047 62.6169 48.5269
1165 105.363 61.2304 53.6657
1166 90.139 73.916 42.6685
1167 109.69 36.5552 51.5357
1168 69.4338 69.591 58.5825
1169 102.008 60.3169 64.7907
1170 111.708 63.1744 82.4376
1171 83.3604 52.2559 75.7068
1172 110.948 52.876 72.4834
1173 70.9576 56.4111 69.4876
1174 112.11 48.3175 88.292
1175 78.4423 59.6276 69.0198
1176 92.2276 46.7033 58.0364
1177 93.1967 80.1459 80.873
1178 115.186 45.2281 120.353
1179 95.1198 39.2349 72.1987
1180 82.8735 62.2146 56.9074
1181 110.401 50.038 61.9781
1182 98.1008 49.4895 73.9415
1183 115.002 50.7932 110.754
1184 97.9537 63.9393 90.5927
1185 92.5383 62.1199 92.5932
1186 93.3016 43.8153 88.8084
1187 112.61 74.9984 98.9306
1188 111.944 60.3 88.0113
1189 110.179 65.9727 72.8991
1190 111.367 50.7228 78.5917
1191 76.2566 64.544 74.7505
1192 101.888 33.4616 96.9189
1193 97.9624 61.8932 92.5274
1194 71.2475 43.9229 82.8476
1195 110.125 77.6831 86.637
1196 88.9993 80.0507 103.004
1197 82.783 58.2349 93.0283
1198 97.2376 62.3471 111.432
1199 85.9405 85.8951 107.61
1200 80.3656 61.5252 109.15
1201 86.2517 55.0188 123.835
1202 94.7191 50.776 114.167
1203 109.277 59.9463 123.251
1204 104.715 76.9628 110.896
1205 93.795 57.7471 123.906
1206 107.826 64.9497 123.394
1207 95.4581 101.01 -1.307
1208 81.8591 75.6722 -1.44634
1209 97.0826 86.2558 16.2285
1210 114.77 81.2242 9.33
1211 84.0908 88.5581 8.22421
1212 114.513 82.6595 0.0688576
1213 89.8795 77.1211 -1.18834
1214 79.8706 72.3375 6.1018
1215 100.724 71.7388 12.9335
1216 105.473 86.208 -1.18607
1217 99.1709 99.8074 25.4386
1218 113.756 92.0105 15.2351
1219 83.7618 100.095 20.7533
1220 101.676 76.1526 25.714
1221 110.481 47.6498 27.9218
1222 111.385 78.892 35.3926
1223 55.7998 90.6009 23.9423
1224 79.1011 83.5297 33.4557
1225 108.041 87.7424 19.0398
1226 88.141 73.4094 64.4199
1227 99.6025 91.3356 48.8971
1228 88.3576 76.2593 47.6834
1229 100.794 68.0275 38.3548
1230 70.0863 96.2762 25.3164
1231 86.5371 73.5476 62.0942
1232 111.065 78.417 39.9452
1233 83.5578 80.2321 39.2036
1234 90.9065 78.2408 61.3456
1235 109.955 70.301 55.793
1236 68.6263 80.6038 53.1051
1237 100.179 63.6413 38.3576
1238 110.21 89.9843 63.4583
1239 76.262 95.5027 46.055
1240 69.0553 95.9166 44.7678
1241 110.278 86.5356 60.0036
1242 110.526 77.9058 51.7554
1243 109.792 100.442 73.1346
1244 98.3791 70.8264 71.8445
1245 110.122 90.7866 79.6614
1246 110.509 45.8504 61.9256
1247 112.479 51.0542 99.5735
1248 84.8681 102.557 67.6899
1249 110.627 63.5929 68.7145
1250 88.3309 89.3657 82.5509
1251 98.1546 69.9682 75.4594
1252 89.2406 76.0349 92.4532
1253 111.144 66.1364 74.5075
1254 77.8082 75.5116 74.0642
1255 88.1643 70.471 88.9085
1256 112.406 63.3907 95.273
1257 93.8663 82.1531 90.5544
1258 97.659 80.5078 87.8609
1259 95.1314 69.7591 90.2251
1260 106.054 82.4029 104.83
1261 111.452 56.7941 80.0164
1262 84.1922 103.918 100.524
1263 112.15 70.8767 90.8769
1264 93.4729 68.4471 105.528
1265 112.171 90.6106 96.4387
1266 108.984 74.6489 117.373
1267 89.1175 71.1433 123.662
1268 115.018 70.078 116.106
1269 87.7115 77.2063 123.531
1270 102.084 82.242 123.315
1271 109.099 75.9267 118.856
1272 104.662 94.47 109.294
1273 87.355 85.9541 114.156
1274 106.216 96.4409 123.186
1275 94.624 80.3039 123.501
1276 114.977 81.2635 108.203
1277 91.9408 83.894 123.343
1278 77.8915 76.1882 123.865
1279 103.123 83.5107 106.114
1280 109.179 72.1137 123.316
1281 114.53 88.8577 1.81968
1282 92.6336 114.107 3.9258
1283 105.595 114.115 10.084
1284 114.527 100.86 13.9891
1285 100.957 114.197 3.6987
1286 89.108 113.808 23.8919
1287 106.393 112.343 -1.66323
1288 94.9418 103.111 32.0069
1289 97.6767 113.467 34.8533
1290 111.755 79.1502 32.1126
1291 113.269 110.291 18.655
1292 86.5203 113.3 34.4429
1293 96.8614 82.4456 16.4817
1294 106.269 113.84 27.5055
1295 64.6826 112.932 48.2257
1296 99.2687 113.507 47.6165
1297 64.5571 113.078 38.5217
1298 101.816 113.779 34.7465
1299 112.972 87.2276 33.7578
1300 89.8922 98.123 33.4245
1301 91.4663 98.3608 30.0811
1302 96.5272 95.9768 36.9781
1303 104.651 113.584 57.2855
1304 111.076 94.3969 50.9304
1305 108.356 113.414 45.2674
1306 64.2371 112.382 -1.30916
1307 71.1958 99.3222 41.6345
1308 81.626 85.0111 67.1323
1309 102.192 113.641 83.6383
1310 81.0444 105.474 71.1156
1311 90.402 85.7233 73.8991
1312 84.5573 81.1138 67.2016
1313 106.945 113.479 61.4611
1314 95.2981 113.373 64.7031
1315 96.6251 80.4013 90.2977
1316 91.43 97.7625 79.6555
1317 100.738 106.579 96.4899
1318 109.208 111.538 81.559
1319 93.4883 99.8203 79.7919
1320 104.75 95.593 74.2296
1321 103.989 113.576 68.5149
1322 95.4514 84.727 92.9985
1323 108.519 111.631 89.4872
1324 109.13 103.93 77.7126
1325 97.2307 81.0421 107.667
1326 110.369 84.9263 86.8795
1327 89.0721 94.3327 94.2861
1328 113.168 95.4829 104.036
1329 90.8886 114.039 82.4676
1330 103.421 114.85 94.4249
1331 74.4927 101.921 107.66
1332 84.7221 113.793 123.385
1333 91.5904 114.675 115.763
1334 96.3176 101.163 123.396
1335 95.7306 106.937 113.041
1336 115.058 103.678 121.368
1337 105.876 101.727 103.732
1338 115.23 103.379 109.929
1339 115.236 112.133 121.698
1340 115.076 109.569 111.535
1341 84.8081 98.6907 119.419
