0 8.37696 21.8232 -0.162493
1 11.4591 1.92011 -0.183162
2 17.2025 18.3562 11.9632
3 28.7102 -1.53053 3.3018
4 27.0803 2.7694 -0.181139
5 9.44331 2.57004 3.83093
6 -0.280733 9.66873 1.5397
7 11.5837 6.79518 11.7578
8 21.4596 10.9145 -0.203135
9 -0.455042 13.8505 1.49336
10 -0.0743017 19.9773 31.1705
11 27.3136 18.9169 21.7311
12 14.5026 9.45546 29.3649
13 1.45338 -1.2483 4.48236
14 20.1122 -1.34902 10.5969
15 8.06577 10.916 24.0764
16 -0.34198 26.0482 24.8905
17 37.205 6.42695 32.3971
18 -0.15502 24.1306 23.0863
19 23.1443 15.6148 34.9087
20 17.5135 -0.997387 39.7459
21 -0.226466 9.26438 25.835
22 30.3641 20.0952 41.2453
23 37.3239 7.05216 40.3335
24 -0.0332945 20.2834 47.6402
25 17.4319 -1.11075 43.8448
26 -0.214992 0.361642 51.5348
27 8.85087 25.2831 48.6293
28 41.7871 5.80762 59.7847
29 4.42988 -0.876973 48.946
30 12.7907 35.3962 62.768
31 11.4819 4.65053 42.8134
32 6.14572 20.3795 35.9193
33 20.3481 6.81267 57.0016
34 0.16047 16.3782 88.6623
35 40.3556 -1.28442 50.6813
36 17.3002 3.17136 64.8965
37 14.3532 29.4413 58.4047
38 20.5721 -0.686806 68.629
39 18.9738 -0.972648 65.237
40 27.6151 -0.796995 57.9908
41 15.9573 -0.704651 65.3686
42 28.0003 15.147 81.1097
43 22.0149 -0.759962 82.0662
44 31.166 23.2365 79.1957
45 10.3619 -0.817328 90.5434
46 11.8215 11.5931 87.9567
47 4.43119 -0.885434 81.5357
48 19.1669 21.7426 87.6532
49 27.8349 15.6 110.077
50 19.1737 -0.482828 110.41
51 27.5954 25.8889 97.0978
52 14.7056 16.3016 92.1925
53 30.5468 -0.885072 90.077
54 17.715 5.53303 97.9174
55 13.2925 -0.654927 102.288
56 20.2995 21.3489 91.6743
57 19.0838 25.1223 103.364
58 13.2301 27.0347 91.8095
59 13.7605 13.1232 87.2462
60 9.62412 5.40763 110.029
61 8.0155 -0.588897 111.576
62 29.0266 15.0903 115.805
63 20.6445 10.7504 115.791
64 0.432372 0.451863 112.648
65 0.948718 -0.741766 108.047
66 18.1314 43.2514 11.637
67 22.7303 38.61 9.08477
68 10.6768 24.7359 7.53873
69 4.15964 41.9271 10.7584
70 27.564 20.809 19.7308
71 4.11439 39.9337 8.67087
72 28.2662 38.631 -0.645403
73 22.9938 29.3176 -0.600058
74 25.0237 26.8021 30.0351
75 -0.503246 46.5279 4.8588
76 -0.20803 25.9804 28.8359
77 2.68007 40.1489 14.9296
78 0.31153 14.0942 49.4623
79 -0.0438782 34.7734 49.0249
80 9.02427 37.5275 50.373
81 -0.208691 32.4721 55.633
82 13.1354 37.8218 30.8533
83 10.1975 40.7925 45.7204
84 31.9988 39.5218 38.336
85 -0.507682 35.6901 30.502
86 25.8139 47.92 42.7348
87 21.8681 38.7735 47.2817
88 23.4501 45.1797 46.4957
89 -0.559848 28.5935 48.0855
90 30.8788 31.3349 48.4287
91 24.6163 41.5108 46.4574
92 -0.447823 40.7577 51.9498
93 17.7584 22.995 44.2465
94 6.8051 41.3375 54.7127
95 29.0732 15.0526 54.3558
96 16.9773 51.5402 60.4613
97 22.899 48.5672 39.4861
98 15.8852 39.6654 60.7091
99 11.0504 15.1139 56.9389
100 5.31221 31.195 68.9257
101 20.0974 37.505 60.7351
102 0.295369 22.5746 70.4299
103 15.7628 29.5787 67.3617
104 31.8929 35.3243 50.3729
105 0.187815 38.9007 69.6661
106 36.3022 43.223 64.3667
107 31.9045 31.8279 75.391
108 18.1568 23.3027 91.3253
109 20.7547 25.4437 69.0257
110 12.7917 41.8096 87.2845
111 0.362673 36.5633 84.4054
112 34.6017 39.9086 80.8989
113 -0.0299343 28.3206 100.758
114 26.8023 37.66 93.5785
115 24.8578 35.7255 91.2546
116 14.9055 31.6862 79.0283
117 16.3072 39.6966 85.1424
118 16.1964 25.774 91.8746
119 18.8392 54.8925 108.492
120 21.8991 36.9585 90.6823
121 3.12368 53.5046 95.267
122 16.1448 46.5557 101.059
123 7.44652 39.8257 91.2899
124 8.04363 27.4793 95.461
125 30.1125 25.4624 101.646
126 21.6033 56.1775 115.443
127 21.7802 46.2284 108.196
128 14.933 22.2223 115.867
129 18.8091 45.8605 107.656
130 6.08574 34.3524 115.554
131 7.51668 37.2393 115.511
132 27.463 28.9584 94.078
133 23.3235 27.9273 108.247
134 16.8816 67.9497 14.876
135 3.95713 60.9997 -0.350306
136 22.6323 66.9368 -0.929746
137 21.1235 60.961 12.8485
138 9.88268 57.7503 18.1157
139 -0.528258 68.0728 10.893
140 11.4424 46.0862 20.8607
141 19.9099 56.7421 22.8787
142 -0.250693 35.5634 14.8423
143 4.09418 56.0699 20.3157
144 35.7274 37.6904 30.1599
145 -0.1623 66.9198 36.7445
146 19.9166 65.0657 14.8941
147 22.7655 59.7124 35.5993
148 19.9493 61.7309 37.7976
149 30.3083 59.898 37.5335
150 33.8409 55.713 50.4127
151 16.057 59.5221 42.1132
152 17.3527 65.6401 32.2074
153 27.4348 59.5795 39.8317
154 17.4031 57.952 40.4635
155 18.7408 62.3923 39.1967
156 11.8875 41.0762 34.1612
157 6.01202 55.6572 31.718
158 20.2457 49.9189 36.5706
159 9.38579 47.1407 32.1295
160 17.2463 60.6673 39.3299
161 20.0872 61.4665 48.3504
162 11.3782 65.2298 35.6766
163 16.5709 37.3128 52.3734
164 40.5884 61.4831 54.5172
165 30.2426 45.1478 60.9764
166 28.1094 59.4414 46.2692
167 0.0235986 42.4222 69.8266
168 6.69464 49.593 66.7815
169 11.4661 59.1466 66.1865
170 8.69052 65.8318 58.3981
171 32.3235 61.8709 66.5772
172 17.8694 59.5673 68.4378
173 33.2197 60.1529 86.7303
174 33.2998 58.0167 87.202
175 0.120602 67.1268 82.1899
176 17.1948 55.7221 76.757
177 14.49 53.3417 75.0183
178 17.5654 43.6973 75.1337
179 21.7602 45.3732 70.5382
180 -0.0404204 46.2846 65.733
181 13.1413 61.5073 85.3786
182 15.9528 66.379 91.5156
183 24.6921 56.3775 89.7799
184 14.9258 64.1196 91.2379
185 35.591 54.0273 97.4853
186 0.0171563 61.2302 96.2699
187 3.22621 68.5666 104.925
188 0.034244 70.6516 94.0888
189 23.1746 51.8075 99.522
190 4.99222 47.7962 105.602
191 -0.172436 66.8567 113.918
192 11.4777 63.5393 106.693
193 18.7852 68.5859 115.315
194 0.104676 50.947 106.79
195 8.92893 59.5989 115.367
196 17.7174 53.753 109.314
197 20.4648 51.7126 111.42
198 28.7585 62.399 115.436
199 8.29088 64.6319 10.4921
200 9.12697 91.6325 11.3815
201 16.6736 80.4458 6.21954
202 13.0541 73.5689 17.5724
203 28.3841 77.8198 8.81578
204 10.3376 75.3502 11.4892
205 7.75937 85.8245 -0.588188
206 14.1845 73.4729 15.2685
207 9.8576 74.5089 18.8187
208 18.4189 71.3882 11.2837
209 10.1837 83.081 35.2074
210 18.5076 91.4294 17.6267
211 26.9689 87.7624 25.3322
212 23.6197 73.5446 25.6103
213 17.4043 75.5497 15.2705
214 22.6127 84.7835 14.6124
215 4.10811 75.2139 23.2956
216 17.0663 83.0819 19.901
217 15.7346 73.925 17.9226
218 28.4702 87.9802 23.0858
219 18.2473 75.3832 17.5774
220 -0.250879 80.7541 30.8772
221 17.1579 76.0108 26.9409
222 17.3072 83.7125 29.5793
223 14.1329 75.2797 17.1189
224 20.3209 81.6179 37.9773
225 22.8668 81.8096 37.787
226 34.4041 65.6284 39.9384
227 21.5336 98.0384 39.5516
228 -0.00617771 82.6942 49.0228
229 -0.0939814 78.5261 65.2594
230 33.2935 96.0053 72.1293
231 7.34337 67.3875 50.6807
232 -0.240371 90.932 48.8769
233 -0.0872841 70.5416 45.2513
234 25.5255 69.5128 42.1369
235 17.6611 57.8071 58.2526
236 4.7066 63.7067 54.2843
237 19.2057 71.7215 54.1836
238 -0.329326 78.559 49.0182
239 -0.141812 62.8516 52.8406
240 21.4947 77.6937 41.9655
241 23.1742 75.9097 74.6595
242 11.4597 66.5623 52.8483
243 11.6153 84.789 63.3308
244 22.9283 85.9856 74.7575
245 -0.102004 76.6293 75.447
246 35.8445 89.056 53.2787
247 24.2237 71.7587 54.358
248 18.8238 90.1094 64.2703
249 6.05304 78.8736 65.6082
250 31.8314 76.6115 76.2931
251 0.0197816 90.5281 77.317
252 29.2747 63.941 91.0824
253 16.8953 93.6757 60.0901
254 16.0135 69.4815 82.3518
255 18.7446 80.254 90.9114
256 37.407 90.2168 80.5889
257 19.6753 86.2333 90.9117
258 20.3308 77.5172 83.9787
259 -0.112001 84.406 80.4168
260 4.49041 86.1715 66.6907
261 0.0106123 84.7099 71.7328
262 0.0226525 99.2806 81.822
263 23.4345 68.1871 88.8313
264 13.9561 72.2771 95.2649
265 0.0625741 65.1517 108.255
266 13.1456 77.4211 93.8584
267 0.0768916 83.3678 90.21
268 23.5191 77.949 84.7102
269 25.9879 83.1241 93.6599
270 14.5821 79.8184 93.2587
271 14.4958 87.7103 115.179
272 21.7993 68.6943 115.455
273 10.0899 77.0082 115.422
274 9.06698 83.9104 115.211
275 25.8651 72.0221 99.1728
276 30.1685 76.4484 94.905
277 41.5806 80.7329 115.221
278 25.0496 110.243 -1.19404
279 26.8597 95.4836 9.2417
280 12.3072 89.2017 -0.556095
281 6.58019 113.771 7.71138
282 16.6424 113.611 10.521
283 0.505001 97.305 -0.439918
284 26.921 97.2793 16.4644
285 -0.214821 98.5533 20.2872
286 14.0491 113.731 21.6382
287 20.6589 101.685 19.1679
288 13.9081 114.111 29.7283
289 -0.455004 98.5523 24.8138
290 -0.683356 97.1773 15.2264
291 13.5565 113.885 18.9176
292 -0.329131 96.1409 31.034
293 19.4375 97.8152 33.7134
294 12.2787 89.3489 21.2646
295 4.04668 113.638 16.729
296 28.0969 114.034 9.30961
297 22.8715 97.7695 31.695
298 18.1678 113.984 33.2569
299 19.7986 83.6939 19.0267
300 34.1357 102.064 45.9111
301 4.08788 113.817 36.8499
302 1.05093 113.772 33.0973
303 -0.310039 110.773 32.4243
304 -0.26941 112.347 55.2504
305 24.1 91.4697 25.6099
306 8.47541 113.699 38.5473
307 25.3522 110.093 18.8995
308 20.1084 113.858 29.7764
309 17.4525 95.8401 27.6064
310 13.1075 95.8281 44.0645
311 18.58 91.6923 43.7534
312 28.0934 114.113 55.5529
313 13.9543 113.725 31.3335
314 8.71453 99.8542 60.3555
315 0.00107814 96.563 71.55
316 12.9702 104.189 64.4875
317 -0.033055 101.143 71.2633
318 -0.0254444 100.713 75.2207
319 27.1182 107.745 62.4352
320 38.3941 87.9672 64.329
321 2.8005 114.41 103.339
322 25.5491 114.334 76.0764
323 31.5923 114.32 70.8507
324 13.0101 114.266 68.7916
325 13.2172 92.8398 69.5094
326 -0.0642452 109.106 79.2333
327 -0.123628 96.8272 75.9565
328 19.991 106.005 88.5178
329 33.0662 108.235 94.9391
330 24.3479 96.5859 78.3449
331 -0.134153 112.838 100.044
332 13.1626 91.9957 99.539
333 1.68502 114.447 98.784
334 0.139267 112.625 91.5906
335 17.1843 114.427 95.2811
336 4.33866 113.819 82.0262
337 20.1894 109.051 83.7236
338 28.7724 114.416 108.638
339 25.9764 107.236 115.052
340 -0.0563528 99.4642 102.637
341 17.4662 104.176 101.476
342 14.5592 106.791 109.491
343 31.2922 12.6962 -0.456526
344 30.628 8.55173 9.59695
345 55.8136 18.9779 3.45948
346 45.6553 13.0045 -0.382517
347 53.1043 -1.22744 21.259
348 42.7836 7.62825 22.5079
349 34.5488 14.1327 -0.299399
350 40.2171 19.1468 10.8876
351 45.2913 24.7268 7.1717
352 34.0441 13.0561 28.2591
353 50.9075 3.01996 28.0289
354 37.4248 12.9155 27.9808
355 50.5097 -1.41084 15.8576
356 54.32 -1.15974 30.4549
357 39.0566 27.4836 33.5811
358 22.7765 9.04676 4.91875
359 57.5476 25.0585 29.8703
360 40.1226 27.3075 27.3655
361 51.6614 -1.34194 39.8701
362 34.2284 23.2087 46.3693
363 52.9691 19.3894 24.6019
364 54.4042 25.7833 37.6391
365 47.3532 -0.908043 62.4352
366 27.3144 13.0026 61.0608
367 32.1369 7.0408 44.2876
368 44.4482 4.63913 46.3676
369 50.0458 12.9293 56.8762
370 38.9345 12.8146 48.9939
371 35.4592 17.0403 40.3304
372 34.5394 16.855 56.2486
373 45.922 15.1315 50.5131
374 41.7006 15.6315 53.2091
375 60.8796 19.2409 70.7624
376 35.094 17.1994 62.7224
377 35.9591 -0.868383 69.858
378 56.3188 6.80511 92.1153
379 39.9578 21.5494 87.3807
380 17.7652 -0.734772 75.888
381 52.2801 7.02238 77.1033
382 26.228 27.0319 78.7093
383 46.0644 -0.752297 87.8347
384 49.9658 21.339 85.0115
385 24.689 -0.997457 77.8525
386 33.0678 -1.00977 65.3082
387 50.4475 -0.617624 107.324
388 33.1161 -0.664492 95.2612
389 44.6394 18.1872 88.1737
390 50.5656 17.1278 102.117
391 50.5058 25.0293 94.0782
392 43.3476 11.6459 93.3043
393 50.5412 11.8821 115.747
394 40.6102 5.95058 115.606
395 46.1025 24.1101 112.285
396 36.2564 21.126 115.734
397 36.2006 0.866604 115.706
398 44.544 -0.573908 110.111
399 50.5141 12.8371 107.245
400 63.898 -0.600687 108.175
401 53.1843 5.04368 115.991
402 28.4952 30.682 -0.608577
403 21.3462 36.8555 9.57226
404 31.3852 38.7833 5.07953
405 54.2649 37.4078 -0.924742
406 55.531 40.6155 -0.983902
407 51.3577 32.8688 17.5389
408 25.0388 34.8155 5.44922
409 45.7172 36.856 15.0052
410 31.4332 29.5411 -0.337693
411 46.8699 36.4906 -0.718208
412 31.3397 43.7342 9.97248
413 26.2055 43.1702 13.4406
414 48.4195 38.9395 25.172
415 35.9419 33.9855 31.2897
416 46.2294 37.0707 29.8153
417 34.3686 38.9562 13.3705
418 35.5097 36.8824 13.2713
419 50.7166 29.1116 21.6044
420 36.7464 36.752 11.0789
421 48.5583 36.9843 30.1119
422 23.4538 27.0123 40.5721
423 43.0323 8.8365 44.299
424 42.6142 37.3794 32.0199
425 32.1481 29.2025 31.9246
426 61.489 21.6673 38.5198
427 59.2146 6.87712 34.0389
428 38.7164 25.0442 19.6161
429 49.8357 35.5551 44.3416
430 37.4689 46.3435 37.2784
431 51.5236 30.5911 40.6384
432 30.1256 48.7697 33.3333
433 36.1354 31.0352 56.3878
434 53.1441 27.9418 53.6062
435 31.9363 18.8473 48.5982
436 35.8817 41.8875 56.0478
437 37.8152 29.3532 46.0281
438 58.7103 45.9543 63.9998
439 39.6758 35.3599 48.3046
440 59.1495 45.5784 74.7415
441 32.8244 29.0803 60.8159
442 54.3525 29.1501 66.8072
443 34.7596 47.998 50.6823
444 29.1578 21.907 70.5214
445 27.696 23.6412 73.5311
446 41.0443 29.0588 48.4833
447 60.281 26.0411 41.5027
448 31.7685 15.0127 83.118
449 41.7595 36.0283 74.3852
450 43.0275 29.1669 37.993
451 33.9076 27.2527 60.7532
452 26.0974 35.9451 72.5838
453 55.5807 45.5324 77.0075
454 31.6214 47.0605 57.9188
455 55.0216 29.462 62.5983
456 33.1888 38.0773 79.4944
457 43.5228 22.8343 70.5593
458 37.921 21.4117 77.294
459 37.2364 37.917 78.8663
460 64.8012 47.4305 80.3745
461 44.617 40.6124 73.5389
462 51.912 17.3398 80.9305
463 46.9628 41.8131 89.1976
464 50.647 27.4934 74.8411
465 34.9742 33.7099 81.3649
466 66.1027 25.4169 87.0764
467 51.885 22.0098 98.6479
468 50.9834 39.8225 95.3675
469 37.827 17.5435 89.4531
470 30.3604 50.3991 105.21
471 49.0756 37.6184 109.325
472 54.1616 33.6994 107.667
473 49.7707 33.8003 107.475
474 14.6328 17.8665 115.998
475 47.4876 29.3394 115.632
476 47.8079 37.909 105.59
477 43.1196 55.6682 106.883
478 60.6054 18.0465 115.766
479 39.0392 54.76 97.0188
480 36.8676 62.8995 -0.807548
481 45.4641 56.213 13.6525
482 39.9841 37.9274 -0.580333
483 42.4896 53.4482 -0.969337
484 21.464 54.4998 22.533
485 35.9504 44.8175 32.3599
486 35.7423 68.1905 24.9082
487 43.4832 63.5374 21.3091
488 54.2853 68.1432 39.3043
489 45.1466 65.5412 23.4236
490 55.7214 55.975 27.9021
491 35.7547 62.0527 26.6822
492 46.0494 49.4601 23.5608
493 44.0997 45.4456 46.1381
494 43.6199 43.3695 46.1837
495 36.5316 57.4751 35.6691
496 43.0552 59.0672 44.4342
497 35.9032 55.5693 35.8807
498 40.2856 68.1934 43.5378
499 42.6462 49.6938 42.0139
500 50.6772 57.5397 43.8226
501 43.9656 71.9782 45.7002
502 50.2016 61.1976 41.4488
503 45.5904 41.5276 68.6143
504 41.7048 51.9202 60.761
505 42.3206 71.6799 48.0074
506 55.9499 62.731 63.0966
507 58.6536 67.6515 80.5021
508 37.803 57.6494 66.7269
509 30.1165 67.5705 66.6811
510 36.8265 43.6125 74.8185
511 33.1716 52.555 57.3573
512 34.2058 59.8422 68.6389
513 23.4941 63.5129 56.6259
514 51.7771 52.0295 80.6694
515 28.6611 55.7837 82.9929
516 52.5663 68.0827 74.5912
517 39.3203 73.9686 82.8904
518 32.0212 59.4258 68.6659
519 36.0648 45.5768 95.1715
520 41.7064 50.5009 63.557
521 39.1295 60.1139 81.1961
522 62.8957 57.4629 79.2886
523 47.4539 70.5592 83.3435
524 34.7386 57.4309 92.2612
525 43.8341 49.7355 89.2229
526 26.096 67.4354 102.836
527 41.1074 56.0206 97.3768
528 34.3851 46.0801 85.2127
529 31.1571 53.6974 89.2265
530 44.0525 69.9859 95.1641
531 31.9025 62.4764 115.588
532 34.6294 63.6121 102.964
533 54.8452 50.5709 115.508
534 40.0082 56.1901 101.363
535 40.3592 69.4172 108.111
536 54.748 58.979 102.736
537 38.2313 80.8836 -0.849559
538 44.028 85.1396 -0.97644
539 33.8664 86.8286 -1.08619
540 52.4665 73.6054 8.89487
541 48.5392 105.768 18.5865
542 32.7012 68.637 -0.802157
543 26.8358 76.9112 -0.900282
544 57.7461 69.7571 27.5185
545 50.5775 79.8408 25.1952
546 56.4906 83.8161 17.0321
547 42.6151 93.1059 14.153
548 38.535 72.4949 24.506
549 58.4702 85.4678 19.184
550 58.4715 74.328 13.6
551 62.815 83.8773 29.1891
552 47.0126 82.3065 17.5074
553 44.7466 86.2901 43.7239
554 59.7858 84.3662 30.9034
555 47.942 67.7053 41.8339
556 27.2669 66.0414 31.2095
557 32.4198 83.7353 31.524
558 42.7236 70.6294 20.3774
559 59.9648 69.9686 33.2962
560 44.5775 69.7493 41.9288
561 34.578 85.4514 39.6028
562 60.7505 67.8273 29.3431
563 64.2336 91.7194 37.7641
564 43.0405 76.2224 39.2894
565 38.5807 64.8319 24.3675
566 34.3397 82.3722 37.3881
567 57.454 100.085 47.7579
568 55.4802 93.709 64.7505
569 62.8449 70.1327 60.4742
570 48.8433 77.6893 59.8927
571 33.7933 77.8238 54.2907
572 40.7713 73.8107 39.7272
573 55.9825 77.4532 60.7959
574 56.6743 63.7602 58.1337
575 25.0272 69.7182 58.3491
576 31.0176 75.6562 41.767
577 31.8128 74.1389 52.5587
578 34.5958 83.8652 54.0371
579 51.9119 72.1349 66.5632
580 47.7579 79.9735 64.2988
581 42.2566 88.1358 70.4893
582 40.3688 92.8264 79.0885
583 54.3492 77.0685 55.4645
584 40.5099 79.9695 72.6257
585 33.5194 84.0637 70.3678
586 28.8112 79.0977 77.5548
587 57.9099 76.1328 74.564
588 40.353 96.4407 78.7565
589 37.1562 90.536 82.6172
590 46.148 70.8763 97.82
591 58.7803 69.751 86.6315
592 46.543 80.4315 82.8672
593 49.4288 82.155 84.8447
594 31.8601 87.9791 72.7509
595 28.8633 66.3143 93.4996
596 58.8226 83.6991 103.915
597 50.001 72.1161 105.256
598 32.4878 76.1182 93.1025
599 57.3499 89.3467 107.709
600 32.8848 77.947 107.023
601 51.7827 75.7179 105.952
602 44.5709 76.1448 85.1241
603 45.7619 90.3548 86.9821
604 52.2955 70.0704 88.992
605 40.4267 82.7853 93.5688
606 50.4652 76.0523 92.9575
607 33.7339 78.3398 88.909
608 36.1308 67.1149 92.2392
609 31.614 74.8695 98.5966
610 43.0626 85.7368 108.218
611 48.9977 67.7416 111.065
612 39.2381 84.5437 107.219
613 33.0828 72.9357 102.917
614 46.1209 79.0025 106.152
615 43.1933 78.9839 115.165
616 25.5027 90.0252 -0.761444
617 43.8905 112.521 -1.11586
618 55.3406 113.825 0.0216546
619 35.3608 91.7108 9.01881
620 51.0273 113.808 2.06289
621 40.7555 100.158 8.65455
622 56.7915 103.028 -1.37482
623 41.2169 114.083 19.3537
624 29.7165 100.198 8.39177
625 33.7153 113.867 6.29011
626 43.7614 92.0504 8.7591
627 34.1005 113.911 17.7016
628 47.153 104.411 33.1074
629 29.9384 113.942 24.5338
630 32.87 105.692 23.3947
631 33.9726 90.1612 11.2838
632 26.2766 97.8967 27.5398
633 40.0339 113.989 26.7022
634 46.986 109.319 15.551
635 49.2211 100.1 31.5341
636 55.6907 114.172 41.2049
637 38.0322 100.088 52.0551
638 69.9094 114.553 53.3169
639 34.3852 92.1048 35.5344
640 47.1463 110.455 66.2027
641 37.1103 103.414 44.2778
642 62.9405 110.317 47.4041
643 38.3519 114.216 49.5244
644 49.8748 102.293 41.6568
645 48.2107 114.181 34.3766
646 29.943 104.981 52.7362
647 37.1488 87.3314 40.7721
648 31.2319 114.082 27.0419
649 23.0921 114.163 74.9586
650 34.1365 114.271 63.7315
651 29.9865 114.026 56.694
652 67.2782 92.9546 73.976
653 51.1564 114.219 58.4208
654 30.0683 92.664 53.3309
655 46.3684 110.266 61.875
656 51.4651 94.472 68.4972
657 21.7931 78.1161 66.831
658 51.6524 97.1242 75.8507
659 34.4494 102.589 64.6053
660 32.7339 94.3737 84.8929
661 40.2928 101.315 75.2743
662 37.1774 114.544 75.5585
663 41.6786 114.331 73.9689
664 40.3205 114.737 92.3658
665 39.0394 114.61 97.2422
666 47.1458 114.577 78.0819
667 41.5097 106.537 72.4457
668 35.2964 94.3359 95.0496
669 41.2155 110.482 82.4812
670 44.2344 90.3008 74.668
671 26.6214 96.3348 84.8957
672 32.8025 108.273 88.5176
673 48.7398 104.01 82.1452
674 28.3276 100.737 99.3217
675 47.2446 114.664 105.661
676 64.2589 102.653 90.8331
677 37.2503 114.714 92.4852
678 29.8375 114.616 89.1146
679 28.8628 114.578 104.784
680 28.8845 103.248 115.246
681 47.4703 101.211 115.103
682 52.8865 109.393 115.063
683 38.8025 83.7813 103.809
684 56.0461 114.652 105.354
685 26.9881 114.846 90.8801
686 33.013 114.527 109.763
687 41.7262 110.342 115.02
688 63.1558 114.756 108.659
689 54.5404 100.223 114.919
690 59.8884 114.988 103.257
691 75.7233 11.21 -0.626043
692 61.5735 15.0874 -0.399115
693 81.2873 11.2454 -0.61927
694 78.5228 15.3046 -0.658065
695 70.075 11.4308 -0.603235
696 58.3986 23.1813 19.672
697 78.5044 7.12078 11.6233
698 61.5757 16.2793 20.3908
699 59.3756 23.0542 9.34854
700 73.2732 -1.28454 24.0456
701 87.0631 -1.18546 33.9756
702 80.4181 -1.43172 5.50883
703 58.6023 9.3922 26.6127
704 67.3018 -1.27514 12.243
705 48.8568 -1.4566 19.6695
706 59.4544 -1.11063 42.0457
707 56.0902 12.4248 36.6241
708 78.7892 10.5506 51.5072
709 81.2526 15.3605 50.1979
710 67.4902 17.0367 36.0637
711 61.6053 -1.12933 32.3826
712 57.3123 25.1023 50.4564
713 57.3222 4.46467 34.7468
714 76.3279 19.2778 36.0177
715 48.2149 19.1477 42.2622
716 61.6707 24.8367 40.695
717 63.0239 -0.920247 52.2613
718 86.7171 23.4335 58.2359
719 55.1389 -1.02163 72.7754
720 96.0685 17.4237 72.7238
721 76.3007 -0.838543 86.7549
722 61.8922 9.22258 72.8215
723 71.5726 22.4803 65.0156
724 63.6212 9.19154 70.5547
725 71.7233 11.3554 56.4517
726 61.9824 11.0724 60.6546
727 82.4485 21.5457 64.3452
728 47.7134 25.0499 73.1787
729 65.8605 19.1046 62.5765
730 77.5828 23.5072 66.6283
731 64.7435 12.3425 90.1576
732 89.0043 -0.584536 87.5971
733 86.4923 -0.476347 96.3012
734 89.1071 5.77442 103.3
735 75.0818 9.04089 109.207
736 82.2739 20.4377 115.35
737 59.2342 21.0361 115.447
738 77.7319 15.0591 102.2
739 83.9718 23.671 101.278
740 82.0609 12.1221 107.088
741 63.4224 19.3008 114.356
742 64.7866 16.271 115.812
743 92.2602 19.6356 93.0812
744 56.6686 7.23412 101.57
745 66.3895 5.92062 115.624
746 59.2942 -0.444872 103.207
747 74.8634 30.8333 115.413
748 69.9186 30.4531 13.7136
749 72.7665 43.5399 -0.949288
750 84.3439 41.4452 11.0282
751 75.6588 39.1974 9.04017
752 75.6375 27.4829 -0.630055
753 61.149 24.2449 -0.569134
754 74.8737 49.3951 19.3374
755 72.7714 42.99 14.9232
756 71.3583 37.904 20.9491
757 60.0596 32.5218 17.8205
758 54.4744 14.9741 17.7805
759 64.7837 25.2543 42.1009
760 71.5931 42.2542 48.877
761 72.9268 31.2574 29.5478
762 64.4393 26.5381 26.6763
763 90.2388 24.057 57.5359
764 84.2499 51.5155 46.175
765 60.2161 32.2821 51.8332
766 61.6275 30.6392 43.1828
767 85.4331 33.2778 42.1054
768 88.6709 38.0381 60.6258
769 82.8829 36.7757 47.5077
770 79.8856 29.1411 35.3306
771 74.7772 21.612 64.5513
772 88.896 35.6182 58.2783
773 88.3406 29.5433 78.6764
774 61.6309 41.653 72.8019
775 63.8993 29.318 62.4171
776 55.792 29.684 64.5097
777 82.0167 33.6707 76.7248
778 87.5483 31.8502 62.0924
779 94.4874 29.839 58.0331
780 63.1593 37.9995 70.3855
781 66.2187 25.5303 73.0201
782 70.2446 39.986 68.8474
783 53.0513 31.8538 69.3059
784 80.6758 23.5702 76.8652
785 67.455 36.2244 85.5997
786 94.5168 39.4216 85.2
787 60.0492 39.3949 82.831
788 78.7962 49.3433 77.1898
789 66.1969 45.805 91.2083
790 70.462 32.0633 73.1887
791 81.8066 40.6847 86.3602
792 47.387 37.6884 80.9254
793 73.3535 29.7661 74.9671
794 66.6264 50.2827 115.473
795 69.2029 43.6289 93.362
796 57.7251 35.9084 105.609
797 79.3525 13.9296 97.1223
798 80.3373 33.6012 101.215
799 70.1704 40.1187 93.5767
800 80.4304 43.3314 97.6185
801 73.3462 33.7036 99.2107
802 84.7407 28.0095 81.1502
803 69.1092 45.8859 91.216
804 54.6292 47.4998 115.643
805 64.9246 33.5419 115.431
806 67.1237 29.7453 99.5594
807 73.6248 21.1783 115.564
808 64.5841 46.3659 96.7741
809 85.009 41.8001 101.434
810 85.4835 41.5306 -1.00939
811 77.2553 59.1324 -1.23163
812 55.4946 55.7644 -0.907198
813 57.1101 57.7163 4.42427
814 56.9933 61.6849 16.6057
815 65.7492 44.8617 14.7282
816 48.8184 61.2803 14.9981
817 79.8602 57.7183 12.7159
818 65.6293 50.2147 7.54494
819 70.6768 59.5485 11.0285
820 82.3297 41.3446 13.1246
821 71.3703 60.8524 14.0767
822 60.5066 51.3776 8.89998
823 69.6299 49.289 25.3694
824 63.8863 61.7388 14.7974
825 82.6892 63.2177 20.548
826 64.3568 69.4933 10.8921
827 55.6995 53.2748 23.4413
828 84.6812 63.5509 29.2996
829 79.5686 63.5522 19.1541
830 78.9573 61.7346 47.7762
831 57.6092 55.6338 33.7875
832 61.3912 62.4817 42.1385
833 82.7166 47.1938 41.351
834 52.8528 61.121 29.0828
835 75.5623 75.3305 34.7463
836 69.025 41.7806 44.1108
837 77.0417 57.84 31.6522
838 73.0254 57.1994 49.4522
839 74.1398 61.9115 64.2734
840 58.8779 58.1385 64.1417
841 74.623 59.9642 62.4467
842 50.5202 41.4814 70.6189
843 87.362 55.3793 63.626
844 71.8889 67.8612 52.1008
845 84.4357 51.3749 68.108
846 85.3142 62.0727 72.433
847 56.0065 63.8106 76.8079
848 82.2492 55.8792 60.2186
849 57.221 65.833 72.4617
850 90.1672 54.1334 76.2787
851 77.5189 41.3094 76.3215
852 85.6671 62.3183 78.2184
853 82.8733 57.6613 76.3523
854 57.3898 38.5256 70.0589
855 73.1494 56.1593 66.1755
856 74.4864 49.8446 92.8269
857 70.3848 50.1489 83.319
858 77.4279 64.3347 84.4549
859 73.1482 45.534 89.1805
860 53.9539 68.1942 101.309
861 61.7148 60.4735 101.899
862 65.5883 80.3008 94.8627
863 78.2836 43.6985 95.21
864 69.0652 58.0349 101.165
865 81.5724 41.7686 97.4113
866 76.1989 46.1748 91.344
867 77.579 62.4225 98.9931
868 83.5162 62.3392 101.231
869 80.5699 54.2055 101.378
870 81.8965 49.9919 115.441
871 70.3312 65.8762 115.213
872 73.5888 61.9554 115.348
873 84.7981 64.2787 99.0984
874 89.1877 50.4954 115.285
875 83.2082 63.6278 115.297
876 79.8222 74.9605 8.08702
877 66.9435 74.2413 5.29394
878 83.972 77.8211 4.66971
879 65.4205 82.1266 -1.34983
880 67.0335 88.2391 19.2082
881 68.1842 78.0583 -1.46791
882 71.3694 77.6958 22.8358
883 59.9921 71.8764 2.44925
884 71.4307 66.1141 -1.10907
885 58.3757 92.5279 11.4415
886 69.8274 66.3138 30.881
887 64.5021 77.6933 12.7257
888 76.8582 63.9606 17.377
889 68.1649 75.9182 21.2899
890 70.9578 73.7895 18.9733
891 72.0148 79.7678 22.9975
892 75.4751 64.7783 37.1613
893 59.8797 81.0448 26.6325
894 79.5314 67.8652 29.4126
895 79.0286 69.9329 29.6232
896 72.6005 83.7938 34.9799
897 75.6493 79.0904 42.8454
898 88.2484 85.8842 31.1013
899 86.0715 59.8716 42.0431
900 78.4945 82.2214 46.0647
901 76.3964 81.9688 43.4251
902 63.1155 71.589 53.7542
903 83.0696 87.9262 41.319
904 59.9703 80.0287 41.7911
905 82.5396 77.985 41.6102
906 70.6137 94.1667 53.7778
907 85.7002 78.2057 64.2231
908 55.5518 97.8182 48.1061
909 65.6927 90.5662 60.3406
910 72.9558 75.6167 72.0929
911 78.5768 78.4236 78.8807
912 67.4323 77.7423 70.1948
913 69.9092 87.6249 50.2516
914 57.3878 94.1297 66.3635
915 79.925 78.1454 62.1929
916 74.5557 78.7195 77.0706
917 65.1297 72.1711 74.4596
918 58.6195 84.406 92.9662
919 57.2466 70.1805 89.0293
920 76.811 80.331 86.5979
921 64.3772 86.6527 82.8978
922 60.0483 79.3603 77.2185
923 66.7682 67.9517 84.8129
924 80.2497 85.7867 100.216
925 67.2028 88.7155 98.8662
926 63.4642 84.4356 78.5205
927 85.8099 96.1845 80.5137
928 65.3718 86.5608 100.981
929 57.9713 84.4639 107.175
930 58.961 82.1959 115.287
931 76.6962 76.5031 109.319
932 67.572 80.986 114.956
933 71.6827 78.3301 93.0677
934 76.1186 78.3642 115.132
935 66.2118 87.5405 114.997
936 64.228 74.4073 101.045
937 67.6796 90.1947 115.101
938 85.5457 99.2781 7.16496
939 56.8946 90.1041 -1.19443
940 61.2216 106.17 16.7479
941 69.7638 84.1654 -1.24555
942 75.0828 97.9783 25.2056
943 65.6358 114.246 25.1965
944 84.355 114.337 22.9826
945 55.6024 92.6389 24.7603
946 58.005 106.079 14.9038
947 69.7611 114.19 20.1651
948 64.1695 91.4125 13.1779
949 55.4986 113.869 19.5124
950 69.5987 97.9694 23.085
951 62.868 114.13 29.5095
952 55.7168 102.556 47.4379
953 62.6819 106.247 24.933
954 70.5497 96.1877 37.3395
955 62.2404 104.297 35.1453
956 77.0556 94.8223 36.0661
957 73.4734 110.522 57.6106
958 52.8461 109.052 48.2664
959 89.5283 104.177 39.1674
960 68.287 98.0727 43.5313
961 68.1861 108.191 49.5139
962 81.0109 104.321 63.766
963 49.8729 114.152 49.0711
964 65.5704 100.37 45.793
965 91.4239 98.2597 47.5908
966 71.4469 83.295 36.9162
967 56.9301 108.49 39.3857
968 78.6241 103.649 45.9724
969 85.8267 114.533 79.5067
970 82.2824 98.6335 72.312
971 60.0927 114.659 67.9432
972 78.3777 114.645 69.9549
973 90.0507 93.0334 76.9128
974 68.7289 106.4 59.8351
975 83.9815 94.7812 71.9684
976 64.5522 111.213 99.1176
977 90.0148 114.469 72.5195
978 71.4683 87.3905 73.1145
979 56.9068 102.401 74.4088
980 71.1811 92.3594 80.4924
981 78.881 114.56 81.7981
982 65.813 114.455 71.4945
983 65.5941 114.851 79.9725
984 72.4668 94.8369 94.8501
985 78.4845 115.126 88.8584
986 81.854 114.986 102.38
987 77.784 94.6885 88.5974
988 53.0996 98.7449 100.831
989 71.5253 90.8862 92.9458
990 55.7387 88.495 92.9956
991 80.2853 114.499 96.2078
992 73.2317 87.7212 107.93
993 79.2618 104.818 88.4989
994 58.7974 89.0968 85.2371
995 67.4236 114.821 88.8283
996 69.0155 90.4728 82.6511
997 55.7778 114.524 90.0738
998 68.8032 100.42 114.693
999 61.7258 114.586 110.532
1000 78.8917 110.39 114.679
1001 63.2549 103.348 114.975
1002 78.8619 94.2384 114.863
1003 53.1351 90.1052 109.736
1004 79.9302 114.774 104.396
1005 84.7298 114.997 108.937
1006 90.2685 94.5934 98.7771
1007 57.6405 104.766 113.135
1008 114.613 14.1338 16.2753
1009 97.3347 13.3368 11.6464
1010 97.3825 18.6513 -1.03557
1011 108.442 2.19232 -0.668688
1012 92.9898 -1.29719 0.881667
1013 102.826 16.6842 6.73934
1014 86.8159 21.095 9.32953
1015 102.811 10.856 19.623
1016 114.48 8.06907 26.7356
1017 110.2 -0.713487 25.0922
1018 86.5492 12.8753 7.43676
1019 98.4977 11.2831 17.3265
1020 107.038 11.6083 15.7815
1021 94.3051 7.3815 21.7981
1022 95.8107 17.8161 35.3935
1023 100.05 12.42 30.2315
1024 114.429 10.439 28.7546
1025 104.213 19.129 33.8649
1026 97.0987 20.7503 31.1066
1027 98.2076 10.9738 34.0941
1028 97.1609 18.6442 32.1225
1029 99.9965 -0.802712 35.4201
1030 100.62 25.5603 56.1441
1031 93.2596 5.87617 67.3436
1032 115.016 4.95467 55.8384
1033 102.924 19.6752 58.615
1034 114.571 25.2845 47.1587
1035 90.2617 -0.92243 54.0649
1036 115.02 14.3592 60.7444
1037 97.4134 9.17581 37.9937
1038 97.5596 23.8871 60.0889
1039 97.2895 19.5869 72.5856
1040 114.913 24.3678 67.0466
1041 91.7057 -0.825992 64.0132
1042 114.755 0.946631 63.6068
1043 87.3341 -0.855365 60.9655
1044 106.752 9.44224 70.4483
1045 102.671 27.9082 62.3339
1046 87.7091 -0.550233 82.5551
1047 93.2598 17.3878 72.6222
1048 107.401 19.4591 76.4291
1049 108.943 -0.158678 76.3091
1050 106.384 27.9011 92.6732
1051 108.466 13.6951 84.8552
1052 97.7538 15.2537 70.5304
1053 110.216 11.9046 78.2672
1054 97.7341 15.4983 76.7974
1055 113.166 -0.0998999 70.2188
1056 78.9598 11.9094 93.6683
1057 115.003 1.06783 88.1119
1058 94.6595 26.8546 90.0687
1059 96.6462 5.43822 91.0676
1060 101.922 14.1223 76.2376
1061 107.495 7.21424 92.719
1062 77.6719 16.8724 101.029
1063 98.4498 29.6299 84.9605
1064 91.5374 5.71067 93.3057
1065 114.901 8.47875 91.583
1066 97.0043 11.6599 105.304
1067 108.755 7.5332 105.602
1068 115.295 7.04665 113.763
1069 100.572 9.72404 99.1352
1070 102.761 42.7266 -0.856307
1071 84.3542 37.9572 10.0343
1072 104.311 40.9371 -0.768175
1073 102.861 41.8839 15.5322
1074 104.367 42.3418 2.28827
1075 98.5242 44.5691 -0.875661
1076 93.7743 41.2684 17.249
1077 98.2006 37.2998 17.3249
1078 102.833 40.337 6.00511
1079 93.1253 33.3276 19.2452
1080 89.9597 31.5519 25.2391
1081 107.116 33.5614 13.6402
1082 83.8515 45.4684 37.5615
1083 114.285 39.0386 28.7612
1084 96.8997 22.7309 25.1038
1085 90.1892 40.8285 16.8694
1086 91.3817 36.5654 50.8943
1087 114.615 36.1597 30.6875
1088 89.0212 51.8529 33.7186
1089 93.1142 21.0462 44.0488
1090 104.25 40.3678 44.4149
1091 81.7096 29.2166 37.4629
1092 97.3232 25.0476 55.7531
1093 92.9701 31.5774 56.2162
1094 93.3259 39.6628 60.1896
1095 88.5514 38.7724 53.0667
1096 95.8775 50.4412 51.3425
1097 99.9898 30.2185 36.4582
1098 105.351 39.4567 48.0594
1099 114.792 34.2196 49.0612
1100 81.473 29.018 57.7929
1101 114.631 19.9103 35.0466
1102 106.967 21.4493 58.0471
1103 103.063 23.9587 59.8689
1104 107.367 38.0286 47.4088
1105 90.883 27.4584 58.3395
1106 114.711 26.6402 69.325
1107 86.0324 36.8042 59.2148
1108 100.133 20.8559 67.0306
1109 96.0424 33.3997 52.0191
1110 114.861 49.3514 87.9845
1111 100.641 41.7936 64.2469
1112 115.006 44.8338 83.767
1113 99.6231 15.2407 62.3486
1114 78.8961 28.3184 81.8497
1115 88.083 29.8192 80.6971
1116 114.858 37.0893 83.5374
1117 94.5927 32.2386 75.1517
1118 107.323 31.8473 78.2667
1119 85.6817 17.4817 85.1003
1120 94.3865 50.5136 65.6372
1121 77.311 32.4201 75.4462
1122 93.3243 33.4526 78.3434
1123 104.548 44.0487 84.8631
1124 93.0364 35.6596 87.0194
1125 98.304 48.2588 84.7733
1126 100.019 48.3645 71.9696
1127 83.274 47.2933 98.3703
1128 92.2104 42.2061 103.023
1129 100.435 39.7334 107.018
1130 109.354 27.4633 115.01
1131 98.9754 44.6165 102.416
1132 102.282 42.1209 109.124
1133 115.378 34.969 110.314
1134 101.415 31.9338 103.047
1135 96.7876 44.0592 105.062
1136 79.2762 48.0965 105.374
1137 99.9285 53.1206 13.3917
1138 104.305 40.7163 4.26782
1139 95.5899 51.677 -1.10013
1140 108.548 45.9868 12.5987
1141 114.678 62.9241 23.8641
1142 114.562 58.1372 28.1105
1143 101.26 68.04 39.8793
1144 89.8023 65.2553 23.6273
1145 84.4052 47.9931 19.7944
1146 114.395 50.4577 28.3466
1147 114.552 48.3731 14.3895
1148 95.7098 51.7772 16.6906
1149 94.345 68.3292 13.7973
1150 94.0026 71.2321 20.6141
1151 107.264 56.3272 45.0831
1152 92.788 60.427 48.9654
1153 96.7643 47.3901 37.4178
1154 107.823 63.8547 37.2959
1155 89.4679 63.9626 39.7073
1156 81.6089 61.7027 31.3764
1157 106.494 57.6748 41.4901
1158 96.9315 54.0292 41.3481
1159 95.7397 60.6024 44.5447
1160 114.645 82.9079 56.9341
1161 102.846 53.7768 58.0704
1162 94.2484 60.3777 51.5044
1163 88.2463 51.6498 49.6811
1164 94.837 63.7173 43.6463
1165 108.68 63.7625 47.7411
1166 95.6657 70.1356 41.9527
1167 114.686 57.1983 50.8116
1168 78.7093 69.576 48.1193
1169 101.161 62.0335 58.0616
1170 104.435 60.6037 68.6231
1171 101.53 48.5363 68.776
1172 114.813 49.145 62.8407
1173 80.5461 57.8973 62.319
1174 106.411 47.7273 66.0889
1175 83.0453 59.438 61.8885
1176 105.716 57.0846 50.5114
1177 100.977 78.2347 74.277
1178 104.443 68.5534 80.6971
1179 94.4064 41.973 64.3577
1180 88.0876 54.0002 52.17
1181 114.857 52.7968 50.973
1182 96.8261 58.0163 76.4551
1183 104.744 43.2752 91.204
1184 90.1825 57.8298 82.382
1185 85.1494 55.6979 82.7027
1186 108.84 48.5971 83.2453
1187 114.596 71.1166 85.7064
1188 114.889 52.6878 79.1055
1189 115.583 70.1807 84.4529
1190 107.511 50.12 80.3766
1191 86.5055 61.8081 64.2187
1192 96.9048 41.9737 92.9529
1193 97.4022 62.6774 84.9863
1194 87.8211 43.9722 76.7576
1195 115.001 56.9469 91.8475
1196 97.4516 76.991 99.1557
1197 95.3151 66.2654 90.6891
1198 97.2376 62.3471 102.887
1199 84.4846 66.6161 96.5832
1200 80.3656 61.5252 100.605
1201 86.2517 55.0188 115.29
1202 94.7191 50.776 105.621
1203 109.277 59.9463 114.706
1204 104.715 76.9628 102.351
1205 93.795 57.7471 115.361
1206 107.826 64.9497 114.849
1207 95.4581 101.01 -1.307
1208 81.8591 75.6722 -1.44634
1209 97.0826 86.2558 16.2285
1210 114.77 81.2242 9.33
1211 84.0908 88.5581 8.22421
1212 114.513 82.6595 0.0688576
1213 89.8795 77.1211 -1.18834
1214 79.8706 72.3375 6.1018
1215 100.724 71.7388 12.9335
1216 105.473 86.208 -1.18607
1217 108.791 100.127 28.9475
1218 114.264 76.845 21.9901
1219 84.8077 90.0206 22.8376
1220 96.2758 77.8321 23.0183
1221 114.752 85.0409 18.2764
1222 114.363 83.0488 24.4205
1223 81.3 92.0093 20.7397
1224 81.0573 91.9844 29.1749
1225 98.3816 81.8239 16.8257
1226 102.459 70.14 57.8192
1227 106.093 98.2254 41.2543
1228 96.684 70.1479 43.8256
1229 99.705 64.4849 38.381
1230 79.9535 84.3783 30.6871
1231 86.2746 82.0484 55.8941
1232 114.87 79.5821 40.8193
1233 85.8062 82.3632 43.8654
1234 94.4688 69.9124 58.0909
1235 99.9234 70.0082 51.8627
1236 95.5808 81.1295 48.7202
1237 101.35 62.9258 34.7472
1238 114.267 93.1156 50.3939
1239 95.3999 94.6269 42.9245
1240 75.481 91.0729 42.0359
1241 110.17 59.6629 62.4371
1242 104.458 71.8444 59.6462
1243 105.027 82.0426 66.047
1244 98.0771 66.0599 68.0756
1245 114.616 89.5182 71.4344
1246 115.025 60.7241 70.9735
1247 114.693 65.4618 83.3452
1248 101.408 90.5764 55.1259
1249 114.615 58.9267 56.8539
1250 100.551 84.2377 71.9928
1251 101.459 75.7655 71.7822
1252 84.2159 74.5736 92.6904
1253 114.738 83.3928 64.6717
1254 77.2259 72.2941 64.1555
1255 89.8893 74.481 84.1146
1256 114.655 87.4789 80.8708
1257 87.8446 77.9838 86.5969
1258 101.437 86.8578 79.6355
1259 95.9284 70.7333 84.1433
1260 101.746 88.134 94.8281
1261 114.908 70.8728 80.9612
1262 105.937 97.2919 95.8224
1263 101.776 80.3984 82.174
1264 85.9408 67.7406 90.4394
1265 106.025 82.0454 98.852
1266 108.984 74.6489 108.827
1267 89.1175 71.1433 115.116
1268 115.018 70.078 107.56
1269 87.7115 77.2063 114.986
1270 102.084 82.242 114.769
1271 109.099 75.9267 110.31
1272 104.662 94.47 100.749
1273 87.355 85.9541 105.61
1274 106.216 96.4409 114.641
1275 94.624 80.3039 114.956
1276 114.977 81.2635 99.6576
1277 91.9408 83.894 114.798
1278 77.8915 76.1882 115.32
1279 103.123 83.5107 97.5682
1280 109.179 72.1137 114.77
1281 114.53 88.8577 1.81968
1282 92.6336 114.107 3.9258
1283 105.595 114.115 10.084
1284 114.527 100.86 13.9891
1285 100.957 114.197 3.6987
1286 87.8929 114.274 20.7993
1287 114.248 108.987 17.8016
1288 100.744 98.3643 29.1875
1289 103.955 107.777 38.0158
1290 114.188 87.6241 24.4587
1291 109.581 103.734 21.2461
1292 88.4289 114.208 33.2931
1293 105.631 93.9911 20.9314
1294 105.404 114.164 25.2231
1295 88.0863 114.373 43.0263
1296 99.6326 114.415 38.6425
1297 79.7467 114.258 26.543
1298 106.887 114.353 28.235
1299 114.347 105.473 45.5983
1300 104.117 95.5227 38.7287
1301 100.484 100.158 29.1235
1302 85.8358 98.2622 37.2177
1303 108.377 114.349 54.9349
1304 108.814 86.2266 49.5725
1305 111.499 114.21 46.6337
1306 81.3352 113.921 15.4724
1307 86.6525 94.2161 41.2862
1308 86.9479 94.2093 59.8787
1309 105.884 104.749 63.6126
1310 82.8833 98.1972 66.2337
1311 91.3347 88.0254 68.4034
1312 95.6517 83.356 66.9092
1313 111.521 114.125 57.7779
1314 98.7271 114.448 65.1279
1315 97.2595 87.3728 84.8054
1316 99.2534 96.3648 82.2539
1317 92.7575 102.876 84.0919
1318 101.346 104.74 72.0626
1319 95.6811 102.37 80.1499
1320 89.1915 94.2671 67.9522
1321 114.829 105.181 75.1803
1322 94.2424 85.9577 83.9953
1323 113.11 114.199 71.8354
1324 98.6802 107.351 86.798
1325 99.0804 94.4787 88.5707
1326 114.668 91.758 88.8768
1327 90.5437 96.4858 88.5633
1328 111.759 91.3331 101.632
1329 100.25 109.361 83.6628
1330 107.356 114.482 85.8778
1331 77.1917 97.0954 96.5318
1332 88.5704 114.927 108.534
1333 91.5904 114.675 107.217
1334 96.3176 101.163 114.851
1335 95.7306 106.937 104.496
1336 115.058 103.678 112.823
1337 105.876 101.727 95.1869
1338 115.23 103.379 101.384
1339 115.236 112.133 113.153
1340 115.076 109.569 102.989
1341 84.8081 98.6907 110.874
