0 8.37696 21.8232 -0.162493
1 11.4591 1.92011 -0.183162
2 17.2025 18.3562 11.9632
3 28.7102 -1.53053 3.3018
4 27.0803 2.7694 -0.181139
5 9.44331 2.57004 3.83093
6 -0.280733 9.66873 1.5397
7 11.5837 6.79518 11.7578
8 21.4596 10.9145 -0.203135
9 -0.455042 13.8505 1.49336
10 6.24856 40.1259 65.5188
11 22.2138 14.8925 22.2567
12 3.4813 18.5077 37.2471
13 1.44018 -1.17063 5.41646
14 22.9921 -1.27996 15.4397
15 19.1615 12.2975 26.2608
16 -0.538009 37.2702 4.99919
17 26.4767 -0.945523 28.1422
18 2.39049 11.7914 25.9417
19 19.5814 21.7411 41.4648
20 17.9835 -0.455109 39.1878
21 11.1694 -0.944473 29.4945
22 18.3656 21.1884 45.7987
23 31.7033 -0.552912 43.467
24 6.1685 23.0891 59.7335
25 19.9875 -0.255503 45.3133
26 9.03225 -0.551358 46.2792
27 30.7994 21.8197 53.1218
28 42.0503 -0.0701205 59.0268
29 17.8952 -0.392403 52.9428
30 25.8844 32.8342 67.16
31 17.8506 18.2642 54.5421
32 4.61399 8.01158 47.423
33 31.2189 7.89331 53.6013
34 5.39387 28.4851 85.1477
35 41.5023 2.1532 62.3171
36 29.3943 -0.116272 56.3169
37 6.39203 28.4386 64.9984
38 19.7274 0.94757 82.7716
39 14.3843 -0.0512397 61.0151
40 23.7003 0.064194 53.6806
41 22.1076 4.85433 69.6607
42 39.4858 9.92165 90.9564
43 24.8078 0.0101944 99.2343
44 26.0067 19.3919 87.1274
45 15.9883 0.0742473 92.4619
46 4.11621 6.6879 93.1441
47 10.882 -0.0297504 87.6752
48 6.23679 21.7099 98.9662
49 27.8322 15.1477 120.119
50 22.0377 0.648024 126.41
51 36.4039 11.7347 104.005
52 12.2777 29.4214 107.712
53 17.565 -0.631068 122.919
54 31.1561 0.252816 105.641
55 14.9452 -0.486666 111.708
56 37.5274 19.7445 94.4598
57 19.1603 25.1458 113.794
58 4.64188 41.5179 94.3901
59 2.71298 20.0238 99.5158
60 9.62412 5.40763 120.488
61 8.0155 -0.588897 122.035
62 29.0266 15.0903 126.264
63 20.6445 10.7504 126.25
64 0.432372 0.451863 123.107
65 0.948718 -0.741766 118.506
66 18.1314 43.2514 11.637
67 22.7303 38.61 9.08477
68 10.6768 24.7359 7.53873
69 4.15964 41.9271 10.7584
70 27.564 20.809 19.7308
71 4.11439 39.9337 8.67087
72 28.2662 38.631 -0.645403
73 22.9938 29.3176 -0.600058
74 41.2578 19.2409 21.7463
75 -0.815847 49.926 4.5419
76 1.5681 18.8556 20.2793
77 0.106168 38.2692 16.5317
78 4.79153 0.686824 48.3518
79 6.01704 42.6637 59.1656
80 20.2724 33.0094 53.3175
81 6.27618 42.5205 63.4147
82 25.3251 49.637 23.8074
83 25.7774 56.9578 48.4499
84 44.4544 40.1209 45.6848
85 4.63909 37.1215 40.1937
86 46.3961 57.7123 55.8971
87 3.07416 21.9968 32.9889
88 27.9501 44.8423 58.1455
89 5.81445 32.4652 53.0021
90 27.7412 40.1541 55.2459
91 25.9417 58.9567 49.9456
92 5.61436 58.5047 54.5759
93 5.77831 5.19118 61.1359
94 17.3333 45.6871 49.3523
95 25.0643 12.1086 55.7782
96 13.3865 67.9322 66.0663
97 11.5255 53.6908 49.5831
98 26.8292 40.223 70.4775
99 16.8806 19.3815 61.6049
100 5.09394 32.665 89.6177
101 18.2024 31.456 58.249
102 4.3799 10.6629 89.5785
103 26.4204 33.5217 75.1658
104 36.041 45.3657 53.5712
105 6.54764 34.6929 67.685
106 36.8701 44.6761 76.079
107 22.0188 38.928 96.5985
108 11.1302 27.4425 97.1254
109 6.34448 26.5774 70.9217
110 26.029 43.0621 88.5238
111 3.93669 38.5298 99.2782
112 40.9571 36.7711 94.8445
113 3.1662 23.585 100.942
114 27.7033 45.9764 111.701
115 32.9664 44.8761 94.8758
116 17.4467 32.8019 85.7244
117 14.7974 39.6598 95.0469
118 31.8906 35.4415 104.147
119 18.8755 55.0735 118.858
120 11.2262 47.3582 98.954
121 4.44429 52.8245 93.5024
122 2.85297 47.0389 98.2752
123 18.2082 25.5821 93.053
124 3.64384 24.2136 105.752
125 30.1125 25.4624 112.106
126 21.6033 56.1775 125.903
127 21.7802 46.2284 118.655
128 14.933 22.2223 126.326
129 18.8091 45.8605 118.115
130 6.08574 34.3524 126.013
131 7.51668 37.2393 125.97
132 27.463 28.9584 104.537
133 23.3235 27.9273 118.706
134 16.8816 67.9497 14.876
135 3.95713 60.9997 -0.350306
136 22.6323 66.9368 -0.929746
137 21.1235 60.961 12.8485
138 9.88268 57.7503 18.1157
139 -0.528258 68.0728 10.893
140 3.8784 49.3011 33.3106
141 7.70444 49.0014 20.2712
142 3.34974 49.3428 26.8043
143 3.77692 60.2369 28.2279
144 28.4539 39.3453 25.8817
145 3.93892 73.3364 36.9028
146 20.7115 65.6006 15.0695
147 27.066 69.4007 34.4333
148 27.8741 66.3695 42.2906
149 35.2177 61.4184 41.9558
150 33.6489 42.0169 42.2217
151 21.2423 60.8023 46.2504
152 34.4947 65.0792 33.4054
153 27.356 53.9345 42.6569
154 12.1707 73.8409 39.0681
155 21.5757 69.7674 32.2858
156 21.7771 44.2291 34.9768
157 5.89579 38.4971 55.4103
158 19.9254 53.2392 28.3999
159 4.46711 28.8798 37.0219
160 21.1563 65.32 42.8839
161 33.3485 70.9983 55.6262
162 4.5431 70.6143 38.332
163 35.9708 40.583 50.0417
164 48.598 54.7125 63.9806
165 31.2119 46.708 64.9007
166 28.5861 59.0075 50.1628
167 6.61778 16.6581 68.7633
168 4.92446 53.083 89.2635
169 33.7817 63.3399 69.0857
170 20.4147 77.8143 75.5832
171 44.9017 58.7898 74.1041
172 20.1537 62.9786 79.3805
173 30.5467 73.5124 95.2366
174 42.0426 53.3418 95.3269
175 2.71483 81.1401 94.8876
176 27.9705 52.8258 83.9587
177 31.1972 53.3204 84.1779
178 33.1855 36.3902 78.1816
179 23.842 47.2344 78.0758
180 5.98558 50.6379 59.0044
181 18.2823 69.5659 90.8275
182 27.56 57.686 103.747
183 23.777 57.4335 97.3564
184 4.29568 62.9313 94.8789
185 37.0757 56.0019 109.919
186 0.0171563 61.2302 106.729
187 3.18178 68.5938 115.462
188 1.96837 79.2312 105.599
189 23.1746 51.8075 109.981
190 4.99222 47.7962 116.061
191 -0.172436 66.8567 124.377
192 11.4777 63.5393 117.152
193 18.7852 68.5859 125.774
194 0.104676 50.947 117.249
195 8.92893 59.5989 125.826
196 17.7174 53.753 119.773
197 20.4648 51.7126 121.88
198 28.7585 62.399 125.895
199 8.29088 64.6319 10.4921
200 9.12697 91.6325 11.3815
201 16.6736 80.4458 6.21954
202 13.0541 73.5689 17.5724
203 28.3841 77.8198 8.81578
204 10.3376 75.3502 11.4892
205 7.75937 85.8245 -0.588188
206 14.1845 73.4729 15.2685
207 9.8576 74.5089 18.8187
208 18.4189 71.3882 11.2837
209 23.8123 79.5015 38.5923
210 21.3378 67.2216 19.6363
211 10.6584 85.9576 21.9412
212 34.0867 60.1195 28.2633
213 15.8763 77.4277 17.4914
214 21.1144 83.2452 14.9349
215 4.54136 76.51 36.3366
216 7.28467 78.755 18.316
217 34.6228 71.5187 29.6407
218 29.182 91.3889 23.7711
219 18.6243 81.5398 21.7593
220 3.68169 69.916 29.9663
221 0.0962105 91.5938 15.4998
222 3.95654 80.9482 32.3566
223 13.045 71.5181 15.476
224 25.0393 71.0891 42.1188
225 20.3245 81.1984 38.4814
226 55.8581 55.1758 41.8664
227 32.9443 90.6225 47.5948
228 3.89722 68.462 32.4049
229 5.56879 80.473 64.5127
230 19.5607 91.925 77.4344
231 28.5373 77.5467 46.236
232 5.3239 68.1836 53.2285
233 5.27202 80.509 72.6479
234 36.9731 63.5773 42.3555
235 29.3144 62.3781 57.53
236 34.5958 60.1259 63.2603
237 5.88188 64.8451 64.8836
238 5.74221 72.045 60.7029
239 5.62781 71.9632 72.1224
240 19.3457 68.0613 44.4503
241 11.2005 75.7973 86.07
242 27.1885 71.6236 53.4092
243 19.6485 91.4174 74.1872
244 22.1965 88.3808 81.7408
245 3.0302 74.401 89.605
246 44.5989 90.0154 56.44
247 25.9163 75.3458 73.8564
248 37.5612 95.5262 65.872
249 4.02179 77.5529 83.8022
250 42.9727 72.1509 82.6786
251 4.29645 85.2973 88.2538
252 3.24094 63.5607 96.0727
253 22.8833 101.695 61.1069
254 17.4344 67.3673 94.6316
255 29.0051 79.3384 104.35
256 34.6911 96.1141 93.055
257 14.9877 92.0891 98.9193
258 28.1497 81.9231 97.161
259 3.95287 81.5095 86.0806
260 4.68598 90.3141 87.0234
261 1.45049 89.953 100.649
262 2.85033 98.5262 89.2984
263 30.9767 61.816 99.4316
264 0.0452819 69.3654 110.216
265 0.0288999 64.9671 118.86
266 4.9437 76.0434 105.175
267 4.82366 86.9017 73.983
268 14.9248 80.7903 87.5776
269 20.4185 80.4118 101.46
270 30.3007 86.0032 99.467
271 14.4958 87.7103 125.638
272 21.7993 68.6943 125.914
273 10.0899 77.0082 125.881
274 9.06698 83.9104 125.67
275 25.8651 72.0221 109.632
276 30.1685 76.4484 105.364
277 41.5806 80.7329 125.681
278 25.0496 110.243 -1.19404
279 26.8597 95.4836 9.2417
280 12.3072 89.2017 -0.556095
281 6.58019 113.771 7.71138
282 16.6424 113.611 10.521
283 0.505001 97.305 -0.439918
284 42.7318 90.027 15.5073
285 3.15751 96.875 23.2275
286 19.5937 113.513 28.5302
287 11.8771 99.2382 24.228
288 11.0896 113.509 29.7997
289 0.500092 107.662 17.4122
290 -0.489056 88.2383 14.2369
291 25.5255 113.93 10.7968
292 4.62449 100.88 40.472
293 23.9094 102.681 29.3297
294 10.4192 95.3557 21.8336
295 2.30712 113.727 13.7201
296 28.2044 113.662 1.09429
297 27.9217 98.7473 27.2976
298 4.63896 113.387 36.5417
299 11.4841 77.3223 17.8329
300 32.2936 87.7278 48.3495
301 12.4547 113.776 42.4157
302 5.99314 113.686 37.3915
303 17.1248 113.331 64.5435
304 6.8415 113.109 58.6725
305 33.5367 89.1176 19.5621
306 18.4102 113.731 44.4972
307 34.269 114.066 10.3149
308 23.0949 113.564 32.3642
309 23.793 91.2116 29.7486
310 23.8919 91.4832 44.6134
311 24.0271 91.4711 46.6263
312 37.7811 111.601 69.7969
313 18.8727 113.642 35.8359
314 5.11805 82.1717 70.5148
315 5.03502 104.261 76.7414
316 22.1092 111.834 73.9084
317 3.57198 99.75 83.626
318 3.7503 112.179 89.1768
319 32.9168 103.547 72.0043
320 22.9984 86.086 70.0168
321 10.1908 113.67 125.577
322 16.2814 113.531 76.9949
323 30.0583 113.943 81.7284
324 12.5485 113.532 75.242
325 23.7087 93.5598 82.0881
326 6.88019 113.638 89.2021
327 2.36436 86.4894 97.4663
328 29.6673 106.32 97.1505
329 38.8099 114.797 111.681
330 33.3996 83.8979 93.1703
331 1.77306 106.695 105.331
332 17.3581 96.0398 107.56
333 4.5917 114.473 120.311
334 6.22583 114.068 106.487
335 16.8633 113.852 91.9187
336 23.1214 113.788 83.5586
337 19.3198 105.673 90.6886
338 28.7724 114.416 119.097
339 25.9764 107.236 125.512
340 -0.0563528 99.4642 113.096
341 17.4662 104.176 111.936
342 14.5592 106.791 119.951
343 31.2922 12.6962 -0.456526
344 30.628 8.55173 9.59695
345 55.8136 18.9779 3.45948
346 45.6553 13.0045 -0.382517
347 53.1043 -1.22744 21.259
348 42.7836 7.62825 22.5079
349 34.5488 14.1327 -0.299399
350 40.2171 19.1468 10.8876
351 45.2913 24.7268 7.1717
352 39.3649 21.2927 24.0368
353 50.2152 -1.10363 20.3034
354 38.1984 8.97305 27.7908
355 47.3188 -1.05619 21.4157
356 53.8821 -0.706052 29.3938
357 37.2409 23.4817 34.3673
358 22.8085 9.15741 4.50981
359 57.7894 26.3432 33.2136
360 46.6834 28.008 26.4701
361 52.504 -0.135559 41.2238
362 25.579 24.1457 49.3065
363 56.6488 26.4721 35.8985
364 54.9968 20.5431 36.4945
365 45.1214 2.01529 69.0373
366 41.058 13.1784 70.3519
367 38.8892 0.190218 50.1314
368 38.7987 17.7423 50.5331
369 53.0987 30.545 54.3378
370 49.0239 16.0517 51.8399
371 43.6199 35.754 37.9943
372 35.6206 36.2087 63.5019
373 42.9352 22.1058 48.3848
374 41.4962 16.3431 65.0021
375 69.8857 6.81045 75.0352
376 34.5147 22.083 64.1008
377 45.8545 4.35204 77.1856
378 50.1018 1.60206 89.5804
379 45.3794 19.0462 93.4803
380 22.5239 0.866471 82.7572
381 45.0655 25.496 84.2908
382 38.5974 36.9499 94.0731
383 57.425 -0.253313 102.297
384 54.6641 11.5961 101.676
385 29.5441 1.36225 81.8141
386 37.1123 2.02801 77.0757
387 50.4954 -0.586778 117.717
388 33.3413 0.236072 100.163
389 54.4134 27.752 103.467
390 50.5656 17.1278 112.576
391 57.3379 29.5867 107.691
392 33.6997 22.1294 97.0748
393 50.5412 11.8821 126.206
394 40.6102 5.95058 126.065
395 46.1025 24.1101 122.744
396 36.2564 21.126 126.194
397 36.2006 0.866604 126.165
398 44.544 -0.573908 120.571
399 50.5141 12.8371 117.704
400 63.898 -0.600687 118.635
401 53.1843 5.04368 126.45
402 28.4952 30.682 -0.608577
403 21.3462 36.8555 9.57226
404 31.3852 38.7833 5.07953
405 54.2649 37.4078 -0.924742
406 55.531 40.6155 -0.983902
407 51.3577 32.8688 17.5389
408 25.0388 34.8155 5.44922
409 45.7172 36.856 15.0052
410 31.4332 29.5411 -0.337693
411 46.8699 36.4906 -0.718208
412 31.3397 43.7342 9.97248
413 26.2055 43.1702 13.4406
414 53.0334 26.5298 28.2436
415 21.5648 47.4435 32.395
416 39.8613 26.9065 31.374
417 34.4439 39.029 13.3893
418 35.7126 37.0078 13.5335
419 59.4736 27.2252 22.0795
420 36.4199 36.9943 11.307
421 59.9424 45.9045 38.6472
422 8.9104 37.443 37.4136
423 51.9981 4.45408 51.2736
424 26.7066 33.7621 29.8384
425 23.8277 24.8032 27.7396
426 52.7734 13.663 39.4849
427 61.194 16.8084 35.6308
428 23.9035 47.2444 24.0437
429 58.0345 24.6807 35.6315
430 33.3115 41.666 34.328
431 44.272 33.0098 44.8706
432 18.7861 49.5706 32.6002
433 37.5973 30.1424 61.035
434 48.8068 29.8239 51.7284
435 33.186 22.0346 55.4625
436 33.2918 32.1074 50.8782
437 32.2567 30.4334 43.9465
438 61.9614 42.9022 69.5329
439 49.6858 37.3083 54.2734
440 57.8511 35.8404 84.7172
441 34.5275 40.973 63.0711
442 64.3269 32.5297 71.5579
443 29.8133 39.75 57.7244
444 43.6231 35.7686 79.5872
445 43.6987 16.844 78.2794
446 16.6981 20.0671 54.1519
447 48.0374 19.4698 41.3475
448 39.8716 15.1576 96.1552
449 45.6018 33.7205 80.1148
450 38.2588 37.1486 41.7388
451 38.4168 39.8223 67.7371
452 14.9857 37.6876 82.8021
453 47.8593 44.9437 77.7812
454 42.2887 32.7062 57.2045
455 68.4627 37.5628 69.2476
456 50.5854 23.5683 87.5281
457 42.8784 25.448 73.1777
458 45.3458 24.3428 82.0271
459 35.8471 44.0294 93.2447
460 72.2136 51.6551 88.3145
461 43.7858 45.5652 75.5523
462 40.7483 17.3364 85.5539
463 51.203 47.7595 94.5892
464 53.9273 33.279 77.5818
465 22.256 40.975 94.9142
466 80.0881 26.8638 104.547
467 54.7773 13.1051 103.699
468 58.8819 42.2216 110.147
469 39.0531 5.67021 99.0729
470 30.3604 50.3991 115.669
471 49.0756 37.6184 119.784
472 54.1616 33.6994 118.126
473 49.7707 33.8003 117.934
474 14.6328 17.8665 126.457
475 47.4876 29.3394 126.092
476 47.8079 37.909 116.049
477 43.1196 55.6682 117.342
478 60.6054 18.0465 126.225
479 39.0392 54.76 107.478
480 36.8676 62.8995 -0.807548
481 45.4641 56.213 13.6525
482 39.9841 37.9274 -0.580333
483 42.4896 53.4482 -0.969337
484 7.51552 58.6187 23.7427
485 27.595 39.5277 32.2069
486 42.2152 74.6901 36.1604
487 58.6145 67.7922 21.5176
488 44.9628 68.686 34.1923
489 25.9645 53.2984 32.5178
490 44.9297 57.0042 34.7049
491 33.8877 66.2326 26.3026
492 39.9265 45.7813 29.8742
493 52.0733 43.1225 48.3025
494 32.8483 43.1044 48.0728
495 47.2372 57.5689 44.013
496 30.3025 52.9313 35.514
497 37.0029 69.1593 42.5077
498 53.4536 71.5311 46.5584
499 44.9155 50.3742 54.104
500 47.6745 63.8464 50.3099
501 43.8529 66.5496 38.6914
502 54.6145 56.0914 47.3993
503 47.6912 36.7736 72.4201
504 44.4134 52.0267 66.7925
505 37.3185 64.1971 46.2992
506 57.8232 66.8363 71.4116
507 68.6286 59.8758 99.2072
508 41.364 61.2183 72.7678
509 44.9896 55.9283 71.3285
510 49.9862 42.6791 78.6044
511 37.9304 51.8853 56.9752
512 42.9499 60.8852 74.5546
513 20.523 69.0731 59.8785
514 48.6325 67.7396 90.7741
515 34.9278 59.807 101.654
516 41.6114 74.2245 82.6957
517 57.4622 81.8635 88.5947
518 41.5793 51.0862 71.4884
519 44.8491 43.8018 105.695
520 41.7934 48.0266 69.3368
521 29.007 52.5695 91.1957
522 72.4066 65.6024 86.9128
523 44.6701 62.3914 88.6696
524 40.0971 49.8121 105.816
525 41.9244 47.524 96.8977
526 25.9741 67.3407 112.973
527 30.5028 57.497 108.025
528 32.4643 39.9561 92.569
529 62.5976 58.0211 103.537
530 28.9574 57.5971 105.933
531 31.9025 62.4764 126.047
532 34.6294 63.6121 113.423
533 54.8452 50.5709 125.968
534 40.0082 56.1901 111.822
535 40.3592 69.4172 118.57
536 54.748 58.979 113.195
537 38.2313 80.8836 -0.849559
538 44.028 85.1396 -0.97644
539 33.8664 86.8286 -1.08619
540 52.4665 73.6054 8.89487
541 48.5392 105.768 18.5865
542 32.7012 68.637 -0.802157
543 26.8358 76.9112 -0.900282
544 61.4373 71.5176 27.6377
545 54.8092 82.4668 23.1487
546 53.053 70.5455 23.107
547 42.5456 93.1727 14.4678
548 46.0803 62.488 30.3829
549 60.5526 84.2774 21.2092
550 56.6104 82.2382 21.3267
551 63.8584 87.5993 36.7066
552 53.5587 88.3498 19.2058
553 46.2342 89.9246 49.5512
554 66.502 84.6848 36.0094
555 52.2085 67.1717 53.725
556 40.9291 63.2211 39.3126
557 23.6853 80.5593 41.7236
558 33.0663 77.5663 19.3725
559 66.0491 66.5426 31.0404
560 42.1526 65.2843 39.4198
561 45.5756 97.3951 41.5893
562 47.9216 62.8839 31.9552
563 63.5483 82.5432 38.7235
564 56.6112 82.7859 45.6595
565 35.3505 61.5672 17.3394
566 21.0358 83.3655 42.7084
567 54.0478 106.11 52.5535
568 51.0775 95.5185 71.6547
569 61.4583 64.0398 72.2189
570 47.864 79.543 65.1258
571 41.9839 86.9108 59.5358
572 55.6083 84.8886 49.8683
573 56.2088 76.5318 68.774
574 72.0613 63.1217 67.2366
575 22.908 63.6453 67.8553
576 28.2237 76.0389 44.4063
577 27.0416 76.5462 45.993
578 30.2224 75.8421 59.4163
579 50.0089 70.262 71.0972
580 52.6483 79.5061 80.3379
581 43.0267 85.867 86.8144
582 41.0858 110.524 84.434
583 49.6777 72.1075 60.8875
584 48.2259 97.8638 73.7997
585 42.7791 78.2106 78.4648
586 45.4009 71.8289 82.4459
587 54.9812 81.3972 69.4987
588 46.1338 92.9771 90.3581
589 18.069 87.7558 99.0602
590 66.0732 76.3627 101.345
591 58.7872 71.8156 101.361
592 63.5617 81.8762 92.4464
593 40.6605 69.6761 97.6749
594 30.7727 91.8812 88.8489
595 48.8129 64.2289 109.953
596 58.9322 83.7628 114.981
597 50.3944 72.1811 115.833
598 33.5104 61.2655 101.06
599 57.4116 89.2464 118.741
600 32.8955 77.9802 117.455
601 51.7827 75.7179 116.411
602 72.0877 90.2074 100.92
603 56.1337 78.1518 96.8829
604 63.0475 77.7044 97.0326
605 34.8451 84.9468 102.28
606 34.4376 65.843 105.847
607 50.5951 76.112 99.4331
608 42.0178 76.7779 108.232
609 31.614 74.8695 109.056
610 43.0626 85.7368 118.677
611 48.9977 67.7416 121.524
612 39.2381 84.5437 117.678
613 33.0828 72.9357 113.376
614 46.1209 79.0025 116.611
615 43.1933 78.9839 125.624
616 25.5027 90.0252 -0.761444
617 43.8905 112.521 -1.11586
618 55.3406 113.825 0.0216546
619 35.3608 91.7108 9.01881
620 51.0273 113.808 2.06289
621 40.7555 100.158 8.65455
622 56.7915 103.028 -1.37482
623 41.2169 114.083 19.3537
624 29.7165 100.198 8.39177
625 33.7153 113.867 6.29011
626 43.7614 92.0504 8.7591
627 27.9591 113.93 9.35604
628 37.7252 100.545 35.9739
629 24.7473 113.594 21.1317
630 41.4228 107.235 23.466
631 33.5307 89.7174 10.8933
632 21.7938 94.2578 22.0971
633 39.7634 113.001 28.4261
634 49.5925 105.659 16.9304
635 68.3007 93.9227 40.4882
636 57.6141 111.731 42.8233
637 35.1767 98.0367 42.2975
638 72.2667 110.976 60.5143
639 20.171 85.2799 23.3646
640 56.2365 113.069 75.6026
641 48.5237 96.6405 46.6854
642 71.6697 111.131 50.1633
643 41.0338 111.449 51.7742
644 45.643 94.3193 29.6925
645 47.2383 112.956 33.5771
646 54.4294 102.384 57.0233
647 31.1373 86.7198 44.8489
648 32.0784 113.365 22.913
649 36.4096 114.169 88.1091
650 35.0602 113.042 72.4172
651 35.4785 111.626 63.6052
652 61.3891 95.0872 81.6237
653 56.5481 113.417 80.0044
654 25.5173 91.21 48.8814
655 49.3344 111.389 69.7063
656 44.7354 87.6692 89.1639
657 27.7302 72.8209 70.3842
658 46.0987 102.088 88.7639
659 20.8535 92.6665 74.8722
660 36.7331 90.3793 107.677
661 30.2326 79.7136 86.4332
662 35.1855 114.425 85.9036
663 40.3724 112.144 78.0741
664 44.8835 114.481 99.4194
665 40.3481 114.483 105.561
666 47.7019 114.339 88.4489
667 32.7551 114.029 80.8921
668 34.2219 94.2843 105.653
669 44.7963 114.557 95.4325
670 56.9161 85.9813 84.0235
671 18.2454 95.9599 94.6907
672 33.3391 114.329 100.756
673 47.0771 108.035 88.921
674 30.5067 114.314 103.721
675 46.0651 114.591 110.807
676 57.0168 96.1609 103.333
677 28.9961 114.415 88.8054
678 33.3971 114.334 96.5481
679 28.7491 114.608 115.263
680 28.8845 103.248 125.705
681 47.4703 101.211 125.562
682 52.8865 109.393 125.523
683 38.8025 83.7813 114.268
684 56.0461 114.652 115.814
685 26.9881 114.846 101.339
686 33.013 114.527 120.222
687 41.7262 110.342 125.479
688 63.1558 114.756 119.119
689 54.5404 100.223 125.378
690 59.8884 114.988 113.716
691 75.7233 11.21 -0.626043
692 61.5735 15.0874 -0.399115
693 81.2873 11.2454 -0.61927
694 78.5228 15.3046 -0.658065
695 70.075 11.4308 -0.603235
696 58.3986 23.1813 19.672
697 78.4444 6.84325 11.4152
698 80.2181 33.4406 21.4954
699 59.3756 23.0542 9.34854
700 72.7734 -0.83778 24.7976
701 88.5087 -1.04034 18.0169
702 88.5442 -1.26583 6.81123
703 61.8351 8.80664 29.6044
704 67.4427 -1.24513 17.4867
705 52.7207 -0.779549 31.2499
706 66.2379 0.103913 44.7491
707 57.4952 22.4048 30.0371
708 72.2839 0.75301 58.8983
709 69.7757 27.984 53.0982
710 68.1655 20.6334 28.1823
711 62.8814 0.44618 33.7356
712 65.1858 32.1733 51.3006
713 70.6403 22.3309 29.1337
714 69.8629 25.2519 35.57
715 48.03 19.9651 45.9539
716 51.4425 19.8243 45.7278
717 68.8929 0.105938 61.1398
718 88.259 24.0921 63.2115
719 51.6349 4.43028 72.6648
720 83.5079 3.39771 86.704
721 75.8292 -0.538257 97.2996
722 71.3198 9.00796 84.3297
723 68.3662 32.2319 71.483
724 70.392 8.69282 77.0276
725 60.9387 0.238985 53.5362
726 76.8041 15.8291 72.4346
727 75.1219 27.1352 73.691
728 54.0194 29.2436 77.5372
729 54.1548 19.2628 63.6198
730 75.6479 33.0368 69.7963
731 44.4335 6.79411 98.9219
732 78.515 -0.54335 95.8072
733 86.4923 -0.476347 106.76
734 89.1071 5.77442 113.759
735 75.0818 9.04089 119.666
736 82.2739 20.4377 125.809
737 59.2342 21.0361 125.907
738 77.7319 15.0591 112.66
739 83.9718 23.671 111.737
740 82.0609 12.1221 117.547
741 63.4224 19.3008 124.815
742 64.7866 16.271 126.271
743 92.2602 19.6356 103.54
744 56.6686 7.23412 112.03
745 66.3895 5.92062 126.083
746 59.2942 -0.444872 113.666
747 74.8634 30.8333 125.872
748 69.9186 30.4531 13.7136
749 72.7665 43.5399 -0.949288
750 84.3439 41.4452 11.0282
751 75.6588 39.1974 9.04017
752 75.6375 27.4829 -0.630055
753 61.149 24.2449 -0.569134
754 68.0496 45.2426 17.3805
755 60.2088 59.5007 17.7072
756 84.7357 47.9746 31.4196
757 57.3666 31.252 19.5075
758 72.6571 14.8983 17.6947
759 80.884 25.323 40.7502
760 65.7727 47.9006 49.9229
761 80.1058 21.3034 25.8366
762 51.5657 30.6888 30.0436
763 80.8881 21.7892 59.8013
764 74.2551 44.9107 54.4617
765 68.2436 33.6794 51.9082
766 70.0815 27.9715 40.4675
767 80.2972 41.5182 47.4346
768 79.8141 41.274 72.6482
769 86.9147 31.6074 51.5699
770 94.1408 29.6492 34.8413
771 80.6054 32.7856 77.2806
772 74.8286 32.1991 61.7766
773 97.5401 40.1058 86.3478
774 60.8276 37.9415 80.0818
775 59.2345 37.5275 71.0176
776 54.8154 24.1567 67.7045
777 98.5936 34.0978 87.984
778 79.9402 34.3792 66.46
779 92.3608 28.9634 66.7411
780 59.855 33.9992 82.148
781 61.2579 31.6967 79.9787
782 57.7798 49.2374 75.2315
783 48.5368 26.5432 78.6194
784 71.2294 15.4893 83.5011
785 76.7603 33.9478 91.1012
786 95.0053 45.9307 92.8098
787 57.7412 38.3724 84.8554
788 87.7636 40.6401 79.1056
789 66.5487 39.7323 107.709
790 71.6512 26.0367 85.7603
791 79.5208 39.8554 91.129
792 40.9838 38.8655 94.3346
793 76.0062 23.9539 84.7839
794 81.9765 68.9941 125.603
795 60.1904 23.4964 101.42
796 57.9692 35.7427 116.197
797 64.1885 7.47572 101.8
798 80.8024 33.7545 111.721
799 71.5149 13.7373 104.056
800 80.4304 43.3314 108.078
801 66.6753 32.0318 109.792
802 77.97 30.2277 89.1128
803 58.7363 39.3475 97.099
804 54.6292 47.4998 126.102
805 64.9246 33.5419 125.89
806 67.1237 29.7453 110.019
807 73.6248 21.1783 126.023
808 64.5841 46.3659 107.233
809 85.009 41.8001 111.893
810 85.4835 41.5306 -1.00939
811 77.2553 59.1324 -1.23163
812 55.4946 55.7644 -0.907198
813 57.1101 57.7163 4.42427
814 56.9933 61.6849 16.6057
815 65.7492 44.8617 14.7282
816 48.8184 61.2803 14.9981
817 79.8602 57.7183 12.7159
818 65.6293 50.2147 7.54494
819 70.6768 59.5485 11.0285
820 82.3297 41.3446 13.1246
821 71.2192 60.3885 14.3781
822 60.2136 51.3837 8.90872
823 82.3716 61.4331 21.5891
824 46.6529 68.6607 21.5974
825 73.2876 53.6892 25.8854
826 64.3986 69.3822 11.0024
827 54.4485 39.4666 19.8619
828 91.9264 79.6511 33.6732
829 60.1346 64.3302 18.1198
830 77.6779 62.8492 58.6795
831 65.7244 47.7762 40.8625
832 53.5212 63.7054 50.2831
833 100.6 49.763 38.5819
834 64.9856 64.3775 27.2999
835 76.9347 68.4087 36.6614
836 61.6048 44.1409 52.1036
837 48.8983 42.8379 30.3565
838 64.4047 55.4174 55.8954
839 54.9849 73.9568 71.4425
840 57.7126 61.3348 69.1912
841 77.6893 57.323 77.7377
842 60.9608 40.1602 80.3082
843 86.5735 51.0353 80.119
844 72.8929 76.1501 51.3683
845 83.2882 49.7808 78.3588
846 90.3585 53.7609 84.4588
847 47.3718 60.8752 85.8488
848 86.0424 48.6736 62.7447
849 73.8291 61.5389 80.2628
850 68.6977 59.899 90.7352
851 81.9108 34.8474 76.4383
852 83.9852 64.4921 96.7542
853 78.0111 54.2645 88.9697
854 56.8294 50.8109 78.3375
855 82.0594 54.2772 71.6866
856 91.8164 47.9057 107.462
857 74.0469 50.6416 87.9116
858 54.4351 56.1759 97.5501
859 75.3736 39.6137 93.3461
860 50.7237 68.2909 109.616
861 57.6459 57.8832 107.592
862 68.2331 78.2343 107.333
863 83.1767 47.8382 109.328
864 67.6455 57.5261 112.263
865 81.5724 41.7686 107.87
866 87.0181 52.2735 107.627
867 77.579 62.4225 109.452
868 83.5162 62.3392 111.691
869 80.5699 54.2055 111.837
870 81.8965 49.9919 125.901
871 70.3312 65.8762 125.672
872 73.5888 61.9554 125.807
873 84.7981 64.2787 109.558
874 89.1877 50.4954 125.745
875 83.2082 63.6278 125.756
876 79.8222 74.9605 8.08702
877 66.9435 74.2413 5.29394
878 83.972 77.8211 4.66971
879 65.4205 82.1266 -1.34983
880 67.0335 88.2391 19.2082
881 68.1842 78.0583 -1.46791
882 71.3694 77.6958 22.8358
883 59.9921 71.8764 2.44925
884 71.4307 66.1141 -1.10907
885 58.3757 92.5279 11.4415
886 75.6582 68.2394 34.2915
887 64.8768 77.7321 12.7315
888 63.4644 73.7702 17.2054
889 71.0271 75.7285 17.2073
890 50.048 71.3043 22.0151
891 69.0032 72.0946 28.4157
892 78.4271 55.2015 32.436
893 59.4002 92.757 29.3507
894 61.2997 70.2307 24.4425
895 63.1817 76.0889 33.5212
896 70.817 95.6977 42.4692
897 80.6515 65.5846 36.7823
898 92.1155 83.7303 33.9852
899 81.7366 59.4712 39.0607
900 77.6637 94.2647 46.7133
901 77.9676 76.3082 44.2536
902 70.1785 78.1061 55.184
903 66.7385 101.137 45.138
904 53.1204 87.8014 45.0377
905 76.3666 74.2203 43.3264
906 77.4269 101.521 64.8942
907 87.8513 71.6227 71.5318
908 49.5562 103.735 52.591
909 77.7834 87.452 71.3523
910 87.8289 71.7733 84.0719
911 72.6711 90.2114 92.5426
912 68.1436 78.72 75.1542
913 76.8538 100.474 42.1355
914 52.1449 98.3182 72.871
915 75.0779 87.7718 71.0263
916 87.8466 84.3464 81.6809
917 64.3227 72.0354 86.4173
918 27.437 82.0535 107.674
919 41.0759 69.8782 103.374
920 73.9806 78.0558 101.059
921 63.8642 94.225 96.8334
922 70.7891 82.0081 83.9347
923 78.7876 59.4965 101.583
924 81.4536 88.6251 99.0453
925 50.0778 86.3426 107.522
926 57.8706 85.9676 90.5654
927 99.4358 100.215 87.9568
928 68.8388 81.8683 110.888
929 57.9713 84.4639 117.634
930 58.961 82.1959 125.746
931 76.6962 76.5031 119.778
932 67.572 80.986 125.415
933 71.6827 78.3301 103.527
934 76.1186 78.3642 125.591
935 66.2118 87.5405 125.457
936 64.228 74.4073 111.505
937 67.6796 90.1947 125.561
938 85.5457 99.2781 7.16496
939 56.8946 90.1041 -1.19443
940 61.2216 106.17 16.7479
941 69.7638 84.1654 -1.24555
942 86.1091 89.303 29.2871
943 69.106 112.652 33.2613
944 79.8665 114.066 18.4843
945 49.1547 96.2229 21.7546
946 71.0207 102.369 16.597
947 68.1272 112.235 20.3652
948 64.0692 91.3973 13.2044
949 61.5854 112.751 22.4291
950 73.8191 102.66 25.0293
951 66.7146 112.751 29.2245
952 65.8813 100.007 51.9157
953 54.7332 97.1559 28.7999
954 81.4388 113.279 41.9023
955 56.1453 103.362 35.0829
956 72.5567 100.69 41.7219
957 56.6321 111.935 61.7156
958 52.4311 102.045 58.8711
959 85.1425 113.353 43.7946
960 67.5258 93.758 50.9943
961 63.4298 105.785 63.6658
962 81.717 102.952 70.3601
963 52.5685 111.681 51.2027
964 74.904 89.8784 47.0779
965 87.3922 96.9159 50.5343
966 66.1048 87.4679 44.0838
967 60.2158 112.179 60.1765
968 70.4307 111.641 62.4623
969 76.5903 114.194 93.8049
970 87.5657 98.4146 81.5526
971 51.6533 112.088 79.3549
972 68.8564 112.854 69.1057
973 85.0987 84.0193 86.1412
974 62.0952 101.723 66.1395
975 90.4895 95.7281 77.5678
976 55.4184 106.371 109.178
977 89.8889 114.017 77.19
978 72.042 71.6691 84.3238
979 61.3338 94.5811 85.6648
980 72.7906 93.834 90.4525
981 78.3509 114.356 87.7255
982 60.8346 113.352 78.7696
983 60.084 114.132 89.5377
984 57.5711 92.0037 99.1599
985 86.9035 114.45 100.011
986 87.6326 114.606 115.683
987 52.9248 98.2929 98.9327
988 53.1603 98.3179 111.711
989 85.7579 91.3715 103.615
990 56.0999 97.878 94.9864
991 83.0399 114.3 106.525
992 73.3323 87.7038 118.58
993 65.9059 92.3952 98.7084
994 65.93 98.1585 92.4251
995 67.2502 114.567 103.231
996 73.0628 94.5469 96.9186
997 61.6922 114.345 95.2195
998 68.8032 100.42 125.152
999 61.7258 114.586 120.991
1000 78.8917 110.39 125.138
1001 63.2549 103.348 125.435
1002 78.8619 94.2384 125.322
1003 53.1351 90.1052 120.195
1004 79.9302 114.774 114.856
1005 84.7298 114.997 119.396
1006 90.2685 94.5934 109.236
1007 57.6405 104.766 123.594
1008 114.613 14.1338 16.2753
1009 97.3347 13.3368 11.6464
1010 97.3825 18.6513 -1.03557
1011 108.442 2.19232 -0.668688
1012 92.9898 -1.29719 0.881667
1013 102.826 16.6842 6.73934
1014 86.8159 21.095 9.32953
1015 99.1147 21.3593 26.1608
1016 109.42 1.46241 40.8531
1017 107.633 -0.312939 27.1994
1018 86.5207 12.9462 7.3864
1019 99.5809 7.1402 19.6916
1020 112.467 22.0662 22.8663
1021 94.3051 7.3815 21.7981
1022 88.5363 14.7345 41.6238
1023 111.991 0.991445 26.6191
1024 105.765 -0.769329 18.091
1025 96.5705 27.6184 34.9601
1026 105.329 16.8228 34.0902
1027 109.146 17.23 44.653
1028 98.5805 21.365 32.749
1029 97.3713 -0.244745 34.3715
1030 109.59 34.9117 62.9799
1031 86.976 -0.495674 81.6
1032 108.802 1.1913 56.9965
1033 96.6932 13.3543 67.3129
1034 109.052 20.8283 53.2624
1035 84.2031 0.34409 61.1961
1036 108.966 8.87049 60.537
1037 91.8845 17.4233 46.6422
1038 91.107 29.0753 68.9155
1039 87.3585 24.9965 75.0653
1040 109.585 18.4785 63.3388
1041 89.001 -0.144476 76.3249
1042 107.916 -0.201068 66.4121
1043 90.6853 -0.0967069 67.3731
1044 101.038 15.4974 83.6001
1045 91.2075 32.4883 69.3946
1046 86.2471 -0.411889 88.4332
1047 96.3278 23.9 90.2492
1048 98.2071 22.0073 97.0101
1049 102.767 -0.343086 75.3948
1050 113.294 32.6557 108.261
1051 96.7973 11.7551 92.5341
1052 96.1827 15.8191 88.4352
1053 111.528 21.0913 85.5519
1054 99.1172 24.2315 88.5873
1055 109.722 1.30922 69.5977
1056 70.4684 9.66224 107.726
1057 115.553 3.20819 112.67
1058 102.292 30.4463 96.1912
1059 98.614 9.44658 105.212
1060 108.428 -0.0194026 74.9655
1061 85.4454 -0.518443 94.856
1062 79.3024 13.4074 109.833
1063 88.1613 37.9506 95.1221
1064 89.0853 -0.502235 102.792
1065 96.5705 -0.534962 117.604
1066 97.0043 11.6599 115.763
1067 108.755 7.5332 116.061
1068 115.295 7.04665 124.223
1069 100.572 9.72404 109.594
1070 102.761 42.7266 -0.856307
1071 84.3542 37.9572 10.0343
1072 104.311 40.9371 -0.768175
1073 102.861 41.8839 15.5322
1074 104.367 42.3418 2.28827
1075 98.5242 44.5691 -0.875661
1076 110.712 46.6319 25.4143
1077 102.039 35.4074 23.892
1078 102.81 40.3428 6.28697
1079 99.3 29.0832 17.4733
1080 88.0824 29.0868 21.7508
1081 107.138 33.6342 13.5984
1082 80.8972 49.6686 37.5423
1083 113.177 53.318 20.138
1084 77.8085 18.2756 26.58
1085 79.5196 33.6268 25.2635
1086 77.2052 32.0569 61.744
1087 109.024 24.7898 48.6958
1088 87.3342 58.0566 37.6664
1089 83.841 18.5967 48.6909
1090 109.377 38.9163 62.6436
1091 83.3535 31.5106 31.9426
1092 91.8471 35.371 65.0713
1093 93.0338 31.1636 62.9465
1094 87.6044 39.9041 64.0557
1095 79.9182 33.7188 49.0823
1096 82.6349 43.7485 61.6223
1097 77.5429 23.6419 32.444
1098 91.1226 49.8653 51.397
1099 108.415 44.937 52.8001
1100 75.5254 26.0947 57.8719
1101 110.256 28.9568 32.3711
1102 109.267 27.0801 62.8665
1103 111.451 24.4235 85.8828
1104 83.7454 31.798 52.2071
1105 84.8985 24.6979 65.6579
1106 112.47 7.61923 91.807
1107 86.7727 31.3196 53.8958
1108 87.9531 26.0506 72.049
1109 73.3838 27.9481 58.8141
1110 111.681 42.4494 87.9042
1111 93.5019 44.038 73.9426
1112 112.843 52.4442 102.822
1113 99.6318 19.5869 77.5823
1114 78.1122 34.0874 88.8127
1115 92.3115 31.9826 90.7726
1116 112.159 24.947 90.3861
1117 84.2884 36.8105 85.8757
1118 90.8422 36.6388 79.4197
1119 68.452 23.859 97.6261
1120 103.12 51.9979 70.8652
1121 59.6116 29.9925 82.3503
1122 101.627 33.6938 88.2522
1123 112.363 43.4844 97.4082
1124 93.5542 35.8168 97.0559
1125 95.6315 40.4997 100.21
1126 93.0684 58.0044 82.2408
1127 75.5284 64.0302 107.278
1128 92.4562 42.0256 113.636
1129 100.435 39.7334 117.478
1130 109.354 27.4633 125.47
1131 98.9754 44.6165 112.875
1132 102.282 42.1209 119.583
1133 115.378 34.969 120.773
1134 101.415 31.9338 113.506
1135 96.7876 44.0592 115.521
1136 79.2762 48.0965 115.833
1137 99.9285 53.1206 13.3917
1138 104.305 40.7163 4.26782
1139 95.5899 51.677 -1.10013
1140 108.548 45.9868 12.5987
1141 108.212 73.5813 69.0577
1142 109.136 52.4832 40.751
1143 103.708 77.1371 35.8183
1144 94.0349 71.7453 19.2062
1145 85.5725 28.9682 17.7464
1146 112.636 46.6608 19.2782
1147 112.524 64.9357 19.9885
1148 111.37 70.1977 31.8806
1149 94.2628 68.5829 13.7463
1150 77.3802 63.4635 17.0107
1151 109.263 52.4553 60.8773
1152 96.4939 60.4346 55.5519
1153 88.851 51.8128 44.9509
1154 89.7287 58.5973 32.2731
1155 80.0885 61.4294 38.5011
1156 86.6774 67.3985 35.2658
1157 109.092 28.5196 44.9125
1158 83.2587 41.0805 42.7528
1159 83.0919 54.4313 51.8187
1160 109.797 79.1496 56.5944
1161 100.881 53.8045 64.8559
1162 87.5636 68.5189 59.9332
1163 89.1427 50.7867 54.1337
1164 87.4644 62.73 48.5673
1165 102.759 62.7877 55.3579
1166 89.8558 76.9119 44.7362
1167 108.695 38.5827 54.4962
1168 66.5176 62.8871 62.6846
1169 93.6327 61.2398 64.6809
1170 110.679 60.2716 83.3459
1171 83.4198 55.041 80.5015
1172 111.486 51.2809 80.4445
1173 70.2404 58.8301 70.845
1174 110.402 58.741 85.31
1175 79.1209 58.026 70.7913
1176 86.8201 43.2185 59.0419
1177 92.3778 81.4795 82.3069
1178 115.476 40.9122 122.038
1179 94.5242 41.7502 73.8502
1180 81.3322 60.965 56.4634
1181 110.425 52.8679 73.5826
1182 106.436 42.5353 77.5427
1183 115.091 50.9247 112.621
1184 105.217 65.956 92.1661
1185 84.9174 63.6008 92.5293
1186 94.7053 37.4422 90.9075
1187 112.511 77.2624 99.6187
1188 112.549 57.1434 99.5417
1189 110.089 61.0013 73.522
1190 110.456 46.6611 71.4356
1191 79.3619 63.2814 73.883
1192 103.817 35.5906 98.5052
1193 102.199 64.1746 94.2959
1194 71.1861 43.9472 84.2546
1195 108.408 73.2863 81.0545
1196 84.4682 86.921 106.776
1197 82.5475 54.4841 96.6472
1198 97.2376 62.3471 113.346
1199 88.4672 88.6139 109.07
1200 80.3656 61.5252 111.064
1201 86.2517 55.0188 125.749
1202 94.7191 50.776 116.08
1203 109.277 59.9463 125.165
1204 104.715 76.9628 112.81
1205 93.795 57.7471 125.82
1206 107.826 64.9497 125.308
1207 95.4581 101.01 -1.307
1208 81.8591 75.6722 -1.44634
1209 97.0826 86.2558 16.2285
1210 114.77 81.2242 9.33
1211 84.0908 88.5581 8.22421
1212 114.513 82.6595 0.0688576
1213 89.8795 77.1211 -1.18834
1214 79.8706 72.3375 6.1018
1215 100.724 71.7388 12.9335
1216 105.473 86.208 -1.18607
1217 90.4682 93.3571 27.1468
1218 114.784 89.4906 13.1673
1219 88.0103 91.5625 20.9105
1220 107.767 71.8076 26.1321
1221 111.207 53.5403 28.3209
1222 110.65 61.045 41.9249
1223 56.3342 85.6861 22.2994
1224 82.114 89.1094 31.6999
1225 112.342 94.6766 19.3062
1226 87.5209 73.3779 65.1273
1227 92.0263 94.3644 55.727
1228 90.6414 76.1363 51.217
1229 101.517 65.3548 42.4993
1230 63.8825 99.0256 22.0959
1231 86.0585 69.7265 62.7159
1232 110.72 78.5246 36.1716
1233 85.4083 78.9196 45.9228
1234 89.0523 72.4968 62.3886
1235 107.991 74.9868 61.7472
1236 70.76 78.6706 51.0873
1237 98.8636 59.0714 38.4942
1238 109.563 90.3804 59.7195
1239 74.0306 94.051 51.5829
1240 70.2055 96.2352 52.1183
1241 109.273 83.0212 68.1537
1242 108.576 74.5691 54.1196
1243 108.427 101.786 75.8034
1244 103.514 70.739 76.4756
1245 109.41 89.4578 78.9338
1246 108.554 54.7821 50.431
1247 112.549 48.9152 99.3528
1248 84.398 102.912 70.2207
1249 109.448 64.0686 70.7103
1250 85.1653 89.718 84.3384
1251 95.3571 67.7322 75.7794
1252 90.9002 81.1938 94.1171
1253 110.265 65.2526 77.8155
1254 79.4318 75.4511 73.5976
1255 83.8127 71.8411 90.3701
1256 112.274 60.9972 91.2891
1257 95.3028 84.7436 91.761
1258 95.7725 81.7311 86.0827
1259 102.531 69.9592 92.3729
1260 104.054 76.487 107.063
1261 111.668 49.5066 82.5856
1262 84.809 104.384 105.047
1263 112.275 76.581 94.9063
1264 104.195 64.1876 107.028
1265 112.911 87.5534 101.673
1266 108.984 74.6489 119.286
1267 89.1175 71.1433 125.576
1268 115.018 70.078 118.019
1269 87.7115 77.2063 125.445
1270 102.084 82.242 125.228
1271 109.099 75.9267 120.769
1272 104.662 94.47 111.208
1273 87.355 85.9541 116.069
1274 106.216 96.4409 125.1
1275 94.624 80.3039 125.415
1276 114.977 81.2635 110.117
1277 91.9408 83.894 125.257
1278 77.8915 76.1882 125.779
1279 103.123 83.5107 108.027
1280 109.179 72.1137 125.229
1281 114.53 88.8577 1.81968
1282 92.6336 114.107 3.9258
1283 105.595 114.115 10.084
1284 114.527 100.86 13.9891
1285 100.957 114.197 3.6987
1286 88.8113 113.748 23.2767
1287 106.821 112.472 -1.57152
1288 99.779 100.757 32.6636
1289 95.8005 113.69 37.6963
1290 111.808 86.4816 26.6758
1291 112.024 110.774 18.9805
1292 85.8799 113.242 34.1322
1293 100.423 83.8897 19.0837
1294 105.096 113.808 29.4106
1295 67.025 111.097 49.6694
1296 97.5215 113.562 49.6455
1297 63.999 112.08 39.4174
1298 100.093 113.655 34.4777
1299 108.538 74.4596 49.9478
1300 94.0269 107.576 31.6048
1301 90.2834 95.4144 29.5754
1302 92.2531 95.8648 33.9629
1303 105.704 113.684 57.071
1304 109.643 100.714 53.9664
1305 106.266 113.78 45.1969
1306 69.5104 114.364 -0.210219
1307 71.4628 98.8176 41.8498
1308 80.2421 83.2249 69.5934
1309 101.945 112.259 87.3829
1310 81.8872 104.491 72.5499
1311 90.9728 85.6717 75.7292
1312 81.9093 82.2069 70.865
1313 105.58 113.95 61.5399
1314 94.2558 113.594 66.3439
1315 93.6589 77.4369 88.9355
1316 88.0579 101.731 83.7769
1317 107.957 101.21 89.205
1318 108.005 112.762 79.9341
1319 87.6935 100.079 80.0233
1320 102.978 89.9869 69.2922
1321 102.963 114.043 69.7685
1322 92.4639 85.6054 95.8361
1323 109.732 111.496 97.4606
1324 107.789 99.4211 78.901
1325 114.108 76.6092 110.768
1326 109.806 91.5975 92.9184
1327 87.9003 94.2418 87.9673
1328 112.425 102.601 100.438
1329 90.5613 114.28 84.2098
1330 103.622 114.215 94.5296
1331 70.915 104.615 109.347
1332 84.7959 113.51 125.17
1333 91.5904 114.675 117.676
1334 96.3176 101.163 125.31
1335 95.7306 106.937 114.955
1336 115.058 103.678 123.282
1337 105.876 101.727 105.646
1338 115.23 103.379 111.843
1339 115.236 112.133 123.612
1340 115.076 109.569 113.448
1341 84.8081 98.6907 121.333
