0 8.37696 21.8232 -0.162493
1 11.4591 1.92011 -0.183162
2 17.2025 18.3562 11.9632
3 28.7102 -1.53053 3.3018
4 27.0803 2.7694 -0.181139
5 9.44331 2.57004 3.83093
6 -0.280733 9.66873 1.5397
7 11.5837 6.79518 11.7578
8 21.4596 10.9145 -0.203135
9 -0.455042 13.8505 1.49336
10 7.23989 36.8029 70.0801
11 20.5335 12.6225 22.2872
12 3.8224 10.4228 41.0478
13 1.38923 -1.15711 5.50414
14 23.1159 -1.28238 15.3594
15 15.458 13.1069 26.548
16 -0.581772 37.7688 1.40274
17 27.7293 -1.09197 25.8583
18 2.13326 16.0962 21.4133
19 20.0398 22.836 39.8245
20 18.0678 -0.620936 39.2995
21 12.9341 -0.819861 31.5693
22 18.6415 21.5553 45.2886
23 28.8277 -0.659287 48.0334
24 7.10334 22.075 60.4511
25 19.9616 -0.545615 45.101
26 8.76935 -0.589957 46.1121
27 29.195 19.5647 53.4027
28 42.8027 -0.226954 58.6674
29 18.1 -0.637302 54.011
30 28.0894 32.2932 68.5048
31 25.1658 21.4205 53.9844
32 5.17612 10.8374 54.2381
33 29.6388 5.39648 55.632
34 6.74894 30.3113 80.1734
35 41.5188 1.6003 61.6471
36 29.5748 -0.30089 56.3874
37 7.00075 30.4896 64.1781
38 19.7803 1.59637 82.384
39 13.4003 -0.509403 50.893
40 17.8254 -0.762056 48.3093
41 17.1436 3.41825 71.2387
42 39.9619 9.79532 91.6124
43 25.1444 -0.0415668 99.3721
44 25.4403 17.1347 89.9665
45 16.4332 0.101664 92.6636
46 5.13631 4.74427 87.9211
47 11.2298 -0.259352 88.0432
48 15.1818 25.3703 102.668
49 27.4621 15.2278 121.422
50 21.7695 -0.551267 122.131
51 36.3235 11.8444 105.41
52 2.13087 28.3193 110.071
53 17.6941 -0.646442 124.271
54 25.8054 0.0373083 95.4178
55 14.9863 -0.523544 111.888
56 40.6603 18.5113 95.6413
57 19.0971 25.0976 115.054
58 7.24924 44.5505 78.3005
59 3.23086 20.2877 100.215
60 9.62412 5.40763 121.76
61 8.0155 -0.588897 123.307
62 29.0266 15.0903 127.536
63 20.6445 10.7504 127.521
64 0.432372 0.451863 124.378
65 0.948718 -0.741766 119.778
66 18.1314 43.2514 11.637
67 22.7303 38.61 9.08477
68 10.6768 24.7359 7.53873
69 4.15964 41.9271 10.7584
70 27.564 20.809 19.7308
71 4.11439 39.9337 8.67087
72 28.2662 38.631 -0.645403
73 22.9938 29.3176 -0.600058
74 43.2894 17.3449 20.0367
75 -0.313805 50.2296 4.68645
76 0.231657 16.3439 15.9276
77 -0.199009 37.9022 16.5084
78 4.52581 1.10504 47.4753
79 6.91402 34.0986 60.3519
80 29.0542 29.9456 53.7518
81 7.15548 41.8858 64.302
82 21.7545 45.4235 23.8266
83 25.9825 55.4053 49.2748
84 44.2906 40.2475 44.3237
85 5.16334 44.9109 44.7113
86 42.9481 54.9784 59.3808
87 2.34624 16.5923 27.1364
88 30.7786 43.7082 55.3549
89 5.93746 31.2672 56.8965
90 24.1373 37.515 57.9936
91 26.3779 58.5532 50.2489
92 6.05023 64.3964 53.5406
93 5.2911 2.65339 62.1434
94 11.681 43.6311 50.1361
95 26.5536 13.9309 55.4784
96 5.76595 75.0066 56.6231
97 15.8041 53.3624 51.8805
98 27.795 39.4507 70.5948
99 11.9489 18.5012 61.9536
100 5.11514 36.4199 94.6475
101 10.8412 31.4293 56.6661
102 4.42365 9.08495 92.7377
103 27.7443 32.3435 75.8663
104 31.0056 35.5865 55.4872
105 7.5775 40.2417 70.2741
106 33.1589 44.2308 76.6661
107 20.0743 38.002 98.8899
108 10.7077 23.6085 98.252
109 6.59172 23.344 75.3826
110 26.3807 43.4559 89.1596
111 4.28767 40.315 103.01
112 39.7624 36.4513 97.8712
113 3.40362 23.6526 101.094
114 30.1615 46.2797 111.02
115 33.8177 44.4942 96.0079
116 18.0949 32.6233 87.2443
117 13.6408 39.5812 98.2816
118 30.7111 35.5274 104.637
119 18.881 55.1941 120.238
120 14.5504 52.0911 98.0585
121 4.727 53.7711 92.0973
122 2.99081 45.9181 99.0139
123 18.8158 27.3994 90.6798
124 3.50903 30.1003 108.76
125 30.1125 25.4624 113.377
126 21.6033 56.1775 127.174
127 21.7802 46.2284 119.927
128 14.933 22.2223 127.598
129 18.8091 45.8605 119.387
130 6.08574 34.3524 127.285
131 7.51668 37.2393 127.242
132 27.463 28.9584 105.809
133 23.3235 27.9273 119.978
134 16.8816 67.9497 14.876
135 3.95713 60.9997 -0.350306
136 22.6323 66.9368 -0.929746
137 21.1235 60.961 12.8485
138 9.88268 57.7503 18.1157
139 -0.528258 68.0728 10.893
140 4.40485 39.2463 29.0254
141 2.42137 51.6147 20.5199
142 3.78189 50.2568 25.751
143 4.10728 56.3501 27.9013
144 17.6403 41.3851 26.2159
145 4.78789 68.8966 48.4168
146 19.8083 64.9464 14.7891
147 22.1495 71.5425 34.559
148 25.436 65.265 45.0112
149 36.9654 61.7042 44.4795
150 26.9947 38.9911 43.302
151 21.9992 60.47 46.5329
152 32.7283 66.8642 28.1315
153 24.8832 57.64 47.2455
154 12.1372 74.8971 41.1554
155 18.7088 63.2494 34.4681
156 24.63 51.2617 32.5584
157 6.62547 36.2032 57.614
158 22.9784 59.6837 28.1785
159 4.71341 26.1253 39.2004
160 20.9411 63.7873 43.2513
161 33.4434 70.5822 55.8077
162 4.37275 70.2934 34.6955
163 31.9752 41.6125 53.0779
164 49.2334 49.845 66.9289
165 31.402 45.3197 63.7075
166 28.7275 58.3816 49.6726
167 7.25533 16.7462 70.1692
168 5.53781 47.5644 90.3178
169 37.7147 60.0857 70.6124
170 30.1154 77.6001 80.0587
171 48.0844 61.2275 72.8239
172 20.8429 63.3324 79.2654
173 33.2135 74.5973 95.5639
174 42.1394 53.3425 96.323
175 2.72492 86.6664 99.1421
176 27.2786 51.3049 85.8532
177 34.8951 55.0437 85.1549
178 34.0406 35.7454 80.7598
179 25.1916 49.2068 79.4139
180 6.2995 50.1446 55.5774
181 27.5449 69.7928 91.2767
182 28.0534 57.7589 104.419
183 23.3042 56.8141 97.9969
184 3.54675 61.4937 104.007
185 33.3277 56.1391 110.879
186 0.0171563 61.2302 108.001
187 3.19478 68.592 116.656
188 2.60142 80.5462 100.898
189 23.1746 51.8075 111.253
190 4.99222 47.7962 117.333
191 -0.172436 66.8567 125.649
192 11.4777 63.5393 118.424
193 18.7852 68.5859 127.046
194 0.104676 50.947 118.521
195 8.92893 59.5989 127.098
196 17.7174 53.753 121.045
197 20.4648 51.7126 123.151
198 28.7585 62.399 127.167
199 8.29088 64.6319 10.4921
200 9.12697 91.6325 11.3815
201 16.6736 80.4458 6.21954
202 13.0541 73.5689 17.5724
203 28.3841 77.8198 8.81578
204 10.3376 75.3502 11.4892
205 7.75937 85.8245 -0.588188
206 14.1845 73.4729 15.2685
207 9.8576 74.5089 18.8187
208 18.4189 71.3882 11.2837
209 25.4897 77.4192 40.9027
210 19.9148 75.0818 21.5404
211 3.56842 87.3779 28.5451
212 32.8041 69.4225 32.132
213 18.6202 80.0094 17.1633
214 22.7493 84.7353 14.6876
215 3.73937 84.986 33.0377
216 3.98014 77.5339 17.7785
217 35.4475 73.2406 31.6453
218 23.2157 95.437 25.6537
219 16.2639 83.513 19.5623
220 4.05316 68.3555 31.6323
221 0.264636 91.7118 15.6532
222 4.12419 74.0796 34.3803
223 12.5047 71.2333 15.4415
224 22.2737 73.4162 42.8964
225 20.3486 81.2099 38.9757
226 55.3597 51.577 45.0438
227 34.5059 91.1447 48.2815
228 3.68544 65.8971 29.4515
229 6.44599 80.3896 64.9949
230 24.2657 88.4048 73.3926
231 28.1227 75.5006 45.1255
232 5.94961 78.2509 55.2734
233 7.03354 76.0709 82.0313
234 36.57 63.4439 42.4708
235 35.4984 61.3957 59.3598
236 29.7374 57.2405 61.5705
237 6.74839 60.351 65.6465
238 6.85886 67.7564 66.1957
239 6.86822 71.528 74.3514
240 22.4191 67.2934 45.2032
241 6.60016 70.9921 85.0704
242 27.6346 71.311 53.2805
243 20.9973 91.556 75.9318
244 19.5945 95.9033 85.0015
245 2.91822 72.9182 92.9296
246 46.4261 87.5255 56.3515
247 24.4541 73.2599 78.4394
248 39.6062 92.7731 65.2561
249 5.85128 75.9015 85.2279
250 43.723 66.3544 84.5677
251 4.27354 86.8727 92.6117
252 3.84033 58.7707 100.434
253 30.4776 102.009 60.744
254 8.67671 71.5809 93.5103
255 29.9486 79.9594 100.847
256 37.407 96.0412 96.4755
257 9.78458 86.1164 100.248
258 30.2866 84.5842 97.4764
259 3.44634 79.5651 87.8171
260 4.53426 91.174 88.3533
261 1.45392 90.1549 102.026
262 4.71964 100.954 86.5313
263 30.7454 61.4889 100.402
264 0.480474 66.8894 110.012
265 -0.0363882 65.286 120.314
266 1.95278 79.3336 106.478
267 6.74923 85.8102 75.6742
268 23.6059 77.5349 86.7955
269 19.4749 81.7101 100.273
270 35.0251 87.7875 100.777
271 14.4958 87.7103 126.91
272 21.7993 68.6943 127.186
273 10.0899 77.0082 127.153
274 9.06698 83.9104 126.942
275 25.8651 72.0221 110.904
276 30.1685 76.4484 106.636
277 41.5806 80.7329 126.952
278 25.0496 110.243 -1.19404
279 26.8597 95.4836 9.2417
280 12.3072 89.2017 -0.556095
281 6.58019 113.771 7.71138
282 16.6424 113.611 10.521
283 0.505001 97.305 -0.439918
284 39.3924 89.517 19.3781
285 3.36941 90.8678 26.0807
286 16.9955 113.367 34.2329
287 11.7377 97.3637 23.997
288 11.1768 113.232 30.1193
289 0.315569 107.547 17.3382
290 -0.530743 88.7233 14.2317
291 25.2613 113.794 10.4556
292 4.32397 102.58 37.6466
293 27.7337 107.375 32.0204
294 11.7161 95.5511 21.6413
295 2.42811 113.298 15.1093
296 22.4992 113.672 9.36662
297 27.639 92.6598 24.8481
298 3.61063 106.169 29.3413
299 11.5157 76.3869 19.1693
300 32.8561 90.3383 47.4436
301 12.524 113.401 43.021
302 6.2976 113.094 37.9422
303 17.735 113.281 68.8224
304 7.42304 112.438 67.0532
305 37.617 87.5542 25.2372
306 18.1253 113.143 45.6191
307 32.5915 113.665 15.7018
308 22.4253 113.207 32.6768
309 24.0497 101.178 30.254
310 24.0361 91.4645 44.9917
311 24.1673 89.4058 46.6292
312 37.6722 111.561 70.7833
313 18.5264 113.315 36.1638
314 6.83554 82.3804 83.8628
315 6.34826 100.131 69.1608
316 19.5042 111.41 72.702
317 3.58696 104.627 94.5216
318 3.80191 112.588 90.9621
319 30.6057 101.723 71.8012
320 26.9241 85.1696 72.1386
321 10.3203 112.957 126.984
322 17.275 112.894 78.9636
323 33.7643 113.443 81.9991
324 12.836 112.963 76.9067
325 31.443 92.4521 83.2265
326 6.77233 114.047 91.0082
327 2.60521 83.1466 98.9985
328 26.2183 104.206 98.4949
329 38.9123 114.86 114.517
330 24.2557 86.6231 91.3868
331 1.88692 105.01 104.925
332 11.6807 98.861 110.177
333 0.196916 113.53 119.621
334 6.0897 114.083 106.703
335 16.5436 114.308 93.4552
336 22.5528 113.214 83.2776
337 22.3501 104.445 91.9673
338 28.7724 114.416 120.369
339 25.9764 107.236 126.783
340 -0.0563528 99.4642 114.368
341 17.4662 104.176 113.207
342 14.5592 106.791 121.222
343 31.2922 12.6962 -0.456526
344 30.628 8.55173 9.59695
345 55.8136 18.9779 3.45948
346 45.6553 13.0045 -0.382517
347 53.1043 -1.22744 21.259
348 42.7836 7.62825 22.5079
349 34.5488 14.1327 -0.299399
350 40.2171 19.1468 10.8876
351 45.2913 24.7268 7.1717
352 38.9086 27.2774 21.5895
353 50.4507 -1.13049 20.3116
354 39.7319 15.2871 28.03
355 47.7491 -1.22768 20.2105
356 53.8582 -0.796949 28.1901
357 33.1472 25.3176 34.4052
358 22.7578 9.13047 4.48898
359 57.7752 26.3593 33.9291
360 50.4455 29.9118 22.3896
361 49.9324 -0.224997 45.6076
362 31.2627 29.3735 48.8665
363 61.1678 27.9562 37.3074
364 58.3478 19.6847 39.0848
365 46.9055 1.73811 68.4735
366 39.1156 16.1442 69.7151
367 37.2019 -0.435591 47.551
368 46.1502 17.6858 50.2718
369 50.8526 29.1712 52.092
370 49.0882 15.8545 52.1971
371 44.3949 37.5553 37.6296
372 36.4264 35.7199 63.5223
373 41.5342 15.9544 48.8902
374 41.2671 16.8664 65.5342
375 69.3913 7.29347 75.8409
376 36.4566 18.467 66.5611
377 44.582 3.75241 78.1283
378 49.4231 1.50956 89.9129
379 42.8186 20.5604 96.0347
380 19.5513 0.173323 88.7372
381 46.443 23.4892 84.1068
382 41.3021 36.7714 100.22
383 57.1405 -0.473928 103.405
384 60.4042 9.50256 96.7138
385 29.409 1.84528 82.7444
386 35.7338 2.02825 78.8213
387 50.4879 -0.49858 118.996
388 33.8764 -0.0833618 100.593
389 54.7025 27.5354 104.314
390 50.5656 17.1278 113.848
391 54.3751 31.4231 109.056
392 36.6308 24.0185 98.2198
393 50.5412 11.8821 127.478
394 40.6102 5.95058 127.337
395 46.1025 24.1101 124.015
396 36.2564 21.126 127.465
397 36.2006 0.866604 127.437
398 44.544 -0.573908 121.842
399 50.5141 12.8371 118.976
400 63.898 -0.600687 119.906
401 53.1843 5.04368 127.722
402 28.4952 30.682 -0.608577
403 21.3462 36.8555 9.57226
404 31.3852 38.7833 5.07953
405 54.2649 37.4078 -0.924742
406 55.531 40.6155 -0.983902
407 51.3577 32.8688 17.5389
408 25.0388 34.8155 5.44922
409 45.7172 36.856 15.0052
410 31.4332 29.5411 -0.337693
411 46.8699 36.4906 -0.718208
412 31.3397 43.7342 9.97248
413 26.2055 43.1702 13.4406
414 52.7482 26.2622 28.1329
415 15.782 44.8585 30.8157
416 38.5279 32.5636 31.0825
417 33.8864 38.9313 13.2252
418 35.3944 36.9821 13.4267
419 58.3488 27.0414 22.016
420 36.5645 36.9181 11.2376
421 59.1227 45.207 38.8146
422 12.2263 41.2173 35.1491
423 49.561 8.37005 55.6084
424 30.3058 28.9175 30.3265
425 23.4696 17.1266 26.2599
426 50.7597 16.3731 38.5265
427 62.5381 18.2587 35.6475
428 20.2363 47.562 24.0922
429 59.6955 22.0419 36.0627
430 27.2036 45.5038 38.6565
431 47.4754 27.7781 49.7534
432 15.899 49.7267 34.8361
433 34.5259 29.6821 61.7655
434 49.3033 27.9738 51.8544
435 31.1459 21.7865 55.8664
436 27.5115 40.1837 49.7394
437 31.1548 20.3923 44.5398
438 55.7634 36.2978 73.3987
439 49.7718 36.8796 54.1922
440 59.4594 33.8573 87.9426
441 35.9537 41.6333 63.2536
442 63.1558 29.9394 75.4128
443 38.8513 37.8976 54.8745
444 41.823 33.7873 82.6567
445 44.4346 17.4916 78.9576
446 19.4659 27.7134 56.0116
447 48.5746 19.2849 45.8475
448 39.1574 15.7989 97.5797
449 46.919 32.5147 81.5092
450 43.9741 36.0595 44.0857
451 34.7244 37.9653 66.094
452 19.6102 41.7254 88.2776
453 45.4293 40.6636 76.4393
454 44.1607 31.1252 57.5269
455 72.6072 34.615 63.9194
456 50.4615 23.3952 87.2551
457 47.2452 28.1218 75.5454
458 45.4342 23.5936 81.6099
459 29.8646 44.7295 89.6393
460 72.3606 51.6496 89.6462
461 44.4388 43.743 75.8483
462 40.1074 18.7322 88.5672
463 51.32 47.1793 95.4963
464 54.2227 32.887 78.1643
465 24.1053 46.3574 90.6989
466 81.8085 27.6821 102.833
467 56.8475 7.49128 105.154
468 60.4079 41.1169 112.037
469 39.9436 4.93467 100.101
470 30.3604 50.3991 116.94
471 49.0756 37.6184 121.056
472 54.1616 33.6994 119.398
473 49.7707 33.8003 119.206
474 14.6328 17.8665 127.729
475 47.4876 29.3394 127.363
476 47.8079 37.909 117.32
477 43.1196 55.6682 118.614
478 60.6054 18.0465 127.497
479 39.0392 54.76 108.75
480 36.8676 62.8995 -0.807548
481 45.4641 56.213 13.6525
482 39.9841 37.9274 -0.580333
483 42.4896 53.4482 -0.969337
484 3.81304 45.7649 26.745
485 20.6286 35.4122 32.6397
486 43.9642 74.3624 38.7157
487 61.6678 64.8699 22.7055
488 45.9671 64.6035 32.4198
489 24.9006 51.8885 30.1802
490 44.7158 56.3099 34.2398
491 34.7472 69.4827 29.6826
492 42.7282 48.0956 28.2425
493 52.1397 42.5465 48.3203
494 34.5206 49.5337 51.0637
495 47.121 60.0928 40.97
496 34.5265 44.9115 32.8309
497 42.5467 69.2346 39.6456
498 53.3505 67.6209 49.6295
499 45.064 50.3251 54.3188
500 43.4964 61.6311 50.1159
501 41.1998 69.8435 42.2662
502 53.4526 56.1888 48.9719
503 49.2405 36.801 72.2227
504 46.9026 54.5539 71.9456
505 37.202 65.5109 45.7044
506 59.1053 68.3785 72.8747
507 77.2565 60.0825 102.569
508 42.1819 58.6888 74.8109
509 44.4716 57.6621 71.3271
510 50.2255 42.7265 79.9521
511 38.1504 52.1065 56.9104
512 43.892 60.768 74.6183
513 19.6252 69.3157 59.9547
514 46.9851 66.817 88.8729
515 29.0278 57.49 102.381
516 33.498 75.171 88.0706
517 56.933 81.9444 89.7041
518 43.4862 49.4288 71.2338
519 46.0946 42.7886 106.465
520 40.7074 50.5049 73.2268
521 29.5053 51.3128 90.6739
522 64.9156 63.9777 86.2394
523 45.2178 64.5677 88.7679
524 40.1253 49.6067 107.018
525 41.8587 47.1707 97.6809
526 25.9571 67.0034 113.867
527 31.6201 56.3679 108.69
528 33.1906 39.4113 93.4612
529 59.519 60.0239 104.722
530 28.9362 57.5798 107.051
531 31.9025 62.4764 127.319
532 34.6294 63.6121 114.694
533 54.8452 50.5709 127.239
534 40.0082 56.1901 113.094
535 40.3592 69.4172 119.842
536 54.748 58.979 114.467
537 38.2313 80.8836 -0.849559
538 44.028 85.1396 -0.97644
539 33.8664 86.8286 -1.08619
540 52.4665 73.6054 8.89487
541 48.5392 105.768 18.5865
542 32.7012 68.637 -0.802157
543 26.8358 76.9112 -0.900282
544 63.503 71.5399 22.9995
545 56.0385 81.4023 26.7946
546 53.8377 70.3626 23.2967
547 42.4526 92.8317 14.3007
548 45.7346 62.2909 30.4586
549 58.4994 86.2038 19.3192
550 55.6329 81.1225 21.2919
551 67.5039 87.5206 38.6385
552 52.9998 89.5086 21.6053
553 44.8828 90.3189 50.4063
554 64.7191 82.1116 35.9674
555 52.2838 63.8798 51.6923
556 40.9869 64.346 40.7778
557 21.0878 78.0939 43.5575
558 38.5208 77.922 19.0133
559 65.5937 66.7245 31.0921
560 43.3389 63.3928 48.4318
561 47.3032 96.2053 43.9125
562 49.3623 63.2483 37.3991
563 62.4767 81.0969 39.7422
564 56.7808 82.439 45.9134
565 34.3639 61.5158 19.5665
566 21.0713 82.8039 42.6857
567 54.0171 105.367 52.2698
568 50.2943 94.7675 72.7672
569 62.0164 64.3173 72.5752
570 47.0973 73.9767 65.0662
571 40.6582 88.8352 55.5188
572 54.6869 85.5729 49.3221
573 58.6398 78.285 70.7803
574 71.6643 59.2811 67.2579
575 26.3769 61.4646 64.0653
576 28.2785 77.5347 45.0716
577 26.0643 76.0523 46.487
578 31.0226 75.6095 59.3507
579 51.3794 67.9081 73.1548
580 50.5311 78.4326 81.0142
581 46.8577 85.5567 88.1779
582 43.8454 109.878 85.4645
583 47.0818 68.5854 60.0532
584 49.515 95.3804 74.8551
585 41.2668 79.919 79.5445
586 45.0436 70.5084 82.6544
587 57.0505 80.2066 70.9373
588 46.1227 92.1722 91.8649
589 14.8734 85.8484 102.155
590 61.6213 73.4075 102.233
591 67.214 72.0813 106.621
592 62.3004 86.1909 93.51
593 37.7957 69.5637 98.952
594 26.8516 92.7882 89.4307
595 49.2568 57.9759 109.176
596 58.8785 83.6889 115.484
597 50.2682 72.1127 116.954
598 31.9249 57.5193 102.488
599 57.3314 89.6835 119.534
600 32.9346 77.8844 118.641
601 51.7827 75.7179 117.683
602 72.772 92.9215 104.742
603 51.8579 77.8764 98.5782
604 61.2717 81.7344 96.1896
605 40.6026 92.3126 104.655
606 39.0077 68.2288 106.738
607 51.5965 72.5816 99.7298
608 38.9823 78.6442 107.507
609 31.614 74.8695 110.327
610 43.0626 85.7368 119.949
611 48.9977 67.7416 122.795
612 39.2381 84.5437 118.95
613 33.0828 72.9357 114.648
614 46.1209 79.0025 117.883
615 43.1933 78.9839 126.896
616 25.5027 90.0252 -0.761444
617 43.8905 112.521 -1.11586
618 55.3406 113.825 0.0216546
619 35.3608 91.7108 9.01881
620 51.0273 113.808 2.06289
621 40.7555 100.158 8.65455
622 56.7915 103.028 -1.37482
623 41.2169 114.083 19.3537
624 29.7165 100.198 8.39177
625 33.7153 113.867 6.29011
626 43.7614 92.0504 8.7591
627 27.9225 113.845 9.73349
628 34.4027 99.8509 36.1319
629 24.6679 113.579 21.1185
630 43.3043 102.651 24.8734
631 33.6085 89.7489 10.9436
632 22.1685 89.6362 21.587
633 39.4846 113.05 28.7629
634 51.4661 103.756 17.2536
635 64.8071 90.7622 41.4664
636 57.1586 111.293 41.5441
637 36.2832 98.0079 40.3673
638 71.0235 110.462 61.3324
639 20.2555 85.299 23.7668
640 55.3133 111.561 77.1425
641 48.2924 96.2398 47.3335
642 71.6919 109.999 51.1052
643 41.3896 111.374 50.8542
644 45.867 94.234 29.806
645 46.9356 113.242 33.5491
646 59.9152 102.177 53.2941
647 34.066 89.6634 46.2514
648 31.8024 113.437 23.1965
649 33.6743 114.292 90.0858
650 34.9965 111.303 74.1186
651 36.1398 111.346 63.6223
652 60.7361 93.3072 82.9934
653 49.96 110.097 81.2622
654 27.2977 97.5166 52.8887
655 49.5994 110.568 70.0805
656 51.961 89.7046 89.7008
657 33.1124 72.524 72.7008
658 46.9536 103.749 90.1374
659 21.2415 93.3537 74.5035
660 35.008 86.2079 111.057
661 28.2051 77.6051 88.6614
662 36.0207 114.17 87.6552
663 40.9315 110.393 77.6437
664 44.4595 113.939 100.613
665 41.586 114.364 105.227
666 46.8529 113.791 89.3305
667 23.1489 111.957 78.7655
668 34.1792 92.0043 104.925
669 45.8686 114.414 103.817
670 57.1172 85.2572 85.5349
671 9.94288 93.4618 95.3542
672 33.2916 114.373 101.608
673 50.0729 103.747 85.8526
674 30.4022 114.48 105.701
675 45.5762 114.572 112.22
676 57.2342 92.0503 100.377
677 25.1732 114.509 92.7602
678 36.1683 114.247 97.7754
679 28.7268 114.532 116.386
680 28.8845 103.248 126.977
681 47.4703 101.211 126.834
682 52.8865 109.393 126.794
683 38.8025 83.7813 115.54
684 56.0461 114.652 117.085
685 26.9881 114.846 102.611
686 33.013 114.527 121.494
687 41.7262 110.342 126.751
688 63.1558 114.756 120.39
689 54.5404 100.223 126.65
690 59.8884 114.988 114.988
691 75.7233 11.21 -0.626043
692 61.5735 15.0874 -0.399115
693 81.2873 11.2454 -0.61927
694 78.5228 15.3046 -0.658065
695 70.075 11.4308 -0.603235
696 58.3986 23.1813 19.672
697 78.4643 6.9003 11.4666
698 83.5719 36.5291 19.6798
699 59.3756 23.0542 9.34854
700 72.4749 -0.853575 24.3327
701 88.5381 -0.942547 19.3587
702 88.4505 -1.29453 7.24318
703 61.9055 8.44057 29.073
704 71.5285 -1.18893 10.2013
705 51.0357 -0.804626 29.5748
706 66.368 0.147559 45.1606
707 57.3349 22.4891 30.0263
708 68.5473 0.236495 61.2291
709 67.9926 28.742 52.6196
710 67.9664 22.0589 26.5261
711 63.2537 0.025009 42.0766
712 65.5544 33.7657 52.4149
713 67.9418 24.2274 28.505
714 69.6501 25.4145 35.4454
715 50.054 19.5178 43.6294
716 51.8692 17.7414 45.9608
717 74.8704 0.787424 62.8561
718 87.5214 24.0962 64.6503
719 50.4045 3.10624 71.2926
720 84.9 9.85135 87.9303
721 75.3697 -0.486247 97.099
722 70.8519 13.9289 83.0359
723 69.0558 35.1312 76.1823
724 66.381 8.71186 78.8881
725 60.8076 -0.308145 53.4972
726 77.5177 16.9401 73.6622
727 75.3099 27.2443 74.5258
728 48.9907 32.9719 77.9442
729 54.1958 19.9824 71.0541
730 80.2615 38.9436 75.3512
731 43.0555 8.97942 99.332
732 78.2975 -0.301026 96.6551
733 86.4923 -0.476347 108.032
734 89.1071 5.77442 115.031
735 75.0818 9.04089 120.937
736 82.2739 20.4377 127.081
737 59.2342 21.0361 127.178
738 77.7319 15.0591 113.931
739 83.9718 23.671 113.009
740 82.0609 12.1221 118.818
741 63.4224 19.3008 126.087
742 64.7866 16.271 127.543
743 92.2602 19.6356 104.812
744 56.6686 7.23412 113.301
745 66.3895 5.92062 127.355
746 59.2942 -0.444872 114.938
747 74.8634 30.8333 127.144
748 69.9186 30.4531 13.7136
749 72.7665 43.5399 -0.949288
750 84.3439 41.4452 11.0282
751 75.6588 39.1974 9.04017
752 75.6375 27.4829 -0.630055
753 61.149 24.2449 -0.569134
754 68.7097 45.2604 17.4436
755 65.1124 54.8624 20.1429
756 88.192 43.4542 27.614
757 57.4711 31.4284 19.7327
758 71.523 16.7232 19.5318
759 80.8815 24.949 41.3137
760 65.0918 47.8614 51.0367
761 78.5558 25.2015 23.654
762 51.5586 30.3789 29.8719
763 86.1402 25.5447 58.9482
764 74.0084 44.5718 55.087
765 67.9288 33.1907 52.4254
766 69.6018 27.6504 40.4837
767 81.2601 40.3019 47.2103
768 79.5576 41.2507 73.784
769 86.5629 31.169 52.7405
770 92.332 28.2866 35.4165
771 79.8525 33.0755 78.7185
772 70.2767 29.73 67.5372
773 94.7949 37.9934 89.8614
774 61.0739 37.9397 80.9258
775 59.6345 37.0998 71.4082
776 50.316 21.9293 72.6049
777 91.7135 37.8599 91.8481
778 81.853 30.4952 67.3
779 92.2076 29.0748 68.3573
780 59.5304 35.7607 82.9922
781 58.5178 29.9737 80.1352
782 57.1072 49.0745 76.2531
783 48.5213 25.8658 78.6285
784 71.2634 15.9701 84.4966
785 76.1539 34.0298 92.5853
786 96.1692 42.6003 93.466
787 58.2868 37.9979 85.2865
788 87.4924 40.4274 80.2094
789 67.0196 38.3405 108.936
790 73.6187 26.167 86.478
791 78.6863 39.6133 92.3137
792 40.9846 38.4987 96.8972
793 75.3579 24.8217 88.0987
794 83.4366 70.871 126.946
795 60.213 23.6994 102.919
796 58.0099 35.9142 117.404
797 64.5723 8.06303 106.608
798 80.8008 34.0371 113.155
799 75.9059 13.5902 109.29
800 80.4304 43.3314 109.349
801 66.3045 35.8743 111.208
802 77.471 31.571 90.1689
803 58.8082 37.7646 97.1722
804 54.6292 47.4998 127.373
805 64.9246 33.5419 127.162
806 67.1237 29.7453 111.29
807 73.6248 21.1783 127.295
808 64.5841 46.3659 108.505
809 85.009 41.8001 113.164
810 85.4835 41.5306 -1.00939
811 77.2553 59.1324 -1.23163
812 55.4946 55.7644 -0.907198
813 57.1101 57.7163 4.42427
814 56.9933 61.6849 16.6057
815 65.7492 44.8617 14.7282
816 48.8184 61.2803 14.9981
817 79.8602 57.7183 12.7159
818 65.6293 50.2147 7.54494
819 70.6768 59.5485 11.0285
820 82.3297 41.3446 13.1246
821 70.6785 59.567 14.9544
822 60.3572 51.2046 8.73435
823 81.2416 62.4244 23.4037
824 47.4111 68.9464 22.3307
825 73.5333 53.7238 25.9928
826 64.2598 69.6327 10.794
827 55.301 40.4698 20.308
828 88.2789 80.3423 36.2299
829 59.7516 64.4758 18.1225
830 76.9539 62.5593 59.6006
831 65.18 46.5621 41.2024
832 50.1855 59.9672 54.2307
833 89.9203 45.3905 33.9109
834 66.26 66.0755 27.524
835 77.9524 65.7618 37.7635
836 61.0035 41.8436 52.2272
837 48.7186 42.8591 30.3536
838 64.7274 54.9296 55.5835
839 56.0717 75.6685 69.2874
840 58.3409 63.9968 72.6033
841 81.4788 54.6496 80.154
842 60.8641 40.366 80.8139
843 89.5674 55.3492 79.445
844 72.3002 76.3023 51.0006
845 81.5437 51.3064 78.2506
846 89.1013 53.8662 86.0451
847 48.5011 59.9996 85.7012
848 84.1404 46.5853 64.5558
849 66.0208 62.5663 76.8976
850 68.0596 70.0372 93.9052
851 81.6723 34.8204 77.9649
852 76.8177 65.8042 98.2728
853 77.4567 53.691 89.8522
854 58.4029 50.4934 80.4775
855 81.9366 52.3228 70.8478
856 87.3864 44.1669 106.423
857 73.7914 49.7021 87.4564
858 54.1824 55.7236 98.6532
859 75.1008 39.4209 94.5732
860 47.3296 66.9828 111.844
861 53.2213 51.4823 107.272
862 73.4328 77.8665 108.896
863 84.7461 42.0819 108.723
864 68.9185 58.1881 113.243
865 81.5724 41.7686 109.142
866 84.2865 46.9195 104.175
867 77.579 62.4225 110.724
868 83.5162 62.3392 112.962
869 80.5699 54.2055 113.109
870 81.8965 49.9919 127.172
871 70.3312 65.8762 126.944
872 73.5888 61.9554 127.079
873 84.7981 64.2787 110.829
874 89.1877 50.4954 127.016
875 83.2082 63.6278 127.028
876 79.8222 74.9605 8.08702
877 66.9435 74.2413 5.29394
878 83.972 77.8211 4.66971
879 65.4205 82.1266 -1.34983
880 67.0335 88.2391 19.2082
881 68.1842 78.0583 -1.46791
882 71.3694 77.6958 22.8358
883 59.9921 71.8764 2.44925
884 71.4307 66.1141 -1.10907
885 58.3757 92.5279 11.4415
886 74.5359 68.3824 34.7734
887 64.7477 77.7695 12.769
888 66.8454 74.4588 17.5998
889 70.5913 81.751 17.1829
890 47.8691 71.8463 19.4712
891 66.7263 71.2651 27.6171
892 80.1618 57.2891 34.9684
893 58.9709 91.1364 29.4755
894 61.5769 70.8108 24.4087
895 62.2728 74.8506 33.661
896 71.2967 95.1944 44.6147
897 78.8232 69.9902 40.5024
898 88.5934 83.3816 31.5905
899 81.9421 57.7703 40.2962
900 84.0113 100.463 51.1126
901 76.0598 76.1221 44.8101
902 68.9017 76.0626 58.8416
903 70.0755 104.116 46.3242
904 55.1278 84.1865 45.9108
905 76.0909 74.3834 44.3273
906 76.4647 100.885 65.9515
907 87.427 69.1272 74.9036
908 50.0871 103.876 52.6743
909 78.7412 83.3257 74.4491
910 90.18 72.0476 87.0783
911 77.2509 88.0975 93.6223
912 65.8674 79.2564 76.9154
913 78.1532 96.3112 42.325
914 50.7733 99.8532 73.2637
915 70.0087 89.3185 72.1003
916 90.4261 85.7522 85.1414
917 63.911 65.5126 87.7068
918 26.0523 78.2509 108.991
919 40.5971 67.9891 104.727
920 64.2386 77.7847 102.369
921 68.6791 94.108 97.855
922 67.2343 81.5719 85.4254
923 78.9739 60.2833 104.655
924 78.2828 88.1274 97.9677
925 45.9867 88.1855 106.461
926 53.2506 79.8922 91.9588
927 97.5617 101.78 86.9418
928 75.041 80.3445 106.459
929 57.9713 84.4639 118.906
930 58.961 82.1959 127.018
931 76.6962 76.5031 121.05
932 67.572 80.986 126.686
933 71.6827 78.3301 104.799
934 76.1186 78.3642 126.863
935 66.2118 87.5405 126.728
936 64.228 74.4073 112.776
937 67.6796 90.1947 126.832
938 85.5457 99.2781 7.16496
939 56.8946 90.1041 -1.19443
940 61.2216 106.17 16.7479
941 69.7638 84.1654 -1.24555
942 88.636 86.3374 27.9529
943 68.0425 110.988 32.9777
944 79.9172 113.724 17.1067
945 49.1421 95.9157 22.0131
946 72.4412 102.628 18.4241
947 68.6266 112.254 18.8538
948 64.0423 91.3648 13.2682
949 62.5846 112.492 23.0586
950 82.4686 103.563 24.9289
951 66.9124 112.493 29.1919
952 66.6037 100.358 54.4016
953 50.8433 98.9504 31.3217
954 79.6584 112.561 50.2854
955 55.5057 99.2682 35.7728
956 76.432 102.637 42.5106
957 57.2948 111.415 61.8343
958 49.9438 105.372 58.7505
959 84.3783 112.71 44.5191
960 68.9676 95.1046 54.7982
961 63.8901 104.147 64.0959
962 80.085 102.65 70.1904
963 52.5618 111.255 50.3947
964 71.256 86.5891 50.935
965 86.917 96.4039 49.5003
966 62.9925 86.4955 44.3632
967 60.6869 110.527 60.4806
968 70.3842 110.878 63.2426
969 71.2891 114.52 103.685
970 87.1511 99.2862 81.0565
971 51.3362 110.16 75.0404
972 68.283 112.406 70.1322
973 85.5306 83.6635 87.305
974 63.9819 101.993 66.2328
975 89.1332 97.5435 78.6913
976 58.8926 106.47 112.635
977 89.7289 113.438 77.3806
978 64.048 79.3666 85.4942
979 59.6731 95.7919 87.3119
980 79.5702 92.1581 91.4256
981 77.8194 113.935 88.9619
982 59.4026 112.511 77.8431
983 59.8841 113.631 89.6454
984 50.3569 82.9997 104.31
985 86.4483 114.446 100.154
986 87.5784 114.671 116.939
987 56.6759 98.2028 98.0736
988 52.9175 98.3246 112.804
989 86.9936 92.0001 102.231
990 55.5845 101.527 96.5267
991 82.8779 114.393 107.739
992 73.1989 87.6594 119.982
993 67.2828 93.8045 100.43
994 62.186 96.0897 95.816
995 68.398 114.319 102.008
996 72.1777 96.3623 97.947
997 64.2195 114.166 91.6962
998 68.8032 100.42 126.424
999 61.7258 114.586 122.263
1000 78.8917 110.39 126.41
1001 63.2549 103.348 126.706
1002 78.8619 94.2384 126.594
1003 53.1351 90.1052 121.466
1004 79.9302 114.774 116.127
1005 84.7298 114.997 120.668
1006 90.2685 94.5934 110.508
1007 57.6405 104.766 124.865
1008 114.613 14.1338 16.2753
1009 97.3347 13.3368 11.6464
1010 97.3825 18.6513 -1.03557
1011 108.442 2.19232 -0.668688
1012 92.9898 -1.29719 0.881667
1013 102.826 16.6842 6.73934
1014 86.8159 21.095 9.32953
1015 104.717 23.7691 26.222
1016 109.374 0.929865 41.6318
1017 108.159 -0.252015 27.1334
1018 86.4665 12.9076 7.27107
1019 101.256 5.19774 17.6072
1020 110.999 21.7347 24.6168
1021 94.3051 7.3815 21.7981
1022 88.5146 13.926 42.2605
1023 112.52 1.21281 25.7464
1024 105.614 -0.881137 18.1572
1025 96.0602 29.1872 34.8535
1026 103.897 15.6174 32.8516
1027 108.079 16.8213 49.5036
1028 98.1498 19.5587 34.3397
1029 97.7873 -0.6671 32.6178
1030 109.379 28.9325 65.8
1031 85.3699 -0.142562 84.9753
1032 107.947 1.45723 58.0064
1033 103.22 17.8592 67.7978
1034 107.957 23.4027 51.9077
1035 84.1966 0.750988 61.4377
1036 108.61 9.27678 61.7001
1037 91.5996 16.4628 45.1982
1038 91.0371 28.9368 70.7565
1039 85.4755 26.7891 77.3317
1040 107.88 7.29553 55.2532
1041 88.6359 -0.216513 78.5404
1042 107.188 -0.0366545 68.499
1043 92.7562 0.0166196 65.3146
1044 97.0369 15.5542 85.6094
1045 91.1031 32.8923 70.7847
1046 89.027 -0.352082 92.4542
1047 102.987 24.8987 91.9236
1048 95.9188 13.5209 95.916
1049 102.537 -0.443535 76.3637
1050 112.844 29.1666 105.125
1051 93.6131 11.8761 93.9509
1052 93.2889 17.6029 89.7409
1053 111.938 25.0379 91.4645
1054 90.1113 27.0633 89.1994
1055 109.214 1.02004 69.4626
1056 71.5031 13.5915 111.239
1057 115.738 3.47364 114.227
1058 106.036 27.6737 97.6542
1059 104.189 13.6029 106.296
1060 108.183 -0.198581 75.3128
1061 85.1019 -0.417511 94.3642
1062 77.7192 18.1242 113.629
1063 88.78 43.8035 96.2036
1064 88.6905 -0.157993 104.499
1065 100.702 -0.414053 115.457
1066 97.0043 11.6599 117.035
1067 108.755 7.5332 117.333
1068 115.295 7.04665 125.494
1069 100.572 9.72404 110.866
1070 102.761 42.7266 -0.856307
1071 84.3542 37.9572 10.0343
1072 104.311 40.9371 -0.768175
1073 102.861 41.8839 15.5322
1074 104.367 42.3418 2.28827
1075 98.5242 44.5691 -0.875661
1076 110.525 44.3264 22.8087
1077 103.085 37.5156 26.0199
1078 102.861 40.3866 6.1797
1079 98.8622 35.5467 17.3205
1080 94.4421 27.1766 21.4553
1081 107.12 33.7354 13.7655
1082 80.3834 47.8966 39.517
1083 111.849 61.765 19.6063
1084 74.8842 16.1436 28.7321
1085 78.2153 37.3426 21.7026
1086 80.7091 38.0174 60.9318
1087 108.043 23.0951 46.7627
1088 85.9794 56.2382 34.9766
1089 83.828 19.1024 48.2627
1090 107.192 40.652 60.2419
1091 89.2596 29.523 32.0339
1092 91.7146 34.7988 66.6978
1093 92.8821 30.9417 64.3716
1094 86.201 40.9071 64.4602
1095 79.6419 33.3274 49.8168
1096 82.9374 42.4717 62.174
1097 77.8317 23.0048 32.3718
1098 88.3474 54.575 54.0658
1099 107.192 42.4451 54.5585
1100 75.5407 26.1738 58.6063
1101 110.11 27.1476 24.4041
1102 107.432 27.2257 55.6508
1103 112.023 33.0291 92.3517
1104 85.1302 30.4857 51.5964
1105 83.5912 22.2899 65.2397
1106 112.516 5.79495 93.0441
1107 86.9456 28.7946 52.5306
1108 88.3754 26.9462 73.2039
1109 70.5367 27.2604 56.5401
1110 111.452 40.4363 87.5745
1111 94.5374 45.9167 75.236
1112 113.362 51.4712 111.97
1113 103.099 21.6817 80.5461
1114 76.4612 34.4195 89.1352
1115 91.3008 34.7339 86.5662
1116 111.891 28.152 92.6908
1117 84.1257 36.719 87.2518
1118 90.8258 36.5725 80.6961
1119 68.2411 23.9637 99.1742
1120 100.863 47.7305 74.6247
1121 59.7885 29.9398 83.0771
1122 98.9304 33.8488 89.4871
1123 112.922 21.3282 104.218
1124 90.7597 37.7641 98.4049
1125 97.6489 41.988 100.234
1126 93.2156 57.9076 83.5917
1127 72.6664 61.9564 110.978
1128 92.4838 42.1212 114.918
1129 100.435 39.7334 118.749
1130 109.354 27.4633 126.741
1131 98.9754 44.6165 114.146
1132 102.282 42.1209 120.855
1133 115.378 34.969 122.045
1134 101.415 31.9338 114.778
1135 96.7876 44.0592 116.792
1136 79.2762 48.0965 117.105
1137 99.9285 53.1206 13.3917
1138 104.305 40.7163 4.26782
1139 95.5899 51.677 -1.10013
1140 108.548 45.9868 12.5987
1141 107.168 75.9709 68.7221
1142 108.197 50.1077 42.9144
1143 98.5314 70.5079 36.4278
1144 95.7997 72.0288 16.8795
1145 88.3208 31.8854 18.7424
1146 112.244 49.7449 19.6864
1147 110.335 75.7874 25.6991
1148 108.346 71.7465 40.736
1149 94.2859 68.3514 13.9511
1150 77.0638 62.4046 15.7832
1151 107.292 54.4717 58.9838
1152 99.9167 62.9783 55.5628
1153 89.5029 50.265 49.4368
1154 88.4769 57.1462 29.4414
1155 79.9523 61.9367 42.8787
1156 86.7676 63.4192 37.5659
1157 107.676 30.8051 47.2871
1158 82.002 42.3207 45.854
1159 82.5379 54.3369 52.9454
1160 108.721 78.1614 56.9834
1161 102.462 47.8919 68.2973
1162 85.3865 66.261 60.5206
1163 93.1814 46.024 52.0967
1164 86.1081 60.8296 50.8694
1165 98.764 59.879 52.3186
1166 83.2613 76.6288 44.8307
1167 107.596 34.667 50.7988
1168 66.1588 62.3027 63.687
1169 93.8068 63.6357 68.4006
1170 111.083 60.3666 82.2932
1171 80.0876 53.8098 81.0112
1172 110.544 48.735 78.6467
1173 70.1973 59.5389 69.8673
1174 110.75 60.1785 85.9848
1175 77.9668 56.7877 70.8202
1176 86.301 42.5862 60.0355
1177 91.5837 85.7531 80.7225
1178 115.354 43.2676 125.029
1179 94.5091 41.4501 77.5705
1180 80.4511 60.0405 57.2721
1181 109.893 53.2439 74.679
1182 111.124 37.3946 77.9385
1183 115.027 51.4224 113.869
1184 102.105 63.3915 93.1087
1185 83.3534 71.4356 91.5113
1186 97.6769 33.7643 87.4395
1187 112.707 81.6605 101.051
1188 112.625 57.2517 96.9625
1189 109.482 62.6144 72.5875
1190 107.351 46.5768 62.5232
1191 72.0046 67.0383 76.9331
1192 106.463 34.1212 99.6663
1193 98.0762 68.2409 97.538
1194 70.6294 47.8332 85.5531
1195 107.723 71.3694 74.9115
1196 84.533 86.6894 108.509
1197 77.3761 51.7387 100.876
1198 97.2376 62.3471 114.618
1199 85.841 88.5181 110.584
1200 80.3656 61.5252 112.336
1201 86.2517 55.0188 127.021
1202 94.7191 50.776 117.352
1203 109.277 59.9463 126.436
1204 104.715 76.9628 114.082
1205 93.795 57.7471 127.092
1206 107.826 64.9497 126.579
1207 95.4581 101.01 -1.307
1208 81.8591 75.6722 -1.44634
1209 97.0826 86.2558 16.2285
1210 114.77 81.2242 9.33
1211 84.0908 88.5581 8.22421
1212 114.513 82.6595 0.0688576
1213 89.8795 77.1211 -1.18834
1214 79.8706 72.3375 6.1018
1215 100.724 71.7388 12.9335
1216 105.473 86.208 -1.18607
1217 87.6362 92.3102 27.7863
1218 112.778 76.3482 16.3227
1219 91.5909 92.1258 21.5292
1220 106.752 69.6002 27.0918
1221 114.284 49.2272 14.8096
1222 108.419 64.8906 50.019
1223 55.3848 84.8993 21.3475
1224 81.4012 86.4248 29.7528
1225 114.357 93.1883 14.1151
1226 84.1298 70.7322 67.732
1227 90.7958 88.9427 57.5814
1228 88.2993 77.6118 52.3515
1229 103.036 66.919 47.3188
1230 60.5768 92.9873 24.5257
1231 81.3488 67.0058 68.6452
1232 108.882 85.7659 49.0807
1233 83.4905 80.3695 46.8673
1234 83.8502 76.7052 57.9755
1235 107.283 72.1962 65.0061
1236 73.0918 79.758 54.517
1237 101.314 57.2605 39.0671
1238 108.617 90.1169 56.9696
1239 70.8045 90.5127 50.9785
1240 68.8618 97.2965 54.8926
1241 108.666 80.8617 71.1919
1242 107.298 74.1331 55.0701
1243 108.585 103.062 76.5619
1244 102.684 70.516 77.4654
1245 108.69 96.0965 75.1672
1246 107.656 46.4077 46.8362
1247 112.92 50.7567 107.369
1248 83.8007 102.415 71.5455
1249 107.519 66.5627 66.777
1250 87.7089 85.5736 85.1594
1251 91.6637 66.9805 74.3554
1252 98.5709 77.7192 95.8477
1253 110.725 64.1615 78.0413
1254 83.2039 75.1839 70.3753
1255 79.1324 71.7618 87.5041
1256 112.315 61.1284 92.8466
1257 93.7918 82.3387 93.4649
1258 94.7741 85.875 87.3032
1259 96.21 74.383 93.4286
1260 104.595 71.9013 110.658
1261 111.159 50.9811 85.103
1262 75.4777 104.258 104.148
1263 109.406 81.1986 92.2695
1264 106.171 62.0394 110.506
1265 111.131 89.4174 98.8521
1266 108.984 74.6489 120.558
1267 89.1175 71.1433 126.847
1268 115.018 70.078 119.291
1269 87.7115 77.2063 126.717
1270 102.084 82.242 126.5
1271 109.099 75.9267 122.041
1272 104.662 94.47 112.48
1273 87.355 85.9541 117.341
1274 106.216 96.4409 126.372
1275 94.624 80.3039 126.687
1276 114.977 81.2635 111.389
1277 91.9408 83.894 126.529
1278 77.8915 76.1882 127.051
1279 103.123 83.5107 109.299
1280 109.179 72.1137 126.501
1281 114.53 88.8577 1.81968
1282 92.6336 114.107 3.9258
1283 105.595 114.115 10.084
1284 114.527 100.86 13.9891
1285 100.957 114.197 3.6987
1286 89.7521 113.673 20.9022
1287 108.392 111.309 -1.5729
1288 99.1744 101.126 33.3281
1289 92.2706 112.849 32.7007
1290 110.457 82.9217 28.8202
1291 110.205 110.279 19.1104
1292 85.1317 112.875 35.7259
1293 100.727 87.9951 19.3686
1294 103.698 113.357 30.6786
1295 67.2924 110.675 49.6311
1296 96.6434 112.744 49.8068
1297 63.8604 111.538 39.4496
1298 98.9357 113.151 36.3633
1299 108.123 71.504 45.1267
1300 89.7715 106.855 32.1362
1301 85.6623 98.5461 31.9368
1302 83.7426 94.271 34.1108
1303 102.485 113.052 46.8899
1304 108.487 94.4652 57.0512
1305 108.619 107.873 46.5952
1306 66.8648 112.433 -1.50895
1307 68.848 100.987 49.9596
1308 80.3428 81.2437 70.5011
1309 101.602 111.906 88.1968
1310 79.8412 105.189 72.5565
1311 84.3502 85.4431 76.6167
1312 81.3057 82.312 71.7931
1313 100.792 113.247 69.449
1314 93.4599 113.307 63.1063
1315 94.9614 71.3613 89.8855
1316 87.321 100.093 85.0769
1317 107.612 103.573 87.0514
1318 108.437 112.194 74.6585
1319 87.0717 97.8258 82.8015
1320 96.9902 89.1902 70.3373
1321 102.332 113.166 71.383
1322 95.1225 79.9971 99.8706
1323 105.229 112.671 93.473
1324 107.771 101.541 82.0535
1325 115.045 75.0987 117.55
1326 109.698 90.9519 93.9259
1327 91.8449 97.6854 88.856
1328 111.49 103.235 101.087
1329 90.1416 113.688 85.076
1330 103.225 112.125 90.5945
1331 72.0859 102.585 110.506
1332 84.3229 113.125 126.704
1333 91.5904 114.675 118.948
1334 96.3176 101.163 126.581
1335 95.7306 106.937 116.227
1336 115.058 103.678 124.554
1337 105.876 101.727 106.918
1338 115.23 103.379 113.115
1339 115.236 112.133 124.884
1340 115.076 109.569 114.72
1341 84.8081 98.6907 122.605
