0 8.37696 21.8232 -0.162493
1 11.4591 1.92011 -0.183162
2 17.2025 18.3562 11.9632
3 28.7102 -1.53053 3.3018
4 27.0803 2.7694 -0.181139
5 9.44331 2.57004 3.83093
6 -0.280733 9.66873 1.5397
7 11.5837 6.79518 11.7578
8 21.4596 10.9145 -0.203135
9 -0.455042 13.8505 1.49336
10 -0.00723924 19.753 31.0871
11 24.6865 19.2476 21.5914
12 15.278 6.83521 30.3908
13 1.42229 -0.920341 5.29805
14 19.3973 -1.57879 9.78829
15 8.78058 8.81263 26.2699
16 -0.196673 25.8872 25.2564
17 35.825 -1.23457 29.7738
18 -0.951106 22.9308 24.0432
19 18.8426 17.9043 35.8838
20 17.5971 -1.18538 39.1542
21 0.215387 9.98876 25.5023
22 32.7516 18.9798 40.3081
23 37.4821 9.63968 40.9438
24 0.190775 20.0083 48.0449
25 17.5643 -1.22555 44.0065
26 2.02197 -0.942915 49.4465
27 5.61008 23.2635 51.1321
28 43.163 6.82527 58.694
29 4.85347 -0.9068 50.5342
30 9.73758 35.497 65.0444
31 10.4963 2.80998 46.7759
32 6.04067 20.6552 34.5785
33 20.5228 8.2673 56.112
34 0.276943 16.7745 88.7224
35 38.8744 -1.11055 53.6911
36 16.2645 4.21274 66.7482
37 14.827 29.3118 58.8754
38 20.6282 -0.766952 68.8198
39 19.0398 -0.9346 66.6384
40 27.5922 -1.24006 58.7225
41 16.2805 -0.822864 65.7802
42 30.364 14.7798 81.179
43 23.3976 -1.08624 85.4163
44 31.1462 25.3898 79.3994
45 13.3176 -0.904019 86.5855
46 11.8056 11.3093 87.7808
47 3.41552 -0.306289 77.2963
48 19.1646 20.868 87.1768
49 27.6077 15.4496 110.274
50 18.8631 -0.639291 110.741
51 29.2482 25.2468 96.0922
52 11.9831 17.7126 94.1087
53 33.5173 -0.626961 86.5895
54 14.7906 5.96326 95.5131
55 13.3853 -0.569656 103.336
56 18.5521 23.659 89.9102
57 19.0915 25.1355 103.743
58 10.4324 31.6947 91.4072
59 13.2237 13.281 87.5267
60 9.62412 5.40763 110.425
61 8.0155 -0.588897 111.973
62 29.0266 15.0903 116.201
63 20.6445 10.7504 116.187
64 0.432372 0.451863 113.044
65 0.948718 -0.741766 108.444
66 18.1314 43.2514 11.637
67 22.7303 38.61 9.08477
68 10.6768 24.7359 7.53873
69 4.15964 41.9271 10.7584
70 27.564 20.809 19.7308
71 4.11439 39.9337 8.67087
72 28.2662 38.631 -0.645403
73 22.9938 29.3176 -0.600058
74 21.659 24.1096 29.3514
75 -0.536299 47.7254 6.54151
76 0.0988942 25.8718 28.7657
77 2.70879 40.2705 14.7368
78 0.304614 13.8144 49.9749
79 0.16474 33.987 49.3061
80 9.95455 39.2452 48.5916
81 0.271694 38.1418 53.7591
82 11.5329 40.6375 31.2824
83 11.6068 43.1973 44.4722
84 33.957 41.1977 40.113
85 -0.159847 37.7962 24.6919
86 26.3628 47.5332 44.0475
87 20.6838 41.1621 46.5442
88 22.9166 45.115 46.6836
89 0.141291 24.3699 52.2944
90 31.8452 31.6555 47.0447
91 24.6454 44.6685 48.8379
92 0.294796 42.5691 54.1051
93 17.543 21.5431 46.1689
94 7.39374 43.6812 54.5545
95 25.9711 12.9136 55.0137
96 16.8025 51.5973 58.5876
97 20.3795 48.9322 38.4309
98 18.9094 37.9185 63.3316
99 12.0256 15.4655 56.7474
100 3.85598 29.3649 69.2688
101 26.0239 37.4357 60.9697
102 0.209385 22.298 70.7099
103 17.8065 28.4068 67.8719
104 30.9173 35.2204 50.394
105 0.125631 38.7838 70.3222
106 32.9421 43.646 65.0665
107 33.3107 30.6969 80.4957
108 18.4193 21.3755 94.1634
109 16.73 25.2037 69.2155
110 12.6247 41.6174 87.5685
111 0.0942399 42.7499 82.5136
112 33.1703 40.4453 82.3344
113 0.0763281 28.5489 101.284
114 26.3234 35.5303 97.8385
115 27.4862 35.3982 91.8335
116 13.1908 33.8755 79.659
117 17.5353 40.2351 83.944
118 20.2182 25.2598 92.1407
119 18.9731 55.2152 109.253
120 20.7915 37.2537 93.2745
121 -0.0972686 56.2918 100.88
122 15.0902 49.6608 97.7929
123 8.99171 36.7353 88.5071
124 12.7116 27.6639 93.7798
125 30.1125 25.4624 102.043
126 21.6033 56.1775 115.84
127 21.7802 46.2284 108.592
128 14.933 22.2223 116.263
129 18.8091 45.8605 108.052
130 6.08574 34.3524 115.95
131 7.51668 37.2393 115.907
132 27.463 28.9584 94.4743
133 23.3235 27.9273 108.643
134 16.8816 67.9497 14.876
135 3.95713 60.9997 -0.350306
136 22.6323 66.9368 -0.929746
137 21.1235 60.961 12.8485
138 9.88268 57.7503 18.1157
139 -0.528258 68.0728 10.893
140 9.95703 43.038 21.8531
141 19.966 56.8694 21.9292
142 -0.693082 42.1076 13.2232
143 -0.22453 55.9724 19.355
144 38.6201 34.9215 29.9015
145 -0.0119648 68.5736 39.4251
146 20.4179 65.397 15.3786
147 22.7263 61.161 34.1449
148 20.5818 61.7018 37.9777
149 25.8466 59.4188 40.2075
150 32.0463 57.8429 50.2763
151 17.5024 61.4367 42.3849
152 17.2679 63.3626 32.157
153 24.4584 61.5512 38.1271
154 17.3798 57.8522 40.7054
155 18.5734 61.0358 40.6807
156 14.6864 39.5145 35.7763
157 4.44202 55.7004 29.5296
158 21.652 49.9224 35.4046
159 12.5272 45.1122 30.0202
160 15.7893 61.8098 39.9235
161 21.5673 60.8469 44.8517
162 14.3125 65.6917 36.1488
163 18.1762 37.3221 52.5057
164 43.5464 61.8319 56.6344
165 28.8253 43.2771 61.1243
166 24.6049 59.6765 46.1705
167 0.209702 42.5275 70.0747
168 14.1912 51.7814 68.8766
169 14.5893 57.0664 64.0843
170 11.8636 68.033 58.9966
171 32.0975 61.6732 66.8859
172 18.951 59.6406 68.8181
173 34.1164 60.0621 87.3699
174 35.909 58.2112 87.6757
175 -0.247745 67.3296 82.7078
176 16.2905 57.2773 77.762
177 14.9437 53.8303 77.3006
178 17.7509 42.0365 73.5699
179 24.5104 46.0684 71.6268
180 -0.173492 46.0941 66.6098
181 13.2844 61.2934 86.3747
182 19.0653 65.4679 91.18
183 24.7245 55.3545 89.1181
184 16.1298 61.5236 91.2886
185 34.8239 55.2776 98.7177
186 0.0171563 61.2302 96.6662
187 3.17217 68.5856 105.3
188 -0.27744 71.717 95.4039
189 23.1746 51.8075 99.9183
190 4.99222 47.7962 105.998
191 -0.172436 66.8567 114.314
192 11.4777 63.5393 107.089
193 18.7852 68.5859 115.711
194 0.104676 50.947 107.186
195 8.92893 59.5989 115.763
196 17.7174 53.753 109.71
197 20.4648 51.7126 111.817
198 28.7585 62.399 115.832
199 8.29088 64.6319 10.4921
200 9.12697 91.6325 11.3815
201 16.6736 80.4458 6.21954
202 13.0541 73.5689 17.5724
203 28.3841 77.8198 8.81578
204 10.3376 75.3502 11.4892
205 7.75937 85.8245 -0.588188
206 14.1845 73.4729 15.2685
207 9.8576 74.5089 18.8187
208 18.4189 71.3882 11.2837
209 12.0282 81.645 33.8415
210 16.9895 93.5951 19.2194
211 28.336 85.7887 21.3056
212 23.0031 75.044 24.9322
213 17.4465 75.2527 15.4452
214 22.6112 84.8035 14.7122
215 5.65329 76.8407 22.4706
216 17.1648 81.5311 19.4026
217 18.4915 74.6304 18.3696
218 27.0464 91.6567 23.1206
219 15.35 73.5495 17.4603
220 -0.249233 78.2908 32.9061
221 17.3126 77.4644 25.6814
222 17.0613 84.3104 30.0966
223 14.0889 75.1731 16.9347
224 18.8858 82.1338 38.0426
225 23.7776 81.8448 37.9571
226 36.1685 65.5163 39.9422
227 24.932 100.146 37.8052
228 -0.126562 82.536 48.9562
229 -0.0857279 82.3713 66.4805
230 33.0924 94.6017 71.0951
231 9.2719 67.894 50.5049
232 0.145419 90.7043 49.1596
233 -0.318775 70.1371 45.6925
234 27.0703 70.133 43.6549
235 18.9085 58.4564 59.6158
236 8.87555 63.0527 54.0586
237 18.8985 72.559 53.5868
238 0.0128849 78.7013 49.809
239 0.117247 69.5944 52.3953
240 21.5054 73.9539 42.2761
241 20.6748 73.8573 75.2916
242 13.127 67.1458 50.7142
243 8.87664 83.6784 62.076
244 21.6102 82.2704 76.8971
245 0.259703 77.3286 75.5793
246 36.0679 94.1531 54.2627
247 30.1697 71.7586 54.4735
248 20.3191 89.622 62.821
249 4.16495 82.0132 66.7638
250 33.3611 78.0781 77.1938
251 0.0749153 90.8732 77.7632
252 31.522 62.1606 91.5197
253 19.2014 91.9872 60.4939
254 18.2572 70.068 79.0945
255 18.9999 80.423 91.4272
256 37.4931 90.9765 81.6597
257 17.953 88.2115 91.2255
258 15.6876 78.374 85.0754
259 -0.00209471 84.9391 80.0992
260 0.0140035 85.4978 67.5365
261 0.188156 85.4061 72.1041
262 0.127211 99.8523 81.5093
263 26.1171 67.0643 90.9598
264 11.7087 68.4254 97.3234
265 0.221149 64.904 108.673
266 14.8913 78.1409 93.3724
267 0.138033 81.4171 88.0929
268 23.3275 79.966 87.1381
269 26.917 82.2401 93.5673
270 17.3892 78.6123 93.7826
271 14.4958 87.7103 115.575
272 21.7993 68.6943 115.851
273 10.0899 77.0082 115.818
274 9.06698 83.9104 115.607
275 25.8651 72.0221 99.5691
276 30.1685 76.4484 95.3013
277 41.5806 80.7329 115.618
278 25.0496 110.243 -1.19404
279 26.8597 95.4836 9.2417
280 12.3072 89.2017 -0.556095
281 6.58019 113.771 7.71138
282 16.6424 113.611 10.521
283 0.505001 97.305 -0.439918
284 28.021 93.8911 15.3104
285 -0.684118 100.241 19.1573
286 14.1767 113.75 22.1106
287 21.3993 101.428 21.0361
288 14.4813 113.835 31.0474
289 -0.284692 102.911 24.5798
290 -0.285536 90.3535 20.2465
291 13.951 113.743 18.7805
292 -0.266053 98.6115 28.4464
293 17.116 97.4941 34.18
294 11.6767 91.6507 21.3666
295 3.93739 113.855 15.6321
296 27.913 113.911 9.4867
297 21.0191 97.965 31.7437
298 18.4431 113.849 32.7729
299 21.6393 83.2479 19.1931
300 35.6688 100.347 48.2381
301 4.59584 113.964 36.1777
302 1.46858 113.713 33.3056
303 -0.187174 108.647 34.2442
304 0.0522278 113.204 55.0707
305 25.0859 94.0444 25.4027
306 8.41896 113.931 39.2875
307 28.1866 108.267 18.9129
308 19.9275 114.153 29.6907
309 20.0077 98.1727 29.4482
310 11.6901 95.5607 44.5107
311 14.4575 91.9795 43.9888
312 31.3974 114.65 51.5406
313 12.695 114.149 36.3481
314 6.52572 102.292 62.5067
315 0.0146983 97.3392 71.2987
316 9.92615 110.589 62.4326
317 0.209003 101.159 71.3971
318 0.239532 100.981 75.6266
319 27.5838 108.8 60.8393
320 38.0727 88.0063 64.5448
321 3.29152 114.339 105.174
322 24.6505 114.351 74.0295
323 31.641 114.517 70.9926
324 13.2148 114.368 70.0437
325 13.2376 91.3813 72.348
326 -0.294156 109.778 79.549
327 0.208277 97.3005 75.5407
328 14.7981 104.475 89.3261
329 33.8047 108.66 95.3843
330 26.7849 96.3205 80.8867
331 -0.229493 112.729 100.033
332 13.3003 92.3146 99.6618
333 3.118 114.334 100.864
334 0.087679 113.422 92.2076
335 17.4703 114.333 95.718
336 8.75938 114.265 83.776
337 18.8634 106.777 84.6939
338 28.7724 114.416 109.034
339 25.9764 107.236 115.449
340 -0.0563528 99.4642 103.033
341 17.4662 104.176 101.873
342 14.5592 106.791 109.888
343 31.2922 12.6962 -0.456526
344 30.628 8.55173 9.59695
345 55.8136 18.9779 3.45948
346 45.6553 13.0045 -0.382517
347 53.1043 -1.22744 21.259
348 42.7836 7.62825 22.5079
349 34.5488 14.1327 -0.299399
350 40.2171 19.1468 10.8876
351 45.2913 24.7268 7.1717
352 32.6339 13.1411 28.1559
353 53.0812 5.22405 26.3144
354 35.9723 12.8198 28.1968
355 50.3154 -1.22837 17.2068
356 57.3126 -1.00099 31.6775
357 38.2729 25.0719 34.1003
358 22.7729 9.09064 4.4026
359 58.303 25.2311 29.9209
360 39.2443 26.7452 27.7382
361 51.913 -1.21374 39.9143
362 32.9381 23.3424 44.5821
363 53.1202 20.3531 29.2236
364 52.8229 25.457 38.2458
365 47.5677 -0.861509 61.7048
366 28.7722 11.009 62.9185
367 33.1489 5.32842 44.272
368 41.7587 5.63381 47.5266
369 48.5703 18.9195 54.44
370 36.7329 12.9128 46.5957
371 35.1227 19.0402 42.4985
372 33.9309 17.2848 56.8548
373 45.6503 13.0376 50.656
374 40.2022 17.5011 54.4699
375 59.1875 19.4434 71.0788
376 34.6881 17.9129 61.7432
377 36.1302 -0.923967 71.085
378 55.4652 3.33011 91.9949
379 38.126 23.1682 85.8227
380 17.7277 -0.667173 76.1467
381 51.7165 9.74602 77.9533
382 26.0652 27.6231 79.5251
383 45.4623 -1.02407 87.9024
384 49.269 21.3277 85.726
385 24.6828 -0.728124 78.2202
386 33.2912 -0.876406 66.9601
387 50.5253 -0.646088 107.649
388 33.3169 -0.739151 95.5384
389 45.2686 17.4462 89.7289
390 50.5656 17.1278 102.513
391 50.6964 19.8971 94.1663
392 43.3871 12.0136 93.5178
393 50.5412 11.8821 116.143
394 40.6102 5.95058 116.002
395 46.1025 24.1101 112.681
396 36.2564 21.126 116.131
397 36.2006 0.866604 116.102
398 44.544 -0.573908 110.508
399 50.5141 12.8371 107.641
400 63.898 -0.600687 108.572
401 53.1843 5.04368 116.387
402 28.4952 30.682 -0.608577
403 21.3462 36.8555 9.57226
404 31.3852 38.7833 5.07953
405 54.2649 37.4078 -0.924742
406 55.531 40.6155 -0.983902
407 51.3577 32.8688 17.5389
408 25.0388 34.8155 5.44922
409 45.7172 36.856 15.0052
410 31.4332 29.5411 -0.337693
411 46.8699 36.4906 -0.718208
412 31.3397 43.7342 9.97248
413 26.2055 43.1702 13.4406
414 48.6731 38.7688 25.3081
415 37.0751 39.4406 36.019
416 46.7838 41.196 27.7228
417 34.1649 38.9368 13.3911
418 35.915 36.9578 13.4095
419 51.475 28.5694 22.0526
420 36.3705 36.976 11.3554
421 50.042 35.8905 33.5439
422 20.024 28.9964 36.1005
423 43.5647 8.91389 46.7122
424 44.1222 35.0927 31.9329
425 37.2852 30.2384 29.1011
426 61.78 21.3717 40.0291
427 58.6748 5.52082 34.8092
428 35.8415 27.2937 20.2705
429 54.3729 34.9631 44.4167
430 34.4949 45.8465 36.4273
431 54.4114 29.5841 40.403
432 30.243 49.9063 34.4108
433 34.6032 31.3181 56.6318
434 53.0152 29.6109 54.7232
435 29.1733 18.9427 48.6187
436 35.346 41.6646 56.7141
437 35.9503 29.3507 46.5508
438 58.877 46.1924 64.2644
439 42.7332 33.5934 48.5675
440 59.0232 45.5588 75.017
441 29.4134 29.2487 60.7083
442 54.7581 31.4834 67.0187
443 36.3934 47.5382 50.3571
444 26.3252 23.2642 71.2746
445 27.5833 22.8795 72.8584
446 40.3896 28.8153 46.8709
447 60.2883 23.4086 42.4265
448 32.1032 15.4498 88.1541
449 38.9953 34.556 76.2475
450 46.9276 31.2327 38.1311
451 33.9866 27.1926 60.8758
452 22.1363 35.8784 73.5063
453 57.1654 47.8056 77.1503
454 33.1145 44.2773 57.1882
455 57.3706 31.7352 63.0899
456 33.2722 37.6384 79.2667
457 43.1287 23.5115 71.4707
458 42.2508 23.1431 77.1397
459 35.7925 39.3029 80.9685
460 66.0123 46.0696 81.5673
461 44.4919 43.5427 73.0645
462 54.8531 17.6611 81.7951
463 49.0361 41.3445 88.051
464 50.3922 26.951 75.5654
465 34.2689 33.63 81.512
466 64.1494 25.5801 87.8171
467 51.905 23.6125 100.04
468 54.6538 39.3359 95.4662
469 38.9851 17.8376 89.4316
470 30.3604 50.3991 105.606
471 49.0756 37.6184 109.721
472 54.1616 33.6994 108.063
473 49.7707 33.8003 107.871
474 14.6328 17.8665 116.394
475 47.4876 29.3394 116.029
476 47.8079 37.909 105.986
477 43.1196 55.6682 107.279
478 60.6054 18.0465 116.162
479 39.0392 54.76 97.4151
480 36.8676 62.8995 -0.807548
481 45.4641 56.213 13.6525
482 39.9841 37.9274 -0.580333
483 42.4896 53.4482 -0.969337
484 21.1043 53.3902 23.8029
485 33.6747 45.2049 31.7868
486 37.5212 69.5566 27.4599
487 42.739 63.7704 21.5713
488 55.5768 73.7964 37.5688
489 42.4635 65.502 23.2257
490 51.5585 57.4189 27.5168
491 37.0796 61.7947 27.5676
492 46.9847 47.5731 21.2721
493 42.7254 43.5716 46.4527
494 44.809 41.5836 48.2175
495 37.3257 57.5664 35.7961
496 41.7265 57.2811 46.0728
497 35.7213 55.4819 35.9263
498 38.6419 67.7542 41.9917
499 45.1236 49.6548 41.8086
500 50.0861 56.3671 45.529
501 42.0384 71.9359 45.9432
502 49.69 61.2563 44.0797
503 43.0114 39.734 67.1884
504 39.6851 51.743 60.544
505 43.0822 71.8908 48.1048
506 58.5788 59.3293 62.9167
507 58.8745 68.1619 83.0911
508 37.2975 61.5546 64.5327
509 34.5745 65.4995 64.27
510 36.1227 43.165 72.583
511 33.3538 53.8265 56.2179
512 33.1336 58.0373 68.6209
513 19.4101 61.7749 56.5266
514 46.827 53.6118 81.4151
515 29.5061 55.6878 81.3771
516 52.9613 68.1606 77.0603
517 37.2173 74.7197 82.9351
518 31.6329 59.7918 69.0938
519 39.6897 49.7971 95.8465
520 37.6908 51.5036 65.0509
521 40.388 61.0982 79.8787
522 62.7032 55.7779 78.9976
523 47.4807 70.4838 83.3216
524 32.6003 58.1884 91.6227
525 43.8786 47.8098 87.3782
526 26.0058 67.5588 102.811
527 42.7649 56.1841 99.9665
528 34.9317 46.0952 85.9103
529 33.4555 53.9597 89.2869
530 41.3153 70.0356 95.6012
531 31.9025 62.4764 115.984
532 34.6294 63.6121 103.36
533 54.8452 50.5709 115.905
534 40.0082 56.1901 101.759
535 40.3592 69.4172 108.507
536 54.748 58.979 103.132
537 38.2313 80.8836 -0.849559
538 44.028 85.1396 -0.97644
539 33.8664 86.8286 -1.08619
540 52.4665 73.6054 8.89487
541 48.5392 105.768 18.5865
542 32.7012 68.637 -0.802157
543 26.8358 76.9112 -0.900282
544 57.1834 71.1789 27.9761
545 49.9553 79.5232 25.6306
546 55.5174 83.3746 17.389
547 42.4564 92.879 14.4331
548 40.4286 67.4075 23.66
549 57.817 85.687 19.0619
550 58.408 74.3955 13.9766
551 65.633 83.4543 28.8387
552 48.6787 81.9416 16.967
553 44.248 83.9139 45.9492
554 59.8722 84.7912 30.8723
555 48.6451 69.1201 43.264
556 28.8318 67.773 31.2482
557 29.9199 82.4139 30.2237
558 45.5658 74.2714 20.8914
559 60.344 67.809 33.7031
560 44.644 67.6666 41.9223
561 35.4285 85.8858 37.6319
562 61.4659 65.2411 31.8461
563 64.2668 88.8925 40.1519
564 43.3753 75.8756 42.0848
565 34.557 65.1994 22.913
566 34.317 79.2979 36.2946
567 56.6111 100.059 47.7671
568 54.1113 94.3626 66.5632
569 61.4816 70.3639 60.0301
570 48.4933 78.1079 60.4813
571 33.0419 79.9679 54.249
572 40.2785 73.5275 42.4714
573 54.9267 78.1716 58.2126
574 60.0803 63.8072 62.6898
575 24.3153 69.6782 58.4414
576 27.3442 75.7516 42.0843
577 33.0948 72.3777 52.6189
578 34.2282 83.951 56.5242
579 50.773 72.1871 66.6301
580 47.9207 78.2821 64.6912
581 39.0163 88.3108 70.5534
582 41.5805 94.0245 77.3263
583 56.9216 75.9775 56.3147
584 39.8399 79.982 72.9474
585 30.3597 82.7482 71.1951
586 31.0394 78.2763 78.9566
587 58.1155 78.0444 68.714
588 39.5559 96.4998 80.9938
589 38.8498 93.0204 82.248
590 49.017 70.2627 95.4311
591 58.9437 70.7782 87.8533
592 47.0347 80.1621 83.15
593 49.1181 82.3879 85.0809
594 30.575 84.2822 76.9173
595 29.9665 66.0079 93.7451
596 58.8694 83.7 104.115
597 50.4359 72.1532 105.613
598 31.7964 75.5566 94.2257
599 57.3428 89.1899 108.338
600 32.85 78.034 107.446
601 51.7827 75.7179 106.348
602 46.2428 76.3465 85.0431
603 45.8068 88.6413 88.7946
604 54.0533 70.3777 89.5207
605 38.8952 80.1345 93.2908
606 51.6201 76.9741 92.7435
607 33.15 77.4963 89.9804
608 33.4749 63.9502 93.6737
609 31.614 74.8695 98.9929
610 43.0626 85.7368 108.614
611 48.9977 67.7416 111.461
612 39.2381 84.5437 107.615
613 33.0828 72.9357 103.313
614 46.1209 79.0025 106.548
615 43.1933 78.9839 115.561
616 25.5027 90.0252 -0.761444
617 43.8905 112.521 -1.11586
618 55.3406 113.825 0.0216546
619 35.3608 91.7108 9.01881
620 51.0273 113.808 2.06289
621 40.7555 100.158 8.65455
622 56.7915 103.028 -1.37482
623 41.2169 114.083 19.3537
624 29.7165 100.198 8.39177
625 33.7153 113.867 6.29011
626 43.7614 92.0504 8.7591
627 33.9456 113.728 18.4033
628 45.5731 102.519 33.0408
629 29.7305 113.991 24.8383
630 32.8643 104.024 27.3497
631 34.0011 90.156 11.3495
632 25.6967 97.1177 26.537
633 39.5781 113.942 25.6058
634 46.8449 108.643 16.4306
635 48.4926 97.955 33.6626
636 55.4549 114.138 39.7811
637 38.8243 98.3139 50.2808
638 69.8655 114.128 53.2603
639 32.7595 90.6962 38.1754
640 46.4049 110.533 66.4559
641 37.3068 104.201 45.88
642 62.793 109.947 45.915
643 38.5856 113.991 49.2706
644 51.1139 99.7157 41.4668
645 48.1937 114.201 34.0127
646 30.1643 102.444 52.0373
647 37.9656 86.0177 41.8756
648 31.1425 114.007 27.0759
649 24.547 114.445 77.3506
650 28.9565 114.468 63.8376
651 29.9444 114.341 56.4814
652 69.5621 92.4727 74.7871
653 51.2748 114.563 59.8463
654 26.4099 94.0486 52.1927
655 47.5404 110.276 61.9474
656 51.5763 93.6319 68.0334
657 20.9588 80.085 66.6529
658 49.8803 96.7252 76.8397
659 36.1209 102.372 64.293
660 31.0105 94.5401 89.3
661 40.4836 102.724 76.8521
662 36.1403 114.51 77.0346
663 41.4887 114.662 73.3801
664 41.1319 114.776 89.5532
665 38.5506 114.657 97.7516
666 47.4691 114.56 78.3969
667 41.8597 106.575 72.685
668 32.5297 94.4614 97.5352
669 42.1872 112.533 82.8721
670 46.524 90.3038 74.7616
671 26.2319 96.7105 84.921
672 31.6253 108.364 89.2523
673 53.0917 105.84 82.1004
674 27.2348 98.8696 100.074
675 44.3244 114.898 101.74
676 66.134 102.751 90.839
677 37.2947 114.57 92.8368
678 31.4688 114.405 84.2332
679 28.7588 114.548 105.113
680 28.8845 103.248 115.642
681 47.4703 101.211 115.499
682 52.8865 109.393 115.46
683 38.8025 83.7813 104.205
684 56.0461 114.652 105.751
685 26.9881 114.846 91.2765
686 33.013 114.527 110.16
687 41.7262 110.342 115.417
688 63.1558 114.756 109.056
689 54.5404 100.223 115.315
690 59.8884 114.988 103.653
691 75.7233 11.21 -0.626043
692 61.5735 15.0874 -0.399115
693 81.2873 11.2454 -0.61927
694 78.5228 15.3046 -0.658065
695 70.075 11.4308 -0.603235
696 58.3986 23.1813 19.672
697 78.6606 6.91873 11.596
698 60.469 17.0283 21.461
699 59.3756 23.0542 9.34854
700 72.8084 -1.14321 24.4119
701 89.739 -0.924482 32.3238
702 80.0553 -1.35599 5.47329
703 58.8699 8.74037 28.2636
704 63.0078 -1.36042 11.038
705 48.7495 -1.08194 19.0249
706 60.2269 -0.922324 43.7114
707 53.4567 13.2023 34.4047
708 80.7586 9.30677 52.5856
709 78.6702 13.347 52.2084
710 65.5335 17.0345 35.9668
711 61.7604 -1.08403 32.7254
712 55.7097 24.8692 50.0659
713 60.8445 4.8973 30.1039
714 78.9047 19.2214 36.1693
715 47.3177 18.0585 42.9079
716 62.4772 25.4796 40.2156
717 63.4821 -1.05238 52.5312
718 85.8546 22.6374 58.2095
719 56.3001 -0.619642 78.8211
720 95.9924 15.7434 74.6549
721 76.2067 -0.7809 87.2077
722 60.334 8.28123 71.9859
723 71.4404 21.301 64.6877
724 68.8391 9.43779 71.0724
725 67.4104 11.8364 57.6617
726 64.4992 11.6125 61.1243
727 82.5397 23.2355 65.0671
728 48.9952 25.0044 72.8279
729 70.1886 17.2247 62.6446
730 75.1017 25.6033 66.8266
731 63.2481 11.7852 88.2071
732 89.0082 -0.372436 88.0833
733 86.4923 -0.476347 96.6975
734 89.1071 5.77442 103.696
735 75.0818 9.04089 109.603
736 82.2739 20.4377 115.746
737 59.2342 21.0361 115.844
738 77.7319 15.0591 102.597
739 83.9718 23.671 101.674
740 82.0609 12.1221 107.484
741 63.4224 19.3008 114.752
742 64.7866 16.271 116.208
743 92.2602 19.6356 93.4775
744 56.6686 7.23412 101.967
745 66.3895 5.92062 116.02
746 59.2942 -0.444872 103.603
747 74.8634 30.8333 115.809
748 69.9186 30.4531 13.7136
749 72.7665 43.5399 -0.949288
750 84.3439 41.4452 11.0282
751 75.6588 39.1974 9.04017
752 75.6375 27.4829 -0.630055
753 61.149 24.2449 -0.569134
754 74.3428 49.1558 18.9202
755 73.5943 45.2272 15.251
756 70.5763 39.3582 21.4119
757 60.1913 28.6017 17.7776
758 55.8164 16.1314 16.5694
759 66.7396 25.0224 42.155
760 70.2813 43.7099 48.0745
761 68.2473 31.1224 29.7331
762 69.9761 27.1692 27.6998
763 87.9371 23.6473 58.6844
764 81.8693 49.6561 48.0741
765 59.6797 33.4758 50.3832
766 62.9753 30.94 41.5936
767 84.2851 31.2646 39.8907
768 85.5657 39.7406 64.5352
769 80.7889 33.3374 48.1585
770 82.5722 29.573 36.0607
771 74.4426 22.6266 65.5087
772 87.9043 35.61 58.0274
773 87.1249 33.4994 77.3265
774 63.0325 42.1519 73.3721
775 68.7443 29.7989 62.2552
776 53.1865 24.0835 61.9216
777 81.6536 35.2057 76.5871
778 87.8256 31.7677 62.5128
779 98.598 29.2932 58.2576
780 60.4352 37.1885 75.455
781 64.5039 28.481 74.2398
782 68.5336 39.4877 68.9174
783 53.1798 31.6231 70.8282
784 82.165 23.3972 77.1541
785 70.0908 35.3768 85.1442
786 93.3358 41.9233 81.0214
787 61.5053 41.7282 81.2574
788 78.4743 45.75 74.9705
789 64.6074 46.2946 91.9127
790 69.0072 31.0913 73.4939
791 78.9994 39.8138 85.1855
792 45.9831 36.5377 80.6043
793 71.6624 29.5314 75.2277
794 65.2114 56.9591 115.858
795 70.006 43.4202 93.3763
796 57.4225 36.0338 105.755
797 77.982 13.6113 93.8621
798 80.6372 33.8245 101.715
799 73.5758 35.929 95.3882
800 80.4304 43.3314 98.0148
801 74.9304 33.4314 97.4285
802 83.0205 30.117 81.6472
803 67.6604 45.7899 91.6058
804 54.6292 47.4998 116.039
805 64.9246 33.5419 115.828
806 67.1237 29.7453 99.9557
807 73.6248 21.1783 115.96
808 64.5841 46.3659 97.1704
809 85.009 41.8001 101.83
810 85.4835 41.5306 -1.00939
811 77.2553 59.1324 -1.23163
812 55.4946 55.7644 -0.907198
813 57.1101 57.7163 4.42427
814 56.9933 61.6849 16.6057
815 65.7492 44.8617 14.7282
816 48.8184 61.2803 14.9981
817 79.8602 57.7183 12.7159
818 65.6293 50.2147 7.54494
819 70.6768 59.5485 11.0285
820 82.3297 41.3446 13.1246
821 71.3477 60.655 13.9869
822 59.7681 51.7069 9.20954
823 68.3721 49.2111 25.6166
824 63.1353 61.3356 14.8958
825 79.8212 63.8777 21.38
826 64.3476 69.3333 10.9535
827 61.2254 53.19 23.4168
828 87.4739 63.6712 31.3525
829 78.1979 63.6542 19.0858
830 77.2318 61.7579 50.104
831 59.8518 57.4465 33.7135
832 61.8131 61.7819 41.9794
833 82.5617 48.091 39.3302
834 52.3851 59.5805 27.4648
835 75.8797 75.7697 33.7508
836 68.2081 41.386 46.1291
837 76.9258 53.6389 27.3152
838 67.0773 58.14 50.6087
839 74.4605 63.8884 64.6443
840 56.9638 57.273 64.1905
841 77.985 59.772 64.5702
842 54.03 41.7608 70.8049
843 87.5296 55.6969 64.4066
844 67.9018 68.028 52.0754
845 85.8953 47.8724 66.827
846 84.3642 59.7109 72.5167
847 53.8634 64.0187 75.0686
848 84.1798 54.9147 58.866
849 55.8409 66.6762 76.1007
850 87.221 55.5503 75.2603
851 77.2942 45.4132 72.6992
852 87.5379 62.2656 80.7199
853 83.409 57.944 76.8819
854 58.2001 39.6085 71.0061
855 73.647 56.1669 66.5908
856 71.8365 49.6213 93.0095
857 71.9458 49.9488 83.2129
858 77.3165 63.6144 85.7545
859 76.1414 45.8251 89.4334
860 53.7709 68.2804 101.752
861 61.8474 60.6947 102.373
862 64.5835 77.704 94.6808
863 77.7131 45.6611 97.397
864 69.126 58.1692 101.768
865 81.5724 41.7686 97.8076
866 77.5081 45.2135 92.6062
867 77.579 62.4225 99.3894
868 83.5162 62.3392 101.628
869 80.5699 54.2055 101.774
870 81.8965 49.9919 115.838
871 70.3312 65.8762 115.609
872 73.5888 61.9554 115.744
873 84.7981 64.2787 99.4948
874 89.1877 50.4954 115.682
875 83.2082 63.6278 115.693
876 79.8222 74.9605 8.08702
877 66.9435 74.2413 5.29394
878 83.972 77.8211 4.66971
879 65.4205 82.1266 -1.34983
880 67.0335 88.2391 19.2082
881 68.1842 78.0583 -1.46791
882 71.3694 77.6958 22.8358
883 59.9921 71.8764 2.44925
884 71.4307 66.1141 -1.10907
885 58.3757 92.5279 11.4415
886 69.0332 65.7669 31.36
887 64.3782 77.4352 12.6287
888 77.1768 63.8691 17.3043
889 66.9898 78.4624 21.803
890 67.1077 74.5517 21.6198
891 70.4689 79.9476 23.3587
892 77.6406 65.8899 37.6111
893 60.5461 79.7899 27.3176
894 77.0489 67.5873 29.369
895 75.5322 69.4882 29.1384
896 74.202 83.4406 32.8076
897 72.9381 77.7053 41.5053
898 86.4414 83.9706 31.1631
899 87.059 57.5516 44.0513
900 78.3024 80.5361 45.4289
901 75.3628 81.6246 43.8242
902 67.3314 69.9248 54.1276
903 82.5796 89.5967 42.0906
904 59.8211 77.7491 43.6575
905 84.2902 78.0192 41.765
906 76.3301 92.2426 53.9989
907 86.9244 79.9371 63.997
908 55.7742 97.1551 49.4349
909 65.7095 90.496 62.1383
910 77.3645 76.3758 72.3951
911 77.2152 77.0072 79.3345
912 67.0113 78.1761 70.5326
913 74.2496 86.1116 49.8095
914 58.5286 95.9472 63.6953
915 80.2363 78.2872 62.1187
916 75.2867 78.2606 76.8831
917 63.9498 71.9958 74.9561
918 60.4396 83.2284 94.5767
919 54.7213 72.4218 91.621
920 71.7239 79.5398 89.931
921 64.2206 86.24 82.8275
922 57.2994 80.1082 77.102
923 64.1766 68.1545 87.1793
924 77.553 86.6436 99.1625
925 64.2426 86.5642 97.422
926 61.3443 84.1164 76.7958
927 85.6933 100.124 82.1438
928 64.7247 87.5889 100.534
929 57.9713 84.4639 107.571
930 58.961 82.1959 115.683
931 76.6962 76.5031 109.715
932 67.572 80.986 115.352
933 71.6827 78.3301 93.4641
934 76.1186 78.3642 115.528
935 66.2118 87.5405 115.394
936 64.228 74.4073 101.442
937 67.6796 90.1947 115.498
938 85.5457 99.2781 7.16496
939 56.8946 90.1041 -1.19443
940 61.2216 106.17 16.7479
941 69.7638 84.1654 -1.24555
942 72.6148 100.403 24.739
943 67.1677 114.207 28.6361
944 78.2538 114.169 24.1093
945 55.5215 94.4986 22.6081
946 59.6757 105.909 14.6832
947 69.7959 114.123 20.2007
948 64.0402 91.3517 13.1788
949 55.7467 114.074 19.3198
950 69.7908 95.9433 23.081
951 66.7695 114.177 32.8822
952 58.5977 100.246 45.6829
953 61.3742 106.688 22.4537
954 72.0342 96.1595 35.4169
955 59.0229 106.008 33.3512
956 80.0977 98.0298 37.5694
957 71.2837 110.121 58.2672
958 52.6331 105.623 48.3307
959 92.8293 103.972 38.9535
960 66.8107 93.838 44.0226
961 65.4154 108.269 51.8284
962 83.0793 104.837 62.2919
963 50.0956 114.156 49.2176
964 68.4321 100.335 45.8368
965 92.7717 100.129 47.4328
966 69.2838 84.1685 37.4395
967 58.0056 108.402 39.5707
968 75.6374 103.796 46.1489
969 85.6994 114.8 79.0051
970 82.886 97.3642 71.5286
971 60.1165 114.49 67.8627
972 77.0213 114.732 62.5893
973 91.2753 89.0787 79.7581
974 67.5246 106.461 57.9221
975 81.4222 92.4748 74.5594
976 67.6691 110.749 99.0148
977 90.0229 114.541 72.5689
978 72.873 88.0304 75.0893
979 58.6073 106.862 74.4758
980 72.1512 90.5688 80.7998
981 78.6368 114.758 81.8319
982 65.7 114.571 72.0074
983 67.0113 114.781 77.1287
984 71.7554 89.6522 96.3716
985 80.0257 114.564 87.1524
986 82.9435 114.689 100.744
987 78.5079 94.689 91.1617
988 51.8655 99.0714 101.825
989 71.5418 93.4278 92.1728
990 56.048 92.2436 91.4955
991 80.1433 114.474 95.4114
992 73.2783 87.6058 108.134
993 78.6786 102.32 89.3082
994 60.184 92.9055 87.5744
995 67.4356 114.801 90.3061
996 67.1517 90.2138 82.8113
997 55.9898 114.509 90.6714
998 68.8032 100.42 115.089
999 61.7258 114.586 110.928
1000 78.8917 110.39 115.075
1001 63.2549 103.348 115.372
1002 78.8619 94.2384 115.259
1003 53.1351 90.1052 110.132
1004 79.9302 114.774 104.793
1005 84.7298 114.997 109.333
1006 90.2685 94.5934 99.1734
1007 57.6405 104.766 113.531
1008 114.613 14.1338 16.2753
1009 97.3347 13.3368 11.6464
1010 97.3825 18.6513 -1.03557
1011 108.442 2.19232 -0.668688
1012 92.9898 -1.29719 0.881667
1013 102.826 16.6842 6.73934
1014 86.8159 21.095 9.32953
1015 105.169 11.0285 19.4971
1016 114.426 2.65436 29.0278
1017 110.113 -1.02412 25.5368
1018 86.5007 13.0425 7.28405
1019 99.7808 12.8526 19.2666
1020 107.038 13.5547 14.9612
1021 94.3051 7.3815 21.7981
1022 97.1914 14.7816 36.135
1023 102.614 12.6855 30.2897
1024 115.182 11.107 29.7934
1025 105.035 19.2225 31.6762
1026 99.2059 21.2912 29.6548
1027 99.4679 15.2929 31.7595
1028 97.107 18.315 33.3868
1029 100.001 -0.767537 35.1757
1030 97.3088 25.7594 56.8367
1031 93.2346 2.92639 62.8377
1032 114.942 5.35766 54.7107
1033 104.102 23.0311 55.1514
1034 114.535 26.5895 49.3204
1035 90.3363 -0.579937 53.0621
1036 114.703 13.9017 61.9551
1037 95.579 12.4902 37.5273
1038 98.6196 20.1141 61.6354
1039 95.9341 19.1385 75.3866
1040 114.647 25.0242 68.0015
1041 91.8188 -0.86035 63.2108
1042 114.609 1.12915 68.0634
1043 87.3617 -0.905992 62.0484
1044 110.06 10.5528 71.5336
1045 106.037 25.5389 60.4224
1046 87.5862 -0.567813 82.0065
1047 94.2741 17.7562 73.3229
1048 110.592 21.6647 81.1855
1049 108.82 -0.522014 72.4088
1050 103.345 31.0845 98.2203
1051 110.494 13.488 86.888
1052 93.1397 14.8695 71.7796
1053 110.149 14.4696 79.5362
1054 97.2841 15.9787 76.5998
1055 113.155 -0.0234244 70.306
1056 79.9173 11.3591 93.931
1057 114.918 1.1709 88.5868
1058 94.1494 29.6802 89.2832
1059 95.5561 7.68523 91.4523
1060 104.592 13.8816 76.5412
1061 104.977 5.95711 91.7272
1062 77.8837 16.6566 100.494
1063 97.6801 27.9363 87.4986
1064 90.5465 5.15994 95.3251
1065 115.04 8.87726 91.9141
1066 97.0043 11.6599 105.7
1067 108.755 7.5332 105.998
1068 115.295 7.04665 114.16
1069 100.572 9.72404 99.5315
1070 102.761 42.7266 -0.856307
1071 84.3542 37.9572 10.0343
1072 104.311 40.9371 -0.768175
1073 102.861 41.8839 15.5322
1074 104.367 42.3418 2.28827
1075 98.5242 44.5691 -0.875661
1076 94.2618 41.2507 17.2785
1077 99.5088 37.3685 19.2414
1078 102.91 40.3861 5.98057
1079 93.5394 31.0687 19.312
1080 90.7651 29.264 27.5908
1081 107.137 33.7436 13.6421
1082 84.5996 47.8176 37.5147
1083 114.322 38.3766 28.7961
1084 95.549 21.0786 25.414
1085 86.9553 42.8535 17.7812
1086 95.5537 35.1208 51.657
1087 114.405 28.5978 38.6739
1088 84.1971 50.8347 34.0228
1089 95.6282 18.9437 43.7738
1090 106.299 37.6279 49.9436
1091 76.9538 31.6438 38.2992
1092 93.8095 25.0801 58.6122
1093 94.3801 31.0596 56.7771
1094 92.8912 40.9723 60.7719
1095 87.2769 38.1789 50.8734
1096 95.6893 50.0266 51.8765
1097 103.048 31.2376 37.6089
1098 105.384 41.5682 49.8717
1099 114.262 42.8985 44.4505
1100 81.4331 29.288 58.4628
1101 114.687 14.068 41.6336
1102 105.9 21.65 58.1947
1103 104.413 23.637 60.3556
1104 107.123 36.8788 48.3956
1105 92.9137 27.3933 58.6083
1106 114.773 27.2416 70.1566
1107 81.0082 35.2741 60.444
1108 99.0409 19.6622 66.526
1109 91.8862 33.712 54.1138
1110 114.729 49.0718 87.5944
1111 100.207 41.4051 64.1804
1112 114.667 44.5993 83.6122
1113 95.792 14.6112 62.9745
1114 80.1762 29.3481 81.0774
1115 87.5154 29.167 81.4521
1116 114.822 38.8529 86.0973
1117 91.6935 33.8855 77.0975
1118 107.176 29.8582 75.1292
1119 89.0782 18.6082 86.0105
1120 94.6113 50.1903 66.1121
1121 76.127 33.6781 75.0324
1122 96.3334 33.6287 78.7697
1123 103.076 47.3391 86.5702
1124 93.0886 35.8845 85.1151
1125 97.3574 47.7673 85.156
1126 100.051 52.3837 72.0759
1127 83.4529 47.9232 99.346
1128 92.2534 42.1563 103.526
1129 100.435 39.7334 107.415
1130 109.354 27.4633 115.407
1131 98.9754 44.6165 102.812
1132 102.282 42.1209 109.52
1133 115.378 34.969 110.71
1134 101.415 31.9338 103.443
1135 96.7876 44.0592 105.458
1136 79.2762 48.0965 105.771
1137 99.9285 53.1206 13.3917
1138 104.305 40.7163 4.26782
1139 95.5899 51.677 -1.10013
1140 108.548 45.9868 12.5987
1141 114.277 68.3465 30.1111
1142 114.277 60.707 26.4255
1143 98.2168 67.8971 37.4654
1144 91.3048 62.5243 24.1323
1145 86.1997 49.2567 19.1957
1146 114.688 47.9136 25.9355
1147 114.484 48.8652 14.3808
1148 97.139 51.0835 16.8486
1149 94.3502 68.272 13.6892
1150 91.2635 70.9777 19.6762
1151 107.016 54.539 46.5696
1152 92.7156 62.4806 47.4335
1153 95.9545 49.3834 37.5531
1154 106.823 64.4791 35.8405
1155 89.2999 63.8213 39.5613
1156 79.9534 59.7791 31.4516
1157 105.78 57.9484 41.6228
1158 99.8492 54.3108 41.2849
1159 92.2839 57.7687 48.0448
1160 114.835 82.1573 56.1486
1161 101.559 51.174 58.7428
1162 92.7681 63.2838 51.6412
1163 91.3442 51.6115 50.1955
1164 94.2107 60.5414 47.1069
1165 106.977 61.3985 45.3551
1166 98.4168 70.7461 43.1295
1167 114.656 58.9794 44.2235
1168 79.6929 73.8907 47.8181
1169 104.542 59.8009 58.3092
1170 103.709 59.8128 70.5999
1171 101.55 48.5669 65.9666
1172 114.624 48.9474 62.7547
1173 79.6879 59.6128 62.4109
1174 108.733 44.9612 67.111
1175 79.755 62.0151 64.7331
1176 105.735 56.7454 51.3759
1177 99.0441 78.429 74.5957
1178 109.486 68.4257 82.5751
1179 92.0051 41.8024 64.3429
1180 85.4601 55.5369 54.0065
1181 114.925 49.336 55.5899
1182 95.9232 53.9146 74.75
1183 103.297 44.0679 95.2469
1184 91.4822 58.8366 86.5837
1185 85.4524 57.9667 84.7896
1186 108.167 49.9963 82.8731
1187 114.79 71.5532 85.5149
1188 114.642 52.9365 79.5475
1189 114.416 69.3907 83.3997
1190 110.272 47.567 83.0663
1191 82.4778 63.8125 64.5211
1192 99.6525 43.9527 91.3575
1193 98.5206 62.3595 84.714
1194 83.3155 45.9568 75.0022
1195 114.846 59.5821 94.04
1196 94.3932 75.9974 97.5696
1197 93.378 66.2519 91.184
1198 97.2376 62.3471 103.283
1199 84.471 67.8199 96.9404
1200 80.3656 61.5252 101.001
1201 86.2517 55.0188 115.686
1202 94.7191 50.776 106.017
1203 109.277 59.9463 115.102
1204 104.715 76.9628 102.747
1205 93.795 57.7471 115.757
1206 107.826 64.9497 115.245
1207 95.4581 101.01 -1.307
1208 81.8591 75.6722 -1.44634
1209 97.0826 86.2558 16.2285
1210 114.77 81.2242 9.33
1211 84.0908 88.5581 8.22421
1212 114.513 82.6595 0.0688576
1213 89.8795 77.1211 -1.18834
1214 79.8706 72.3375 6.1018
1215 100.724 71.7388 12.9335
1216 105.473 86.208 -1.18607
1217 105.323 98.7562 28.4516
1218 114.461 73.3162 17.4415
1219 82.6977 92.0624 23.1452
1220 96.2497 77.7564 23.2152
1221 114.415 74.9308 20.2498
1222 114.401 82.7898 24.3367
1223 80.2298 91.6728 23.2384
1224 82.4536 92.0757 29.2744
1225 96.9059 83.7943 18.9626
1226 101.732 69.8387 60.3265
1227 101.12 96.7973 44.0609
1228 92.6894 69.8779 43.7147
1229 100.059 65.8331 37.2892
1230 81.1335 84.269 31.6771
1231 84.3509 82.5129 55.6911
1232 114.45 75.1853 44.736
1233 86.7071 82.1256 41.7976
1234 92.9009 72.01 56.2269
1235 99.741 68.5204 54.5196
1236 93.8264 82.2216 49.7562
1237 98.1201 61.6789 31.4775
1238 114.237 91.2278 52.4499
1239 92.8022 93.2291 44.0381
1240 79.9518 90.9565 40.854
1241 111.23 57.8465 64.1237
1242 102.399 72.182 60.2395
1243 103.891 86.4873 63.944
1244 98.0852 68.1043 66.2757
1245 114.53 86.9885 69.02
1246 114.572 48.3793 71.0318
1247 114.932 64.5449 82.9842
1248 101.414 90.1609 57.9994
1249 114.547 58.4809 56.7963
1250 100.45 86.4186 74.3175
1251 101.208 75.4859 70.9246
1252 84.4349 80.0641 92.8024
1253 114.413 83.1009 64.7096
1254 78.6009 73.6893 62.0509
1255 88.8706 74.6733 85.1731
1256 114.743 87.116 81.9209
1257 91.5903 76.3542 87.0397
1258 99.0502 86.2558 84.9488
1259 95.9799 66.574 83.0999
1260 104.435 86.0469 94.5014
1261 114.519 71.576 81.1549
1262 107.333 99.9381 95.1944
1263 105.694 80.4654 82.555
1264 86.0073 71.0021 90.7608
1265 105.924 81.1959 99.6461
1266 108.984 74.6489 109.223
1267 89.1175 71.1433 115.513
1268 115.018 70.078 107.957
1269 87.7115 77.2063 115.382
1270 102.084 82.242 115.166
1271 109.099 75.9267 110.707
1272 104.662 94.47 101.145
1273 87.355 85.9541 106.006
1274 106.216 96.4409 115.037
1275 94.624 80.3039 115.352
1276 114.977 81.2635 100.054
1277 91.9408 83.894 115.194
1278 77.8915 76.1882 115.716
1279 103.123 83.5107 97.9645
1280 109.179 72.1137 115.166
1281 114.53 88.8577 1.81968
1282 92.6336 114.107 3.9258
1283 105.595 114.115 10.084
1284 114.527 100.86 13.9891
1285 100.957 114.197 3.6987
1286 87.8798 114.286 16.8222
1287 114.251 109.361 17.6674
1288 97.8755 98.0714 29.0654
1289 101.475 110.292 32.8717
1290 114.56 86.5035 23.8289
1291 108.973 104.08 20.8485
1292 88.6418 114.12 34.8003
1293 104.037 93.3259 19.838
1294 105.335 114.197 26.3517
1295 88.2704 114.161 42.0509
1296 99.6907 114.418 39.1959
1297 74.0695 114.333 34.6414
1298 106.705 114.015 27.6316
1299 114.861 103.952 47.7591
1300 102.169 96.0634 35.3076
1301 102.152 98.0016 26.9909
1302 88.1423 99.8474 35.4663
1303 108.376 114.382 55.3039
1304 108.341 85.2627 50.7686
1305 109.857 114.292 47.9461
1306 81.0644 114.175 14.8159
1307 88.2884 98.0575 41.8924
1308 86.9338 91.1751 62.6927
1309 105.395 102.871 64.3406
1310 81.3732 102.302 68.4203
1311 93.0175 88.1124 66.3321
1312 94.006 80.2668 66.3702
1313 111.339 114.296 59.5063
1314 99.6831 114.676 63.2252
1315 97.0209 84.0397 85.0622
1316 98.4038 96.7993 82.2806
1317 92.9621 102.617 82.4729
1318 98.4021 104.37 71.8211
1319 94.3978 102.957 80.746
1320 88.5361 94.7405 68.4098
1321 114.447 105.348 74.867
1322 90.8461 88.5319 84.69
1323 114.68 112.705 75.7511
1324 104.708 106.575 86.5853
1325 97.0313 94.3767 90.9775
1326 114.848 91.7754 89.4236
1327 88.7907 95.4755 89.5285
1328 111.725 91.1493 101.74
1329 95.6802 110.997 86.6659
1330 105.931 114.483 83.8046
1331 79.0247 97.3784 94.35
1332 88.4823 114.967 108.943
1333 91.5904 114.675 107.613
1334 96.3176 101.163 115.247
1335 95.7306 106.937 104.892
1336 115.058 103.678 113.219
1337 105.876 101.727 95.5833
1338 115.23 103.379 101.78
1339 115.236 112.133 113.549
1340 115.076 109.569 103.385
1341 84.8081 98.6907 111.27
