0 8.37696 21.8232 -0.162493
1 11.4591 1.92011 -0.183162
2 17.2025 18.3562 11.9632
3 28.7102 -1.53053 3.3018
4 27.0803 2.7694 -0.181139
5 9.44331 2.57004 3.83093
6 -0.280733 9.66873 1.5397
7 11.5837 6.79518 11.7578
8 21.4596 10.9145 -0.203135
9 -0.455042 13.8505 1.49336
10 6.70338 37.8824 71.5517
11 17.5496 12.9054 22.3201
12 3.3669 6.17631 37.8048
13 1.33028 -1.0685 5.08722
14 23.0596 -1.2504 14.4888
15 15.3191 12.9565 26.6827
16 -0.685115 41.2258 1.53907
17 27.4914 -0.911407 28.686
18 2.2911 15.7265 22.4057
19 20.5457 22.4522 40.3762
20 18.1541 -0.551198 39.2883
21 5.30423 -4.42907e-04 41.4173
22 19.0042 21.3899 45.914
23 28.7068 -0.181185 49.151
24 7.35616 20.3611 66.3307
25 20.0869 -0.13475 45.3955
26 8.79203 -0.323756 45.2408
27 29.1503 17.9206 53.7002
28 42.9131 0.0527644 58.0437
29 17.946 -0.295908 54.0781
30 28.0261 31.1049 67.32
31 29.3967 19.8157 51.7354
32 4.81234 6.64025 54.5256
33 28.3356 3.80594 56.2014
34 7.64441 44.5678 74.8282
35 41.6398 2.27374 63.2418
36 29.5375 0.0165277 56.3122
37 7.09498 30.7164 64.5216
38 20.393 1.54082 84.3179
39 13.5686 -0.185883 51.1768
40 17.5052 -0.357377 50.1459
41 19.64 4.92604 71.1894
42 39.895 9.96555 92.384
43 26.8148 -0.037845 99.3212
44 27.4383 15.6956 90.9677
45 18.3089 0.21775 90.9479
46 4.96695 7.1694 90.506
47 11.0326 0.074241 89.15
48 13.4239 23.7458 103.041
49 27.6519 15.1041 121.798
50 22.4153 -0.730754 122.389
51 36.536 12.0802 105.62
52 1.90503 30.3064 112.721
53 17.8056 -0.600919 124.559
54 25.3705 0.480172 90.8514
55 15.0723 -0.549268 112.203
56 40.6869 18.784 96.1555
57 19.1567 25.1126 115.55
58 7.4726 48.5963 74.5924
59 3.31486 20.203 101.307
60 9.62412 5.40763 122.239
61 8.0155 -0.588897 123.787
62 29.0266 15.0903 128.015
63 20.6445 10.7504 128.001
64 0.432372 0.451863 124.858
65 0.948718 -0.741766 120.258
66 18.1314 43.2514 11.637
67 22.7303 38.61 9.08477
68 10.6768 24.7359 7.53873
69 4.15964 41.9271 10.7584
70 27.564 20.809 19.7308
71 4.11439 39.9337 8.67087
72 28.2662 38.631 -0.645403
73 22.9938 29.3176 -0.600058
74 41.7781 18.3409 19.2729
75 -0.485089 50.2706 4.74145
76 -0.217386 12.1909 14.6961
77 0.186053 38.3657 16.3586
78 4.46837 1.05163 47.7797
79 6.81837 34.8696 60.475
80 29.1208 31.9407 51.6585
81 7.0462 43.16 64.5721
82 20.8955 44.5873 26.8343
83 26.8952 58.004 49.0675
84 45.6148 40.7786 43.2742
85 5.09388 47.0374 43.6427
86 42.5185 54.1952 60.8787
87 2.88921 26.2951 28.6873
88 35.1259 44.3694 55.501
89 6.51856 30.3217 56.31
90 23.9182 41.2698 57.6881
91 26.0681 58.8432 50.4088
92 6.13405 64.4483 53.3173
93 5.25401 1.19422 60.6965
94 11.9603 45.0577 49.7385
95 26.7446 14.0116 56.0646
96 6.34695 70.1388 59.9589
97 19.2381 53.4161 51.6779
98 28.1565 39.9674 70.6892
99 12.237 18.983 61.9423
100 5.39701 34.5228 93.036
101 12.3795 37.9357 54.6093
102 4.34737 10.4685 94.8026
103 27.6837 32.0919 75.8469
104 28.1042 31.9986 55.7155
105 7.40287 40.5642 70.6138
106 29.8244 43.712 75.7545
107 13.251 41.7027 98.9373
108 7.49156 23.8607 98.2805
109 7.33086 28.9381 74.4909
110 26.826 44.2045 89.3502
111 3.63659 34.8282 110.634
112 40.7685 36.8899 96.786
113 3.49187 23.7625 101.438
114 30.4109 47.5967 111.344
115 34.6991 43.8339 96.4949
116 18.761 36.1486 88.4982
117 15.2911 40.209 98.5269
118 30.2585 36.4968 105.338
119 18.8562 55.2011 120.94
120 15.901 52.0639 98.9458
121 4.35994 52.5163 99.1023
122 2.96604 46.2697 99.6443
123 20.5002 26.1505 90.8009
124 3.87999 31.9503 108.868
125 30.1125 25.4624 113.857
126 21.6033 56.1775 127.654
127 21.7802 46.2284 120.406
128 14.933 22.2223 128.077
129 18.8091 45.8605 119.866
130 6.08574 34.3524 127.764
131 7.51668 37.2393 127.722
132 27.463 28.9584 106.288
133 23.3235 27.9273 120.457
134 16.8816 67.9497 14.876
135 3.95713 60.9997 -0.350306
136 22.6323 66.9368 -0.929746
137 21.1235 60.961 12.8485
138 9.88268 57.7503 18.1157
139 -0.528258 68.0728 10.893
140 4.39743 44.4503 32.4362
141 3.06584 48.2582 18.8459
142 4.04823 52.7947 28.8582
143 4.03692 56.0509 28.3966
144 17.9329 45.3034 26.3301
145 5.35761 72.6662 44.8426
146 17.7528 65.4082 15.5093
147 18.9726 71.3549 34.498
148 31.0527 68.6938 43.9969
149 36.8514 61.8396 44.2748
150 27.5069 37.9568 43.1721
151 21.6805 60.5089 45.9279
152 32.6159 70.0552 28.0407
153 22.7704 59.6382 47.2855
154 15.1773 75.197 40.8993
155 14.2109 61.4037 34.9102
156 26.234 53.7659 29.9946
157 6.76555 39.0951 60.6761
158 24.9253 55.4891 34.4977
159 3.33119 27.9441 34.2312
160 21.2728 65.3453 43.0336
161 33.3452 70.9122 55.6677
162 4.37435 72.1937 37.099
163 31.6321 39.8292 53.3576
164 48.9658 50.1669 66.7633
165 31.1538 45.7111 64.1285
166 28.5241 58.5665 50.2581
167 7.52678 16.9751 70.6499
168 5.74168 49.2086 90.0247
169 41.882 60.1864 67.4973
170 28.8873 79.9562 82.4568
171 47.6894 58.0989 73.8079
172 20.5544 63.1776 79.0647
173 32.8817 74.1235 95.3414
174 41.939 53.6082 96.5726
175 2.59525 88.9433 100.979
176 27.3221 53.4703 87.5348
177 33.1724 55.4562 85.0494
178 34.5009 36.4076 81.1518
179 24.632 47.2852 79.4428
180 6.36756 54.3206 56.0852
181 26.7808 67.6823 90.9622
182 27.6339 57.8892 105.295
183 24.8924 57.3709 96.2212
184 4.01832 61.4546 104.585
185 33.7876 55.9238 111.553
186 0.0171563 61.2302 108.48
187 3.19507 68.6064 117.131
188 2.60738 80.671 100.955
189 23.1746 51.8075 111.732
190 4.99222 47.7962 117.812
191 -0.172436 66.8567 126.128
192 11.4777 63.5393 118.903
193 18.7852 68.5859 127.525
194 0.104676 50.947 119.0
195 8.92893 59.5989 127.577
196 17.7174 53.753 121.524
197 20.4648 51.7126 123.631
198 28.7585 62.399 127.646
199 8.29088 64.6319 10.4921
200 9.12697 91.6325 11.3815
201 16.6736 80.4458 6.21954
202 13.0541 73.5689 17.5724
203 28.3841 77.8198 8.81578
204 10.3376 75.3502 11.4892
205 7.75937 85.8245 -0.588188
206 14.1845 73.4729 15.2685
207 9.8576 74.5089 18.8187
208 18.4189 71.3882 11.2837
209 24.8182 76.2907 40.4797
210 20.6537 71.7491 21.7222
211 4.00874 96.2624 32.5792
212 31.171 68.688 29.4037
213 15.5642 83.6444 17.4289
214 22.6675 84.8139 14.4707
215 4.2753 84.0666 32.2503
216 6.29588 75.4139 18.0084
217 30.8744 75.7126 33.7775
218 26.514 95.7726 25.7954
219 17.9839 85.693 19.6249
220 4.39471 68.2404 31.9688
221 0.435677 91.6097 15.5233
222 4.24409 74.7041 34.0877
223 13.0474 71.3432 15.5952
224 22.7999 73.2684 46.7899
225 20.5011 81.1447 38.73
226 58.2786 47.7427 42.4749
227 34.2621 91.8452 48.1582
228 4.50977 62.3651 34.9652
229 6.7194 76.3923 66.2465
230 25.9465 86.6152 73.5737
231 28.3703 75.6647 45.1797
232 5.93364 75.9475 52.9067
233 6.97466 77.8445 79.4345
234 37.0497 63.5331 42.5191
235 36.1545 59.9505 59.3092
236 29.9071 57.4208 61.5531
237 6.83444 57.9354 64.3036
238 6.73493 66.4142 64.0737
239 7.04434 74.0599 72.3886
240 20.9435 65.5144 45.0143
241 7.34642 68.6626 82.9594
242 27.4603 71.5293 53.3934
243 19.9191 92.8204 75.4027
244 24.2071 97.6583 84.9029
245 3.0355 72.8474 93.0641
246 46.691 87.6846 56.5326
247 23.2254 67.8842 79.1301
248 40.9004 90.2239 65.2989
249 6.40809 75.5408 85.4833
250 40.5091 65.608 84.2388
251 4.21068 90.8946 93.2884
252 4.27289 60.122 99.8157
253 31.5771 105.784 58.9783
254 9.05276 72.6683 93.292
255 28.7812 79.584 98.6424
256 34.4025 95.8398 98.7809
257 14.6431 87.7716 100.067
258 31.6292 79.873 98.9048
259 2.76034 82.4144 91.3425
260 4.27167 90.4571 88.8527
261 1.12276 91.6148 101.785
262 4.24761 98.166 84.8622
263 28.9432 64.1622 101.423
264 0.789578 70.8574 110.186
265 -0.0441852 65.3503 120.503
266 2.30139 79.8317 104.247
267 6.88466 85.9937 75.9889
268 21.5931 77.8257 87.1838
269 20.0249 81.1875 100.339
270 33.9799 88.1841 100.949
271 14.4958 87.7103 127.39
272 21.7993 68.6943 127.665
273 10.0899 77.0082 127.632
274 9.06698 83.9104 127.421
275 25.8651 72.0221 111.383
276 30.1685 76.4484 107.115
277 41.5806 80.7329 127.432
278 25.0496 110.243 -1.19404
279 26.8597 95.4836 9.2417
280 12.3072 89.2017 -0.556095
281 6.58019 113.771 7.71138
282 16.6424 113.611 10.521
283 0.505001 97.305 -0.439918
284 41.4357 89.9205 17.1935
285 3.7433 92.7036 27.9755
286 16.9263 113.598 32.7362
287 8.1262 99.4377 23.9038
288 11.2086 113.528 30.1147
289 0.414247 107.439 17.5362
290 -0.349828 88.5232 14.328
291 24.2292 113.959 7.42741
292 4.40963 101.896 39.0538
293 25.5746 104.035 32.2232
294 13.5297 97.5969 21.6416
295 2.31912 113.601 14.0447
296 24.1745 113.859 12.5983
297 29.0828 95.2437 25.3608
298 3.62853 108.524 27.8291
299 11.4302 73.0288 19.4847
300 32.7827 90.9219 47.4222
301 11.9921 113.706 42.7712
302 5.99704 113.313 38.7759
303 17.5691 113.648 64.0245
304 7.5306 113.378 67.8774
305 38.1076 89.7434 27.5753
306 17.9671 113.339 45.3128
307 32.2751 114.115 15.3715
308 22.5086 113.587 32.2647
309 26.1461 99.5568 29.6961
310 23.6197 90.047 44.6025
311 24.032 90.0845 46.7176
312 39.4644 110.125 70.6734
313 18.4637 113.498 35.9572
314 6.34615 79.8117 82.9651
315 6.69181 100.459 73.9168
316 19.9041 111.874 71.9486
317 4.01657 103.128 96.2276
318 3.95514 112.251 90.8406
319 30.7727 103.964 71.8468
320 27.1126 86.0024 72.0284
321 10.1818 113.25 127.431
322 18.0402 113.765 77.6297
323 33.742 114.065 82.4109
324 13.9211 113.606 75.8137
325 28.6426 90.449 82.0451
326 6.90654 113.551 90.9687
327 2.40339 86.5557 103.131
328 25.8224 102.078 100.881
329 38.7084 114.361 113.385
330 18.2135 89.5347 89.067
331 2.66127 105.238 105.015
332 8.73331 98.1882 111.297
333 -0.403342 110.896 117.529
334 6.17353 114.588 107.511
335 15.6817 114.027 94.3812
336 22.6204 113.901 82.3615
337 21.8042 101.803 90.7954
338 28.7724 114.416 120.848
339 25.9764 107.236 127.263
340 -0.0563528 99.4642 114.848
341 17.4662 104.176 113.687
342 14.5592 106.791 121.702
343 31.2922 12.6962 -0.456526
344 30.628 8.55173 9.59695
345 55.8136 18.9779 3.45948
346 45.6553 13.0045 -0.382517
347 53.1043 -1.22744 21.259
348 42.7836 7.62825 22.5079
349 34.5488 14.1327 -0.299399
350 40.2171 19.1468 10.8876
351 45.2913 24.7268 7.1717
352 38.4718 29.4432 19.433
353 50.2551 -1.10767 21.5612
354 36.9752 16.711 28.82
355 46.1335 -1.44586 18.1619
356 53.9684 -0.776465 28.6022
357 30.3001 25.3225 34.681
358 22.8232 9.1099 4.77444
359 57.605 24.8149 31.7847
360 53.0573 31.4314 21.1527
361 49.9913 0.0146613 45.598
362 33.0937 30.1311 48.6681
363 60.8875 27.9149 36.8319
364 58.4268 21.9962 41.2909
365 46.9951 2.35535 68.5625
366 38.5999 17.2564 70.4704
367 38.7241 -0.310825 51.0579
368 47.333 17.7007 48.4621
369 49.2327 30.369 52.1801
370 49.0748 15.9959 52.5335
371 43.5751 38.7681 39.147
372 33.4079 35.2181 64.6613
373 40.1193 17.2429 48.4016
374 41.7482 16.4083 65.5718
375 69.4956 7.33782 76.2639
376 36.5444 18.1968 69.9494
377 42.8914 2.20933 78.8175
378 49.2325 1.67292 90.3729
379 43.5053 20.8588 95.9702
380 17.5093 1.72114 83.659
381 46.5956 23.6414 84.3364
382 41.9699 36.4471 101.319
383 57.3443 -0.592353 105.144
384 62.1537 10.6434 100.228
385 29.6911 1.86958 82.4634
386 35.0273 2.60087 78.1202
387 50.401 -0.638641 119.517
388 34.2519 0.171163 100.937
389 54.7125 27.245 104.837
390 50.5656 17.1278 114.327
391 54.8723 31.5046 109.317
392 36.5183 23.9659 98.3921
393 50.5412 11.8821 127.957
394 40.6102 5.95058 127.816
395 46.1025 24.1101 124.495
396 36.2564 21.126 127.945
397 36.2006 0.866604 127.916
398 44.544 -0.573908 122.322
399 50.5141 12.8371 119.456
400 63.898 -0.600687 120.386
401 53.1843 5.04368 128.201
402 28.4952 30.682 -0.608577
403 21.3462 36.8555 9.57226
404 31.3852 38.7833 5.07953
405 54.2649 37.4078 -0.924742
406 55.531 40.6155 -0.983902
407 51.3577 32.8688 17.5389
408 25.0388 34.8155 5.44922
409 45.7172 36.856 15.0052
410 31.4332 29.5411 -0.337693
411 46.8699 36.4906 -0.718208
412 31.3397 43.7342 9.97248
413 26.2055 43.1702 13.4406
414 52.9173 26.7802 28.5471
415 16.0593 45.1205 30.7468
416 41.6872 31.336 31.9476
417 34.1604 38.9909 13.2839
418 35.3985 37.1272 13.4627
419 58.5126 27.0586 21.8757
420 36.5362 36.8848 11.3268
421 59.5049 45.8939 38.469
422 9.16146 40.73 35.1811
423 47.7902 11.8364 54.5638
424 31.9796 29.5569 30.5094
425 20.7734 17.2322 26.4091
426 51.7675 18.9036 34.8078
427 63.8439 20.4107 35.5968
428 19.3891 47.6079 24.5489
429 59.3295 22.4282 35.8853
430 30.5426 48.2978 38.942
431 47.6392 28.3769 49.5859
432 14.6857 49.2778 34.9311
433 34.3487 30.2249 61.5057
434 49.1117 28.2855 51.7395
435 32.0489 23.6885 55.3096
436 27.145 41.5612 51.4037
437 32.3988 19.4719 44.8352
438 54.5242 39.4531 73.9597
439 49.8266 37.1833 54.7281
440 59.5253 36.2953 87.5584
441 35.4951 41.3551 63.4533
442 62.4475 30.9881 74.8102
443 32.2028 36.4478 52.6305
444 39.9927 36.5939 81.7029
445 44.6332 17.8937 78.9935
446 18.2855 25.3446 58.5422
447 48.7615 20.0243 46.2155
448 39.1727 16.0999 97.8236
449 46.9757 32.4934 81.3111
450 44.8148 36.0649 41.7884
451 35.9246 39.0568 66.6994
452 18.0954 40.3205 88.599
453 45.3415 40.9352 76.6887
454 44.3689 31.3432 57.4263
455 76.072 33.879 63.8868
456 50.3353 23.8011 87.6646
457 47.6279 28.1274 76.0012
458 45.8769 23.7462 82.04
459 30.3199 44.2105 89.2457
460 72.4056 51.3604 90.4409
461 45.3323 44.8803 76.8688
462 40.3422 19.3211 88.7432
463 50.026 47.5054 98.4374
464 53.8716 33.2857 78.1598
465 24.8034 46.7943 91.0531
466 82.8047 29.1306 103.917
467 57.5734 9.16789 105.257
468 59.8081 41.7316 113.6
469 39.6685 4.3181 100.803
470 30.3604 50.3991 117.42
471 49.0756 37.6184 121.535
472 54.1616 33.6994 119.877
473 49.7707 33.8003 119.685
474 14.6328 17.8665 128.208
475 47.4876 29.3394 127.843
476 47.8079 37.909 117.8
477 43.1196 55.6682 119.093
478 60.6054 18.0465 127.976
479 39.0392 54.76 109.229
480 36.8676 62.8995 -0.807548
481 45.4641 56.213 13.6525
482 39.9841 37.9274 -0.580333
483 42.4896 53.4482 -0.969337
484 4.14737 50.4984 30.526
485 19.6394 35.6603 32.709
486 44.0392 74.7749 38.5038
487 62.1243 64.5852 23.2649
488 48.0648 67.7588 34.9963
489 21.5439 53.0616 30.5744
490 44.7771 56.9352 33.887
491 34.3 70.5044 31.4998
492 42.8057 46.9832 30.6821
493 51.9291 42.8018 48.0162
494 27.9012 45.6109 53.8589
495 46.4254 63.9345 36.9962
496 31.3282 43.5171 34.2683
497 40.7776 69.583 39.9988
498 53.0516 69.1847 49.8839
499 44.7121 50.395 53.8735
500 41.7957 66.1442 46.2595
501 43.6833 71.738 41.8345
502 53.488 55.9668 49.3175
503 47.3214 36.5691 72.2854
504 48.8155 55.8248 73.2497
505 37.1416 65.9264 46.0162
506 58.41 68.8779 73.2471
507 79.8975 62.1112 100.839
508 42.1364 59.8812 77.9352
509 44.6373 57.4769 73.6825
510 49.5129 44.2115 80.1178
511 38.0908 52.0173 57.1097
512 47.4565 61.7264 73.1427
513 19.2304 67.6847 57.9609
514 46.6797 66.7081 88.8819
515 29.2626 57.8036 103.072
516 30.2232 78.0388 86.8313
517 56.5894 81.7972 90.1644
518 43.5403 49.4764 71.1214
519 47.4032 43.8965 107.224
520 39.2779 53.806 74.0505
521 31.1063 50.9842 90.5954
522 65.6393 65.2889 86.1164
523 44.9826 64.9923 89.2591
524 39.7933 49.7698 111.578
525 41.9842 47.274 98.0626
526 25.976 67.4698 114.527
527 31.2308 55.8059 109.512
528 33.7496 39.924 93.9813
529 64.8279 58.1739 107.467
530 29.1225 57.8164 107.372
531 31.9025 62.4764 127.798
532 34.6294 63.6121 115.174
533 54.8452 50.5709 127.719
534 40.0082 56.1901 113.573
535 40.3592 69.4172 120.321
536 54.748 58.979 114.946
537 38.2313 80.8836 -0.849559
538 44.028 85.1396 -0.97644
539 33.8664 86.8286 -1.08619
540 52.4665 73.6054 8.89487
541 48.5392 105.768 18.5865
542 32.7012 68.637 -0.802157
543 26.8358 76.9112 -0.900282
544 61.6646 68.2013 22.0914
545 54.3125 75.1584 21.5825
546 52.8319 70.6309 23.6078
547 42.4844 93.1844 14.278
548 44.4844 62.7658 32.4476
549 57.9085 86.2358 19.3696
550 55.4162 81.4432 21.6524
551 66.06 88.2858 38.1851
552 52.4758 89.5976 21.4668
553 44.9971 90.8575 50.2571
554 63.8937 82.8295 36.6497
555 52.243 64.7344 51.6945
556 39.9945 63.3545 35.5685
557 21.2996 78.54 43.8085
558 40.0294 76.9357 18.6684
559 65.8747 66.9254 31.3634
560 41.6976 59.561 46.4132
561 46.9236 96.6379 43.6839
562 48.4875 59.9455 39.2266
563 61.7875 86.0662 39.9386
564 58.6901 83.0222 45.9799
565 35.6565 59.63 21.4214
566 21.2604 83.1198 42.9416
567 52.0727 104.777 53.7399
568 51.0178 93.4501 74.4843
569 61.8914 64.5784 73.0576
570 47.0273 73.3466 67.5035
571 42.1676 87.5928 56.2223
572 54.5713 85.8419 50.0734
573 58.4451 76.5831 70.7971
574 71.0273 60.338 68.6277
575 25.7167 62.4112 64.5498
576 28.4396 77.4556 44.7558
577 25.6022 77.1625 46.8426
578 30.7065 75.8098 59.2488
579 50.7411 66.4504 73.4693
580 51.2422 76.6055 84.2546
581 45.3967 88.0914 88.2391
582 39.4443 114.34 81.9024
583 45.4466 68.4121 61.2048
584 47.7499 95.4639 75.4174
585 37.2934 79.3516 77.4907
586 45.9034 74.1101 79.8555
587 57.0234 79.7346 71.8696
588 40.8171 91.9399 90.4216
589 15.8314 87.0312 101.751
590 63.0791 73.8804 102.975
591 66.3857 72.5166 111.492
592 57.4979 86.2831 94.5369
593 41.6714 71.843 99.0483
594 32.3818 93.7752 88.7826
595 49.649 59.9823 107.51
596 58.9607 83.899 116.802
597 50.1009 72.0812 117.385
598 32.0698 57.9015 103.08
599 57.3909 89.1925 120.647
600 32.9635 77.9346 119.15
601 51.7827 75.7179 118.162
602 76.9442 92.3429 104.613
603 55.6963 74.9333 99.3898
604 61.5598 81.7691 96.7533
605 41.3327 90.0681 105.352
606 36.6538 68.0654 107.446
607 55.8972 68.2338 101.15
608 37.5447 77.2058 108.695
609 31.614 74.8695 110.807
610 43.0626 85.7368 120.428
611 48.9977 67.7416 123.275
612 39.2381 84.5437 119.429
613 33.0828 72.9357 115.127
614 46.1209 79.0025 118.362
615 43.1933 78.9839 127.376
616 25.5027 90.0252 -0.761444
617 43.8905 112.521 -1.11586
618 55.3406 113.825 0.0216546
619 35.3608 91.7108 9.01881
620 51.0273 113.808 2.06289
621 40.7555 100.158 8.65455
622 56.7915 103.028 -1.37482
623 41.2169 114.083 19.3537
624 29.7165 100.198 8.39177
625 33.7153 113.867 6.29011
626 43.7614 92.0504 8.7591
627 27.5654 114.086 10.6544
628 35.7831 96.9164 35.1341
629 24.375 113.792 21.099
630 42.9765 104.52 25.8516
631 33.5541 89.6933 10.8848
632 25.3002 85.7494 21.518
633 39.6733 113.605 28.9101
634 51.6572 102.843 15.751
635 64.2373 91.9236 42.1288
636 58.0063 111.963 41.5101
637 37.567 98.696 38.4572
638 70.8625 111.313 62.1719
639 17.9737 91.2711 25.6814
640 55.302 112.154 79.3903
641 47.7823 96.9495 47.4195
642 71.2368 110.266 52.0463
643 41.4111 111.671 50.4204
644 45.9387 94.2306 29.9949
645 46.8211 113.841 33.308
646 59.3224 102.629 53.992
647 34.285 89.9123 46.3582
648 31.6093 113.701 21.6515
649 31.0414 114.161 86.3038
650 34.9754 112.313 73.7773
651 36.4484 111.692 62.9494
652 60.6099 93.5922 83.7304
653 49.627 112.32 83.6574
654 28.0948 93.5847 52.9648
655 49.503 111.327 70.9509
656 49.6543 87.8661 90.6536
657 37.3886 76.491 73.9997
658 45.2814 106.095 88.0598
659 21.2839 93.4839 76.5203
660 34.3238 86.6997 111.051
661 33.4936 75.7351 88.4397
662 35.4721 114.044 89.8771
663 48.1956 108.285 77.6779
664 44.1762 114.396 102.322
665 37.0136 114.592 111.339
666 46.9648 114.362 89.9608
667 22.0482 113.679 79.5255
668 34.44 97.9114 103.54
669 42.943 114.369 107.326
670 59.3701 85.5534 86.0226
671 16.3951 95.8277 97.3165
672 32.9954 114.257 100.819
673 49.6454 102.348 86.3284
674 31.5347 114.647 107.493
675 46.0461 114.606 112.72
676 56.6772 94.4799 98.4216
677 24.3155 114.22 93.1687
678 35.548 114.138 97.9976
679 28.8475 114.641 116.944
680 28.8845 103.248 127.456
681 47.4703 101.211 127.313
682 52.8865 109.393 127.274
683 38.8025 83.7813 116.019
684 56.0461 114.652 117.565
685 26.9881 114.846 103.091
686 33.013 114.527 121.974
687 41.7262 110.342 127.231
688 63.1558 114.756 120.87
689 54.5404 100.223 127.129
690 59.8884 114.988 115.467
691 75.7233 11.21 -0.626043
692 61.5735 15.0874 -0.399115
693 81.2873 11.2454 -0.61927
694 78.5228 15.3046 -0.658065
695 70.075 11.4308 -0.603235
696 58.3986 23.1813 19.672
697 78.6984 7.03379 11.7033
698 84.8998 39.6281 21.5137
699 59.3756 23.0542 9.34854
700 73.063 -1.07218 24.4702
701 88.8322 -0.995638 18.1943
702 88.6051 -1.10984 7.11482
703 61.7358 8.68683 29.3273
704 71.5301 -1.24812 9.95325
705 50.9754 -0.91843 29.6581
706 66.3664 0.590452 45.3613
707 57.1552 22.3621 29.8194
708 71.0105 0.862156 62.1779
709 67.8308 29.3473 52.5063
710 67.9644 22.1886 26.436
711 62.9414 0.0733501 41.3735
712 65.4614 34.4449 52.0747
713 68.093 24.7648 28.3383
714 68.305 23.2931 35.74
715 49.599 19.7203 43.929
716 52.093 19.6575 46.1051
717 74.6085 0.781308 63.3545
718 87.6887 24.6317 65.1952
719 51.2343 4.12138 70.68
720 84.0574 7.99034 88.5955
721 74.3249 -0.588488 101.156
722 70.4381 14.3097 83.4538
723 70.1845 33.2751 77.3558
724 66.5423 9.77406 79.0882
725 61.0803 0.392807 54.0523
726 77.4387 17.3923 73.7446
727 75.2887 27.516 74.4999
728 50.6468 35.1804 76.2548
729 54.6557 21.0966 70.471
730 80.323 39.744 75.3816
731 41.5913 8.11336 101.195
732 79.9892 -0.36986 99.4409
733 86.4923 -0.476347 108.512
734 89.1071 5.77442 115.511
735 75.0818 9.04089 121.417
736 82.2739 20.4377 127.56
737 59.2342 21.0361 127.658
738 77.7319 15.0591 114.411
739 83.9718 23.671 113.489
740 82.0609 12.1221 119.298
741 63.4224 19.3008 126.566
742 64.7866 16.271 128.022
743 92.2602 19.6356 105.292
744 56.6686 7.23412 113.781
745 66.3895 5.92062 127.834
746 59.2942 -0.444872 115.417
747 74.8634 30.8333 127.623
748 69.9186 30.4531 13.7136
749 72.7665 43.5399 -0.949288
750 84.3439 41.4452 11.0282
751 75.6588 39.1974 9.04017
752 75.6375 27.4829 -0.630055
753 61.149 24.2449 -0.569134
754 68.4637 45.467 17.1833
755 64.2804 56.1786 21.8717
756 87.2141 43.8094 27.2291
757 57.419 31.3178 19.7524
758 74.217 16.3054 19.1712
759 79.2204 24.2325 41.8883
760 65.1115 48.2344 50.8815
761 78.2292 25.4256 23.5016
762 51.6326 30.7109 29.9057
763 86.1967 26.0786 59.0212
764 72.612 43.3377 54.331
765 67.9514 34.0942 52.2002
766 69.9626 29.3874 40.2406
767 82.5963 40.2682 44.5202
768 79.353 41.5515 74.2409
769 87.3615 32.4023 53.7024
770 92.8518 29.3858 36.0977
771 79.7104 33.8276 79.0785
772 70.068 33.1234 67.6565
773 93.2365 41.6703 90.8584
774 60.7437 38.597 80.0504
775 58.4765 39.9864 72.0259
776 51.4829 20.9913 72.0909
777 89.7677 39.9396 92.8607
778 80.737 35.6284 67.7803
779 92.1419 29.0163 69.0481
780 59.6828 36.2691 83.0617
781 58.6878 32.156 80.4939
782 57.6094 49.7851 75.5494
783 48.1024 26.2539 79.3558
784 71.5331 17.5446 84.8916
785 76.2381 34.4457 93.1899
786 97.4089 41.706 94.2017
787 58.1273 38.5523 85.299
788 87.6564 41.4 80.4108
789 66.5442 39.8765 109.513
790 73.7383 24.7366 87.1832
791 78.7282 37.416 92.9682
792 40.4846 38.9863 96.9804
793 75.5302 25.689 88.3518
794 85.0244 74.217 127.265
795 60.4324 23.8401 103.125
796 57.9196 35.95 117.831
797 67.582 8.84939 106.708
798 80.1346 33.7246 113.486
799 80.2596 13.6968 109.491
800 80.4304 43.3314 109.829
801 65.8303 38.1645 111.426
802 74.5321 33.3993 90.6924
803 58.7012 37.8943 97.4564
804 54.6292 47.4998 127.853
805 64.9246 33.5419 127.642
806 67.1237 29.7453 111.77
807 73.6248 21.1783 127.774
808 64.5841 46.3659 108.984
809 85.009 41.8001 113.644
810 85.4835 41.5306 -1.00939
811 77.2553 59.1324 -1.23163
812 55.4946 55.7644 -0.907198
813 57.1101 57.7163 4.42427
814 56.9933 61.6849 16.6057
815 65.7492 44.8617 14.7282
816 48.8184 61.2803 14.9981
817 79.8602 57.7183 12.7159
818 65.6293 50.2147 7.54494
819 70.6768 59.5485 11.0285
820 82.3297 41.3446 13.1246
821 70.6429 59.3663 14.9837
822 60.2467 51.3034 8.81998
823 81.1539 64.5417 24.7668
824 47.7742 68.9207 22.1837
825 73.5974 55.4199 25.556
826 64.0535 69.2833 11.0712
827 54.4631 39.4556 19.7947
828 85.3586 81.5593 36.439
829 58.7924 63.8089 17.3639
830 76.72 62.3032 60.0578
831 65.5222 47.8378 41.1269
832 50.7819 62.293 51.9033
833 88.8133 45.9249 32.0803
834 64.8835 64.4428 27.4399
835 77.174 66.4808 37.913
836 60.8589 42.8616 52.8797
837 48.724 42.6101 30.4337
838 64.6146 54.9943 55.8025
839 59.4635 77.6389 69.7174
840 59.2418 64.7585 72.9547
841 81.7392 54.3984 80.9389
842 61.2032 40.3097 81.4854
843 91.2736 53.5926 79.7794
844 73.1536 77.9898 54.3266
845 81.213 51.5144 79.1911
846 89.0332 53.8487 86.1067
847 48.7835 59.5869 84.5393
848 82.3843 46.9789 62.5348
849 67.4296 62.5908 77.4936
850 68.3428 65.5395 94.6254
851 81.6356 35.3839 77.7942
852 83.4863 68.1377 98.2807
853 77.5644 53.9345 90.5239
854 57.5749 52.4156 78.9038
855 83.2913 51.7687 73.5351
856 88.7623 44.4483 108.882
857 73.8061 51.3795 88.1041
858 55.3179 55.8108 99.0854
859 75.3324 39.4608 95.3119
860 48.5567 72.2856 111.775
861 56.3852 54.0499 107.522
862 72.1992 78.222 109.052
863 82.578 44.1587 109.513
864 68.9873 57.9577 113.446
865 81.5724 41.7686 109.622
866 87.2294 50.0356 100.855
867 77.579 62.4225 111.203
868 83.5162 62.3392 113.442
869 80.5699 54.2055 113.588
870 81.8965 49.9919 127.652
871 70.3312 65.8762 127.423
872 73.5888 61.9554 127.558
873 84.7981 64.2787 111.309
874 89.1877 50.4954 127.496
875 83.2082 63.6278 127.507
876 79.8222 74.9605 8.08702
877 66.9435 74.2413 5.29394
878 83.972 77.8211 4.66971
879 65.4205 82.1266 -1.34983
880 67.0335 88.2391 19.2082
881 68.1842 78.0583 -1.46791
882 71.3694 77.6958 22.8358
883 59.9921 71.8764 2.44925
884 71.4307 66.1141 -1.10907
885 58.3757 92.5279 11.4415
886 74.4665 69.2502 35.0957
887 64.573 77.7274 12.9418
888 66.73 75.2869 17.5351
889 68.5292 75.6332 21.4413
890 46.5295 71.0458 19.6699
891 65.9924 68.5285 29.0662
892 79.9334 55.4366 36.7627
893 58.9194 93.1635 29.9803
894 61.4666 70.8415 24.2422
895 62.0921 75.1297 34.1222
896 70.7308 96.8744 47.1177
897 78.4849 70.212 40.584
898 89.0933 86.035 32.3178
899 77.8368 55.4949 38.3113
900 85.2999 99.5286 51.1964
901 74.9441 76.9807 44.5255
902 68.4029 76.9352 59.8622
903 69.7279 104.865 47.1992
904 48.352 89.541 45.7913
905 74.8597 76.898 47.0585
906 72.0589 103.214 66.3134
907 86.8407 69.608 75.2238
908 51.6948 106.676 52.3027
909 79.2021 83.3572 75.1699
910 89.9849 71.7836 87.8095
911 82.1347 86.2677 93.9336
912 66.5249 77.1685 77.5845
913 82.0894 97.7125 43.0035
914 51.6342 100.212 75.5491
915 68.6584 89.8371 73.5691
916 87.0232 90.0458 85.4581
917 63.7757 65.1959 88.6102
918 21.5918 79.8621 113.07
919 38.9289 69.98 105.234
920 65.3504 77.9467 102.927
921 70.9417 94.5008 98.2131
922 64.8315 81.1007 86.0657
923 77.2596 62.4117 105.395
924 76.3896 85.9974 98.485
925 49.0239 92.4872 103.061
926 56.9334 79.9073 92.3545
927 95.4336 104.212 87.287
928 75.3549 80.4264 106.727
929 57.9713 84.4639 119.386
930 58.961 82.1959 127.497
931 76.6962 76.5031 121.529
932 67.572 80.986 127.166
933 71.6827 78.3301 105.278
934 76.1186 78.3642 127.342
935 66.2118 87.5405 127.208
936 64.228 74.4073 113.256
937 67.6796 90.1947 127.312
938 85.5457 99.2781 7.16496
939 56.8946 90.1041 -1.19443
940 61.2216 106.17 16.7479
941 69.7638 84.1654 -1.24555
942 93.9422 89.6798 28.3937
943 67.0878 111.97 33.9824
944 80.0408 113.73 18.3894
945 47.4881 94.7937 21.9764
946 71.675 99.9162 16.7659
947 68.0012 112.125 19.2844
948 64.1165 91.4065 13.2749
949 63.1662 112.263 23.2071
950 82.4223 102.208 25.416
951 65.7889 113.967 29.2739
952 67.6176 101.477 53.4072
953 51.4634 100.331 31.3254
954 78.8157 113.464 49.6103
955 54.5768 99.9123 36.0236
956 78.1472 103.476 42.6112
957 56.0259 112.065 62.7746
958 50.1507 104.51 57.7182
959 83.5627 113.491 44.5293
960 67.0116 96.6345 54.4042
961 63.3894 105.604 64.0737
962 79.4434 103.339 70.5876
963 52.8165 111.523 50.0633
964 69.4591 86.7706 51.568
965 86.676 97.0929 49.6979
966 62.0336 88.1116 45.8102
967 59.9639 110.918 61.3552
968 69.4785 111.492 64.2536
969 71.4348 114.352 103.097
970 86.9289 99.6306 81.3334
971 51.0442 110.405 75.4221
972 67.5955 112.87 71.3057
973 82.0964 84.2952 85.9057
974 63.6188 101.876 68.3696
975 88.5329 96.9386 79.3843
976 58.3499 106.588 113.007
977 88.6266 113.784 65.7966
978 62.0429 81.1288 86.0358
979 61.0519 98.5791 86.4421
980 70.7802 93.693 90.0705
981 77.9096 113.873 87.7766
982 60.7834 114.168 77.4514
983 59.6686 114.066 90.8803
984 51.5281 84.3987 106.967
985 85.1875 114.195 98.621
986 87.4066 114.634 118.125
987 61.8489 94.3568 100.797
988 53.2139 98.7078 113.17
989 86.4311 92.5118 102.362
990 56.5501 100.215 96.4785
991 82.9695 114.572 107.931
992 73.3159 87.6938 120.464
993 67.1708 94.4642 100.152
994 64.1938 94.3337 96.2209
995 66.6808 114.564 100.69
996 72.6124 96.6725 100.874
997 62.2853 114.39 94.7404
998 68.8032 100.42 126.903
999 61.7258 114.586 122.743
1000 78.8917 110.39 126.889
1001 63.2549 103.348 127.186
1002 78.8619 94.2384 127.073
1003 53.1351 90.1052 121.946
1004 79.9302 114.774 116.607
1005 84.7298 114.997 121.148
1006 90.2685 94.5934 110.988
1007 57.6405 104.766 125.345
1008 114.613 14.1338 16.2753
1009 97.3347 13.3368 11.6464
1010 97.3825 18.6513 -1.03557
1011 108.442 2.19232 -0.668688
1012 92.9898 -1.29719 0.881667
1013 102.826 16.6842 6.73934
1014 86.8159 21.095 9.32953
1015 104.215 24.0756 26.4806
1016 109.708 3.66991 42.909
1017 107.764 -0.0123311 27.0942
1018 86.5456 12.9502 7.37736
1019 99.8081 3.59142 18.1176
1020 112.058 20.4831 20.7976
1021 94.3051 7.3815 21.7981
1022 85.4899 16.4 42.7672
1023 112.167 1.20034 25.4675
1024 105.627 -0.80183 18.4165
1025 94.5385 28.7844 35.4613
1026 103.934 16.2888 32.7167
1027 107.603 15.2486 50.7847
1028 98.1697 21.0574 32.9738
1029 97.5121 -0.0857369 34.3015
1030 109.627 29.2117 67.5086
1031 83.9733 0.00636363 86.549
1032 104.902 1.15948 57.4822
1033 103.437 18.3171 68.2291
1034 107.315 21.215 49.1651
1035 83.6714 1.23085 61.2561
1036 107.474 15.2143 54.5687
1037 89.8094 16.8365 46.3215
1038 90.9943 29.2007 71.3396
1039 84.2838 28.6253 78.4033
1040 107.655 7.16411 54.224
1041 88.1787 0.337966 79.2272
1042 106.89 0.180909 69.1345
1043 93.0281 0.461202 65.9346
1044 97.9618 14.3891 85.1215
1045 91.1634 32.8108 71.4732
1046 89.158 -0.343317 92.2312
1047 102.391 25.5738 92.2182
1048 93.1202 13.5785 96.1047
1049 102.512 0.199355 77.9875
1050 112.804 28.8268 104.993
1051 94.3927 11.7747 96.3551
1052 95.2944 17.7262 90.2185
1053 111.352 22.4701 89.8569
1054 90.2604 25.5915 90.752
1055 108.952 1.25141 69.9354
1056 73.3462 7.79597 111.335
1057 115.295 3.07049 113.813
1058 102.702 27.8379 98.2571
1059 104.482 15.6274 106.961
1060 109.323 1.01581 74.2596
1061 83.4525 -0.254211 96.9541
1062 77.752 18.7169 114.08
1063 92.3877 43.9819 96.6987
1064 88.6435 -0.07966 103.374
1065 103.651 -0.353428 119.814
1066 97.0043 11.6599 117.514
1067 108.755 7.5332 117.812
1068 115.295 7.04665 125.974
1069 100.572 9.72404 111.346
1070 102.761 42.7266 -0.856307
1071 84.3542 37.9572 10.0343
1072 104.311 40.9371 -0.768175
1073 102.861 41.8839 15.5322
1074 104.367 42.3418 2.28827
1075 98.5242 44.5691 -0.875661
1076 109.876 45.4439 25.8624
1077 104.581 41.4974 24.9938
1078 102.888 40.3059 6.18093
1079 101.406 37.4576 17.7469
1080 99.309 31.4822 21.9327
1081 107.143 33.6402 13.7581
1082 80.2461 48.8448 39.6192
1083 114.132 69.987 16.9143
1084 74.7394 16.5862 29.3168
1085 78.7818 36.6195 21.4991
1086 81.5892 35.8533 60.3005
1087 107.455 23.2816 46.8991
1088 83.695 56.249 36.0513
1089 83.5057 19.1904 48.2094
1090 106.429 42.4616 61.664
1091 89.8481 29.206 31.6943
1092 91.8023 35.3031 67.4297
1093 92.8211 30.9792 64.9446
1094 86.0477 41.0556 65.1321
1095 78.9999 33.016 49.7311
1096 81.7192 42.9862 62.5478
1097 77.408 23.0779 32.2098
1098 88.1645 54.1436 54.0758
1099 106.849 43.0527 54.8418
1100 76.8914 25.6692 56.5636
1101 109.854 27.8372 25.7168
1102 107.316 27.4654 55.1003
1103 111.51 32.4919 87.4412
1104 83.5522 31.3448 52.3961
1105 84.6885 23.4703 65.2125
1106 112.31 5.83719 93.1008
1107 87.019 27.5983 51.0698
1108 88.2326 27.2857 73.6153
1109 70.5747 27.7345 56.8409
1110 110.822 30.8827 81.4892
1111 100.445 46.0859 75.0279
1112 112.793 48.169 108.649
1113 103.057 21.9244 81.2462
1114 73.9247 34.8873 92.7119
1115 88.5661 35.6686 88.5373
1116 111.783 28.5817 91.9767
1117 83.9644 36.645 88.0192
1118 90.5996 36.8475 81.5218
1119 68.3208 24.0956 99.4913
1120 102.644 46.2638 74.741
1121 59.9339 30.43 83.1917
1122 95.7276 35.9563 92.4935
1123 113.23 24.3156 104.355
1124 86.1036 35.7792 101.228
1125 102.386 39.6374 98.2443
1126 95.7993 57.8175 83.5682
1127 66.9406 62.1441 109.396
1128 92.3603 42.1065 115.332
1129 100.435 39.7334 119.229
1130 109.354 27.4633 127.221
1131 98.9754 44.6165 114.626
1132 102.282 42.1209 121.334
1133 115.378 34.969 122.524
1134 101.415 31.9338 115.257
1135 96.7876 44.0592 117.272
1136 79.2762 48.0965 117.585
1137 99.9285 53.1206 13.3917
1138 104.305 40.7163 4.26782
1139 95.5899 51.677 -1.10013
1140 108.548 45.9868 12.5987
1141 106.863 76.7965 68.8392
1142 107.392 51.1046 43.3853
1143 95.7856 69.7667 37.1926
1144 97.2169 71.8931 18.9193
1145 89.4832 31.6183 19.541
1146 111.397 52.0389 19.215
1147 110.192 71.1786 29.2394
1148 107.397 72.4726 41.1402
1149 94.1318 68.5156 13.4675
1150 77.1654 62.5672 16.6174
1151 106.676 46.6955 54.7048
1152 97.8617 62.4997 55.0869
1153 88.7964 51.1311 51.419
1154 85.6332 55.0693 26.3045
1155 76.5959 60.6737 40.1491
1156 85.0705 61.6122 39.9025
1157 107.319 31.0172 47.5038
1158 82.0314 42.3983 46.2675
1159 83.5665 54.9494 54.0129
1160 108.007 79.3751 57.1778
1161 96.9637 52.1713 68.586
1162 84.5935 67.3657 62.3698
1163 92.956 46.5979 52.9577
1164 83.6179 60.3655 53.457
1165 98.8444 57.8066 54.129
1166 81.9923 77.5216 44.8801
1167 107.013 35.0147 51.3594
1168 65.7247 62.9525 64.0858
1169 95.3678 69.0226 70.1451
1170 110.707 63.6852 79.6221
1171 79.7881 55.1255 79.7969
1172 109.786 43.2498 69.2191
1173 69.7389 61.1305 71.2953
1174 109.699 60.0411 85.4589
1175 76.8577 56.0849 73.0262
1176 86.3825 42.4317 60.582
1177 91.1502 85.8825 80.9904
1178 113.964 48.4703 126.884
1179 98.5844 40.0471 75.4175
1180 80.3511 60.4108 57.4842
1181 109.698 53.59 74.4707
1182 110.649 42.1386 74.6736
1183 115.064 51.5376 114.455
1184 102.457 64.167 94.1591
1185 83.7466 72.777 92.3845
1186 95.7834 33.6334 86.3382
1187 112.463 80.9605 101.322
1188 112.391 59.5677 98.6066
1189 108.747 64.097 73.093
1190 107.82 45.5311 64.2889
1191 71.4483 67.2727 77.4459
1192 106.907 38.1013 99.9895
1193 102.228 70.5277 97.8808
1194 70.4711 46.9442 86.5256
1195 107.243 71.0542 75.1866
1196 81.7794 84.2575 106.693
1197 77.3162 52.004 99.2732
1198 97.2376 62.3471 115.097
1199 84.3552 87.656 106.992
1200 80.3656 61.5252 112.815
1201 86.2517 55.0188 127.5
1202 94.7191 50.776 117.832
1203 109.277 59.9463 126.916
1204 104.715 76.9628 114.561
1205 93.795 57.7471 127.571
1206 107.826 64.9497 127.059
1207 95.4581 101.01 -1.307
1208 81.8591 75.6722 -1.44634
1209 97.0826 86.2558 16.2285
1210 114.77 81.2242 9.33
1211 84.0908 88.5581 8.22421
1212 114.513 82.6595 0.0688576
1213 89.8795 77.1211 -1.18834
1214 79.8706 72.3375 6.1018
1215 100.724 71.7388 12.9335
1216 105.473 86.208 -1.18607
1217 86.0057 95.7711 27.8379
1218 113.477 75.948 16.9215
1219 94.3771 90.8334 21.1809
1220 106.789 67.919 27.7507
1221 112.743 55.4368 15.6142
1222 106.503 68.3835 49.2787
1223 55.5703 85.4964 21.299
1224 83.6165 89.3291 29.7337
1225 114.954 93.4783 9.09019
1226 83.6382 71.1192 68.5835
1227 87.3842 86.2592 61.3481
1228 89.3295 81.8101 51.6569
1229 102.044 67.614 47.6748
1230 62.0623 93.1679 26.2781
1231 81.88 68.2088 68.3411
1232 108.059 87.0669 49.2582
1233 84.1769 81.2539 49.399
1234 84.4427 77.662 57.5981
1235 106.762 73.0863 65.361
1236 71.6224 78.7382 53.3181
1237 102.77 55.1723 41.3041
1238 107.939 90.5533 57.2772
1239 70.5387 91.1417 51.5807
1240 68.9358 97.193 53.8855
1241 108.579 79.4218 72.708
1242 106.573 74.8157 55.1216
1243 107.926 103.432 76.8099
1244 102.619 71.0163 77.7255
1245 108.001 99.782 76.6308
1246 107.168 46.9787 46.8215
1247 113.198 50.7844 107.886
1248 82.3975 102.27 72.8897
1249 107.038 68.795 65.6562
1250 84.5143 90.1602 85.5485
1251 93.9543 67.6735 74.6491
1252 90.899 78.8507 96.6096
1253 110.389 64.7151 77.9753
1254 83.9738 75.4069 70.8572
1255 78.9898 71.7243 87.9269
1256 112.237 61.2962 93.1701
1257 95.0385 82.3192 94.0093
1258 90.2391 83.8687 87.6036
1259 99.5112 76.4331 94.0102
1260 105.502 74.6855 110.453
1261 111.29 50.8808 85.4787
1262 71.9066 104.293 104.777
1263 110.297 85.9026 95.3781
1264 107.186 61.9134 110.501
1265 110.868 89.2602 99.0004
1266 108.984 74.6489 121.038
1267 89.1175 71.1433 127.327
1268 115.018 70.078 119.771
1269 87.7115 77.2063 127.196
1270 102.084 82.242 126.98
1271 109.099 75.9267 122.521
1272 104.662 94.47 112.959
1273 87.355 85.9541 117.821
1274 106.216 96.4409 126.851
1275 94.624 80.3039 127.166
1276 114.977 81.2635 111.868
1277 91.9408 83.894 127.008
1278 77.8915 76.1882 127.53
1279 103.123 83.5107 109.779
1280 109.179 72.1137 126.981
1281 114.53 88.8577 1.81968
1282 92.6336 114.107 3.9258
1283 105.595 114.115 10.084
1284 114.527 100.86 13.9891
1285 100.957 114.197 3.6987
1286 89.9744 113.332 19.5619
1287 108.508 111.781 -1.7628
1288 98.6655 101.492 32.9707
1289 91.4927 113.24 32.5694
1290 109.54 84.9183 31.5802
1291 110.165 109.911 19.8024
1292 84.6853 113.73 35.6069
1293 102.732 88.2213 18.9586
1294 103.466 113.604 29.7102
1295 66.9029 112.084 49.4394
1296 95.8882 113.625 50.1025
1297 64.2771 112.023 39.978
1298 98.386 113.873 35.3387
1299 106.999 70.5 47.0927
1300 94.0604 107.749 32.6857
1301 87.5137 99.5778 32.1038
1302 82.0887 95.4914 34.042
1303 101.859 113.84 46.3376
1304 107.698 94.9413 56.9009
1305 108.13 108.537 46.8716
1306 65.5757 113.923 2.07102
1307 65.8111 101.278 50.5184
1308 79.918 81.7712 70.8482
1309 101.101 111.834 89.0511
1310 81.0259 104.145 73.3692
1311 82.4403 83.5224 77.0349
1312 79.653 83.1291 72.8027
1313 100.143 113.996 68.2659
1314 94.5055 113.939 64.2535
1315 91.9048 71.1016 90.2762
1316 87.1013 101.66 83.3572
1317 107.314 103.224 87.8629
1318 107.976 106.903 73.4423
1319 88.3121 97.7866 83.4233
1320 97.5544 87.8665 70.4213
1321 101.685 114.125 71.8711
1322 96.7312 78.2782 100.482
1323 106.204 112.171 93.7055
1324 107.223 101.199 82.2119
1325 115.337 69.9837 116.022
1326 109.286 91.3926 94.241
1327 93.2493 97.8794 89.9025
1328 111.086 103.303 101.366
1329 90.0558 114.003 85.3997
1330 102.987 112.509 91.2588
1331 71.6476 102.701 110.941
1332 84.7352 113.468 126.948
1333 91.5904 114.675 119.428
1334 96.3176 101.163 127.061
1335 95.7306 106.937 116.706
1336 115.058 103.678 125.033
1337 105.876 101.727 107.397
1338 115.23 103.379 113.594
1339 115.236 112.133 125.363
1340 115.076 109.569 115.2
1341 84.8081 98.6907 123.084
