0 8.37696 21.8232 -0.162493
1 11.4591 1.92011 -0.183162
2 17.2025 18.3562 11.9632
3 28.7102 -1.53053 3.3018
4 27.0803 2.7694 -0.181139
5 9.44331 2.57004 3.83093
6 -0.280733 9.66873 1.5397
7 11.5837 6.79518 11.7578
8 21.4596 10.9145 -0.203135
9 -0.455042 13.8505 1.49336
10 1.13456 30.3772 51.9394
11 25.335 12.9053 22.2711
12 0.93192 17.6077 34.9859
13 1.32749 -0.975799 5.1914
14 22.8676 -1.14075 15.1011
15 12.6118 9.06972 26.6474
16 0.668531 25.5652 29.5553
17 26.078 -0.962297 28.2649
18 -0.0496677 21.907 21.1112
19 16.4229 23.2115 39.2919
20 18.1576 -0.718772 40.0934
21 0.328514 2.24227 25.5961
22 19.4908 23.607 46.0231
23 26.4209 7.365 41.4967
24 1.44235 22.1268 47.4894
25 16.8146 -0.62791 43.3595
26 4.39314 -0.568553 50.1444
27 21.4288 26.2069 54.9227
28 44.8066 3.55826 58.9205
29 13.1395 -0.681725 54.3123
30 14.2251 31.9917 67.9755
31 19.6095 5.20359 50.2494
32 1.59775 14.7911 46.5775
33 32.0945 13.4538 56.7236
34 0.975168 30.7778 93.8038
35 40.9429 -0.427346 57.1327
36 26.7896 -0.76783 56.8718
37 8.4987 29.1697 54.7268
38 15.7538 -0.772218 71.6255
39 19.7929 -0.675703 60.3912
40 14.6824 -0.431716 63.7747
41 17.4133 -0.618083 69.5437
42 47.0508 11.5752 84.8623
43 22.6366 -0.254036 90.7819
44 42.3068 21.4088 82.4584
45 12.9483 -0.287173 87.5049
46 1.09647 6.24752 89.424
47 7.06743 -0.438139 84.4595
48 18.4787 19.7849 93.2023
49 27.4378 15.1196 114.005
50 22.6074 -0.885342 118.575
51 37.7247 18.6268 98.0894
52 20.7892 21.3373 101.597
53 18.9719 -0.60401 116.02
54 32.4343 -0.485205 97.1218
55 14.9492 -0.478028 105.519
56 28.037 17.4036 91.1109
57 19.0728 25.1829 107.905
58 8.34723 29.2975 95.1016
59 6.90926 16.1149 92.7316
60 9.62412 5.40763 114.568
61 8.0155 -0.588897 116.115
62 29.0266 15.0903 120.344
63 20.6445 10.7504 120.329
64 0.432372 0.451863 117.186
65 0.948718 -0.741766 112.586
66 18.1314 43.2514 11.637
67 22.7303 38.61 9.08477
68 10.6768 24.7359 7.53873
69 4.15964 41.9271 10.7584
70 27.564 20.809 19.7308
71 4.11439 39.9337 8.67087
72 28.2662 38.631 -0.645403
73 22.9938 29.3176 -0.600058
74 32.886 22.7251 26.5195
75 -0.580621 52.2392 10.6799
76 0.454087 19.9356 23.6377
77 0.132711 41.7713 21.218
78 1.31974 3.77863 49.9639
79 0.927508 40.2484 45.3897
80 11.2823 31.3779 48.2836
81 1.21517 37.9737 55.3102
82 15.4439 39.2286 26.3731
83 18.7714 47.4988 49.903
84 41.248 37.4502 41.2098
85 0.587915 40.8287 27.3009
86 40.406 52.9416 45.0533
87 8.36549 39.4371 48.0174
88 22.4036 45.3104 50.2385
89 0.986458 27.1573 43.8627
90 26.5913 39.4389 47.7333
91 26.1179 57.611 47.5816
92 1.20521 42.5362 55.1599
93 1.38194 12.1352 49.7823
94 14.8515 49.5483 56.5723
95 25.3738 15.7422 56.3611
96 19.407 53.4079 54.3306
97 19.4014 51.7598 37.0335
98 24.0598 36.8987 67.0166
99 16.2934 15.6914 56.7064
100 1.4282 24.2277 79.1805
101 17.255 39.4688 58.6578
102 1.44623 16.418 82.7879
103 24.2898 31.5724 71.8171
104 34.459 39.8924 48.0395
105 1.10891 36.692 65.8075
106 29.3277 40.0906 69.9631
107 27.8582 35.7154 91.0302
108 10.6433 23.4788 95.4472
109 8.49359 31.8748 73.5884
110 15.1517 45.5936 84.5314
111 1.11845 37.1836 91.4786
112 33.758 41.9003 84.6638
113 0.802399 18.5683 97.9845
114 20.7505 35.742 101.724
115 23.6672 43.7934 88.8321
116 15.921 33.3411 82.7179
117 13.9601 40.0467 86.4811
118 25.0211 29.7624 100.023
119 18.8345 55.2372 113.117
120 17.5204 37.5242 95.1808
121 0.272513 50.4505 102.238
122 19.2559 39.9345 99.6808
123 14.2568 29.4068 86.6133
124 13.974 27.4802 97.6943
125 30.1125 25.4624 106.185
126 21.6033 56.1775 119.982
127 21.7802 46.2284 112.735
128 14.933 22.2223 120.406
129 18.8091 45.8605 112.195
130 6.08574 34.3524 120.092
131 7.51668 37.2393 120.05
132 27.463 28.9584 98.6167
133 23.3235 27.9273 112.786
134 16.8816 67.9497 14.876
135 3.95713 60.9997 -0.350306
136 22.6323 66.9368 -0.929746
137 21.1235 60.961 12.8485
138 9.88268 57.7503 18.1157
139 -0.528258 68.0728 10.893
140 -0.134172 49.8255 21.1094
141 28.1251 55.3982 19.4976
142 0.320062 46.4897 21.4112
143 0.179859 57.9 21.6753
144 41.2171 35.6934 30.3475
145 0.88444 76.7042 45.1832
146 19.9273 65.5593 15.545
147 26.416 61.6008 34.6106
148 25.0229 59.6105 41.0598
149 27.778 61.5697 36.7251
150 26.2088 53.7956 45.6375
151 11.2165 57.6589 43.6493
152 27.8155 67.7201 34.5384
153 19.2895 57.1378 41.421
154 16.5869 61.6006 43.6386
155 27.7349 61.6009 41.3424
156 23.89 45.2085 36.6031
157 0.556997 57.9453 33.7834
158 24.8963 47.0159 35.0101
159 0.800608 38.4477 38.8924
160 19.6259 61.4338 41.0288
161 17.4413 65.4662 54.3111
162 17.4613 67.389 39.1217
163 23.967 41.4469 49.9358
164 51.9969 55.8147 60.5567
165 24.9588 47.7526 63.1933
166 25.7223 63.6057 47.6521
167 1.33118 26.6752 81.8453
168 8.64438 47.5522 75.7152
169 30.8467 67.2286 65.3154
170 15.4393 77.7649 69.0894
171 37.6809 59.878 71.5097
172 13.9918 60.0036 76.3037
173 39.649 71.7249 90.8937
174 36.1316 51.6603 88.5133
175 0.767051 81.238 95.8622
176 23.7049 57.8161 80.0997
177 18.1708 55.6811 78.1635
178 26.6586 47.7768 78.0201
179 18.5523 48.0262 73.7712
180 1.3831 46.8209 68.3403
181 13.9993 67.576 86.847
182 13.9509 65.9273 92.9742
183 23.0312 57.9449 91.0088
184 22.8408 55.8694 95.3471
185 37.7584 54.3138 103.772
186 0.0171563 61.2302 100.809
187 3.21381 68.57 109.395
188 -0.175691 76.9577 113.122
189 23.1746 51.8075 104.061
190 4.99222 47.7962 110.141
191 -0.172436 66.8567 118.457
192 11.4777 63.5393 111.232
193 18.7852 68.5859 119.853
194 0.104676 50.947 111.329
195 8.92893 59.5989 119.905
196 17.7174 53.753 113.852
197 20.4648 51.7126 115.959
198 28.7585 62.399 119.975
199 8.29088 64.6319 10.4921
200 9.12697 91.6325 11.3815
201 16.6736 80.4458 6.21954
202 13.0541 73.5689 17.5724
203 28.3841 77.8198 8.81578
204 10.3376 75.3502 11.4892
205 7.75937 85.8245 -0.588188
206 14.1845 73.4729 15.2685
207 9.8576 74.5089 18.8187
208 18.4189 71.3882 11.2837
209 22.3165 83.5424 40.8173
210 23.0642 88.0562 22.2207
211 25.7456 87.507 21.6213
212 20.3653 73.6526 29.9255
213 19.9219 75.936 15.1533
214 21.5804 83.7497 15.4188
215 0.560263 78.6774 25.3068
216 15.6317 83.3035 17.9036
217 16.5149 75.4174 23.9515
218 22.0797 93.757 25.9528
219 24.4471 71.5019 21.5434
220 0.53743 70.8849 29.7
221 12.5323 83.4888 19.5257
222 0.508229 74.1556 29.1454
223 8.19509 71.3367 17.7374
224 19.273 78.8692 39.4783
225 17.6462 79.4633 36.8333
226 51.5235 60.6859 40.5056
227 32.29 95.7635 42.8808
228 0.968454 75.2337 50.5619
229 1.11553 76.0478 66.7013
230 26.4657 87.4664 71.3361
231 19.7746 67.8341 51.7903
232 0.963032 88.5187 44.819
233 0.957442 65.3636 56.7611
234 29.2598 65.5194 45.4726
235 19.7904 59.8564 58.7582
236 15.6434 65.5418 56.4902
237 1.02618 75.1165 54.9463
238 1.32062 83.0035 54.8564
239 1.39621 72.9899 78.6897
240 19.6281 71.5686 43.4505
241 13.7966 71.5964 78.0891
242 14.0684 67.9922 51.9336
243 16.8128 95.7413 66.8356
244 29.3472 88.1599 75.3945
245 1.01525 73.1311 87.3188
246 30.4625 93.6677 53.8139
247 21.0926 69.3947 58.4513
248 28.2801 91.7567 62.4869
249 1.04846 79.0372 72.9916
250 36.4669 77.8705 75.5438
251 1.01352 85.2467 91.8663
252 22.3298 59.7986 97.4302
253 23.7209 99.6194 58.4333
254 19.3434 68.3093 89.0433
255 25.876 78.0813 99.5245
256 37.3993 91.9142 84.4925
257 16.42 91.9467 94.9442
258 29.2056 77.7258 91.079
259 1.22954 86.6677 76.4748
260 1.27887 90.3059 59.3121
261 0.916108 87.0517 93.4651
262 0.863653 91.0451 89.4661
263 30.5315 67.5478 91.1042
264 0.219912 71.1478 102.047
265 -0.0726655 64.8577 113.161
266 21.5035 78.1163 97.3663
267 0.516011 78.5768 89.7097
268 27.7497 84.094 84.5037
269 16.6637 81.8498 93.1131
270 24.5002 84.4517 94.608
271 14.4958 87.7103 119.718
272 21.7993 68.6943 119.993
273 10.0899 77.0082 119.961
274 9.06698 83.9104 119.749
275 25.8651 72.0221 103.712
276 30.1685 76.4484 99.4437
277 41.5806 80.7329 119.76
278 25.0496 110.243 -1.19404
279 26.8597 95.4836 9.2417
280 12.3072 89.2017 -0.556095
281 6.58019 113.771 7.71138
282 16.6424 113.611 10.521
283 0.505001 97.305 -0.439918
284 34.3024 91.8451 17.4072
285 0.10536 98.7524 21.6231
286 14.4761 113.477 22.1827
287 20.4485 103.789 26.0846
288 9.18859 113.599 31.9626
289 -0.0363202 108.599 23.5099
290 -0.287517 90.8324 16.0226
291 14.039 113.561 18.9853
292 -0.100229 99.1223 28.8283
293 19.3997 99.7259 36.7681
294 8.84085 91.4978 22.0119
295 2.64615 113.517 15.0037
296 27.9999 114.115 9.17566
297 31.3079 101.813 28.1836
298 17.7377 113.71 31.6736
299 15.9854 73.3695 21.83
300 30.959 95.647 51.6552
301 8.15784 113.783 36.9364
302 0.316311 112.32 32.4051
303 9.88235 113.454 49.1632
304 1.42938 110.502 55.5946
305 27.1921 87.8606 19.5255
306 10.7731 113.901 42.612
307 29.465 113.787 16.7054
308 21.9496 113.629 32.7059
309 7.70043 97.7927 26.2077
310 15.0377 91.4863 43.1327
311 8.20868 87.3967 45.3589
312 34.5339 114.034 60.6035
313 15.2209 113.545 39.269
314 1.2042 94.2937 63.8685
315 1.11492 101.038 73.7269
316 17.9785 107.961 68.9224
317 1.03286 93.0022 83.3003
318 0.978932 106.653 88.7423
319 32.0206 100.016 64.6544
320 30.9653 90.2532 62.3516
321 10.1746 113.387 119.726
322 19.4983 113.945 76.6558
323 32.093 114.02 73.5467
324 14.1016 113.883 71.7288
325 25.1564 91.4646 75.2675
326 1.08975 108.347 82.2585
327 0.606879 93.6816 99.1486
328 21.9037 101.968 97.2818
329 32.6547 114.708 103.202
330 35.1153 91.8662 86.3377
331 0.570281 103.521 97.8192
332 13.4565 92.3887 103.441
333 6.18061 114.093 103.67
334 0.198708 103.562 102.636
335 17.6318 114.292 100.606
336 15.1066 114.01 83.3972
337 25.1122 104.074 84.1228
338 28.7724 114.416 113.177
339 25.9764 107.236 119.591
340 -0.0563528 99.4642 107.176
341 17.4662 104.176 106.015
342 14.5592 106.791 114.03
343 31.2922 12.6962 -0.456526
344 30.628 8.55173 9.59695
345 55.8136 18.9779 3.45948
346 45.6553 13.0045 -0.382517
347 53.1043 -1.22744 21.259
348 42.7836 7.62825 22.5079
349 34.5488 14.1327 -0.299399
350 40.2171 19.1468 10.8876
351 45.2913 24.7268 7.1717
352 38.138 19.1198 24.3927
353 48.5904 7.03398 28.6922
354 42.3754 13.1225 26.4929
355 49.0178 -1.18963 19.429
356 56.1013 -0.621073 30.3256
357 40.6011 25.1142 39.3373
358 22.7987 9.29682 4.48923
359 60.3625 27.5513 32.2756
360 47.1247 30.8273 26.6931
361 51.5984 -0.588498 39.6839
362 24.5974 25.4305 47.9751
363 54.4609 23.2164 34.6727
364 47.5235 21.5362 36.852
365 47.7528 -0.455303 63.8646
366 36.8178 11.5163 65.25
367 22.3134 -0.868836 46.4923
368 40.3028 15.4112 52.2684
369 48.4649 25.5478 56.4985
370 37.8638 13.9295 50.4449
371 33.8263 25.4448 41.5073
372 34.861 23.3148 58.747
373 39.252 19.1859 48.0684
374 42.7766 15.3125 54.4402
375 64.3791 11.5266 73.8061
376 35.4038 17.3512 62.9946
377 38.4049 -0.595826 74.0686
378 48.9178 -0.398644 84.2614
379 28.9134 21.8028 93.2305
380 18.4703 -0.363153 80.1133
381 42.0327 13.3865 80.4912
382 37.9274 37.7357 86.7776
383 49.0999 -0.327199 91.6382
384 49.2609 15.7932 100.062
385 25.4291 -0.670691 77.4867
386 33.7662 -0.333727 68.9544
387 50.632 -0.608079 111.823
388 33.7099 -0.460436 99.4369
389 49.1964 19.3829 99.6507
390 50.5656 17.1278 106.655
391 52.0794 23.3526 103.541
392 43.1716 19.6038 91.1863
393 50.5412 11.8821 120.286
394 40.6102 5.95058 120.145
395 46.1025 24.1101 116.823
396 36.2564 21.126 120.273
397 36.2006 0.866604 120.245
398 44.544 -0.573908 114.65
399 50.5141 12.8371 111.784
400 63.898 -0.600687 112.714
401 53.1843 5.04368 120.529
402 28.4952 30.682 -0.608577
403 21.3462 36.8555 9.57226
404 31.3852 38.7833 5.07953
405 54.2649 37.4078 -0.924742
406 55.531 40.6155 -0.983902
407 51.3577 32.8688 17.5389
408 25.0388 34.8155 5.44922
409 45.7172 36.856 15.0052
410 31.4332 29.5411 -0.337693
411 46.8699 36.4906 -0.718208
412 31.3397 43.7342 9.97248
413 26.2055 43.1702 13.4406
414 51.3268 32.2983 27.7362
415 24.6666 48.8657 34.1929
416 48.7143 42.9376 24.2524
417 33.8813 38.9785 13.443
418 35.496 36.9198 13.3673
419 48.3458 26.837 24.1477
420 36.644 36.8997 11.2096
421 50.1477 37.2431 36.9783
422 24.0713 31.2763 37.2028
423 53.2196 7.31701 43.6262
424 35.8819 31.1461 30.5057
425 32.3419 31.2202 32.7782
426 54.5402 15.7557 41.1119
427 59.7787 15.2541 34.8993
428 33.0828 36.1365 21.312
429 51.1177 35.3806 36.7911
430 42.3367 39.6691 39.0337
431 47.7614 23.6869 43.1313
432 21.9089 47.6443 34.3087
433 30.4935 29.7869 58.5765
434 55.7162 29.5792 51.9136
435 37.7476 25.3463 52.2565
436 41.4901 35.7327 54.2123
437 36.3271 20.8634 43.02
438 68.4581 46.207 58.8506
439 51.6267 33.5832 54.149
440 49.2479 39.6473 78.1469
441 36.9649 35.2462 62.7926
442 58.6635 33.4937 67.0937
443 30.3816 43.3806 52.2827
444 35.2752 29.9117 73.6435
445 35.5692 21.5179 73.9641
446 29.3429 29.6214 46.0304
447 57.305 21.7309 43.2316
448 40.5513 15.3905 89.1996
449 38.8118 33.5646 78.2387
450 37.7142 35.3018 39.023
451 29.1202 39.7549 65.332
452 19.5052 37.4238 80.3655
453 48.9965 47.8691 77.9403
454 32.6994 35.3475 54.6533
455 60.2734 30.9347 64.7479
456 47.8102 33.6371 80.227
457 40.8032 17.5974 73.8018
458 43.8093 25.6704 78.1385
459 38.1954 43.8681 86.9188
460 77.2902 51.8819 82.0591
461 46.4515 48.1271 78.2652
462 45.0247 21.8318 82.866
463 58.6028 46.4516 91.3052
464 52.1483 33.9251 73.7572
465 19.6562 41.8999 88.6778
466 65.1428 31.7659 86.6687
467 53.7756 11.5403 101.934
468 57.3025 38.0886 99.455
469 32.2267 7.46128 93.7026
470 30.3604 50.3991 109.748
471 49.0756 37.6184 113.864
472 54.1616 33.6994 112.205
473 49.7707 33.8003 112.014
474 14.6328 17.8665 120.537
475 47.4876 29.3394 120.171
476 47.8079 37.909 110.128
477 43.1196 55.6682 111.422
478 60.6054 18.0465 120.305
479 39.0392 54.76 101.558
480 36.8676 62.8995 -0.807548
481 45.4641 56.213 13.6525
482 39.9841 37.9274 -0.580333
483 42.4896 53.4482 -0.969337
484 10.6704 56.091 29.998
485 36.161 41.5416 32.5919
486 41.2486 73.4795 28.131
487 46.8356 71.9657 19.8646
488 58.5847 70.1474 34.9455
489 49.509 57.3227 28.0674
490 45.2565 59.4685 34.6353
491 42.9562 63.803 23.6489
492 44.5891 45.5802 26.1936
493 44.4628 47.4004 47.743
494 32.0564 36.9826 49.4657
495 44.8456 56.1235 41.3315
496 32.1402 47.5228 43.4887
497 40.8162 63.3989 36.824
498 37.8524 69.955 45.4255
499 42.4985 53.4391 45.4296
500 44.3954 61.3113 50.1518
501 45.8922 73.521 43.0966
502 54.0859 55.5794 43.227
503 50.0781 37.7888 69.6781
504 41.386 51.7194 60.7021
505 39.1966 65.9346 49.4497
506 53.1024 59.8772 62.5173
507 59.6206 66.1754 92.9533
508 42.9541 61.5361 69.2438
509 31.2644 59.3738 62.6483
510 42.8407 45.6333 75.8946
511 44.6354 55.4947 53.8423
512 46.3605 60.0307 69.4131
513 14.874 67.853 56.5042
514 51.961 61.5547 84.2782
515 28.8957 55.6239 90.8772
516 46.3279 74.1609 77.6571
517 47.154 78.2474 82.1017
518 28.1873 51.299 69.6065
519 50.6479 48.1599 99.423
520 38.1022 47.5279 63.2159
521 29.2529 55.376 84.8313
522 62.9104 60.1045 82.2838
523 44.7199 61.7867 82.2166
524 39.0662 57.8372 97.5041
525 39.0492 47.8181 88.8507
526 25.9458 66.7345 106.704
527 35.7887 57.7885 103.599
528 26.6694 45.6098 84.3738
529 34.7809 53.4726 96.931
530 35.9833 72.2587 101.842
531 31.9025 62.4764 120.126
532 34.6294 63.6121 107.502
533 54.8452 50.5709 120.047
534 40.0082 56.1901 105.902
535 40.3592 69.4172 112.65
536 54.748 58.979 107.275
537 38.2313 80.8836 -0.849559
538 44.028 85.1396 -0.97644
539 33.8664 86.8286 -1.08619
540 52.4665 73.6054 8.89487
541 48.5392 105.768 18.5865
542 32.7012 68.637 -0.802157
543 26.8358 76.9112 -0.900282
544 56.5877 63.5094 30.1747
545 52.9639 78.4531 26.2608
546 49.3193 75.6147 21.6307
547 42.5766 92.7523 14.4042
548 41.3667 65.9329 23.5519
549 58.3639 77.8524 17.3581
550 58.4595 76.4837 15.5405
551 69.5056 83.8716 32.1473
552 48.4515 81.8413 17.0757
553 44.6754 89.7255 47.1244
554 69.9136 85.8223 31.8741
555 58.1176 69.7566 45.0842
556 33.0307 61.5633 32.4222
557 22.4069 75.2657 32.615
558 42.7307 81.3197 23.2481
559 62.6693 64.4432 31.7229
560 39.0677 67.3031 40.4419
561 37.4829 89.6651 38.8231
562 51.4847 59.5409 30.1676
563 67.1302 87.7882 36.3966
564 59.676 79.6065 42.9027
565 31.3695 61.0416 22.0577
566 26.3768 75.5059 38.8371
567 51.3053 105.804 53.8125
568 57.2573 96.4536 69.2606
569 61.0848 69.7009 66.9147
570 57.3947 77.7917 62.4586
571 40.7267 77.813 53.7816
572 54.6681 79.7579 42.9042
573 58.4478 78.1006 64.8012
574 68.9028 63.7938 62.5538
575 20.9514 66.9242 58.8941
576 29.388 73.6433 45.3839
577 21.2756 75.6274 49.9442
578 33.5973 74.2258 56.5622
579 58.5718 69.7035 67.155
580 51.7494 78.3085 71.4978
581 42.9794 84.1831 79.8252
582 48.9795 105.85 77.6465
583 53.9995 73.9634 58.1573
584 46.1322 91.7566 71.168
585 39.2912 79.9026 73.4199
586 40.3148 76.0463 79.9639
587 56.1223 82.1353 69.1114
588 45.9263 94.5437 84.521
589 24.6371 91.7646 95.4198
590 49.0425 69.3905 96.5983
591 54.9181 71.863 92.9765
592 53.188 79.8447 86.6213
593 52.1601 76.0211 88.4335
594 36.472 91.6166 82.3735
595 41.1091 63.9335 97.3542
596 58.9083 83.4491 108.255
597 50.3172 71.898 109.667
598 26.2569 67.4642 93.402
599 57.3251 89.7259 112.503
600 32.8191 78.0503 111.605
601 51.7827 75.7179 110.491
602 62.92 83.7942 93.0169
603 56.7527 88.1315 90.6745
604 57.6079 69.5298 91.2561
605 43.6306 84.0958 92.8328
606 47.987 73.9563 95.0332
607 35.0697 76.0884 92.8941
608 41.6918 72.7358 103.152
609 31.614 74.8695 103.135
610 43.0626 85.7368 112.757
611 48.9977 67.7416 115.603
612 39.2381 84.5437 111.757
613 33.0828 72.9357 107.456
614 46.1209 79.0025 110.691
615 43.1933 78.9839 119.704
616 25.5027 90.0252 -0.761444
617 43.8905 112.521 -1.11586
618 55.3406 113.825 0.0216546
619 35.3608 91.7108 9.01881
620 51.0273 113.808 2.06289
621 40.7555 100.158 8.65455
622 56.7915 103.028 -1.37482
623 41.2169 114.083 19.3537
624 29.7165 100.198 8.39177
625 33.7153 113.867 6.29011
626 43.7614 92.0504 8.7591
627 26.5708 113.811 11.5459
628 37.161 107.863 36.2097
629 27.3985 113.804 19.4412
630 38.2416 101.911 25.652
631 34.0064 90.13 11.2014
632 14.3935 97.6374 25.8958
633 39.7793 113.861 26.0432
634 43.9647 105.957 16.9369
635 60.0238 93.5988 40.4677
636 55.8391 113.967 42.5829
637 33.1608 97.5921 45.2613
638 69.618 113.97 53.8096
639 37.6283 85.8707 36.5492
640 55.9581 107.928 68.8084
641 44.3651 105.762 49.4937
642 73.8442 113.715 48.3606
643 38.7956 113.84 51.2614
644 46.0643 99.5123 36.5215
645 46.9324 113.718 34.061
646 44.2918 98.0256 57.9333
647 34.7341 84.0132 45.0052
648 31.5527 113.573 26.1575
649 26.6503 113.957 82.4131
650 29.4234 113.847 66.1345
651 30.5311 113.657 59.5264
652 59.932 92.1362 73.302
653 55.1617 113.908 64.3235
654 21.1054 91.8082 49.5964
655 48.4828 113.884 64.6139
656 45.2392 94.0647 81.7322
657 18.1894 79.5173 71.4956
658 40.77 98.3046 81.7962
659 28.9566 98.1506 69.161
660 31.9235 98.5875 98.964
661 30.9718 91.7527 79.6773
662 36.49 113.929 79.7344
663 41.6004 113.895 75.7807
664 40.2313 113.962 95.2041
665 40.2719 114.63 104.765
666 47.1429 114.015 81.2136
667 36.1202 108.11 75.4302
668 41.7397 102.006 94.6193
669 44.3398 114.256 89.9159
670 43.603 87.9314 77.8309
671 15.815 96.0959 88.5676
672 33.0835 114.334 94.6278
673 44.4746 101.848 84.1731
674 27.7365 104.606 101.353
675 45.8379 114.408 104.776
676 58.6835 94.4586 96.9329
677 33.067 114.2 88.5509
678 29.1423 114.33 91.1094
679 28.95 114.677 109.332
680 28.8845 103.248 119.785
681 47.4703 101.211 119.642
682 52.8865 109.393 119.602
683 38.8025 83.7813 108.347
684 56.0461 114.652 109.893
685 26.9881 114.846 95.4189
686 33.013 114.527 114.302
687 41.7262 110.342 119.559
688 63.1558 114.756 113.198
689 54.5404 100.223 119.457
690 59.8884 114.988 107.795
691 75.7233 11.21 -0.626043
692 61.5735 15.0874 -0.399115
693 81.2873 11.2454 -0.61927
694 78.5228 15.3046 -0.658065
695 70.075 11.4308 -0.603235
696 58.3986 23.1813 19.672
697 78.4089 7.02672 11.604
698 69.6857 25.2179 19.4746
699 59.3756 23.0542 9.34854
700 72.9092 -0.566424 24.8221
701 92.7004 -0.813557 28.8463
702 82.9846 -1.20662 5.96712
703 60.2076 7.2968 28.2042
704 67.3339 -1.12094 16.3921
705 48.9455 -0.749064 22.5894
706 70.3725 -0.522736 54.3315
707 50.4041 8.53429 30.3149
708 69.6006 -0.333974 60.4643
709 79.7528 19.3666 51.7671
710 62.828 18.7597 28.6833
711 62.899 -0.582969 35.477
712 60.5636 27.614 49.6926
713 64.2942 11.4722 26.0273
714 75.6211 21.4271 36.8883
715 59.9483 11.7811 47.8507
716 58.2572 25.3649 41.2279
717 62.9445 -0.559259 54.0471
718 93.5768 26.2257 58.6495
719 45.7265 -0.716412 74.1141
720 90.2183 11.9463 80.0526
721 76.1656 -0.110818 89.3687
722 68.9688 3.66133 82.5487
723 76.1133 27.6037 62.6835
724 61.5778 11.8898 73.4974
725 60.1023 3.67416 58.6742
726 72.8731 11.5836 67.2715
727 78.3764 19.5811 66.9727
728 56.6017 21.8 73.8628
729 63.0513 19.526 60.6614
730 72.099 33.7477 64.9055
731 47.8701 13.4314 91.0842
732 88.9865 -0.381674 92.9739
733 86.4923 -0.476347 100.84
734 89.1071 5.77442 107.839
735 75.0818 9.04089 113.745
736 82.2739 20.4377 119.888
737 59.2342 21.0361 119.986
738 77.7319 15.0591 106.739
739 83.9718 23.671 105.817
740 82.0609 12.1221 111.626
741 63.4224 19.3008 118.895
742 64.7866 16.271 120.351
743 92.2602 19.6356 97.6199
744 56.6686 7.23412 106.109
745 66.3895 5.92062 120.163
746 59.2942 -0.444872 107.746
747 74.8634 30.8333 119.952
748 69.9186 30.4531 13.7136
749 72.7665 43.5399 -0.949288
750 84.3439 41.4452 11.0282
751 75.6588 39.1974 9.04017
752 75.6375 27.4829 -0.630055
753 61.149 24.2449 -0.569134
754 68.3966 52.9727 19.0315
755 71.6243 47.2964 19.573
756 62.7169 37.3172 30.3314
757 55.4286 30.8672 17.7173
758 62.4545 20.8187 17.8561
759 77.3913 23.4357 43.3114
760 66.7604 49.5728 49.8188
761 71.6644 27.4746 28.3379
762 59.9823 29.305 30.3619
763 81.1771 21.918 56.5763
764 68.5014 45.5278 49.4117
765 62.8173 31.6587 47.5544
766 69.2751 31.5589 41.1563
767 84.2021 45.5854 45.4098
768 76.5865 33.8562 64.4964
769 76.552 33.539 52.1209
770 89.2868 27.5915 34.7168
771 76.6161 23.9393 69.5812
772 77.7385 29.4082 56.0577
773 88.1956 36.1897 82.4504
774 63.0911 39.9431 73.8801
775 66.9353 31.9979 62.8447
776 60.1376 21.7024 67.2841
777 82.3146 29.7913 79.9052
778 78.2829 35.5593 62.639
779 99.0871 27.8789 60.6357
780 61.4625 31.6862 75.8196
781 64.4361 31.7083 75.9693
782 64.319 49.5439 71.5688
783 47.321 25.7174 75.8706
784 72.8825 15.4292 78.2656
785 78.5672 36.0492 84.6682
786 93.0046 38.0267 84.1113
787 53.51 39.8137 80.2461
788 83.01 51.8108 75.5947
789 61.5954 48.0661 99.2699
790 66.2427 27.6666 80.1038
791 80.2721 37.8625 84.5421
792 36.1851 41.9208 84.5613
793 78.636 29.889 77.9617
794 79.1596 72.9369 119.477
795 64.6555 39.9403 97.5623
796 57.4246 36.0059 110.009
797 67.733 16.0318 97.6294
798 80.7861 33.6694 105.855
799 67.1619 27.5437 97.3783
800 80.4304 43.3314 102.157
801 74.804 35.7684 103.805
802 84.3717 27.7552 82.2293
803 71.4888 41.5272 91.3769
804 54.6292 47.4998 120.181
805 64.9246 33.5419 119.97
806 67.1237 29.7453 104.098
807 73.6248 21.1783 120.103
808 64.5841 46.3659 101.313
809 85.009 41.8001 105.972
810 85.4835 41.5306 -1.00939
811 77.2553 59.1324 -1.23163
812 55.4946 55.7644 -0.907198
813 57.1101 57.7163 4.42427
814 56.9933 61.6849 16.6057
815 65.7492 44.8617 14.7282
816 48.8184 61.2803 14.9981
817 79.8602 57.7183 12.7159
818 65.6293 50.2147 7.54494
819 70.6768 59.5485 11.0285
820 82.3297 41.3446 13.1246
821 71.3857 60.1165 14.5415
822 60.5841 51.3544 8.87577
823 77.9879 55.65 23.8402
824 49.5566 67.6367 21.4854
825 75.5006 52.4431 25.3606
826 64.1072 69.4947 10.8469
827 55.9673 39.2885 17.2695
828 85.213 69.3515 34.2759
829 67.275 63.6846 19.3788
830 82.4519 63.7637 53.8513
831 68.0381 53.3822 36.424
832 51.1376 61.5386 49.4004
833 82.6671 51.5043 36.6499
834 60.1135 59.1963 25.5263
835 88.2864 73.5156 38.6122
836 63.257 41.4304 49.641
837 54.5267 45.7247 28.2908
838 63.0167 51.6656 54.156
839 69.5396 67.6398 66.6662
840 61.3951 57.247 67.4052
841 82.1956 59.8995 68.9499
842 57.2815 39.4662 73.4454
843 96.9765 60.0605 68.8395
844 75.4384 67.8026 53.6273
845 83.8588 45.025 73.0642
846 87.0744 47.8703 75.8287
847 46.3741 61.5612 80.063
848 88.47 47.8042 58.2477
849 57.4726 67.0858 76.5047
850 78.592 61.5671 80.0729
851 79.6124 42.0176 71.4063
852 88.3829 60.0995 88.1583
853 77.0275 55.9352 82.0751
854 56.6967 45.777 73.5508
855 75.1501 57.7541 66.9543
856 67.1107 52.0519 95.0729
857 75.1773 43.9363 82.1685
858 75.9785 58.3015 91.1519
859 68.9307 43.7017 88.7509
860 53.8181 68.2077 106.011
861 69.913 62.1363 101.678
862 58.9822 80.1395 99.2321
863 76.2368 42.0281 103.785
864 68.9432 57.9163 105.639
865 81.5724 41.7686 101.95
866 80.1988 39.8521 101.565
867 77.579 62.4225 103.532
868 83.5162 62.3392 105.77
869 80.5699 54.2055 105.917
870 81.8965 49.9919 119.98
871 70.3312 65.8762 119.752
872 73.5888 61.9554 119.887
873 84.7981 64.2787 103.637
874 89.1877 50.4954 119.824
875 83.2082 63.6278 119.835
876 79.8222 74.9605 8.08702
877 66.9435 74.2413 5.29394
878 83.972 77.8211 4.66971
879 65.4205 82.1266 -1.34983
880 67.0335 88.2391 19.2082
881 68.1842 78.0583 -1.46791
882 71.3694 77.6958 22.8358
883 59.9921 71.8764 2.44925
884 71.4307 66.1141 -1.10907
885 58.3757 92.5279 11.4415
886 72.6061 73.7006 34.2442
887 64.2184 78.1067 13.1452
888 76.6386 69.3897 17.1664
889 68.2238 77.7967 15.1543
890 55.4909 75.699 23.6626
891 69.5292 83.7401 18.9658
892 78.1627 58.0169 35.7983
893 65.2857 89.4524 27.5496
894 61.4472 71.619 25.5214
895 68.7605 73.6395 34.2254
896 71.2734 89.9742 29.7073
897 81.2198 67.4708 38.8109
898 89.4574 81.5772 36.2171
899 82.4814 54.8594 38.209
900 78.2228 83.6532 47.5795
901 83.4576 79.9494 45.1512
902 72.9497 73.7432 55.9322
903 67.3533 93.7123 42.6032
904 56.2312 87.4787 42.8179
905 86.4032 78.4903 43.2533
906 76.378 98.0854 57.8131
907 93.2564 71.8456 66.6695
908 50.387 97.851 51.4737
909 65.4765 90.3353 64.3256
910 75.3774 71.9473 77.7587
911 79.5738 86.5573 84.1339
912 67.5258 80.1833 71.0796
913 78.1358 93.5392 51.2313
914 52.4356 98.1251 66.6151
915 71.9567 82.0315 66.7
916 86.3291 82.0073 77.3735
917 76.9482 70.0019 80.0525
918 45.4077 82.2752 103.577
919 50.6605 71.9002 95.1222
920 70.2156 76.3703 94.7074
921 71.1031 93.8361 88.1111
922 64.3973 82.2015 75.282
923 71.933 60.2376 95.0904
924 79.9739 84.5214 105.326
925 64.5536 90.0909 102.842
926 61.4151 88.1372 84.0632
927 103.43 98.4871 87.7661
928 70.8507 82.3554 103.415
929 57.9713 84.4639 111.714
930 58.961 82.1959 119.826
931 76.6962 76.5031 113.857
932 67.572 80.986 119.494
933 71.6827 78.3301 97.6065
934 76.1186 78.3642 119.67
935 66.2118 87.5405 119.536
936 64.228 74.4073 105.584
937 67.6796 90.1947 119.64
938 85.5457 99.2781 7.16496
939 56.8946 90.1041 -1.19443
940 61.2216 106.17 16.7479
941 69.7638 84.1654 -1.24555
942 69.883 93.8567 25.5897
943 68.2271 113.629 30.2342
944 79.8577 113.87 17.2155
945 54.3815 97.9526 23.6961
946 61.3261 102.0 17.029
947 69.663 113.917 20.5719
948 64.029 91.4083 13.1113
949 55.3898 113.871 19.2501
950 75.3081 97.6432 23.408
951 71.0076 113.874 38.603
952 58.3317 103.43 48.8946
953 56.087 101.879 23.3409
954 75.3486 102.179 31.8664
955 59.5762 108.161 30.0783
956 84.2188 97.8517 40.3832
957 73.3953 107.903 57.9562
958 44.0044 109.926 53.767
959 92.3807 106.002 40.5393
960 73.7423 93.9894 44.7653
961 71.111 103.739 53.6802
962 84.8531 103.824 66.7069
963 50.0329 113.715 50.8306
964 69.8442 93.9655 44.9733
965 94.1914 102.035 49.0525
966 75.2181 90.1215 38.5931
967 59.8496 113.55 53.0655
968 71.0429 114.087 57.1127
969 84.8294 113.969 81.9943
970 83.7532 99.224 78.9571
971 54.3398 114.01 74.5632
972 68.1661 113.683 65.6555
973 91.333 82.1282 79.5823
974 69.5419 104.29 59.4639
975 93.1289 94.1761 77.2436
976 52.836 106.368 97.014
977 89.138 114.087 75.1879
978 79.6238 82.0702 77.5127
979 60.0164 100.236 77.4655
980 72.3522 88.2033 83.8995
981 78.2188 114.189 85.5252
982 61.1494 114.025 71.4321
983 60.1427 114.158 82.1053
984 61.8714 90.259 97.074
985 85.1601 113.897 86.0685
986 84.4759 114.824 110.941
987 70.1728 96.1882 92.487
988 52.9187 98.8288 105.32
989 67.0066 92.3648 94.5668
990 61.6405 94.0161 92.8807
991 83.0905 114.377 100.418
992 73.2367 87.6817 112.685
993 79.1568 94.3577 90.0548
994 64.0836 99.8455 88.1225
995 68.6786 114.402 90.9566
996 61.6507 96.2578 90.2389
997 55.8507 114.202 94.118
998 68.8032 100.42 119.232
999 61.7258 114.586 115.071
1000 78.8917 110.39 119.217
1001 63.2549 103.348 119.514
1002 78.8619 94.2384 119.402
1003 53.1351 90.1052 114.274
1004 79.9302 114.774 108.935
1005 84.7298 114.997 113.476
1006 90.2685 94.5934 103.316
1007 57.6405 104.766 117.673
1008 114.613 14.1338 16.2753
1009 97.3347 13.3368 11.6464
1010 97.3825 18.6513 -1.03557
1011 108.442 2.19232 -0.668688
1012 92.9898 -1.29719 0.881667
1013 102.826 16.6842 6.73934
1014 86.8159 21.095 9.32953
1015 109.139 13.5672 24.1091
1016 111.854 -0.415342 34.5666
1017 109.375 -0.54825 25.9556
1018 86.5448 12.9598 7.39926
1019 97.8134 9.12325 19.6543
1020 106.474 12.9783 15.4326
1021 94.3051 7.3815 21.7981
1022 89.1233 19.444 39.0848
1023 102.317 9.32574 30.4628
1024 113.748 0.588781 31.9295
1025 95.0177 19.5941 34.4835
1026 102.52 17.4854 30.439
1027 106.547 15.7275 34.8196
1028 92.4194 19.4348 34.6044
1029 99.6872 -0.520217 36.5249
1030 107.635 30.8658 58.6506
1031 83.0044 -0.305002 71.4796
1032 113.527 6.60577 59.3564
1033 96.1421 17.9946 62.8838
1034 113.574 20.3151 48.1206
1035 89.6695 -0.480441 54.6467
1036 113.468 14.5313 67.975
1037 97.6696 15.8965 41.5149
1038 90.7365 25.639 66.884
1039 92.3745 22.2358 70.8717
1040 113.783 20.1174 62.0217
1041 90.7284 -0.212963 66.7494
1042 113.44 1.16622 69.5344
1043 86.4316 -0.331727 64.7206
1044 105.028 5.79992 77.7517
1045 108.771 25.686 62.6925
1046 87.1953 -0.302617 86.2072
1047 93.9707 15.5639 77.5779
1048 95.7204 16.1296 90.6614
1049 106.503 -0.0502756 71.6054
1050 106.054 24.2362 99.3375
1051 92.0982 13.6912 90.6863
1052 92.711 21.9035 82.1794
1053 113.805 9.03671 87.2435
1054 95.4367 19.905 80.0077
1055 111.618 -0.0354323 71.6851
1056 79.0388 12.0389 101.918
1057 114.426 3.50502 97.09
1058 89.8222 29.6266 90.8442
1059 90.0075 7.53597 99.4136
1060 101.906 17.8828 82.0357
1061 94.3283 6.12688 93.0563
1062 78.109 17.4822 105.744
1063 82.9661 24.2429 88.28
1064 88.9675 -0.0817251 96.8459
1065 108.543 22.0439 119.74
1066 97.0043 11.6599 109.843
1067 108.755 7.5332 110.141
1068 115.295 7.04665 118.302
1069 100.572 9.72404 103.674
1070 102.761 42.7266 -0.856307
1071 84.3542 37.9572 10.0343
1072 104.311 40.9371 -0.768175
1073 102.861 41.8839 15.5322
1074 104.367 42.3418 2.28827
1075 98.5242 44.5691 -0.875661
1076 97.4399 43.519 19.632
1077 101.099 37.0949 24.0671
1078 102.895 40.2534 5.89315
1079 85.3752 33.189 17.3068
1080 88.876 35.5238 23.6584
1081 107.07 33.7297 13.63
1082 82.3937 49.5949 38.8486
1083 114.077 46.8407 21.2164
1084 95.4634 19.4842 26.1679
1085 76.6353 33.2316 23.6383
1086 80.0642 31.6946 56.1139
1087 113.388 28.7339 35.5293
1088 86.852 51.8048 38.6396
1089 81.4704 19.6817 47.5222
1090 108.693 37.628 51.7266
1091 80.976 31.3249 32.3511
1092 93.7396 33.7627 62.6746
1093 96.5584 29.6426 58.225
1094 84.1103 37.8962 60.3135
1095 77.852 39.6341 47.515
1096 100.413 45.8046 58.2766
1097 86.7804 27.3834 34.7287
1098 100.637 49.9989 49.3262
1099 113.329 36.6935 52.342
1100 73.8269 25.7531 60.6713
1101 113.831 20.0861 28.0803
1102 113.788 27.2519 64.0916
1103 106.895 27.9527 60.4974
1104 91.7473 29.9742 52.1534
1105 93.6852 29.7838 60.5512
1106 113.686 21.421 65.0007
1107 80.9907 29.5918 58.1787
1108 100.769 27.9911 67.1758
1109 85.9557 31.7937 56.0372
1110 113.853 50.2783 89.9732
1111 106.954 41.9777 70.9577
1112 114.054 52.9461 91.612
1113 89.3251 13.7973 73.5152
1114 72.9727 31.4522 82.3599
1115 82.7808 27.8564 84.3545
1116 113.702 33.1087 77.8788
1117 85.627 39.8561 80.0259
1118 94.7343 29.8098 75.7031
1119 81.8323 21.7056 90.9123
1120 103.084 49.9298 68.9427
1121 65.6464 31.8419 78.0429
1122 87.9315 34.0263 82.091
1123 98.2419 52.2159 88.5667
1124 93.6817 39.9405 88.6254
1125 96.9501 50.3062 86.0368
1126 102.266 56.121 75.3714
1127 80.2007 58.2945 99.0954
1128 92.5209 42.0578 107.724
1129 100.435 39.7334 111.557
1130 109.354 27.4633 119.549
1131 98.9754 44.6165 106.954
1132 102.282 42.1209 113.663
1133 115.378 34.969 114.853
1134 101.415 31.9338 107.586
1135 96.7876 44.0592 109.6
1136 79.2762 48.0965 109.913
1137 99.9285 53.1206 13.3917
1138 104.305 40.7163 4.26782
1139 95.5899 51.677 -1.10013
1140 108.548 45.9868 12.5987
1141 113.677 73.3688 43.5802
1142 113.744 58.7247 28.7696
1143 105.943 63.7455 36.4379
1144 93.9091 64.3863 22.1836
1145 89.0552 43.6261 19.5049
1146 114.14 48.7935 18.0824
1147 114.167 58.7367 16.6023
1148 101.008 57.143 21.1597
1149 94.1455 68.4966 13.7242
1150 88.2157 68.9727 21.9008
1151 113.686 54.4371 46.3067
1152 101.901 61.8875 49.56
1153 90.9992 53.3122 40.6368
1154 93.9767 63.8656 34.2469
1155 78.1672 55.8314 38.4381
1156 74.4399 59.3418 32.3043
1157 113.742 34.199 42.7554
1158 98.1725 45.6665 43.1217
1159 89.2035 53.5074 45.431
1160 113.437 84.7968 57.1238
1161 101.783 52.2152 57.9849
1162 93.5252 61.5712 53.3687
1163 89.8593 49.9537 51.7936
1164 96.8226 59.6797 47.2351
1165 109.047 63.966 51.4668
1166 94.6913 75.7809 44.9644
1167 114.11 45.6193 43.6202
1168 75.1856 69.8926 53.6512
1169 97.3868 61.8082 60.2224
1170 108.442 66.0928 75.1909
1171 88.3675 47.7384 69.0745
1172 113.494 47.4303 63.7729
1173 74.061 55.6398 64.5267
1174 113.338 52.6136 73.5142
1175 79.6724 61.946 64.5077
1176 100.435 49.8524 58.0834
1177 100.254 82.2554 77.358
1178 113.766 66.7763 88.8996
1179 96.561 44.2978 69.2047
1180 89.0633 61.7262 55.806
1181 113.689 54.5663 55.1944
1182 103.491 55.9881 73.0867
1183 114.825 50.5749 102.689
1184 89.1642 63.9871 86.3625
1185 91.09 57.9539 90.5319
1186 98.0404 41.6301 84.1334
1187 114.385 79.9816 96.6267
1188 114.508 58.2643 88.1439
1189 113.494 67.0233 72.022
1190 113.803 56.8462 74.4883
1191 76.5375 65.7277 69.07
1192 92.735 31.7977 92.9636
1193 102.26 68.1286 86.026
1194 79.6054 46.0067 77.6805
1195 114.114 69.2862 90.7424
1196 99.8219 76.8385 96.4669
1197 85.3483 63.907 93.0629
1198 97.2376 62.3471 107.426
1199 88.9149 82.2893 103.434
1200 80.3656 61.5252 105.143
1201 86.2517 55.0188 119.829
1202 94.7191 50.776 110.16
1203 109.277 59.9463 119.244
1204 104.715 76.9628 106.89
1205 93.795 57.7471 119.899
1206 107.826 64.9497 119.387
1207 95.4581 101.01 -1.307
1208 81.8591 75.6722 -1.44634
1209 97.0826 86.2558 16.2285
1210 114.77 81.2242 9.33
1211 84.0908 88.5581 8.22421
1212 114.513 82.6595 0.0688576
1213 89.8795 77.1211 -1.18834
1214 79.8706 72.3375 6.1018
1215 100.724 71.7388 12.9335
1216 105.473 86.208 -1.18607
1217 101.945 95.5672 25.0897
1218 113.859 83.1397 20.006
1219 78.2849 99.783 21.2944
1220 102.874 75.652 27.9344
1221 114.516 56.205 14.4089
1222 113.631 79.0797 24.5192
1223 71.2598 93.5982 23.3578
1224 78.8499 84.0145 34.0335
1225 110.454 86.1098 19.3227
1226 95.0747 75.867 62.3027
1227 105.712 97.638 49.2698
1228 88.6685 77.7187 49.4682
1229 99.4155 65.6578 36.3496
1230 68.2496 95.918 25.64
1231 88.9688 71.9497 60.3989
1232 113.274 74.8575 41.4485
1233 82.3361 82.0695 38.2563
1234 92.5838 75.6698 57.9818
1235 98.9521 69.6964 53.8841
1236 78.1096 85.9473 51.5445
1237 101.929 63.4809 36.7973
1238 112.948 89.1504 52.0037
1239 86.795 95.8621 47.0913
1240 67.9028 95.7102 42.7864
1241 113.139 73.5782 60.6056
1242 113.642 79.709 58.3356
1243 113.257 92.7362 65.3186
1244 99.5654 71.8282 70.8241
1245 113.353 82.8594 76.1642
1246 113.551 49.0058 57.3022
1247 114.5 53.7756 96.0498
1248 91.7971 97.7497 62.4463
1249 113.668 60.6832 65.3565
1250 93.5724 91.9663 79.7508
1251 105.848 74.0753 72.8901
1252 82.7619 74.2743 88.5753
1253 113.403 78.8942 76.5635
1254 79.0583 76.2126 69.0299
1255 86.6988 68.1749 84.2804
1256 114.062 81.7309 94.8922
1257 92.4204 77.9839 84.1259
1258 104.775 84.2674 86.0041
1259 96.7931 65.7815 86.6231
1260 104.303 86.6621 100.434
1261 114.408 72.9429 99.4971
1262 89.9961 98.5679 96.6951
1263 114.053 73.6298 90.4347
1264 90.1406 68.7393 97.3017
1265 106.276 84.3195 100.935
1266 108.984 74.6489 113.366
1267 89.1175 71.1433 119.655
1268 115.018 70.078 112.099
1269 87.7115 77.2063 119.525
1270 102.084 82.242 119.308
1271 109.099 75.9267 114.849
1272 104.662 94.47 105.288
1273 87.355 85.9541 110.149
1274 106.216 96.4409 119.18
1275 94.624 80.3039 119.495
1276 114.977 81.2635 104.196
1277 91.9408 83.894 119.337
1278 77.8915 76.1882 119.859
1279 103.123 83.5107 102.107
1280 109.179 72.1137 119.309
1281 114.53 88.8577 1.81968
1282 92.6336 114.107 3.9258
1283 105.595 114.115 10.084
1284 114.527 100.86 13.9891
1285 100.957 114.197 3.6987
1286 90.6684 113.889 21.1098
1287 114.548 108.855 9.27128
1288 96.5331 101.706 31.6008
1289 98.8866 113.772 34.6568
1290 113.669 92.7706 26.9274
1291 113.727 104.753 26.6531
1292 87.7858 113.823 35.2572
1293 104.094 84.3331 16.5683
1294 104.653 113.992 27.276
1295 62.4913 113.901 47.695
1296 101.784 113.886 48.8415
1297 71.0772 113.722 44.249
1298 103.138 113.941 33.5375
1299 113.366 94.7 33.7033
1300 103.292 98.5142 31.5374
1301 94.3403 104.133 27.6666
1302 88.0295 97.6077 35.9278
1303 107.305 113.904 57.1046
1304 108.041 89.7392 53.6196
1305 109.883 114.073 43.196
1306 78.3114 113.723 12.0643
1307 78.0398 95.8723 40.3829
1308 86.4506 87.3031 66.07
1309 102.849 108.195 68.383
1310 86.5292 102.196 66.3956
1311 90.9467 86.0225 73.1919
1312 95.1877 79.954 66.5664
1313 109.956 113.824 60.126
1314 98.7672 113.785 65.6925
1315 98.0839 82.1589 86.046
1316 93.7407 98.5585 81.301
1317 99.8171 108.541 92.153
1318 106.178 110.314 81.1311
1319 91.065 108.263 79.1361
1320 105.787 90.3743 70.4831
1321 113.55 110.842 75.1517
1322 96.874 82.3978 88.3729
1323 114.15 110.563 85.05
1324 113.325 103.181 83.6733
1325 96.7216 84.7025 100.924
1326 113.805 89.8643 87.345
1327 86.5699 86.264 92.6378
1328 113.853 101.299 90.5287
1329 93.5878 114.195 82.8992
1330 110.521 113.81 86.7066
1331 78.404 96.658 103.173
1332 88.7108 114.633 112.915
1333 91.5904 114.675 111.756
1334 96.3176 101.163 119.389
1335 95.7306 106.937 109.034
1336 115.058 103.678 117.362
1337 105.876 101.727 99.7257
1338 115.23 103.379 105.923
1339 115.236 112.133 117.691
1340 115.076 109.569 107.528
1341 84.8081 98.6907 115.412
