0 8.37696 21.8232 -0.162493
1 11.4591 1.92011 -0.183162
2 17.2025 18.3562 11.9632
3 28.7102 -1.53053 3.3018
4 27.0803 2.7694 -0.181139
5 9.44331 2.57004 3.83093
6 -0.280733 9.66873 1.5397
7 11.5837 6.79518 11.7578
8 21.4596 10.9145 -0.203135
9 -0.455042 13.8505 1.49336
10 1.31589 32.7575 53.1675
11 21.7839 13.5004 22.7671
12 0.878541 17.6007 34.0817
13 1.50583 -1.10042 5.2917
14 23.0783 -1.41808 14.31
15 14.8561 8.79854 26.8681
16 0.414186 27.6122 23.8827
17 26.2822 -0.987808 27.1714
18 0.663184 15.9772 28.5689
19 19.6743 20.76 39.0494
20 18.0111 -0.728212 40.0687
21 0.521142 2.34803 26.2816
22 19.6136 23.3958 46.2977
23 26.4737 6.9316 42.082
24 1.1912 22.4719 47.514
25 16.8388 -0.878899 43.5103
26 4.24958 -1.1251 50.4912
27 22.5161 27.2505 54.5444
28 43.3309 3.45163 58.7585
29 12.5964 -0.927791 54.5186
30 14.0819 33.2523 67.9819
31 21.1687 7.08573 50.7524
32 1.21933 15.8299 44.9156
33 30.9198 13.0394 56.7858
34 0.988545 30.7358 94.9172
35 40.7921 -0.526601 57.4667
36 24.9068 -0.8817 55.0567
37 8.71916 30.9325 54.4715
38 14.1405 -0.865376 74.0928
39 15.3494 -0.66201 58.7478
40 14.4302 -0.710854 64.0448
41 17.0328 -0.469574 69.8949
42 46.4239 11.3395 85.1052
43 22.2636 -0.550111 91.3296
44 38.8879 21.5015 82.658
45 12.6659 -0.501351 89.0576
46 0.983331 10.6188 86.2077
47 7.28702 -0.587475 84.8245
48 16.8431 21.8992 92.979
49 27.2369 15.3269 114.468
50 26.7189 -0.896942 117.082
51 38.3084 17.4993 98.0214
52 18.6085 21.6363 102.008
53 19.2769 -0.548138 116.404
54 31.8371 -0.528329 96.486
55 15.0745 -0.51017 106.09
56 27.7632 17.2172 91.2298
57 19.0525 25.0718 108.06
58 6.22728 29.4908 95.6489
59 6.65778 13.745 93.9646
60 9.62412 5.40763 114.818
61 8.0155 -0.588897 116.365
62 29.0266 15.0903 120.594
63 20.6445 10.7504 120.58
64 0.432372 0.451863 117.437
65 0.948718 -0.741766 112.836
66 18.1314 43.2514 11.637
67 22.7303 38.61 9.08477
68 10.6768 24.7359 7.53873
69 4.15964 41.9271 10.7584
70 27.564 20.809 19.7308
71 4.11439 39.9337 8.67087
72 28.2662 38.631 -0.645403
73 22.9938 29.3176 -0.600058
74 33.6668 22.9439 26.4697
75 -1.27715 53.1853 9.86103
76 0.313778 20.0143 23.4329
77 -0.0897335 41.2205 20.3289
78 1.26128 4.12154 49.3168
79 1.12467 40.0047 44.5506
80 11.4791 31.0022 48.5119
81 1.3691 38.4071 55.4151
82 16.292 38.9711 26.6328
83 20.082 45.5096 50.1346
84 40.6072 37.5991 41.4919
85 0.495671 40.2334 28.5209
86 43.4879 51.4385 45.6634
87 4.40698 39.3973 48.2379
88 23.6477 43.8751 49.8798
89 1.18252 28.0638 45.6855
90 27.352 39.5331 47.9528
91 26.494 57.761 47.7179
92 1.27188 42.5538 56.2309
93 1.35224 12.05 49.8988
94 15.9669 49.3498 56.7567
95 21.2628 15.7146 57.3655
96 17.8276 57.5828 52.3759
97 21.4922 51.423 37.1098
98 25.6471 37.6593 67.2919
99 15.8393 15.3565 56.8237
100 1.48002 24.8175 80.1444
101 14.1576 39.7902 59.1888
102 1.03888 16.0933 84.037
103 24.5311 31.6381 71.8942
104 37.6073 39.1064 47.7082
105 1.3373 36.403 66.5632
106 28.5577 39.1403 69.9494
107 26.8685 37.7003 91.2181
108 10.8945 23.8084 95.5377
109 8.79059 31.5064 74.0009
110 18.0699 45.5902 84.6578
111 1.12283 36.7441 92.27
112 33.4511 42.032 84.669
113 0.603118 24.8119 96.8709
114 21.1529 35.7204 102.194
115 23.0412 43.5635 89.0989
116 15.4068 33.6249 82.6068
117 12.8563 39.7116 86.9419
118 24.4026 29.5965 99.982
119 18.887 55.3073 113.286
120 16.4868 37.4197 95.6543
121 0.452272 49.855 101.637
122 17.9871 39.6809 99.8774
123 14.3744 29.2548 86.8496
124 13.5729 25.1075 98.1802
125 30.1125 25.4624 106.436
126 21.6033 56.1775 120.233
127 21.7802 46.2284 112.985
128 14.933 22.2223 120.656
129 18.8091 45.8605 112.445
130 6.08574 34.3524 120.343
131 7.51668 37.2393 120.3
132 27.463 28.9584 98.8671
133 23.3235 27.9273 113.036
134 16.8816 67.9497 14.876
135 3.95713 60.9997 -0.350306
136 22.6323 66.9368 -0.929746
137 21.1235 60.961 12.8485
138 9.88268 57.7503 18.1157
139 -0.528258 68.0728 10.893
140 -0.128384 51.7302 18.648
141 27.6912 57.4676 21.9703
142 -0.0734303 46.1117 21.1064
143 0.00714598 58.7994 20.7633
144 42.3094 35.1185 30.5749
145 1.07151 73.3219 45.5558
146 19.8956 65.0753 14.9214
147 26.3292 61.4737 34.8695
148 26.6782 59.4489 41.4726
149 27.1994 61.5557 36.7393
150 27.8356 51.3146 45.5579
151 12.7053 57.3032 43.5945
152 30.3844 65.7769 34.7162
153 19.3688 59.0534 41.0805
154 19.8568 61.5845 43.6257
155 33.3049 60.2159 41.669
156 23.2473 45.2947 36.9485
157 0.736691 56.7371 31.5193
158 24.9504 47.3601 34.7012
159 0.822038 36.551 40.2779
160 20.6843 64.9109 40.7453
161 18.3237 65.5474 54.3858
162 18.0954 65.2871 39.0956
163 23.7229 41.3122 50.0016
164 53.1565 56.9331 60.302
165 29.6946 45.5613 63.2844
166 26.8632 63.6724 47.8974
167 1.48356 26.6786 81.993
168 7.12874 47.3283 76.1123
169 31.6184 67.6307 65.0427
170 13.4709 77.5006 69.142
171 39.3988 59.8845 71.6918
172 12.1888 61.7722 75.9795
173 38.0006 72.0507 90.8241
174 36.2125 51.6094 88.8372
175 0.5278 79.8528 97.7705
176 23.3223 55.679 80.3919
177 18.2689 57.2021 78.4522
178 29.4676 48.0651 78.5946
179 18.1435 46.9559 73.4423
180 1.15132 44.4899 66.7628
181 14.0676 68.1863 86.3704
182 12.4577 65.9521 93.0971
183 25.2496 57.8911 91.221
184 22.4228 57.9226 95.3488
185 37.1412 52.0133 104.136
186 0.0171563 61.2302 101.059
187 3.20066 68.5823 109.691
188 -0.0287174 77.0106 113.18
189 23.1746 51.8075 104.311
190 4.99222 47.7962 110.391
191 -0.172436 66.8567 118.707
192 11.4777 63.5393 111.482
193 18.7852 68.5859 120.104
194 0.104676 50.947 111.579
195 8.92893 59.5989 120.156
196 17.7174 53.753 114.103
197 20.4648 51.7126 116.209
198 28.7585 62.399 120.225
199 8.29088 64.6319 10.4921
200 9.12697 91.6325 11.3815
201 16.6736 80.4458 6.21954
202 13.0541 73.5689 17.5724
203 28.3841 77.8198 8.81578
204 10.3376 75.3502 11.4892
205 7.75937 85.8245 -0.588188
206 14.1845 73.4729 15.2685
207 9.8576 74.5089 18.8187
208 18.4189 71.3882 11.2837
209 25.6942 83.9458 40.9436
210 22.2375 87.4489 21.7135
211 26.784 87.6768 21.7719
212 20.5495 75.4411 30.4603
213 16.8859 74.8767 15.8012
214 19.5826 83.7785 15.3434
215 0.33678 78.6348 25.9332
216 14.6542 83.7082 17.5918
217 15.3426 75.3377 24.0721
218 25.8207 93.8506 25.758
219 21.8269 69.7035 21.8112
220 0.715434 70.3303 30.291
221 11.328 83.9945 19.3437
222 0.447517 74.1787 30.5661
223 8.4823 71.5639 17.6758
224 15.1934 77.2851 39.5628
225 17.4917 79.6643 36.9046
226 51.5519 58.9554 41.606
227 32.0526 95.52 42.9719
228 1.01833 74.9479 51.8949
229 1.16696 76.5102 66.6842
230 27.5108 88.0271 71.4175
231 20.307 67.8198 52.2689
232 1.08875 88.9498 44.5042
233 0.92669 69.2195 57.244
234 30.6478 65.8479 45.4636
235 20.677 59.7321 58.5992
236 16.8276 65.4958 56.6698
237 0.996934 74.4301 55.4737
238 0.899046 83.0639 55.0608
239 1.08767 72.4898 79.6376
240 17.0157 69.6662 43.4553
241 13.825 71.8553 77.9529
242 12.4157 67.0618 51.7861
243 19.7832 96.0757 67.0563
244 29.1827 89.9611 75.7269
245 0.816813 74.9488 90.1538
246 29.2703 93.6149 53.723
247 19.7586 69.5509 58.6961
248 29.913 91.8225 62.6074
249 0.82478 81.0611 70.8087
250 33.458 77.7399 75.8775
251 0.690685 84.7709 91.2469
252 20.6812 59.9633 97.5948
253 19.3102 101.513 58.8244
254 19.457 67.4521 88.6455
255 27.3986 78.2271 99.5225
256 37.8243 92.3278 84.1113
257 15.1474 93.9309 95.4058
258 28.3743 75.9239 91.1313
259 1.30985 85.0527 78.4277
260 0.902684 90.735 59.9788
261 0.843152 87.2961 94.0541
262 1.01374 91.1505 89.5924
263 29.2197 67.9186 91.0662
264 0.609418 68.9833 104.294
265 -0.0695775 65.1569 112.88
266 19.2169 76.6833 97.7947
267 0.916641 79.483 89.2679
268 26.688 83.9919 84.5483
269 18.0495 81.7405 92.9573
270 24.9612 84.1594 95.149
271 14.4958 87.7103 119.968
272 21.7993 68.6943 120.244
273 10.0899 77.0082 120.211
274 9.06698 83.9104 120.0
275 25.8651 72.0221 103.962
276 30.1685 76.4484 99.6941
277 41.5806 80.7329 120.01
278 25.0496 110.243 -1.19404
279 26.8597 95.4836 9.2417
280 12.3072 89.2017 -0.556095
281 6.58019 113.771 7.71138
282 16.6424 113.611 10.521
283 0.505001 97.305 -0.439918
284 37.2378 91.8658 17.4567
285 0.0446942 99.0987 20.5424
286 14.5061 113.459 22.4275
287 20.2677 103.776 25.9282
288 9.19338 113.751 32.0593
289 0.0986497 108.664 23.4868
290 -0.347812 90.756 16.0349
291 14.2009 113.565 19.2135
292 0.323275 96.5634 31.3184
293 20.6825 99.9587 36.6907
294 9.54458 91.6549 21.8163
295 2.71916 113.565 14.9705
296 28.1161 113.86 9.41314
297 30.1254 101.34 28.6188
298 17.6554 113.559 30.6161
299 16.2261 71.4291 21.9843
300 29.1261 98.3316 51.5554
301 8.1227 113.468 37.1556
302 0.633962 112.414 31.1256
303 9.45168 113.878 47.9356
304 1.01142 110.228 55.6715
305 28.419 85.4835 19.4183
306 11.0907 113.638 42.6629
307 29.5126 113.917 15.4254
308 21.7817 113.779 32.8506
309 8.70016 97.5972 26.3462
310 13.7556 90.1101 43.9145
311 7.44831 87.6456 45.8248
312 34.6888 113.912 60.9489
313 14.9553 113.662 40.7487
314 1.13035 94.9985 64.4824
315 1.09877 101.254 74.077
316 20.0645 107.888 69.1668
317 0.940261 92.9564 87.3623
318 0.874738 107.331 89.9178
319 31.9748 100.259 65.1374
320 32.8259 90.2643 62.5421
321 8.61101 110.833 119.88
322 19.6344 113.978 77.3384
323 31.7924 114.072 73.7548
324 13.7379 114.124 71.3776
325 26.2725 94.5053 76.179
326 0.87246 110.906 84.5963
327 0.220112 92.0181 101.532
328 21.7595 102.106 97.3695
329 34.3237 114.44 108.892
330 36.2711 92.6011 86.334
331 0.376067 102.662 97.5394
332 14.5516 90.193 103.874
333 5.90858 114.201 103.813
334 0.324137 104.679 99.7093
335 17.6833 114.397 100.025
336 15.2951 114.087 83.8549
337 24.822 104.313 84.5541
338 28.7724 114.416 113.427
339 25.9764 107.236 119.841
340 -0.0563528 99.4642 107.426
341 17.4662 104.176 106.266
342 14.5592 106.791 114.281
343 31.2922 12.6962 -0.456526
344 30.628 8.55173 9.59695
345 55.8136 18.9779 3.45948
346 45.6553 13.0045 -0.382517
347 53.1043 -1.22744 21.259
348 42.7836 7.62825 22.5079
349 34.5488 14.1327 -0.299399
350 40.2171 19.1468 10.8876
351 45.2913 24.7268 7.1717
352 37.2547 19.144 23.9443
353 48.4111 6.9465 28.7817
354 41.8581 12.869 26.2557
355 48.8638 -0.994437 18.4375
356 56.1696 -0.780811 30.6154
357 39.2854 25.4053 39.6249
358 22.7781 9.40445 4.56912
359 62.8916 27.5058 32.5782
360 45.2739 31.0956 26.2198
361 51.8282 -0.402825 40.0501
362 21.1336 27.5065 48.323
363 54.5007 23.0691 34.9139
364 49.0247 21.2541 37.019
365 47.8646 -0.317549 63.9852
366 38.9988 11.5146 65.4961
367 22.6552 -0.815538 46.8429
368 39.3772 15.3553 52.5332
369 47.7478 25.5565 56.8621
370 37.7571 13.059 50.2497
371 35.9172 25.3072 41.4991
372 34.1122 25.0966 58.9895
373 37.9625 19.4063 48.1576
374 42.0868 15.5593 54.6993
375 65.3556 11.909 73.8756
376 36.5651 19.1342 62.7074
377 39.3886 -0.61644 72.9056
378 49.1954 -0.336409 84.4605
379 32.4152 21.7519 93.7642
380 18.211 -0.357159 80.199
381 40.635 13.5686 80.5505
382 38.7742 37.7783 87.0547
383 50.7691 -0.497543 95.5073
384 49.1772 15.3063 99.6627
385 25.0376 -0.614233 78.4335
386 33.6937 -0.470735 69.0965
387 50.4737 -0.627641 112.094
388 31.7824 -0.445587 100.412
389 47.7136 21.7322 100.062
390 50.5656 17.1278 106.906
391 50.4984 27.2563 105.845
392 40.6511 20.6077 92.019
393 50.5412 11.8821 120.536
394 40.6102 5.95058 120.395
395 46.1025 24.1101 117.074
396 36.2564 21.126 120.524
397 36.2006 0.866604 120.495
398 44.544 -0.573908 114.901
399 50.5141 12.8371 112.034
400 63.898 -0.600687 112.965
401 53.1843 5.04368 120.78
402 28.4952 30.682 -0.608577
403 21.3462 36.8555 9.57226
404 31.3852 38.7833 5.07953
405 54.2649 37.4078 -0.924742
406 55.531 40.6155 -0.983902
407 51.3577 32.8688 17.5389
408 25.0388 34.8155 5.44922
409 45.7172 36.856 15.0052
410 31.4332 29.5411 -0.337693
411 46.8699 36.4906 -0.718208
412 31.3397 43.7342 9.97248
413 26.2055 43.1702 13.4406
414 50.1319 31.2654 28.49
415 26.5354 49.3836 34.8466
416 49.5362 37.1606 24.056
417 34.652 38.9933 13.3697
418 35.626 37.042 13.4466
419 48.5972 29.2277 24.0463
420 36.391 37.0449 11.3284
421 50.4133 37.6823 36.7297
422 23.4555 31.4096 37.1928
423 51.4878 7.73321 44.0014
424 37.1236 31.1205 30.432
425 29.1118 31.5834 32.3091
426 56.0071 15.0683 41.323
427 59.8973 15.1856 34.6902
428 34.5081 37.152 21.9514
429 50.1563 35.3084 37.0313
430 41.8204 39.652 39.0976
431 46.0836 23.0759 43.3454
432 21.0565 47.3107 35.0113
433 30.8306 28.9377 59.147
434 53.8057 27.524 52.3661
435 36.5597 25.5142 52.4457
436 39.2568 35.0225 54.0833
437 37.5955 21.8898 43.321
438 67.2285 45.4936 58.648
439 53.1177 32.9518 55.005
440 53.2972 40.2714 78.0884
441 32.2111 36.1254 62.5809
442 60.1156 33.3814 67.1981
443 31.1417 43.3271 52.3622
444 33.9028 29.5748 74.064
445 36.5584 19.6784 74.2304
446 29.5568 27.1423 46.062
447 57.7061 21.2383 43.8544
448 39.3713 17.882 89.2108
449 41.8902 34.0375 78.54
450 36.2763 35.6913 38.99
451 29.4807 39.0032 64.8664
452 19.6434 37.6074 80.5343
453 50.349 47.9377 78.1711
454 29.729 35.2919 54.6253
455 62.9134 31.8399 65.3762
456 47.8179 32.0111 80.8871
457 40.3459 17.2996 74.3442
458 45.2268 25.6924 78.5203
459 37.9991 43.6453 86.9039
460 75.6877 52.1073 82.141
461 46.3064 49.8943 78.1632
462 47.1159 21.4755 82.7661
463 55.9481 46.1134 91.2541
464 53.8855 35.8875 73.9026
465 20.6741 41.8332 89.3478
466 66.0778 31.5714 86.7167
467 53.3226 11.1726 101.947
468 58.2528 37.8171 99.761
469 33.7209 6.01832 93.1152
470 30.3604 50.3991 109.999
471 49.0756 37.6184 114.114
472 54.1616 33.6994 112.456
473 49.7707 33.8003 112.264
474 14.6328 17.8665 120.787
475 47.4876 29.3394 120.421
476 47.8079 37.909 110.379
477 43.1196 55.6682 111.672
478 60.6054 18.0465 120.555
479 39.0392 54.76 101.808
480 36.8676 62.8995 -0.807548
481 45.4641 56.213 13.6525
482 39.9841 37.9274 -0.580333
483 42.4896 53.4482 -0.969337
484 11.8642 57.3033 30.5828
485 34.9705 43.5964 32.4876
486 43.0129 73.4101 27.8476
487 47.5019 71.4886 19.158
488 58.9943 69.5763 36.6875
489 45.7927 57.6148 28.4265
490 44.6592 59.7062 34.6482
491 42.9212 63.6883 23.8044
492 41.7829 42.8748 26.5341
493 43.9143 45.7733 47.8588
494 30.4942 37.4864 50.0084
495 43.15 55.9408 40.8212
496 30.9285 48.0144 43.0087
497 41.1474 63.8176 37.0221
498 37.5111 70.121 46.038
499 41.006 53.5039 45.5846
500 45.0483 61.6275 49.9496
501 46.1238 73.7863 43.2123
502 53.0704 55.7984 42.9617
503 48.6674 39.5926 69.6172
504 41.7232 53.8375 61.1011
505 38.4648 65.7535 49.9001
506 56.0385 60.368 63.3238
507 61.8631 65.9861 93.1684
508 43.4551 59.8897 69.4181
509 34.7364 59.6573 63.1868
510 41.9352 45.0691 76.5499
511 42.6852 55.5605 56.4031
512 45.6877 59.9547 69.5139
513 17.7469 67.7359 56.7414
514 52.2084 61.9936 84.5561
515 29.4958 55.4704 91.1678
516 47.5068 74.1461 78.1112
517 48.0641 79.9724 82.2018
518 30.2772 51.7294 69.5167
519 50.49 47.9537 99.802
520 37.7174 45.1347 62.7034
521 30.5768 56.131 84.7592
522 63.1334 60.9939 83.1303
523 45.0441 61.7691 82.3966
524 39.1506 58.3943 97.302
525 39.2229 47.3909 88.5468
526 25.9496 67.3625 106.687
527 34.6707 58.3524 103.676
528 26.6382 45.3008 84.5349
529 33.621 53.7677 97.9808
530 35.8677 70.2059 101.997
531 31.9025 62.4764 120.377
532 34.6294 63.6121 107.753
533 54.8452 50.5709 120.297
534 40.0082 56.1901 106.152
535 40.3592 69.4172 112.9
536 54.748 58.979 107.525
537 38.2313 80.8836 -0.849559
538 44.028 85.1396 -0.97644
539 33.8664 86.8286 -1.08619
540 52.4665 73.6054 8.89487
541 48.5392 105.768 18.5865
542 32.7012 68.637 -0.802157
543 26.8358 76.9112 -0.900282
544 58.4563 63.4227 30.2009
545 51.5038 79.8879 25.9087
546 47.2323 74.387 22.1498
547 42.4763 92.6639 14.1581
548 41.2808 65.4456 23.7016
549 56.9999 79.5722 16.9697
550 58.5223 76.5454 15.5327
551 70.1108 83.9108 32.2514
552 49.9399 82.0716 17.6336
553 44.1356 89.5755 47.6162
554 69.7625 85.8596 32.2662
555 58.7676 69.7145 45.3129
556 33.1768 61.2913 32.7867
557 21.7854 77.7586 32.4679
558 43.0324 79.3578 23.7057
559 61.4036 63.2699 32.1498
560 34.7886 67.4393 41.1771
561 37.3617 91.3343 38.2187
562 49.8691 57.237 30.2289
563 65.5061 87.5558 36.5768
564 57.1848 77.7016 43.1746
565 29.9722 60.8065 21.161
566 27.6024 73.3299 38.6371
567 52.7476 106.336 53.5553
568 55.9168 95.4961 69.3608
569 60.8626 70.0182 66.8623
570 57.1716 78.0514 62.6979
571 37.6162 78.2124 54.5207
572 51.6617 79.8151 43.3191
573 58.7146 77.9082 64.8509
574 66.7149 63.8254 62.4541
575 22.1443 63.5256 58.7794
576 27.7605 72.0544 45.892
577 23.6415 75.5687 49.9849
578 33.4241 73.863 56.4512
579 57.1379 69.8747 67.0598
580 51.777 78.0668 71.4241
581 42.7253 83.9765 77.934
582 47.7649 106.318 77.8922
583 53.0292 73.7575 58.545
584 47.9701 91.8859 71.277
585 40.2982 80.0436 73.6855
586 40.6565 76.1588 80.1487
587 55.8656 81.8393 68.9317
588 45.9656 96.2171 84.1125
589 23.3986 90.3835 95.0201
590 48.9515 69.0726 96.9022
591 54.345 71.9475 93.2792
592 52.6523 82.3229 86.5008
593 48.7672 76.084 88.7279
594 34.6261 92.0686 82.4985
595 41.2985 66.0131 97.5764
596 58.8301 83.5674 108.437
597 50.3005 72.5329 110.424
598 26.3546 67.9962 93.279
599 57.3987 89.4341 112.886
600 32.9165 77.9232 111.698
601 51.7827 75.7179 110.741
602 63.1394 86.4884 93.0727
603 58.7261 84.2544 90.7238
604 60.3328 70.2558 91.0428
605 43.2715 82.6542 93.5939
606 49.0509 74.0525 95.1945
607 34.5057 76.1979 93.1096
608 40.4621 73.5608 105.231
609 31.614 74.8695 103.386
610 43.0626 85.7368 113.007
611 48.9977 67.7416 115.854
612 39.2381 84.5437 112.008
613 33.0828 72.9357 107.706
614 46.1209 79.0025 110.941
615 43.1933 78.9839 119.954
616 25.5027 90.0252 -0.761444
617 43.8905 112.521 -1.11586
618 55.3406 113.825 0.0216546
619 35.3608 91.7108 9.01881
620 51.0273 113.808 2.06289
621 40.7555 100.158 8.65455
622 56.7915 103.028 -1.37482
623 41.2169 114.083 19.3537
624 29.7165 100.198 8.39177
625 33.7153 113.867 6.29011
626 43.7614 92.0504 8.7591
627 26.3968 113.907 12.597
628 37.9077 107.827 36.6791
629 28.1058 113.195 18.6997
630 40.0456 103.602 25.5605
631 34.021 90.144 11.3138
632 14.7378 97.4851 26.1739
633 39.8508 113.682 26.182
634 43.8261 106.25 17.5252
635 66.9063 94.8361 40.1816
636 55.4834 113.677 42.2811
637 33.2506 97.6453 45.5416
638 69.7635 113.708 54.0475
639 34.8012 87.816 36.7052
640 56.1665 110.209 68.8182
641 46.0211 105.863 49.3648
642 73.9941 113.818 48.5684
643 38.8545 113.631 51.2164
644 45.8623 100.096 36.339
645 47.2179 113.952 33.9419
646 45.8408 101.708 58.2394
647 37.6482 82.1214 45.684
648 32.7918 113.401 24.8636
649 24.8416 114.089 81.6755
650 29.2596 114.045 66.4824
651 30.6347 113.89 59.5756
652 59.8433 93.9546 73.4782
653 54.2851 113.871 62.1748
654 18.1892 93.9438 49.9711
655 48.826 113.847 65.026
656 44.8979 91.916 82.1742
657 20.664 79.9467 71.6175
658 38.9451 98.0941 82.1723
659 29.4565 97.6706 69.5163
660 32.014 98.5622 99.4028
661 30.5031 90.6582 79.6836
662 36.1415 114.032 80.2932
663 41.7904 113.954 76.0569
664 40.2333 114.274 95.2326
665 40.5237 114.556 103.795
666 47.4776 113.98 81.6312
667 34.7457 106.478 75.7629
668 40.0284 102.299 95.1606
669 44.4351 114.13 88.7403
670 43.263 88.633 78.1505
671 15.6647 96.0701 88.5941
672 33.0865 114.299 94.2896
673 45.2996 104.155 84.0987
674 28.2154 104.342 101.471
675 46.2137 114.653 103.975
676 58.7523 93.4476 97.8041
677 33.4798 113.977 89.1419
678 29.0655 113.992 91.2299
679 28.7472 114.483 109.432
680 28.8845 103.248 120.035
681 47.4703 101.211 119.892
682 52.8865 109.393 119.852
683 38.8025 83.7813 108.598
684 56.0461 114.652 110.143
685 26.9881 114.846 95.6693
686 33.013 114.527 114.552
687 41.7262 110.342 119.809
688 63.1558 114.756 113.449
689 54.5404 100.223 119.708
690 59.8884 114.988 108.046
691 75.7233 11.21 -0.626043
692 61.5735 15.0874 -0.399115
693 81.2873 11.2454 -0.61927
694 78.5228 15.3046 -0.658065
695 70.075 11.4308 -0.603235
696 58.3986 23.1813 19.672
697 78.9067 6.74421 11.2764
698 69.9293 29.1367 19.5933
699 59.3756 23.0542 9.34854
700 72.9487 -0.726196 24.8805
701 93.7151 -0.750044 28.0896
702 82.9536 -1.2152 5.92039
703 60.0807 7.10728 28.6295
704 67.2947 -1.23318 16.3176
705 48.7918 -0.74396 23.7289
706 71.7214 -0.635423 57.0602
707 51.3035 9.23411 30.7653
708 70.1919 -0.681247 60.7373
709 79.6799 19.6725 52.3908
710 67.2899 21.5712 28.0434
711 62.9112 -0.470401 35.612
712 60.8784 27.5357 50.0232
713 63.6525 11.0742 26.1865
714 72.4001 21.2431 37.0891
715 61.6355 11.105 48.1242
716 56.8569 25.5197 41.402
717 63.1572 -0.406906 54.146
718 94.9243 25.7921 58.2755
719 47.9145 -0.341048 77.211
720 89.8423 11.7342 80.4723
721 75.8822 -0.282868 89.5819
722 67.6341 3.82339 82.6105
723 75.7758 27.9805 63.212
724 62.5416 11.6318 74.1374
725 60.2027 -0.313318 58.3363
726 71.5353 13.3047 67.1745
727 77.7308 19.6543 67.4228
728 57.1741 21.4495 74.1113
729 61.5376 19.7506 60.784
730 74.4583 33.8482 64.9792
731 50.392 16.1958 89.8519
732 87.6248 -0.212265 90.7195
733 86.4923 -0.476347 101.09
734 89.1071 5.77442 108.089
735 75.0818 9.04089 113.996
736 82.2739 20.4377 120.139
737 59.2342 21.0361 120.237
738 77.7319 15.0591 106.989
739 83.9718 23.671 106.067
740 82.0609 12.1221 111.877
741 63.4224 19.3008 119.145
742 64.7866 16.271 120.601
743 92.2602 19.6356 97.8703
744 56.6686 7.23412 106.359
745 66.3895 5.92062 120.413
746 59.2942 -0.444872 107.996
747 74.8634 30.8333 120.202
748 69.9186 30.4531 13.7136
749 72.7665 43.5399 -0.949288
750 84.3439 41.4452 11.0282
751 75.6588 39.1974 9.04017
752 75.6375 27.4829 -0.630055
753 61.149 24.2449 -0.569134
754 65.8946 53.4186 19.4708
755 72.8303 46.8792 19.0778
756 64.5284 37.6312 30.5071
757 57.2123 31.4416 17.8584
758 62.8259 20.933 17.6978
759 77.1744 23.6654 43.4586
760 66.5436 49.6915 49.8131
761 68.309 27.4055 28.3155
762 61.1163 29.5898 30.6915
763 81.3199 20.7094 56.0707
764 67.1364 45.8894 49.582
765 64.527 33.4304 47.5791
766 70.9567 31.5051 41.3395
767 83.9719 45.5127 45.3304
768 77.1578 33.6463 65.1125
769 75.3113 33.1704 51.8043
770 93.8041 27.2713 34.5424
771 75.5858 23.5584 69.6122
772 78.6927 30.1071 56.6579
773 88.2975 35.8199 82.4996
774 63.5882 37.8233 73.7785
775 68.8857 31.4013 63.1347
776 58.5836 21.6622 67.565
777 84.4062 29.802 80.1451
778 76.985 35.5393 63.1944
779 96.5718 27.6633 60.7471
780 61.8897 31.8244 76.1627
781 64.3763 32.2259 76.4386
782 63.4993 49.8056 71.6066
783 50.3058 25.7492 75.9849
784 72.8787 15.5054 78.4463
785 79.8182 35.5176 84.8478
786 90.5008 37.9372 84.6005
787 51.7745 37.9093 80.3831
788 82.7482 51.9068 75.8343
789 61.8903 48.2581 99.3679
790 65.4103 27.7257 80.5657
791 81.6387 37.7271 84.5209
792 40.5068 41.7564 84.8675
793 79.7051 29.5875 78.0378
794 83.4904 71.8435 120.247
795 64.8387 39.8949 97.7447
796 57.6204 36.1605 110.184
797 67.4821 15.2775 97.804
798 80.3739 33.9232 106.037
799 67.3137 25.6834 95.892
800 80.4304 43.3314 102.408
801 74.7881 36.0175 104.155
802 83.8465 28.0504 82.2186
803 71.8204 44.1446 91.0564
804 54.6292 47.4998 120.432
805 64.9246 33.5419 120.22
806 67.1237 29.7453 104.349
807 73.6248 21.1783 120.353
808 64.5841 46.3659 101.563
809 85.009 41.8001 106.223
810 85.4835 41.5306 -1.00939
811 77.2553 59.1324 -1.23163
812 55.4946 55.7644 -0.907198
813 57.1101 57.7163 4.42427
814 56.9933 61.6849 16.6057
815 65.7492 44.8617 14.7282
816 48.8184 61.2803 14.9981
817 79.8602 57.7183 12.7159
818 65.6293 50.2147 7.54494
819 70.6768 59.5485 11.0285
820 82.3297 41.3446 13.1246
821 71.2125 61.0469 14.5563
822 59.8728 51.6195 9.07987
823 78.4636 55.8957 23.837
824 54.3517 67.7681 21.6171
825 73.2109 51.7468 25.7769
826 64.4385 69.3908 10.9501
827 54.8241 39.345 17.5785
828 85.1116 71.4938 34.1674
829 67.4357 63.482 19.0489
830 81.938 63.8115 53.8738
831 68.4918 53.5218 36.6015
832 50.4578 63.9274 50.0935
833 85.0072 51.7253 36.574
834 59.6925 59.7805 25.8537
835 87.8501 72.2036 38.936
836 61.1555 41.5348 50.0156
837 55.5346 43.2964 28.2776
838 62.7604 51.9207 53.9833
839 68.9295 67.9759 66.9028
840 62.1622 59.701 67.0969
841 80.7466 57.9647 69.3503
842 57.4445 40.69 74.2406
843 96.5349 59.8011 69.0856
844 76.8657 67.1234 54.4253
845 83.7911 45.9679 73.8451
846 88.2183 46.7086 76.4014
847 48.674 61.966 80.197
848 88.1852 47.9536 58.073
849 57.5765 66.3791 75.9831
850 79.4053 59.7877 82.1008
851 79.7896 41.6715 71.4966
852 91.0148 60.2675 88.5079
853 78.2791 56.0416 82.2813
854 56.9507 45.794 74.0226
855 74.2932 57.9555 67.0611
856 69.6924 52.0041 95.5477
857 78.3703 43.6975 82.5747
858 79.0583 58.0388 90.9768
859 68.5396 44.1669 88.8521
860 53.6354 68.3631 106.05
861 68.1658 62.1386 101.814
862 55.9608 81.2749 98.8442
863 75.9516 41.9506 103.979
864 68.695 58.1848 106.302
865 81.5724 41.7686 102.2
866 77.6281 40.1466 101.778
867 77.579 62.4225 103.782
868 83.5162 62.3392 106.021
869 80.5699 54.2055 106.167
870 81.8965 49.9919 120.231
871 70.3312 65.8762 120.002
872 73.5888 61.9554 120.137
873 84.7981 64.2787 103.888
874 89.1877 50.4954 120.074
875 83.2082 63.6278 120.086
876 79.8222 74.9605 8.08702
877 66.9435 74.2413 5.29394
878 83.972 77.8211 4.66971
879 65.4205 82.1266 -1.34983
880 67.0335 88.2391 19.2082
881 68.1842 78.0583 -1.46791
882 71.3694 77.6958 22.8358
883 59.9921 71.8764 2.44925
884 71.4307 66.1141 -1.10907
885 58.3757 92.5279 11.4415
886 74.0691 74.2806 33.7952
887 64.6279 77.7049 12.8015
888 75.6028 69.7646 17.2417
889 68.2455 78.1003 15.3821
890 54.7893 75.9205 23.525
891 70.308 83.7651 19.2403
892 79.3308 59.564 36.6907
893 68.3882 89.3568 27.4498
894 60.9559 71.7124 25.8491
895 69.663 71.611 34.3444
896 70.0952 89.9703 30.2002
897 82.4438 68.0404 38.7868
898 89.8491 81.8271 36.3821
899 83.8191 55.9522 38.3508
900 81.1203 83.8676 47.3242
901 83.774 79.917 45.1604
902 72.3942 73.8696 56.1458
903 68.3287 93.4644 43.1115
904 57.3271 87.6504 42.9413
905 84.2257 77.7762 42.8744
906 79.7494 100.23 58.0604
907 93.5792 73.996 66.8637
908 48.5519 97.828 51.8385
909 68.1666 89.9986 64.6292
910 75.1649 71.9408 77.7239
911 75.6856 86.1454 84.3378
912 66.1618 80.1538 70.9514
913 78.1906 94.0476 51.6694
914 50.4028 98.3503 66.4308
915 73.0949 80.0192 66.9596
916 85.7423 82.2908 77.5084
917 75.5528 69.61 80.3164
918 42.6565 80.3997 103.707
919 48.8495 72.0913 95.2124
920 71.6153 76.2452 95.3163
921 71.3413 94.7009 88.5894
922 62.8253 82.0996 75.6907
923 70.2373 60.0285 95.2341
924 82.5143 84.468 105.563
925 64.5588 90.3266 101.816
926 61.5602 88.0008 84.1521
927 103.057 98.2338 88.0787
928 70.3235 81.4033 103.308
929 57.9713 84.4639 111.964
930 58.961 82.1959 120.076
931 76.6962 76.5031 114.108
932 67.572 80.986 119.745
933 71.6827 78.3301 97.8569
934 76.1186 78.3642 119.921
935 66.2118 87.5405 119.786
936 64.228 74.4073 105.835
937 67.6796 90.1947 119.891
938 85.5457 99.2781 7.16496
939 56.8946 90.1041 -1.19443
940 61.2216 106.17 16.7479
941 69.7638 84.1654 -1.24555
942 71.2132 93.9874 25.6962
943 68.3562 113.691 30.1778
944 79.9312 113.822 17.2271
945 54.1643 97.7902 23.5908
946 63.9348 102.077 17.2113
947 69.695 113.806 20.6562
948 64.0582 91.3749 13.3024
949 55.4721 113.792 19.4253
950 75.7912 97.7506 23.7337
951 69.8081 113.749 38.1528
952 57.0882 102.236 49.9085
953 58.5425 99.6488 23.3082
954 75.7417 101.788 32.1758
955 59.9111 107.772 29.8905
956 83.7588 97.8009 40.7896
957 72.5585 107.866 58.1663
958 48.4365 109.884 53.6344
959 91.4709 106.022 40.5329
960 72.759 93.8213 45.0871
961 70.9266 103.825 53.8872
962 85.6161 106.126 66.3002
963 50.1345 113.716 51.1745
964 69.8842 93.6916 45.092
965 91.9103 101.885 49.3016
966 74.3882 88.0349 38.6843
967 60.3586 114.053 55.9949
968 71.1225 113.914 57.3959
969 85.3798 114.182 82.1757
970 83.8967 100.67 80.1227
971 54.4655 114.071 74.8953
972 71.3134 114.111 66.017
973 90.4926 82.1468 79.7513
974 67.2432 103.772 60.3721
975 93.6846 92.9708 77.9092
976 52.6313 106.122 97.0844
977 89.4915 114.118 75.5934
978 76.2874 80.0759 77.7153
979 58.6326 100.451 77.4784
980 72.3165 88.0309 84.2869
981 78.29 114.298 85.6892
982 61.5394 113.901 71.5379
983 60.0879 114.284 81.8978
984 61.5096 90.2963 97.3644
985 85.488 114.114 86.5383
986 84.5995 114.653 110.817
987 68.829 96.1943 93.0883
988 52.7203 98.6439 105.702
989 67.5054 91.7553 95.4654
990 63.0599 94.2263 90.6429
991 83.1667 114.415 100.74
992 73.2576 87.6431 113.0
993 81.0328 94.042 90.6775
994 64.0865 100.328 88.6109
995 68.7299 114.273 92.3682
996 63.0023 98.5955 90.4774
997 56.0321 114.09 94.1846
998 68.8032 100.42 119.482
999 61.7258 114.586 115.321
1000 78.8917 110.39 119.468
1001 63.2549 103.348 119.765
1002 78.8619 94.2384 119.652
1003 53.1351 90.1052 114.525
1004 79.9302 114.774 109.185
1005 84.7298 114.997 113.726
1006 90.2685 94.5934 103.566
1007 57.6405 104.766 117.924
1008 114.613 14.1338 16.2753
1009 97.3347 13.3368 11.6464
1010 97.3825 18.6513 -1.03557
1011 108.442 2.19232 -0.668688
1012 92.9898 -1.29719 0.881667
1013 102.826 16.6842 6.73934
1014 86.8159 21.095 9.32953
1015 108.864 13.2276 24.1269
1016 112.08 -0.129352 33.4933
1017 109.7 -0.526414 26.0504
1018 86.3321 12.9144 7.32376
1019 96.8336 9.14549 19.8419
1020 106.841 13.1734 15.4077
1021 94.3051 7.3815 21.7981
1022 89.9523 19.3673 39.1377
1023 102.02 9.51676 30.6969
1024 113.961 2.77932 33.7612
1025 94.8025 19.316 34.8081
1026 104.402 17.4044 30.4688
1027 106.631 13.4128 34.7206
1028 92.4712 19.315 34.8858
1029 99.6371 -0.645626 36.6459
1030 107.844 29.4077 58.2573
1031 82.5662 -0.26509 74.3319
1032 113.548 6.98138 59.1484
1033 96.5363 16.8138 62.3597
1034 113.706 20.2515 49.365
1035 89.5559 -0.397587 54.9033
1036 113.68 14.3119 63.6868
1037 95.5351 15.2883 41.3176
1038 94.5811 25.6034 67.2879
1039 92.3416 23.1186 71.1938
1040 113.644 20.6629 61.9997
1041 91.1677 -0.508866 66.6834
1042 113.723 1.19329 69.8652
1043 86.9558 -0.599473 64.8213
1044 104.89 5.76034 77.7985
1045 109.344 25.7643 62.7116
1046 87.2038 -0.067531 85.6626
1047 95.0085 17.7362 77.8685
1048 96.2004 15.722 90.8258
1049 106.521 -0.0443467 71.9837
1050 105.963 24.1482 99.4612
1051 94.5684 13.4713 91.3257
1052 93.9447 21.7495 82.3829
1053 114.112 8.95653 87.5591
1054 95.1057 21.8262 80.0692
1055 112.265 -0.210154 71.8683
1056 79.2949 13.3923 104.041
1057 115.066 0.910361 105.419
1058 88.5509 29.5457 91.2963
1059 93.5891 7.425 99.8372
1060 102.577 17.9457 82.2212
1061 94.717 5.78413 93.316
1062 77.3709 17.353 106.001
1063 85.2821 23.9344 89.0683
1064 88.463 -0.334045 97.2181
1065 109.237 23.3974 119.762
1066 97.0043 11.6599 110.093
1067 108.755 7.5332 110.391
1068 115.295 7.04665 118.552
1069 100.572 9.72404 103.924
1070 102.761 42.7266 -0.856307
1071 84.3542 37.9572 10.0343
1072 104.311 40.9371 -0.768175
1073 102.861 41.8839 15.5322
1074 104.367 42.3418 2.28827
1075 98.5242 44.5691 -0.875661
1076 97.3293 43.5764 19.2451
1077 100.704 35.5221 23.9252
1078 102.868 40.3575 5.8764
1079 85.572 32.9992 17.7448
1080 88.9135 35.4517 23.6318
1081 107.083 33.6907 13.7529
1082 81.6657 49.4861 38.9566
1083 114.431 45.0493 19.3271
1084 94.1853 19.1189 25.8633
1085 77.425 35.4074 23.9
1086 82.5142 31.449 56.3731
1087 113.581 28.4595 35.6628
1088 87.7248 52.0365 38.9038
1089 82.3978 17.118 48.0663
1090 106.767 37.7026 51.7884
1091 80.9285 31.4209 32.5338
1092 96.3906 33.8824 63.0897
1093 95.0171 30.3189 58.1792
1094 80.4007 39.6924 60.7085
1095 80.0085 39.7778 47.6487
1096 100.43 45.5309 58.3578
1097 88.2376 27.0672 34.7003
1098 97.5747 49.1941 49.917
1099 113.364 36.9101 53.1773
1100 71.0391 25.657 60.7464
1101 113.738 20.1883 27.5129
1102 113.508 26.7806 63.6804
1103 106.133 27.643 60.4554
1104 92.1546 27.5081 52.0437
1105 93.8132 29.5047 60.7951
1106 113.796 21.0693 66.575
1107 80.9046 29.3382 58.5747
1108 100.772 27.9537 67.2564
1109 85.2404 31.7643 56.4684
1110 114.013 48.855 90.8069
1111 105.68 41.8928 71.1883
1112 113.843 52.7343 90.6689
1113 89.5458 13.7122 73.9315
1114 72.8159 32.3192 82.0441
1115 82.3612 25.9445 84.6809
1116 113.871 35.4997 76.9727
1117 84.8421 39.7611 80.1356
1118 95.7682 29.8528 75.8401
1119 78.5918 23.577 91.2386
1120 101.363 49.7105 69.0122
1121 63.0378 32.0932 78.6335
1122 88.4213 33.3614 82.6598
1123 99.4258 52.1311 88.6371
1124 93.0026 39.7575 88.6312
1125 97.3628 50.0492 86.2759
1126 100.437 55.9744 75.5473
1127 80.2123 55.6009 99.1419
1128 92.311 42.1232 107.94
1129 100.435 39.7334 111.808
1130 109.354 27.4633 119.8
1131 98.9754 44.6165 107.205
1132 102.282 42.1209 113.913
1133 115.378 34.969 115.103
1134 101.415 31.9338 107.836
1135 96.7876 44.0592 109.851
1136 79.2762 48.0965 110.163
1137 99.9285 53.1206 13.3917
1138 104.305 40.7163 4.26782
1139 95.5899 51.677 -1.10013
1140 108.548 45.9868 12.5987
1141 113.29 70.5558 45.9666
1142 113.632 58.2166 30.0559
1143 104.719 63.6383 36.5109
1144 92.7372 65.8204 21.4398
1145 85.564 43.6646 19.0773
1146 113.497 47.3347 17.4823
1147 114.223 61.065 18.9385
1148 101.239 57.1961 21.2721
1149 94.3155 68.3469 13.9285
1150 87.9542 69.5052 21.5723
1151 113.364 56.9279 43.7769
1152 101.697 61.656 49.4423
1153 90.7269 53.6673 40.9656
1154 93.7257 63.4165 33.9887
1155 78.1681 53.0947 38.3997
1156 74.1321 61.31 32.0558
1157 113.562 33.045 44.037
1158 98.0209 45.8105 43.1324
1159 90.599 53.6842 45.1251
1160 113.296 85.4681 57.3804
1161 104.562 51.1326 58.5321
1162 92.5454 59.7219 53.7263
1163 90.9421 51.7102 51.8334
1164 96.2842 58.5018 46.7302
1165 108.684 62.14 51.9952
1166 95.2758 75.9792 45.1395
1167 113.64 43.1998 46.7167
1168 75.2619 68.8151 54.4208
1169 96.2706 62.0571 60.1619
1170 107.829 64.067 75.1506
1171 87.4674 47.6334 69.0804
1172 113.153 49.0258 65.1448
1173 73.7199 55.8865 64.9107
1174 113.53 52.6778 74.2288
1175 78.3796 62.15 65.1064
1176 100.294 49.6877 58.2032
1177 101.297 82.0739 77.3511
1178 113.962 67.9683 88.1914
1179 92.5714 44.1068 68.8799
1180 92.3688 61.4387 56.0766
1181 113.345 54.297 54.5386
1182 102.67 55.8448 73.2298
1183 114.742 51.0489 102.489
1184 89.6215 64.1495 86.4127
1185 91.8893 58.2058 90.8019
1186 98.7351 41.905 84.3388
1187 114.048 79.2039 97.6223
1188 113.72 59.562 88.8407
1189 113.382 68.5788 69.9718
1190 113.649 55.3826 72.1077
1191 75.5511 65.8864 69.0421
1192 96.8842 32.0676 92.8641
1193 102.528 66.7833 85.8337
1194 76.8583 45.7912 77.9633
1195 113.929 69.1904 91.0561
1196 95.8942 76.5285 97.1645
1197 84.1831 64.0368 92.8909
1198 97.2376 62.3471 107.676
1199 88.9103 82.7324 103.264
1200 80.3656 61.5252 105.394
1201 86.2517 55.0188 120.079
1202 94.7191 50.776 110.41
1203 109.277 59.9463 119.495
1204 104.715 76.9628 107.14
1205 93.795 57.7471 120.15
1206 107.826 64.9497 119.638
1207 95.4581 101.01 -1.307
1208 81.8591 75.6722 -1.44634
1209 97.0826 86.2558 16.2285
1210 114.77 81.2242 9.33
1211 84.0908 88.5581 8.22421
1212 114.513 82.6595 0.0688576
1213 89.8795 77.1211 -1.18834
1214 79.8706 72.3375 6.1018
1215 100.724 71.7388 12.9335
1216 105.473 86.208 -1.18607
1217 103.914 95.7172 25.6537
1218 113.765 80.8283 17.6034
1219 79.5791 100.412 21.6322
1220 102.227 75.7843 27.8334
1221 114.607 58.9414 15.7232
1222 113.652 77.2434 26.3222
1223 71.1232 95.67 23.3736
1224 80.8637 84.2745 33.5091
1225 108.979 85.752 19.3036
1226 93.5736 76.0441 62.3722
1227 107.817 95.8646 49.5078
1228 88.1938 75.7738 49.4344
1229 100.528 65.6245 36.6349
1230 66.7629 95.5996 25.8319
1231 89.3077 73.1017 59.9948
1232 113.48 74.8048 42.2894
1233 80.7517 79.6744 38.4814
1234 90.422 73.7366 58.0647
1235 100.553 69.8018 53.823
1236 72.8069 85.7227 51.5563
1237 101.536 63.7407 36.6258
1238 113.259 88.852 52.6985
1239 86.6041 96.1005 47.2126
1240 69.701 95.4757 43.205
1241 113.375 70.9169 59.2748
1242 113.276 79.4426 58.4568
1243 113.496 91.339 67.6734
1244 102.156 72.1566 70.792
1245 113.454 83.2875 71.7195
1246 113.193 50.9712 59.7162
1247 114.297 53.678 96.1405
1248 90.7608 98.5994 62.6637
1249 113.694 60.5692 65.8186
1250 89.3454 92.2908 79.7885
1251 107.554 73.9977 73.2149
1252 83.0809 76.2768 88.3991
1253 113.636 80.8133 78.7515
1254 76.8947 74.2586 68.6464
1255 86.9486 70.6003 83.6316
1256 114.247 81.3837 94.9032
1257 97.2716 78.3645 84.0206
1258 106.617 84.1602 86.1097
1259 96.8226 66.0417 86.567
1260 103.309 86.2849 100.803
1261 114.688 75.1802 102.629
1262 90.2924 98.3798 96.8149
1263 114.052 73.2056 91.4491
1264 90.289 68.4697 97.4002
1265 105.947 84.6281 100.989
1266 108.984 74.6489 113.616
1267 89.1175 71.1433 119.905
1268 115.018 70.078 112.349
1269 87.7115 77.2063 119.775
1270 102.084 82.242 119.558
1271 109.099 75.9267 115.099
1272 104.662 94.47 105.538
1273 87.355 85.9541 110.399
1274 106.216 96.4409 119.43
1275 94.624 80.3039 119.745
1276 114.977 81.2635 104.447
1277 91.9408 83.894 119.587
1278 77.8915 76.1882 120.109
1279 103.123 83.5107 102.357
1280 109.179 72.1137 119.559
1281 114.53 88.8577 1.81968
1282 92.6336 114.107 3.9258
1283 105.595 114.115 10.084
1284 114.527 100.86 13.9891
1285 100.957 114.197 3.6987
1286 90.708 113.475 22.8549
1287 114.554 108.787 9.92323
1288 97.8429 102.159 31.6676
1289 99.168 113.856 34.2894
1290 113.394 96.5443 26.2091
1291 113.694 105.113 22.7549
1292 87.9249 113.929 35.7553
1293 103.894 83.3179 17.3641
1294 105.1 113.986 27.2445
1295 63.7391 114.01 50.8829
1296 101.919 114.006 48.6493
1297 71.2649 114.024 43.1815
1298 103.388 113.973 33.5124
1299 113.451 94.2725 32.698
1300 102.24 97.8519 31.9929
1301 92.2213 103.638 27.5005
1302 87.9412 97.8699 36.345
1303 107.392 114.214 57.3461
1304 108.164 89.7157 53.7167
1305 110.181 113.743 43.4531
1306 74.858 114.118 18.8884
1307 78.1111 95.9809 40.6932
1308 88.606 85.9677 66.7
1309 101.508 108.14 68.6865
1310 84.906 102.223 66.4998
1311 91.1194 86.0603 73.1432
1312 96.7412 79.9669 66.6912
1313 110.228 114.039 60.1375
1314 99.0151 114.102 66.1816
1315 96.7212 79.9889 85.7678
1316 95.7222 98.1455 81.8807
1317 98.2112 108.77 92.6527
1318 107.858 110.219 81.6256
1319 89.291 108.378 79.6777
1320 107.756 90.3686 71.1335
1321 113.429 109.614 74.3351
1322 96.5953 82.3919 88.3813
1323 111.847 113.998 84.1945
1324 113.656 103.186 84.0025
1325 97.2599 84.349 101.435
1326 113.816 88.6214 87.4748
1327 87.0308 82.1226 92.8024
1328 114.037 97.14 90.9907
1329 92.5756 114.182 80.104
1330 110.659 114.265 86.0198
1331 77.2237 97.857 105.038
1332 88.7606 114.803 112.814
1333 91.5904 114.675 112.006
1334 96.3176 101.163 119.64
1335 95.7306 106.937 109.285
1336 115.058 103.678 117.612
1337 105.876 101.727 99.9761
1338 115.23 103.379 106.173
1339 115.236 112.133 117.942
1340 115.076 109.569 107.778
1341 84.8081 98.6907 115.663
