0 8.37696 21.8232 -0.162493
1 11.4591 1.92011 -0.183162
2 17.2025 18.3562 11.9632
3 28.7102 -1.53053 3.3018
4 27.0803 2.7694 -0.181139
5 9.44331 2.57004 3.83093
6 -0.280733 9.66873 1.5397
7 11.5837 6.79518 11.7578
8 21.4596 10.9145 -0.203135
9 -0.455042 13.8505 1.49336
10 1.68399 34.4116 52.6887
11 24.9896 14.8466 22.4603
12 1.22183 17.7276 34.7114
13 1.27431 -1.14554 4.48228
14 23.1574 -1.28415 15.5033
15 16.4209 12.7876 26.7107
16 0.0689692 20.4734 20.3048
17 26.2124 -0.686338 27.396
18 0.888383 11.5566 28.6986
19 18.6719 23.0353 39.7838
20 18.4749 -0.534747 40.508
21 1.18648 0.989897 31.9797
22 13.7353 23.141 46.5176
23 26.8088 5.30376 42.2422
24 1.83178 18.2973 47.8546
25 17.1869 -0.365893 43.9112
26 4.3988 -0.295086 49.7744
27 27.2017 25.3489 54.9955
28 42.4089 -0.560925 57.0564
29 13.0041 -0.445804 49.309
30 19.2052 31.4373 68.4331
31 16.6819 13.4973 53.2657
32 1.54919 14.9392 48.4846
33 27.1788 13.6808 57.3046
34 1.63608 32.0989 84.2261
35 39.4782 -0.45765 60.2364
36 25.673 -0.416692 55.7187
37 1.72308 28.7916 59.1127
38 12.2012 -0.374734 79.0438
39 17.4491 -0.587134 61.6367
40 11.7499 -0.557621 64.4967
41 17.316 -0.509993 70.3794
42 46.1348 11.6604 86.0126
43 25.2365 -0.350059 95.7159
44 35.3788 21.4254 83.9968
45 13.0755 -0.217691 90.0196
46 1.41285 10.3493 82.3574
47 7.55303 -0.403892 83.9958
48 14.1021 23.5067 94.5785
49 27.766 15.2363 115.968
50 20.4052 2.70301 122.104
51 33.3256 15.9864 99.3625
52 19.296 23.8995 104.003
53 19.0035 -0.462558 116.94
54 32.2567 -0.207999 98.6484
55 14.7556 -0.37225 105.985
56 32.0752 17.3849 92.9098
57 19.0664 25.0901 109.482
58 8.37772 31.566 96.8519
59 1.26071 14.8802 95.5207
60 9.62412 5.40763 116.255
61 8.0155 -0.588897 117.802
62 29.0266 15.0903 122.031
63 20.6445 10.7504 122.016
64 0.432372 0.451863 118.873
65 0.948718 -0.741766 114.273
66 18.1314 43.2514 11.637
67 22.7303 38.61 9.08477
68 10.6768 24.7359 7.53873
69 4.15964 41.9271 10.7584
70 27.564 20.809 19.7308
71 4.11439 39.9337 8.67087
72 28.2662 38.631 -0.645403
73 22.9938 29.3176 -0.600058
74 34.3655 19.2276 24.4933
75 -1.03499 52.8487 10.1763
76 0.457495 19.4056 23.4776
77 -0.294636 40.5008 15.8614
78 1.72747 4.73079 49.9239
79 1.63062 42.3613 47.1123
80 13.9982 33.3975 48.7234
81 1.76984 36.4297 58.5811
82 20.2748 40.991 26.7343
83 23.1794 49.6904 50.5786
84 44.4826 37.2545 41.8226
85 1.14455 38.2717 34.2303
86 44.8149 51.3056 45.6903
87 1.37082 29.0925 29.0818
88 28.3017 43.5599 50.6875
89 1.40326 36.9635 44.9829
90 22.6912 40.9052 48.1814
91 25.4375 55.2631 50.4956
92 1.16257 56.9971 48.89
93 1.71652 11.7505 50.7367
94 14.4002 51.6693 57.0991
95 25.4467 15.4468 57.2887
96 11.4081 55.6896 52.9727
97 18.0803 51.2349 37.4871
98 28.4764 39.724 68.2632
99 12.903 15.5912 57.683
100 1.55996 24.4971 85.1383
101 14.6188 37.9094 59.216
102 1.30043 16.2426 84.3157
103 26.6284 33.4591 72.6871
104 37.9167 37.0019 48.6977
105 1.57256 33.8539 64.4628
106 30.2581 39.6057 70.4948
107 20.9414 38.0709 92.5755
108 8.49886 23.9973 96.6509
109 6.66103 31.7404 74.7519
110 18.5511 49.7337 85.8541
111 1.02318 41.6421 94.3051
112 36.2985 37.5572 86.1036
113 1.13203 22.5587 91.3146
114 22.6924 35.432 103.56
115 19.8054 41.407 90.5848
116 14.684 31.8176 83.7121
117 11.5001 41.676 87.8589
118 24.8577 31.921 101.173
119 18.9057 54.9974 114.821
120 18.118 37.4789 97.1365
121 0.742424 52.1456 101.915
122 15.0373 41.4768 101.515
123 18.2447 31.9072 88.1884
124 13.7012 27.7562 99.1814
125 30.1125 25.4624 107.872
126 21.6033 56.1775 121.669
127 21.7802 46.2284 114.422
128 14.933 22.2223 122.093
129 18.8091 45.8605 113.882
130 6.08574 34.3524 121.78
131 7.51668 37.2393 121.737
132 27.463 28.9584 100.304
133 23.3235 27.9273 114.473
134 16.8816 67.9497 14.876
135 3.95713 60.9997 -0.350306
136 22.6323 66.9368 -0.929746
137 21.1235 60.961 12.8485
138 9.88268 57.7503 18.1157
139 -0.528258 68.0728 10.893
140 0.207391 57.8708 17.7201
141 26.0526 57.1018 22.0586
142 0.857571 41.8635 35.3038
143 0.717704 62.1785 25.7811
144 38.8048 37.5721 30.8585
145 1.39878 71.5595 44.1663
146 20.2594 65.5452 15.4851
147 28.0472 65.855 35.3771
148 22.6925 59.3248 41.4694
149 30.5513 61.6309 37.2891
150 31.2172 47.1557 45.9784
151 18.2125 58.7949 43.4624
152 34.4495 63.5207 35.2462
153 23.9443 57.5272 41.7796
154 15.6564 63.29 43.8191
155 33.616 61.2303 41.8438
156 26.621 47.1545 37.5886
157 1.15443 48.0461 41.1724
158 26.1536 47.4184 35.1006
159 0.907785 31.6233 31.8419
160 20.8844 63.7668 41.469
161 21.3362 67.5903 54.901
162 24.8114 67.3602 39.7476
163 29.4919 41.7987 50.9764
164 48.8746 61.9634 61.3249
165 26.9399 47.8987 63.5714
166 22.7849 63.6806 48.1423
167 1.61791 22.5156 78.4625
168 6.11816 49.7532 76.7372
169 30.0924 65.7166 65.8319
170 7.81529 77.7848 70.1072
171 42.002 61.593 72.4285
172 8.69242 61.1883 77.4493
173 32.1252 74.1754 92.0692
174 41.454 53.7333 90.3877
175 0.715444 83.6343 103.208
176 23.9537 55.6827 81.373
177 24.2235 57.9489 79.168
178 33.7455 47.6615 79.3354
179 19.9396 46.2756 75.308
180 1.55709 46.5475 64.9022
181 23.7918 68.366 88.1745
182 15.0361 63.9976 94.3164
183 25.2064 56.0909 92.2394
184 22.9736 56.1729 96.9413
185 37.5338 53.2198 107.035
186 0.0171563 61.2302 102.496
187 3.18102 68.5431 111.232
188 -0.16311 79.8076 108.661
189 23.1746 51.8075 105.748
190 4.99222 47.7962 111.828
191 -0.172436 66.8567 120.144
192 11.4777 63.5393 112.919
193 18.7852 68.5859 121.541
194 0.104676 50.947 113.016
195 8.92893 59.5989 121.593
196 17.7174 53.753 115.54
197 20.4648 51.7126 117.646
198 28.7585 62.399 121.662
199 8.29088 64.6319 10.4921
200 9.12697 91.6325 11.3815
201 16.6736 80.4458 6.21954
202 13.0541 73.5689 17.5724
203 28.3841 77.8198 8.81578
204 10.3376 75.3502 11.4892
205 7.75937 85.8245 -0.588188
206 14.1845 73.4729 15.2685
207 9.8576 74.5089 18.8187
208 18.4189 71.3882 11.2837
209 24.5857 83.5936 41.5766
210 18.9094 85.7216 21.7814
211 22.7117 81.8898 21.7722
212 24.8334 71.2678 30.6212
213 16.9876 73.3419 15.2477
214 21.1632 83.6812 15.602
215 0.290067 79.0563 29.5644
216 11.8739 81.5644 17.6937
217 25.7596 75.1759 26.1257
218 23.0921 94.7089 25.3926
219 21.3956 73.5287 21.9637
220 0.39332 75.1012 30.8747
221 -0.268732 84.6302 18.4235
222 0.889039 75.9103 27.4727
223 9.91513 72.9686 16.635
224 14.3631 77.6541 39.5889
225 26.4473 77.463 37.0992
226 53.0818 59.59 41.3176
227 30.8818 97.6738 43.583
228 1.49348 76.6433 49.0568
229 1.42018 82.3916 64.3373
230 25.5542 89.7654 72.4666
231 19.5824 67.3506 52.8277
232 1.29874 82.978 48.0706
233 1.70488 70.6174 61.1285
234 28.1011 63.2827 45.9168
235 22.2979 61.7224 59.2083
236 18.5308 63.2334 56.7973
237 1.4687 72.9211 54.653
238 1.40581 84.3026 53.5764
239 1.47598 72.5199 80.1035
240 13.1172 69.6132 43.9272
241 13.9605 71.7227 79.0725
242 17.1351 70.6146 53.2909
243 16.25 95.9654 67.8672
244 24.9576 88.0115 76.9008
245 1.28475 77.9986 91.7007
246 33.5858 93.7469 54.6421
247 21.5501 71.8922 59.15
248 30.5353 93.6169 63.5709
249 1.56905 79.5636 74.0418
250 40.5003 74.0963 76.9261
251 1.16802 86.869 91.3678
252 18.9653 57.9707 98.9733
253 26.6154 101.667 59.0165
254 21.3859 63.876 90.2225
255 30.8632 80.132 101.128
256 42.1167 91.963 85.3024
257 12.5767 88.2253 96.6318
258 30.752 78.0006 92.3456
259 1.54313 84.3143 79.0498
260 1.62037 94.8747 64.0167
261 1.18881 87.0867 95.5433
262 1.18875 90.4306 87.0171
263 30.6265 66.3007 92.5884
264 0.647111 68.0652 107.35
265 0.0681394 65.22 114.613
266 15.2411 73.9791 98.5814
267 1.12717 74.4205 86.8342
268 25.0446 83.5461 85.4241
269 16.4121 84.0987 94.4243
270 21.6106 86.2761 96.5645
271 14.4958 87.7103 121.405
272 21.7993 68.6943 121.681
273 10.0899 77.0082 121.648
274 9.06698 83.9104 121.437
275 25.8651 72.0221 105.399
276 30.1685 76.4484 101.131
277 41.5806 80.7329 121.447
278 25.0496 110.243 -1.19404
279 26.8597 95.4836 9.2417
280 12.3072 89.2017 -0.556095
281 6.58019 113.771 7.71138
282 16.6424 113.611 10.521
283 0.505001 97.305 -0.439918
284 35.5492 93.699 17.4363
285 -0.0631998 96.4068 19.4325
286 14.4855 113.418 22.138
287 18.7897 101.5 26.0651
288 9.68261 113.452 31.0728
289 0.362166 106.702 21.2373
290 -0.377747 92.206 14.7883
291 14.419 113.497 17.9114
292 0.925576 94.4044 29.4324
293 12.7947 93.3656 37.2647
294 8.1474 93.714 19.7127
295 2.58606 113.492 14.9709
296 27.9051 113.848 10.1195
297 30.2561 95.6849 28.2927
298 18.1056 113.423 30.8235
299 23.9214 75.6477 21.918
300 28.0087 95.773 52.4082
301 8.38882 113.557 37.6851
302 0.649084 111.962 32.4801
303 7.20083 113.446 48.4573
304 1.53194 112.73 53.0921
305 27.1021 81.4833 19.7967
306 9.83767 113.491 39.6988
307 28.3387 113.886 13.264
308 22.1845 113.46 33.3184
309 13.9584 95.5528 26.3294
310 14.3348 90.1215 43.987
311 8.52544 91.9257 46.3394
312 33.7986 113.899 63.9774
313 15.5043 113.623 39.5082
314 1.72937 90.4874 64.323
315 1.54566 100.698 75.6951
316 17.4035 107.748 70.1546
317 1.28597 92.4852 83.6949
318 1.10137 102.164 82.3385
319 27.068 102.169 65.4959
320 28.6108 89.7131 63.7336
321 12.6632 104.754 121.674
322 19.8564 113.919 78.3893
323 32.4043 113.793 74.9258
324 14.3258 113.894 73.817
325 29.0588 94.1188 76.8468
326 4.33682 113.635 88.9521
327 0.275715 89.8685 106.907
328 17.5708 106.706 98.8262
329 33.6062 114.89 119.533
330 37.8083 87.9686 87.825
331 0.696591 102.817 98.8257
332 17.3754 92.5556 105.585
333 7.34288 114.19 104.206
334 0.257947 111.138 104.145
335 15.2347 113.994 87.7866
336 13.8987 113.841 81.2015
337 27.9967 104.027 85.6385
338 28.7724 114.416 114.864
339 25.9764 107.236 121.278
340 -0.0563528 99.4642 108.863
341 17.4662 104.176 107.702
342 14.5592 106.791 115.717
343 31.2922 12.6962 -0.456526
344 30.628 8.55173 9.59695
345 55.8136 18.9779 3.45948
346 45.6553 13.0045 -0.382517
347 53.1043 -1.22744 21.259
348 42.7836 7.62825 22.5079
349 34.5488 14.1327 -0.299399
350 40.2171 19.1468 10.8876
351 45.2913 24.7268 7.1717
352 40.1547 19.9156 23.8635
353 45.5216 7.09807 28.9811
354 38.8719 14.81 26.9177
355 48.8031 -1.07908 18.7396
356 55.788 -0.675011 29.4612
357 33.4363 21.1987 39.5261
358 22.7286 9.20632 4.99141
359 59.7762 27.516 32.7403
360 42.4108 29.2759 26.4912
361 51.8055 -0.588212 41.4714
362 26.5608 29.5189 48.4267
363 54.6319 25.7583 34.8406
364 51.5577 17.4649 37.4886
365 47.9281 -0.156937 64.7015
366 36.2904 11.3732 66.2363
367 22.8331 -0.716781 48.0808
368 41.0088 15.6976 53.1423
369 44.8732 25.9338 57.4501
370 43.0169 15.4675 51.005
371 41.8322 27.0842 41.7394
372 31.2925 25.4352 59.7901
373 42.283 23.6127 48.5442
374 40.8443 11.3162 55.1941
375 62.9312 11.555 74.7753
376 37.7387 19.3658 64.2918
377 40.9068 -0.589728 72.6271
378 49.2947 -0.0445256 85.4527
379 43.4751 20.9617 93.8907
380 18.8435 -0.37895 81.4333
381 40.667 19.2699 82.0224
382 39.4541 40.1867 87.9178
383 60.5879 -0.39659 98.4457
384 54.4545 15.6264 101.452
385 25.7783 -0.35367 79.1418
386 35.2363 -0.616737 71.1714
387 50.5039 -0.534128 113.578
388 32.1471 -0.293283 102.605
389 49.1286 23.4142 100.975
390 50.5656 17.1278 108.343
391 57.7822 29.2311 105.912
392 36.6138 21.4835 92.5757
393 50.5412 11.8821 121.973
394 40.6102 5.95058 121.832
395 46.1025 24.1101 118.51
396 36.2564 21.126 121.96
397 36.2006 0.866604 121.932
398 44.544 -0.573908 116.337
399 50.5141 12.8371 113.471
400 63.898 -0.600687 114.401
401 53.1843 5.04368 122.217
402 28.4952 30.682 -0.608577
403 21.3462 36.8555 9.57226
404 31.3852 38.7833 5.07953
405 54.2649 37.4078 -0.924742
406 55.531 40.6155 -0.983902
407 51.3577 32.8688 17.5389
408 25.0388 34.8155 5.44922
409 45.7172 36.856 15.0052
410 31.4332 29.5411 -0.337693
411 46.8699 36.4906 -0.718208
412 31.3397 43.7342 9.97248
413 26.2055 43.1702 13.4406
414 48.6889 29.344 28.5694
415 27.713 52.0592 34.8579
416 48.598 35.6149 23.7493
417 34.1933 38.9263 13.1378
418 35.9459 36.9905 13.3234
419 52.0183 29.0637 24.2675
420 36.8363 36.6275 10.9705
421 55.6567 37.7681 36.9416
422 22.3752 30.4962 36.9532
423 53.2405 10.7015 44.6369
424 37.2019 29.4588 30.9235
425 26.5044 29.3122 33.1921
426 54.7209 17.5023 41.9542
427 62.7889 17.582 34.9715
428 35.5194 39.0684 22.2573
429 51.6992 35.5683 37.1531
430 40.4822 41.3119 39.6688
431 43.3046 27.019 43.896
432 20.9493 47.7184 35.3766
433 30.8575 27.3232 59.5707
434 58.3324 29.4489 52.6314
435 30.9459 25.6 53.0049
436 36.5626 29.0171 55.4839
437 36.6795 23.2883 44.3735
438 69.633 41.4379 61.3192
439 53.2725 33.1238 55.5599
440 54.6008 36.3326 79.5001
441 32.5769 33.4366 63.9818
442 62.7228 35.615 68.2036
443 29.8042 43.5398 52.8449
444 36.5687 33.7171 74.9273
445 39.652 21.6373 75.2189
446 21.3772 25.4336 46.2881
447 49.0569 19.7019 44.2625
448 41.8949 15.5662 90.4091
449 41.7679 31.4113 79.5383
450 42.3445 37.2395 39.4334
451 32.8975 41.6148 65.9004
452 19.8514 39.8359 81.5249
453 51.5257 47.813 79.1907
454 32.6687 33.3545 54.8174
455 60.6187 31.7581 66.0663
456 45.9528 31.5051 81.8957
457 32.5831 17.7497 74.9979
458 44.733 27.9007 79.3098
459 34.8814 45.8368 88.1958
460 71.6072 51.9199 83.5688
461 45.9533 47.8216 79.2197
462 42.3164 19.9577 83.7011
463 51.9533 48.1521 90.2162
464 52.1103 33.9093 74.7877
465 19.8029 37.6506 90.33
466 67.6981 31.0993 90.0423
467 51.6766 11.8053 103.468
468 60.8774 41.8407 103.205
469 36.5183 5.08061 95.2309
470 30.3604 50.3991 111.435
471 49.0756 37.6184 115.551
472 54.1616 33.6994 113.893
473 49.7707 33.8003 113.701
474 14.6328 17.8665 122.224
475 47.4876 29.3394 121.858
476 47.8079 37.909 111.815
477 43.1196 55.6682 113.109
478 60.6054 18.0465 121.992
479 39.0392 54.76 103.245
480 36.8676 62.8995 -0.807548
481 45.4641 56.213 13.6525
482 39.9841 37.9274 -0.580333
483 42.4896 53.4482 -0.969337
484 12.9781 61.2928 30.7392
485 33.565 41.1889 30.6385
486 41.619 73.4125 28.3705
487 51.3609 72.1219 18.879
488 45.7682 67.3219 37.3627
489 38.6013 53.4985 28.2832
490 44.7296 59.2167 35.1569
491 45.6958 67.5976 23.7326
492 45.0941 43.1815 26.2727
493 46.4787 45.6229 48.1703
494 32.3476 33.5346 50.5101
495 46.1078 57.3836 41.3993
496 32.3602 49.4334 43.9828
497 37.6394 65.5768 37.295
498 37.596 71.3988 46.1235
499 43.2506 53.3115 45.9556
500 43.5797 61.7549 50.4319
501 49.4577 71.6561 43.6183
502 53.2471 55.5424 43.6804
503 44.7285 39.7917 70.6794
504 46.3921 53.6666 61.3648
505 41.831 65.9687 50.363
506 52.7826 59.7197 63.7121
507 64.4357 63.676 94.2586
508 37.5673 59.8179 70.4882
509 33.9348 61.8347 63.6165
510 41.8377 43.9121 77.2553
511 43.3293 55.6169 56.939
512 42.1759 57.712 70.4528
513 21.1987 67.5569 56.9727
514 56.2546 61.6444 86.0472
515 35.7463 59.7438 92.4104
516 44.7733 74.0192 79.0497
517 50.317 81.8535 83.2214
518 32.4658 46.7914 69.775
519 45.6434 49.9182 101.079
520 35.8323 45.1069 63.6767
521 26.0461 51.806 85.8799
522 62.6289 59.9158 83.4104
523 44.3063 65.8231 83.5695
524 38.2441 58.0196 98.951
525 45.0913 47.8953 92.2704
526 26.0527 66.5744 108.096
527 36.7776 58.0998 105.503
528 29.4651 45.3384 85.6263
529 39.2024 54.8336 98.3652
530 31.9911 66.2085 103.453
531 31.9025 62.4764 121.814
532 34.6294 63.6121 109.19
533 54.8452 50.5709 121.734
534 40.0082 56.1901 107.589
535 40.3592 69.4172 114.337
536 54.748 58.979 108.962
537 38.2313 80.8836 -0.849559
538 44.028 85.1396 -0.97644
539 33.8664 86.8286 -1.08619
540 52.4665 73.6054 8.89487
541 48.5392 105.768 18.5865
542 32.7012 68.637 -0.802157
543 26.8358 76.9112 -0.900282
544 66.5747 69.5415 30.3674
545 57.0433 83.7018 25.7349
546 45.643 71.659 21.6234
547 42.5954 92.9097 14.4437
548 41.3295 62.0254 23.4644
549 58.9797 77.7702 19.2809
550 59.3166 75.3871 16.9094
551 69.8755 83.5735 32.3359
552 40.9547 79.4572 19.2867
553 47.0803 87.6986 48.1947
554 71.4763 85.5693 32.382
555 57.427 69.5358 45.8111
556 36.3612 59.6062 32.934
557 26.7085 81.6519 32.8383
558 38.7142 76.8077 24.6483
559 65.5497 67.3835 30.2069
560 40.263 69.295 41.12
561 36.2732 87.9913 38.9209
562 52.8939 59.3366 30.4563
563 63.9685 83.7833 37.0191
564 55.8347 77.6132 43.5118
565 31.4782 60.2167 22.1187
566 23.719 73.6504 39.2982
567 50.2129 105.639 54.5255
568 58.8226 93.965 69.8706
569 59.7653 69.7933 67.9961
570 52.4952 77.8386 63.6386
571 38.7581 81.9526 54.4957
572 53.0364 81.8216 43.8
573 58.7672 79.7164 65.8184
574 68.516 59.955 63.3136
575 20.1774 63.6575 59.5565
576 31.8199 75.5797 46.0147
577 22.3294 77.5001 50.3039
578 35.2017 75.4031 56.7273
579 54.5296 67.318 68.5482
580 53.5796 73.711 72.4026
581 39.4262 84.0538 78.8977
582 44.7711 106.059 78.6956
583 44.3826 75.6654 59.0085
584 55.8355 91.7805 72.0229
585 44.7928 77.8779 74.4752
586 43.392 71.5021 81.4853
587 59.8965 81.9817 68.0802
588 42.1102 93.9512 85.3567
589 16.0674 92.0154 96.6971
590 53.0886 67.7912 98.7063
591 57.4058 72.2162 94.2146
592 55.4284 82.0745 87.8679
593 45.3299 75.6502 89.9955
594 35.0062 92.3249 83.5756
595 42.9449 64.3509 98.8423
596 58.8269 83.9833 109.756
597 50.6092 72.2239 111.505
598 31.8405 66.214 94.7656
599 57.3801 89.5731 114.6
600 32.8444 77.9777 113.217
601 51.7827 75.7179 112.178
602 60.2087 88.0928 94.1333
603 59.847 83.4946 91.6927
604 64.5861 72.0044 92.1297
605 41.8092 84.883 94.6245
606 43.336 74.3789 96.3564
607 37.87 76.0361 94.6014
608 41.1251 74.1679 105.437
609 31.614 74.8695 104.823
610 43.0626 85.7368 114.444
611 48.9977 67.7416 117.29
612 39.2381 84.5437 113.445
613 33.0828 72.9357 109.143
614 46.1209 79.0025 112.378
615 43.1933 78.9839 121.391
616 25.5027 90.0252 -0.761444
617 43.8905 112.521 -1.11586
618 55.3406 113.825 0.0216546
619 35.3608 91.7108 9.01881
620 51.0273 113.808 2.06289
621 40.7555 100.158 8.65455
622 56.7915 103.028 -1.37482
623 41.2169 114.083 19.3537
624 29.7165 100.198 8.39177
625 33.7153 113.867 6.29011
626 43.7614 92.0504 8.7591
627 25.4551 113.754 5.36454
628 40.2201 105.614 36.7761
629 28.5511 113.568 18.8833
630 41.6333 105.522 23.8403
631 34.0862 90.2155 11.2369
632 20.4664 95.521 26.0733
633 40.2212 113.409 26.3885
634 44.1908 107.335 17.5054
635 67.7703 95.8826 41.1453
636 55.6854 113.692 41.4867
637 34.7941 97.5229 45.7421
638 69.5372 113.771 54.7483
639 32.6467 81.6749 37.0122
640 57.2363 110.216 69.871
641 41.264 105.772 50.1429
642 73.8062 113.722 49.2661
643 38.965 113.584 50.2616
644 45.6798 100.441 36.4264
645 47.3153 113.709 32.8853
646 44.5184 103.78 58.7227
647 29.0198 83.5507 45.9064
648 29.6307 113.77 23.963
649 36.5522 113.798 82.779
650 29.6943 113.776 67.3818
651 30.9534 113.811 60.7259
652 57.3222 93.868 74.2193
653 57.0834 113.779 71.1318
654 21.2972 94.0886 50.66
655 48.5737 113.878 67.2611
656 47.4919 91.9469 83.3434
657 22.7101 79.7162 72.3286
658 46.1825 102.315 82.9973
659 26.3649 97.8317 70.1143
660 33.1694 96.4891 100.711
661 32.493 89.8621 81.0869
662 32.2112 113.929 84.5157
663 41.9249 113.992 76.8669
664 40.452 114.105 96.5888
665 40.298 114.654 106.652
666 47.5304 113.778 82.6424
667 35.1212 105.735 76.4104
668 37.6979 102.113 96.3227
669 44.4971 114.09 90.2495
670 43.1676 87.8738 78.8414
671 13.3914 95.9754 89.969
672 33.1829 114.238 95.6399
673 40.9111 105.844 85.2946
674 24.4465 102.602 102.908
675 45.866 114.302 105.402
676 58.5715 92.4028 100.548
677 33.5041 114.023 89.9318
678 29.3624 114.164 93.6474
679 28.7188 114.616 110.981
680 28.8845 103.248 121.472
681 47.4703 101.211 121.329
682 52.8865 109.393 121.289
683 38.8025 83.7813 110.035
684 56.0461 114.652 111.58
685 26.9881 114.846 97.1061
686 33.013 114.527 115.989
687 41.7262 110.342 121.246
688 63.1558 114.756 114.885
689 54.5404 100.223 121.145
690 59.8884 114.988 109.483
691 75.7233 11.21 -0.626043
692 61.5735 15.0874 -0.399115
693 81.2873 11.2454 -0.61927
694 78.5228 15.3046 -0.658065
695 70.075 11.4308 -0.603235
696 58.3986 23.1813 19.672
697 78.4009 6.93112 11.4267
698 67.3051 29.1071 19.7652
699 59.3756 23.0542 9.34854
700 72.9266 -0.517049 25.1502
701 91.2589 -0.633899 22.5723
702 84.3097 -1.06423 7.85182
703 62.4168 10.9325 28.7751
704 67.2496 -0.970248 16.244
705 48.8931 -0.666375 24.2505
706 65.5656 -0.482506 54.9042
707 59.067 13.3271 31.0057
708 71.6048 -0.279429 57.5772
709 75.2434 21.4297 52.6331
710 75.5404 21.564 28.3863
711 63.1117 -0.508461 35.8768
712 58.3497 27.7856 50.5854
713 69.9182 17.4773 26.6404
714 69.9881 21.1698 37.6639
715 52.9477 15.6532 48.6269
716 56.1051 21.5823 41.7424
717 62.0245 -0.633667 56.9589
718 93.2426 27.9496 59.2062
719 47.8446 -0.494224 73.6438
720 85.9437 7.91384 81.4593
721 75.7845 -0.127446 90.8924
722 65.5726 7.83036 81.7113
723 75.3073 31.5061 63.4523
724 65.1238 13.7664 74.7974
725 60.1376 -0.513559 54.2402
726 70.0757 17.7411 68.1897
727 76.7105 19.6767 68.3407
728 56.3167 19.5771 74.9324
729 58.9447 21.8784 61.8474
730 73.9123 34.3719 65.6136
731 52.1564 15.7134 90.4016
732 85.827 -0.0412757 88.3946
733 86.4923 -0.476347 102.527
734 89.1071 5.77442 109.526
735 75.0818 9.04089 115.432
736 82.2739 20.4377 121.576
737 59.2342 21.0361 121.673
738 77.7319 15.0591 108.426
739 83.9718 23.671 107.504
740 82.0609 12.1221 113.314
741 63.4224 19.3008 120.582
742 64.7866 16.271 122.038
743 92.2602 19.6356 99.3071
744 56.6686 7.23412 107.796
745 66.3895 5.92062 121.85
746 59.2942 -0.444872 109.433
747 74.8634 30.8333 121.639
748 69.9186 30.4531 13.7136
749 72.7665 43.5399 -0.949288
750 84.3439 41.4452 11.0282
751 75.6588 39.1974 9.04017
752 75.6375 27.4829 -0.630055
753 61.149 24.2449 -0.569134
754 66.9861 45.5607 19.4395
755 76.7201 45.1745 19.3317
756 70.5411 37.4825 30.4881
757 58.3803 31.1735 17.7118
758 64.0433 21.3392 17.8172
759 78.1974 23.9922 43.5042
760 67.9323 49.8835 50.5167
761 68.108 23.5169 28.238
762 58.2578 29.3285 30.5654
763 83.6413 20.0793 56.8819
764 71.0022 47.6294 50.1865
765 65.2863 33.9494 47.9
766 74.3388 31.4888 41.6873
767 86.6162 45.6656 45.8932
768 79.3453 33.8055 65.864
769 82.4466 34.0505 52.3918
770 97.7928 27.693 34.8303
771 78.2533 25.5605 70.3866
772 78.3162 31.6132 57.0611
773 88.337 37.9507 83.3549
774 65.8432 38.0095 74.6117
775 65.5513 31.6811 63.7533
776 54.5678 21.3849 67.9912
777 92.77 31.8463 81.3124
778 77.9014 36.0786 63.8142
779 98.1401 27.827 61.326
780 59.1157 31.6598 76.8627
781 59.8294 29.8465 77.2388
782 55.7127 49.9985 72.4584
783 44.8892 23.7579 77.4269
784 70.5499 13.7555 79.2266
785 77.3754 35.8297 85.8068
786 86.7666 38.1515 85.4777
787 55.9295 39.8786 81.4157
788 85.0559 49.8114 76.9206
789 67.615 48.2696 100.882
790 75.4998 27.8713 81.4827
791 82.7641 39.84 85.7094
792 42.6565 37.6347 86.1978
793 81.8062 29.7836 79.263
794 86.2317 75.1956 120.952
795 61.9511 35.601 99.0098
796 58.1346 35.9429 111.848
797 67.5216 11.8309 99.2381
798 80.7309 33.6007 107.359
799 64.7944 19.653 97.106
800 80.4304 43.3314 103.844
801 74.9579 35.7015 105.198
802 82.4347 28.0302 83.9009
803 70.3919 41.9226 92.4363
804 54.6292 47.4998 121.868
805 64.9246 33.5419 121.657
806 67.1237 29.7453 105.785
807 73.6248 21.1783 121.79
808 64.5841 46.3659 103.0
809 85.009 41.8001 107.659
810 85.4835 41.5306 -1.00939
811 77.2553 59.1324 -1.23163
812 55.4946 55.7644 -0.907198
813 57.1101 57.7163 4.42427
814 56.9933 61.6849 16.6057
815 65.7492 44.8617 14.7282
816 48.8184 61.2803 14.9981
817 79.8602 57.7183 12.7159
818 65.6293 50.2147 7.54494
819 70.6768 59.5485 11.0285
820 82.3297 41.3446 13.1246
821 70.7 61.4043 14.8703
822 60.3232 51.2137 8.70343
823 79.4272 59.6264 23.5905
824 49.4171 67.3837 19.455
825 71.8012 53.7892 26.0357
826 64.5449 69.48 10.9879
827 53.1854 39.3572 17.3848
828 84.016 75.3915 34.7746
829 64.4333 67.4934 17.3194
830 77.8025 59.7513 54.5438
831 70.9738 51.3542 37.0289
832 50.5116 63.9184 50.5486
833 89.4706 45.5459 36.8815
834 60.6359 61.4998 26.0504
835 86.6677 69.8542 39.0391
836 60.0301 39.7254 50.3357
837 48.944 39.1622 30.5515
838 64.4225 53.955 54.9221
839 62.5555 69.9756 67.9525
840 60.146 61.883 68.2162
841 79.7178 60.0051 70.1508
842 63.289 38.2317 74.5116
843 92.5867 57.6602 69.8539
844 76.6929 69.258 54.1681
845 87.683 46.204 74.5485
846 88.1633 49.7446 76.593
847 46.3996 62.0974 81.6089
848 82.3012 45.6347 59.1904
849 64.1889 63.8465 76.8838
850 81.3748 57.708 83.1776
851 79.7263 41.994 72.5795
852 95.504 60.743 90.1696
853 85.344 56.2517 83.4882
854 61.4296 47.8529 74.7011
855 78.7986 57.6514 67.8436
856 71.7447 47.9381 96.6036
857 71.5457 46.7322 82.6622
858 73.0026 59.9925 92.0053
859 73.6222 41.872 90.3339
860 54.4186 69.8552 107.232
861 64.8512 57.944 103.317
862 58.475 78.3125 100.791
863 75.989 42.1471 105.629
864 68.884 58.6194 107.893
865 81.5724 41.7686 103.637
866 76.6243 40.1282 103.305
867 77.579 62.4225 105.219
868 83.5162 62.3392 107.457
869 80.5699 54.2055 107.604
870 81.8965 49.9919 121.667
871 70.3312 65.8762 121.439
872 73.5888 61.9554 121.574
873 84.7981 64.2787 105.324
874 89.1877 50.4954 121.511
875 83.2082 63.6278 121.523
876 79.8222 74.9605 8.08702
877 66.9435 74.2413 5.29394
878 83.972 77.8211 4.66971
879 65.4205 82.1266 -1.34983
880 67.0335 88.2391 19.2082
881 68.1842 78.0583 -1.46791
882 71.3694 77.6958 22.8358
883 59.9921 71.8764 2.44925
884 71.4307 66.1141 -1.10907
885 58.3757 92.5279 11.4415
886 74.178 71.833 34.6828
887 64.6818 77.6219 12.845
888 72.6255 76.1111 15.4361
889 68.2194 80.0289 14.786
890 53.1423 77.6323 23.7652
891 71.1462 80.5466 23.2951
892 79.3771 57.5625 36.8601
893 61.5662 91.5594 28.0756
894 61.4451 73.7343 26.228
895 64.2076 75.2207 34.8981
896 72.8038 89.6079 29.895
897 81.688 65.7141 39.0277
898 86.2448 79.6723 36.6275
899 83.3442 57.5786 39.094
900 83.5606 87.2454 47.9708
901 80.2583 77.8284 45.7128
902 68.5469 78.0914 56.6132
903 69.7819 94.1851 43.5032
904 58.4269 89.4731 43.1287
905 77.9719 77.6122 43.4046
906 87.7167 99.8688 58.7652
907 93.4809 71.8825 67.725
908 49.465 99.7228 52.3184
909 70.8062 90.1178 65.125
910 79.5215 69.8539 79.0037
911 77.0183 82.3329 85.6218
912 62.2781 78.008 72.2681
913 82.6904 95.69 52.0995
914 53.2124 95.8078 67.7429
915 72.9242 77.822 68.0656
916 87.5995 81.9194 78.6696
917 74.2082 71.8451 81.1574
918 43.1657 82.5229 104.935
919 44.2713 71.8126 96.811
920 71.7484 76.3906 96.5957
921 65.978 89.8645 89.5215
922 64.6858 83.9125 76.5379
923 69.6101 61.9101 96.5049
924 80.9734 90.4176 104.893
925 64.2208 88.5842 100.67
926 59.9068 87.7757 85.6408
927 103.507 98.4504 89.1767
928 68.6721 82.744 104.829
929 57.9713 84.4639 113.401
930 58.961 82.1959 121.513
931 76.6962 76.5031 115.545
932 67.572 80.986 121.182
933 71.6827 78.3301 99.2937
934 76.1186 78.3642 121.358
935 66.2118 87.5405 121.223
936 64.228 74.4073 107.271
937 67.6796 90.1947 121.327
938 85.5457 99.2781 7.16496
939 56.8946 90.1041 -1.19443
940 61.2216 106.17 16.7479
941 69.7638 84.1654 -1.24555
942 77.4273 93.7715 25.5177
943 71.1438 113.54 31.1139
944 79.81 113.994 17.0988
945 49.4317 97.8065 21.387
946 68.2921 103.995 17.1881
947 69.8478 113.576 20.9339
948 64.0783 91.3956 13.2895
949 55.4475 113.882 19.6554
950 66.7142 95.8025 23.3841
951 67.3956 113.709 32.4361
952 56.1958 99.7571 50.0916
953 56.8641 97.863 23.6866
954 78.3616 107.348 31.9792
955 54.1791 107.813 30.2487
956 80.1331 99.7402 41.0268
957 71.2661 107.833 58.8454
958 48.8875 107.902 54.089
959 89.5437 107.668 41.0886
960 69.7354 91.8305 47.696
961 64.0552 105.842 54.2777
962 78.4106 101.981 67.4473
963 49.8534 113.59 51.9627
964 75.1342 93.2808 45.7541
965 93.0474 101.759 49.9072
966 70.6755 87.5913 38.8827
967 59.7651 113.857 58.5662
968 70.882 113.85 58.1381
969 85.2205 114.172 84.6453
970 83.7271 98.2828 80.6887
971 54.4888 114.04 75.8661
972 69.8129 113.571 63.5131
973 86.5317 84.5976 81.2774
974 65.4787 103.756 60.8158
975 88.2109 93.9601 78.6536
976 47.8662 106.616 98.2566
977 89.2496 113.734 76.5068
978 74.6573 76.048 78.8148
979 57.3693 99.9299 78.5351
980 77.2546 90.1013 85.1837
981 78.342 114.219 86.9555
982 61.1149 113.867 72.5175
983 59.9508 114.234 84.7332
984 60.3192 94.2424 96.2584
985 85.2411 113.743 87.8784
986 87.3878 114.742 112.44
987 64.4138 93.8823 94.1897
988 53.0482 98.3516 107.302
989 81.8841 90.2504 93.8144
990 63.1571 95.7816 91.6292
991 82.7515 114.43 102.165
992 73.2314 87.7185 114.07
993 80.1489 90.2934 91.6066
994 61.2256 98.1938 89.5974
995 70.0625 114.19 94.2568
996 62.8567 97.7953 92.1563
997 55.745 114.378 95.7952
998 68.8032 100.42 120.919
999 61.7258 114.586 116.758
1000 78.8917 110.39 120.905
1001 63.2549 103.348 121.201
1002 78.8619 94.2384 121.089
1003 53.1351 90.1052 115.962
1004 79.9302 114.774 110.622
1005 84.7298 114.997 115.163
1006 90.2685 94.5934 105.003
1007 57.6405 104.766 119.36
1008 114.613 14.1338 16.2753
1009 97.3347 13.3368 11.6464
1010 97.3825 18.6513 -1.03557
1011 108.442 2.19232 -0.668688
1012 92.9898 -1.29719 0.881667
1013 102.826 16.6842 6.73934
1014 86.8159 21.095 9.32953
1015 104.383 15.2752 24.2153
1016 113.242 5.30022 37.1546
1017 109.227 -0.562509 26.3034
1018 86.6045 12.9684 7.2833
1019 95.4938 9.29243 19.6534
1020 111.381 15.4207 15.3518
1021 94.3051 7.3815 21.7981
1022 88.0572 17.5748 39.5603
1023 99.086 9.56831 30.5788
1024 113.419 0.951698 32.6911
1025 90.6333 21.576 35.0713
1026 107.425 15.251 30.7822
1027 113.072 16.7706 36.7913
1028 93.9103 23.4539 35.1057
1029 99.418 -0.42952 37.252
1030 112.939 33.0317 58.2313
1031 86.5798 -0.415452 74.3679
1032 113.2 6.62995 60.1721
1033 97.5679 17.1494 64.2037
1034 112.863 22.8268 51.0821
1035 89.2894 -0.406708 55.3244
1036 112.913 12.5013 57.6458
1037 91.9549 15.5354 41.8363
1038 91.8704 25.7077 68.0969
1039 87.8601 19.4005 72.811
1040 113.003 18.7857 64.1366
1041 90.9962 -0.149775 67.9933
1042 113.37 1.50879 71.5326
1043 86.448 -0.0657588 63.9486
1044 103.084 13.8519 78.6407
1045 105.65 23.6031 63.3602
1046 86.9893 0.0139018 86.2546
1047 90.8857 17.128 79.4019
1048 103.932 15.4342 92.433
1049 106.057 0.0814744 72.6942
1050 104.345 25.6531 100.672
1051 91.5064 15.9771 92.4384
1052 95.3837 22.1069 83.7166
1053 114.154 10.2114 85.5422
1054 99.5244 24.1912 81.0339
1055 111.772 0.324064 73.2687
1056 79.2999 13.8728 105.629
1057 115.487 3.26862 108.119
1058 91.4431 34.0068 94.4644
1059 104.531 9.65633 100.706
1060 103.738 15.836 83.19
1061 92.8867 4.04437 94.7905
1062 77.7129 17.5051 107.459
1063 86.3026 24.0129 90.1623
1064 88.67 -0.10772 98.3904
1065 99.5695 5.18431 121.776
1066 97.0043 11.6599 111.53
1067 108.755 7.5332 111.828
1068 115.295 7.04665 119.989
1069 100.572 9.72404 105.361
1070 102.761 42.7266 -0.856307
1071 84.3542 37.9572 10.0343
1072 104.311 40.9371 -0.768175
1073 102.861 41.8839 15.5322
1074 104.367 42.3418 2.28827
1075 98.5242 44.5691 -0.875661
1076 101.832 45.4439 19.5057
1077 99.5437 37.3064 23.9163
1078 102.895 40.2565 6.05078
1079 91.0145 33.142 17.5181
1080 87.8943 33.6964 24.1979
1081 107.091 33.5456 13.599
1082 78.5988 53.5062 39.0239
1083 114.015 53.0924 19.3459
1084 93.4429 17.5374 26.0644
1085 72.7853 32.6642 24.5197
1086 80.9215 31.7339 57.0035
1087 113.391 26.1814 38.1285
1088 89.4197 55.8138 38.9436
1089 91.2626 15.5542 48.4016
1090 113.234 38.9829 51.1609
1091 78.3312 33.369 32.8759
1092 103.428 35.972 63.4771
1093 93.3632 30.1846 59.4626
1094 87.7881 40.0321 61.5368
1095 79.4344 37.7681 48.2472
1096 94.3298 44.023 59.3765
1097 81.4786 31.7263 34.8395
1098 93.4159 49.8833 50.0513
1099 113.0 42.7938 56.1034
1100 75.4922 27.2434 61.8897
1101 114.132 21.8505 22.0521
1102 113.192 24.9621 61.9571
1103 106.29 27.7843 61.2139
1104 87.7383 30.0439 52.398
1105 91.9524 27.5404 61.5278
1106 113.49 17.6802 71.9913
1107 86.1349 29.8795 59.2295
1108 99.1711 30.1578 68.0619
1109 78.0554 28.1016 56.7399
1110 113.599 41.3638 88.6655
1111 104.667 41.9089 72.1444
1112 113.865 55.6277 89.9234
1113 92.1009 13.5446 74.6581
1114 75.0291 32.02 83.4525
1115 84.4081 25.8972 85.9407
1116 113.011 32.1542 78.6758
1117 86.4276 37.9723 81.0862
1118 94.2735 30.2604 76.775
1119 70.3703 21.9638 92.7103
1120 107.196 43.7939 69.9338
1121 60.9688 31.8169 79.3898
1122 83.8411 34.0011 83.5952
1123 105.52 47.9733 89.679
1124 94.1538 40.2267 89.8797
1125 98.289 48.0455 87.7964
1126 96.0266 55.8745 76.7465
1127 82.1187 58.1878 100.76
1128 92.4019 42.0807 109.332
1129 100.435 39.7334 113.244
1130 109.354 27.4633 121.236
1131 98.9754 44.6165 108.641
1132 102.282 42.1209 115.35
1133 115.378 34.969 116.54
1134 101.415 31.9338 109.273
1135 96.7876 44.0592 111.288
1136 79.2762 48.0965 111.6
1137 99.9285 53.1206 13.3917
1138 104.305 40.7163 4.26782
1139 95.5899 51.677 -1.10013
1140 108.548 45.9868 12.5987
1141 112.904 73.1115 49.4385
1142 113.35 56.4933 31.2488
1143 103.28 63.6447 36.8778
1144 92.1122 63.7305 21.3032
1145 84.4613 37.481 19.6285
1146 114.391 44.5089 14.7571
1147 113.923 62.7212 21.3169
1148 106.331 57.5785 21.602
1149 94.2913 68.3043 14.2058
1150 81.2662 67.4651 21.6218
1151 113.102 56.6782 52.873
1152 100.232 65.6496 50.0447
1153 95.1673 53.8087 41.2734
1154 91.985 65.6851 34.6018
1155 77.0522 59.5731 39.14
1156 80.0702 61.6758 32.5483
1157 113.037 34.5499 46.8945
1158 99.155 46.0914 43.4256
1159 82.0208 51.5977 45.8197
1160 113.172 82.4321 60.2933
1161 105.161 57.7456 59.0261
1162 94.0691 63.6769 54.3698
1163 92.0314 52.104 52.1406
1164 89.1939 62.1043 48.2931
1165 107.152 61.5279 52.5701
1166 93.1078 76.4193 45.3059
1167 113.26 45.3342 52.9096
1168 72.524 71.7227 54.6714
1169 101.578 61.7462 60.9352
1170 113.188 62.9679 73.4222
1171 90.8647 47.7338 70.0039
1172 113.065 48.9535 66.8454
1173 74.4651 53.7182 65.9106
1174 113.47 52.7239 84.261
1175 79.5871 61.6874 65.5826
1176 101.29 47.7525 58.9312
1177 92.1622 81.6495 78.1352
1178 114.595 64.6819 101.773
1179 91.9908 43.2313 70.5915
1180 89.0368 61.6734 56.589
1181 113.022 52.5383 57.3839
1182 97.519 56.3272 74.0563
1183 115.266 49.2875 109.974
1184 95.1854 63.8704 87.6444
1185 89.8455 57.8478 91.8353
1186 97.8455 44.0181 85.5301
1187 114.259 71.9484 103.989
1188 113.445 59.5124 86.4829
1189 113.086 67.3049 68.1761
1190 113.293 64.5867 75.4698
1191 80.0211 65.9461 69.9289
1192 94.8331 36.0308 94.325
1193 100.587 59.7516 87.6741
1194 79.235 45.9745 78.8343
1195 113.733 73.2706 92.6491
1196 94.7768 76.0918 98.5234
1197 84.1024 63.5479 93.9173
1198 97.2376 62.3471 109.113
1199 93.0254 84.9247 104.374
1200 80.3656 61.5252 106.831
1201 86.2517 55.0188 121.516
1202 94.7191 50.776 111.847
1203 109.277 59.9463 120.931
1204 104.715 76.9628 108.577
1205 93.795 57.7471 121.587
1206 107.826 64.9497 121.074
1207 95.4581 101.01 -1.307
1208 81.8591 75.6722 -1.44634
1209 97.0826 86.2558 16.2285
1210 114.77 81.2242 9.33
1211 84.0908 88.5581 8.22421
1212 114.513 82.6595 0.0688576
1213 89.8795 77.1211 -1.18834
1214 79.8706 72.3375 6.1018
1215 100.724 71.7388 12.9335
1216 105.473 86.208 -1.18607
1217 95.0952 97.899 25.6838
1218 114.728 88.0141 14.7622
1219 78.1221 102.011 21.3773
1220 105.098 75.9796 27.9857
1221 113.653 58.7852 25.3484
1222 113.459 78.4413 30.1536
1223 63.3496 92.0712 21.4835
1224 79.6629 83.621 34.6254
1225 106.723 86.6604 18.9122
1226 93.9592 73.8278 63.3471
1227 101.512 89.6435 49.8846
1228 89.1395 74.0121 50.1157
1229 97.117 67.7566 37.1055
1230 62.9469 95.8561 25.7742
1231 90.8993 75.9814 61.1972
1232 113.682 75.8338 41.3078
1233 78.3933 79.5618 39.0295
1234 99.0698 76.3103 58.5013
1235 104.096 70.3275 54.6129
1236 71.2364 83.5962 52.06
1237 100.51 63.8069 36.9624
1238 112.945 90.6002 59.0259
1239 82.9487 96.0813 47.7083
1240 69.7165 97.5939 43.448
1241 112.878 72.7956 61.6755
1242 112.973 80.8242 58.0771
1243 113.384 91.6955 77.6776
1244 95.4236 70.1217 72.2629
1245 113.666 85.4459 83.1042
1246 112.987 47.099 60.0787
1247 114.401 53.5529 97.3466
1248 94.3292 102.022 62.9225
1249 112.823 60.9266 66.0998
1250 86.5107 92.002 80.8135
1251 103.038 71.7028 74.3472
1252 86.5958 78.2907 89.6556
1253 113.12 77.5252 74.3746
1254 75.8159 73.8914 70.0977
1255 87.4118 70.1458 85.1163
1256 113.588 79.4193 93.9358
1257 92.5052 78.1789 87.3495
1258 99.1858 82.3303 86.8497
1259 95.0839 66.0889 87.5346
1260 102.67 81.6355 102.261
1261 114.062 71.3898 98.6068
1262 86.4766 96.3277 98.3287
1263 114.065 64.7219 88.846
1264 91.4807 67.7675 98.7679
1265 113.82 87.6449 94.55
1266 108.984 74.6489 115.053
1267 89.1175 71.1433 121.342
1268 115.018 70.078 113.786
1269 87.7115 77.2063 121.212
1270 102.084 82.242 120.995
1271 109.099 75.9267 116.536
1272 104.662 94.47 106.975
1273 87.355 85.9541 111.836
1274 106.216 96.4409 120.867
1275 94.624 80.3039 121.182
1276 114.977 81.2635 105.884
1277 91.9408 83.894 121.024
1278 77.8915 76.1882 121.546
1279 103.123 83.5107 103.794
1280 109.179 72.1137 120.996
1281 114.53 88.8577 1.81968
1282 92.6336 114.107 3.9258
1283 105.595 114.115 10.084
1284 114.527 100.86 13.9891
1285 100.957 114.197 3.6987
1286 92.2906 113.553 25.4587
1287 109.783 114.035 4.0305
1288 95.1052 99.5837 32.1042
1289 98.7353 113.568 35.0898
1290 113.157 89.0047 31.2134
1291 113.867 101.365 17.473
1292 87.7654 113.775 36.0115
1293 101.241 78.3844 17.5161
1294 103.571 113.954 25.3056
1295 66.7054 113.879 50.0333
1296 101.32 113.994 47.9091
1297 63.8508 113.584 47.1426
1298 103.398 113.88 34.319
1299 112.822 91.5401 32.7539
1300 94.8663 95.5427 34.6508
1301 94.9855 99.7646 27.7571
1302 89.3233 97.9657 36.7425
1303 107.106 113.788 58.0591
1304 112.892 98.9598 46.2787
1305 109.767 113.84 43.7165
1306 71.0694 114.412 8.84383
1307 76.2579 99.7648 41.0613
1308 86.0 85.6745 67.7706
1309 106.012 110.231 69.3588
1310 82.0622 103.898 67.6678
1311 90.8504 84.2549 74.3055
1312 91.8436 80.01 67.6254
1313 109.841 113.729 62.4199
1314 98.5981 113.939 66.6007
1315 95.6159 80.0268 87.2569
1316 97.7214 96.3259 82.7864
1317 101.891 108.646 93.4015
1318 110.144 110.218 82.2653
1319 90.9664 108.143 80.6005
1320 105.695 91.9314 71.5733
1321 113.244 109.546 74.0609
1322 100.445 84.1597 89.4461
1323 112.979 113.013 83.7818
1324 113.012 106.787 80.4256
1325 95.2331 82.7731 102.719
1326 113.413 89.4989 88.2549
1327 94.4943 84.217 93.8635
1328 113.849 99.1036 94.7473
1329 90.6411 114.095 78.6794
1330 110.241 114.194 87.089
1331 74.6739 98.7915 107.152
1332 88.9258 114.933 114.513
1333 91.5904 114.675 113.443
1334 96.3176 101.163 121.076
1335 95.7306 106.937 110.722
1336 115.058 103.678 119.049
1337 105.876 101.727 101.413
1338 115.23 103.379 107.61
1339 115.236 112.133 119.379
1340 115.076 109.569 109.215
1341 84.8081 98.6907 117.1
