0 8.37696 21.8232 -0.162493
1 11.4591 1.92011 -0.183162
2 17.2025 18.3562 11.9632
3 28.7102 -1.53053 3.3018
4 27.0803 2.7694 -0.181139
5 9.44331 2.57004 3.83093
6 -0.280733 9.66873 1.5397
7 11.5837 6.79518 11.7578
8 21.4596 10.9145 -0.203135
9 -0.455042 13.8505 1.49336
10 0.969417 19.8697 29.273
11 25.9051 20.8101 22.2773
12 11.2251 9.27687 29.185
13 1.31728 -0.990168 5.41109
14 19.1339 -0.926417 22.3661
15 5.17147 14.8151 22.8153
16 0.414955 27.4424 24.606
17 37.0908 5.0852 26.7905
18 0.852648 22.2533 31.3523
19 25.0495 14.9876 33.2016
20 21.1432 -0.618965 42.0239
21 0.770293 6.55691 25.744
22 32.2751 18.8569 43.932
23 35.4989 3.3656 37.7062
24 1.71811 18.6028 44.5791
25 14.0319 -0.652975 34.2648
26 13.3879 13.9957 56.2558
27 11.49 21.5368 53.7465
28 32.8886 11.5061 64.6905
29 6.06665 -0.152942 52.175
30 7.74222 37.7117 66.6047
31 12.268 5.43544 49.4029
32 10.7662 17.419 38.0536
33 24.4667 9.7175 57.6193
34 1.68508 20.6283 89.741
35 32.6107 -0.352136 54.5728
36 16.143 7.75708 66.9751
37 12.0065 21.376 62.3206
38 23.4331 -0.136291 75.5204
39 21.7279 -0.345583 71.8857
40 28.4142 -0.214982 61.4513
41 17.5321 -0.405073 69.927
42 33.5535 11.6135 80.0938
43 26.369 -0.362049 87.1503
44 28.262 22.0061 84.8775
45 11.5033 -0.581357 91.6913
46 12.8602 12.0691 91.1115
47 6.39674 -0.2743 86.8871
48 24.2171 22.6138 88.6993
49 27.3898 15.3903 117.124
50 19.3522 -0.683725 118.943
51 26.4607 27.3572 101.96
52 14.76 17.1802 107.027
53 42.1069 -0.0835546 95.9116
54 16.7974 -0.497377 106.14
55 11.9775 -0.581588 111.376
56 16.6537 23.7561 95.8327
57 19.1217 25.139 110.495
58 16.3596 25.7058 97.9653
59 17.1589 9.79081 91.0869
60 9.62412 5.40763 117.26
61 8.0155 -0.588897 118.807
62 29.0266 15.0903 123.036
63 20.6445 10.7504 123.021
64 0.432372 0.451863 119.878
65 0.948718 -0.741766 115.278
66 18.1314 43.2514 11.637
67 22.7303 38.61 9.08477
68 10.6768 24.7359 7.53873
69 4.15964 41.9271 10.7584
70 27.564 20.809 19.7308
71 4.11439 39.9337 8.67087
72 28.2662 38.631 -0.645403
73 22.9938 29.3176 -0.600058
74 33.5434 37.1723 28.7589
75 -0.511624 49.544 9.10069
76 0.248696 27.0967 29.7621
77 2.68697 40.1789 15.1692
78 1.59906 16.1647 50.0579
79 1.8175 48.1729 54.3798
80 25.369 45.185 48.365
81 1.72594 31.9444 58.539
82 15.5577 37.1067 35.7626
83 14.647 35.3862 53.3464
84 20.6384 39.3412 35.5194
85 1.44602 40.9314 42.1873
86 27.1558 45.3848 41.6817
87 31.1018 39.4281 50.5147
88 19.4443 43.6229 46.5632
89 1.70318 25.925 52.0359
90 29.3407 29.2733 50.8877
91 27.6428 43.7156 43.6558
92 1.57751 42.4274 57.2954
93 14.0334 19.9386 44.3489
94 8.56107 39.1705 58.0082
95 29.7148 23.2883 55.5055
96 19.9435 53.3195 64.3282
97 24.953 47.4347 39.6363
98 19.0183 37.3005 62.2303
99 1.76622 22.414 57.6982
100 4.63472 35.425 66.6317
101 18.6678 39.5586 62.0833
102 1.89022 17.0646 67.6202
103 22.1026 29.4593 73.4567
104 32.4802 37.3609 52.8629
105 1.94629 36.2452 72.7744
106 36.7266 41.6763 68.4876
107 29.4357 30.028 82.4472
108 15.6727 23.6288 93.3918
109 20.1024 23.601 68.9243
110 11.8928 39.4419 90.8112
111 1.46148 36.0925 88.9574
112 26.8708 39.3493 88.323
113 8.65054 27.8889 102.079
114 21.9404 37.8061 97.6897
115 23.6874 39.8632 102.241
116 17.0463 33.7122 84.5902
117 13.1527 45.8018 90.8163
118 15.0814 27.443 95.6407
119 18.8306 55.1413 115.957
120 22.4192 39.7624 99.8227
121 5.69148 48.0375 99.7821
122 13.5878 46.016 106.778
123 6.7918 37.8426 99.8258
124 5.70813 30.0834 99.553
125 30.1125 25.4624 108.877
126 21.6033 56.1775 122.674
127 21.7802 46.2284 115.427
128 14.933 22.2223 123.098
129 18.8091 45.8605 114.887
130 6.08574 34.3524 122.785
131 7.51668 37.2393 122.742
132 27.463 28.9584 101.309
133 23.3235 27.9273 115.478
134 16.8816 67.9497 14.876
135 3.95713 60.9997 -0.350306
136 22.6323 66.9368 -0.929746
137 21.1235 60.961 12.8485
138 9.88268 57.7503 18.1157
139 -0.528258 68.0728 10.893
140 16.0894 55.6714 24.5656
141 16.2441 57.0146 29.0243
142 0.926807 48.7577 33.3054
143 12.4362 55.1574 28.9666
144 37.427 37.6386 30.3995
145 0.939085 60.9051 42.2193
146 20.4286 65.3819 15.2953
147 34.7348 53.0596 39.6793
148 19.157 61.4444 39.6079
149 27.5118 61.339 37.1896
150 25.2289 57.5553 55.234
151 11.9811 63.3624 39.9332
152 20.6495 63.9565 39.8245
153 29.4645 63.2667 46.0832
154 16.6541 55.498 39.7497
155 22.6428 61.2676 43.8732
156 12.6398 35.4529 35.8455
157 16.3014 55.538 30.6908
158 19.3359 49.1106 37.4702
159 9.35131 51.3921 31.338
160 17.9068 59.0863 39.5613
161 24.2287 61.6587 55.0989
162 15.2723 63.8141 39.9422
163 17.4369 37.4028 60.072
164 39.6182 61.6733 57.1383
165 33.7259 43.6294 61.698
166 26.6061 59.3787 41.8258
167 1.8884 40.3407 75.8788
168 8.67785 43.8192 77.5441
169 19.0273 59.6932 70.8804
170 13.3158 63.1884 61.8503
171 39.699 55.3944 70.5755
172 22.7958 59.9443 77.711
173 31.2744 57.9978 90.9142
174 28.084 57.4755 86.5776
175 1.64043 74.8215 87.4275
176 18.5289 57.7082 79.7209
177 14.5914 55.2899 80.139
178 21.5652 44.2073 75.9701
179 28.4991 43.9164 75.3548
180 2.02055 46.4476 79.0579
181 8.53279 54.1302 95.0162
182 14.0538 65.9907 95.4344
183 31.0061 53.9352 95.3847
184 12.7533 65.9008 93.263
185 36.344 52.132 100.013
186 0.0171563 61.2302 103.501
187 3.22605 68.5412 112.242
188 1.20621 76.3181 97.1462
189 23.1746 51.8075 106.753
190 4.99222 47.7962 112.833
191 -0.172436 66.8567 121.149
192 11.4777 63.5393 113.924
193 18.7852 68.5859 122.545
194 0.104676 50.947 114.021
195 8.92893 59.5989 122.597
196 17.7174 53.753 116.544
197 20.4648 51.7126 118.651
198 28.7585 62.399 122.667
199 8.29088 64.6319 10.4921
200 9.12697 91.6325 11.3815
201 16.6736 80.4458 6.21954
202 13.0541 73.5689 17.5724
203 28.3841 77.8198 8.81578
204 10.3376 75.3502 11.4892
205 7.75937 85.8245 -0.588188
206 14.1845 73.4729 15.2685
207 9.8576 74.5089 18.8187
208 18.4189 71.3882 11.2837
209 13.6034 83.3894 35.4861
210 21.4742 91.6678 17.4426
211 21.475 91.6103 24.2493
212 19.8678 81.4848 26.2803
213 16.9541 73.5116 15.4904
214 22.6608 84.855 14.7011
215 10.6337 71.739 19.9618
216 25.4736 81.8266 19.7234
217 15.7332 73.3405 17.6564
218 24.2238 83.8704 19.8977
219 15.7387 77.5315 22.0217
220 1.04195 80.5601 32.0532
221 17.5191 79.6444 28.4931
222 10.9115 81.1395 35.3266
223 16.9184 75.2639 17.53
224 18.115 85.421 39.6255
225 20.7731 78.305 39.229
226 30.8045 63.2434 44.1738
227 20.909 105.407 45.8722
228 7.37099 85.4861 53.4559
229 1.72418 80.2087 71.3203
230 27.0009 97.9661 75.0258
231 9.5195 67.6381 55.4976
232 1.39627 94.4872 52.0317
233 1.25506 72.2231 45.6232
234 22.4899 69.5102 46.2998
235 16.0856 63.4519 59.7477
236 7.99936 61.564 62.0633
237 25.4389 68.0075 59.8092
238 1.58372 76.6407 49.8048
239 1.7814 72.5819 62.6968
240 23.3818 75.6377 46.1564
241 21.5861 73.5815 77.2428
242 8.58937 71.4399 57.6036
243 9.89377 81.6474 70.7839
244 23.0692 83.7944 77.3988
245 14.2928 75.5755 79.7006
246 34.4045 97.4613 50.3215
247 24.094 71.694 59.6578
248 26.7162 87.8956 72.8707
249 12.8888 73.9165 73.1233
250 28.2257 73.8224 81.8938
251 1.74253 86.4256 83.2288
252 22.2441 65.7634 95.7175
253 15.9653 93.5317 66.1462
254 24.0825 67.4521 88.305
255 17.8388 84.2618 92.9329
256 38.9482 85.9985 83.8369
257 22.7264 86.2613 93.1166
258 22.6464 82.0646 90.684
259 9.10105 79.5739 81.7323
260 8.97016 85.7495 70.7436
261 1.7928 84.8813 75.651
262 1.24506 94.3511 87.6313
263 29.0243 68.0521 95.0535
264 10.9213 68.0032 101.921
265 0.015503 65.0903 115.34
266 13.4683 84.0675 106.305
267 1.0483 78.5763 95.1887
268 21.9437 81.8465 99.8318
269 20.1629 80.0214 99.8032
270 10.2371 80.083 101.719
271 14.4958 87.7103 122.41
272 21.7993 68.6943 122.685
273 10.0899 77.0082 122.653
274 9.06698 83.9104 122.441
275 25.8651 72.0221 106.404
276 30.1685 76.4484 102.136
277 41.5806 80.7329 122.452
278 25.0496 110.243 -1.19404
279 26.8597 95.4836 9.2417
280 12.3072 89.2017 -0.556095
281 6.58019 113.771 7.71138
282 16.6424 113.611 10.521
283 0.505001 97.305 -0.439918
284 27.1023 95.7094 19.4221
285 -0.443206 94.0318 15.9384
286 14.5573 113.604 22.2411
287 25.5581 99.3629 21.4609
288 13.6124 113.479 29.6951
289 2.37284 113.532 15.1998
290 -0.14693 106.193 15.9911
291 14.1321 113.682 17.9371
292 0.777002 98.7266 26.3913
293 18.0953 97.1866 35.2729
294 11.3217 87.4799 21.7958
295 5.55963 113.372 14.9184
296 28.0346 113.861 9.6592
297 24.6798 95.5761 32.8166
298 17.8563 113.517 37.4433
299 24.6909 85.6658 21.9751
300 30.6433 99.59 43.6826
301 5.33053 113.287 39.7663
302 7.09765 105.292 37.7629
303 1.35601 109.905 38.4806
304 1.40232 109.973 57.04
305 22.9542 89.1245 26.5114
306 7.47207 113.679 37.7859
307 19.8122 103.4 17.145
308 20.3908 113.404 31.1587
309 9.44427 95.4781 30.9132
310 13.8547 93.5636 39.8449
311 21.7709 93.5106 50.6202
312 29.7577 113.687 48.087
313 15.5443 104.961 49.139
314 10.0839 103.138 59.8322
315 1.6202 95.3035 73.4005
316 17.2016 105.577 73.1543
317 1.67143 98.6558 74.4074
318 1.84402 108.815 79.9382
319 25.4087 105.686 65.991
320 36.6552 91.8663 70.3534
321 12.1915 114.379 106.035
322 26.7269 113.786 74.9749
323 30.8637 113.742 73.2633
324 13.4103 113.624 71.1326
325 22.7672 85.5828 73.1309
326 1.56267 109.123 85.1465
327 1.75603 98.7183 78.9987
328 25.379 103.935 93.0073
329 28.8655 104.082 99.561
330 31.9893 93.7599 81.727
331 0.0934003 112.71 107.399
332 13.4199 92.5933 105.913
333 1.7484 113.852 105.616
334 0.859287 112.557 97.7102
335 17.5006 114.207 102.995
336 4.10357 114.106 94.2878
337 17.2802 102.222 95.0229
338 28.7724 114.416 115.869
339 25.9764 107.236 122.283
340 -0.0563528 99.4642 109.868
341 17.4662 104.176 108.707
342 14.5592 106.791 116.722
343 31.2922 12.6962 -0.456526
344 30.628 8.55173 9.59695
345 55.8136 18.9779 3.45948
346 45.6553 13.0045 -0.382517
347 53.1043 -1.22744 21.259
348 42.7836 7.62825 22.5079
349 34.5488 14.1327 -0.299399
350 40.2171 19.1468 10.8876
351 45.2913 24.7268 7.1717
352 35.8484 9.48305 28.8373
353 51.7401 10.9924 28.9376
354 37.2723 8.99529 27.0453
355 51.5989 -0.880676 27.5603
356 53.1399 -0.845195 26.1371
357 33.5112 29.7262 37.3863
358 22.7799 9.18397 4.88334
359 58.5041 27.0068 26.4062
360 43.0588 21.1627 21.967
361 51.9276 -0.432301 41.6167
362 23.9601 19.5307 46.592
363 52.6114 23.089 19.6422
364 54.4336 27.3113 37.4834
365 49.4136 -0.387214 66.8009
366 25.9157 17.5991 64.6362
367 37.5465 11.5734 50.9916
368 47.0142 7.63227 51.0033
369 46.578 12.104 64.0076
370 40.5447 17.6988 53.2345
371 33.9279 15.2645 46.5085
372 36.5743 21.6093 57.5108
373 46.5301 11.4384 46.5067
374 42.0827 19.6051 51.0208
375 65.5463 21.7344 70.7952
376 32.5624 15.1644 66.4088
377 38.4982 -0.282339 73.12
378 52.5834 9.72336 97.5189
379 43.6382 21.6575 91.1369
380 18.9226 -0.226639 82.0158
381 50.6826 9.76409 79.8023
382 29.5436 23.8969 89.0434
383 46.4626 -0.246584 93.6368
384 42.2407 23.8166 90.9148
385 25.7599 -0.124264 83.026
386 34.0612 -0.23401 69.1147
387 50.5365 -0.606231 114.308
388 34.105 -0.43871 101.998
389 46.4634 21.631 95.5627
390 50.5656 17.1278 109.348
391 51.758 27.5309 104.227
392 43.5559 9.52653 99.7861
393 50.5412 11.8821 122.978
394 40.6102 5.95058 122.837
395 46.1025 24.1101 119.515
396 36.2564 21.126 122.965
397 36.2006 0.866604 122.937
398 44.544 -0.573908 117.342
399 50.5141 12.8371 114.476
400 63.898 -0.600687 115.406
401 53.1843 5.04368 123.222
402 28.4952 30.682 -0.608577
403 21.3462 36.8555 9.57226
404 31.3852 38.7833 5.07953
405 54.2649 37.4078 -0.924742
406 55.531 40.6155 -0.983902
407 51.3577 32.8688 17.5389
408 25.0388 34.8155 5.44922
409 45.7172 36.856 15.0052
410 31.4332 29.5411 -0.337693
411 46.8699 36.4906 -0.718208
412 31.3397 43.7342 9.97248
413 26.2055 43.1702 13.4406
414 48.7112 44.6247 23.5071
415 31.9699 33.2233 30.5332
416 49.9209 31.6038 30.5221
417 34.1027 38.8542 13.2848
418 35.5446 36.8949 13.324
419 49.8744 33.0473 21.9577
420 36.8748 36.6001 11.0182
421 50.2159 37.545 26.4523
422 27.8685 33.0906 43.7855
423 39.6913 9.61137 48.8263
424 45.9028 31.2509 33.0861
425 30.4145 31.7613 34.9859
426 67.0345 23.4541 44.0477
427 61.9413 11.6313 41.8328
428 38.9047 25.3141 28.5846
429 49.2548 41.5448 46.1044
430 39.6837 43.291 39.621
431 50.533 31.8559 41.8262
432 37.6272 45.8228 30.3215
433 40.8556 27.7471 61.9217
434 54.26 29.6943 59.1513
435 30.9841 15.502 48.7903
436 35.1112 43.3875 59.5675
437 43.3861 37.4277 48.4861
438 60.2172 45.3331 72.0375
439 32.3928 35.9375 54.8654
440 53.1896 41.7235 77.0378
441 32.5955 37.3273 59.4404
442 54.191 29.6463 70.5517
443 30.6134 45.5583 55.0535
444 31.1748 17.6965 68.7866
445 32.6208 21.9242 77.7921
446 44.8245 27.9254 48.4052
447 63.0513 29.8995 41.7177
448 31.1064 20.9633 84.192
449 42.3652 39.8738 75.1977
450 52.8841 27.8611 41.9023
451 41.0825 33.5841 59.4682
452 28.4772 37.308 78.0424
453 58.3278 45.8197 81.5034
454 32.6495 43.6643 63.9824
455 54.5587 31.6242 65.9665
456 39.6 43.6831 86.3182
457 46.1726 29.2374 75.598
458 48.201 21.6536 83.9254
459 38.0005 35.5913 82.0408
460 60.5774 43.9533 88.3118
461 42.4559 43.9152 77.4923
462 55.9767 19.9021 90.8874
463 53.8164 35.7182 95.1268
464 55.9011 25.6588 81.6431
465 36.1825 37.6113 86.6679
466 56.3587 30.4608 90.2016
467 45.7284 27.641 106.616
468 52.8824 35.7335 99.6452
469 39.6634 13.4043 97.5202
470 30.3604 50.3991 112.44
471 49.0756 37.6184 116.556
472 54.1616 33.6994 114.897
473 49.7707 33.8003 114.706
474 14.6328 17.8665 123.229
475 47.4876 29.3394 122.863
476 47.8079 37.909 112.82
477 43.1196 55.6682 114.114
478 60.6054 18.0465 122.997
479 39.0392 54.76 104.25
480 36.8676 62.8995 -0.807548
481 45.4641 56.213 13.6525
482 39.9841 37.9274 -0.580333
483 42.4896 53.4482 -0.969337
484 27.5813 51.6178 28.6549
485 36.0821 51.2437 37.1903
486 34.4155 67.7823 30.6352
487 45.6033 65.5981 19.4243
488 62.5926 61.7767 37.0896
489 45.8473 65.3976 26.0965
490 51.3824 57.5398 28.4069
491 34.4846 61.2627 28.1524
492 44.4958 51.3726 24.005
493 43.0711 47.454 41.7913
494 45.0314 41.4242 50.632
495 34.6157 57.6944 37.3975
496 45.2513 57.5204 46.1074
497 35.2946 55.3025 37.2168
498 41.9265 69.3689 45.8504
499 31.8296 49.5392 46.1084
500 49.9519 57.7449 43.8504
501 43.4229 69.7635 47.8154
502 51.4541 53.1616 39.4872
503 47.7215 45.4435 72.9118
504 37.9971 53.7936 63.7266
505 39.2841 69.4409 52.6584
506 57.6214 61.7705 67.9431
507 60.2807 69.9738 83.4744
508 38.2093 57.8776 72.8052
509 39.4002 61.8232 68.2603
510 39.6618 43.7159 77.5226
511 35.5991 53.4336 59.3495
512 33.8103 63.5796 75.1125
513 28.6525 59.7764 66.239
514 51.9628 54.0014 86.0766
515 32.7731 49.6998 84.3582
516 47.218 61.4649 77.1411
517 31.207 71.8535 84.0092
518 33.8782 55.626 72.8103
519 36.585 52.0054 92.8909
520 37.7667 53.6445 75.2249
521 40.4089 58.0117 86.0891
522 56.8415 55.8115 81.4933
523 48.9964 68.1531 92.7525
524 40.704 52.9823 98.0686
525 49.311 49.8431 99.7303
526 26.0563 67.4586 109.3
527 39.9881 60.0623 97.5139
528 31.0624 47.1677 89.3579
529 29.3818 55.5437 92.9603
530 46.1546 63.8613 108.663
531 31.9025 62.4764 122.819
532 34.6294 63.6121 110.194
533 54.8452 50.5709 122.739
534 40.0082 56.1901 108.594
535 40.3592 69.4172 115.342
536 54.748 58.979 109.967
537 38.2313 80.8836 -0.849559
538 44.028 85.1396 -0.97644
539 33.8664 86.8286 -1.08619
540 52.4665 73.6054 8.89487
541 48.5392 105.768 18.5865
542 32.7012 68.637 -0.802157
543 26.8358 76.9112 -0.900282
544 55.5767 69.7631 26.2201
545 47.1449 77.1014 25.4158
546 55.5947 83.663 19.317
547 42.5948 92.9599 14.4928
548 41.4402 68.2752 20.1434
549 51.3148 80.9 18.8529
550 58.371 74.948 14.3341
551 65.6374 81.3458 32.1502
552 51.555 77.5339 17.4551
553 42.9487 93.6366 47.9429
554 64.7788 85.7529 28.0993
555 46.1119 69.1405 48.4254
556 27.4263 65.558 32.6509
557 30.4533 81.5895 34.9276
558 45.3323 67.6724 19.3237
559 61.2384 75.704 32.51
560 44.8159 69.3629 45.6117
561 34.6992 87.4085 39.1344
562 62.4029 65.651 28.3683
563 62.3264 93.6521 41.1397
564 34.8679 75.861 41.0764
565 42.8535 65.3912 23.9593
566 37.4283 82.819 38.7653
567 54.3084 99.4589 52.1719
568 60.0194 96.7045 62.772
569 63.8456 67.4926 63.149
570 50.2718 79.3743 63.3799
571 30.6206 79.4047 54.8033
572 47.4836 69.5678 46.0013
573 51.7783 81.3815 65.8423
574 51.2475 61.9709 63.6106
575 25.4704 71.6483 57.2011
576 36.3778 73.5647 48.318
577 33.4561 75.9632 57.0033
578 32.2509 85.5894 59.2353
579 47.4781 73.3882 68.0899
580 50.9135 79.7363 70.2358
581 45.8811 90.0818 76.944
582 45.3807 91.9809 79.0982
583 51.5878 77.6491 63.5405
584 41.4782 83.9564 77.1113
585 35.0601 81.8674 74.9109
586 29.3007 81.7648 77.4238
587 66.4408 77.9831 76.7257
588 33.9304 95.9715 83.8499
589 32.5312 92.0527 86.254
590 46.1952 65.8328 97.2561
591 59.1879 68.1143 85.8364
592 48.9461 83.9228 79.2495
593 51.583 84.2462 90.1654
594 35.0203 88.0756 79.4413
595 31.8493 70.3953 100.04
596 58.863 83.5659 110.847
597 50.596 72.1191 112.591
598 32.132 76.4366 99.3944
599 57.3451 90.1219 114.91
600 32.9531 77.9893 114.226
601 51.7827 75.7179 113.183
602 45.0605 78.0121 92.9335
603 37.7342 83.846 95.1504
604 53.2213 65.8533 90.4017
605 40.5503 82.1455 95.1336
606 50.1439 76.1522 99.3429
607 37.6723 80.4079 99.4484
608 33.1731 68.0679 93.0019
609 31.614 74.8695 105.827
610 43.0626 85.7368 115.449
611 48.9977 67.7416 118.295
612 39.2381 84.5437 114.449
613 33.0828 72.9357 110.148
614 46.1209 79.0025 113.383
615 43.1933 78.9839 122.396
616 25.5027 90.0252 -0.761444
617 43.8905 112.521 -1.11586
618 55.3406 113.825 0.0216546
619 35.3608 91.7108 9.01881
620 51.0273 113.808 2.06289
621 40.7555 100.158 8.65455
622 56.7915 103.028 -1.37482
623 41.2169 114.083 19.3537
624 29.7165 100.198 8.39177
625 33.7153 113.867 6.29011
626 43.7614 92.0504 8.7591
627 34.1437 113.677 19.0453
628 43.4272 105.44 36.8665
629 28.7561 113.513 23.3878
630 31.7358 107.914 23.534
631 33.5639 89.7311 10.8547
632 24.5486 97.208 28.626
633 40.0574 113.311 27.9021
634 45.6322 103.863 21.5102
635 49.9577 104.118 29.6078
636 55.5198 113.398 41.5693
637 33.4283 105.304 47.8981
638 71.8968 113.849 50.0015
639 38.8035 95.2277 35.0321
640 45.8338 103.665 67.8289
641 40.2185 100.241 49.457
642 65.4694 106.853 59.4993
643 23.7256 113.425 48.927
644 53.3399 99.6005 39.1424
645 48.4319 113.295 35.2175
646 27.8543 103.537 57.2355
647 44.7333 83.5982 36.9618
648 34.2439 113.477 30.8021
649 27.0856 113.981 85.6432
650 35.0727 105.591 66.1414
651 31.9633 113.834 58.5578
652 67.104 89.8777 81.4813
653 47.671 113.514 60.7638
654 33.3136 95.4944 54.7158
655 49.6194 104.012 72.1333
656 52.8716 91.5565 70.1236
657 19.9053 75.8897 75.116
658 47.8592 95.8508 83.7898
659 35.5717 97.6236 72.5893
660 39.2346 89.8806 94.9875
661 39.0766 105.804 81.4533
662 37.9492 114.027 85.0319
663 42.0875 113.92 77.1219
664 37.476 114.069 103.373
665 39.132 114.111 99.6294
666 47.6531 113.793 81.3055
667 43.8036 106.085 81.0839
668 41.2122 100.072 94.8837
669 37.7697 107.93 81.4126
670 40.7651 88.3707 76.7601
671 22.745 93.8709 86.3848
672 35.4436 108.251 99.3046
673 48.0714 101.843 87.839
674 27.5263 100.372 106.196
675 46.185 114.31 102.58
676 57.3664 100.008 96.7611
677 31.7052 114.245 103.356
678 44.9674 109.972 94.5449
679 28.696 114.513 111.892
680 28.8845 103.248 122.477
681 47.4703 101.211 122.334
682 52.8865 109.393 122.294
683 38.8025 83.7813 111.039
684 56.0461 114.652 112.585
685 26.9881 114.846 98.1109
686 33.013 114.527 116.994
687 41.7262 110.342 122.251
688 63.1558 114.756 115.89
689 54.5404 100.223 122.149
690 59.8884 114.988 110.487
691 75.7233 11.21 -0.626043
692 61.5735 15.0874 -0.399115
693 81.2873 11.2454 -0.61927
694 78.5228 15.3046 -0.658065
695 70.075 11.4308 -0.603235
696 58.3986 23.1813 19.672
697 78.598 7.26066 11.6935
698 61.0324 19.1471 24.1931
699 59.3756 23.0542 9.34854
700 72.9538 -0.628125 26.5454
701 79.9542 -0.385766 28.1967
702 80.1976 -1.17699 6.96873
703 56.0936 11.0989 26.6331
704 70.4287 -1.08122 13.0441
705 48.7695 -1.01622 18.7616
706 51.8604 3.29025 42.0779
707 62.7348 13.7013 39.6499
708 75.4019 8.1033 51.3442
709 75.1498 13.6667 52.8444
710 59.8884 17.6252 37.6001
711 61.7343 -0.258365 34.9812
712 57.1749 23.6089 46.3378
713 60.3758 7.29611 35.322
714 70.7523 25.4377 37.1401
715 50.2651 15.3185 44.3315
716 62.6242 23.583 46.3138
717 62.9726 -0.358481 55.1187
718 84.0494 21.6588 64.1853
719 54.4662 -0.101585 72.856
720 89.422 19.923 75.2869
721 76.0774 -0.286711 91.164
722 56.4991 11.7138 79.6663
723 65.7893 13.8893 73.0374
724 63.1795 9.86223 73.0617
725 75.6837 13.6307 57.32
726 58.9765 13.6237 70.7367
727 81.1315 21.5832 66.1833
728 50.8 27.6681 84.0264
729 70.447 17.9404 70.6776
730 76.9219 23.8255 79.801
731 66.0623 10.3278 91.2152
732 88.4548 -0.0677195 94.4552
733 86.4923 -0.476347 103.532
734 89.1071 5.77442 110.531
735 75.0818 9.04089 116.437
736 82.2739 20.4377 122.581
737 59.2342 21.0361 122.678
738 77.7319 15.0591 109.431
739 83.9718 23.671 108.509
740 82.0609 12.1221 114.318
741 63.4224 19.3008 121.587
742 64.7866 16.271 123.043
743 92.2602 19.6356 100.312
744 56.6686 7.23412 108.801
745 66.3895 5.92062 122.855
746 59.2942 -0.444872 110.438
747 74.8634 30.8333 122.644
748 69.9186 30.4531 13.7136
749 72.7665 43.5399 -0.949288
750 84.3439 41.4452 11.0282
751 75.6588 39.1974 9.04017
752 75.6375 27.4829 -0.630055
753 61.149 24.2449 -0.569134
754 76.9247 45.5371 21.6042
755 69.8592 40.7465 19.9776
756 77.8818 37.2941 15.275
757 57.2296 35.2917 21.8733
758 57.0911 14.3951 16.1574
759 58.6505 23.1254 44.3112
760 68.4873 43.9121 54.7882
761 72.1712 33.5588 30.6708
762 53.1651 29.5923 32.7456
763 87.5067 21.8767 61.6749
764 79.3914 49.4479 48.2075
765 58.7904 31.7635 61.6251
766 71.2107 27.9981 45.8167
767 82.2993 35.5534 41.6333
768 86.4824 33.3332 59.6555
769 81.012 39.6311 52.5571
770 79.8879 29.5758 39.1934
771 79.803 25.5838 68.5701
772 87.8709 33.7485 57.1186
773 81.1965 27.6353 81.7525
774 62.6583 43.7807 74.6756
775 59.3441 31.8647 68.2387
776 55.999 29.5549 68.2933
777 70.2375 33.9232 77.3139
778 83.5767 33.7487 66.3205
779 89.4865 33.848 61.8602
780 60.2119 41.5303 72.5457
781 73.9379 27.9131 79.5529
782 72.7227 37.7567 72.7317
783 56.1495 29.9797 77.009
784 84.1813 25.7564 81.9454
785 63.1262 37.3081 88.77
786 88.1353 44.477 93.1466
787 63.3821 33.8393 86.2001
788 72.8305 43.3256 84.0692
789 68.6734 43.9983 97.3773
790 60.1459 38.0381 83.5497
791 81.1004 37.5048 92.8307
792 53.2287 35.7737 86.1047
793 68.5348 25.687 81.8392
794 61.7563 41.6893 123.028
795 71.3855 43.7888 99.709
796 58.0098 35.913 112.71
797 76.3934 13.5391 104.329
798 80.1421 33.5557 108.247
799 74.0111 44.0281 97.3147
800 80.4304 43.3314 104.849
801 75.8094 33.8927 106.51
802 83.8375 23.498 86.2353
803 70.4339 46.0907 97.5631
804 54.6292 47.4998 122.873
805 64.9246 33.5419 122.662
806 67.1237 29.7453 106.79
807 73.6248 21.1783 122.795
808 64.5841 46.3659 104.005
809 85.009 41.8001 108.664
810 85.4835 41.5306 -1.00939
811 77.2553 59.1324 -1.23163
812 55.4946 55.7644 -0.907198
813 57.1101 57.7163 4.42427
814 56.9933 61.6849 16.6057
815 65.7492 44.8617 14.7282
816 48.8184 61.2803 14.9981
817 79.8602 57.7183 12.7159
818 65.6293 50.2147 7.54494
819 70.6768 59.5485 11.0285
820 82.3297 41.3446 13.1246
821 71.3398 60.7119 14.4712
822 60.438 51.335 8.92386
823 64.0588 53.5911 23.7666
824 60.1062 63.5325 15.1036
825 83.6748 61.2233 23.8587
826 64.0074 69.4637 10.9095
827 58.6962 57.4365 23.7685
828 84.1207 69.7058 32.3378
829 75.3464 65.8643 21.7074
830 70.0398 63.3796 50.0569
831 58.1889 57.5783 34.8223
832 60.3676 59.5668 43.6252
833 86.7914 45.7147 39.2187
834 54.3766 65.568 34.6279
835 75.1685 73.7334 39.1927
836 71.4095 47.6637 41.4741
837 71.1968 58.1122 34.4093
838 75.2656 53.3464 52.3235
839 73.0183 59.644 67.7903
840 51.8485 61.5272 72.254
841 74.2121 61.6568 67.814
842 53.26 41.7516 72.764
843 82.0626 53.9357 68.0027
844 69.8846 67.5684 54.4751
845 87.8581 56.3596 70.7382
846 82.4112 70.2416 72.8076
847 52.8894 63.8128 76.6722
848 80.7165 57.8348 65.5962
849 53.1537 59.6759 81.1755
850 89.0409 49.8628 79.4755
851 74.3321 42.0156 81.6671
852 80.8565 59.7709 74.843
853 81.1273 58.0494 77.0584
854 51.9099 41.9505 74.9909
855 75.0684 57.845 70.2303
856 71.6631 47.7961 97.3686
857 65.7895 50.2782 86.3768
858 74.4778 61.7954 92.9801
859 73.3221 41.7991 97.3293
860 53.8952 67.8699 108.418
861 61.8104 60.7064 108.994
862 67.5866 75.8903 101.864
863 75.9701 44.136 101.676
864 68.5488 57.9215 108.584
865 81.5724 41.7686 104.642
866 72.9438 45.9274 97.4253
867 77.579 62.4225 106.224
868 83.5162 62.3392 108.462
869 80.5699 54.2055 108.609
870 81.8965 49.9919 122.672
871 70.3312 65.8762 122.444
872 73.5888 61.9554 122.579
873 84.7981 64.2787 106.329
874 89.1877 50.4954 122.516
875 83.2082 63.6278 122.527
876 79.8222 74.9605 8.08702
877 66.9435 74.2413 5.29394
878 83.972 77.8211 4.66971
879 65.4205 82.1266 -1.34983
880 67.0335 88.2391 19.2082
881 68.1842 78.0583 -1.46791
882 71.3694 77.6958 22.8358
883 59.9921 71.8764 2.44925
884 71.4307 66.1141 -1.10907
885 58.3757 92.5279 11.4415
886 84.2768 71.8365 30.1313
887 64.358 77.5216 12.6863
888 71.7909 65.4966 19.3057
889 66.7875 77.8396 30.3182
890 76.4808 73.5448 21.3832
891 73.9324 75.1939 25.6274
892 73.7373 69.8064 39.0071
893 59.7738 75.6949 30.3237
894 86.0692 71.7861 32.3989
895 78.6343 73.8143 27.8073
896 75.4862 83.9122 41.3591
897 74.0374 79.8708 45.2782
898 92.142 83.5924 32.3092
899 82.3307 64.3039 39.4877
900 75.4655 79.3821 48.0272
901 73.7013 81.6302 43.4028
902 64.2585 69.9541 54.3656
903 73.2061 87.7837 47.9069
904 64.3157 77.6492 49.9359
905 85.1144 75.9291 41.1694
906 77.8793 95.9091 52.1657
907 89.1082 79.9151 68.0522
908 62.5197 89.5861 54.422
909 58.1251 91.8454 65.5896
910 76.3516 77.8808 72.3738
911 74.0948 76.1007 90.433
912 67.3928 76.082 76.9367
913 70.8521 91.7947 58.7155
914 55.6349 87.7021 70.1947
915 83.6892 73.9584 68.0967
916 76.3385 78.1917 85.9028
917 64.2247 69.3899 78.7236
918 57.814 84.2824 94.7867
919 55.9541 76.0908 92.6078
920 72.9463 71.8758 83.7947
921 65.843 86.0 88.0307
922 58.8562 78.2712 83.6644
923 64.4549 63.9127 92.6827
924 74.822 82.4119 105.919
925 68.7602 90.4842 105.826
926 65.4911 84.0522 83.3533
927 76.2068 92.2417 88.1427
928 64.3482 90.5243 103.472
929 57.9713 84.4639 114.406
930 58.961 82.1959 122.518
931 76.6962 76.5031 116.55
932 67.572 80.986 122.186
933 71.6827 78.3301 100.299
934 76.1186 78.3642 122.362
935 66.2118 87.5405 122.228
936 64.228 74.4073 108.276
937 67.6796 90.1947 122.332
938 85.5457 99.2781 7.16496
939 56.8946 90.1041 -1.19443
940 61.2216 106.17 16.7479
941 69.7638 84.1654 -1.24555
942 72.0942 94.0014 25.8054
943 65.4806 113.666 26.5486
944 79.5802 113.737 27.5639
945 51.4974 93.7481 27.949
946 59.3673 105.978 14.7232
947 69.6816 113.636 21.0093
948 64.0741 91.2465 13.2431
949 58.3903 114.061 15.4351
950 65.6951 106.05 19.382
951 67.1201 113.708 34.4924
952 59.7047 101.456 45.6091
953 68.996 99.7188 27.9133
954 74.9164 95.8586 38.8886
955 60.1647 99.6299 39.0709
956 76.3246 94.098 38.4991
957 79.1155 105.821 60.9715
958 57.0533 107.558 52.0375
959 91.65 103.716 43.394
960 72.5101 93.4343 45.7753
961 68.7204 105.542 52.1309
962 81.5812 104.23 65.8429
963 49.802 113.578 51.9477
964 63.9647 95.5325 52.2502
965 84.58 105.607 54.1526
966 69.4348 81.6934 41.0781
967 56.8393 105.88 45.6415
968 78.0744 99.6606 54.5168
969 84.8535 114.121 83.5866
970 78.2309 99.7953 72.3295
971 59.7939 113.766 70.3658
972 84.4946 108.306 67.5304
973 94.341 96.3956 78.8821
974 68.044 105.746 61.2354
975 86.067 93.71 77.2653
976 65.7438 108.416 103.376
977 88.8283 114.097 78.3425
978 72.7727 92.09 76.9329
979 61.541 101.858 78.7272
980 75.4735 87.8932 88.1774
981 77.902 113.799 87.3689
982 65.4646 113.985 76.0531
983 68.1724 113.849 70.3061
984 74.304 100.408 103.734
985 74.2187 108.726 92.5923
986 80.0369 114.623 105.869
987 68.4295 94.1567 97.0289
988 53.3795 98.6713 107.939
989 74.1731 90.5876 96.9379
990 55.0311 90.2619 103.471
991 84.2764 110.699 98.8828
992 73.2456 87.7022 114.971
993 73.4857 100.049 94.7785
994 58.6083 94.296 90.0901
995 67.1066 114.013 94.9994
996 65.4199 90.2716 92.5097
997 56.031 114.01 96.1329
998 68.8032 100.42 121.924
999 61.7258 114.586 117.763
1000 78.8917 110.39 121.91
1001 63.2549 103.348 122.206
1002 78.8619 94.2384 122.094
1003 53.1351 90.1052 116.966
1004 79.9302 114.774 111.627
1005 84.7298 114.997 116.168
1006 90.2685 94.5934 106.008
1007 57.6405 104.766 120.365
1008 114.613 14.1338 16.2753
1009 97.3347 13.3368 11.6464
1010 97.3825 18.6513 -1.03557
1011 108.442 2.19232 -0.668688
1012 92.9898 -1.29719 0.881667
1013 102.826 16.6842 6.73934
1014 86.8159 21.095 9.32953
1015 109.749 15.412 17.2889
1016 110.495 7.65866 24.4412
1017 107.846 -0.544935 24.3283
1018 86.4692 12.8498 7.31736
1019 93.9593 12.9307 17.8306
1020 108.18 10.8801 15.8323
1021 94.3051 7.3815 21.7981
1022 101.93 17.1271 36.8893
1023 96.6758 13.6514 30.885
1024 113.284 8.24979 32.8403
1025 103.534 19.775 35.2561
1026 99.4962 10.9732 26.1225
1027 102.194 11.6991 31.1436
1028 90.442 17.956 37.3235
1029 96.4587 -0.281701 37.4281
1030 93.0243 27.6985 57.4173
1031 92.0316 7.74114 70.9109
1032 112.767 3.38836 60.3539
1033 102.957 21.974 62.0251
1034 113.169 24.5211 49.6652
1035 89.2878 -0.149188 56.2381
1036 112.959 15.6139 61.805
1037 99.1235 11.7084 42.2297
1038 95.9716 29.44 68.3111
1039 98.8819 18.1314 75.254
1040 113.069 21.4047 75.7709
1041 90.5301 -3.31051e-04 66.9466
1042 113.168 1.5022 71.2648
1043 86.6272 -0.222542 66.2369
1044 107.45 14.2449 72.9734
1045 100.337 29.9284 70.8033
1046 87.0249 -0.0338024 88.3273
1047 96.7349 15.6718 79.8308
1048 107.571 18.1237 86.3554
1049 106.268 -0.106682 82.3475
1050 103.597 23.8666 97.291
1051 102.29 19.9648 93.0125
1052 94.792 13.7856 73.1264
1053 103.51 9.68384 81.9849
1054 99.3827 17.7597 86.3452
1055 110.061 0.0427796 71.7984
1056 88.6342 13.822 97.5048
1057 113.846 1.1503 93.0431
1058 95.3284 21.5889 97.3675
1059 90.4069 3.6762 97.6226
1060 99.4074 15.8235 82.0445
1061 107.651 6.1363 97.1647
1062 73.5252 17.0634 108.896
1063 95.1554 25.617 95.3013
1064 93.9758 5.72047 99.5115
1065 114.416 6.79242 99.5536
1066 97.0043 11.6599 112.535
1067 108.755 7.5332 112.833
1068 115.295 7.04665 120.994
1069 100.572 9.72404 106.366
1070 102.761 42.7266 -0.856307
1071 84.3542 37.9572 10.0343
1072 104.311 40.9371 -0.768175
1073 102.861 41.8839 15.5322
1074 104.367 42.3418 2.28827
1075 98.5242 44.5691 -0.875661
1076 95.5919 34.7423 17.9431
1077 90.9163 37.2344 17.4709
1078 102.932 40.1499 6.35553
1079 88.5267 43.4642 17.1408
1080 86.8404 26.7127 23.5495
1081 107.153 33.703 13.7216
1082 81.2289 49.7644 34.8265
1083 113.798 50.3072 29.1184
1084 93.9232 23.2237 24.0983
1085 91.8017 41.4213 17.4514
1086 95.7089 33.7075 55.1309
1087 113.385 31.6875 26.8937
1088 85.1577 51.16 37.3608
1089 89.6659 21.8573 44.0387
1090 97.5972 37.3891 41.9147
1091 80.5328 29.602 41.6423
1092 98.3864 22.0885 57.2557
1093 90.4449 32.002 57.2801
1094 94.9271 35.5748 66.42
1095 87.8001 41.775 52.6312
1096 96.3061 43.6096 57.1385
1097 97.7282 29.7863 48.3442
1098 100.385 40.0123 48.3589
1099 113.117 40.7218 40.6397
1100 85.0209 29.7968 64.0047
1101 113.281 19.1145 47.6506
1102 105.6 21.8228 66.3731
1103 101.643 23.631 64.2726
1104 104.283 35.6177 52.9194
1105 86.1262 31.7037 66.3491
1106 113.201 18.7836 69.5481
1107 87.6393 32.0492 64.1376
1108 93.349 25.2293 71.2542
1109 93.2809 29.8054 59.4248
1110 113.365 47.3172 86.465
1111 93.1548 45.9271 72.8055
1112 113.395 43.3404 91.7637
1113 101.551 23.835 59.685
1114 82.3004 23.9273 84.3973
1115 88.0397 33.8012 86.3503
1116 113.518 35.4303 87.5356
1117 93.156 29.9943 77.3997
1118 104.519 35.901 83.9266
1119 92.3588 27.5603 95.105
1120 94.7054 47.8943 74.9337
1121 75.4005 34.3176 84.4015
1122 89.4603 29.6873 81.8687
1123 95.3736 39.7068 93.068
1124 91.4106 33.8211 99.3362
1125 103.523 48.0946 92.4107
1126 106.037 48.0165 77.1448
1127 82.3417 44.3281 103.81
1128 92.2601 42.1669 110.33
1129 100.435 39.7334 114.249
1130 109.354 27.4633 122.241
1131 98.9754 44.6165 109.646
1132 102.282 42.1209 116.355
1133 115.378 34.969 117.545
1134 101.415 31.9338 110.278
1135 96.7876 44.0592 112.292
1136 79.2762 48.0965 112.605
1137 99.9285 53.1206 13.3917
1138 104.305 40.7163 4.26782
1139 95.5899 51.677 -1.10013
1140 108.548 45.9868 12.5987
1141 113.576 70.3719 29.1161
1142 113.58 62.766 25.9216
1143 97.8919 67.6871 34.94
1144 94.2694 63.804 19.1091
1145 85.8439 51.3391 17.1606
1146 113.494 52.3439 32.9688
1147 114.714 52.0079 13.5373
1148 96.7841 55.6464 21.5155
1149 94.0936 68.498 14.2982
1150 96.6875 73.9439 19.4831
1151 103.723 49.5785 41.8671
1152 94.733 60.2267 50.6147
1153 91.1729 51.7967 41.344
1154 104.164 61.6428 41.5612
1155 95.4701 55.8152 39.3672
1156 82.376 59.6325 34.6566
1157 102.761 53.7684 48.5093
1158 97.6592 47.567 45.8983
1159 92.0514 57.6595 43.7629
1160 113.189 76.2827 54.4198
1161 102.902 47.8175 63.8769
1162 89.1294 59.9903 50.411
1163 83.7537 53.9656 48.221
1164 97.5177 65.8983 52.7492
1165 103.743 61.8835 54.895
1166 95.5676 65.7674 45.8821
1167 113.064 50.8262 55.7819
1168 77.6418 73.5773 54.5146
1169 105.61 57.8556 68.0781
1170 97.5056 60.0605 79.3874
1171 103.014 55.7887 72.4653
1172 113.099 50.3199 64.3378
1173 83.4658 55.9914 65.5859
1174 101.45 47.7205 65.9188
1175 79.5248 57.4338 63.2827
1176 102.796 55.6442 50.6616
1177 108.652 78.4254 76.4108
1178 91.5787 60.3422 83.7406
1179 98.4725 44.3313 66.3599
1180 90.563 53.919 52.5307
1181 113.222 55.5431 55.5351
1182 95.9272 58.1412 85.9973
1183 103.722 49.1962 96.6824
1184 89.2266 56.1572 88.2161
1185 82.1871 50.1339 88.2939
1186 105.462 52.2696 83.6259
1187 113.565 67.2518 90.3708
1188 113.639 47.9256 78.9917
1189 113.135 56.8688 79.5265
1190 113.176 49.1178 84.8343
1191 92.1182 65.8564 72.6234
1192 102.115 41.8963 97.0378
1193 100.972 64.4583 90.5269
1194 94.7073 48.3337 88.0457
1195 114.191 57.2012 102.504
1196 102.1 72.1549 101.382
1197 91.3519 74.0182 103.58
1198 97.2376 62.3471 110.118
1199 78.7099 65.6096 105.597
1200 80.3656 61.5252 107.835
1201 86.2517 55.0188 122.521
1202 94.7191 50.776 112.852
1203 109.277 59.9463 121.936
1204 104.715 76.9628 109.582
1205 93.795 57.7471 122.591
1206 107.826 64.9497 122.079
1207 95.4581 101.01 -1.307
1208 81.8591 75.6722 -1.44634
1209 97.0826 86.2558 16.2285
1210 114.77 81.2242 9.33
1211 84.0908 88.5581 8.22421
1212 114.513 82.6595 0.0688576
1213 89.8795 77.1211 -1.18834
1214 79.8706 72.3375 6.1018
1215 100.724 71.7388 12.9335
1216 105.473 86.208 -1.18607
1217 107.394 91.6772 37.2964
1218 113.732 72.6694 19.3609
1219 78.2851 88.0204 25.5312
1220 98.5231 77.6758 21.4837
1221 107.587 83.8341 26.0738
1222 113.886 84.1733 23.5957
1223 86.8445 87.6736 19.3177
1224 80.9745 87.3281 27.7305
1225 97.0483 81.528 17.2903
1226 101.249 75.9962 54.5953
1227 105.812 93.8808 39.3964
1228 102.941 69.8235 52.3921
1229 95.6476 63.7385 43.6514
1230 75.3716 79.6385 32.4445
1231 89.035 75.9552 63.5822
1232 113.078 85.5499 44.3637
1233 80.5754 87.7766 41.4707
1234 100.288 71.947 57.1203
1235 87.9034 69.9345 56.8545
1236 98.8814 79.6701 55.0452
1237 106.164 67.4788 39.648
1238 112.832 92.9203 50.1195
1239 96.0091 89.3974 45.4331
1240 76.5574 97.918 52.2971
1241 106.882 55.6721 65.9113
1242 99.9045 69.836 63.6989
1243 99.697 84.0258 65.9296
1244 93.181 64.0976 70.3922
1245 112.708 88.7768 79.3844
1246 112.91 60.9809 75.8747
1247 113.326 60.915 89.2482
1248 98.7412 92.0004 58.9805
1249 112.715 74.381 65.3608
1250 105.455 84.1552 83.51
1251 97.2559 79.8097 79.1865
1252 84.2131 74.1355 97.0176
1253 112.806 81.0397 66.9535
1254 76.5209 75.9445 70.2889
1255 79.6175 78.0715 85.9215
1256 113.144 89.2645 88.4444
1257 86.9312 74.1369 97.2144
1258 99.0477 83.9739 85.9669
1259 91.9039 72.0117 90.5267
1260 91.1049 92.5961 103.3
1261 113.59 71.7679 91.6041
1262 103.26 88.6228 101.241
1263 103.66 79.9766 90.1145
1264 86.9521 72.0169 97.3755
1265 105.535 86.4601 101.177
1266 108.984 74.6489 116.058
1267 89.1175 71.1433 122.347
1268 115.018 70.078 114.791
1269 87.7115 77.2063 122.217
1270 102.084 82.242 122.0
1271 109.099 75.9267 117.541
1272 104.662 94.47 107.98
1273 87.355 85.9541 112.841
1274 106.216 96.4409 121.872
1275 94.624 80.3039 122.187
1276 114.977 81.2635 106.888
1277 91.9408 83.894 122.029
1278 77.8915 76.1882 122.551
1279 103.123 83.5107 104.799
1280 109.179 72.1137 122.001
1281 114.53 88.8577 1.81968
1282 92.6336 114.107 3.9258
1283 105.595 114.115 10.084
1284 114.527 100.86 13.9891
1285 100.957 114.197 3.6987
1286 85.3527 113.803 17.4879
1287 113.637 103.225 20.0221
1288 96.6913 89.454 27.854
1289 113.153 105.087 32.2386
1290 113.378 96.6597 27.1241
1291 105.068 105.631 21.2812
1292 87.6746 113.546 36.3891
1293 104.991 91.8947 25.8862
1294 106.255 113.738 28.5402
1295 87.7308 113.483 40.604
1296 98.9305 113.816 39.6438
1297 94.8359 110.143 25.9674
1298 105.384 113.735 33.2316
1299 112.845 105.037 49.8903
1300 104.458 93.4985 36.7713
1301 96.2079 103.845 30.3518
1302 82.2836 95.6897 39.0148
1303 106.786 113.549 57.0514
1304 106.848 84.8024 54.636
1305 111.127 113.422 51.9828
1306 81.4211 113.863 16.8218
1307 91.7209 93.5775 47.8882
1308 84.9849 96.0265 58.9006
1309 103.106 103.956 67.7807
1310 81.0147 99.9154 67.982
1311 88.3141 81.9349 70.3485
1312 95.3431 84.0131 68.1571
1313 109.629 113.594 62.764
1314 85.8605 113.966 60.7576
1315 99.7128 90.2064 87.9986
1316 99.3577 94.1333 90.1664
1317 96.4852 100.167 90.0842
1318 102.77 105.925 81.2559
1319 89.4818 102.093 90.3262
1320 85.9515 89.7873 70.0222
1321 112.775 104.65 75.7955
1322 101.617 84.2619 85.6994
1323 113.062 112.522 83.3911
1324 99.1212 108.19 91.9822
1325 96.641 100.359 94.5786
1326 113.968 92.8392 97.5818
1327 92.5149 98.7007 98.8502
1328 111.637 92.1703 107.917
1329 100.742 114.329 87.5513
1330 95.6834 113.994 74.6811
1331 81.823 86.5625 103.556
1332 88.6526 114.817 115.53
1333 91.5904 114.675 114.448
1334 96.3176 101.163 122.081
1335 95.7306 106.937 111.727
1336 115.058 103.678 120.054
1337 105.876 101.727 102.418
1338 115.23 103.379 108.615
1339 115.236 112.133 120.383
1340 115.076 109.569 110.22
1341 84.8081 98.6907 118.104
