0 8.37696 21.8232 -0.162493
1 11.4591 1.92011 -0.183162
2 17.2025 18.3562 11.9632
3 28.7102 -1.53053 3.3018
4 27.0803 2.7694 -0.181139
5 9.44331 2.57004 3.83093
6 -0.280733 9.66873 1.5397
7 11.5837 6.79518 11.7578
8 21.4596 10.9145 -0.203135
9 -0.455042 13.8505 1.49336
10 1.58842 19.9742 30.2402
11 26.4799 20.9795 22.6345
12 9.96965 8.78825 29.4934
13 1.37487 -1.14204 4.59114
14 19.2453 -0.291857 20.9023
15 6.36908 15.2448 23.8455
16 1.4624 28.231 24.9194
17 37.7932 5.31883 27.312
18 1.44932 22.0078 32.2941
19 25.6791 15.3046 33.8973
20 21.4026 -0.322089 42.8212
21 1.4533 5.92159 27.4009
22 32.5733 19.4832 45.3606
23 35.6754 3.82537 38.5731
24 1.87668 18.6654 44.8369
25 14.6246 -0.483535 34.7757
26 13.5334 13.4116 56.9035
27 13.175 21.2809 54.4579
28 32.8782 11.2709 66.1999
29 6.82842 -0.654576 52.8347
30 7.66959 37.6727 67.7744
31 12.075 5.23098 49.9274
32 10.7187 17.013 38.93
33 24.3074 9.71299 59.2347
34 1.7445 22.0223 89.9298
35 32.5661 -0.491255 55.0169
36 15.9732 7.37981 68.0802
37 10.7106 21.6976 63.434
38 21.6385 -0.253731 79.2224
39 21.7535 -0.0567825 72.9551
40 28.665 -0.190062 63.2983
41 17.6444 -0.313519 71.016
42 34.1451 11.833 81.4357
43 31.2642 -0.261808 85.489
44 28.2283 21.8174 86.2997
45 9.90118 -0.144962 95.4948
46 11.5253 11.6332 92.703
47 6.15207 0.0315127 88.7296
48 25.2225 21.9867 90.6981
49 27.4745 15.3897 118.824
50 19.0811 -0.394057 120.212
51 26.2816 27.6426 103.759
52 11.765 17.6475 108.308
53 40.4447 -0.0690726 100.191
54 16.5018 -0.479166 108.13
55 11.715 -0.871543 114.33
56 16.8824 23.5091 97.2212
57 19.0605 25.0826 112.307
58 15.4454 25.6269 99.5977
59 18.1587 9.81685 93.0976
60 9.62412 5.40763 118.974
61 8.0155 -0.588897 120.521
62 29.0266 15.0903 124.75
63 20.6445 10.7504 124.735
64 0.432372 0.451863 121.592
65 0.948718 -0.741766 116.992
66 18.1314 43.2514 11.637
67 22.7303 38.61 9.08477
68 10.6768 24.7359 7.53873
69 4.15964 41.9271 10.7584
70 27.564 20.809 19.7308
71 4.11439 39.9337 8.67087
72 28.2662 38.631 -0.645403
73 22.9938 29.3176 -0.600058
74 33.3134 37.6827 29.159
75 -0.721398 49.6692 9.04042
76 1.55731 23.9648 29.3212
77 2.93145 39.7532 15.6249
78 2.10809 16.3406 51.5661
79 1.85585 48.724 50.9728
80 27.1063 45.3967 49.8165
81 2.29468 32.2815 59.4
82 15.486 37.3489 36.302
83 14.1533 35.5774 54.324
84 21.4147 39.5742 36.3403
85 1.81432 39.9148 42.412
86 28.4415 45.6557 42.7204
87 29.5622 39.6396 51.9984
88 19.9552 41.6964 47.4963
89 2.03089 25.9542 52.5088
90 29.7314 29.4477 52.1906
91 26.6808 43.1745 45.0325
92 2.0362 42.4918 57.259
93 13.3712 19.1428 45.3285
94 9.37193 41.5546 59.0362
95 31.0032 23.852 56.9984
96 20.1401 53.6403 65.6288
97 25.5715 47.3887 40.7309
98 18.8336 37.1597 63.5188
99 2.16339 22.7985 56.8643
100 7.85158 35.6945 68.042
101 18.4501 40.0809 63.8035
102 2.11744 18.5326 70.5554
103 24.3151 30.0601 74.887
104 32.647 37.6891 54.1547
105 1.63191 36.8971 73.2163
106 36.9766 41.7867 70.2116
107 29.5034 29.9065 83.8153
108 15.8173 23.5977 94.9559
109 20.2683 23.4924 70.2171
110 10.9598 39.6523 92.5999
111 1.53943 38.1416 94.3599
112 25.2353 35.5121 90.4899
113 5.60465 28.1087 103.651
114 23.5855 38.2951 99.1047
115 23.6817 40.0686 103.829
116 15.9891 33.7937 86.0575
117 12.6955 45.9447 92.8138
118 15.8493 27.7503 97.1056
119 18.8389 54.9711 117.503
120 22.2432 40.038 101.649
121 6.69812 47.7864 101.634
122 12.1043 46.1555 107.975
123 7.29813 37.8069 101.563
124 8.50451 30.3027 101.439
125 30.1125 25.4624 110.591
126 21.6033 56.1775 124.388
127 21.7802 46.2284 117.141
128 14.933 22.2223 124.812
129 18.8091 45.8605 116.601
130 6.08574 34.3524 124.499
131 7.51668 37.2393 124.456
132 27.463 28.9584 103.023
133 23.3235 27.9273 117.192
134 16.8816 67.9497 14.876
135 3.95713 60.9997 -0.350306
136 22.6323 66.9368 -0.929746
137 21.1235 60.961 12.8485
138 9.88268 57.7503 18.1157
139 -0.528258 68.0728 10.893
140 16.8278 55.4265 24.7035
141 15.5183 57.1914 29.1978
142 1.35117 49.9569 31.5388
143 11.2603 55.5926 29.4991
144 37.714 37.4036 31.5297
145 1.64521 60.4177 41.8452
146 19.0929 65.4881 15.6395
147 35.1173 53.6223 40.5792
148 20.0596 61.4078 40.1729
149 23.9356 61.5846 38.313
150 25.5567 57.2295 57.0984
151 11.7903 63.3083 40.6565
152 22.5858 63.1765 40.7217
153 29.4601 61.4925 47.5077
154 14.9752 55.3138 40.854
155 24.6938 61.453 45.2347
156 12.8805 35.2866 36.3523
157 18.4567 55.1509 31.3237
158 19.5191 49.2462 38.6313
159 10.0583 51.2326 31.3868
160 18.4028 59.4672 40.6582
161 24.7961 61.5442 56.3636
162 14.4759 63.0062 40.5572
163 17.4418 37.8383 61.0899
164 38.3547 61.9054 58.5916
165 33.9077 43.466 63.4027
166 25.6259 59.4214 42.7348
167 1.87992 40.4342 77.5152
168 11.4593 43.4211 78.9181
169 17.1412 59.6264 72.286
170 12.8536 63.7395 63.5142
171 40.843 55.9294 72.441
172 22.8609 59.6949 79.1453
173 31.2369 57.8187 92.6909
174 28.1627 58.3423 87.6576
175 1.58739 74.6312 88.6032
176 16.8323 57.857 81.3011
177 14.2977 55.8719 81.1754
178 21.3017 43.8536 77.0141
179 28.4065 43.4394 77.0483
180 2.01916 47.8587 78.9452
181 8.54498 53.8687 96.834
182 14.0663 65.3978 97.5784
183 31.8454 54.1285 97.2458
184 12.4651 65.8054 94.6299
185 36.2933 52.7886 102.295
186 0.0171563 61.2302 105.215
187 3.11846 68.5675 113.975
188 1.0494 74.9227 97.2263
189 23.1746 51.8075 108.467
190 4.99222 47.7962 114.547
191 -0.172436 66.8567 122.863
192 11.4777 63.5393 115.638
193 18.7852 68.5859 124.259
194 0.104676 50.947 115.735
195 8.92893 59.5989 124.312
196 17.7174 53.753 118.258
197 20.4648 51.7126 120.365
198 28.7585 62.399 124.381
199 8.29088 64.6319 10.4921
200 9.12697 91.6325 11.3815
201 16.6736 80.4458 6.21954
202 13.0541 73.5689 17.5724
203 28.3841 77.8198 8.81578
204 10.3376 75.3502 11.4892
205 7.75937 85.8245 -0.588188
206 14.1845 73.4729 15.2685
207 9.8576 74.5089 18.8187
208 18.4189 71.3882 11.2837
209 15.6673 83.3435 35.7171
210 19.831 91.6606 17.5807
211 21.9011 91.586 24.2471
212 21.0485 79.4251 27.0059
213 17.7068 73.5935 15.2515
214 22.605 84.496 14.9005
215 10.4185 71.4883 19.7026
216 25.5992 81.5313 19.8465
217 15.8329 73.5886 18.0318
218 24.6287 83.4369 19.8238
219 15.896 77.1166 21.9533
220 1.46041 79.1605 34.5295
221 18.2616 79.0268 29.1154
222 11.6224 81.5522 36.1429
223 17.0267 75.2774 17.531
224 18.4773 83.5243 40.575
225 21.1077 77.2768 40.6482
226 31.1944 63.1489 45.021
227 21.503 106.142 47.4106
228 7.59656 85.1453 54.2313
229 1.62889 81.0399 73.6989
230 28.1971 97.6329 76.4268
231 11.5418 67.7421 56.6212
232 1.94915 94.5688 52.2418
233 2.27405 71.743 45.4627
234 22.5949 69.3983 47.5694
235 15.2006 63.6239 61.104
236 7.3794 61.4628 63.3908
237 24.3503 67.3493 61.0485
238 1.87852 78.6396 48.8834
239 1.80353 72.5514 63.9451
240 23.7251 75.2552 47.4295
241 22.3154 73.6311 79.0308
242 9.12954 71.7416 58.6391
243 10.4319 81.7845 72.2421
244 22.732 82.4779 78.4485
245 14.2695 75.6538 81.1604
246 36.3303 97.3552 51.6776
247 24.0626 71.393 60.7751
248 28.489 87.4882 74.0488
249 13.149 71.2924 74.6361
250 28.1474 73.5987 83.5384
251 1.69768 87.3675 85.0599
252 23.6784 65.2027 96.6302
253 15.8702 93.3841 67.4622
254 25.4266 67.909 90.1242
255 18.843 83.9465 94.6037
256 42.2157 85.8751 85.7969
257 22.6126 85.9964 94.5824
258 22.7432 81.7144 92.3998
259 7.2883 79.6137 83.4891
260 10.05 85.775 71.9099
261 2.05328 85.0676 77.5237
262 1.48262 96.7674 90.556
263 28.9433 67.9645 96.9553
264 12.0464 68.5077 103.999
265 0.218438 65.0371 117.096
266 13.7825 84.2303 107.799
267 1.35593 79.5647 96.6064
268 22.2792 82.1375 101.301
269 20.6772 80.1289 101.294
270 12.0583 80.0018 103.43
271 14.4958 87.7103 124.124
272 21.7993 68.6943 124.4
273 10.0899 77.0082 124.367
274 9.06698 83.9104 124.155
275 25.8651 72.0221 108.118
276 30.1685 76.4484 103.85
277 41.5806 80.7329 124.166
278 25.0496 110.243 -1.19404
279 26.8597 95.4836 9.2417
280 12.3072 89.2017 -0.556095
281 6.58019 113.771 7.71138
282 16.6424 113.611 10.521
283 0.505001 97.305 -0.439918
284 26.9514 95.311 19.6106
285 0.335816 93.3973 15.6607
286 14.6506 113.109 22.6578
287 25.9327 99.3475 21.7185
288 13.8813 113.47 30.8244
289 2.53965 113.701 13.6697
290 0.121094 106.638 17.1059
291 14.2174 113.476 17.8637
292 0.944693 98.7343 26.0597
293 16.8594 97.578 35.6469
294 12.4139 87.6324 22.3985
295 4.58719 113.706 15.4495
296 27.8976 113.969 9.24994
297 26.5095 95.7038 33.2736
298 18.532 113.288 37.5198
299 24.8473 85.759 22.2004
300 30.8209 99.4457 44.8933
301 6.296 113.351 40.1041
302 8.826 105.79 38.0458
303 1.71686 110.792 39.2666
304 2.15724 110.262 61.1602
305 23.6333 89.5653 26.6955
306 6.75249 113.719 34.2369
307 20.0123 103.683 17.3353
308 20.6156 113.3 31.1575
309 9.81973 95.6644 31.6397
310 15.4636 93.5338 40.2811
311 23.0938 93.6553 51.3871
312 29.6025 113.239 49.7541
313 16.1514 105.634 49.3197
314 10.0065 103.372 60.786
315 1.90789 94.6616 74.6038
316 17.336 105.648 74.0154
317 1.80776 98.2335 75.7062
318 1.67955 108.243 81.3429
319 23.5866 105.599 67.2918
320 36.3254 91.6761 72.0788
321 10.5381 113.998 105.769
322 26.811 113.657 76.8431
323 30.7621 113.522 74.4492
324 13.1856 113.437 72.287
325 22.8595 85.3712 74.5159
326 1.41282 108.549 86.6559
327 1.56098 98.7876 79.1161
328 25.5815 103.929 94.3288
329 28.8228 103.924 101.365
330 32.1661 93.8276 83.3913
331 0.454554 112.905 109.339
332 13.1935 92.3628 107.816
333 1.97881 113.89 106.77
334 1.10566 112.713 99.0885
335 17.3461 114.215 105.22
336 4.22474 113.505 95.8134
337 18.0871 101.976 96.3267
338 28.7724 114.416 117.583
339 25.9764 107.236 123.997
340 -0.0563528 99.4642 111.582
341 17.4662 104.176 110.421
342 14.5592 106.791 118.436
343 31.2922 12.6962 -0.456526
344 30.628 8.55173 9.59695
345 55.8136 18.9779 3.45948
346 45.6553 13.0045 -0.382517
347 53.1043 -1.22744 21.259
348 42.7836 7.62825 22.5079
349 34.5488 14.1327 -0.299399
350 40.2171 19.1468 10.8876
351 45.2913 24.7268 7.1717
352 36.1105 9.66652 29.3532
353 51.736 11.6567 29.1881
354 37.5729 9.58323 27.0723
355 51.7138 -0.206252 27.445
356 55.7736 -0.447006 26.1957
357 35.4377 29.7158 38.6842
358 22.6747 9.03671 4.55737
359 60.7241 29.2966 26.9246
360 43.2738 21.0907 22.3398
361 52.0969 -0.103836 42.8146
362 24.3037 19.5632 47.6761
363 52.9205 22.0367 18.5193
364 54.2587 27.5963 38.1018
365 49.2169 0.0231904 68.3318
366 24.2451 17.5815 65.6953
367 38.4709 11.5981 52.4737
368 48.7927 7.68745 52.1019
369 47.9321 11.8669 65.8711
370 39.6013 15.4137 54.5754
371 32.5607 15.7165 47.5765
372 36.9433 21.8067 59.1915
373 45.6562 11.6975 47.6218
374 43.9881 19.8395 52.21
375 66.9317 21.5986 72.4816
376 32.8889 15.637 68.1687
377 38.1882 0.0382059 74.185
378 51.9996 10.0498 99.4428
379 43.3981 21.3724 92.7843
380 18.7605 -0.21625 83.109
381 50.6534 11.1359 82.2329
382 29.2033 23.5377 90.2554
383 46.6968 0.101364 95.6541
384 43.4921 23.3473 93.0309
385 25.6088 -0.0568259 84.6205
386 34.1674 -0.0845272 70.9195
387 50.5855 -0.511936 116.242
388 33.7522 -0.0446597 102.298
389 45.2565 21.7858 97.6779
390 50.5656 17.1278 111.062
391 51.8805 27.3716 106.346
392 45.3105 9.6327 101.859
393 50.5412 11.8821 124.692
394 40.6102 5.95058 124.551
395 46.1025 24.1101 121.229
396 36.2564 21.126 124.679
397 36.2006 0.866604 124.651
398 44.544 -0.573908 119.056
399 50.5141 12.8371 116.19
400 63.898 -0.600687 117.12
401 53.1843 5.04368 124.936
402 28.4952 30.682 -0.608577
403 21.3462 36.8555 9.57226
404 31.3852 38.7833 5.07953
405 54.2649 37.4078 -0.924742
406 55.531 40.6155 -0.983902
407 51.3577 32.8688 17.5389
408 25.0388 34.8155 5.44922
409 45.7172 36.856 15.0052
410 31.4332 29.5411 -0.337693
411 46.8699 36.4906 -0.718208
412 31.3397 43.7342 9.97248
413 26.2055 43.1702 13.4406
414 45.302 45.5254 24.5015
415 33.2778 36.2374 31.0115
416 50.6683 31.3249 31.4564
417 34.6896 39.0848 13.5138
418 35.6667 37.2575 13.7017
419 48.3002 33.0969 22.4439
420 36.5466 36.9949 11.4637
421 47.5354 36.936 26.4942
422 28.3683 33.6109 45.3296
423 39.7568 9.62218 49.6595
424 46.6938 31.4005 33.8927
425 30.7104 31.415 36.2215
426 68.1289 23.6821 44.9852
427 61.5207 11.353 42.7224
428 40.4682 24.9378 28.9022
429 49.0641 41.5959 47.2525
430 37.5274 43.5667 40.4214
431 50.5153 31.6461 42.8257
432 37.8009 45.5417 31.3318
433 40.7847 27.8257 63.4982
434 53.3394 29.8085 61.0742
435 31.4398 15.5861 49.9182
436 35.2169 43.7428 61.1607
437 43.2524 37.6981 49.7024
438 61.5334 44.1037 74.508
439 33.4375 35.5372 56.6563
440 53.0593 41.4736 79.7107
441 32.6415 38.3006 61.5321
442 54.7306 29.4058 72.6275
443 30.8095 45.6084 56.5316
444 30.2542 17.7309 70.2716
445 32.6942 21.7627 79.4277
446 45.8514 27.7159 49.8638
447 62.9933 29.5671 42.6584
448 31.1794 21.8156 86.1753
449 43.7919 39.7643 77.1463
450 53.1139 25.521 42.7597
451 40.8684 33.653 61.1989
452 28.5971 37.6824 79.0771
453 55.8554 45.7973 83.9174
454 32.6195 43.5764 65.6338
455 53.5917 31.9258 67.9133
456 37.8581 43.6679 88.4745
457 45.034 30.1439 77.1317
458 47.6177 20.0565 86.0226
459 37.9052 36.1284 83.5811
460 61.6716 43.8334 90.7736
461 42.1298 43.5392 79.0204
462 56.9789 19.9236 92.9756
463 53.4602 35.9987 97.4951
464 56.0121 25.5298 84.1961
465 34.0355 37.713 88.4193
466 55.3052 29.7406 92.9972
467 44.849 29.7407 108.481
468 53.4312 34.2379 101.319
469 39.7771 13.6092 99.5148
470 30.3604 50.3991 114.154
471 49.0756 37.6184 118.27
472 54.1616 33.6994 116.612
473 49.7707 33.8003 116.42
474 14.6328 17.8665 124.943
475 47.4876 29.3394 124.577
476 47.8079 37.909 114.534
477 43.1196 55.6682 115.828
478 60.6054 18.0465 124.711
479 39.0392 54.76 105.964
480 36.8676 62.8995 -0.807548
481 45.4641 56.213 13.6525
482 39.9841 37.9274 -0.580333
483 42.4896 53.4482 -0.969337
484 27.709 51.3576 28.9458
485 36.4908 51.5834 38.0217
486 35.7532 67.1617 31.2063
487 44.5657 65.1792 20.0025
488 63.8057 63.6389 37.9313
489 47.3521 65.3459 26.288
490 48.8486 55.916 28.4624
491 31.3501 61.2363 29.0693
492 44.4658 50.6385 23.9899
493 41.8361 47.4153 42.5302
494 44.8963 41.3749 52.1271
495 33.8313 57.5081 38.237
496 46.3173 57.2315 47.0649
497 36.3427 55.4242 38.2516
498 42.2034 69.3313 47.1526
499 29.6599 49.1329 47.2338
500 50.248 57.5202 44.7078
501 43.3087 69.78 49.9395
502 50.2128 53.5179 40.51
503 47.7746 45.79 74.7319
504 38.2305 53.6528 65.6076
505 38.0881 69.3676 54.3412
506 57.4995 61.8011 70.4236
507 62.5957 69.9398 85.9171
508 38.3268 58.6292 75.0453
509 39.1987 61.8272 70.0721
510 39.3668 44.0514 79.5797
511 34.9371 53.6322 60.9693
512 34.0507 63.6752 76.7784
513 28.4586 59.5919 68.0561
514 51.7432 54.0108 88.5367
515 32.9164 49.7754 85.9644
516 49.2165 62.076 79.528
517 32.6186 71.6252 85.5432
518 33.9175 55.6478 74.5698
519 36.4688 51.2759 95.2992
520 39.8449 53.9561 77.1502
521 42.0495 57.5568 88.2861
522 56.3804 55.7653 83.8208
523 49.0849 68.4913 95.3228
524 41.9466 54.2854 99.8723
525 47.741 49.9565 101.6
526 25.9502 67.2574 111.466
527 40.5579 57.5446 99.7446
528 31.188 47.9645 90.4131
529 29.3242 56.123 94.9719
530 47.2686 64.4939 110.439
531 31.9025 62.4764 124.533
532 34.6294 63.6121 111.908
533 54.8452 50.5709 124.453
534 40.0082 56.1901 110.308
535 40.3592 69.4172 117.056
536 54.748 58.979 111.681
537 38.2313 80.8836 -0.849559
538 44.028 85.1396 -0.97644
539 33.8664 86.8286 -1.08619
540 52.4665 73.6054 8.89487
541 48.5392 105.768 18.5865
542 32.7012 68.637 -0.802157
543 26.8358 76.9112 -0.900282
544 56.0209 69.8184 26.4789
545 47.2007 77.3204 26.4898
546 57.0857 83.4088 19.7639
547 42.5562 92.6606 14.8127
548 41.4527 69.4249 19.9261
549 51.6733 81.4543 19.5339
550 57.8175 75.3494 15.1788
551 66.3156 81.5184 33.1304
552 50.0236 77.1699 17.1016
553 46.0914 93.7163 49.0688
554 64.8081 85.5837 28.6193
555 46.2371 69.6232 49.5535
556 28.3439 65.2312 33.6693
557 31.8035 81.194 35.898
558 45.7405 67.3363 19.5956
559 61.48 75.2251 32.9234
560 44.8961 69.4087 47.1916
561 34.6439 87.5358 40.34
562 63.915 65.3476 28.7581
563 62.8882 93.4097 42.2484
564 33.9307 75.4749 42.6763
565 41.5657 65.2849 24.4351
566 37.5263 81.5012 40.3909
567 55.9945 99.3627 53.6598
568 60.1443 95.6246 65.2484
569 63.8587 69.8656 65.2745
570 50.087 79.8929 65.3486
571 29.6533 79.5118 56.2158
572 47.3557 69.395 46.5927
573 51.9945 79.649 67.5195
574 53.9271 63.5522 65.2734
575 25.6301 71.6491 58.5636
576 37.3335 73.3885 49.3008
577 32.3085 75.3654 58.7302
578 32.638 85.3787 60.7262
579 48.3224 73.5194 70.1818
580 51.9151 79.685 72.5396
581 46.5821 89.4704 78.6724
582 44.7201 91.9127 81.0494
583 52.4901 77.5926 65.5461
584 41.7191 83.5353 79.0276
585 34.9331 81.5465 76.8848
586 26.747 81.9312 78.9155
587 68.3098 77.9837 78.9198
588 33.494 95.7828 85.717
589 33.5901 92.3693 88.3726
590 46.171 65.8318 99.5201
591 58.2855 68.2306 88.4197
592 49.1086 83.9574 81.4071
593 51.7694 84.1047 92.6097
594 36.8368 87.8944 81.1119
595 32.4199 72.1711 101.23
596 58.8292 83.7109 112.568
597 50.3624 72.1183 114.232
598 31.9084 76.1513 101.53
599 57.3499 89.7114 116.762
600 32.8744 77.9352 115.958
601 51.7827 75.7179 114.897
602 44.9382 77.6688 94.5068
603 37.6035 84.0946 97.0791
604 54.9503 66.1352 92.8934
605 40.5334 79.8291 97.1007
606 48.6958 76.585 101.115
607 37.4654 80.2059 101.37
608 33.6211 67.8583 94.6613
609 31.614 74.8695 107.541
610 43.0626 85.7368 117.163
611 48.9977 67.7416 120.009
612 39.2381 84.5437 116.164
613 33.0828 72.9357 111.862
614 46.1209 79.0025 115.097
615 43.1933 78.9839 124.11
616 25.5027 90.0252 -0.761444
617 43.8905 112.521 -1.11586
618 55.3406 113.825 0.0216546
619 35.3608 91.7108 9.01881
620 51.0273 113.808 2.06289
621 40.7555 100.158 8.65455
622 56.7915 103.028 -1.37482
623 41.2169 114.083 19.3537
624 29.7165 100.198 8.39177
625 33.7153 113.867 6.29011
626 43.7614 92.0504 8.7591
627 34.0522 113.474 19.3736
628 42.8285 105.247 37.5854
629 28.6671 113.295 22.4743
630 30.0372 106.906 24.0311
631 33.5105 89.756 10.968
632 26.5015 97.2727 28.6626
633 40.1886 113.39 28.1755
634 45.7164 103.698 21.9912
635 50.0575 105.205 30.6558
636 55.4088 113.48 42.8395
637 33.8275 105.458 49.0252
638 72.0185 113.665 51.5008
639 39.27 95.6244 35.4887
640 47.5475 103.842 69.7452
641 43.3136 99.2439 51.6515
642 63.7734 106.095 60.2241
643 25.4926 112.868 48.672
644 53.0254 99.6041 39.6491
645 48.4959 113.304 35.7298
646 27.9046 103.727 58.3778
647 44.4048 83.5127 37.811
648 34.6574 113.491 31.283
649 27.6174 113.899 87.9938
650 34.8308 105.542 67.6081
651 32.8364 113.556 60.6594
652 66.1508 90.0242 83.4244
653 47.632 113.497 62.5246
654 33.5088 95.4719 56.0038
655 50.1823 103.732 74.3919
656 53.2623 91.5876 71.9295
657 19.6345 75.7726 76.8025
658 46.9283 95.81 85.6603
659 35.3698 97.5257 74.2084
660 38.942 89.9168 96.755
661 36.4796 105.892 83.1672
662 36.2831 113.773 88.1534
663 41.979 113.473 79.1538
664 37.413 114.054 105.002
665 38.9332 113.825 101.344
666 47.6115 113.611 83.5369
667 43.3897 105.773 83.3128
668 40.6943 100.265 96.5299
669 36.8293 110.15 82.9755
670 40.7925 87.6652 79.0041
671 22.6013 93.5495 87.7875
672 35.1351 108.393 100.883
673 49.075 101.785 90.028
674 27.2582 100.337 107.934
675 44.4363 113.887 102.796
676 55.2685 100.324 99.0302
677 33.1409 114.357 106.607
678 44.6812 109.917 96.7049
679 28.8478 114.621 113.76
680 28.8845 103.248 124.191
681 47.4703 101.211 124.048
682 52.8865 109.393 124.008
683 38.8025 83.7813 112.753
684 56.0461 114.652 114.299
685 26.9881 114.846 99.825
686 33.013 114.527 118.708
687 41.7262 110.342 123.965
688 63.1558 114.756 117.604
689 54.5404 100.223 123.863
690 59.8884 114.988 112.201
691 75.7233 11.21 -0.626043
692 61.5735 15.0874 -0.399115
693 81.2873 11.2454 -0.61927
694 78.5228 15.3046 -0.658065
695 70.075 11.4308 -0.603235
696 58.3986 23.1813 19.672
697 78.5123 7.11581 11.568
698 60.1118 19.4503 24.4799
699 59.3756 23.0542 9.34854
700 72.7456 -0.160415 26.6307
701 79.6573 -0.309149 28.8956
702 80.1779 -1.22802 5.99837
703 55.7559 11.0645 27.1237
704 70.3286 -0.910741 12.7721
705 47.3667 -0.475222 22.6728
706 51.6391 3.60914 43.0437
707 64.0985 14.1662 40.9073
708 75.345 7.90168 52.4883
709 75.3087 13.8077 54.1533
710 58.7742 17.9508 38.0881
711 61.4499 -0.0589602 35.5181
712 58.5674 23.8171 47.6411
713 62.8616 7.53024 35.8843
714 69.7589 25.5676 38.159
715 48.9756 13.5544 45.2221
716 64.7533 23.7733 47.4524
717 62.9808 0.00887853 56.2119
718 83.534 21.6426 65.7022
719 54.935 -0.0820876 74.5726
720 88.6544 19.9328 76.7839
721 77.2131 0.110217 92.0922
722 55.8193 12.0337 81.5799
723 65.9443 15.3614 75.117
724 62.9776 9.70616 74.6393
725 75.3905 13.8422 58.869
726 59.1709 13.8115 72.6063
727 82.5536 21.749 67.9069
728 50.0935 29.2875 86.2056
729 75.7235 17.971 72.661
730 77.3818 24.0011 81.6523
731 67.4159 9.96176 92.8948
732 88.5591 -5.70988e-05 96.4287
733 86.4923 -0.476347 105.246
734 89.1071 5.77442 112.245
735 75.0818 9.04089 118.151
736 82.2739 20.4377 124.295
737 59.2342 21.0361 124.392
738 77.7319 15.0591 111.145
739 83.9718 23.671 110.223
740 82.0609 12.1221 116.032
741 63.4224 19.3008 123.301
742 64.7866 16.271 124.757
743 92.2602 19.6356 102.026
744 56.6686 7.23412 110.515
745 66.3895 5.92062 124.569
746 59.2942 -0.444872 112.152
747 74.8634 30.8333 124.358
748 69.9186 30.4531 13.7136
749 72.7665 43.5399 -0.949288
750 84.3439 41.4452 11.0282
751 75.6588 39.1974 9.04017
752 75.6375 27.4829 -0.630055
753 61.149 24.2449 -0.569134
754 76.3868 45.3584 21.9036
755 68.6121 39.8318 19.2466
756 76.345 37.2966 15.3272
757 56.9145 36.9142 22.3015
758 57.6238 14.9137 15.7002
759 60.3185 23.629 44.9996
760 68.7277 43.5445 56.4524
761 71.2082 33.7663 31.0539
762 53.0227 29.2536 33.8236
763 87.7189 21.6268 63.3822
764 79.4201 48.8961 49.7073
765 58.6368 31.7189 63.3524
766 72.4351 27.7408 47.2795
767 79.441 35.6923 42.8767
768 86.2965 32.6974 61.0929
769 80.741 39.5214 54.2814
770 77.9834 29.5332 40.1835
771 79.7293 25.7555 70.2486
772 89.1928 33.7365 57.8876
773 80.6246 27.8639 83.567
774 62.84 43.74 76.9455
775 58.7191 31.7223 70.4499
776 55.9509 30.4199 70.2329
777 68.8927 34.1007 79.4874
778 83.7538 34.1189 67.945
779 89.369 33.9092 63.0043
780 59.9532 41.5125 74.7707
781 74.568 28.0327 81.5845
782 76.0228 37.9378 74.7066
783 56.253 29.8044 79.713
784 85.4896 26.0881 83.5557
785 63.1773 37.3103 90.9593
786 87.9227 44.1059 94.518
787 63.4359 33.9534 88.2841
788 74.1918 44.2831 86.1304
789 68.8269 43.8193 99.3593
790 60.4434 37.9008 86.0379
791 80.317 38.1225 94.603
792 53.4462 35.9884 88.515
793 68.2346 25.6109 83.9375
794 62.2527 36.5976 124.435
795 71.7358 43.6591 101.834
796 58.1572 35.793 114.655
797 76.2329 11.9414 106.089
798 80.2803 33.7076 110.02
799 74.3725 44.2129 99.8637
800 80.4304 43.3314 106.563
801 76.2718 33.8353 107.993
802 83.7633 23.9508 88.218
803 70.145 45.7059 99.1327
804 54.6292 47.4998 124.587
805 64.9246 33.5419 124.376
806 67.1237 29.7453 108.504
807 73.6248 21.1783 124.509
808 64.5841 46.3659 105.719
809 85.009 41.8001 110.378
810 85.4835 41.5306 -1.00939
811 77.2553 59.1324 -1.23163
812 55.4946 55.7644 -0.907198
813 57.1101 57.7163 4.42427
814 56.9933 61.6849 16.6057
815 65.7492 44.8617 14.7282
816 48.8184 61.2803 14.9981
817 79.8602 57.7183 12.7159
818 65.6293 50.2147 7.54494
819 70.6768 59.5485 11.0285
820 82.3297 41.3446 13.1246
821 71.3438 60.6324 14.3349
822 59.9071 51.5635 9.06366
823 65.709 53.2731 24.1903
824 60.0583 63.8906 15.1647
825 82.4114 61.3028 24.0186
826 64.3531 69.4981 10.8445
827 55.7118 57.3428 24.1254
828 81.7824 69.5031 33.3056
829 72.4416 66.9482 22.1708
830 68.121 63.6016 51.5249
831 59.4727 55.4286 35.408
832 58.5495 59.7221 44.6119
833 86.0593 43.9605 40.3379
834 56.8652 65.7209 35.7371
835 75.1649 73.558 40.0524
836 71.2524 47.6705 42.5994
837 71.1268 57.6149 35.5506
838 73.7364 53.2787 54.2534
839 72.2418 59.6112 69.9356
840 51.7751 61.5485 74.8564
841 72.4092 61.7649 70.0906
842 53.046 42.111 74.7977
843 82.4143 53.8135 70.0976
844 69.6326 69.4252 56.1884
845 87.6804 55.7101 71.9845
846 82.1972 69.8425 74.2603
847 53.1729 63.7391 79.2222
848 80.6349 57.8387 67.8743
849 54.2916 59.6926 84.047
850 90.5537 50.257 80.6453
851 72.6971 42.1943 83.8181
852 80.5871 60.3634 76.3131
853 79.2498 57.7524 78.892
854 51.9063 41.7201 77.0939
855 75.0395 57.651 72.3637
856 71.5643 47.9136 99.1625
857 69.0039 49.7829 88.1932
858 75.6008 59.7553 94.9218
859 73.3209 41.9384 99.3795
860 53.288 67.7898 109.864
861 61.4862 60.2216 110.255
862 67.4678 76.0935 103.533
863 75.7149 43.924 103.677
864 68.8172 58.0673 110.182
865 81.5724 41.7686 106.356
866 72.4066 46.0145 99.325
867 77.579 62.4225 107.938
868 83.5162 62.3392 110.176
869 80.5699 54.2055 110.323
870 81.8965 49.9919 124.386
871 70.3312 65.8762 124.158
872 73.5888 61.9554 124.293
873 84.7981 64.2787 108.043
874 89.1877 50.4954 124.23
875 83.2082 63.6278 124.241
876 79.8222 74.9605 8.08702
877 66.9435 74.2413 5.29394
878 83.972 77.8211 4.66971
879 65.4205 82.1266 -1.34983
880 67.0335 88.2391 19.2082
881 68.1842 78.0583 -1.46791
882 71.3694 77.6958 22.8358
883 59.9921 71.8764 2.44925
884 71.4307 66.1141 -1.10907
885 58.3757 92.5279 11.4415
886 84.872 72.1151 31.165
887 64.2693 77.612 12.8166
888 71.0528 65.7143 19.914
889 65.4322 77.7131 30.7548
890 77.2459 75.565 21.9021
891 73.9586 75.6586 26.4517
892 75.5801 69.5708 40.1258
893 60.0904 75.4759 30.8797
894 86.3992 71.868 33.1664
895 78.4181 73.9006 28.4763
896 75.1048 83.599 42.6344
897 73.687 79.4489 46.7915
898 91.6577 83.6133 33.2657
899 82.095 65.7001 40.2073
900 75.0316 79.5639 48.9906
901 73.5445 81.4368 44.7983
902 64.2257 69.7487 56.1452
903 72.554 87.5321 48.9519
904 64.1078 77.4654 51.5977
905 83.2567 75.8241 42.4264
906 77.6884 95.7184 53.6101
907 89.1728 79.7243 69.3784
908 61.1922 89.4296 56.2668
909 59.941 93.4544 67.8142
910 76.5035 77.7113 74.2712
911 74.3203 76.2222 92.1019
912 67.1518 76.1919 79.1776
913 69.3454 91.3344 60.242
914 55.8808 87.6714 72.2906
915 83.2066 73.6744 69.7982
916 75.5781 78.1366 87.5754
917 64.1515 69.8541 81.7039
918 56.4985 84.3722 97.1863
919 56.0453 75.9378 94.899
920 72.2578 71.8882 85.4101
921 65.6946 86.3031 89.6864
922 59.9541 78.2107 85.8719
923 65.2994 64.0898 94.9561
924 77.7031 82.4562 107.558
925 68.2164 90.5245 107.6
926 67.0412 84.1993 85.3273
927 75.3098 91.631 90.1828
928 64.8675 90.1741 105.595
929 57.9713 84.4639 116.12
930 58.961 82.1959 124.232
931 76.6962 76.5031 118.264
932 67.572 80.986 123.9
933 71.6827 78.3301 102.013
934 76.1186 78.3642 124.076
935 66.2118 87.5405 123.942
936 64.228 74.4073 109.99
937 67.6796 90.1947 124.046
938 85.5457 99.2781 7.16496
939 56.8946 90.1041 -1.19443
940 61.2216 106.17 16.7479
941 69.7638 84.1654 -1.24555
942 72.844 93.4811 26.0598
943 65.2929 113.235 26.5745
944 79.284 113.094 28.0898
945 50.1109 93.2905 28.7605
946 59.4777 105.956 14.9496
947 69.6616 113.25 21.214
948 64.0535 91.3049 13.2624
949 59.3688 114.206 14.7215
950 65.0528 105.702 19.4503
951 66.6889 113.224 34.9096
952 62.3468 101.793 46.8831
953 69.6652 99.7208 28.5727
954 75.5957 95.3935 39.9259
955 63.9703 99.4316 40.0156
956 74.2568 93.4886 39.8841
957 79.411 105.638 62.5165
958 57.0548 107.141 53.4193
959 89.9978 103.79 44.1792
960 72.5173 93.362 47.0131
961 69.6021 105.848 53.6706
962 80.708 103.855 66.9863
963 50.2721 113.349 52.9182
964 63.7148 95.7112 53.512
965 87.2442 105.792 55.6804
966 69.0892 81.7153 42.3397
967 57.1079 105.224 46.6664
968 77.9631 99.7379 55.9475
969 84.8815 113.911 85.2857
970 79.5257 100.005 73.9734
971 60.0048 113.596 72.413
972 83.445 108.243 69.7832
973 94.859 96.2224 80.4402
974 67.8658 105.712 62.9668
975 86.594 93.5285 78.7238
976 65.8646 107.897 105.597
977 89.1808 113.892 80.083
978 73.0285 91.8841 78.6932
979 61.7972 101.897 81.0179
980 75.029 88.0908 89.8854
981 78.1899 113.795 89.0034
982 65.7865 113.609 77.7878
983 69.6198 113.435 71.4873
984 75.0819 100.454 105.433
985 73.9504 110.035 94.207
986 79.9446 114.405 107.663
987 68.7342 94.3819 98.8285
988 53.0763 98.5868 109.744
989 76.7638 90.443 98.393
990 53.0552 89.787 106.028
991 84.0578 110.221 100.586
992 73.3157 87.6453 117.163
993 75.353 98.09 96.4409
994 58.6066 94.1688 92.2147
995 67.3332 114.021 96.6961
996 64.2305 90.0294 94.4841
997 55.9496 113.823 98.3814
998 68.8032 100.42 123.638
999 61.7258 114.586 119.477
1000 78.8917 110.39 123.624
1001 63.2549 103.348 123.92
1002 78.8619 94.2384 123.808
1003 53.1351 90.1052 118.68
1004 79.9302 114.774 113.341
1005 84.7298 114.997 117.882
1006 90.2685 94.5934 107.722
1007 57.6405 104.766 122.079
1008 114.613 14.1338 16.2753
1009 97.3347 13.3368 11.6464
1010 97.3825 18.6513 -1.03557
1011 108.442 2.19232 -0.668688
1012 92.9898 -1.29719 0.881667
1013 102.826 16.6842 6.73934
1014 86.8159 21.095 9.32953
1015 111.194 15.0937 17.433
1016 110.015 7.20862 26.2113
1017 106.321 -0.623744 25.6713
1018 86.3765 12.8439 7.30363
1019 96.1904 13.2109 17.7189
1020 105.487 11.0578 15.4665
1021 94.3051 7.3815 21.7981
1022 101.089 17.4834 38.5423
1023 96.3931 13.6873 31.6281
1024 113.095 12.6504 34.0496
1025 104.54 19.4647 35.9441
1026 99.4292 11.5522 26.5329
1027 101.581 11.3607 31.537
1028 91.7739 15.8585 38.4203
1029 96.0349 -0.498191 38.1815
1030 93.1857 27.9092 58.5832
1031 92.152 7.57595 72.3018
1032 112.437 4.42593 59.9391
1033 102.902 22.0645 62.8849
1034 112.684 26.5283 48.0302
1035 89.2843 -0.113798 56.5365
1036 112.881 14.9276 62.2679
1037 98.372 11.4976 42.9309
1038 95.7515 29.9517 69.8397
1039 98.9853 18.0342 76.595
1040 113.058 21.3037 77.969
1041 90.4108 -0.196073 68.2557
1042 112.667 1.23107 72.5067
1043 86.2979 -0.0196936 67.6076
1044 107.527 13.7454 74.1815
1045 100.063 30.1157 72.1533
1046 86.7921 0.238166 89.9415
1047 96.2149 16.0034 81.1411
1048 106.469 17.9022 87.7566
1049 105.886 -0.102258 83.7155
1050 104.989 21.8043 99.0192
1051 100.959 19.7667 94.6708
1052 94.527 14.0021 74.4985
1053 103.499 9.75631 83.1238
1054 97.8577 18.1069 87.6948
1055 109.909 -0.280666 72.721
1056 89.8252 13.7043 98.9743
1057 113.855 2.03952 94.4896
1058 95.7067 21.9439 98.9233
1059 91.4518 4.09639 99.0948
1060 97.4937 15.7831 83.223
1061 108.536 6.31201 98.866
1062 74.7324 17.8075 110.398
1063 94.9461 26.0494 96.8575
1064 94.2834 5.70954 101.252
1065 114.067 7.09859 101.309
1066 97.0043 11.6599 114.249
1067 108.755 7.5332 114.547
1068 115.295 7.04665 122.708
1069 100.572 9.72404 108.08
1070 102.761 42.7266 -0.856307
1071 84.3542 37.9572 10.0343
1072 104.311 40.9371 -0.768175
1073 102.861 41.8839 15.5322
1074 104.367 42.3418 2.28827
1075 98.5242 44.5691 -0.875661
1076 95.1775 35.0959 17.6109
1077 90.3274 37.1633 17.498
1078 102.929 40.5842 6.27046
1079 89.7221 43.2692 17.6553
1080 85.1641 27.4083 24.3408
1081 107.135 33.6297 13.6137
1082 80.8542 50.9539 36.0182
1083 113.081 50.5088 30.7083
1084 93.9872 23.6537 24.3454
1085 90.5575 41.032 17.5847
1086 91.7706 37.8647 56.4192
1087 113.409 30.4046 26.3675
1088 84.3261 51.6124 37.9875
1089 87.6243 20.1155 45.3215
1090 95.7552 39.8275 42.5699
1091 79.5035 29.5082 42.5064
1092 100.05 21.3848 57.9648
1093 89.2236 31.8603 57.8989
1094 94.746 35.9479 67.723
1095 87.3684 42.2264 53.7432
1096 95.2162 44.2347 58.2814
1097 97.0983 29.9144 49.3272
1098 100.329 39.6397 49.6915
1099 112.724 41.2419 42.3544
1100 85.116 29.8969 65.1823
1101 112.725 20.2523 46.5594
1102 105.763 21.9249 67.1706
1103 101.527 24.0516 65.373
1104 102.858 35.8888 54.043
1105 86.4466 31.9435 67.8945
1106 112.917 16.6958 73.3842
1107 87.8634 32.0064 65.6315
1108 90.5629 26.0201 72.2487
1109 93.2391 29.6475 60.6081
1110 113.124 46.9821 89.1634
1111 93.3267 45.7979 74.1662
1112 113.549 43.5739 93.5755
1113 101.195 23.8767 60.7899
1114 82.6209 23.8684 85.8993
1115 87.9141 34.1813 88.1647
1116 113.306 35.1205 88.2527
1117 92.0862 29.7909 79.3805
1118 103.173 35.9468 85.508
1119 93.1925 27.9221 96.9459
1120 95.0478 47.7466 76.6177
1121 75.6697 34.261 86.1574
1122 86.5244 30.5157 83.3144
1123 94.1316 40.2288 94.4844
1124 91.0682 34.015 101.227
1125 102.056 47.8426 94.2584
1126 106.025 48.2886 78.9011
1127 81.9165 43.8272 105.692
1128 92.3464 42.0917 112.081
1129 100.435 39.7334 115.963
1130 109.354 27.4633 123.955
1131 98.9754 44.6165 111.36
1132 102.282 42.1209 118.069
1133 115.378 34.969 119.259
1134 101.415 31.9338 111.992
1135 96.7876 44.0592 114.006
1136 79.2762 48.0965 114.319
1137 99.9285 53.1206 13.3917
1138 104.305 40.7163 4.26782
1139 95.5899 51.677 -1.10013
1140 108.548 45.9868 12.5987
1141 112.727 70.4361 29.5125
1142 113.146 62.4264 25.0436
1143 97.4011 67.6051 35.5574
1144 95.3659 63.2295 19.2742
1145 85.2764 51.4439 17.5212
1146 112.864 52.9799 32.9755
1147 114.419 52.3227 13.809
1148 96.1458 55.559 21.884
1149 94.2175 68.6717 14.2789
1150 96.6227 73.7624 19.4984
1151 103.207 49.8278 42.4412
1152 94.9368 62.0117 51.8476
1153 93.6651 52.0523 42.4294
1154 102.784 61.4975 42.4474
1155 94.7101 55.7834 40.341
1156 80.4842 59.5254 35.7923
1157 101.974 54.2044 49.2956
1158 97.1871 47.784 47.0361
1159 92.2519 57.5133 44.8124
1160 112.587 79.3793 56.5247
1161 102.788 47.7924 65.034
1162 87.3936 59.7384 51.6162
1163 82.0438 53.7925 49.4812
1164 97.1955 65.817 54.0671
1165 103.907 61.9542 56.2055
1166 95.6467 65.609 46.8776
1167 112.535 48.091 54.1532
1168 76.4152 73.7109 56.3712
1169 106.353 58.0076 69.7249
1170 97.8661 59.7883 81.115
1171 102.757 56.1457 74.2886
1172 112.803 51.6882 65.4381
1173 83.3631 55.8861 67.6253
1174 101.682 47.9569 67.5374
1175 79.3113 57.994 65.3657
1176 102.737 56.0289 51.9082
1177 112.731 78.6815 74.9009
1178 92.104 60.1353 85.3621
1179 99.0875 43.9245 67.5197
1180 90.2467 54.0914 53.7273
1181 112.688 56.4197 55.4351
1182 95.1969 57.7634 87.8666
1183 104.392 50.0691 98.6971
1184 89.6941 55.7742 90.0742
1185 80.2255 49.9971 90.3082
1186 106.075 52.1578 85.3413
1187 113.498 66.9915 93.1481
1188 113.127 49.2236 82.2629
1189 112.994 57.5599 82.5281
1190 113.414 49.944 86.8713
1191 91.6895 65.7929 74.3664
1192 102.113 41.956 98.7675
1193 100.928 64.1888 92.119
1194 95.2158 47.9382 90.313
1195 114.265 57.237 103.082
1196 104.954 72.3447 103.233
1197 91.814 74.568 105.636
1198 97.2376 62.3471 111.832
1199 78.7448 66.1453 107.822
1200 80.3656 61.5252 109.55
1201 86.2517 55.0188 124.235
1202 94.7191 50.776 114.566
1203 109.277 59.9463 123.65
1204 104.715 76.9628 111.296
1205 93.795 57.7471 124.305
1206 107.826 64.9497 123.793
1207 95.4581 101.01 -1.307
1208 81.8591 75.6722 -1.44634
1209 97.0826 86.2558 16.2285
1210 114.77 81.2242 9.33
1211 84.0908 88.5581 8.22421
1212 114.513 82.6595 0.0688576
1213 89.8795 77.1211 -1.18834
1214 79.8706 72.3375 6.1018
1215 100.724 71.7388 12.9335
1216 105.473 86.208 -1.18607
1217 106.669 91.9051 37.5332
1218 113.913 73.0978 18.3294
1219 79.4095 87.7065 26.4078
1220 99.3933 77.7222 21.6026
1221 107.095 83.981 26.3397
1222 112.833 84.1631 23.9115
1223 86.7964 87.6149 19.5121
1224 80.9538 87.7613 28.8016
1225 93.8499 82.5989 16.7394
1226 101.141 75.9822 55.8223
1227 105.333 93.9394 39.7659
1228 102.808 69.8854 53.7149
1229 96.2487 63.9011 44.8803
1230 75.1024 78.3054 32.4832
1231 89.2506 75.6215 64.9483
1232 112.174 83.713 44.1487
1233 80.4779 87.2059 42.0592
1234 101.075 72.144 58.6162
1235 86.1298 69.9387 58.4288
1236 99.569 80.057 55.9589
1237 105.492 67.8349 40.0322
1238 112.389 93.5081 50.6219
1239 95.5906 89.8781 46.6676
1240 77.8825 97.6601 53.7344
1241 108.424 56.1882 67.324
1242 100.696 69.9101 64.9785
1243 100.077 83.8103 67.0563
1244 93.5416 63.884 71.9395
1245 112.878 89.1417 81.8512
1246 112.956 67.9199 80.465
1247 113.699 61.34 90.3259
1248 96.9967 91.5443 60.0994
1249 112.581 75.2243 66.5647
1250 105.648 84.3283 84.8371
1251 97.7646 79.8787 80.6805
1252 84.2471 74.217 98.8849
1253 112.691 81.5147 68.6593
1254 76.5353 75.976 72.2457
1255 78.417 77.9742 87.8737
1256 113.136 89.2143 89.6662
1257 87.0228 73.8221 98.4839
1258 98.931 83.8842 87.3406
1259 93.7692 72.3609 91.992
1260 91.4181 92.0713 105.608
1261 114.05 74.8113 96.0342
1262 101.781 88.6874 102.767
1263 104.757 78.3554 91.9264
1264 85.542 71.8906 98.9428
1265 106.542 85.947 102.359
1266 108.984 74.6489 117.772
1267 89.1175 71.1433 124.061
1268 115.018 70.078 116.505
1269 87.7115 77.2063 123.931
1270 102.084 82.242 123.714
1271 109.099 75.9267 119.255
1272 104.662 94.47 109.694
1273 87.355 85.9541 114.555
1274 106.216 96.4409 123.586
1275 94.624 80.3039 123.901
1276 114.977 81.2635 108.602
1277 91.9408 83.894 123.743
1278 77.8915 76.1882 124.265
1279 103.123 83.5107 106.513
1280 109.179 72.1137 123.715
1281 114.53 88.8577 1.81968
1282 92.6336 114.107 3.9258
1283 105.595 114.115 10.084
1284 114.527 100.86 13.9891
1285 100.957 114.197 3.6987
1286 85.3147 113.503 17.1455
1287 113.082 103.564 20.6904
1288 95.9931 89.3829 28.4839
1289 112.466 104.436 32.9808
1290 112.818 94.758 30.7117
1291 105.918 105.274 21.6286
1292 87.3115 113.304 37.0834
1293 104.352 91.7492 26.0945
1294 105.489 113.598 28.6501
1295 87.2245 113.55 41.7935
1296 96.7686 113.756 39.5743
1297 96.3083 109.735 26.0221
1298 103.414 113.887 32.5753
1299 112.083 105.075 49.7677
1300 103.785 93.9149 37.4872
1301 94.5046 103.566 30.595
1302 80.9381 95.797 39.9471
1303 106.254 113.927 58.0767
1304 106.706 83.7416 55.9229
1305 110.387 113.598 52.8459
1306 81.0104 113.699 15.1801
1307 89.5214 93.3116 49.1278
1308 85.2396 95.6849 60.514
1309 104.007 103.928 69.2333
1310 80.1117 100.136 69.4622
1311 87.7285 81.7977 71.7668
1312 95.7461 83.7928 69.4512
1313 109.064 114.079 63.8984
1314 87.3452 113.781 63.2112
1315 99.1726 90.268 89.3709
1316 99.1646 93.6711 91.4678
1317 96.4806 100.058 91.652
1318 101.214 106.39 82.6596
1319 90.6622 102.007 91.6739
1320 87.5496 89.9569 71.6108
1321 112.36 103.631 75.3705
1322 101.504 84.2897 87.1607
1323 113.055 112.512 86.1962
1324 101.987 107.551 93.3168
1325 96.3735 100.161 96.0354
1326 113.919 93.7925 99.3421
1327 92.7888 98.1908 100.783
1328 111.295 90.364 109.098
1329 101.756 114.198 91.162
1330 94.3954 114.055 75.5389
1331 81.6018 86.2088 105.634
1332 88.7715 114.75 117.005
1333 91.5904 114.675 116.162
1334 96.3176 101.163 123.795
1335 95.7306 106.937 113.441
1336 115.058 103.678 121.768
1337 105.876 101.727 104.132
1338 115.23 103.379 110.329
1339 115.236 112.133 122.097
1340 115.076 109.569 111.934
1341 84.8081 98.6907 119.818
