0 8.37696 21.8232 -0.162493
1 11.4591 1.92011 -0.183162
2 17.2025 18.3562 11.9632
3 28.7102 -1.53053 3.3018
4 27.0803 2.7694 -0.181139
5 9.44331 2.57004 3.83093
6 -0.280733 9.66873 1.5397
7 11.5837 6.79518 11.7578
8 21.4596 10.9145 -0.203135
9 -0.455042 13.8505 1.49336
10 2.01739 20.4088 30.7887
11 25.9964 21.2684 22.6863
12 11.1683 9.33384 29.6306
13 1.47686 -1.04597 5.23167
14 19.0925 -0.81475 20.9309
15 6.99058 16.0556 23.3286
16 2.03324 27.9406 25.7769
17 37.5104 5.43937 27.33
18 1.75602 26.2612 31.7712
19 25.4333 15.022 33.7605
20 22.0007 -0.5638 42.9003
21 2.27698 6.40017 28.3378
22 32.7571 19.6137 45.6325
23 35.4862 3.49409 38.9103
24 2.1204 17.8396 44.8457
25 14.991 -1.03894 36.1563
26 13.4108 13.7541 57.2302
27 14.3293 21.3372 54.8065
28 32.7906 11.6912 66.4367
29 7.29491 -0.769079 53.0076
30 7.68038 37.4188 68.1543
31 12.1153 5.53045 50.701
32 10.9344 17.2251 39.472
33 24.1915 9.91817 59.1889
34 2.19872 23.6716 90.5918
35 32.8699 -0.413431 55.2368
36 16.4867 6.27349 67.9086
37 10.8665 21.9218 63.1703
38 22.9641 -0.0297372 80.9628
39 21.8561 -0.194263 73.6302
40 28.6397 -0.277819 63.682
41 17.6038 -0.306205 71.2174
42 33.944 11.6858 82.3573
43 31.2528 -0.013714 84.9951
44 28.4386 21.8161 86.7228
45 10.3138 -0.04211 95.8822
46 12.1701 11.8324 93.2387
47 6.04438 -0.0606878 89.2909
48 25.7393 21.7495 91.1785
49 27.5121 15.2699 119.357
50 19.1159 -0.501233 120.771
51 26.125 27.535 104.458
52 12.0496 16.7968 109.445
53 40.8029 -0.231868 101.0
54 16.6279 -0.119276 108.503
55 11.6387 -0.890639 113.578
56 17.3496 23.9956 97.8424
57 19.0375 25.135 112.895
58 14.2653 25.7559 99.8727
59 18.2702 9.87135 93.3644
60 9.62412 5.40763 119.537
61 8.0155 -0.588897 121.084
62 29.0266 15.0903 125.312
63 20.6445 10.7504 125.298
64 0.432372 0.451863 122.155
65 0.948718 -0.741766 117.555
66 18.1314 43.2514 11.637
67 22.7303 38.61 9.08477
68 10.6768 24.7359 7.53873
69 4.15964 41.9271 10.7584
70 27.564 20.809 19.7308
71 4.11439 39.9337 8.67087
72 28.2662 38.631 -0.645403
73 22.9938 29.3176 -0.600058
74 33.6356 37.3097 28.9749
75 -0.681171 50.5229 8.39796
76 1.77317 24.1502 29.8702
77 3.15218 38.0925 16.517
78 2.24924 16.224 51.9366
79 1.91048 46.1038 52.967
80 27.1167 45.0324 50.1966
81 2.04926 32.9025 59.377
82 16.0697 37.2076 36.2154
83 14.9549 35.078 54.6399
84 21.1294 39.602 36.1592
85 2.12261 39.8046 42.9839
86 28.5215 45.5186 42.7721
87 29.6112 39.7308 52.39
88 20.4386 41.796 47.6606
89 1.76587 27.6294 52.2657
90 29.3911 29.6034 52.6656
91 26.9812 43.1575 45.6207
92 2.2253 42.2519 57.6807
93 14.0097 19.4368 46.0426
94 9.25246 39.6304 58.9305
95 31.0997 23.4111 56.7443
96 20.2736 53.6118 66.0115
97 25.7035 47.2433 41.0511
98 18.8383 37.4598 63.6143
99 2.14076 22.2647 58.0221
100 5.96184 35.6921 68.0468
101 18.9313 39.644 63.7816
102 2.00213 18.7282 71.093
103 24.8726 29.7388 75.0561
104 32.4901 37.8474 54.2681
105 2.07631 34.8633 72.0136
106 36.7092 41.6556 70.6871
107 29.5954 29.7397 83.9986
108 15.814 23.3316 95.0631
109 20.2565 23.6012 70.4527
110 11.7131 40.1006 92.9963
111 1.67786 39.2166 94.4429
112 26.7982 35.7301 90.6491
113 6.02721 27.9514 103.999
114 23.7933 37.0296 100.322
115 23.5153 39.7011 104.393
116 16.0009 33.7973 86.2719
117 11.198 45.7518 93.309
118 15.4385 27.8161 97.4012
119 18.8897 55.1025 118.046
120 22.2402 39.5774 101.882
121 6.50587 47.6306 102.312
122 13.4434 46.3169 109.432
123 6.99063 37.4351 101.733
124 8.57238 30.3325 101.578
125 30.1125 25.4624 111.154
126 21.6033 56.1775 124.951
127 21.7802 46.2284 117.703
128 14.933 22.2223 125.375
129 18.8091 45.8605 117.164
130 6.08574 34.3524 125.061
131 7.51668 37.2393 125.019
132 27.463 28.9584 103.586
133 23.3235 27.9273 117.754
134 16.8816 67.9497 14.876
135 3.95713 60.9997 -0.350306
136 22.6323 66.9368 -0.929746
137 21.1235 60.961 12.8485
138 9.88268 57.7503 18.1157
139 -0.528258 68.0728 10.893
140 16.5201 55.3071 24.7044
141 15.3421 57.4368 29.0823
142 1.2305 51.0032 30.7366
143 11.5253 55.2911 29.7526
144 37.9041 37.2556 31.5967
145 2.00071 60.5447 41.8381
146 20.4274 65.7513 15.48
147 34.8871 53.6684 40.782
148 20.0859 61.3818 40.284
149 23.8434 61.2814 37.5725
150 25.883 55.4828 57.1746
151 12.2193 63.2102 40.5999
152 22.8736 63.2184 40.3239
153 29.7923 61.5431 47.9357
154 16.0206 55.9096 41.4834
155 25.8535 61.5878 45.365
156 13.2957 35.257 36.6458
157 18.4465 55.3375 31.8942
158 20.2137 49.1781 38.6761
159 9.9268 51.4895 31.9653
160 18.7413 59.6045 41.238
161 24.305 61.8188 57.2557
162 14.9257 63.2769 40.2991
163 17.3906 37.6369 61.3811
164 39.9291 61.8051 59.4874
165 34.048 43.609 63.8109
166 25.7966 59.3233 43.5184
167 1.8469 41.0076 77.8405
168 11.6637 43.6062 79.3879
169 17.5838 59.7926 72.5652
170 13.1904 64.0348 63.7783
171 40.6676 55.6398 72.9578
172 25.3034 59.9054 79.5882
173 30.7879 57.8213 92.8574
174 27.8982 59.9087 88.6215
175 1.54164 75.1412 89.4998
176 15.9999 57.5993 81.701
177 14.5112 55.2223 81.6986
178 21.3159 43.6319 77.2045
179 28.3675 43.9038 77.1685
180 1.66775 49.0701 77.0911
181 9.317 54.6857 99.1143
182 13.9058 65.9334 97.399
183 33.2558 53.611 97.984
184 12.5844 65.8514 95.0214
185 35.9825 53.8468 102.181
186 0.0171563 61.2302 105.778
187 3.16366 68.5397 114.481
188 1.51844 74.1045 97.2132
189 23.1746 51.8075 109.03
190 4.99222 47.7962 115.11
191 -0.172436 66.8567 123.426
192 11.4777 63.5393 116.201
193 18.7852 68.5859 124.822
194 0.104676 50.947 116.297
195 8.92893 59.5989 124.874
196 17.7174 53.753 118.821
197 20.4648 51.7126 120.928
198 28.7585 62.399 124.944
199 8.29088 64.6319 10.4921
200 9.12697 91.6325 11.3815
201 16.6736 80.4458 6.21954
202 13.0541 73.5689 17.5724
203 28.3841 77.8198 8.81578
204 10.3376 75.3502 11.4892
205 7.75937 85.8245 -0.588188
206 14.1845 73.4729 15.2685
207 9.8576 74.5089 18.8187
208 18.4189 71.3882 11.2837
209 16.0343 83.1816 35.7175
210 18.5436 89.2903 17.1741
211 22.0596 91.4431 24.2125
212 20.5831 79.2731 26.2977
213 16.9567 73.9226 15.7106
214 22.7125 84.8126 14.7483
215 10.4081 71.243 19.9699
216 26.0373 81.4435 20.0852
217 15.4137 73.7701 17.9714
218 24.524 83.4974 19.8584
219 15.8959 77.5584 22.1931
220 1.52551 77.7292 35.3352
221 16.6372 79.2592 28.7814
222 13.272 81.6016 36.1348
223 17.34 75.3836 17.6136
224 18.5637 83.7501 40.9166
225 21.2945 77.4539 41.0207
226 30.9681 63.0679 45.0049
227 21.5144 105.527 47.1581
228 8.32298 85.7606 54.246
229 1.93202 80.3365 74.0197
230 28.4608 97.6068 77.1813
231 13.429 67.6268 56.8016
232 2.10459 95.0671 52.5869
233 1.99908 70.6491 45.1503
234 23.3869 69.3389 47.6797
235 14.7336 63.6167 61.3677
236 6.77054 61.5916 63.5358
237 24.7354 67.8587 61.3333
238 1.92201 78.8728 49.2913
239 1.945 73.1335 63.7532
240 24.1109 75.2716 47.833
241 22.9655 73.7373 79.4214
242 9.16095 71.5472 58.9495
243 10.4791 81.5776 72.2953
244 22.0708 81.8864 79.0711
245 14.1957 75.9665 81.2491
246 36.659 97.5999 51.8388
247 24.2063 71.5479 61.2038
248 28.135 87.6045 74.7991
249 13.2912 71.8886 74.5876
250 28.1076 73.697 83.8681
251 1.70531 86.7162 84.9402
252 23.6289 65.9675 97.4786
253 16.3314 93.7214 67.535
254 24.7138 67.7872 90.5665
255 19.2464 83.7855 95.0445
256 42.1299 86.0945 86.3557
257 22.3694 86.3522 95.5116
258 21.3191 81.6869 92.6794
259 7.0141 79.561 83.5171
260 10.3593 85.7364 72.311
261 1.58202 85.1296 78.4076
262 1.25317 97.1621 91.9485
263 29.174 67.9027 97.2613
264 11.9942 67.855 104.178
265 -0.0223256 64.8667 117.808
266 12.9328 83.9873 108.577
267 1.33122 79.0398 98.8732
268 23.456 82.1872 101.824
269 22.021 79.4999 101.413
270 10.8055 79.7319 103.99
271 14.4958 87.7103 124.687
272 21.7993 68.6943 124.962
273 10.0899 77.0082 124.93
274 9.06698 83.9104 124.718
275 25.8651 72.0221 108.68
276 30.1685 76.4484 104.413
277 41.5806 80.7329 124.729
278 25.0496 110.243 -1.19404
279 26.8597 95.4836 9.2417
280 12.3072 89.2017 -0.556095
281 6.58019 113.771 7.71138
282 16.6424 113.611 10.521
283 0.505001 97.305 -0.439918
284 27.3338 95.6938 19.7739
285 0.431121 93.6595 15.6836
286 14.4678 113.371 22.554
287 25.4564 99.4855 21.8409
288 14.1125 113.613 31.4288
289 0.953239 113.611 12.9155
290 -0.150637 106.047 17.2398
291 14.5728 113.274 17.7848
292 1.47487 98.8386 26.3274
293 17.3268 97.5349 35.848
294 12.0982 87.715 22.0768
295 3.6348 113.333 15.8071
296 28.0643 113.96 9.23658
297 26.5922 95.3085 33.4898
298 18.7917 113.378 37.6175
299 24.1728 85.4207 22.077
300 31.0577 99.6183 44.7493
301 6.18864 113.339 40.7336
302 9.02842 105.434 38.9548
303 1.67102 110.232 40.0772
304 2.28646 110.506 62.0988
305 23.5209 89.3669 26.6044
306 6.04085 113.383 35.1596
307 19.5695 103.12 17.2765
308 21.0142 113.415 31.6821
309 11.6197 95.144 31.874
310 15.9868 93.2408 40.6998
311 21.6711 93.6628 51.8919
312 29.7703 113.642 51.2303
313 15.8803 105.534 49.6349
314 9.46347 103.925 61.0078
315 1.70556 94.0493 74.7813
316 17.0493 105.619 74.4584
317 2.087 98.7647 75.1354
318 1.76165 108.444 81.6323
319 24.112 105.633 67.7433
320 36.7767 91.8845 72.3834
321 10.0072 114.291 105.497
322 26.8792 113.555 77.0951
323 31.0756 113.541 74.9252
324 13.3731 113.526 72.431
325 22.6804 85.7929 74.5225
326 1.60081 108.182 87.204
327 1.2758 97.92 79.1687
328 26.8727 103.75 94.8219
329 29.0229 104.16 101.774
330 32.6327 93.6527 83.9181
331 0.403701 113.001 109.788
332 13.4527 91.9903 108.648
333 2.16927 113.994 107.104
334 0.919218 112.483 99.9186
335 17.741 114.001 105.409
336 4.02095 113.6 96.0324
337 17.7267 101.833 97.171
338 28.7724 114.416 118.146
339 25.9764 107.236 124.56
340 -0.0563528 99.4642 112.145
341 17.4662 104.176 110.984
342 14.5592 106.791 118.999
343 31.2922 12.6962 -0.456526
344 30.628 8.55173 9.59695
345 55.8136 18.9779 3.45948
346 45.6553 13.0045 -0.382517
347 53.1043 -1.22744 21.259
348 42.7836 7.62825 22.5079
349 34.5488 14.1327 -0.299399
350 40.2171 19.1468 10.8876
351 45.2913 24.7268 7.1717
352 36.213 9.47638 29.4406
353 51.8409 11.552 29.4206
354 37.7933 9.25501 27.312
355 51.7586 -0.43514 27.9
356 56.0049 -0.260788 25.9819
357 35.1832 29.4645 38.7964
358 22.8083 9.08829 4.75129
359 60.384 29.6458 26.9298
360 43.2975 21.2968 22.7193
361 51.7892 -0.348232 42.7567
362 24.3907 18.7053 48.2085
363 57.5496 23.3831 17.7549
364 54.5935 27.4855 38.7351
365 49.267 -0.0409036 68.8094
366 24.5953 17.6158 66.1197
367 38.2043 11.6515 52.605
368 49.2812 7.6952 52.5302
369 47.9666 12.0192 66.321
370 39.948 15.8465 55.2217
371 32.7069 15.7397 47.3718
372 37.1519 22.0356 59.6754
373 45.0437 11.9438 48.0305
374 43.58 19.6821 52.4147
375 66.5973 21.8448 73.0352
376 32.7043 15.6658 68.4163
377 38.2503 0.0247485 74.5902
378 50.5764 9.95184 100.322
379 43.9044 21.8097 93.5902
380 18.9846 -0.192887 84.153
381 50.6809 11.2255 82.5356
382 29.6959 23.6931 91.0182
383 46.6863 0.120588 96.0151
384 41.7524 23.963 93.3992
385 25.6752 0.140017 84.8912
386 34.3058 -0.0535717 71.0042
387 50.5882 -0.664772 116.784
388 33.3497 -0.295675 102.683
389 44.7412 22.0489 97.7031
390 50.5656 17.1278 111.624
391 51.9325 26.3657 107.231
392 44.9927 10.087 102.131
393 50.5412 11.8821 125.255
394 40.6102 5.95058 125.113
395 46.1025 24.1101 121.792
396 36.2564 21.126 125.242
397 36.2006 0.866604 125.214
398 44.544 -0.573908 119.619
399 50.5141 12.8371 116.753
400 63.898 -0.600687 117.683
401 53.1843 5.04368 125.498
402 28.4952 30.682 -0.608577
403 21.3462 36.8555 9.57226
404 31.3852 38.7833 5.07953
405 54.2649 37.4078 -0.924742
406 55.531 40.6155 -0.983902
407 51.3577 32.8688 17.5389
408 25.0388 34.8155 5.44922
409 45.7172 36.856 15.0052
410 31.4332 29.5411 -0.337693
411 46.8699 36.4906 -0.718208
412 31.3397 43.7342 9.97248
413 26.2055 43.1702 13.4406
414 45.9012 45.5466 24.6243
415 33.8237 36.359 31.0556
416 50.5459 31.5554 31.3534
417 34.3563 39.0715 13.3904
418 35.5796 36.876 13.3768
419 48.6027 33.6154 22.1502
420 36.4653 36.9544 11.3041
421 47.2629 37.4184 26.9535
422 28.3928 33.5197 45.5883
423 39.7223 9.5647 50.0574
424 46.1325 31.3655 33.7452
425 31.2387 31.939 36.2191
426 68.015 23.7744 45.5555
427 61.4361 11.5932 43.4528
428 40.8759 25.3656 29.5281
429 48.8084 41.9558 48.0362
430 37.6871 43.616 40.8131
431 50.5431 31.6951 43.339
432 38.0442 43.8257 31.385
433 40.847 27.6772 64.0775
434 53.3305 30.0074 61.3761
435 31.4718 15.4441 50.1054
436 35.2088 43.5904 61.5587
437 43.4273 37.4698 50.2037
438 61.435 43.8306 74.8862
439 34.2581 35.9053 56.9004
440 53.3403 41.6485 80.0789
441 32.5174 37.8182 61.7384
442 54.7295 29.9931 73.1829
443 31.2867 45.5221 57.0117
444 29.7331 17.807 70.7091
445 32.7629 21.5812 79.5818
446 46.3338 27.7889 50.4827
447 63.1895 29.6127 42.7904
448 31.4125 21.8243 86.5836
449 43.852 39.3127 77.381
450 53.2335 25.7041 43.1045
451 41.5084 33.4503 61.637
452 28.1248 38.284 79.1333
453 56.2245 45.797 84.4657
454 32.6673 43.48 66.3095
455 52.2233 31.7008 68.6447
456 37.8903 43.6959 88.8049
457 44.7672 30.0172 77.6308
458 48.887 19.5394 86.6791
459 38.0269 35.6923 84.1971
460 60.0947 43.7683 91.0724
461 40.9413 43.6809 79.7384
462 57.7559 19.7678 93.6022
463 52.701 35.9471 97.8143
464 56.3124 25.5935 84.5408
465 34.1209 37.5887 88.817
466 54.9311 29.941 93.4345
467 44.6054 29.7877 109.046
468 54.3478 33.8974 102.16
469 39.1763 13.7293 100.167
470 30.3604 50.3991 114.717
471 49.0756 37.6184 118.833
472 54.1616 33.6994 117.174
473 49.7707 33.8003 116.982
474 14.6328 17.8665 125.505
475 47.4876 29.3394 125.14
476 47.8079 37.909 115.097
477 43.1196 55.6682 116.391
478 60.6054 18.0465 125.273
479 39.0392 54.76 106.526
480 36.8676 62.8995 -0.807548
481 45.4641 56.213 13.6525
482 39.9841 37.9274 -0.580333
483 42.4896 53.4482 -0.969337
484 27.7249 51.0519 28.7222
485 36.3515 51.6285 38.6638
486 35.8857 67.5036 30.959
487 45.8071 65.4787 19.3894
488 63.7349 63.8757 37.9751
489 47.403 65.4431 26.4662
490 48.8901 55.2942 28.8067
491 32.0781 61.3903 28.6666
492 44.4937 51.2206 24.168
493 41.923 47.6768 43.3136
494 44.927 41.1439 52.6478
495 33.6933 57.5983 38.478
496 46.1428 57.5121 47.332
497 36.195 55.5093 38.3948
498 42.1061 69.7583 47.5599
499 30.4891 49.4781 48.2387
500 50.3329 57.3127 44.6973
501 43.544 69.7158 50.2806
502 49.7145 54.2133 40.7885
503 47.8293 45.698 75.0242
504 38.1 53.6236 66.2207
505 38.1468 69.5789 55.127
506 57.325 61.4844 71.1642
507 63.286 69.9316 86.755
508 38.2702 57.507 74.9871
509 39.43 61.2178 71.1186
510 38.2262 43.864 79.7437
511 33.8006 53.5343 61.8641
512 32.9167 63.4436 77.2527
513 30.0635 59.5848 68.0677
514 52.1392 55.6855 88.9433
515 34.2588 49.9131 86.5641
516 48.818 61.7064 80.1485
517 32.1189 72.1174 86.1744
518 34.1059 55.552 75.1537
519 36.1869 52.042 95.3174
520 39.2744 53.5766 77.3909
521 42.3221 59.8095 88.6653
522 57.6469 55.8925 84.4
523 50.2918 68.1065 95.3933
524 41.61 54.0205 100.094
525 45.903 50.2337 102.392
526 25.972 66.7582 111.444
527 40.3783 56.3396 99.9508
528 30.1979 47.7424 90.8662
529 29.511 55.8432 95.317
530 47.481 64.7013 111.131
531 31.9025 62.4764 125.095
532 34.6294 63.6121 112.471
533 54.8452 50.5709 125.016
534 40.0082 56.1901 110.871
535 40.3592 69.4172 117.619
536 54.748 58.979 112.244
537 38.2313 80.8836 -0.849559
538 44.028 85.1396 -0.97644
539 33.8664 86.8286 -1.08619
540 52.4665 73.6054 8.89487
541 48.5392 105.768 18.5865
542 32.7012 68.637 -0.802157
543 26.8358 76.9112 -0.900282
544 55.549 69.5374 26.4902
545 47.3787 77.7297 26.839
546 57.1886 83.7969 19.5213
547 42.4832 93.1424 14.3575
548 41.4345 69.5388 19.6713
549 51.5161 81.7979 19.9899
550 57.2726 75.6388 15.3614
551 66.6461 81.9631 32.905
552 49.4597 77.691 17.466
553 44.8153 94.9001 50.1996
554 65.4805 85.3801 28.5879
555 46.1261 69.6541 50.4383
556 28.0556 65.543 33.4447
557 32.34 81.5388 35.8421
558 45.3744 67.5926 19.2529
559 61.0661 75.657 33.9195
560 44.7113 69.3628 47.817
561 35.1459 87.2231 40.3802
562 64.0688 65.7152 28.8077
563 62.6354 93.2979 42.1094
564 33.6718 75.5044 42.8575
565 40.2504 65.9451 24.1667
566 37.895 81.5579 40.4553
567 55.2563 99.6007 54.3918
568 59.7662 95.8551 65.7482
569 64.1128 70.0388 66.0297
570 50.485 80.1223 65.9293
571 29.6822 79.8891 56.529
572 47.6267 69.5574 47.7718
573 51.5428 79.9222 68.1954
574 54.6121 63.438 66.0456
575 25.8256 71.0484 59.3975
576 38.2435 73.6281 50.063
577 32.4901 75.7728 59.2842
578 32.1193 85.4608 61.2613
579 46.4034 73.9346 71.2329
580 51.5164 80.014 73.1721
581 45.9165 89.8084 79.3931
582 44.265 91.9996 81.5866
583 51.8078 77.8945 66.184
584 42.2528 83.7616 79.3437
585 34.6286 81.7909 77.1564
586 26.905 81.6274 79.2972
587 67.0541 77.7977 79.452
588 33.889 95.3602 86.3861
589 34.9814 91.5942 88.5225
590 44.5041 65.9234 99.6612
591 57.779 68.0053 88.8684
592 49.321 83.8305 82.1219
593 51.9869 84.1995 92.7795
594 35.2582 88.0245 82.0151
595 31.8756 71.6776 102.264
596 58.8241 83.7995 113.905
597 50.3696 71.903 114.543
598 32.1078 76.1247 101.943
599 57.3831 89.7429 117.248
600 32.9694 77.9457 116.495
601 51.7827 75.7179 115.46
602 44.4368 77.5953 94.8122
603 37.7027 84.0325 97.4154
604 54.4262 66.2098 93.3738
605 40.571 80.061 97.2574
606 49.0514 76.3346 101.844
607 37.4308 80.1592 101.555
608 33.4036 67.802 95.2717
609 31.614 74.8695 108.104
610 43.0626 85.7368 117.725
611 48.9977 67.7416 120.572
612 39.2381 84.5437 116.726
613 33.0828 72.9357 112.424
614 46.1209 79.0025 115.659
615 43.1933 78.9839 124.673
616 25.5027 90.0252 -0.761444
617 43.8905 112.521 -1.11586
618 55.3406 113.825 0.0216546
619 35.3608 91.7108 9.01881
620 51.0273 113.808 2.06289
621 40.7555 100.158 8.65455
622 56.7915 103.028 -1.37482
623 41.2169 114.083 19.3537
624 29.7165 100.198 8.39177
625 33.7153 113.867 6.29011
626 43.7614 92.0504 8.7591
627 33.9485 113.553 18.8708
628 42.6868 105.313 37.992
629 28.8826 113.693 22.3376
630 31.3153 107.541 23.8634
631 33.4479 89.7268 10.9432
632 26.0934 97.2516 28.8135
633 40.3001 112.918 28.0274
634 45.5789 103.75 22.0132
635 50.2119 105.493 31.2874
636 55.3748 113.364 43.1817
637 33.7621 105.914 49.6857
638 72.9627 113.827 51.3507
639 38.4785 95.5973 35.7017
640 47.6927 103.813 70.3378
641 43.4931 99.6124 51.758
642 63.8549 105.638 60.7876
643 27.1845 113.707 51.2309
644 53.1411 99.625 40.207
645 48.5983 113.243 36.2929
646 28.6325 101.455 58.5554
647 44.5052 83.3767 37.982
648 34.8097 113.263 31.2134
649 28.1279 113.881 88.0743
650 34.9662 105.699 67.6914
651 33.5948 113.488 62.6919
652 65.5491 90.9602 84.2928
653 47.5896 113.409 63.0952
654 33.8621 95.7608 56.381
655 50.3082 103.631 74.9643
656 53.053 91.901 72.6457
657 18.5467 75.4999 76.7943
658 47.4518 95.8227 86.1377
659 35.142 97.6663 74.8644
660 38.7841 90.0572 97.3634
661 36.417 105.581 83.631
662 36.3238 113.584 88.9516
663 41.9241 113.639 79.5673
664 37.2265 114.155 105.751
665 38.7684 113.93 101.813
666 47.5889 113.675 84.0104
667 43.4021 105.839 83.8453
668 40.2125 100.232 97.234
669 36.8262 109.816 83.7426
670 40.6256 87.9388 79.3061
671 23.2276 93.5497 88.3364
672 35.5092 108.047 101.593
673 49.0418 100.057 90.7193
674 27.2562 100.385 108.44
675 44.5965 114.104 102.089
676 55.8349 100.377 99.3571
677 33.0054 114.443 107.895
678 44.4156 109.644 97.5854
679 28.9058 114.648 114.301
680 28.8845 103.248 124.753
681 47.4703 101.211 124.611
682 52.8865 109.393 124.571
683 38.8025 83.7813 113.316
684 56.0461 114.652 114.862
685 26.9881 114.846 100.388
686 33.013 114.527 119.271
687 41.7262 110.342 124.528
688 63.1558 114.756 118.167
689 54.5404 100.223 124.426
690 59.8884 114.988 112.764
691 75.7233 11.21 -0.626043
692 61.5735 15.0874 -0.399115
693 81.2873 11.2454 -0.61927
694 78.5228 15.3046 -0.658065
695 70.075 11.4308 -0.603235
696 58.3986 23.1813 19.672
697 78.4854 7.0624 11.5743
698 60.2372 19.3101 24.6329
699 59.3756 23.0542 9.34854
700 72.6636 -0.194369 26.8864
701 79.5322 -0.0706941 29.2025
702 80.189 -1.26449 5.76893
703 55.6951 11.3438 27.6141
704 70.309 -1.23921 11.9472
705 48.5046 -0.761244 23.0096
706 52.3824 3.60849 43.2599
707 63.8285 13.6843 40.8611
708 74.9383 7.60653 52.5635
709 75.4998 13.978 54.3087
710 59.9611 18.0476 38.689
711 61.5251 -0.172606 36.1292
712 59.0026 23.5878 47.9245
713 62.8061 7.79554 36.2327
714 69.8803 25.7444 38.1858
715 49.0802 13.4253 45.3845
716 64.2053 24.2607 47.9445
717 62.8479 -0.0910094 57.0419
718 83.8749 21.8565 65.6905
719 55.0079 -0.134702 75.1876
720 89.4182 19.7467 77.2756
721 77.3108 -0.0228428 92.987
722 56.278 11.9097 82.2528
723 65.8425 15.9505 75.2691
724 61.9377 9.7455 75.4148
725 75.1666 13.664 59.3075
726 58.6748 13.8017 73.1938
727 82.6817 21.9964 68.3458
728 49.62 29.9889 86.467
729 76.1228 17.9853 73.0108
730 76.9876 24.0413 82.0898
731 66.1052 9.7713 93.3266
732 88.4611 0.103612 96.6658
733 86.4923 -0.476347 105.809
734 89.1071 5.77442 112.808
735 75.0818 9.04089 118.714
736 82.2739 20.4377 124.857
737 59.2342 21.0361 124.955
738 77.7319 15.0591 111.708
739 83.9718 23.671 110.786
740 82.0609 12.1221 116.595
741 63.4224 19.3008 123.864
742 64.7866 16.271 125.32
743 92.2602 19.6356 102.589
744 56.6686 7.23412 111.078
745 66.3895 5.92062 125.132
746 59.2942 -0.444872 112.714
747 74.8634 30.8333 124.921
748 69.9186 30.4531 13.7136
749 72.7665 43.5399 -0.949288
750 84.3439 41.4452 11.0282
751 75.6588 39.1974 9.04017
752 75.6375 27.4829 -0.630055
753 61.149 24.2449 -0.569134
754 76.7232 45.4548 22.3124
755 68.3973 41.3227 19.7151
756 77.4493 37.0904 15.1596
757 57.4016 37.4879 21.9752
758 59.1476 14.669 15.6664
759 60.2711 23.6283 45.5482
760 68.4548 43.4901 56.9913
761 71.3906 33.8384 31.2384
762 52.9328 28.3282 34.2008
763 87.8161 21.9282 63.4484
764 79.2006 49.9028 49.5136
765 59.0017 31.6234 63.7983
766 72.535 27.5503 48.0745
767 78.924 35.6684 42.8171
768 86.1416 32.9051 61.2666
769 80.7253 39.59 54.3446
770 77.9393 29.7004 40.1472
771 79.4317 25.8182 70.8466
772 89.2809 33.938 58.196
773 81.1907 27.8967 84.2737
774 62.7486 43.7477 77.3038
775 59.0708 31.5291 70.9782
776 56.1532 29.7862 70.4282
777 68.6022 33.5818 79.7216
778 83.8892 33.7622 68.2721
779 88.8654 34.056 62.9928
780 59.2449 41.8021 75.1586
781 74.2627 27.8896 82.08
782 75.2267 37.6683 75.2964
783 56.071 29.327 80.5457
784 86.1832 26.0346 84.1309
785 62.9769 37.5924 91.1826
786 88.4953 44.0861 95.0747
787 63.321 33.7768 88.6998
788 74.5365 44.0414 86.2943
789 69.3842 44.1047 99.8583
790 60.6264 38.0317 86.6985
791 80.0961 37.9389 95.4111
792 53.7346 35.7473 88.8071
793 68.3751 25.8573 84.2506
794 63.1062 35.6379 125.017
795 71.7849 43.5467 102.224
796 58.0586 35.8907 115.122
797 76.5046 11.9076 106.847
798 80.1015 33.6877 110.589
799 74.2704 44.046 99.7442
800 80.4304 43.3314 107.126
801 74.6934 33.6369 108.623
802 84.332 24.1124 88.791
803 70.5531 46.0338 99.9818
804 54.6292 47.4998 125.15
805 64.9246 33.5419 124.939
806 67.1237 29.7453 109.067
807 73.6248 21.1783 125.071
808 64.5841 46.3659 106.282
809 85.009 41.8001 110.941
810 85.4835 41.5306 -1.00939
811 77.2553 59.1324 -1.23163
812 55.4946 55.7644 -0.907198
813 57.1101 57.7163 4.42427
814 56.9933 61.6849 16.6057
815 65.7492 44.8617 14.7282
816 48.8184 61.2803 14.9981
817 79.8602 57.7183 12.7159
818 65.6293 50.2147 7.54494
819 70.6768 59.5485 11.0285
820 82.3297 41.3446 13.1246
821 71.3975 60.8616 14.6131
822 60.066 51.7432 9.29572
823 65.6939 53.3024 24.4277
824 60.0269 63.19 15.3839
825 81.5727 61.6407 24.2317
826 63.9934 69.3752 10.9563
827 55.7129 57.3827 24.2533
828 82.3809 69.9901 33.6737
829 71.0515 67.1943 21.6181
830 68.0249 63.6913 51.7268
831 59.4886 55.7795 35.6219
832 58.1393 59.6525 45.0549
833 86.0895 43.7299 40.7076
834 57.2863 65.4779 35.537
835 75.102 73.8164 40.8844
836 70.9503 47.5818 42.9091
837 71.0273 57.5824 35.7653
838 72.6772 53.8715 54.5852
839 72.2798 59.825 70.5293
840 52.0931 61.745 75.6305
841 72.3963 62.404 70.3378
842 53.5802 41.8691 74.8594
843 81.8862 54.266 70.4219
844 69.6655 69.406 56.5104
845 87.6135 55.7038 72.3303
846 82.2362 70.0477 75.0338
847 53.2113 63.7259 80.0761
848 80.6923 58.0643 68.0368
849 56.0468 57.5877 84.709
850 90.8541 49.4167 81.9791
851 72.5671 42.1443 83.8113
852 80.8221 60.1858 77.1693
853 79.7015 58.1753 79.7575
854 51.8987 41.5004 77.6542
855 75.1731 58.0627 73.0931
856 72.051 48.0103 99.7144
857 70.0765 49.6811 88.6421
858 75.5236 60.1022 95.1486
859 73.2542 41.5488 99.5027
860 53.5159 67.9847 110.597
861 61.6879 60.4188 111.018
862 67.2765 76.3182 104.008
863 75.8215 43.7277 104.377
864 68.597 58.1405 110.867
865 81.5724 41.7686 106.919
866 73.0114 46.1598 99.7419
867 77.579 62.4225 108.501
868 83.5162 62.3392 110.739
869 80.5699 54.2055 110.885
870 81.8965 49.9919 124.949
871 70.3312 65.8762 124.721
872 73.5888 61.9554 124.856
873 84.7981 64.2787 108.606
874 89.1877 50.4954 124.793
875 83.2082 63.6278 124.804
876 79.8222 74.9605 8.08702
877 66.9435 74.2413 5.29394
878 83.972 77.8211 4.66971
879 65.4205 82.1266 -1.34983
880 67.0335 88.2391 19.2082
881 68.1842 78.0583 -1.46791
882 71.3694 77.6958 22.8358
883 59.9921 71.8764 2.44925
884 71.4307 66.1141 -1.10907
885 58.3757 92.5279 11.4415
886 84.9451 71.6556 30.7643
887 64.368 77.863 13.0707
888 71.1866 65.4276 19.4893
889 65.4727 78.2513 30.4499
890 77.0172 75.3825 21.5933
891 73.6383 75.6567 26.4344
892 74.9171 69.5263 40.4934
893 59.6128 75.8003 31.312
894 86.1601 71.7332 33.1608
895 78.0859 73.5791 28.8123
896 75.023 83.7194 42.5888
897 73.5248 79.5205 46.8668
898 91.7131 83.7219 33.2251
899 81.6281 65.4457 40.4108
900 75.0978 79.863 49.6339
901 73.8554 81.5653 45.0635
902 64.0326 69.8028 56.1398
903 72.0515 87.7483 49.1157
904 64.2197 77.8899 51.6904
905 83.3141 75.9434 42.7517
906 77.6919 95.4727 54.0312
907 88.8931 79.9481 69.9696
908 61.1472 89.5267 56.5331
909 59.6419 93.8646 67.682
910 74.8583 78.0091 74.6619
911 74.2201 76.1031 92.6645
912 66.9807 75.7955 79.5697
913 69.7312 91.9126 61.1336
914 55.5737 88.0208 73.0231
915 83.1586 74.02 69.9048
916 75.8619 77.8914 88.266
917 64.3501 68.7394 81.5116
918 54.6593 84.3993 97.2451
919 56.2113 75.8941 95.4686
920 71.4045 71.7001 86.0698
921 63.9487 85.9212 90.6971
922 60.3264 78.5436 86.0527
923 64.827 64.1279 95.2634
924 78.1367 82.2534 108.164
925 68.7729 90.761 108.024
926 67.0356 84.4126 86.0493
927 75.217 92.4066 90.3969
928 64.303 90.1534 106.301
929 57.9713 84.4639 116.683
930 58.961 82.1959 124.794
931 76.6962 76.5031 118.826
932 67.572 80.986 124.463
933 71.6827 78.3301 102.575
934 76.1186 78.3642 124.639
935 66.2118 87.5405 124.505
936 64.228 74.4073 110.553
937 67.6796 90.1947 124.609
938 85.5457 99.2781 7.16496
939 56.8946 90.1041 -1.19443
940 61.2216 106.17 16.7479
941 69.7638 84.1654 -1.24555
942 72.4127 93.472 26.3177
943 65.3795 113.287 26.5219
944 78.9708 113.322 28.2142
945 50.0257 93.0646 28.8816
946 59.6666 105.971 14.9
947 69.631 113.347 21.1203
948 64.101 91.3856 13.2537
949 60.018 113.851 14.8849
950 65.5753 105.728 19.5776
951 66.478 113.466 34.9144
952 62.3321 101.642 47.4597
953 69.4979 101.094 28.9862
954 74.834 95.518 40.3268
955 63.951 99.5247 40.0492
956 73.4795 93.5811 39.9183
957 79.184 105.799 63.1179
958 57.2038 107.587 54.3476
959 89.6704 103.711 44.3808
960 72.3278 93.4798 47.2002
961 69.6454 105.833 53.9126
962 80.5982 103.481 67.7608
963 50.4859 113.8 53.6335
964 63.823 95.6756 54.1782
965 87.4142 106.002 56.0344
966 69.7221 81.4469 42.4504
967 57.1071 105.52 47.3605
968 77.7342 99.512 56.0199
969 84.7712 113.791 85.8061
970 79.3912 99.877 74.5341
971 60.0715 113.689 72.719
972 82.9859 107.822 69.5453
973 96.0681 96.0442 80.7777
974 68.2365 105.7 63.0578
975 86.246 93.7192 78.988
976 65.8603 108.453 105.842
977 89.2168 113.972 80.6574
978 72.5994 92.4634 79.4649
979 61.4583 101.838 81.492
980 75.2851 87.8269 90.3544
981 78.0632 113.604 89.7268
982 65.1892 113.616 78.8661
983 69.5168 113.698 71.924
984 73.7891 100.531 105.91
985 74.2256 109.98 94.7204
986 80.2932 114.382 108.058
987 68.1596 94.0261 99.3425
988 53.5043 98.6343 110.517
989 75.5448 89.0883 98.9708
990 52.9878 90.5026 106.116
991 83.8694 110.565 101.048
992 73.2978 87.6451 117.315
993 75.8995 98.2467 96.9558
994 60.0264 93.6952 92.5427
995 66.9395 113.892 97.5127
996 65.7858 90.2971 94.9557
997 55.8496 113.908 98.8821
998 68.8032 100.42 124.201
999 61.7258 114.586 120.04
1000 78.8917 110.39 124.186
1001 63.2549 103.348 124.483
1002 78.8619 94.2384 124.37
1003 53.1351 90.1052 119.243
1004 79.9302 114.774 113.904
1005 84.7298 114.997 118.445
1006 90.2685 94.5934 108.285
1007 57.6405 104.766 122.642
1008 114.613 14.1338 16.2753
1009 97.3347 13.3368 11.6464
1010 97.3825 18.6513 -1.03557
1011 108.442 2.19232 -0.668688
1012 92.9898 -1.29719 0.881667
1013 102.826 16.6842 6.73934
1014 86.8159 21.095 9.32953
1015 110.424 14.9267 17.9473
1016 108.985 8.30268 26.4395
1017 106.845 0.0681851 26.1103
1018 86.4945 12.8549 7.39113
1019 96.8467 13.3467 17.5243
1020 105.419 10.7948 15.8664
1021 94.3051 7.3815 21.7981
1022 101.307 17.4548 38.5392
1023 96.1019 13.3667 31.8234
1024 112.507 12.6605 33.9936
1025 104.029 19.6832 36.8053
1026 98.9906 11.4173 26.6395
1027 101.459 11.8207 31.5639
1028 91.9671 15.7499 38.8156
1029 95.5233 -0.598928 38.6635
1030 92.9466 28.0524 58.8917
1031 91.9521 8.02814 72.3519
1032 112.728 4.66213 59.7835
1033 102.634 21.652 62.9483
1034 112.526 26.8874 49.1304
1035 88.7756 -0.110454 57.1646
1036 112.179 16.1596 63.157
1037 98.1713 11.2321 43.5611
1038 96.2699 30.0381 70.4825
1039 98.6126 18.1563 76.8679
1040 112.998 21.286 78.3421
1041 90.2017 0.0164802 68.3209
1042 112.69 1.24846 72.7244
1043 86.2108 0.0131343 68.019
1044 107.232 13.8898 74.5296
1045 100.175 30.0239 72.7562
1046 86.9564 0.265693 90.4199
1047 96.0685 15.8095 81.489
1048 104.85 18.2225 88.1035
1049 105.83 0.0746624 84.2041
1050 105.354 22.2328 98.9981
1051 100.034 20.1681 94.9586
1052 95.3799 13.5851 74.766
1053 102.883 9.8955 83.6821
1054 97.9532 20.1235 88.3335
1055 109.792 -0.038873 72.5903
1056 90.4984 13.9831 99.6726
1057 113.922 1.69132 95.15
1058 95.5247 21.9132 99.6827
1059 89.9125 3.38191 99.6545
1060 97.7264 15.9202 83.8588
1061 108.261 6.33769 99.1704
1062 75.0348 17.3833 110.747
1063 95.8568 26.0277 97.3902
1064 95.0953 5.80469 101.854
1065 114.21 7.36536 102.803
1066 97.0043 11.6599 114.812
1067 108.755 7.5332 115.109
1068 115.295 7.04665 123.271
1069 100.572 9.72404 108.643
1070 102.761 42.7266 -0.856307
1071 84.3542 37.9572 10.0343
1072 104.311 40.9371 -0.768175
1073 102.861 41.8839 15.5322
1074 104.367 42.3418 2.28827
1075 98.5242 44.5691 -0.875661
1076 95.5159 35.4979 17.5246
1077 89.4695 37.5818 17.5939
1078 102.868 40.17 6.23675
1079 89.7831 44.8188 17.0986
1080 85.5594 27.4929 24.1886
1081 107.05 33.542 13.6695
1082 80.6462 49.435 35.6824
1083 112.733 51.1544 31.7862
1084 93.5822 23.3356 24.2925
1085 89.7654 41.0087 17.4631
1086 91.7922 37.9565 56.3801
1087 112.975 30.5153 26.392
1088 84.8274 51.2124 38.2414
1089 87.7748 19.5358 44.9442
1090 96.0035 39.7253 42.488
1091 79.1335 29.6366 42.5612
1092 99.9881 21.7217 58.5035
1093 89.3168 31.6896 58.1117
1094 94.404 35.9269 67.9363
1095 87.6087 42.0225 54.3647
1096 95.815 43.5226 58.4553
1097 97.522 29.7169 49.2295
1098 99.7727 39.5126 49.568
1099 112.522 41.0142 42.315
1100 84.9416 30.1327 65.6971
1101 112.664 19.2923 48.0669
1102 105.368 22.0861 67.7001
1103 101.108 23.7365 65.5519
1104 103.004 35.6687 53.8542
1105 86.4604 31.9072 68.5275
1106 112.694 16.422 72.801
1107 87.7591 31.8971 65.4413
1108 90.3873 25.9559 72.6703
1109 93.0071 29.8456 60.6272
1110 113.677 47.5042 89.474
1111 93.0291 46.0878 74.6863
1112 113.625 43.5152 93.7504
1113 100.936 23.8411 60.8157
1114 82.7432 24.0673 86.2948
1115 88.1907 34.1 88.4722
1116 113.314 34.734 88.3491
1117 92.1649 30.3756 79.4274
1118 103.891 36.2442 85.7784
1119 92.9543 27.976 97.2492
1120 94.6799 48.0854 76.658
1121 76.1237 33.9121 86.2099
1122 86.9104 30.0058 84.0263
1123 94.233 40.0223 94.861
1124 91.6328 34.102 101.913
1125 101.881 47.9402 94.7215
1126 106.646 48.046 78.9793
1127 83.0252 43.9325 106.33
1128 92.5005 42.0611 112.665
1129 100.435 39.7334 116.526
1130 109.354 27.4633 124.518
1131 98.9754 44.6165 111.923
1132 102.282 42.1209 118.632
1133 115.378 34.969 119.822
1134 101.415 31.9338 112.554
1135 96.7876 44.0592 114.569
1136 79.2762 48.0965 114.882
1137 99.9285 53.1206 13.3917
1138 104.305 40.7163 4.26782
1139 95.5899 51.677 -1.10013
1140 108.548 45.9868 12.5987
1141 112.437 70.5866 29.639
1142 113.12 63.1523 24.8552
1143 97.1734 67.5405 35.7507
1144 94.3472 63.4231 19.6395
1145 85.3887 51.3195 17.3703
1146 112.994 53.9255 34.6809
1147 114.597 52.3701 13.7595
1148 96.7016 56.0229 22.1774
1149 94.1859 68.862 14.4816
1150 97.0609 73.64 19.3927
1151 102.542 50.0451 42.5868
1152 93.8388 61.4171 51.9675
1153 92.9688 51.802 42.6956
1154 102.378 61.8873 42.7513
1155 94.5337 55.8829 40.5707
1156 80.7906 59.3597 35.9259
1157 101.165 53.7385 49.7785
1158 97.4279 47.675 47.3871
1159 91.7536 58.0296 45.2002
1160 112.1 78.8097 56.568
1161 102.999 47.793 65.3433
1162 88.9812 59.8019 51.9121
1163 81.6811 53.7681 49.5899
1164 97.2457 65.9984 54.1006
1165 104.295 62.0 56.4379
1166 95.4109 65.8378 47.0908
1167 112.606 46.9838 53.2833
1168 76.3999 73.0301 56.4224
1169 105.566 58.1577 69.8411
1170 97.6365 60.078 81.2229
1171 102.967 55.8473 74.3681
1172 112.311 51.7643 65.1654
1173 83.2752 55.8837 67.8242
1174 101.367 48.2302 67.9927
1175 79.2997 57.9021 65.8081
1176 102.476 56.0814 51.9781
1177 113.3 78.3075 75.6995
1178 90.6482 60.117 85.9239
1179 98.9338 43.82 67.5268
1180 90.1519 53.7637 54.3022
1181 112.432 55.9867 56.0055
1182 95.1519 58.1385 87.9751
1183 103.746 50.3929 99.1339
1184 89.5625 56.1695 90.5257
1185 81.2583 49.9642 90.6722
1186 106.6 52.1648 85.4055
1187 113.353 66.5677 94.1997
1188 113.2 48.7816 82.2607
1189 113.044 57.2907 81.6869
1190 113.487 49.8601 85.6673
1191 93.2571 65.8442 74.4147
1192 102.683 41.4032 99.8409
1193 100.911 64.2469 92.4339
1194 95.0069 48.218 90.2071
1195 113.976 56.9051 103.815
1196 105.441 72.2746 103.406
1197 91.6036 74.3639 106.033
1198 97.2376 62.3471 112.395
1199 79.1701 66.1958 108.485
1200 80.3656 61.5252 110.112
1201 86.2517 55.0188 124.798
1202 94.7191 50.776 115.129
1203 109.277 59.9463 124.213
1204 104.715 76.9628 111.858
1205 93.795 57.7471 124.868
1206 107.826 64.9497 124.356
1207 95.4581 101.01 -1.307
1208 81.8591 75.6722 -1.44634
1209 97.0826 86.2558 16.2285
1210 114.77 81.2242 9.33
1211 84.0908 88.5581 8.22421
1212 114.513 82.6595 0.0688576
1213 89.8795 77.1211 -1.18834
1214 79.8706 72.3375 6.1018
1215 100.724 71.7388 12.9335
1216 105.473 86.208 -1.18607
1217 106.357 92.0047 37.9435
1218 113.524 72.7231 18.853
1219 79.3121 87.8402 26.1305
1220 98.9019 77.5927 21.6351
1221 106.888 83.5619 26.5663
1222 112.659 84.3446 24.004
1223 86.2888 87.7799 19.4461
1224 80.6379 87.5651 28.3945
1225 93.9577 81.3496 17.4623
1226 101.133 75.7929 56.1594
1227 104.713 93.9583 40.4353
1228 104.024 69.7459 53.9425
1229 96.0121 63.9347 44.9746
1230 75.0787 79.4733 32.7575
1231 89.5878 75.3615 65.4807
1232 112.176 85.2402 45.2533
1233 80.5881 87.7692 42.7687
1234 101.129 71.8902 58.6675
1235 86.0135 69.3464 58.4362
1236 99.672 79.7537 56.0112
1237 105.215 67.6626 40.3806
1238 112.199 92.7803 50.4037
1239 95.4193 89.6515 46.7335
1240 77.7127 97.6239 54.1245
1241 108.326 55.7859 67.8412
1242 99.667 70.0948 65.1314
1243 100.202 83.8354 67.4982
1244 93.3618 63.6603 72.1215
1245 112.904 88.4658 82.2796
1246 112.973 70.4382 80.447
1247 113.461 61.0056 90.4444
1248 97.4156 92.2554 60.5957
1249 112.576 75.4317 66.5238
1250 105.791 83.6073 85.6148
1251 97.148 77.9581 80.8929
1252 84.2747 74.4724 99.7083
1253 112.659 80.643 69.0697
1254 76.4139 75.5359 72.4128
1255 79.7122 78.1024 88.2433
1256 113.014 89.3093 89.9629
1257 86.971 73.3955 98.9928
1258 98.7426 84.0923 87.4491
1259 93.8805 72.0514 92.6842
1260 91.4494 92.6105 105.817
1261 113.955 77.8583 99.3363
1262 101.281 88.6312 103.006
1263 104.417 78.069 92.0128
1264 85.1136 72.0416 99.3315
1265 106.578 86.1711 103.079
1266 108.984 74.6489 118.335
1267 89.1175 71.1433 124.624
1268 115.018 70.078 117.068
1269 87.7115 77.2063 124.494
1270 102.084 82.242 124.277
1271 109.099 75.9267 119.818
1272 104.662 94.47 110.257
1273 87.355 85.9541 115.118
1274 106.216 96.4409 124.149
1275 94.624 80.3039 124.464
1276 114.977 81.2635 109.165
1277 91.9408 83.894 124.306
1278 77.8915 76.1882 124.828
1279 103.123 83.5107 107.076
1280 109.179 72.1137 124.278
1281 114.53 88.8577 1.81968
1282 92.6336 114.107 3.9258
1283 105.595 114.115 10.084
1284 114.527 100.86 13.9891
1285 100.957 114.197 3.6987
1286 86.2198 113.737 16.7851
1287 112.761 103.581 20.8235
1288 95.8862 89.872 28.6131
1289 112.273 102.982 35.01
1290 112.797 94.5094 31.1106
1291 104.803 103.814 22.1062
1292 86.77 113.534 37.5242
1293 104.338 91.9472 26.6674
1294 105.131 113.653 29.2808
1295 88.4067 113.406 39.4444
1296 96.5226 113.828 39.4059
1297 95.966 109.54 26.539
1298 101.395 113.859 32.8348
1299 112.107 105.802 49.427
1300 103.541 93.7931 37.8989
1301 94.5066 103.642 30.9188
1302 81.2816 95.7885 39.9887
1303 106.385 114.044 58.5962
1304 106.465 83.914 56.1559
1305 110.731 113.643 52.7742
1306 81.1851 113.922 15.0719
1307 89.0225 93.6099 49.0626
1308 84.7983 95.4435 61.005
1309 105.029 103.911 69.2879
1310 80.717 99.4247 69.7841
1311 88.0389 81.9641 72.3394
1312 96.0047 83.7765 69.6718
1313 109.072 114.272 64.3351
1314 88.612 113.932 61.9701
1315 99.7994 90.0704 89.9452
1316 97.8221 92.3109 92.1056
1317 96.0379 100.505 92.2673
1318 101.069 106.234 82.8814
1319 90.8956 101.962 92.4044
1320 87.5428 90.7421 71.9035
1321 112.612 103.494 75.3045
1322 101.528 83.9061 87.3533
1323 112.99 112.612 85.8777
1324 101.905 106.353 93.9325
1325 96.4532 100.016 96.7668
1326 113.501 92.7961 98.5879
1327 92.6313 98.3025 101.232
1328 113.097 90.4684 109.759
1329 103.511 114.222 93.5825
1330 94.3678 114.003 75.6604
1331 81.6636 86.2282 105.893
1332 88.727 114.737 117.674
1333 91.5904 114.675 116.725
1334 96.3176 101.163 124.358
1335 95.7306 106.937 114.003
1336 115.058 103.678 122.331
1337 105.876 101.727 104.695
1338 115.23 103.379 110.892
1339 115.236 112.133 122.66
1340 115.076 109.569 112.497
1341 84.8081 98.6907 120.381
