0 8.37696 21.8232 -0.162493
1 11.4591 1.92011 -0.183162
2 17.2025 18.3562 11.9632
3 28.7102 -1.53053 3.3018
4 27.0803 2.7694 -0.181139
5 9.44331 2.57004 3.83093
6 -0.280733 9.66873 1.5397
7 11.5837 6.79518 11.7578
8 21.4596 10.9145 -0.203135
9 -0.455042 13.8505 1.49336
10 -0.345042 18.2325 29.3004
11 23.9166 20.9217 21.8176
12 13.1387 10.5697 27.7536
13 1.33147 -1.13981 5.36161
14 15.8706 -1.67018 17.483
15 6.79054 12.954 22.1378
16 -0.771173 27.0897 23.7369
17 35.0619 4.63663 26.0745
18 -0.101254 21.8412 24.9527
19 24.3231 16.4234 33.4561
20 20.572 -0.976891 39.7081
21 -0.500263 6.04405 25.5766
22 30.3094 17.6445 43.6782
23 32.1207 2.5649 36.2987
24 -0.20867 18.1796 41.1084
25 15.8564 -1.19745 36.9404
26 7.30889 13.3153 52.227
27 10.2022 20.5012 49.18
28 34.4783 11.1307 60.1513
29 4.68626 -0.950742 49.1428
30 5.86617 36.5803 63.1186
31 10.2925 3.26895 45.8071
32 8.62345 17.4452 37.8955
33 18.9392 6.82823 56.1183
34 0.0856672 18.2474 81.4771
35 33.4935 -1.36108 53.9133
36 15.9194 7.09147 62.6549
37 13.3855 23.1069 58.3249
38 21.9491 -0.880591 69.2703
39 20.3857 -0.759591 67.1435
40 27.2808 -1.07333 56.5323
41 15.8883 -0.819604 64.9946
42 27.2869 13.2286 74.8403
43 26.2921 -0.754263 79.8263
44 29.008 19.853 79.3024
45 13.2644 -0.620587 82.8108
46 13.6647 11.3435 84.943
47 4.8061 -0.454072 81.4764
48 19.8482 19.2386 81.0354
49 27.7705 15.1443 109.612
50 19.1042 -0.421146 111.565
51 25.7117 23.7489 95.7025
52 14.89 18.119 99.0117
53 37.1086 3.61586 91.2283
54 16.1919 5.22021 99.6165
55 13.1956 -0.741 102.174
56 19.2418 21.0804 89.6709
57 19.1089 25.1392 103.331
58 13.1037 25.7848 91.4385
59 16.0872 9.60282 85.2002
60 9.62412 5.40763 110.061
61 8.0155 -0.588897 111.609
62 29.0266 15.0903 115.837
63 20.6445 10.7504 115.823
64 0.432372 0.451863 112.68
65 0.948718 -0.741766 108.08
66 18.1314 43.2514 11.637
67 22.7303 38.61 9.08477
68 10.6768 24.7359 7.53873
69 4.15964 41.9271 10.7584
70 27.564 20.809 19.7308
71 4.11439 39.9337 8.67087
72 28.2662 38.631 -0.645403
73 22.9938 29.3176 -0.600058
74 29.4968 35.3627 27.7918
75 -0.709202 48.3357 6.97083
76 -0.504014 25.3959 28.4931
77 2.71786 40.1333 14.902
78 -0.150234 16.1505 46.7988
79 3.07503 41.4375 48.1779
80 17.3647 45.7932 45.2417
81 -0.0630189 32.5438 55.1223
82 14.1479 36.9138 34.1854
83 8.68545 37.8264 49.7787
84 29.2301 39.1126 33.4012
85 -0.339433 40.525 38.7564
86 25.9583 45.8673 40.1751
87 27.484 37.0913 48.1028
88 23.1028 42.3287 44.9445
89 -0.0881434 29.7858 49.4297
90 25.9668 32.5112 46.958
91 27.9393 39.3222 43.6638
92 3.09109 45.5 50.0287
93 13.0584 21.5453 42.615
94 7.43299 38.8755 55.5328
95 27.388 23.8706 52.6357
96 14.6086 54.5602 60.4786
97 27.1141 47.3244 37.6564
98 18.8641 37.149 57.7772
99 7.428 18.1828 55.3802
100 7.61688 32.7879 64.6715
101 17.2447 39.1096 60.5772
102 -0.0709308 18.4422 65.4343
103 15.9037 31.0608 68.2542
104 31.918 35.5562 51.6333
105 0.139719 38.2244 69.5043
106 33.113 41.5217 64.1782
107 27.6585 30.0237 76.2697
108 14.3974 25.5552 87.2117
109 20.073 21.5321 66.3092
110 14.9853 38.8067 86.1817
111 0.160316 36.7335 84.2027
112 31.8485 39.3977 82.5385
113 4.75506 29.6432 95.5351
114 24.1277 37.7663 91.3499
115 23.4335 39.0028 95.1469
116 16.5224 35.5595 78.7264
117 11.9618 45.4035 84.5657
118 13.6057 29.0242 89.5508
119 18.8901 55.2218 108.821
120 18.8846 39.4275 95.6407
121 7.31362 49.5647 93.4449
122 12.8166 45.7486 99.2822
123 8.87516 37.2497 95.6572
124 7.6209 30.9038 95.9226
125 30.1125 25.4624 101.679
126 21.6033 56.1775 115.476
127 21.7802 46.2284 108.228
128 14.933 22.2223 115.899
129 18.8091 45.8605 107.689
130 6.08574 34.3524 115.586
131 7.51668 37.2393 115.544
132 27.463 28.9584 94.1104
133 23.3235 27.9273 108.279
134 16.8816 67.9497 14.876
135 3.95713 60.9997 -0.350306
136 22.6323 66.9368 -0.929746
137 21.1235 60.961 12.8485
138 9.88268 57.7503 18.1157
139 -0.528258 68.0728 10.893
140 11.4163 53.4851 24.0403
141 15.5706 57.2256 29.46
142 -0.758569 54.5291 24.3822
143 7.07904 55.9143 28.7473
144 36.0785 39.1398 31.6409
145 -0.454832 63.0253 41.1806
146 19.8263 65.0544 14.9724
147 29.6232 57.3725 37.608
148 17.3448 60.9415 38.2522
149 28.9765 63.4801 33.3934
150 28.6486 55.7478 51.566
151 14.4471 61.4161 37.6923
152 18.1921 63.4286 35.6507
153 24.7032 59.6161 43.9979
154 20.1828 57.9371 36.2232
155 23.0333 62.9678 40.1598
156 10.8935 41.2198 32.032
157 14.2938 52.4555 30.4608
158 20.1393 50.8222 37.2551
159 11.6786 47.5576 31.2457
160 15.9353 59.2835 37.9537
161 23.0938 61.6735 52.0824
162 15.1618 63.583 37.6382
163 16.0288 35.352 56.2824
164 40.1134 63.591 53.8681
165 31.6278 45.0522 58.4152
166 28.2868 59.854 41.8997
167 0.0401682 42.6914 69.6433
168 5.34113 45.5973 70.4081
169 18.8822 61.6421 65.9376
170 13.1196 64.6872 56.6465
171 37.6657 57.9228 66.248
172 19.0053 60.0885 70.1342
173 28.948 58.9847 86.0258
174 30.5007 56.9314 82.1237
175 0.282062 76.168 80.4971
176 17.9887 57.6478 74.8012
177 14.7644 57.2555 74.8165
178 20.4148 44.1492 70.8985
179 21.8462 43.8568 68.7154
180 -0.133247 50.6073 73.8902
181 8.79808 57.8709 86.8566
182 15.0711 65.899 88.8781
183 24.7217 53.5945 89.3244
184 13.3113 66.3555 87.1538
185 36.0941 50.0594 92.9004
186 0.0171563 61.2302 96.3024
187 3.22552 68.5953 105.033
188 0.317716 72.8713 87.6867
189 23.1746 51.8075 99.5544
190 4.99222 47.7962 105.634
191 -0.172436 66.8567 113.95
192 11.4777 63.5393 106.725
193 18.7852 68.5859 115.347
194 0.104676 50.947 106.822
195 8.92893 59.5989 115.399
196 17.7174 53.753 109.346
197 20.4648 51.7126 111.453
198 28.7585 62.399 115.468
199 8.29088 64.6319 10.4921
200 9.12697 91.6325 11.3815
201 16.6736 80.4458 6.21954
202 13.0541 73.5689 17.5724
203 28.3841 77.8198 8.81578
204 10.3376 75.3502 11.4892
205 7.75937 85.8245 -0.588188
206 14.1845 73.4729 15.2685
207 9.8576 74.5089 18.8187
208 18.4189 71.3882 11.2837
209 14.1378 87.3426 32.9942
210 22.0232 91.7022 17.2449
211 24.2876 91.9981 20.9881
212 25.5343 76.7809 26.2978
213 17.5457 73.3568 15.3842
214 22.6275 84.6594 14.412
215 10.7578 71.502 19.5731
216 20.7408 83.5232 19.3742
217 15.6363 73.2972 17.3374
218 24.0162 85.1143 20.6959
219 14.1435 73.2857 19.3976
220 -0.378645 80.6421 30.8052
221 19.9368 77.9896 27.703
222 15.0909 83.526 33.4941
223 14.2781 76.9409 18.0544
224 21.4316 84.7194 36.5139
225 21.521 77.5063 37.1622
226 33.083 65.7222 45.6393
227 22.1594 104.055 41.289
228 5.98735 82.1356 49.2966
229 -0.0713171 82.7832 65.2419
230 25.894 99.6219 69.4228
231 8.7321 68.5122 50.8772
232 -0.230995 92.2056 51.0333
233 1.92227 73.4856 43.7128
234 21.909 67.6025 43.7248
235 16.0002 63.3556 55.7738
236 7.30263 62.2894 58.6661
237 21.3275 69.6317 55.7256
238 -0.57384 77.2183 47.387
239 -0.278229 70.1005 56.697
240 21.6767 75.5787 43.5062
241 24.2084 74.157 71.8276
242 9.95161 70.1717 55.4467
243 9.54627 83.881 65.794
244 23.429 84.0604 72.1784
245 4.57348 76.8216 76.851
246 33.0487 94.384 49.898
247 22.7628 71.7605 55.8976
248 18.3961 90.2695 67.9042
249 10.3945 74.6152 67.5691
250 26.0349 69.2159 75.8774
251 0.304695 91.488 77.2973
252 20.5092 62.4188 89.1831
253 19.9924 93.6086 62.1441
254 17.4815 67.4332 82.3307
255 19.5029 84.1234 86.7336
256 35.8891 88.629 77.9753
257 19.9916 86.1495 86.5336
258 19.9611 82.2541 84.843
259 6.83603 79.8446 78.3974
260 6.08767 79.6594 68.2211
261 0.210097 85.0978 71.0198
262 0.290504 97.1491 83.6984
263 27.5263 70.05 88.8922
264 14.2121 67.882 91.0307
265 0.137487 64.8929 108.561
266 11.7978 84.4074 97.009
267 0.123191 74.4402 90.4243
268 20.2954 80.4986 88.4377
269 18.9152 79.4218 92.5043
270 12.8742 80.1367 95.0775
271 14.4958 87.7103 115.212
272 21.7993 68.6943 115.487
273 10.0899 77.0082 115.454
274 9.06698 83.9104 115.243
275 25.8651 72.0221 99.2053
276 30.1685 76.4484 94.9375
277 41.5806 80.7329 115.254
278 25.0496 110.243 -1.19404
279 26.8597 95.4836 9.2417
280 12.3072 89.2017 -0.556095
281 6.58019 113.771 7.71138
282 16.6424 113.611 10.521
283 0.505001 97.305 -0.439918
284 26.9808 97.257 15.6755
285 -0.690363 94.9158 16.0524
286 13.7519 113.919 21.6361
287 18.903 99.775 21.3849
288 13.8889 113.955 30.8372
289 -0.938205 107.291 19.3602
290 -1.21644 103.58 19.658
291 13.6309 113.746 17.4422
292 -0.464717 98.5266 24.2919
293 15.49 98.4904 34.8022
294 12.9371 89.9629 21.69
295 3.87019 113.675 15.7074
296 27.9303 113.881 9.64916
297 23.559 97.7707 31.1232
298 16.7403 113.94 34.7061
299 21.1859 83.4358 21.6546
300 31.3807 102.272 41.2032
301 3.95872 113.716 36.9889
302 6.88613 107.655 33.789
303 -0.619498 112.194 34.6229
304 -0.3611 110.403 52.2226
305 22.6719 89.1771 25.8588
306 6.68158 113.9 37.0993
307 20.0475 101.815 17.185
308 19.6608 114.002 29.6312
309 10.3583 95.793 29.3167
310 11.5861 93.5786 39.4934
311 22.9932 95.9576 49.5101
312 28.3856 114.154 46.9959
313 17.5937 105.909 45.5453
314 10.1144 100.944 56.6403
315 0.111348 94.9749 68.8972
316 11.8388 105.841 66.517
317 -0.0592492 98.7378 69.2565
318 3.01131 102.275 74.0025
319 23.6274 106.214 61.8545
320 36.3188 92.2091 65.8806
321 13.3297 114.538 98.4163
322 25.7836 114.405 74.419
323 30.3057 114.251 68.1519
324 11.4959 114.242 66.1815
325 16.04 86.6266 67.7147
326 0.0935051 108.767 79.4393
327 0.169162 97.1186 75.2308
328 25.1938 104.338 88.7264
329 30.1416 109.069 93.3874
330 30.3885 94.5522 75.8172
331 0.0878651 113.087 99.5417
332 16.278 92.3515 99.2317
333 1.60558 114.223 98.2118
334 0.0494398 112.782 91.9962
335 17.3855 114.431 96.2396
336 4.38972 114.246 84.8273
337 19.2234 104.598 88.6412
338 28.7724 114.416 108.67
339 25.9764 107.236 115.085
340 -0.0563528 99.4642 102.67
341 17.4662 104.176 101.509
342 14.5592 106.791 109.524
343 31.2922 12.6962 -0.456526
344 30.628 8.55173 9.59695
345 55.8136 18.9779 3.45948
346 45.6553 13.0045 -0.382517
347 53.1043 -1.22744 21.259
348 42.7836 7.62825 22.5079
349 34.5488 14.1327 -0.299399
350 40.2171 19.1468 10.8876
351 45.2913 24.7268 7.1717
352 34.3887 8.34616 27.4377
353 51.7331 4.7502 27.5971
354 39.2624 9.08416 25.8957
355 48.7875 -1.09645 18.0502
356 53.1138 -1.28119 24.4447
357 34.4311 28.2464 34.9923
358 22.8539 9.13228 4.79575
359 60.0592 25.497 24.843
360 37.3754 20.0279 22.403
361 51.4063 -1.03226 39.7435
362 25.864 19.1672 44.003
363 51.8275 20.7859 21.577
364 54.6068 25.4784 33.2743
365 48.9773 -0.863057 62.6773
366 26.05 19.2984 60.2637
367 33.1743 10.4074 46.5478
368 47.1747 8.8596 48.0541
369 50.3272 14.7585 59.4518
370 37.3179 19.8948 51.5904
371 28.6964 14.7548 44.2605
372 33.1268 18.8174 54.4982
373 45.6898 13.2663 45.6698
374 43.0611 18.0827 49.6673
375 60.3662 19.8371 66.7866
376 32.5257 17.2191 62.3771
377 36.0974 -0.893997 69.0425
378 53.3634 7.22376 89.1484
379 40.0963 21.5301 85.1272
380 17.4252 -0.634022 76.5892
381 55.0709 9.22562 74.6179
382 30.0268 21.4885 80.9512
383 46.3658 -0.510718 89.1571
384 42.0323 23.6407 85.0573
385 24.775 -0.604376 77.469
386 33.2967 -0.822232 64.7628
387 50.5436 -0.602779 107.262
388 33.8286 -0.61161 99.3834
389 43.3994 15.9253 87.7649
390 50.5656 17.1278 102.149
391 50.1419 25.7278 95.4844
392 40.5168 11.9898 92.9418
393 50.5412 11.8821 115.78
394 40.6102 5.95058 115.638
395 46.1025 24.1101 112.317
396 36.2564 21.126 115.767
397 36.2006 0.866604 115.738
398 44.544 -0.573908 110.144
399 50.5141 12.8371 107.278
400 63.898 -0.600687 108.208
401 53.1843 5.04368 116.023
402 28.4952 30.682 -0.608577
403 21.3462 36.8555 9.57226
404 31.3852 38.7833 5.07953
405 54.2649 37.4078 -0.924742
406 55.531 40.6155 -0.983902
407 51.3577 32.8688 17.5389
408 25.0388 34.8155 5.44922
409 45.7172 36.856 15.0052
410 31.4332 29.5411 -0.337693
411 46.8699 36.4906 -0.718208
412 31.3397 43.7342 9.97248
413 26.2055 43.1702 13.4406
414 50.0669 43.4931 23.826
415 34.2307 32.7804 29.8911
416 48.6409 34.5296 28.7486
417 34.6893 39.0603 13.5728
418 36.0837 36.9415 13.4472
419 49.9925 30.6635 21.886
420 36.3921 36.9643 11.4474
421 48.5162 35.1859 25.491
422 26.4782 29.1246 42.1222
423 41.9457 9.08045 43.9285
424 45.7065 33.0871 29.7716
425 32.8521 29.2313 33.9146
426 62.2485 23.2129 41.7331
427 61.8047 11.2139 37.7098
428 41.6185 23.7688 28.2698
429 48.0325 39.3917 41.5541
430 34.3746 43.0478 36.7782
431 50.143 32.5257 41.0293
432 34.2524 43.9522 30.2528
433 38.3816 27.3278 56.1815
434 48.9483 28.8322 55.4593
435 32.6061 15.3996 44.21
436 37.125 43.2651 56.145
437 40.772 33.3302 43.7541
438 55.987 45.4825 68.2434
439 33.1006 36.8667 52.4543
440 54.5465 41.5864 72.2126
441 33.9843 35.2451 55.7781
442 54.125 29.1507 66.3017
443 33.271 45.852 51.4572
444 27.5283 18.8283 64.2339
445 29.0 23.9654 72.2268
446 42.7236 27.3409 45.9331
447 60.1387 26.0768 40.4618
448 32.265 21.673 78.5634
449 43.2186 37.2513 70.6137
450 48.6623 29.9082 40.4261
451 36.08 29.9726 55.5745
452 27.4395 35.2389 72.3922
453 58.4871 45.9181 76.497
454 32.303 43.4382 59.95
455 52.8848 31.5355 61.8961
456 37.6507 41.5765 78.8761
457 48.8914 29.0042 70.6841
458 46.0777 22.9193 78.2338
459 36.6137 37.4469 78.6427
460 62.908 45.6526 82.6827
461 44.3147 43.8357 72.611
462 54.8017 20.2341 83.3128
463 47.7397 37.1991 89.4535
464 50.5263 24.7573 77.4205
465 34.5472 37.5904 80.8265
466 66.1715 27.3947 85.2075
467 48.882 25.299 96.9456
468 52.6123 35.811 93.2451
469 40.3812 13.5053 91.2185
470 30.3604 50.3991 105.242
471 49.0756 37.6184 109.357
472 54.1616 33.6994 107.699
473 49.7707 33.8003 107.507
474 14.6328 17.8665 116.03
475 47.4876 29.3394 115.665
476 47.8079 37.909 105.622
477 43.1196 55.6682 106.915
478 60.6054 18.0465 115.798
479 39.0392 54.76 97.0513
480 36.8676 62.8995 -0.807548
481 45.4641 56.213 13.6525
482 39.9841 37.9274 -0.580333
483 42.4896 53.4482 -0.969337
484 27.035 54.7573 26.2369
485 36.0753 45.3531 35.5722
486 34.1877 67.0815 28.5328
487 39.8686 69.4026 21.4088
488 58.4193 63.9262 37.153
489 44.1943 67.5787 23.3386
490 53.0773 55.4022 23.2299
491 35.7955 61.0024 27.7845
492 47.8507 49.3962 25.3542
493 45.2952 47.539 41.6871
494 43.9403 41.3564 47.893
495 35.6563 57.9002 35.3032
496 44.2369 57.8225 43.3359
497 34.347 55.612 35.4904
498 41.6053 68.9881 45.0988
499 37.1649 49.7265 43.7862
500 51.5331 57.207 42.0713
501 43.2385 69.6269 45.6
502 50.0593 57.2088 37.1651
503 44.6777 45.5258 68.0852
504 38.9068 54.0163 59.6941
505 44.3747 69.7078 47.6098
506 55.7973 61.6474 64.1061
507 60.5437 71.9536 78.3752
508 39.0136 57.8158 68.395
509 37.9751 63.9862 63.8437
510 39.9103 43.6924 72.3382
511 35.1889 53.5605 57.8252
512 32.9083 61.4701 69.962
513 27.4986 59.1335 62.7222
514 53.7032 51.8928 80.5893
515 30.7476 53.7987 78.7092
516 50.1318 61.5665 72.5736
517 31.2243 72.1425 78.6359
518 31.5688 55.6133 68.4105
519 36.1859 49.6097 90.8968
520 38.0518 55.8274 70.4613
521 40.0377 59.8539 80.6204
522 56.4552 60.0632 78.4179
523 49.0382 68.5317 84.2974
524 37.6412 56.4345 91.3178
525 46.167 49.9721 93.1936
526 25.8889 67.0853 102.047
527 40.4233 58.6435 94.4739
528 33.1936 48.9412 82.1911
529 27.772 55.9099 86.8118
530 46.1286 66.5853 98.6504
531 31.9025 62.4764 115.62
532 34.6294 63.6121 102.996
533 54.8452 50.5709 115.541
534 40.0082 56.1901 101.395
535 40.3592 69.4172 108.143
536 54.748 58.979 102.768
537 38.2313 80.8836 -0.849559
538 44.028 85.1396 -0.97644
539 33.8664 86.8286 -1.08619
540 52.4665 73.6054 8.89487
541 48.5392 105.768 18.5865
542 32.7012 68.637 -0.802157
543 26.8358 76.9112 -0.900282
544 57.0636 69.0382 25.8124
545 48.5544 78.2374 24.4493
546 59.9083 85.7182 18.3822
547 42.5531 92.9409 14.2894
548 37.5041 69.4707 21.3315
549 51.3924 81.642 19.0371
550 58.3698 74.3764 14.0345
551 64.0381 81.9894 30.8528
552 50.8459 79.662 17.1191
553 43.1153 92.1535 45.4902
554 61.3121 84.1725 28.6347
555 45.289 69.6067 45.7583
556 25.8785 63.7237 29.6884
557 31.7699 83.6859 31.2564
558 47.7282 69.6833 21.1459
559 58.5719 76.0515 32.8119
560 44.243 69.7933 43.4475
561 31.1913 85.9106 37.2366
562 56.986 66.7416 27.8942
563 62.7948 95.2629 39.7551
564 35.7473 79.4934 37.5896
565 41.4454 65.1063 23.701
566 34.0272 81.6225 37.5172
567 54.8803 100.006 49.4517
568 54.1275 96.5751 59.0828
569 67.0801 67.1483 59.0763
570 48.6274 80.5045 59.1469
571 28.6938 79.0866 52.3034
572 47.0933 70.5393 42.1729
573 57.3088 77.553 62.1736
574 52.8248 59.6133 59.6125
575 27.1826 72.1172 55.9553
576 32.9391 72.3161 44.377
577 31.6954 76.3694 54.188
578 34.3658 84.6645 54.6239
579 50.0806 76.233 64.0602
580 48.8196 80.2973 66.154
581 42.9196 88.0382 69.9979
582 44.4224 90.8945 75.7691
583 47.9269 77.8435 59.7122
584 41.6983 85.6169 72.4551
585 31.1832 82.1437 70.2437
586 31.3792 79.9395 72.3796
587 57.1497 80.065 69.9147
588 34.3056 95.9904 78.188
589 33.069 89.8262 80.9418
590 49.0684 68.1946 91.0985
591 60.2844 68.0006 80.5876
592 47.3586 84.0103 74.1932
593 49.1889 84.3329 86.6235
594 31.5432 87.7534 73.9261
595 34.8336 68.1807 93.1188
596 58.8852 83.7147 103.928
597 50.264 71.8902 105.012
598 32.3401 76.1235 92.9279
599 57.3803 89.8811 107.991
600 32.9697 77.9485 106.967
601 51.7827 75.7179 105.984
602 43.7235 77.9545 86.7647
603 41.661 86.9305 88.0416
604 52.4595 67.9334 84.5739
605 37.5211 84.3305 88.7468
606 50.5855 78.3929 92.9151
607 34.2619 76.2024 92.9641
608 33.3068 68.3 89.1996
609 31.614 74.8695 98.629
610 43.0626 85.7368 108.25
611 48.9977 67.7416 111.097
612 39.2381 84.5437 107.251
613 33.0828 72.9357 102.949
614 46.1209 79.0025 106.184
615 43.1933 78.9839 115.198
616 25.5027 90.0252 -0.761444
617 43.8905 112.521 -1.11586
618 55.3406 113.825 0.0216546
619 35.3608 91.7108 9.01881
620 51.0273 113.808 2.06289
621 40.7555 100.158 8.65455
622 56.7915 103.028 -1.37482
623 41.2169 114.083 19.3537
624 29.7165 100.198 8.39177
625 33.7153 113.867 6.29011
626 43.7614 92.0504 8.7591
627 33.9156 113.99 18.3667
628 47.0961 106.043 35.0538
629 29.422 114.006 23.4034
630 29.7591 109.455 23.4976
631 33.4446 89.7203 10.9557
632 25.644 99.2817 27.714
633 39.9299 113.978 26.4132
634 45.4213 103.687 20.572
635 51.3289 100.137 30.9984
636 55.2856 114.348 40.6547
637 32.059 101.829 47.5262
638 74.6064 114.521 49.3802
639 38.5075 90.3974 33.796
640 45.9191 104.453 63.5544
641 38.5913 99.6478 46.7787
642 61.2104 107.835 53.6766
643 27.6505 114.463 53.2409
644 51.3641 98.6335 36.452
645 48.3782 113.98 34.1537
646 33.1399 102.2 53.6479
647 37.1092 83.0317 36.2491
648 34.4722 114.083 29.6151
649 28.7674 111.812 77.7714
650 38.5658 110.035 61.4648
651 30.0426 114.276 56.7814
652 65.0424 90.3463 76.1384
653 51.6704 114.52 61.8581
654 31.2835 94.5723 52.0494
655 47.2064 106.545 65.9621
656 50.2785 93.9884 65.6042
657 17.5952 78.1083 70.0786
658 50.0753 99.3188 78.9123
659 35.8785 101.296 69.0306
660 38.6939 92.1301 86.6037
661 37.3574 105.001 75.4989
662 38.8698 114.36 77.0387
663 41.5325 114.365 72.4763
664 37.3545 114.538 96.4944
665 38.6956 114.6 93.1788
666 47.2125 114.294 76.503
667 44.7646 106.407 73.9294
668 40.3784 98.449 90.6666
669 42.8395 108.727 75.6316
670 45.7394 88.7968 71.5488
671 24.6779 96.7188 80.635
672 33.7185 108.521 92.673
673 44.6008 104.375 82.4101
674 27.3107 99.9542 100.596
675 45.9571 114.555 96.1472
676 57.4517 100.429 90.7666
677 33.7622 114.645 96.8405
678 43.1818 109.883 87.914
679 28.7197 114.56 104.656
680 28.8845 103.248 115.278
681 47.4703 101.211 115.135
682 52.8865 109.393 115.096
683 38.8025 83.7813 103.841
684 56.0461 114.652 105.387
685 26.9881 114.846 90.9126
686 33.013 114.527 109.796
687 41.7262 110.342 115.053
688 63.1558 114.756 108.692
689 54.5404 100.223 114.951
690 59.8884 114.988 103.289
691 75.7233 11.21 -0.626043
692 61.5735 15.0874 -0.399115
693 81.2873 11.2454 -0.61927
694 78.5228 15.3046 -0.658065
695 70.075 11.4308 -0.603235
696 58.3986 23.1813 19.672
697 78.2932 6.8881 11.3684
698 62.5624 15.0748 21.7202
699 59.3756 23.0542 9.34854
700 73.1105 -1.19676 25.1618
701 85.0258 -1.28233 27.9091
702 80.0441 -1.3018 5.60183
703 58.8673 10.5846 25.8874
704 70.2199 -1.00182 12.0772
705 51.5835 -1.13945 18.3035
706 53.7332 3.07359 39.9619
707 58.1327 11.2328 37.876
708 78.7928 7.64864 48.5704
709 80.1219 13.2193 49.8951
710 64.4969 18.639 34.2652
711 61.8 -0.97564 33.4657
712 59.6601 25.0665 43.6686
713 58.6934 6.48484 35.3859
714 73.7421 23.2601 35.6406
715 52.411 16.9946 42.1075
716 62.9913 23.1769 43.7164
717 63.0407 -0.854796 51.7898
718 85.3219 21.5023 59.7752
719 54.5483 -0.842747 68.1467
720 94.469 19.8245 70.5188
721 75.8782 -0.413781 86.8014
722 57.6334 10.897 74.2604
723 70.0522 15.3555 68.3324
724 66.1228 10.6866 69.1982
725 77.4489 11.3463 54.0094
726 63.2124 13.4836 66.0446
727 81.4852 22.9747 63.544
728 54.5683 27.7757 78.874
729 71.8489 15.7583 66.5759
730 79.1614 23.4924 74.4464
731 66.2737 11.1828 86.8105
732 89.3354 -0.295263 88.6527
733 86.4923 -0.476347 96.3336
734 89.1071 5.77442 103.333
735 75.0818 9.04089 109.239
736 82.2739 20.4377 115.382
737 59.2342 21.0361 115.48
738 77.7319 15.0591 102.233
739 83.9718 23.671 101.311
740 82.0609 12.1221 107.12
741 63.4224 19.3008 114.389
742 64.7866 16.271 115.844
743 92.2602 19.6356 93.1136
744 56.6686 7.23412 101.603
745 66.3895 5.92062 115.656
746 59.2942 -0.444872 103.239
747 74.8634 30.8333 115.445
748 69.9186 30.4531 13.7136
749 72.7665 43.5399 -0.949288
750 84.3439 41.4452 11.0282
751 75.6588 39.1974 9.04017
752 75.6375 27.4829 -0.630055
753 61.149 24.2449 -0.569134
754 76.1812 45.5582 21.4689
755 67.9737 41.1978 19.3785
756 75.7255 39.8299 16.7083
757 55.5597 32.8618 20.9777
758 57.3044 14.469 16.2951
759 61.6282 27.8157 41.3516
760 69.7897 41.5735 51.4972
761 73.5337 35.424 29.4612
762 58.6313 29.7999 30.147
763 88.9313 21.4823 57.9494
764 83.1323 47.6955 45.6636
765 61.6009 28.3819 56.805
766 72.9673 27.7064 43.9301
767 84.7889 33.482 37.7358
768 88.5501 33.6956 55.7922
769 84.4078 38.3298 51.0368
770 80.1169 29.5879 36.9573
771 75.8089 27.2567 62.1964
772 87.1791 31.3452 55.5074
773 87.3175 28.4481 77.4801
774 63.1397 44.1863 70.5736
775 58.8793 29.5197 63.9949
776 55.9532 29.9508 63.8346
777 75.8882 31.9241 72.2728
778 85.6819 33.135 63.4343
779 91.4712 31.3248 57.4168
780 61.4628 41.9716 67.8474
781 70.1861 27.9158 74.1063
782 70.8505 37.6186 68.1182
783 58.7212 27.5299 72.4206
784 82.8832 25.5867 78.5024
785 64.4204 35.62 82.799
786 88.8195 43.8854 86.6432
787 60.2421 33.772 80.9327
788 73.0667 45.5318 78.0574
789 67.5156 42.8015 92.3278
790 63.2331 38.0771 78.2387
791 81.8038 38.8382 87.5927
792 50.1046 35.7645 80.817
793 71.7767 25.9508 76.8652
794 66.3755 38.4293 115.343
795 68.9079 42.7146 94.3452
796 58.1145 35.7807 105.639
797 79.616 15.7269 99.4181
798 80.4169 33.5697 101.181
799 70.4071 44.1464 90.6704
800 80.4304 43.3314 97.651
801 73.7045 33.655 99.3114
802 84.0798 25.6815 80.5006
803 68.1086 45.8363 91.0723
804 54.6292 47.4998 115.675
805 64.9246 33.5419 115.464
806 67.1237 29.7453 99.5918
807 73.6248 21.1783 115.596
808 64.5841 46.3659 96.8065
809 85.009 41.8001 101.466
810 85.4835 41.5306 -1.00939
811 77.2553 59.1324 -1.23163
812 55.4946 55.7644 -0.907198
813 57.1101 57.7163 4.42427
814 56.9933 61.6849 16.6057
815 65.7492 44.8617 14.7282
816 48.8184 61.2803 14.9981
817 79.8602 57.7183 12.7159
818 65.6293 50.2147 7.54494
819 70.6768 59.5485 11.0285
820 82.3297 41.3446 13.1246
821 71.4247 60.5956 14.0985
822 59.7606 51.621 9.18279
823 64.9752 53.3414 23.0666
824 59.21 61.2751 15.1546
825 82.1124 61.5863 23.082
826 64.0238 69.5483 10.912
827 58.6624 52.9938 23.685
828 83.9711 65.4472 32.944
829 78.5459 64.2632 19.7397
830 72.4245 61.7292 47.7461
831 58.6265 55.7348 31.2956
832 60.5146 61.6123 41.5527
833 85.7892 45.3201 39.0891
834 51.6666 65.79 33.4239
835 75.6077 76.9169 36.653
836 69.7637 47.2146 41.9765
837 75.5581 57.3746 33.0
838 77.2568 56.0035 49.7687
839 73.7663 59.8861 63.7899
840 50.1596 57.2323 68.5453
841 75.3079 61.8431 63.8492
842 52.2067 41.549 67.9633
843 81.4618 53.9463 63.4374
844 68.4252 68.0872 51.389
845 85.3792 54.1613 65.7645
846 84.1007 65.9718 69.901
847 54.2896 64.043 71.9452
848 89.019 58.0521 61.5962
849 54.5249 59.533 76.6413
850 86.9197 49.9686 74.2383
851 74.1847 41.7724 78.3295
852 83.0118 60.742 70.2872
853 77.6923 55.7178 72.1029
854 56.0467 41.9165 70.5027
855 74.3396 57.9599 65.6946
856 74.5963 48.4293 91.4234
857 67.3741 51.8289 80.4098
858 72.9646 61.6156 86.3755
859 73.4453 43.9132 90.9455
860 53.5223 68.3359 101.591
861 61.7836 60.6647 101.996
862 64.4696 78.0196 90.6003
863 76.3673 41.9967 95.3715
864 68.9467 57.9094 101.209
865 81.5724 41.7686 97.4437
866 77.8038 45.8619 90.993
867 77.579 62.4225 99.0255
868 83.5162 62.3392 101.264
869 80.5699 54.2055 101.41
870 81.8965 49.9919 115.474
871 70.3312 65.8762 115.245
872 73.5888 61.9554 115.381
873 84.7981 64.2787 99.1309
874 89.1877 50.4954 115.318
875 83.2082 63.6278 115.329
876 79.8222 74.9605 8.08702
877 66.9435 74.2413 5.29394
878 83.972 77.8211 4.66971
879 65.4205 82.1266 -1.34983
880 67.0335 88.2391 19.2082
881 68.1842 78.0583 -1.46791
882 71.3694 77.6958 22.8358
883 59.9921 71.8764 2.44925
884 71.4307 66.1141 -1.10907
885 58.3757 92.5279 11.4415
886 73.8082 71.9506 30.9375
887 64.1334 77.6764 12.8046
888 73.9922 67.3353 19.2892
889 65.4156 77.1728 26.578
890 75.1693 75.6914 22.8233
891 72.697 79.6495 25.1187
892 71.1517 67.7641 37.4385
893 56.3268 75.5769 27.0526
894 82.7006 70.3222 32.6463
895 77.5812 71.7645 26.858
896 75.0442 81.7968 39.2445
897 74.2233 80.0086 43.1251
898 90.8824 83.883 30.8379
899 81.3631 62.9695 38.6246
900 77.1389 78.7065 44.0368
901 77.0717 84.2157 41.5695
902 64.3174 72.0186 51.8218
903 77.2629 87.9421 45.0674
904 64.1957 81.6872 45.0855
905 80.918 75.7847 39.1102
906 75.5813 94.9966 50.0955
907 84.3881 77.4863 64.0729
908 65.5054 93.928 49.4908
909 62.1897 91.9668 61.5808
910 77.395 77.9671 67.5218
911 76.8919 78.2838 80.63
912 65.7434 76.4744 71.8034
913 69.8767 93.073 56.0768
914 58.65 91.7936 66.216
915 81.1132 76.221 63.5637
916 73.2881 77.7737 80.5192
917 61.3512 70.2032 74.3625
918 60.1914 82.6033 88.9108
919 56.0041 74.2878 86.8515
920 77.425 74.8905 81.7609
921 67.8624 86.2834 80.2865
922 58.8583 77.5073 76.7638
923 66.0225 66.5231 86.324
924 78.7901 84.0745 99.3095
925 68.858 91.4515 98.496
926 63.5769 86.5604 78.2137
927 79.2828 92.5358 82.0794
928 64.8349 88.4476 96.9263
929 57.9713 84.4639 107.208
930 58.961 82.1959 115.319
931 76.6962 76.5031 109.351
932 67.572 80.986 114.988
933 71.6827 78.3301 93.1002
934 76.1186 78.3642 115.164
935 66.2118 87.5405 115.03
936 64.228 74.4073 101.078
937 67.6796 90.1947 115.134
938 85.5457 99.2781 7.16496
939 56.8946 90.1041 -1.19443
940 61.2216 106.17 16.7479
941 69.7638 84.1654 -1.24555
942 80.169 94.1354 24.8684
943 65.2166 114.305 25.3701
944 79.8333 114.266 26.3211
945 52.284 96.1235 25.0032
946 57.8641 106.002 14.8375
947 69.6128 114.3 18.9655
948 64.1388 91.3891 13.1416
949 56.9834 114.064 13.4377
950 68.4319 106.478 19.1569
951 66.7446 114.072 31.9575
952 58.1832 102.261 43.209
953 67.0789 99.8856 24.8921
954 72.8921 96.1316 37.0416
955 60.9979 104.182 39.3291
956 75.3971 95.7711 37.28
957 78.4223 105.854 56.5926
958 55.6232 110.642 49.4971
959 94.0269 103.697 40.3243
960 70.4603 93.9101 43.3109
961 64.2719 106.494 49.4423
962 80.0228 106.081 61.6575
963 49.8948 114.241 48.7595
964 64.3632 97.6415 48.9669
965 85.5286 102.019 51.0169
966 71.3989 83.463 40.6226
967 60.2725 104.314 43.1877
968 76.2341 100.332 51.3403
969 85.8182 114.607 79.0374
970 81.4577 99.6431 66.5771
971 59.7258 114.279 65.8236
972 84.1606 108.382 65.6501
973 94.6542 94.6054 73.6161
974 66.9039 106.206 57.1645
975 83.7869 96.2591 69.6213
976 68.7157 107.214 97.2135
977 89.8851 114.503 72.0672
978 74.396 91.9021 72.4339
979 57.2242 99.8681 72.3222
980 71.893 88.5152 82.4644
981 78.4723 114.384 81.7392
982 66.1254 114.453 70.0341
983 69.9708 114.524 69.094
984 75.8081 97.1526 97.0742
985 76.7468 108.337 86.1623
986 80.2492 114.633 98.986
987 68.3946 94.3955 90.6154
988 53.1393 98.5912 100.992
989 70.9746 90.3575 90.6522
990 56.7134 92.4727 96.8952
991 85.7125 110.847 92.4918
992 73.1943 87.682 108.386
993 73.097 105.069 88.8408
994 59.883 92.1931 84.5379
995 67.2909 114.348 88.7681
996 66.0274 92.4778 86.3101
997 55.8418 114.237 90.0219
998 68.8032 100.42 114.726
999 61.7258 114.586 110.565
1000 78.8917 110.39 114.711
1001 63.2549 103.348 115.008
1002 78.8619 94.2384 114.895
1003 53.1351 90.1052 109.768
1004 79.9302 114.774 104.429
1005 84.7298 114.997 108.97
1006 90.2685 94.5934 98.8095
1007 57.6405 104.766 113.167
1008 114.613 14.1338 16.2753
1009 97.3347 13.3368 11.6464
1010 97.3825 18.6513 -1.03557
1011 108.442 2.19232 -0.668688
1012 92.9898 -1.29719 0.881667
1013 102.826 16.6842 6.73934
1014 86.8159 21.095 9.32953
1015 106.982 15.8599 16.3584
1016 111.448 6.34634 24.237
1017 110.208 -0.427837 24.3147
1018 86.5918 12.9602 7.26057
1019 94.9429 10.9792 17.3502
1020 109.304 10.9346 15.3623
1021 94.3051 7.3815 21.7981
1022 98.6422 15.8602 36.1618
1023 96.0668 11.3383 29.4354
1024 114.63 6.47583 28.5291
1025 105.593 21.3739 33.4974
1026 96.5629 12.9718 25.6033
1027 100.317 9.41683 29.2381
1028 94.3186 17.3521 35.4213
1029 97.5081 -0.714247 34.8597
1030 97.0584 27.6761 53.7043
1031 92.9025 7.68091 66.0319
1032 114.696 4.55348 54.8971
1033 104.271 21.466 57.698
1034 114.801 24.8253 46.8413
1035 90.4914 -0.951406 52.1626
1036 114.901 14.41 57.037
1037 95.7715 8.64928 40.791
1038 101.558 23.4508 62.1184
1039 98.2993 15.7784 72.4024
1040 114.758 22.9925 69.0651
1041 91.6404 -0.63032 62.664
1042 114.782 1.18345 66.6871
1043 87.5337 -0.577346 61.5989
1044 101.744 13.61 67.9281
1045 103.152 27.7122 65.7816
1046 87.7633 -0.332752 82.5226
1047 95.314 15.5159 74.3603
1048 110.156 15.816 80.3606
1049 107.681 -0.00874879 77.0109
1050 104.53 23.3336 91.173
1051 108.785 19.7365 86.4982
1052 96.2372 13.8233 67.8895
1053 108.943 8.9173 75.7722
1054 101.651 14.4908 79.363
1055 113.412 0.0973566 68.5279
1056 83.6539 11.4141 91.0473
1057 115.132 1.30754 87.9793
1058 96.9216 21.7801 92.92
1059 92.2817 3.66034 91.0715
1060 100.447 16.6402 75.714
1061 107.679 7.94898 92.9773
1062 75.684 17.4584 101.385
1063 98.9346 27.6484 86.6685
1064 94.9779 5.5786 92.9694
1065 115.458 7.3388 94.5479
1066 97.0043 11.6599 105.336
1067 108.755 7.5332 105.634
1068 115.295 7.04665 113.796
1069 100.572 9.72404 99.1677
1070 102.761 42.7266 -0.856307
1071 84.3542 37.9572 10.0343
1072 104.311 40.9371 -0.768175
1073 102.861 41.8839 15.5322
1074 104.367 42.3418 2.28827
1075 98.5242 44.5691 -0.875661
1076 94.9734 39.3476 17.169
1077 93.1875 37.1905 16.8367
1078 102.86 40.4635 6.19007
1079 90.0553 37.5552 19.1776
1080 87.3252 31.2457 23.0552
1081 107.209 33.6621 13.6945
1082 82.5895 45.574 35.5208
1083 114.529 44.9017 30.0901
1084 96.8282 23.2782 25.4296
1085 89.9721 41.3561 17.138
1086 92.8634 36.3194 48.728
1087 114.996 38.9917 27.7565
1088 90.017 50.6161 34.6109
1089 92.8928 21.2312 41.5758
1090 103.09 38.1818 40.8405
1091 82.9379 26.8235 40.1803
1092 98.8343 24.9368 53.1897
1093 91.5795 32.9968 54.274
1094 94.4821 38.1492 61.2239
1095 87.1643 41.1604 52.9584
1096 97.2063 46.3449 52.9889
1097 100.508 27.2258 45.062
1098 104.438 39.1876 45.957
1099 114.51 38.9844 40.3077
1100 85.9682 30.5798 60.4965
1101 114.858 18.5218 44.5162
1102 107.553 21.7167 61.8567
1103 103.175 24.2905 59.2849
1104 105.624 37.8918 49.3094
1105 88.8939 31.6869 61.7984
1106 115.015 24.3183 71.6833
1107 87.3614 32.931 61.1026
1108 99.0315 25.5112 65.8876
1109 97.507 30.2331 56.0072
1110 114.724 47.4826 80.7513
1111 94.3742 45.2114 67.2927
1112 114.891 40.7027 83.3379
1113 101.647 18.0351 55.3879
1114 81.745 25.7737 80.7653
1115 90.2008 31.9543 80.5809
1116 114.501 34.9216 81.9615
1117 93.1867 33.228 73.7455
1118 106.31 35.9236 78.1723
1119 85.8736 23.9203 88.7015
1120 92.9965 48.4542 69.3117
1121 75.2676 33.7211 78.4075
1122 91.7147 31.496 78.11
1123 98.9378 43.0472 83.9464
1124 94.1262 36.0075 90.9755
1125 100.933 48.0774 86.5747
1126 106.698 52.0014 73.869
1127 82.9697 43.9266 97.1782
1128 92.2528 42.1796 103.09
1129 100.435 39.7334 107.051
1130 109.354 27.4633 115.043
1131 98.9754 44.6165 102.448
1132 102.282 42.1209 109.157
1133 115.378 34.969 110.346
1134 101.415 31.9338 103.079
1135 96.7876 44.0592 105.094
1136 79.2762 48.0965 105.407
1137 99.9285 53.1206 13.3917
1138 104.305 40.7163 4.26782
1139 95.5899 51.677 -1.10013
1140 108.548 45.9868 12.5987
1141 114.647 70.4972 28.1917
1142 114.61 62.3542 23.6071
1143 99.8858 67.4527 32.7552
1144 93.1052 65.4054 20.7349
1145 88.5082 48.2117 18.4528
1146 114.753 50.4528 28.1137
1147 114.706 54.3756 15.9838
1148 95.745 52.8559 20.6127
1149 94.2832 68.7605 13.7432
1150 95.474 70.2209 17.3331
1151 104.345 49.333 39.8603
1152 96.0854 59.4361 45.4382
1153 93.375 51.6062 37.5878
1154 101.454 63.1531 38.1106
1155 94.2611 56.4629 37.78
1156 81.4518 61.1821 31.9241
1157 108.26 51.786 45.3923
1158 96.1553 47.5517 43.1649
1159 92.6104 57.669 41.2905
1160 114.704 79.4236 52.1578
1161 104.562 50.3865 58.5333
1162 91.493 59.1828 48.8005
1163 85.9405 51.978 45.73
1164 98.6849 66.4615 50.0035
1165 105.905 59.6914 51.5914
1166 94.9464 68.0087 43.2368
1167 114.798 60.6225 50.8098
1168 78.5466 69.7643 49.2185
1169 107.311 59.1169 62.7924
1170 102.828 62.2988 73.5116
1171 105.982 53.5074 67.3092
1172 114.829 50.735 60.7313
1173 81.7726 56.5209 60.9902
1174 104.004 47.9239 63.7042
1175 83.0196 59.2969 60.2772
1176 105.825 58.7701 48.0997
1177 107.661 76.1615 73.9832
1178 95.8432 61.7119 77.4926
1179 97.5222 41.7291 61.6651
1180 87.7508 53.8026 49.4988
1181 110.269 52.8216 52.657
1182 98.8134 58.2917 80.0879
1183 100.035 48.1193 90.5592
1184 87.7765 54.1125 82.2961
1185 84.0757 49.9853 82.496
1186 105.47 48.2254 78.1449
1187 114.691 66.7278 85.5066
1188 115.027 54.129 78.2755
1189 114.645 57.0009 75.2853
1190 110.002 50.4342 79.8336
1191 94.495 64.2671 67.4403
1192 97.4024 41.0887 91.1709
1193 99.941 61.7746 83.865
1194 88.605 46.1906 82.2599
1195 115.297 55.8272 92.9292
1196 98.8113 72.4199 94.5643
1197 94.4784 66.0275 94.768
1198 97.2376 62.3471 102.919
1199 81.8352 64.6165 98.744
1200 80.3656 61.5252 100.637
1201 86.2517 55.0188 115.322
1202 94.7191 50.776 105.654
1203 109.277 59.9463 114.738
1204 104.715 76.9628 102.383
1205 93.795 57.7471 115.393
1206 107.826 64.9497 114.881
1207 95.4581 101.01 -1.307
1208 81.8591 75.6722 -1.44634
1209 97.0826 86.2558 16.2285
1210 114.77 81.2242 9.33
1211 84.0908 88.5581 8.22421
1212 114.513 82.6595 0.0688576
1213 89.8795 77.1211 -1.18834
1214 79.8706 72.3375 6.1018
1215 100.724 71.7388 12.9335
1216 105.473 86.208 -1.18607
1217 109.309 93.8989 34.861
1218 114.533 72.6571 18.183
1219 81.0622 87.8459 24.9534
1220 99.855 76.5159 21.8978
1221 108.519 83.4402 24.4688
1222 114.477 82.6013 23.9358
1223 84.0601 87.1015 17.3978
1224 82.578 87.8017 27.1229
1225 95.5541 81.4412 16.6265
1226 102.91 75.1401 52.2331
1227 105.367 95.9378 34.9621
1228 98.3544 66.0525 45.3986
1229 96.7688 63.8282 41.0968
1230 82.7871 80.0985 30.6024
1231 88.8721 76.0909 59.4412
1232 114.516 83.0192 40.0565
1233 84.2189 84.3335 39.2614
1234 96.5408 71.8253 53.2313
1235 93.2737 70.0265 53.5817
1236 98.9532 80.0275 51.2615
1237 104.133 66.7991 37.8824
1238 114.602 91.6221 47.943
1239 101.163 89.3465 43.8639
1240 76.8747 94.2128 47.3545
1241 110.237 57.1653 60.9319
1242 104.719 70.1901 59.3501
1243 98.5344 82.6713 62.9042
1244 96.982 63.9057 65.4072
1245 115.024 88.1169 71.5932
1246 114.469 61.464 70.4785
1247 114.353 65.1797 82.9014
1248 101.352 90.7708 54.2963
1249 114.86 78.861 60.3153
1250 106.489 86.3316 77.7564
1251 97.4263 77.7732 74.2005
1252 83.9041 74.0767 90.7193
1253 114.484 81.0099 62.3443
1254 78.7182 76.2825 65.7842
1255 87.227 75.187 82.8504
1256 114.504 87.0395 81.0261
1257 85.8618 73.648 87.7581
1258 102.925 84.7738 79.432
1259 94.2968 74.4084 84.4393
1260 93.7431 90.5161 98.6562
1261 114.427 74.5696 85.8526
1262 101.593 89.852 93.9912
1263 101.675 82.1127 84.2408
1264 84.6898 72.2194 90.5238
1265 104.42 83.7982 94.9416
1266 108.984 74.6489 108.86
1267 89.1175 71.1433 115.149
1268 115.018 70.078 107.593
1269 87.7115 77.2063 115.018
1270 102.084 82.242 114.802
1271 109.099 75.9267 110.343
1272 104.662 94.47 100.781
1273 87.355 85.9541 105.643
1274 106.216 96.4409 114.674
1275 94.624 80.3039 114.988
1276 114.977 81.2635 99.6901
1277 91.9408 83.894 114.83
1278 77.8915 76.1882 115.352
1279 103.123 83.5107 97.6007
1280 109.179 72.1137 114.803
1281 114.53 88.8577 1.81968
1282 92.6336 114.107 3.9258
1283 105.595 114.115 10.084
1284 114.527 100.86 13.9891
1285 100.957 114.197 3.6987
1286 86.1732 110.112 16.4335
1287 114.551 101.427 18.1259
1288 99.8259 93.3559 29.794
1289 108.371 103.12 31.6072
1290 114.836 88.0776 22.6512
1291 108.474 105.796 21.0234
1292 88.1149 114.311 33.2328
1293 104.853 87.8658 24.993
1294 105.56 114.059 25.1107
1295 89.1614 114.584 44.6125
1296 100.089 114.328 37.2037
1297 92.4875 110.079 22.8051
1298 107.034 113.838 28.1621
1299 114.577 105.063 45.8077
1300 105.678 92.6911 33.461
1301 101.12 101.745 28.6792
1302 83.1739 98.2148 35.068
1303 108.642 114.133 53.2534
1304 105.581 85.5954 50.5455
1305 113.176 113.837 47.2342
1306 81.185 114.312 14.9611
1307 94.1167 93.212 46.0211
1308 88.3519 95.7113 55.6945
1309 102.777 103.283 64.7357
1310 81.485 98.5244 63.3463
1311 89.0969 82.3255 65.5533
1312 96.5122 82.1749 63.2087
1313 111.537 114.464 58.4674
1314 94.1504 114.091 53.3471
1315 100.053 88.8814 82.3707
1316 101.483 95.625 83.4927
1317 98.7159 99.1686 83.5116
1318 104.307 107.771 74.8427
1319 95.8111 103.549 83.4881
1320 88.2094 90.4225 65.3886
1321 114.657 105.472 70.5499
1322 99.8994 86.7141 80.1668
1323 112.749 114.168 77.0796
1324 101.542 106.897 83.4505
1325 97.8452 98.5533 88.131
1326 114.272 91.666 89.0582
1327 88.7408 98.1531 90.4951
1328 111.617 91.069 101.042
1329 103.016 109.555 87.0136
1330 98.1396 114.684 71.5089
1331 81.752 93.714 98.2838
1332 88.7294 114.957 108.321
1333 91.5904 114.675 107.25
1334 96.3176 101.163 114.883
1335 95.7306 106.937 104.528
1336 115.058 103.678 112.855
1337 105.876 101.727 95.2194
1338 115.23 103.379 101.416
1339 115.236 112.133 113.185
1340 115.076 109.569 103.022
1341 84.8081 98.6907 110.906
