0 8.37696 21.8232 -0.162493
1 11.4591 1.92011 -0.183162
2 17.2025 18.3562 11.9632
3 28.7102 -1.53053 3.3018
4 27.0803 2.7694 -0.181139
5 9.44331 2.57004 3.83093
6 -0.280733 9.66873 1.5397
7 11.5837 6.79518 11.7578
8 21.4596 10.9145 -0.203135
9 -0.455042 13.8505 1.49336
10 4.33904 20.1043 31.9936
11 23.919 20.8488 22.5134
12 12.0019 9.27529 29.5834
13 1.46921 -1.18476 4.58283
14 18.6666 -0.928784 21.1227
15 7.36736 15.9011 22.7961
16 4.36169 27.6203 28.1021
17 37.3552 4.47297 27.3287
18 3.98028 27.5218 31.5806
19 25.198 17.2298 34.7041
20 22.9247 -0.308504 44.6981
21 4.23173 7.4546 28.1298
22 33.7139 20.4923 45.34
23 34.8778 5.91518 39.256
24 3.05973 17.901 47.4617
25 15.396 -0.0589358 36.247
26 14.0242 15.0191 59.0791
27 14.5267 20.2364 57.4402
28 33.2529 11.1874 68.2318
29 7.62638 -0.417088 54.9927
30 9.4857 37.4111 68.6914
31 14.5903 4.79518 53.0911
32 12.2004 16.1902 41.7359
33 25.8441 9.07258 61.7331
34 1.91185 24.5022 92.0996
35 32.2288 -0.747453 56.6239
36 15.4009 5.70188 70.1471
37 12.6123 21.322 65.3536
38 20.4014 -0.878237 81.4968
39 22.2595 -0.5932 75.3375
40 29.3712 -0.81447 65.9681
41 18.2748 -0.676519 72.8905
42 34.0276 11.8863 83.7096
43 31.0724 -0.454413 86.4364
44 28.2024 21.8768 88.0897
45 9.33547 -0.278387 98.3915
46 12.0495 11.8587 93.894
47 6.63632 -0.685242 89.2258
48 25.4159 21.9753 93.1129
49 27.4396 15.2486 120.587
50 18.9146 -0.607497 122.555
51 26.0983 27.5217 105.689
52 11.1547 17.6153 110.719
53 39.3968 -0.179644 104.311
54 16.4122 -0.180232 110.035
55 10.3682 -0.748441 114.145
56 18.2972 23.577 99.2189
57 19.0945 25.0662 114.259
58 13.8663 25.3561 101.18
59 20.3755 9.62309 94.6193
60 9.62412 5.40763 120.956
61 8.0155 -0.588897 122.504
62 29.0266 15.0903 126.732
63 20.6445 10.7504 126.718
64 0.432372 0.451863 123.575
65 0.948718 -0.741766 118.975
66 18.1314 43.2514 11.637
67 22.7303 38.61 9.08477
68 10.6768 24.7359 7.53873
69 4.15964 41.9271 10.7584
70 27.564 20.809 19.7308
71 4.11439 39.9337 8.67087
72 28.2662 38.631 -0.645403
73 22.9938 29.3176 -0.600058
74 32.7924 37.2942 28.9375
75 -0.584006 50.4904 8.93873
76 4.09172 23.7255 31.5776
77 3.1074 37.8499 16.482
78 2.91558 16.0402 52.9981
79 2.78295 50.4525 59.0384
80 28.1383 45.7108 50.1392
81 2.92925 32.2379 61.259
82 16.5745 36.7799 36.3637
83 17.2882 35.5077 56.5219
84 21.4018 39.1942 36.0365
85 3.46595 40.1548 44.9214
86 28.575 46.3298 43.3383
87 30.4598 40.9452 53.6808
88 21.3646 39.9612 49.7458
89 2.79971 25.9006 55.9976
90 30.9627 29.5179 54.2715
91 27.9261 43.7208 45.2809
92 2.84513 42.7894 58.6159
93 14.7775 19.8868 49.8224
94 11.696 38.9233 60.0864
95 32.6808 23.5261 57.8107
96 21.8478 53.8975 67.3108
97 26.5618 47.1731 40.6788
98 19.7156 37.5761 65.0057
99 2.62361 21.9203 60.2566
100 5.65686 35.7464 69.0708
101 19.527 39.6674 65.2391
102 2.7055 18.7068 73.5431
103 23.1652 30.3328 76.0376
104 33.6023 38.032 57.0966
105 2.27387 31.7234 74.6396
106 37.0253 41.8305 72.8685
107 29.7515 29.7674 85.3446
108 17.4049 23.8454 96.5866
109 21.1366 22.8375 71.5589
110 10.1684 39.4455 94.6184
111 3.03852 38.1354 92.8224
112 26.6915 35.7394 92.1571
113 6.63628 28.0103 106.152
114 23.7861 37.7394 101.236
115 23.7126 39.8053 105.884
116 16.9379 35.5243 87.551
117 11.6883 45.67 94.791
118 15.6311 27.8395 98.8017
119 18.9146 55.2729 119.718
120 22.1387 39.8832 103.775
121 6.85523 46.6114 104.372
122 13.5643 45.5121 110.14
123 5.69934 37.52 103.431
124 9.98634 29.6175 103.296
125 30.1125 25.4624 112.574
126 21.6033 56.1775 126.371
127 21.7802 46.2284 119.123
128 14.933 22.2223 126.794
129 18.8091 45.8605 118.583
130 6.08574 34.3524 126.481
131 7.51668 37.2393 126.438
132 27.463 28.9584 105.005
133 23.3235 27.9273 119.174
134 16.8816 67.9497 14.876
135 3.95713 60.9997 -0.350306
136 22.6323 66.9368 -0.929746
137 21.1235 60.961 12.8485
138 9.88268 57.7503 18.1157
139 -0.528258 68.0728 10.893
140 16.63 55.2796 24.1632
141 16.5886 57.2135 29.0785
142 4.14141 52.3965 35.6705
143 13.7985 53.3481 32.2849
144 37.2672 37.5066 31.7292
145 3.92538 60.1438 44.0651
146 20.545 65.5162 15.224
147 35.8695 53.2861 41.0439
148 21.2909 61.246 40.9669
149 24.8196 60.9869 38.4702
150 27.1413 55.844 58.9992
151 13.3173 63.4148 42.2233
152 23.5648 63.278 40.5616
153 30.1986 61.5111 47.665
154 18.4121 54.8572 43.4551
155 26.4183 61.6514 45.6747
156 13.9395 35.1656 37.3429
157 18.7035 55.4506 31.3621
158 20.4302 49.8573 41.142
159 14.1265 51.2186 34.6719
160 19.9221 60.2228 41.8769
161 25.6965 61.6093 58.6224
162 15.6629 62.8357 41.0911
163 18.7879 37.7043 62.6046
164 40.1564 61.8216 60.1168
165 36.2594 43.8373 66.0617
166 26.7655 59.5297 44.0657
167 2.23928 40.9689 78.8478
168 10.9295 41.642 79.4519
169 18.8713 59.9028 73.2079
170 12.6557 63.5537 64.6203
171 39.8004 55.7267 75.4812
172 25.0774 59.7073 81.3669
173 30.8843 57.9743 94.7853
174 28.0525 59.8478 90.3523
175 1.72495 74.5502 89.5169
176 16.608 57.2903 81.7461
177 15.8505 54.0038 81.7982
178 22.5994 44.0822 78.3429
179 27.8256 44.0184 78.8648
180 2.12033 44.7905 77.9335
181 9.98965 55.7526 99.1427
182 14.2032 65.9232 98.7633
183 34.1879 53.8219 99.2895
184 13.0221 65.5118 96.5227
185 35.7288 54.0254 103.662
186 0.0171563 61.2302 107.197
187 3.19113 68.6122 115.809
188 1.67668 75.1981 97.2603
189 23.1746 51.8075 110.449
190 4.99222 47.7962 116.529
191 -0.172436 66.8567 124.845
192 11.4777 63.5393 117.62
193 18.7852 68.5859 126.242
194 0.104676 50.947 117.717
195 8.92893 59.5989 126.294
196 17.7174 53.753 120.241
197 20.4648 51.7126 122.348
198 28.7585 62.399 126.363
199 8.29088 64.6319 10.4921
200 9.12697 91.6325 11.3815
201 16.6736 80.4458 6.21954
202 13.0541 73.5689 17.5724
203 28.3841 77.8198 8.81578
204 10.3376 75.3502 11.4892
205 7.75937 85.8245 -0.588188
206 14.1845 73.4729 15.2685
207 9.8576 74.5089 18.8187
208 18.4189 71.3882 11.2837
209 16.2196 86.3568 36.4423
210 17.5561 87.4566 15.5113
211 21.3673 90.67 24.1632
212 20.6731 79.7951 26.1061
213 17.7562 73.7591 15.2466
214 22.6112 84.7157 14.5841
215 10.3273 70.9892 20.1828
216 27.1593 81.4807 19.6092
217 15.6723 74.3969 18.2954
218 24.296 83.274 19.361
219 17.723 77.7876 21.792
220 3.46854 82.6542 38.0339
221 17.2565 79.5374 29.1364
222 15.0195 81.4938 37.1688
223 17.729 75.5391 17.459
224 19.3599 84.7752 41.1703
225 22.1526 77.6292 40.8568
226 31.7407 63.5304 44.9038
227 22.5062 105.653 49.7423
228 8.93053 85.4381 56.2833
229 2.04439 79.9453 75.4601
230 28.6618 97.8868 77.9333
231 14.4859 67.7193 58.3585
232 2.4402 93.8875 54.4626
233 3.849 68.6978 44.2371
234 24.448 70.4281 50.0306
235 15.7807 62.5409 62.1562
236 7.17571 61.1226 63.7833
237 25.5574 67.6847 63.6055
238 3.06461 76.457 52.31
239 2.39777 72.9592 65.1027
240 25.1154 76.6072 47.6355
241 24.0679 73.7661 81.1799
242 10.5738 71.4864 60.6205
243 10.7143 81.6623 73.8105
244 22.7069 81.8542 80.3256
245 15.0042 75.7759 82.5693
246 37.4864 97.6926 52.0552
247 27.6843 71.8868 63.9822
248 28.8069 87.8116 76.081
249 16.0618 71.6978 76.0297
250 29.3521 73.5904 85.5466
251 1.81206 86.9164 85.1773
252 24.788 65.8535 99.1791
253 17.8344 93.5865 69.199
254 23.6475 67.8728 92.4245
255 19.4873 83.7653 96.6532
256 42.3126 87.9958 88.0445
257 22.4484 86.316 96.3481
258 21.1766 82.0283 94.1384
259 9.14584 79.692 84.0834
260 10.6967 85.8939 73.7182
261 1.74788 84.5387 79.2519
262 1.72456 98.7982 89.6806
263 29.2089 67.9156 98.9504
264 10.3837 67.8042 105.447
265 0.0209093 64.9034 119.16
266 13.4616 84.087 110.088
267 1.55619 79.415 97.404
268 23.2718 83.8973 103.476
269 23.3107 78.7162 103.743
270 10.5235 79.7981 105.663
271 14.4958 87.7103 126.107
272 21.7993 68.6943 126.382
273 10.0899 77.0082 126.349
274 9.06698 83.9104 126.138
275 25.8651 72.0221 110.1
276 30.1685 76.4484 105.832
277 41.5806 80.7329 126.149
278 25.0496 110.243 -1.19404
279 26.8597 95.4836 9.2417
280 12.3072 89.2017 -0.556095
281 6.58019 113.771 7.71138
282 16.6424 113.611 10.521
283 0.505001 97.305 -0.439918
284 27.2659 95.7936 19.2857
285 1.30645 96.4618 16.1428
286 14.4002 113.321 22.4618
287 25.8795 101.8 22.8238
288 14.0642 113.033 31.5464
289 2.35552 113.619 10.2799
290 0.553903 106.0 17.572
291 13.9448 113.6 18.0652
292 3.55532 99.9661 27.9577
293 16.7076 97.9776 36.3513
294 10.3641 87.498 21.9105
295 3.88144 112.919 16.1073
296 27.995 113.917 9.56323
297 27.0991 95.1428 34.6876
298 18.2178 113.004 39.315
299 22.7424 86.1071 21.4539
300 31.337 99.5686 45.8233
301 7.15335 112.877 42.8098
302 11.3731 105.162 41.4948
303 2.73409 107.653 39.4162
304 2.30563 110.626 63.2125
305 23.1421 89.6718 26.635
306 4.8494 113.035 33.2211
307 19.8002 104.787 18.4091
308 20.2019 112.232 32.3226
309 13.5918 95.1972 34.719
310 18.1364 93.2119 43.7598
311 22.4479 93.8389 54.5342
312 30.6317 113.349 53.0135
313 18.3088 105.585 52.0505
314 9.70111 103.397 62.444
315 1.79327 94.7487 77.0396
316 17.6303 105.743 75.444
317 2.25806 97.1483 74.8452
318 2.31028 109.253 82.396
319 25.1927 106.149 69.0366
320 37.2778 92.0966 73.3026
321 11.063 114.199 104.862
322 26.6316 113.946 78.4587
323 32.3194 113.991 75.4705
324 13.6457 113.988 73.3728
325 23.5147 86.1822 75.9489
326 1.87302 108.885 87.5155
327 1.84505 96.8796 79.2416
328 26.6214 104.645 96.7534
329 29.6755 104.193 102.892
330 32.4951 93.8813 85.4162
331 0.240225 112.662 111.207
332 13.2522 92.2523 109.815
333 2.25466 113.515 109.116
334 2.10199 112.599 100.81
335 17.6088 114.066 106.706
336 4.73134 113.802 96.9963
337 15.4283 102.046 98.3537
338 28.7724 114.416 119.565
339 25.9764 107.236 125.98
340 -0.0563528 99.4642 113.565
341 17.4662 104.176 112.404
342 14.5592 106.791 120.419
343 31.2922 12.6962 -0.456526
344 30.628 8.55173 9.59695
345 55.8136 18.9779 3.45948
346 45.6553 13.0045 -0.382517
347 53.1043 -1.22744 21.259
348 42.7836 7.62825 22.5079
349 34.5488 14.1327 -0.299399
350 40.2171 19.1468 10.8876
351 45.2913 24.7268 7.1717
352 33.621 9.21537 28.6891
353 51.5421 10.3015 30.5617
354 38.8616 10.3257 27.2105
355 51.2903 -0.471454 27.2565
356 55.176 -1.18486 24.5498
357 35.3369 29.4272 38.0417
358 22.7128 9.17938 4.74943
359 60.1186 29.0709 26.7595
360 42.8979 22.1952 21.4856
361 51.5026 -0.0140047 42.1301
362 27.061 19.6782 48.8561
363 56.7127 23.1364 17.5901
364 54.2467 27.7154 38.0638
365 49.1428 -0.00608752 70.3795
366 24.1077 15.4916 67.9311
367 38.9951 11.2199 52.4626
368 49.3727 7.66432 54.0936
369 49.1843 11.6121 68.6995
370 40.441 15.2294 54.9129
371 33.9235 15.2034 47.3927
372 38.0759 21.5626 59.8168
373 43.6587 11.5297 48.0932
374 44.7462 19.259 52.5582
375 67.5844 21.5798 74.6691
376 34.6709 15.5136 70.4994
377 38.5697 -0.682877 76.84
378 50.8304 11.4853 101.767
379 43.5357 21.7258 94.7241
380 19.3081 -0.781194 85.0632
381 50.7105 11.7905 83.7036
382 29.5292 23.7029 92.3588
383 46.3883 -0.0128327 97.7009
384 43.0769 23.88 94.8014
385 25.7398 -0.516983 86.4016
386 34.5392 -0.774285 73.0661
387 50.4846 -0.516019 118.249
388 32.3566 -0.138585 103.228
389 45.4837 21.8692 99.3353
390 50.5656 17.1278 113.044
391 52.0213 25.1298 107.746
392 46.4997 9.70335 103.692
393 50.5412 11.8821 126.674
394 40.6102 5.95058 126.533
395 46.1025 24.1101 123.212
396 36.2564 21.126 126.662
397 36.2006 0.866604 126.633
398 44.544 -0.573908 121.039
399 50.5141 12.8371 118.173
400 63.898 -0.600687 119.103
401 53.1843 5.04368 126.918
402 28.4952 30.682 -0.608577
403 21.3462 36.8555 9.57226
404 31.3852 38.7833 5.07953
405 54.2649 37.4078 -0.924742
406 55.531 40.6155 -0.983902
407 51.3577 32.8688 17.5389
408 25.0388 34.8155 5.44922
409 45.7172 36.856 15.0052
410 31.4332 29.5411 -0.337693
411 46.8699 36.4906 -0.718208
412 31.3397 43.7342 9.97248
413 26.2055 43.1702 13.4406
414 45.5254 46.2944 24.6173
415 32.8454 36.2915 30.7661
416 50.0619 31.5269 31.1984
417 34.5502 39.1655 13.526
418 35.9574 36.9554 13.334
419 48.3482 33.4068 21.9179
420 36.4149 37.0189 11.4066
421 47.0223 35.9061 26.2216
422 28.0897 33.1411 47.1888
423 40.4302 9.22699 50.5657
424 45.3925 31.476 33.6014
425 31.0277 31.4868 35.8784
426 68.1813 23.2769 45.6154
427 61.9175 10.9664 44.141
428 38.4111 25.3365 28.4661
429 50.7228 44.6793 47.7806
430 38.2278 43.1983 41.2943
431 50.1932 30.6138 42.5046
432 37.5931 42.8772 31.5203
433 41.6562 27.5149 64.9103
434 53.7008 29.5047 62.8399
435 32.4797 15.0217 49.8949
436 37.6202 43.8734 63.8495
437 44.1928 37.6129 51.6057
438 61.3304 43.8732 76.5468
439 35.0264 35.9085 59.4585
440 53.568 41.8921 81.3643
441 31.8398 37.3973 63.8539
442 54.8639 29.7171 74.8758
443 32.4832 45.8627 59.2338
444 30.6648 17.5845 72.4978
445 32.5247 21.6334 81.2384
446 46.9356 27.5848 50.6709
447 64.3377 30.1346 42.4037
448 30.8325 21.7311 88.3077
449 44.0185 39.6149 79.5276
450 53.329 25.7294 42.5142
451 43.1511 33.6645 62.8113
452 28.3322 38.0494 81.145
453 55.9329 45.4305 86.3222
454 33.1905 43.4187 68.4949
455 52.2555 31.8428 70.1385
456 40.2418 44.0178 90.3339
457 45.1953 30.258 80.1699
458 48.5045 19.8821 88.362
459 37.7427 35.8718 85.7802
460 59.3358 44.0216 92.7805
461 40.8867 43.6546 81.8438
462 57.186 19.8681 94.9282
463 49.4358 35.6067 99.4363
464 55.7992 25.6064 85.87
465 33.5853 38.1144 90.0129
466 56.3691 29.4977 95.1415
467 44.5141 29.5004 110.112
468 54.1398 33.8032 103.764
469 40.7591 14.3737 101.063
470 30.3604 50.3991 116.137
471 49.0756 37.6184 120.252
472 54.1616 33.6994 118.594
473 49.7707 33.8003 118.402
474 14.6328 17.8665 126.925
475 47.4876 29.3394 126.56
476 47.8079 37.909 116.517
477 43.1196 55.6682 117.81
478 60.6054 18.0465 126.693
479 39.0392 54.76 107.946
480 36.8676 62.8995 -0.807548
481 45.4641 56.213 13.6525
482 39.9841 37.9274 -0.580333
483 42.4896 53.4482 -0.969337
484 27.3923 51.0829 29.1089
485 36.872 51.0545 38.4777
486 37.1364 69.6824 31.28
487 47.0834 64.7663 19.8425
488 62.6711 63.7297 37.4792
489 48.3677 65.1322 26.278
490 48.4495 53.9071 28.5775
491 31.587 61.2157 28.2524
492 44.3623 51.3425 23.8563
493 42.2726 47.3044 43.6325
494 45.4635 41.92 53.7986
495 33.8885 57.4239 38.1824
496 46.8174 57.4324 47.0359
497 36.937 55.3134 38.3534
498 42.3254 69.7707 48.1675
499 31.0826 47.7497 48.0399
500 49.2816 56.2115 44.7557
501 44.004 69.7212 50.7643
502 51.0503 54.7708 41.0238
503 48.2918 46.0158 77.1577
504 40.1316 53.8717 68.5803
505 38.5469 69.5121 55.5627
506 57.7629 62.151 73.4224
507 60.5465 70.0277 88.529
508 35.5216 57.2914 77.2725
509 41.0831 62.1096 72.9864
510 38.127 44.4702 81.2512
511 35.0448 53.6454 63.456
512 32.6293 63.4886 79.3504
513 30.2852 59.7012 70.3279
514 51.1781 53.9101 90.799
515 33.5316 48.6461 87.6485
516 49.1579 62.1919 82.5397
517 32.1418 72.5047 88.6874
518 33.9237 55.1481 77.0183
519 37.6066 51.6763 96.9934
520 40.9516 53.6711 79.7737
521 42.084 60.038 90.8928
522 57.1821 56.009 86.6538
523 50.2416 68.0385 97.1993
524 40.6503 53.9409 101.378
525 46.2786 49.774 103.674
526 25.9628 67.2828 112.846
527 38.8273 55.8584 101.526
528 29.458 47.8309 92.458
529 27.7346 55.9392 97.0917
530 46.4514 64.2618 112.035
531 31.9025 62.4764 126.515
532 34.6294 63.6121 113.891
533 54.8452 50.5709 126.436
534 40.0082 56.1901 112.29
535 40.3592 69.4172 119.038
536 54.748 58.979 113.663
537 38.2313 80.8836 -0.849559
538 44.028 85.1396 -0.97644
539 33.8664 86.8286 -1.08619
540 52.4665 73.6054 8.89487
541 48.5392 105.768 18.5865
542 32.7012 68.637 -0.802157
543 26.8358 76.9112 -0.900282
544 56.3733 69.5616 25.5962
545 48.0957 77.0691 27.7114
546 55.3773 83.6097 19.4053
547 42.4043 93.2166 14.3616
548 41.116 69.3174 19.6288
549 51.1782 81.5838 19.3177
550 58.3585 75.0068 14.3242
551 66.8016 81.7222 32.957
552 46.9154 77.6746 17.2805
553 44.8138 95.4367 50.2724
554 64.2309 85.6941 27.995
555 46.7879 69.7543 50.6739
556 27.9251 65.3242 33.5453
557 32.1508 81.4669 35.9489
558 45.9342 67.265 19.6332
559 61.2728 75.4922 32.635
560 45.4316 69.4911 47.6817
561 34.7093 85.4994 40.7723
562 64.0505 67.3345 28.5237
563 62.6406 93.7748 42.1918
564 34.014 75.6218 43.3873
565 41.7758 65.3077 23.9005
566 37.9967 81.5827 40.4948
567 55.989 100.098 55.3839
568 60.3912 95.8943 67.8759
569 63.754 69.7447 66.8371
570 50.6369 79.7909 66.8991
571 30.3333 80.7428 57.9268
572 47.4355 70.0709 48.1563
573 51.9815 79.9299 69.3661
574 57.2509 63.5236 68.3832
575 28.4685 72.1175 61.9179
576 38.7431 73.5735 50.4602
577 33.2546 76.445 61.0841
578 33.4681 85.8161 62.8897
579 45.2215 73.5455 73.4603
580 51.901 80.1796 74.3476
581 46.2296 89.856 80.8387
582 44.5706 92.1344 83.1473
583 52.1161 77.5753 67.9548
584 42.5722 82.7722 80.5522
585 34.3424 81.8596 78.981
586 27.3335 81.7813 80.8822
587 66.5406 78.1737 81.3658
588 33.9032 95.9178 87.5952
589 34.7602 91.8855 90.1793
590 45.0584 65.995 101.299
591 56.0314 66.492 90.3668
592 49.1718 82.608 82.8738
593 51.8712 83.9258 94.8862
594 35.3346 87.5827 83.0826
595 31.8025 70.725 104.427
596 58.851 83.1104 114.554
597 50.0591 72.2067 116.299
598 31.6342 76.3948 103.423
599 57.4322 89.1596 118.806
600 32.9474 77.9337 117.907
601 51.7827 75.7179 116.879
602 44.9104 77.9219 97.2127
603 38.8627 83.8081 99.0525
604 53.0001 65.846 95.0925
605 40.8021 79.9396 99.216
606 49.1154 75.8859 103.644
607 36.0474 79.3627 102.964
608 32.5122 69.8349 96.8011
609 31.614 74.8695 109.524
610 43.0626 85.7368 119.145
611 48.9977 67.7416 121.992
612 39.2381 84.5437 118.146
613 33.0828 72.9357 113.844
614 46.1209 79.0025 117.079
615 43.1933 78.9839 126.092
616 25.5027 90.0252 -0.761444
617 43.8905 112.521 -1.11586
618 55.3406 113.825 0.0216546
619 35.3608 91.7108 9.01881
620 51.0273 113.808 2.06289
621 40.7555 100.158 8.65455
622 56.7915 103.028 -1.37482
623 41.2169 114.083 19.3537
624 29.7165 100.198 8.39177
625 33.7153 113.867 6.29011
626 43.7614 92.0504 8.7591
627 33.8618 113.848 18.9707
628 43.7254 105.564 37.1432
629 28.4169 113.507 22.5671
630 31.0511 107.533 23.9336
631 33.4718 89.6709 10.9377
632 26.1853 97.1166 28.7773
633 39.6811 113.114 27.6494
634 44.9048 103.937 21.3828
635 50.0475 105.414 29.7853
636 55.1859 113.443 42.8186
637 34.4238 105.841 50.4589
638 73.8912 113.487 49.1106
639 37.4808 95.3747 35.4123
640 47.6241 103.935 71.8999
641 44.5874 99.2564 52.1168
642 63.8707 105.753 62.2478
643 26.7153 113.588 50.628
644 52.8597 99.3994 40.0656
645 48.6338 112.82 35.6768
646 29.2108 101.943 60.6952
647 44.6934 83.8414 37.5965
648 34.3222 112.785 31.2962
649 28.1578 114.029 89.9685
650 35.6217 106.252 69.4451
651 34.7063 114.139 65.0113
652 65.2165 92.0293 85.7885
653 48.4216 113.724 64.1069
654 35.0247 95.9169 57.6384
655 50.9763 104.106 76.5983
656 53.2449 91.817 73.489
657 20.0965 77.9693 78.7504
658 48.8994 95.9087 87.4166
659 35.3589 98.1475 76.2844
660 38.1485 90.0858 99.0809
661 36.2009 105.751 85.2488
662 36.5247 114.036 89.9639
663 41.8023 113.978 81.2722
664 37.4348 113.941 106.946
665 39.2065 113.84 103.138
666 47.252 114.159 85.5528
667 41.0975 106.008 85.1087
668 40.4109 98.5697 98.8277
669 35.0614 109.894 84.9508
670 40.8567 87.6725 80.8061
671 22.9949 94.5611 89.6053
672 37.4605 108.388 102.779
673 48.7457 100.047 91.966
674 27.7841 100.558 109.713
675 44.3372 113.755 104.808
676 54.678 100.363 100.962
677 32.0083 114.222 109.882
678 44.646 110.302 98.1566
679 28.7297 114.556 115.507
680 28.8845 103.248 126.173
681 47.4703 101.211 126.03
682 52.8865 109.393 125.991
683 38.8025 83.7813 114.736
684 56.0461 114.652 116.282
685 26.9881 114.846 101.807
686 33.013 114.527 120.691
687 41.7262 110.342 125.948
688 63.1558 114.756 119.587
689 54.5404 100.223 125.846
690 59.8884 114.988 114.184
691 75.7233 11.21 -0.626043
692 61.5735 15.0874 -0.399115
693 81.2873 11.2454 -0.61927
694 78.5228 15.3046 -0.658065
695 70.075 11.4308 -0.603235
696 58.3986 23.1813 19.672
697 78.5813 7.02235 11.5007
698 60.3735 18.9823 24.0736
699 59.3756 23.0542 9.34854
700 73.1361 -0.524189 26.0941
701 80.0567 -0.242678 29.345
702 81.5156 -1.04452 8.07496
703 54.8093 11.1104 26.8951
704 70.2653 -1.26367 12.9107
705 48.4553 -1.3472 18.6419
706 51.4668 3.91603 43.416
707 63.6283 13.5938 39.5426
708 74.4731 7.54092 52.6989
709 74.7 13.4547 54.0904
710 60.1476 17.1778 38.3089
711 61.8488 -0.0513269 35.498
712 58.7032 23.0603 48.0383
713 62.3762 8.13866 35.6227
714 69.6593 25.4287 37.9951
715 50.8532 13.6435 45.9701
716 64.132 23.4664 48.2424
717 62.5703 -0.202585 58.1879
718 83.4917 21.6403 66.3607
719 54.8554 -0.279735 76.4465
720 87.8516 21.6295 79.3008
721 75.7145 -0.0964064 94.8915
722 56.1401 11.4546 83.9591
723 65.858 15.4462 77.206
724 61.8199 9.90651 76.8018
725 74.9748 13.3628 59.1803
726 59.1533 13.6583 74.7818
727 81.9561 21.6995 69.1892
728 49.1848 30.0012 88.1609
729 75.5747 18.1072 75.038
730 75.4693 23.8736 83.722
731 66.1583 9.71946 94.5991
732 88.439 -0.0277815 98.7713
733 86.4923 -0.476347 107.228
734 89.1071 5.77442 114.228
735 75.0818 9.04089 120.134
736 82.2739 20.4377 126.277
737 59.2342 21.0361 126.375
738 77.7319 15.0591 113.128
739 83.9718 23.671 112.205
740 82.0609 12.1221 118.015
741 63.4224 19.3008 125.283
742 64.7866 16.271 126.739
743 92.2602 19.6356 104.009
744 56.6686 7.23412 112.498
745 66.3895 5.92062 126.551
746 59.2942 -0.444872 114.134
747 74.8634 30.8333 126.34
748 69.9186 30.4531 13.7136
749 72.7665 43.5399 -0.949288
750 84.3439 41.4452 11.0282
751 75.6588 39.1974 9.04017
752 75.6375 27.4829 -0.630055
753 61.149 24.2449 -0.569134
754 77.096 44.9116 22.1452
755 69.3735 41.4018 19.3847
756 77.584 37.3021 15.3365
757 56.9569 35.0977 21.8912
758 59.3385 14.8123 15.5319
759 59.7884 23.1246 45.3482
760 68.4725 43.94 57.8692
761 71.3258 33.7974 30.531
762 52.9674 28.4027 34.3265
763 87.3093 21.2019 64.2204
764 76.7496 49.3487 50.1602
765 59.1735 31.1142 66.3294
766 72.0125 27.5456 47.8312
767 76.8028 35.5312 42.427
768 85.5094 32.9147 62.1235
769 80.0821 40.6162 54.0812
770 76.65 29.6169 39.1531
771 78.7069 25.7998 73.027
772 88.0929 33.3654 59.0255
773 81.3794 27.8421 86.1512
774 62.7394 43.6432 78.6981
775 59.3125 31.8282 72.7279
776 55.9595 29.7211 72.6956
777 68.635 33.9348 81.4955
778 83.3353 33.7488 69.4012
779 88.6892 33.7833 64.0217
780 59.0302 41.9688 76.3648
781 74.0924 27.2249 83.7498
782 74.1221 37.9383 77.2908
783 56.167 29.5198 81.8059
784 86.6511 24.1956 86.7544
785 63.262 37.8116 92.9142
786 89.0212 43.8441 97.0483
787 63.0779 33.8811 90.5453
788 75.4984 44.3387 88.3653
789 68.75 39.7879 101.507
790 60.0681 37.6666 88.5259
791 80.0405 38.1447 96.8949
792 54.9722 35.7708 90.6731
793 69.9063 25.7175 86.0101
794 58.1903 31.9121 126.569
795 71.7033 43.7783 103.734
796 57.944 35.8167 116.671
797 76.1732 11.7665 107.852
798 80.7108 33.624 112.18
799 74.2725 44.0506 101.467
800 80.4304 43.3314 108.546
801 73.3019 33.6381 110.147
802 85.2592 24.0847 90.6043
803 70.078 46.0649 101.674
804 54.6292 47.4998 126.57
805 64.9246 33.5419 126.359
806 67.1237 29.7453 110.487
807 73.6248 21.1783 126.491
808 64.5841 46.3659 107.701
809 85.009 41.8001 112.361
810 85.4835 41.5306 -1.00939
811 77.2553 59.1324 -1.23163
812 55.4946 55.7644 -0.907198
813 57.1101 57.7163 4.42427
814 56.9933 61.6849 16.6057
815 65.7492 44.8617 14.7282
816 48.8184 61.2803 14.9981
817 79.8602 57.7183 12.7159
818 65.6293 50.2147 7.54494
819 70.6768 59.5485 11.0285
820 82.3297 41.3446 13.1246
821 71.3508 60.0505 14.5284
822 59.8113 51.6864 9.2008
823 65.8104 53.8011 24.0871
824 60.2739 63.5003 15.1117
825 82.6529 61.5026 23.8472
826 64.0194 69.6313 10.7882
827 57.1014 58.1018 24.2284
828 82.5144 69.3863 33.8612
829 71.3772 67.5962 21.6856
830 67.5445 63.69 52.9626
831 60.5391 56.6874 35.5324
832 58.0233 59.3709 45.0091
833 85.1661 43.3125 40.3353
834 56.7391 64.2478 35.4638
835 74.6858 73.718 40.8799
836 70.3962 47.884 42.6157
837 71.0135 57.65 35.5138
838 71.4074 53.846 55.4618
839 73.6344 60.0823 72.9651
840 52.3107 62.2247 77.7686
841 70.8742 62.2589 72.8793
842 53.44 41.9664 76.6293
843 81.4403 54.1331 71.6611
844 69.0681 69.7897 56.9239
845 85.5632 55.7613 74.1193
846 81.528 69.6983 76.2924
847 53.2539 64.2345 82.5023
848 79.5733 58.243 69.1083
849 56.0981 57.7086 86.6496
850 91.7367 49.972 83.3992
851 72.2134 43.7509 86.0316
852 80.7787 59.9203 79.179
853 79.6212 59.7396 81.806
854 52.0637 41.5894 79.0681
855 75.1579 58.1301 75.0326
856 71.5187 47.8807 101.584
857 71.5176 49.8595 90.5567
858 75.5511 60.0112 97.0452
859 73.1006 41.3981 101.316
860 53.6292 68.5185 112.375
861 60.4597 60.3408 111.803
862 67.3323 75.9826 105.702
863 78.0963 44.0933 105.697
864 68.7941 58.2007 112.554
865 81.5724 41.7686 108.339
866 73.0343 45.6871 101.459
867 77.579 62.4225 109.92
868 83.5162 62.3392 112.159
869 80.5699 54.2055 112.305
870 81.8965 49.9919 126.369
871 70.3312 65.8762 126.14
872 73.5888 61.9554 126.275
873 84.7981 64.2787 110.026
874 89.1877 50.4954 126.213
875 83.2082 63.6278 126.224
876 79.8222 74.9605 8.08702
877 66.9435 74.2413 5.29394
878 83.972 77.8211 4.66971
879 65.4205 82.1266 -1.34983
880 67.0335 88.2391 19.2082
881 68.1842 78.0583 -1.46791
882 71.3694 77.6958 22.8358
883 59.9921 71.8764 2.44925
884 71.4307 66.1141 -1.10907
885 58.3757 92.5279 11.4415
886 85.0621 71.5772 30.2542
887 64.1915 77.9336 13.1283
888 71.4485 65.3228 19.0874
889 67.3086 79.443 29.7815
890 76.6482 75.7525 21.4814
891 74.2929 75.6434 26.0503
892 74.5261 69.6186 40.6581
893 59.8851 75.5969 30.1859
894 86.2061 71.4581 32.6537
895 77.8365 72.9635 28.4243
896 74.7303 83.9849 42.3483
897 73.1353 79.7792 46.9171
898 91.6548 83.7763 33.7806
899 81.1826 65.3965 39.8275
900 74.4501 79.5178 49.2241
901 73.3528 81.9377 45.2772
902 63.2018 69.6881 57.155
903 72.4656 86.8256 50.0908
904 62.3623 78.1466 51.9843
905 83.0106 75.5659 42.9897
906 77.1678 95.7883 54.9912
907 88.0677 79.5649 71.3791
908 61.5228 89.9564 56.6577
909 60.3539 94.1728 69.8486
910 74.4463 77.9304 76.493
911 72.9465 76.1929 94.6448
912 66.7795 75.8049 81.6521
913 69.3154 91.6916 61.8429
914 55.7125 87.7164 73.7482
915 85.3596 73.8144 71.7741
916 75.3169 73.9822 90.0384
917 65.6157 69.4615 84.2526
918 53.8403 83.9444 99.1345
919 54.8645 77.7772 97.3262
920 71.1433 72.3871 88.4522
921 64.1272 86.1981 92.4727
922 61.2181 77.9595 88.3984
923 62.9934 63.8413 97.023
924 80.5588 82.4267 109.489
925 68.6992 90.5523 109.545
926 65.8958 83.9798 88.0688
927 75.077 92.2268 91.7949
928 64.7359 90.3242 107.573
929 57.9713 84.4639 118.102
930 58.961 82.1959 126.214
931 76.6962 76.5031 120.246
932 67.572 80.986 125.883
933 71.6827 78.3301 103.995
934 76.1186 78.3642 126.059
935 66.2118 87.5405 125.925
936 64.228 74.4073 111.973
937 67.6796 90.1947 126.029
938 85.5457 99.2781 7.16496
939 56.8946 90.1041 -1.19443
940 61.2216 106.17 16.7479
941 69.7638 84.1654 -1.24555
942 72.5878 94.2026 25.835
943 65.3087 113.751 25.6879
944 79.6845 113.371 27.7197
945 48.42 93.317 28.3681
946 58.9475 106.12 14.7711
947 69.9083 114.07 20.4613
948 64.1542 91.4529 13.2215
949 59.8629 114.049 14.529
950 65.4296 105.258 18.2515
951 66.2719 113.289 34.1268
952 62.2592 101.703 47.3484
953 69.5658 100.885 27.905
954 74.5774 95.8119 39.6099
955 63.7274 100.014 39.9124
956 73.4107 93.9483 39.2279
957 78.4431 106.323 64.1008
958 56.776 106.702 54.6201
959 89.8084 104.224 45.9007
960 72.0386 94.2176 46.6064
961 69.1693 107.294 55.3741
962 78.8647 104.058 69.0809
963 50.3293 113.614 54.685
964 64.1883 95.8244 55.2064
965 86.0998 106.011 57.3823
966 69.4912 81.9181 42.7532
967 57.0934 105.789 47.5496
968 76.9427 100.144 56.7253
969 85.278 113.89 86.9189
970 79.1113 100.85 75.7977
971 60.1674 113.942 74.5843
972 82.6165 108.078 71.3659
973 95.745 96.0025 80.9803
974 68.049 106.06 64.4803
975 86.2703 93.8417 80.541
976 66.0204 108.224 107.302
977 88.9188 114.415 81.1345
978 70.9983 91.6018 81.3335
979 61.3141 102.119 83.3697
980 77.5895 90.1183 92.0071
981 78.3467 113.894 91.0554
982 65.5731 113.962 80.3906
983 69.4695 113.997 73.3313
984 74.4932 99.9572 107.64
985 74.0791 109.966 96.1213
986 80.3306 114.092 109.423
987 68.5083 93.9773 100.986
988 53.2997 98.8515 111.621
989 74.5484 90.1908 100.918
990 56.0669 90.264 107.737
991 85.1389 110.236 102.453
992 73.263 87.6944 119.044
993 76.2763 98.3281 98.3756
994 60.1745 94.0454 94.3814
995 67.4365 113.913 98.7764
996 67.1427 90.1165 96.2551
997 55.7878 113.977 99.9238
998 68.8032 100.42 125.62
999 61.7258 114.586 121.459
1000 78.8917 110.39 125.606
1001 63.2549 103.348 125.903
1002 78.8619 94.2384 125.79
1003 53.1351 90.1052 120.663
1004 79.9302 114.774 115.324
1005 84.7298 114.997 119.864
1006 90.2685 94.5934 109.704
1007 57.6405 104.766 124.062
1008 114.613 14.1338 16.2753
1009 97.3347 13.3368 11.6464
1010 97.3825 18.6513 -1.03557
1011 108.442 2.19232 -0.668688
1012 92.9898 -1.29719 0.881667
1013 102.826 16.6842 6.73934
1014 86.8159 21.095 9.32953
1015 112.154 19.9504 17.6368
1016 108.942 10.8002 28.3192
1017 104.661 1.44835 28.3062
1018 86.5359 13.0077 7.33011
1019 96.3043 13.1851 17.5617
1020 103.626 7.88913 16.0336
1021 94.3051 7.3815 21.7981
1022 99.3155 16.1753 39.6921
1023 96.0186 13.6623 31.2823
1024 111.51 10.3411 38.3961
1025 100.038 18.753 37.032
1026 98.8125 11.2813 26.7296
1027 100.655 10.1654 32.3391
1028 91.5311 15.7681 38.9052
1029 94.2961 0.820069 40.4819
1030 91.8424 27.6795 59.5716
1031 91.4262 7.51884 74.2702
1032 112.385 5.44943 62.0446
1033 101.317 21.4157 64.5039
1034 111.435 24.364 47.4273
1035 87.9726 -0.615209 59.6502
1036 111.699 15.0338 64.1917
1037 95.6946 12.744 44.42
1038 95.6142 29.7825 71.3883
1039 98.3929 17.872 78.2686
1040 112.551 22.976 80.7666
1041 90.0684 -0.699089 70.4396
1042 112.72 1.52019 74.2674
1043 85.8313 -0.780661 69.7504
1044 107.722 14.0149 75.992
1045 99.7516 30.2893 73.3935
1046 86.8817 0.0480759 92.0185
1047 96.0798 15.6939 83.2624
1048 104.695 17.8791 89.763
1049 105.57 -0.162118 85.0164
1050 105.818 22.8041 100.136
1051 99.518 20.4744 97.1957
1052 95.2806 13.7877 76.6463
1053 103.046 9.63399 85.1324
1054 97.8187 20.1095 90.3019
1055 108.603 0.100956 72.0933
1056 92.8117 13.3378 100.671
1057 112.683 1.51329 95.2743
1058 95.6828 21.9253 101.287
1059 90.1185 3.68751 101.28
1060 97.6067 15.7765 85.4479
1061 108.178 6.20918 100.371
1062 74.6308 17.7298 112.343
1063 96.1408 25.9149 99.065
1064 94.4043 6.03246 103.385
1065 113.814 7.82463 105.253
1066 97.0043 11.6599 116.231
1067 108.755 7.5332 116.529
1068 115.295 7.04665 124.691
1069 100.572 9.72404 110.063
1070 102.761 42.7266 -0.856307
1071 84.3542 37.9572 10.0343
1072 104.311 40.9371 -0.768175
1073 102.861 41.8839 15.5322
1074 104.367 42.3418 2.28827
1075 98.5242 44.5691 -0.875661
1076 94.2701 34.7366 17.1729
1077 86.4822 37.2039 17.1866
1078 102.873 40.1265 6.18657
1079 87.3953 45.5818 17.5016
1080 84.6438 27.0555 23.6369
1081 107.081 33.5132 13.5799
1082 80.5708 49.2986 35.6064
1083 110.177 50.7095 33.1387
1084 94.1935 23.3844 23.9817
1085 92.7582 40.8564 16.8666
1086 90.1393 37.657 56.8202
1087 111.795 29.9657 27.6774
1088 83.8482 51.4652 38.6537
1089 86.1085 19.6581 44.4734
1090 93.1537 39.9145 42.3517
1091 78.2964 29.5271 41.2824
1092 98.595 21.2574 59.6291
1093 87.6998 31.1104 58.601
1094 94.3456 35.8889 68.7947
1095 86.2878 42.2245 55.1864
1096 94.9549 43.8316 60.0686
1097 95.0089 29.0627 49.3836
1098 97.8701 38.9752 50.4823
1099 111.401 38.8845 40.73
1100 84.335 29.7202 66.5663
1101 111.38 18.9306 50.9698
1102 104.302 21.8319 68.9946
1103 100.173 23.5604 66.8685
1104 100.769 35.2944 54.0048
1105 86.2015 31.7215 69.141
1106 111.908 17.364 74.3075
1107 87.409 31.6502 66.6585
1108 90.0176 25.737 74.9248
1109 92.0878 29.4118 61.4492
1110 113.149 47.7051 90.4779
1111 92.4855 45.6611 76.1865
1112 113.401 43.4365 93.4077
1113 99.7623 23.5777 61.9054
1114 82.8236 26.0489 88.3625
1115 88.338 34.1921 90.5286
1116 113.615 34.7535 89.9544
1117 92.13 31.1327 80.7271
1118 104.357 35.8068 87.0949
1119 92.7707 27.988 99.3179
1120 93.8308 47.758 78.5884
1121 75.1413 34.043 88.248
1122 88.2927 29.9615 86.0961
1123 94.3053 39.8008 96.7089
1124 91.1995 35.801 103.376
1125 102.227 48.0574 96.1929
1126 105.711 48.0716 80.0593
1127 82.8281 44.2557 107.588
1128 92.4902 42.0729 114.116
1129 100.435 39.7334 117.946
1130 109.354 27.4633 125.938
1131 98.9754 44.6165 113.343
1132 102.282 42.1209 120.051
1133 115.378 34.969 121.241
1134 101.415 31.9338 113.974
1135 96.7876 44.0592 115.989
1136 79.2762 48.0965 116.302
1137 99.9285 53.1206 13.3917
1138 104.305 40.7163 4.26782
1139 95.5899 51.677 -1.10013
1140 108.548 45.9868 12.5987
1141 110.856 71.625 31.1014
1142 110.905 62.5921 27.5415
1143 95.8499 67.8054 36.8239
1144 93.7524 63.7709 19.1278
1145 88.1001 51.3711 17.1274
1146 110.941 53.0234 39.113
1147 114.622 52.3352 13.7378
1148 96.0123 56.0228 21.7471
1149 94.1746 68.2822 14.4534
1150 98.7893 73.8932 19.1342
1151 100.907 50.2241 44.5411
1152 93.5687 61.7244 53.4208
1153 91.5445 49.513 43.2498
1154 100.995 62.1416 43.6844
1155 92.0696 54.3211 40.6991
1156 79.4859 58.563 35.7295
1157 100.376 53.7009 51.7111
1158 94.0403 48.7633 47.8593
1159 90.5802 57.9679 46.3895
1160 112.015 79.5005 58.9643
1161 102.062 48.1338 66.9345
1162 88.1778 59.9945 53.2333
1163 79.7016 53.5331 50.5022
1164 96.6102 66.1204 55.3977
1165 104.718 62.055 57.7065
1166 93.1841 65.9771 48.4613
1167 111.407 48.1381 56.9567
1168 75.2756 73.8968 58.3287
1169 105.346 57.6145 71.3718
1170 97.673 59.5846 82.7847
1171 103.725 55.9428 75.5182
1172 111.88 51.5673 66.527
1173 82.4692 55.7931 68.8385
1174 100.337 47.9452 69.086
1175 78.203 58.4686 66.7438
1176 103.585 56.1029 53.8156
1177 112.635 79.9798 76.4542
1178 90.9167 60.1315 87.7164
1179 97.7649 44.0998 69.5307
1180 89.3162 54.0785 55.7455
1181 111.686 56.0939 57.3539
1182 95.295 58.2572 89.467
1183 103.646 49.759 100.431
1184 89.8162 55.8679 92.3884
1185 79.5268 49.7974 92.9474
1186 105.425 51.8353 86.6316
1187 113.317 66.6988 93.0985
1188 113.019 49.4788 83.6405
1189 112.749 57.4742 82.6726
1190 113.201 49.1895 87.9731
1191 91.5257 65.9079 75.9564
1192 101.476 42.0184 100.936
1193 100.375 64.0065 93.6053
1194 96.6955 48.3401 92.1292
1195 113.101 56.3689 103.911
1196 105.856 72.691 105.231
1197 91.6286 74.1545 107.274
1198 97.2376 62.3471 113.814
1199 78.9777 64.575 109.544
1200 80.3656 61.5252 111.532
1201 86.2517 55.0188 126.217
1202 94.7191 50.776 116.548
1203 109.277 59.9463 125.633
1204 104.715 76.9628 113.278
1205 93.795 57.7471 126.288
1206 107.826 64.9497 125.776
1207 95.4581 101.01 -1.307
1208 81.8591 75.6722 -1.44634
1209 97.0826 86.2558 16.2285
1210 114.77 81.2242 9.33
1211 84.0908 88.5581 8.22421
1212 114.513 82.6595 0.0688576
1213 89.8795 77.1211 -1.18834
1214 79.8706 72.3375 6.1018
1215 100.724 71.7388 12.9335
1216 105.473 86.208 -1.18607
1217 106.942 89.875 40.146
1218 111.579 73.1153 21.2799
1219 79.7353 87.4481 25.4081
1220 99.3722 78.0561 21.3415
1221 106.564 85.1625 28.2992
1222 111.507 84.3638 26.802
1223 88.4273 87.4111 19.4748
1224 81.1958 87.4022 27.752
1225 95.512 81.937 17.2534
1226 100.331 76.0115 57.4799
1227 103.967 94.0177 42.6091
1228 102.633 69.0742 55.2322
1229 94.3913 63.6106 46.2841
1230 75.3069 81.7576 32.4694
1231 87.9491 76.2368 67.3127
1232 111.593 87.3381 53.4002
1233 79.7693 87.5986 42.607
1234 100.41 71.9538 59.6064
1235 83.6569 69.768 60.2588
1236 99.0591 79.6657 57.3859
1237 103.57 68.7909 40.7992
1238 111.553 93.2023 51.4257
1239 94.1054 89.8435 48.6104
1240 77.4638 97.992 54.9242
1241 107.978 55.6929 68.9047
1242 100.632 69.793 66.7706
1243 97.503 84.1436 68.51
1244 92.1735 62.5621 73.0859
1245 112.677 88.8518 80.9501
1246 113.037 64.0994 84.0208
1247 113.029 61.4826 91.3731
1248 95.469 91.9263 61.8797
1249 112.132 74.5923 67.512
1250 104.105 83.8583 84.8455
1251 99.0692 78.0171 81.7359
1252 82.6618 74.2192 100.802
1253 112.061 80.7682 68.6138
1254 75.9716 75.7277 74.3126
1255 80.8928 77.9434 89.9664
1256 112.682 89.2601 89.6578
1257 85.9918 74.069 100.887
1258 98.8239 84.0262 88.2784
1259 93.5807 72.3158 93.6065
1260 91.4267 92.589 106.98
1261 113.182 77.3849 99.0624
1262 100.998 88.2285 105.016
1263 104.568 78.1787 92.2839
1264 88.7109 72.0687 100.656
1265 105.152 85.3617 106.654
1266 108.984 74.6489 119.754
1267 89.1175 71.1433 126.044
1268 115.018 70.078 118.488
1269 87.7115 77.2063 125.913
1270 102.084 82.242 125.697
1271 109.099 75.9267 121.238
1272 104.662 94.47 111.676
1273 87.355 85.9541 116.537
1274 106.216 96.4409 125.568
1275 94.624 80.3039 125.883
1276 114.977 81.2635 110.585
1277 91.9408 83.894 125.725
1278 77.8915 76.1882 126.247
1279 103.123 83.5107 108.496
1280 109.179 72.1137 125.698
1281 114.53 88.8577 1.81968
1282 92.6336 114.107 3.9258
1283 105.595 114.115 10.084
1284 114.527 100.86 13.9891
1285 100.957 114.197 3.6987
1286 87.0108 114.209 16.1837
1287 111.378 102.582 20.7448
1288 96.101 88.4249 27.8352
1289 111.277 103.143 36.8787
1290 111.023 93.2846 30.923
1291 102.006 106.707 21.4388
1292 87.3433 113.732 37.3376
1293 102.436 91.7923 29.4465
1294 104.096 112.985 30.5913
1295 87.992 113.432 39.9166
1296 95.7786 113.498 40.3718
1297 96.6023 109.32 27.4286
1298 97.2238 113.401 30.122
1299 111.434 104.498 52.0812
1300 101.563 93.6704 40.5527
1301 94.0977 103.519 31.1231
1302 80.8175 95.6137 39.3026
1303 105.669 113.731 59.6673
1304 104.548 83.9183 57.3249
1305 109.712 113.786 54.5155
1306 81.2561 113.867 15.1633
1307 88.1259 94.4197 49.3541
1308 82.9228 95.1158 61.6764
1309 104.545 103.973 69.3746
1310 80.0501 99.8681 71.2446
1311 87.4979 81.7538 73.7521
1312 93.807 83.7642 70.8154
1313 108.536 113.837 64.7574
1314 87.412 113.886 63.3203
1315 97.8707 90.1038 90.7351
1316 97.7936 92.5355 92.866
1317 96.8994 100.129 92.8844
1318 101.014 105.781 81.8099
1319 91.4606 102.172 93.6212
1320 86.7811 91.9304 73.3609
1321 112.009 103.296 74.1922
1322 101.321 83.7921 87.8599
1323 112.607 112.62 86.1066
1324 101.716 104.243 95.6782
1325 97.2383 99.1891 98.3843
1326 112.127 93.1504 98.663
1327 93.0991 98.2336 102.752
1328 115.004 87.3809 112.59
1329 102.873 114.032 92.8695
1330 93.7362 114.335 76.2942
1331 82.0279 86.6434 107.084
1332 88.8142 114.726 119.17
1333 91.5904 114.675 118.145
1334 96.3176 101.163 125.778
1335 95.7306 106.937 115.423
1336 115.058 103.678 123.75
1337 105.876 101.727 106.114
1338 115.23 103.379 112.311
1339 115.236 112.133 124.08
1340 115.076 109.569 113.916
1341 84.8081 98.6907 121.801
