0 8.37696 21.8232 -0.162493
1 11.4591 1.92011 -0.183162
2 17.2025 18.3562 11.9632
3 28.7102 -1.53053 3.3018
4 27.0803 2.7694 -0.181139
5 9.44331 2.57004 3.83093
6 -0.280733 9.66873 1.5397
7 11.5837 6.79518 11.7578
8 21.4596 10.9145 -0.203135
9 -0.455042 13.8505 1.49336
10 0.915208 18.1228 29.7811
11 26.2192 20.8887 22.0553
12 11.172 8.91794 28.8564
13 1.56648 -1.136 4.61783
14 18.5886 -1.38993 20.3103
15 4.77186 15.2575 22.2989
16 0.341452 28.3595 23.5447
17 37.3018 5.09143 26.2298
18 0.518172 21.679 25.4248
19 27.9831 14.9955 32.7369
20 21.2495 -0.796761 41.2066
21 0.426526 5.58509 26.5574
22 32.3539 17.2575 43.6386
23 33.0112 2.99999 37.346
24 1.30469 18.1082 42.9539
25 15.5621 -1.02767 35.4731
26 12.0924 13.4133 54.2293
27 11.3457 21.3766 52.2321
28 33.8592 11.223 63.0291
29 5.8511 -0.672422 50.463
30 5.33875 37.5964 64.9339
31 12.375 3.31712 47.932
32 12.247 16.9981 37.1286
33 22.0389 9.17085 56.6483
34 0.546935 12.6211 91.4543
35 32.8114 -0.920892 54.3808
36 14.5926 7.12292 65.285
37 14.1533 21.4616 60.8325
38 18.7725 -0.912824 71.477
39 20.8601 -0.56293 69.7726
40 28.1391 -0.582848 60.596
41 17.1151 -0.682527 67.6713
42 29.3871 11.0837 77.7536
43 26.5917 -0.512703 82.834
44 27.4373 21.3799 82.3684
45 9.76881 -0.817486 88.0912
46 12.5332 13.3591 88.6066
47 5.43901 -0.634219 84.8143
48 22.3514 21.3158 86.3612
49 27.7417 15.2822 113.689
50 18.9699 -0.519011 115.188
51 26.3337 25.9783 98.7084
52 13.8039 17.3445 103.381
53 40.5838 -0.765886 96.4105
54 16.2295 2.68953 104.406
55 11.7968 -0.788981 108.893
56 16.5016 23.1939 92.6607
57 19.1519 25.1393 107.225
58 15.0383 25.1847 95.2139
59 16.4988 9.16061 88.8182
60 9.62412 5.40763 113.883
61 8.0155 -0.588897 115.431
62 29.0266 15.0903 119.659
63 20.6445 10.7504 119.645
64 0.432372 0.451863 116.502
65 0.948718 -0.741766 111.902
66 18.1314 43.2514 11.637
67 22.7303 38.61 9.08477
68 10.6768 24.7359 7.53873
69 4.15964 41.9271 10.7584
70 27.564 20.809 19.7308
71 4.11439 39.9337 8.67087
72 28.2662 38.631 -0.645403
73 22.9938 29.3176 -0.600058
74 33.0427 37.2515 28.3814
75 -0.786237 45.7942 8.48665
76 0.827215 26.188 29.5695
77 2.71174 40.139 15.1131
78 1.47254 15.7325 48.4729
79 4.39988 43.6712 49.9856
80 23.0141 45.4946 47.6552
81 1.53128 32.303 57.9482
82 14.6972 37.1847 35.0872
83 14.3312 37.1319 51.8911
84 22.0261 39.6559 34.7178
85 1.02984 40.4442 40.3722
86 27.8456 45.5311 41.1908
87 30.9299 39.4359 49.8479
88 22.3741 43.6487 45.7127
89 1.25236 28.4825 48.8205
90 28.211 29.394 50.024
91 28.044 43.2893 43.5681
92 4.67085 43.3362 54.4179
93 13.1195 19.3156 43.5253
94 8.8481 37.6787 56.5201
95 28.1636 23.2096 54.3815
96 18.21 53.6355 62.7813
97 26.179 47.5805 39.2091
98 19.9077 37.3776 60.9584
99 4.46386 19.276 56.5004
100 6.93728 35.7046 65.1358
101 18.4511 39.498 60.8289
102 1.45564 18.2773 67.6408
103 19.2804 31.7858 71.5716
104 32.3253 37.5588 52.0091
105 1.06147 37.9859 71.8747
106 33.6399 41.6769 67.0973
107 28.0733 29.7954 79.983
108 15.4181 23.3664 90.4616
109 19.4958 23.4464 67.189
110 12.3894 39.5889 88.5587
111 1.02788 34.7868 81.3867
112 28.8898 39.506 86.363
113 10.669 27.3656 99.3959
114 22.1235 37.7996 94.8043
115 22.6033 39.7967 99.1526
116 19.2164 33.6873 82.3282
117 11.8468 47.7883 88.3853
118 14.4675 27.6747 92.6516
119 18.8871 55.1317 112.497
120 22.3511 39.5363 96.7282
121 7.49542 48.7009 98.0661
122 13.0304 46.0652 103.316
123 6.23919 38.9894 97.435
124 6.33181 29.1664 96.7646
125 30.1125 25.4624 105.501
126 21.6033 56.1775 119.298
127 21.7802 46.2284 112.05
128 14.933 22.2223 119.722
129 18.8091 45.8605 111.511
130 6.08574 34.3524 119.408
131 7.51668 37.2393 119.366
132 27.463 28.9584 97.9325
133 23.3235 27.9273 112.101
134 16.8816 67.9497 14.876
135 3.95713 60.9997 -0.350306
136 22.6323 66.9368 -0.929746
137 21.1235 60.961 12.8485
138 9.88268 57.7503 18.1157
139 -0.528258 68.0728 10.893
140 13.6788 55.4909 24.0068
141 16.7789 57.3129 28.5206
142 0.457158 47.6233 31.7321
143 6.11631 55.3079 28.8059
144 36.1398 37.0701 30.3075
145 0.897419 60.3053 40.2688
146 20.2835 65.2245 15.1507
147 35.2876 53.2892 39.3446
148 17.3593 61.5316 39.0652
149 27.5653 61.4882 36.9765
150 24.1292 57.7308 54.3572
151 12.2624 61.9813 38.7768
152 19.1126 63.4638 39.0069
153 26.4953 61.3929 45.4148
154 18.3734 57.5493 38.8198
155 22.5869 63.4098 43.54
156 12.4377 37.4609 34.8758
157 16.3327 53.7934 30.8846
158 19.245 49.3284 37.1645
159 10.1726 49.4174 30.8142
160 16.5994 59.2096 39.6434
161 23.9472 61.5578 54.0904
162 17.1055 63.662 38.8756
163 18.5311 37.3639 58.6105
164 38.1405 63.9144 56.3451
165 33.3002 43.3969 60.8152
166 26.3786 59.5179 41.2647
167 1.24269 42.5769 72.2756
168 9.655 45.5221 75.5436
169 17.9764 59.7044 69.3482
170 12.9253 64.2613 61.0236
171 39.2267 57.6901 69.0974
172 20.9318 60.1574 75.3523
173 30.5811 57.762 88.3386
174 29.4021 57.6842 83.8506
175 0.757495 74.758 84.8631
176 16.7564 58.1749 78.0957
177 14.1959 57.6815 77.6633
178 22.5148 43.2562 73.9139
179 25.5943 43.597 73.6392
180 1.00546 45.0297 74.1986
181 9.06032 53.6334 92.5078
182 15.9756 65.6857 92.7477
183 30.1872 53.9331 92.3612
184 12.1731 65.5736 90.5608
185 36.3128 52.3174 97.2724
186 0.0171563 61.2302 100.124
187 3.11718 68.6622 108.736
188 0.491343 74.7197 93.0378
189 23.1746 51.8075 103.377
190 4.99222 47.7962 109.457
191 -0.172436 66.8567 117.773
192 11.4777 63.5393 110.548
193 18.7852 68.5859 119.169
194 0.104676 50.947 110.644
195 8.92893 59.5989 119.221
196 17.7174 53.753 113.168
197 20.4648 51.7126 115.275
198 28.7585 62.399 119.29
199 8.29088 64.6319 10.4921
200 9.12697 91.6325 11.3815
201 16.6736 80.4458 6.21954
202 13.0541 73.5689 17.5724
203 28.3841 77.8198 8.81578
204 10.3376 75.3502 11.4892
205 7.75937 85.8245 -0.588188
206 14.1845 73.4729 15.2685
207 9.8576 74.5089 18.8187
208 18.4189 71.3882 11.2837
209 13.2745 85.8041 34.5425
210 20.2797 89.612 17.3222
211 24.7796 91.7547 23.6631
212 23.6133 77.5457 25.9918
213 17.9259 73.537 15.3815
214 22.6831 84.5427 14.8005
215 9.93229 71.4672 19.8484
216 23.8132 81.6471 19.5612
217 15.9008 73.8325 17.7921
218 25.7064 83.8711 19.4707
219 14.6812 75.5658 22.0989
220 0.600659 80.338 32.3012
221 20.7975 79.5306 27.9175
222 14.7627 81.5166 34.9073
223 14.716 75.6479 17.5848
224 19.5766 85.58 38.7928
225 19.3813 77.8459 39.0017
226 32.0633 64.1986 43.8824
227 20.5648 106.057 45.1949
228 6.07066 85.6574 51.6195
229 1.14276 80.9714 70.2063
230 28.6709 98.2701 73.2169
231 9.8051 67.4347 54.2591
232 1.15616 94.6465 50.5293
233 0.776026 72.9937 44.3216
234 22.3959 67.3711 45.2272
235 15.6352 63.5553 58.3998
236 7.51585 61.2923 61.1135
237 25.4255 69.9397 58.399
238 1.08464 76.5453 48.425
239 1.14297 70.5165 64.0691
240 22.1256 75.718 45.3379
241 22.6252 74.1281 75.3266
242 9.89249 70.8097 55.6088
243 9.40528 81.9277 69.1103
244 23.6893 83.9738 75.4325
245 9.77617 76.2663 77.778
246 35.2898 95.6084 49.6903
247 25.1101 71.9211 58.4343
248 23.7409 87.9048 71.2163
249 14.2739 73.964 71.2744
250 27.9367 72.8363 80.3748
251 0.663185 91.5262 80.8622
252 21.5077 62.0994 92.4371
253 15.3612 93.8821 64.6585
254 22.1206 67.0348 86.8452
255 18.3433 84.0206 90.3065
256 38.1979 86.3177 81.7984
257 22.3535 86.011 90.049
258 21.1589 81.8395 88.0535
259 10.7414 79.852 79.5707
260 7.45367 83.8911 68.8363
261 0.977313 84.701 74.5799
262 0.541369 97.2829 87.3811
263 28.6373 67.923 92.6629
264 14.3166 68.3279 99.062
265 -0.0557689 65.3056 112.23
266 11.6712 85.1035 103.414
267 0.159468 77.4991 95.1105
268 22.0321 80.7557 96.8883
269 20.3584 79.5105 97.2471
270 11.3581 80.1652 98.6883
271 14.4958 87.7103 119.034
272 21.7993 68.6943 119.309
273 10.0899 77.0082 119.277
274 9.06698 83.9104 119.065
275 25.8651 72.0221 103.027
276 30.1685 76.4484 98.7596
277 41.5806 80.7329 119.076
278 25.0496 110.243 -1.19404
279 26.8597 95.4836 9.2417
280 12.3072 89.2017 -0.556095
281 6.58019 113.771 7.71138
282 16.6424 113.611 10.521
283 0.505001 97.305 -0.439918
284 25.5105 95.5399 17.0248
285 -0.440132 94.8395 16.2684
286 14.3945 113.734 22.2065
287 24.6527 99.2576 21.9594
288 13.8857 113.808 29.9803
289 3.06986 113.791 19.3901
290 -0.612928 108.726 13.9958
291 14.0376 113.876 17.618
292 0.483678 98.5871 24.9761
293 16.0685 99.7543 34.4165
294 11.6425 87.6175 21.7936
295 4.09291 113.59 15.7872
296 28.0767 114.005 9.35139
297 23.7783 95.703 32.2912
298 18.0309 113.839 35.9653
299 21.1761 83.606 21.6309
300 30.6179 99.7568 43.1504
301 5.35021 113.589 38.3067
302 9.81234 106.074 36.7692
303 0.817557 111.869 35.4969
304 1.04471 110.418 55.0137
305 22.0361 90.569 26.2343
306 7.89758 113.851 36.9531
307 21.0218 100.948 16.6146
308 20.5673 113.753 30.5587
309 10.2735 93.4038 30.3525
310 11.1397 93.2431 38.4885
311 22.6038 94.405 49.1018
312 29.2342 113.763 47.396
313 16.8534 106.043 47.293
314 8.17249 103.867 57.9774
315 0.965989 95.4424 72.5895
316 15.073 106.532 71.2871
317 0.922882 98.8055 71.5547
318 0.762061 105.171 77.4849
319 23.7938 106.383 64.4077
320 36.9975 92.1857 68.7735
321 13.2173 114.418 100.911
322 26.2272 114.194 73.431
323 32.6626 114.45 73.0942
324 12.1206 113.989 68.9436
325 20.7441 86.182 71.186
326 0.596134 109.328 82.3636
327 0.490653 99.5053 76.6763
328 24.1448 104.27 90.205
329 30.5469 108.834 94.0761
330 31.9183 94.2908 79.5069
331 0.149357 113.264 104.198
332 13.962 92.5688 103.061
333 1.68037 114.277 102.065
334 0.373536 113.331 95.0656
335 17.4651 114.523 100.236
336 3.18235 114.191 91.4813
337 20.5532 103.364 92.9541
338 28.7724 114.416 112.493
339 25.9764 107.236 118.907
340 -0.0563528 99.4642 106.492
341 17.4662 104.176 105.331
342 14.5592 106.791 113.346
343 31.2922 12.6962 -0.456526
344 30.628 8.55173 9.59695
345 55.8136 18.9779 3.45948
346 45.6553 13.0045 -0.382517
347 53.1043 -1.22744 21.259
348 42.7836 7.62825 22.5079
349 34.5488 14.1327 -0.299399
350 40.2171 19.1468 10.8876
351 45.2913 24.7268 7.1717
352 37.3962 8.76976 28.4395
353 53.3597 9.03542 28.4784
354 40.606 8.89348 26.5607
355 50.2437 -0.988929 25.8929
356 53.0615 -0.959959 25.8296
357 34.8448 29.3069 37.0303
358 22.7552 9.02649 4.66204
359 60.0327 25.5643 25.7649
360 41.2295 20.9181 21.9776
361 51.6079 -0.927125 41.0256
362 27.3433 19.2941 45.7304
363 50.4062 21.0425 19.9158
364 52.951 27.314 36.8333
365 49.21 -0.487427 66.7191
366 26.9895 17.6069 63.1489
367 36.4888 11.2244 50.0118
368 45.4311 7.16936 50.0706
369 50.7793 11.7094 63.1954
370 40.5816 19.4054 52.273
371 31.961 15.1026 45.6326
372 35.4292 21.2872 56.5763
373 46.4762 13.4417 45.8574
374 42.1791 19.3147 49.871
375 64.1599 19.5012 69.2836
376 32.8267 17.2025 65.2659
377 37.9522 -0.40522 74.2677
378 53.6785 7.81458 92.8861
379 40.5544 21.5765 88.7134
380 18.3502 -0.479644 79.7057
381 51.8298 9.13842 77.9943
382 29.2891 22.2928 84.7094
383 46.1439 -0.803627 92.3978
384 41.7607 23.7425 88.663
385 25.0938 -0.616667 80.4021
386 33.7559 -0.422745 67.7221
387 50.3903 -0.64978 111.237
388 30.5121 -0.535032 101.768
389 47.7735 19.8585 93.1426
390 50.5656 17.1278 105.971
391 49.0688 25.1867 100.827
392 42.4147 10.9853 97.0575
393 50.5412 11.8821 119.602
394 40.6102 5.95058 119.46
395 46.1025 24.1101 116.139
396 36.2564 21.126 119.589
397 36.2006 0.866604 119.56
398 44.544 -0.573908 113.966
399 50.5141 12.8371 111.1
400 63.898 -0.600687 112.03
401 53.1843 5.04368 119.845
402 28.4952 30.682 -0.608577
403 21.3462 36.8555 9.57226
404 31.3852 38.7833 5.07953
405 54.2649 37.4078 -0.924742
406 55.531 40.6155 -0.983902
407 51.3577 32.8688 17.5389
408 25.0388 34.8155 5.44922
409 45.7172 36.856 15.0052
410 31.4332 29.5411 -0.337693
411 46.8699 36.4906 -0.718208
412 31.3397 43.7342 9.97248
413 26.2055 43.1702 13.4406
414 48.3719 45.2005 23.7667
415 33.5229 33.1463 30.4743
416 50.5404 31.4448 30.3551
417 34.2528 38.6999 13.0946
418 35.8123 37.053 13.4809
419 49.1503 33.1237 21.7059
420 36.5343 36.953 11.2794
421 48.8141 35.3387 26.0523
422 26.4957 33.6422 43.3133
423 38.1953 9.16123 48.1638
424 46.1506 31.2764 32.9067
425 33.2016 31.1679 34.9329
426 64.6942 23.3475 43.3248
427 57.1853 12.5265 40.8772
428 38.777 25.0472 28.5135
429 47.5784 41.6351 45.1499
430 38.6078 45.7453 39.1978
431 50.5983 31.0774 41.0185
432 36.417 43.337 30.5352
433 40.0104 27.227 60.7576
434 50.5057 29.626 58.5705
435 32.4901 15.1677 47.5617
436 36.3367 44.3572 59.0547
437 44.8758 37.0217 47.4933
438 57.8848 46.0723 71.4779
439 33.8312 35.1354 54.0685
440 53.067 41.8611 75.6681
441 32.3446 36.9197 58.2658
442 54.624 29.3502 69.4618
443 32.2221 45.5156 54.208
444 31.0492 19.8501 67.7816
445 33.1986 21.59 75.8866
446 44.9126 27.4218 47.8096
447 59.5679 27.2738 41.1966
448 30.0994 21.3838 82.079
449 43.3757 40.0623 73.9761
450 48.5897 29.072 40.9818
451 37.7592 33.2757 58.5098
452 29.1337 37.3511 75.7814
453 57.3525 45.9056 80.0181
454 31.2751 43.7352 62.9693
455 55.0336 31.7622 65.1818
456 37.7439 40.0627 83.6838
457 47.1046 29.6702 73.7027
458 46.1837 21.2601 82.4378
459 37.6514 38.4614 80.5354
460 62.9393 43.4189 85.9978
461 43.7474 43.8979 75.6164
462 55.15 19.4661 88.2683
463 53.293 37.2147 92.912
464 54.7072 25.2082 79.852
465 36.8977 37.5269 84.2077
466 59.8406 27.6052 88.3834
467 45.7197 27.7646 103.362
468 52.402 35.8707 96.7858
469 37.9887 13.1968 95.1898
470 30.3604 50.3991 109.064
471 49.0756 37.6184 113.179
472 54.1616 33.6994 111.521
473 49.7707 33.8003 111.329
474 14.6328 17.8665 119.852
475 47.4876 29.3394 119.487
476 47.8079 37.909 109.444
477 43.1196 55.6682 110.737
478 60.6054 18.0465 119.62
479 39.0392 54.76 100.873
480 36.8676 62.8995 -0.807548
481 45.4641 56.213 13.6525
482 39.9841 37.9274 -0.580333
483 42.4896 53.4482 -0.969337
484 27.5711 53.4485 28.2183
485 36.976 47.6515 36.8994
486 34.8157 67.7425 30.4372
487 42.8292 67.5374 21.6508
488 59.9311 63.5589 36.5858
489 45.8054 65.418 26.0193
490 52.8266 57.4978 27.9448
491 34.0886 61.2126 28.1332
492 45.6765 51.5679 23.9374
493 44.8161 47.3992 40.9217
494 45.8146 41.366 49.7842
495 34.6588 57.4315 36.9415
496 49.208 57.6826 45.5806
497 36.547 55.6157 37.0053
498 42.0041 69.4044 45.4679
499 33.0034 49.5516 45.5587
500 51.1733 57.5924 43.5077
501 42.8828 69.7971 47.7046
502 50.8777 57.5921 38.7943
503 49.0164 45.4903 71.2097
504 38.9813 53.3681 62.9945
505 38.8546 69.7455 52.0774
506 56.9075 61.9883 66.9742
507 59.5028 69.8043 81.6727
508 36.0547 57.6204 71.3123
509 39.3347 62.3036 66.5074
510 38.6091 43.8015 75.6008
511 35.3887 53.7807 58.6309
512 33.5002 61.3278 72.9679
513 29.4697 61.7415 64.8543
514 53.3349 52.3518 84.4298
515 27.4927 51.704 82.0303
516 50.5982 61.8599 75.6798
517 30.2663 71.5965 82.2889
518 33.5386 58.077 71.1142
519 34.9711 51.919 92.5386
520 37.9583 54.2193 73.1699
521 41.9826 55.7633 84.1347
522 55.6207 56.0342 80.02
523 49.0135 68.2186 90.588
524 38.565 53.8067 94.7565
525 47.6317 49.4689 96.8542
526 25.965 67.1991 106.066
527 38.8089 60.0888 94.5706
528 30.6319 47.2782 86.7751
529 29.6561 55.8474 90.5083
530 47.4427 64.0236 104.937
531 31.9025 62.4764 119.442
532 34.6294 63.6121 106.818
533 54.8452 50.5709 119.363
534 40.0082 56.1901 105.217
535 40.3592 69.4172 111.966
536 54.748 58.979 106.591
537 38.2313 80.8836 -0.849559
538 44.028 85.1396 -0.97644
539 33.8664 86.8286 -1.08619
540 52.4665 73.6054 8.89487
541 48.5392 105.768 18.5865
542 32.7012 68.637 -0.802157
543 26.8358 76.9112 -0.900282
544 54.8143 69.6164 25.8668
545 48.4106 77.6928 25.9044
546 56.5617 81.7401 19.3846
547 42.5139 92.7136 14.567
548 40.209 67.3742 21.7424
549 50.9487 81.6402 19.1522
550 58.4467 74.5057 13.6227
551 65.3095 81.5065 32.0578
552 52.4187 81.7921 17.3617
553 42.4589 92.2361 47.1398
554 62.6661 84.0121 27.4548
555 46.1762 69.7798 47.7242
556 26.5257 63.4969 32.4636
557 31.8977 82.1384 34.1847
558 45.7382 67.2321 19.6977
559 58.4731 75.6779 32.1926
560 44.5232 69.786 45.4083
561 31.7273 87.6523 38.8547
562 61.3404 65.6611 27.9351
563 59.6252 94.1256 40.8361
564 36.471 75.7017 41.0482
565 41.3227 65.7345 23.7861
566 36.9639 84.0039 38.6984
567 55.3934 99.9299 51.5182
568 58.8023 96.4147 62.2893
569 65.7128 65.8106 62.6287
570 50.1825 79.9252 62.4082
571 31.4323 79.8299 54.0164
572 47.8693 71.7379 45.4414
573 51.4618 79.899 64.6839
574 51.8025 62.3077 63.0899
575 27.1465 71.8209 56.2324
576 34.8199 74.1153 47.3266
577 30.6162 75.7158 56.3005
578 32.4714 86.1629 58.1695
579 50.4039 74.1696 66.8117
580 48.2053 80.1337 69.0794
581 46.4166 90.1331 75.2499
582 44.627 91.7801 77.9522
583 51.5121 77.9111 62.6037
584 41.7996 84.6575 75.6423
585 33.3385 81.9509 73.2054
586 29.0373 82.3503 75.6754
587 64.4833 79.7607 75.1253
588 32.0747 96.2062 81.7059
589 31.4011 92.2263 83.9656
590 48.9745 67.3727 94.0402
591 59.9929 67.9471 84.2291
592 47.7395 83.9903 77.6695
593 48.7138 83.8886 88.2559
594 33.5073 88.1979 77.5749
595 34.7565 68.3176 96.6276
596 58.8862 83.7856 108.027
597 50.2811 71.9554 108.867
598 31.8587 76.0955 96.8214
599 57.3813 89.2318 111.771
600 32.9674 77.8988 110.829
601 51.7827 75.7179 109.806
602 43.3041 77.6265 90.8032
603 40.022 84.3656 92.2425
604 53.2816 67.8646 88.0978
605 39.5733 82.3566 92.5117
606 51.7959 76.428 96.3047
607 36.0497 78.7059 96.0879
608 32.0814 68.4162 90.593
609 31.614 74.8695 102.451
610 43.0626 85.7368 112.072
611 48.9977 67.7416 114.919
612 39.2381 84.5437 111.073
613 33.0828 72.9357 106.771
614 46.1209 79.0025 110.006
615 43.1933 78.9839 119.02
616 25.5027 90.0252 -0.761444
617 43.8905 112.521 -1.11586
618 55.3406 113.825 0.0216546
619 35.3608 91.7108 9.01881
620 51.0273 113.808 2.06289
621 40.7555 100.158 8.65455
622 56.7915 103.028 -1.37482
623 41.2169 114.083 19.3537
624 29.7165 100.198 8.39177
625 33.7153 113.867 6.29011
626 43.7614 92.0504 8.7591
627 33.7913 113.883 17.4375
628 43.2413 105.619 36.2819
629 29.0685 113.853 23.6019
630 31.3692 109.908 23.5568
631 33.7063 89.814 10.9952
632 25.4586 97.5256 28.0564
633 40.0546 113.808 27.3031
634 46.2501 103.918 21.3417
635 49.7422 104.068 29.7449
636 55.6788 114.048 42.4009
637 34.03 104.078 47.04
638 72.3754 114.376 55.0499
639 40.2554 93.5515 34.7009
640 47.2908 102.648 66.2321
641 39.8737 99.9424 49.2693
642 65.3878 105.935 57.8851
643 23.8348 113.774 47.6164
644 54.208 100.144 38.5105
645 48.493 113.824 34.4482
646 28.751 101.974 55.9195
647 41.8209 84.2566 36.9401
648 34.5539 113.782 30.3831
649 27.8495 114.572 85.8512
650 36.131 108.118 64.5256
651 32.2048 113.896 57.4938
652 68.7579 90.6671 79.7141
653 49.2084 114.183 60.6464
654 31.9207 95.9096 53.85
655 49.1253 104.479 70.8467
656 51.2445 94.3032 68.7891
657 21.0406 76.0384 73.4068
658 49.1255 96.4351 81.7252
659 33.9113 98.1645 70.9055
660 39.4984 90.4188 92.341
661 38.0347 106.27 79.3865
662 38.647 114.474 80.8795
663 41.8323 114.21 75.4828
664 37.2178 114.548 99.4463
665 38.9613 114.598 96.5656
666 47.1856 114.131 79.7634
667 43.2009 106.019 79.0201
668 40.4623 102.125 91.7873
669 39.6228 108.336 79.5242
670 42.9275 87.9532 75.3584
671 24.7985 94.5396 83.766
672 33.1964 109.102 97.0236
673 45.4327 104.573 85.9115
674 27.4401 99.4763 104.425
675 45.7922 114.417 99.0572
676 57.2961 98.1965 94.4927
677 31.6152 114.815 100.326
678 43.3946 110.566 92.2485
679 28.6783 114.586 108.504
680 28.8845 103.248 119.1
681 47.4703 101.211 118.957
682 52.8865 109.393 118.918
683 38.8025 83.7813 107.663
684 56.0461 114.652 109.209
685 26.9881 114.846 94.7347
686 33.013 114.527 113.618
687 41.7262 110.342 118.875
688 63.1558 114.756 112.514
689 54.5404 100.223 118.773
690 59.8884 114.988 107.111
691 75.7233 11.21 -0.626043
692 61.5735 15.0874 -0.399115
693 81.2873 11.2454 -0.61927
694 78.5228 15.3046 -0.658065
695 70.075 11.4308 -0.603235
696 58.3986 23.1813 19.672
697 78.4742 6.77953 11.3777
698 61.9065 17.1814 23.9141
699 59.3756 23.0542 9.34854
700 72.8145 -0.787407 26.1617
701 79.6491 -0.779475 28.0924
702 80.112 -1.37639 7.32138
703 54.7085 11.0029 26.25
704 70.2072 -1.23664 12.9511
705 50.0323 -1.05452 16.1337
706 52.8705 2.90916 41.4607
707 60.5611 13.363 39.077
708 75.6653 7.17822 49.7177
709 78.3559 13.42 51.8387
710 64.4158 19.1497 36.6848
711 61.4088 -0.913286 34.417
712 54.6832 23.5892 45.3837
713 59.7031 6.98314 34.9566
714 71.4243 25.6586 37.1151
715 55.8295 17.5018 43.5753
716 63.3555 23.4121 45.65
717 63.2362 -0.57476 53.9894
718 82.5163 21.2574 62.2099
719 54.6138 -0.577718 69.9083
720 92.5989 19.0794 73.7849
721 74.3391 -0.776824 86.787
722 53.5242 11.3133 77.9042
723 68.9451 13.6516 71.6109
724 66.1534 11.5598 71.3693
725 76.9615 13.6193 56.0787
726 62.8704 13.2707 69.3311
727 81.1103 21.6269 64.9347
728 55.1025 27.5043 82.2696
729 69.7947 15.6437 71.3
730 78.3314 23.8417 77.2731
731 65.9083 9.20272 88.3001
732 89.0096 -0.37328 92.1628
733 86.4923 -0.476347 100.156
734 89.1071 5.77442 107.155
735 75.0818 9.04089 113.061
736 82.2739 20.4377 119.204
737 59.2342 21.0361 119.302
738 77.7319 15.0591 106.055
739 83.9718 23.671 105.133
740 82.0609 12.1221 110.942
741 63.4224 19.3008 118.211
742 64.7866 16.271 119.667
743 92.2602 19.6356 96.9357
744 56.6686 7.23412 105.425
745 66.3895 5.92062 119.478
746 59.2942 -0.444872 107.061
747 74.8634 30.8333 119.268
748 69.9186 30.4531 13.7136
749 72.7665 43.5399 -0.949288
750 84.3439 41.4452 11.0282
751 75.6588 39.1974 9.04017
752 75.6375 27.4829 -0.630055
753 61.149 24.2449 -0.569134
754 76.9626 45.2179 21.991
755 70.6122 41.1819 19.5046
756 76.9621 39.1831 15.5268
757 56.8012 35.4299 21.8081
758 57.1242 14.1005 16.2832
759 59.8753 23.4339 43.4236
760 66.8321 43.9008 54.0967
761 74.4215 33.7026 30.1208
762 55.482 31.1948 32.3792
763 85.8373 21.6338 60.3107
764 79.799 50.1627 47.3746
765 59.6356 31.5951 60.7072
766 71.3481 27.7031 45.2194
767 82.4149 33.7845 41.0615
768 86.39 33.649 58.262
769 84.0704 39.7958 51.73
770 81.349 29.3131 38.7918
771 76.0447 25.5342 66.9356
772 87.8052 33.7978 55.8393
773 82.7281 28.3617 78.9739
774 63.6914 43.7929 73.2711
775 59.055 29.371 67.1789
776 56.328 29.7544 67.0085
777 74.9718 33.7183 75.5833
778 86.2547 33.7325 64.856
779 92.4186 33.7758 60.5256
780 61.5414 41.7048 71.1829
781 71.4896 27.5324 77.9009
782 74.7461 37.7299 71.1968
783 56.038 29.696 75.6398
784 85.031 25.6189 79.868
785 64.79 37.7748 86.176
786 86.5886 44.132 90.1648
787 60.5249 33.1722 83.9194
788 71.2255 43.9567 81.9451
789 68.9214 43.7753 94.5094
790 58.6685 37.8965 82.1276
791 79.8817 37.3413 90.6595
792 52.9121 35.721 84.1926
793 69.9386 25.4291 79.9196
794 62.9595 38.2415 119.319
795 70.8893 43.7937 96.6292
796 57.8255 35.737 109.523
797 76.9327 15.4978 101.327
798 80.6785 33.8893 105.386
799 73.4513 43.9084 94.2585
800 80.4304 43.3314 101.473
801 73.2292 33.8839 103.259
802 83.9094 25.5176 84.2197
803 68.6919 45.7832 94.6223
804 54.6292 47.4998 119.497
805 64.9246 33.5419 119.286
806 67.1237 29.7453 103.414
807 73.6248 21.1783 119.418
808 64.5841 46.3659 100.629
809 85.009 41.8001 105.288
810 85.4835 41.5306 -1.00939
811 77.2553 59.1324 -1.23163
812 55.4946 55.7644 -0.907198
813 57.1101 57.7163 4.42427
814 56.9933 61.6849 16.6057
815 65.7492 44.8617 14.7282
816 48.8184 61.2803 14.9981
817 79.8602 57.7183 12.7159
818 65.6293 50.2147 7.54494
819 70.6768 59.5485 11.0285
820 82.3297 41.3446 13.1246
821 71.3764 60.9412 14.6201
822 60.4176 51.4087 8.95739
823 65.8108 53.5087 23.7934
824 59.933 63.4375 15.2221
825 82.4811 61.9434 23.7974
826 64.2893 69.7348 10.5963
827 57.9385 57.3684 23.7749
828 84.2355 67.4873 32.1714
829 76.7029 63.5723 21.4661
830 69.8616 64.0769 49.8349
831 58.4351 57.6716 34.6239
832 57.3269 59.5827 43.1106
833 84.9624 45.1779 38.9926
834 54.0496 65.1431 34.683
835 75.1867 73.7737 38.8921
836 71.3075 47.4302 41.1385
837 72.7076 57.2152 34.3577
838 77.0503 55.7607 51.6926
839 71.1065 59.7902 66.9866
840 50.335 59.7317 71.3413
841 72.6731 62.083 66.879
842 53.4568 41.6336 71.4745
843 81.1237 53.4735 67.0584
844 70.9738 65.2811 53.5835
845 86.9422 53.9318 68.8642
846 83.7944 70.2504 70.8375
847 54.4029 63.9294 75.5465
848 82.9334 57.8312 64.5509
849 54.6038 60.3989 79.5277
850 88.5098 49.7259 77.5679
851 73.7873 41.6884 79.9279
852 81.059 60.2311 73.0821
853 81.1579 58.0831 75.0512
854 51.5406 41.8554 73.4037
855 73.999 58.1683 68.7819
856 72.8068 47.9645 94.6534
857 71.1313 53.6876 83.6906
858 73.3382 62.194 90.284
859 73.3176 41.5742 94.3787
860 53.5596 68.2193 105.229
861 61.8658 60.5172 105.675
862 64.4629 76.4538 98.3974
863 75.721 43.6563 98.9027
864 69.0039 58.1031 105.194
865 81.5724 41.7686 101.266
866 74.8079 46.0153 94.3667
867 77.579 62.4225 102.848
868 83.5162 62.3392 105.086
869 80.5699 54.2055 105.232
870 81.8965 49.9919 119.296
871 70.3312 65.8762 119.068
872 73.5888 61.9554 119.203
873 84.7981 64.2787 102.953
874 89.1877 50.4954 119.14
875 83.2082 63.6278 119.151
876 79.8222 74.9605 8.08702
877 66.9435 74.2413 5.29394
878 83.972 77.8211 4.66971
879 65.4205 82.1266 -1.34983
880 67.0335 88.2391 19.2082
881 68.1842 78.0583 -1.46791
882 71.3694 77.6958 22.8358
883 59.9921 71.8764 2.44925
884 71.4307 66.1141 -1.10907
885 58.3757 92.5279 11.4415
886 81.4781 71.6077 29.9242
887 64.2563 78.0266 13.1023
888 72.9618 67.3278 19.1731
889 66.3178 77.8284 29.868
890 75.3658 73.6595 21.507
891 74.0891 75.2406 25.2672
892 75.0653 70.0024 38.8445
893 56.8566 75.4541 29.7917
894 81.909 71.8644 31.998
895 78.5753 71.797 27.7852
896 73.8127 83.9324 40.7116
897 74.5737 79.8045 45.1155
898 91.7473 83.9182 32.0251
899 83.4167 61.8267 38.9455
900 75.0973 80.2268 46.9077
901 73.7716 82.4529 42.6603
902 63.9509 69.7425 53.768
903 73.6826 87.9128 47.2076
904 64.1101 78.0162 49.4225
905 86.4693 75.7704 40.4895
906 75.1422 93.8818 51.3556
907 87.5885 79.9953 66.5894
908 63.7684 89.7897 53.8687
909 59.2277 92.2563 64.5403
910 77.0186 77.7521 70.6666
911 73.7733 76.0731 87.9718
912 62.59 76.0256 75.4405
913 69.172 92.1664 57.9847
914 56.1323 90.0556 68.8681
915 83.2205 76.1433 66.5993
916 75.264 77.7976 83.7419
917 62.7506 70.1095 77.3635
918 58.6353 84.045 91.9749
919 57.3422 75.0098 89.4408
920 73.1071 74.0362 81.6633
921 68.9385 86.6023 85.5801
922 58.523 78.4234 82.0283
923 66.1456 66.3629 90.0998
924 79.4522 84.5022 102.285
925 69.0027 90.6254 102.464
926 64.9714 86.4059 81.6588
927 78.1723 92.652 85.57
928 64.5046 90.0589 100.99
929 57.9713 84.4639 111.03
930 58.961 82.1959 119.141
931 76.6962 76.5031 113.173
932 67.572 80.986 118.81
933 71.6827 78.3301 96.9223
934 76.1186 78.3642 118.986
935 66.2118 87.5405 118.852
936 64.228 74.4073 104.9
937 67.6796 90.1947 118.956
938 85.5457 99.2781 7.16496
939 56.8946 90.1041 -1.19443
940 61.2216 106.17 16.7479
941 69.7638 84.1654 -1.24555
942 76.6869 93.8328 25.6223
943 65.4338 113.882 25.8101
944 79.515 113.986 27.4626
945 51.067 95.8293 27.6413
946 58.4161 106.362 14.4494
947 69.7434 113.899 20.4195
948 64.1303 91.2879 13.3041
949 58.142 114.127 15.0015
950 68.7022 106.073 19.2822
951 66.7646 113.945 32.2166
952 60.9292 101.803 45.2161
953 69.4797 100.141 27.8205
954 73.4533 95.9118 38.1776
955 60.6789 99.7738 38.4744
956 75.1811 93.8816 38.3419
957 77.7711 106.015 59.6188
958 57.0394 110.331 51.2735
959 94.2844 104.04 42.605
960 68.3913 93.9755 44.9057
961 67.7627 106.12 51.147
962 81.4245 106.52 64.3391
963 50.0915 114.028 50.7202
964 62.6604 98.2701 51.3552
965 84.8708 106.163 53.1357
966 70.8158 82.5046 41.1877
967 57.4094 104.148 44.7593
968 78.2484 99.9904 53.3158
969 85.7161 114.651 82.7352
970 80.1336 100.266 70.5947
971 60.1975 114.306 69.1339
972 83.7799 109.013 66.7798
973 96.3829 96.4389 77.0916
974 66.8739 106.318 60.2906
975 82.692 95.098 75.4527
976 66.432 108.628 100.322
977 89.7123 114.563 76.0457
978 72.7581 92.8488 75.5369
979 59.4148 100.303 75.1916
980 72.5095 88.5599 85.5887
981 78.5444 114.228 83.9126
982 65.611 114.249 74.3931
983 68.1967 114.509 68.8358
984 73.7713 98.4646 100.356
985 74.687 108.651 89.7217
986 80.3118 114.629 102.713
987 68.802 92.9675 94.6038
988 52.5493 98.6343 104.876
989 71.6055 88.4744 93.9967
990 57.7196 92.4859 100.482
991 83.0597 110.687 96.0251
992 73.2559 87.7012 112.154
993 73.2979 102.15 92.2342
994 58.109 94.3489 87.8231
995 67.3792 114.246 92.1984
996 63.2684 90.1301 90.1493
997 55.8717 114.456 93.8261
998 68.8032 100.42 118.548
999 61.7258 114.586 114.387
1000 78.8917 110.39 118.533
1001 63.2549 103.348 118.83
1002 78.8619 94.2384 118.717
1003 53.1351 90.1052 113.59
1004 79.9302 114.774 108.251
1005 84.7298 114.997 112.792
1006 90.2685 94.5934 102.632
1007 57.6405 104.766 116.989
1008 114.613 14.1338 16.2753
1009 97.3347 13.3368 11.6464
1010 97.3825 18.6513 -1.03557
1011 108.442 2.19232 -0.668688
1012 92.9898 -1.29719 0.881667
1013 102.826 16.6842 6.73934
1014 86.8159 21.095 9.32953
1015 106.657 14.6633 17.818
1016 110.682 7.44516 23.9928
1017 108.049 -0.636184 23.5962
1018 86.6682 13.0056 7.28577
1019 92.8954 11.2491 17.3887
1020 108.55 10.6579 15.7453
1021 94.3051 7.3815 21.7981
1022 98.8769 17.6833 36.8493
1023 97.195 11.1272 30.3851
1024 113.785 6.23876 28.9634
1025 104.708 19.8772 34.9218
1026 99.2601 13.1403 26.2579
1027 99.4076 11.6521 30.4282
1028 93.5305 17.4441 36.7378
1029 96.1884 -0.605642 36.5811
1030 96.5859 27.7396 56.162
1031 93.954 7.35893 69.161
1032 113.313 4.8838 57.007
1033 102.26 21.807 60.1238
1034 113.349 26.3235 46.7818
1035 89.4315 -0.542924 54.5279
1036 113.168 14.6564 58.3817
1037 98.1198 9.54978 40.7871
1038 97.8438 27.7401 66.9138
1039 98.1299 17.3082 72.8067
1040 113.826 22.7426 75.7632
1041 91.2876 -0.407334 65.3701
1042 113.623 1.01288 69.022
1043 86.7442 -0.551851 64.232
1044 106.223 13.9204 70.8506
1045 103.314 29.2599 68.5586
1046 87.5827 -0.42927 85.7833
1047 96.4706 15.6447 77.6642
1048 110.003 17.9779 83.5035
1049 106.797 -0.351028 79.9224
1050 102.418 23.721 94.1782
1051 106.034 20.0749 90.511
1052 93.543 13.3612 71.1444
1053 105.06 9.72127 79.4263
1054 98.4118 16.3307 84.5321
1055 112.118 -0.164841 71.1342
1056 85.8732 11.5458 94.8709
1057 114.622 1.19093 91.0835
1058 97.3732 22.5694 93.8693
1059 87.6646 3.68651 94.5088
1060 98.3663 15.4692 79.4884
1061 106.756 5.89395 94.3687
1062 74.2405 17.5854 105.374
1063 98.6707 25.7452 92.4253
1064 93.2573 5.64741 96.7414
1065 114.85 6.92476 97.645
1066 97.0043 11.6599 109.159
1067 108.755 7.5332 109.456
1068 115.295 7.04665 117.618
1069 100.572 9.72404 102.99
1070 102.761 42.7266 -0.856307
1071 84.3542 37.9572 10.0343
1072 104.311 40.9371 -0.768175
1073 102.861 41.8839 15.5322
1074 104.367 42.3418 2.28827
1075 98.5242 44.5691 -0.875661
1076 95.3449 38.5132 18.151
1077 92.6114 37.1823 17.1562
1078 102.825 40.2414 6.29703
1079 89.8547 41.0498 17.0945
1080 85.1839 31.4194 23.6978
1081 107.171 33.5812 13.6162
1082 81.3184 49.4785 34.4041
1083 114.07 49.9127 29.9991
1084 94.4224 23.7672 23.6425
1085 92.0042 41.3751 17.393
1086 95.1627 33.999 53.7254
1087 113.668 32.6176 26.7384
1088 89.0662 51.7856 36.6702
1089 90.4761 21.5566 43.1231
1090 99.4698 37.5218 40.9157
1091 82.4437 29.5441 41.0432
1092 96.2042 23.4137 55.9128
1093 90.6594 31.5865 55.853
1094 93.9369 35.5452 64.6799
1095 86.8348 39.83 51.7587
1096 94.8741 43.6905 55.8041
1097 97.4606 27.8864 47.1164
1098 101.862 39.4923 47.3209
1099 113.543 44.5562 43.9357
1100 85.4731 29.649 62.6931
1101 113.223 18.7208 46.8971
1102 104.248 23.6836 64.6346
1103 103.586 21.427 62.5677
1104 105.071 35.5699 51.5889
1105 87.3617 31.6245 64.679
1106 113.663 19.9882 68.9514
1107 86.5398 31.3258 62.3007
1108 94.462 23.7066 68.902
1109 94.5422 29.7052 58.0381
1110 114.052 47.0035 84.1507
1111 94.2476 45.925 71.1299
1112 114.232 41.192 87.0312
1113 100.456 19.8639 58.3272
1114 81.5397 24.519 81.4279
1115 89.171 33.852 84.0137
1116 114.274 34.6018 83.9772
1117 92.1292 33.4405 75.6178
1118 104.663 35.7505 81.4513
1119 91.7282 26.0326 92.5835
1120 92.1391 47.8967 73.2801
1121 75.8427 33.3403 81.7065
1122 90.9012 29.4385 79.6003
1123 95.7814 40.0318 90.1918
1124 92.947 35.0526 95.5827
1125 104.745 47.9087 90.1421
1126 105.024 50.2374 75.2462
1127 83.1797 43.8865 100.92
1128 92.5143 42.0671 107.031
1129 100.435 39.7334 110.873
1130 109.354 27.4633 118.865
1131 98.9754 44.6165 106.27
1132 102.282 42.1209 112.979
1133 115.378 34.969 114.169
1134 101.415 31.9338 106.901
1135 96.7876 44.0592 108.916
1136 79.2762 48.0965 109.229
1137 99.9285 53.1206 13.3917
1138 104.305 40.7163 4.26782
1139 95.5899 51.677 -1.10013
1140 108.548 45.9868 12.5987
1141 113.409 71.9492 27.7448
1142 113.618 62.6726 25.0046
1143 99.0301 67.7752 34.217
1144 93.6802 63.8495 19.1594
1145 86.9176 48.8838 16.6545
1146 113.831 53.1841 31.2086
1147 114.26 54.0594 16.9808
1148 95.5157 51.7926 21.2756
1149 94.225 68.7707 13.8085
1150 97.4259 73.6859 19.2561
1151 103.932 49.6979 40.9438
1152 93.3595 58.116 49.7406
1153 92.0624 51.6964 40.7868
1154 101.77 63.9228 40.5813
1155 91.8708 55.6666 38.7148
1156 81.123 59.6516 34.3276
1157 103.598 53.4659 47.1446
1158 96.1603 47.9176 44.9725
1159 93.5588 55.4863 42.6225
1160 113.438 78.5279 54.0215
1161 105.276 47.8722 62.0859
1162 90.5742 60.0477 49.2533
1163 85.0639 53.6228 47.2957
1164 98.8724 65.9505 51.3351
1165 102.777 61.716 53.6358
1166 94.3285 67.7972 44.916
1167 113.86 53.8683 53.6436
1168 76.192 72.0108 53.8222
1169 107.901 58.1257 66.4263
1170 99.6478 59.6986 77.0412
1171 104.98 55.9574 70.744
1172 113.283 50.8255 63.5936
1173 80.7041 55.7484 64.6788
1174 101.819 48.1476 64.7429
1175 80.5826 57.8144 62.427
1176 101.961 57.6951 49.2193
1177 109.196 77.8833 74.9778
1178 93.0655 60.0089 81.5799
1179 99.3347 43.824 64.4029
1180 90.778 53.7218 51.5834
1181 110.354 55.6626 53.7287
1182 96.94 57.4605 83.1907
1183 99.7372 47.8512 94.1582
1184 89.7268 56.0391 85.9205
1185 85.4935 50.0919 85.9073
1186 106.396 50.0058 81.3926
1187 114.257 67.6593 89.0082
1188 114.286 51.4766 79.561
1189 113.679 56.6875 78.2921
1190 113.76 48.563 82.4545
1191 94.9151 65.8868 71.0096
1192 101.514 40.6983 93.9495
1193 99.6868 62.2943 87.9917
1194 91.9117 45.9331 85.8238
1195 114.688 56.9614 99.5054
1196 100.131 72.0097 98.1076
1197 93.3595 70.1497 100.489
1198 97.2376 62.3471 106.742
1199 81.5934 64.669 102.523
1200 80.3656 61.5252 104.459
1201 86.2517 55.0188 119.144
1202 94.7191 50.776 109.476
1203 109.277 59.9463 118.56
1204 104.715 76.9628 106.205
1205 93.795 57.7471 119.215
1206 107.826 64.9497 118.703
1207 95.4581 101.01 -1.307
1208 81.8591 75.6722 -1.44634
1209 97.0826 86.2558 16.2285
1210 114.77 81.2242 9.33
1211 84.0908 88.5581 8.22421
1212 114.513 82.6595 0.0688576
1213 89.8795 77.1211 -1.18834
1214 79.8706 72.3375 6.1018
1215 100.724 71.7388 12.9335
1216 105.473 86.208 -1.18607
1217 107.417 93.7924 36.0469
1218 114.1 73.4468 18.9568
1219 78.2143 87.5046 25.6773
1220 97.9615 78.0338 21.6212
1221 107.782 83.6768 25.265
1222 114.015 85.5173 22.1187
1223 86.584 88.1219 19.318
1224 84.1003 87.753 27.7705
1225 95.7444 79.4142 14.6637
1226 103.248 77.8986 53.5334
1227 104.387 95.6283 37.8276
1228 101.64 70.193 51.1501
1229 96.2337 64.1809 43.019
1230 77.8705 80.111 32.3964
1231 87.7407 74.8875 62.9588
1232 113.285 83.4037 41.9874
1233 80.8352 87.7971 40.6157
1234 97.368 72.0009 55.7363
1235 89.078 70.1601 56.0194
1236 98.8677 80.0497 53.5075
1237 105.743 67.6152 38.5095
1238 113.229 92.8305 48.2964
1239 100.062 89.7759 44.7581
1240 76.4045 96.0519 51.2163
1241 107.498 56.3327 64.7494
1242 101.593 70.1338 62.0578
1243 97.9185 84.2011 64.2073
1244 96.9835 64.0642 68.7407
1245 113.744 89.1791 77.2735
1246 113.648 61.6687 74.2217
1247 114.139 63.3237 83.7466
1248 103.326 92.1967 57.6779
1249 113.331 77.3823 60.7569
1250 105.878 84.262 81.1254
1251 96.78 78.3438 76.8111
1252 82.7603 74.2387 94.1242
1253 113.254 81.5379 65.4752
1254 76.6837 76.0307 68.8886
1255 83.0039 78.5955 83.9484
1256 114.275 87.6498 84.5241
1257 88.1517 74.5189 94.1031
1258 99.5998 84.2049 83.3885
1259 95.5012 72.2594 87.7264
1260 93.0265 95.016 99.9295
1261 114.211 74.8863 88.9478
1262 102.242 88.3233 98.0189
1263 102.556 79.9598 87.8533
1264 87.1945 72.4088 94.219
1265 104.397 83.4252 98.8878
1266 108.984 74.6489 112.682
1267 89.1175 71.1433 118.971
1268 115.018 70.078 111.415
1269 87.7115 77.2063 118.84
1270 102.084 82.242 118.624
1271 109.099 75.9267 114.165
1272 104.662 94.47 104.604
1273 87.355 85.9541 109.465
1274 106.216 96.4409 118.496
1275 94.624 80.3039 118.811
1276 114.977 81.2635 103.512
1277 91.9408 83.894 118.653
1278 77.8915 76.1882 119.174
1279 103.123 83.5107 101.423
1280 109.179 72.1137 118.625
1281 114.53 88.8577 1.81968
1282 92.6336 114.107 3.9258
1283 105.595 114.115 10.084
1284 114.527 100.86 13.9891
1285 100.957 114.197 3.6987
1286 86.8164 109.857 16.4088
1287 113.756 102.916 19.9562
1288 98.8911 90.0364 27.6815
1289 113.814 102.224 33.9629
1290 113.465 93.0744 31.108
1291 106.285 106.059 21.3232
1292 87.761 113.987 35.5803
1293 103.232 90.8907 25.9639
1294 106.195 113.745 27.7713
1295 87.3788 114.188 38.5395
1296 98.6821 114.087 39.9275
1297 91.9718 110.473 25.6463
1298 102.132 114.014 34.3806
1299 112.918 104.679 47.8938
1300 104.607 93.7714 36.1284
1301 94.5524 102.404 30.126
1302 81.8852 95.9493 38.1965
1303 107.335 114.023 55.6801
1304 105.833 83.6209 53.2366
1305 111.375 113.873 50.6767
1306 81.1586 113.863 16.3209
1307 93.3096 93.521 47.3413
1308 83.2497 95.9664 57.7901
1309 102.093 103.709 66.2684
1310 82.7262 100.402 66.2477
1311 86.4106 82.1035 68.7628
1312 95.0145 84.4632 66.8048
1313 110.382 113.904 60.899
1314 86.7127 114.305 57.8443
1315 99.7283 89.053 86.131
1316 101.232 93.8567 87.9383
1317 101.232 100.217 87.3808
1318 103.592 106.167 79.1294
1319 93.224 102.405 87.7654
1320 88.0984 89.9865 68.8518
1321 113.822 104.448 72.3891
1322 100.774 86.3373 83.4163
1323 114.116 113.118 82.0534
1324 100.022 106.511 89.5978
1325 97.1987 98.5055 91.7513
1326 114.371 91.4955 91.9845
1327 90.2383 98.1721 96.6298
1328 111.669 91.0483 104.888
1329 101.177 114.602 89.1062
1330 96.819 114.139 72.8224
1331 82.9606 88.5462 100.352
1332 88.8826 114.871 112.377
1333 91.5904 114.675 111.072
1334 96.3176 101.163 118.705
1335 95.7306 106.937 108.35
1336 115.058 103.678 116.678
1337 105.876 101.727 99.0415
1338 115.23 103.379 105.238
1339 115.236 112.133 117.007
1340 115.076 109.569 106.844
1341 84.8081 98.6907 114.728
