0 8.37696 21.8232 -0.162493
1 11.4591 1.92011 -0.183162
2 17.2025 18.3562 11.9632
3 28.7102 -1.53053 3.3018
4 27.0803 2.7694 -0.181139
5 9.44331 2.57004 3.83093
6 -0.280733 9.66873 1.5397
7 11.5837 6.79518 11.7578
8 21.4596 10.9145 -0.203135
9 -0.455042 13.8505 1.49336
10 0.515371 18.5833 29.6002
11 25.7087 21.0453 22.1547
12 11.8612 8.50037 28.5632
13 1.4393 -1.11105 4.65331
14 17.0428 -1.1596 19.8199
15 3.95444 15.0909 22.4369
16 0.149121 27.5586 23.0125
17 37.094 5.223 26.4092
18 0.523974 22.6924 30.8215
19 24.5045 15.129 32.8077
20 20.7365 -0.780493 41.5776
21 0.267752 5.85826 25.7163
22 32.0168 19.3032 43.9597
23 35.0092 3.55516 37.2136
24 1.10413 18.4558 43.256
25 13.3982 -1.00483 33.6665
26 12.5542 13.1909 55.0107
27 11.2799 21.6853 53.0282
28 32.5739 12.604 63.1016
29 5.87351 -0.676383 51.0246
30 7.69116 37.7399 65.6876
31 11.4046 4.85201 48.1596
32 12.309 16.851 37.4625
33 22.67 9.96139 57.4942
34 1.65497 18.6836 90.3945
35 32.4429 -0.361625 54.2184
36 15.7791 7.456 66.125
37 11.6939 21.3267 61.5229
38 21.4786 -0.761176 72.1449
39 21.5826 -0.217873 70.5581
40 28.4522 -0.490676 60.8539
41 17.3835 -0.28929 68.9197
42 32.1586 11.3972 78.9398
43 27.2533 -0.201229 88.3208
44 28.5364 21.6696 83.3785
45 9.95791 -0.517574 88.0598
46 12.8513 13.7667 90.244
47 6.38632 -0.208542 86.4366
48 24.3991 21.3827 88.0751
49 27.2531 15.2033 115.836
50 19.2564 -0.579432 117.587
51 26.1374 27.9704 100.914
52 13.8149 17.4216 105.494
53 41.9716 -0.142959 95.2854
54 16.6682 -0.556633 103.926
55 12.2318 -0.837416 110.076
56 15.3463 23.6177 94.4938
57 19.1207 25.0585 109.384
58 17.0458 26.2202 97.2496
59 17.3075 9.69717 90.2603
60 9.62412 5.40763 116.094
61 8.0155 -0.588897 117.641
62 29.0266 15.0903 121.87
63 20.6445 10.7504 121.856
64 0.432372 0.451863 118.713
65 0.948718 -0.741766 114.112
66 18.1314 43.2514 11.637
67 22.7303 38.61 9.08477
68 10.6768 24.7359 7.53873
69 4.15964 41.9271 10.7584
70 27.564 20.809 19.7308
71 4.11439 39.9337 8.67087
72 28.2662 38.631 -0.645403
73 22.9938 29.3176 -0.600058
74 34.7777 37.9093 28.8123
75 -0.731975 47.716 10.2267
76 0.600496 25.8667 29.7592
77 2.73464 40.0154 15.2868
78 1.33866 15.7379 49.0407
79 1.51878 46.4534 51.424
80 24.8764 45.3196 47.9476
81 1.72026 31.9383 57.6041
82 14.0386 37.1965 35.0483
83 14.044 35.2998 52.499
84 22.1815 39.26 35.0662
85 1.15253 40.5013 40.1192
86 28.0813 45.5881 41.4688
87 31.0212 39.6667 50.2091
88 20.9836 44.1751 45.0452
89 1.33713 26.446 51.3675
90 29.4611 28.7815 49.8909
91 28.2351 43.5384 43.6259
92 4.686 43.8634 54.3723
93 12.4743 19.081 43.9993
94 7.00922 39.2545 56.9501
95 27.8124 22.9554 54.5631
96 19.1849 53.676 63.337
97 24.3921 47.268 39.434
98 17.9158 37.3154 61.3032
99 1.47679 22.9385 56.9207
100 6.34892 35.5209 65.5774
101 18.7505 39.5337 61.171
102 1.70571 16.3927 67.8243
103 21.2477 31.6786 72.0875
104 32.1742 37.2554 52.4593
105 1.80499 36.613 71.6785
106 35.5833 41.2051 67.2276
107 28.422 29.5339 81.0863
108 15.669 23.8788 92.319
109 19.7846 23.5803 67.684
110 11.6809 39.7095 90.0238
111 1.77939 36.1327 89.1126
112 28.5884 39.5036 87.6738
113 8.17587 27.5962 101.246
114 22.5684 38.1385 96.8648
115 25.0012 39.3938 101.255
116 18.9919 33.8947 83.0776
117 13.1743 45.6027 89.7853
118 16.2173 27.7052 94.2773
119 18.8996 55.317 114.705
120 22.4818 39.6113 98.5898
121 7.22288 47.9828 98.5837
122 15.6514 45.9416 105.447
123 6.83743 37.4383 98.4753
124 6.45943 29.5306 98.7779
125 30.1125 25.4624 107.712
126 21.6033 56.1775 121.509
127 21.7802 46.2284 114.261
128 14.933 22.2223 121.932
129 18.8091 45.8605 113.721
130 6.08574 34.3524 121.619
131 7.51668 37.2393 121.576
132 27.463 28.9584 100.143
133 23.3235 27.9273 114.312
134 16.8816 67.9497 14.876
135 3.95713 60.9997 -0.350306
136 22.6323 66.9368 -0.929746
137 21.1235 60.961 12.8485
138 9.88268 57.7503 18.1157
139 -0.528258 68.0728 10.893
140 16.3652 55.3394 24.1688
141 14.8865 57.0356 28.2729
142 0.551401 48.721 32.7735
143 10.3993 55.1854 28.6363
144 38.8087 37.312 30.5109
145 1.3556 60.9384 39.8654
146 20.1345 65.2068 15.0756
147 34.7805 53.838 39.0131
148 19.2873 61.4084 39.017
149 30.5005 61.5635 36.983
150 24.6816 57.6012 54.5399
151 12.9699 63.3155 39.0795
152 19.2911 63.9191 38.8156
153 28.8292 63.8769 45.5223
154 17.6617 57.1847 39.4277
155 19.8068 61.5773 43.654
156 12.389 35.2024 35.0933
157 19.027 55.8949 30.6354
158 19.3929 49.435 37.0297
159 10.6981 51.3806 30.6444
160 18.1555 59.2653 39.0214
161 23.8843 61.2961 54.1907
162 16.5779 63.4566 39.1057
163 17.4842 37.4427 58.9286
164 38.3534 61.5503 56.4222
165 33.9954 43.6212 60.8936
166 27.3771 59.5908 41.3614
167 1.96165 39.9747 75.0453
168 10.308 45.8185 76.7194
169 18.6624 60.0192 70.0637
170 14.3943 63.5384 61.185
171 39.1977 57.1338 69.5024
172 23.3104 59.9759 76.3955
173 30.9584 57.944 89.658
174 28.2129 57.8896 85.3478
175 1.7112 75.0944 86.4023
176 17.33 57.649 78.6364
177 14.2311 57.7956 78.7809
178 21.7195 43.8288 74.4493
179 28.2362 43.6833 74.2504
180 2.04435 44.325 76.0865
181 8.56657 53.7056 94.3426
182 13.676 65.7021 94.3717
183 32.5731 53.6409 94.1567
184 12.6617 65.718 91.7453
185 34.9636 51.6158 98.8391
186 0.0171563 61.2302 102.335
187 3.20295 68.6386 110.99
188 1.3553 74.9994 94.9383
189 23.1746 51.8075 105.587
190 4.99222 47.7962 111.667
191 -0.172436 66.8567 119.983
192 11.4777 63.5393 112.758
193 18.7852 68.5859 121.38
194 0.104676 50.947 112.855
195 8.92893 59.5989 121.432
196 17.7174 53.753 115.379
197 20.4648 51.7126 117.485
198 28.7585 62.399 121.501
199 8.29088 64.6319 10.4921
200 9.12697 91.6325 11.3815
201 16.6736 80.4458 6.21954
202 13.0541 73.5689 17.5724
203 28.3841 77.8198 8.81578
204 10.3376 75.3502 11.4892
205 7.75937 85.8245 -0.588188
206 14.1845 73.4729 15.2685
207 9.8576 74.5089 18.8187
208 18.4189 71.3882 11.2837
209 14.4553 83.5412 34.5765
210 21.3209 91.0557 17.7849
211 22.749 91.4641 23.9792
212 21.6441 80.8063 25.2765
213 18.2764 73.9261 15.2482
214 22.6625 84.6652 14.5316
215 10.2837 71.5242 19.6268
216 24.7906 81.6624 19.511
217 15.5568 73.2398 17.3262
218 24.4899 83.9101 19.6671
219 14.9378 77.5264 21.6123
220 0.642775 81.2412 32.6506
221 18.6335 79.5774 28.1996
222 11.187 81.8941 35.2866
223 16.936 75.4995 17.6376
224 17.5429 85.7481 39.0938
225 20.8118 77.7221 39.0419
226 32.0259 63.8758 43.5442
227 20.2081 105.806 45.3349
228 7.27554 86.1013 51.9541
229 1.77953 81.0401 71.1429
230 26.8947 97.9111 73.7541
231 8.62239 67.68 54.5938
232 1.14077 94.311 50.6281
233 1.2025 73.1046 45.3547
234 20.9727 69.5022 45.4281
235 15.8201 63.8733 58.7364
236 7.1616 62.1261 60.8929
237 24.8841 67.709 58.6778
238 1.27591 76.8218 49.2536
239 1.68153 72.3139 62.633
240 23.6614 75.792 45.5638
241 21.7228 73.8011 76.2349
242 10.0482 71.6615 56.6558
243 8.03608 81.8698 69.8037
244 22.9216 83.4708 75.8311
245 13.5359 75.466 78.437
246 34.5599 95.7733 49.7333
247 23.8588 71.6428 58.6903
248 27.0266 87.8718 71.8701
249 13.1619 74.1222 72.1117
250 28.0454 74.0565 80.4203
251 1.45817 87.5935 82.5605
252 22.7162 65.6884 94.1343
253 15.8014 94.0308 64.9989
254 22.9766 67.9414 87.2897
255 18.2635 84.0254 91.7458
256 40.8778 85.9223 82.9011
257 21.1927 86.1032 91.6397
258 23.4018 81.9783 89.5147
259 10.5779 80.0425 80.5883
260 8.83806 85.9352 69.8338
261 1.84525 84.6611 75.548
262 1.16892 95.5124 85.4346
263 29.6307 69.8894 94.0078
264 11.1657 67.7959 100.773
265 0.199073 64.969 114.216
266 12.0967 84.4931 105.212
267 1.16232 78.6859 94.3613
268 22.121 82.0607 98.397
269 20.8665 80.3977 98.3476
270 9.22133 80.2515 100.721
271 14.4958 87.7103 121.244
272 21.7993 68.6943 121.52
273 10.0899 77.0082 121.487
274 9.06698 83.9104 121.276
275 25.8651 72.0221 105.238
276 30.1685 76.4484 100.97
277 41.5806 80.7329 121.287
278 25.0496 110.243 -1.19404
279 26.8597 95.4836 9.2417
280 12.3072 89.2017 -0.556095
281 6.58019 113.771 7.71138
282 16.6424 113.611 10.521
283 0.505001 97.305 -0.439918
284 27.1753 96.0044 19.6499
285 -0.38421 94.6681 16.2229
286 14.0833 113.669 22.014
287 25.5234 99.1522 21.0889
288 13.4035 113.62 28.0846
289 1.13723 113.102 16.3268
290 -0.566614 108.742 14.1479
291 14.1201 113.734 17.7327
292 0.246376 98.4429 25.5542
293 17.4857 98.1513 34.0058
294 11.5248 87.0136 21.2082
295 4.02887 113.4 15.8766
296 28.1409 113.988 9.31839
297 24.5857 94.529 31.9443
298 17.7879 113.716 36.1394
299 24.6742 85.5326 21.5592
300 30.3594 100.8 42.7225
301 4.86811 113.703 38.2866
302 6.46907 105.136 36.4197
303 0.359447 110.087 38.7096
304 1.16773 110.893 55.5726
305 23.2292 89.5183 26.2526
306 8.04913 113.665 37.0252
307 19.8963 102.669 16.5544
308 20.2498 113.636 30.5606
309 9.01629 94.1359 30.1125
310 12.1182 93.5128 39.1802
311 23.4727 94.1547 50.0067
312 29.0214 113.755 48.0581
313 15.1605 105.853 47.8385
314 8.84685 103.857 58.5306
315 1.86245 94.7666 73.7061
316 17.0862 105.797 71.9904
317 1.71415 99.2869 73.7066
318 1.60373 108.767 79.7403
319 25.6245 105.834 65.0224
320 36.6966 92.1154 69.3058
321 13.2444 113.764 102.983
322 26.7986 113.823 74.0133
323 31.2194 114.047 73.7194
324 12.7715 113.864 69.9705
325 21.0251 85.9103 71.8867
326 1.8222 108.997 84.141
327 1.68868 99.4169 77.938
328 25.2832 104.508 91.445
329 30.3288 106.513 98.1067
330 29.7629 94.1572 80.6229
331 0.00149121 112.728 106.441
332 13.4091 92.4352 104.956
333 2.06205 114.001 104.245
334 1.15341 112.438 95.9664
335 18.0052 114.351 102.077
336 4.72156 113.963 93.0615
337 18.3309 102.215 93.9837
338 28.7724 114.416 114.703
339 25.9764 107.236 121.118
340 -0.0563528 99.4642 108.702
341 17.4662 104.176 107.542
342 14.5592 106.791 115.557
343 31.2922 12.6962 -0.456526
344 30.628 8.55173 9.59695
345 55.8136 18.9779 3.45948
346 45.6553 13.0045 -0.382517
347 53.1043 -1.22744 21.259
348 42.7836 7.62825 22.5079
349 34.5488 14.1327 -0.299399
350 40.2171 19.1468 10.8876
351 45.2913 24.7268 7.1717
352 35.1324 9.21719 28.6446
353 51.9085 9.31014 28.5752
354 37.2428 9.14872 26.4533
355 51.4374 -0.913596 27.1396
356 52.9685 -0.875496 25.7954
357 34.1474 29.1293 37.138
358 22.7702 9.12188 4.68329
359 58.6295 27.1205 26.094
360 42.8954 20.9783 21.9605
361 51.6345 -0.753047 41.1468
362 24.6707 19.1219 45.9723
363 52.7469 21.2384 19.5227
364 56.1728 27.0424 36.7801
365 49.1066 -0.324269 66.3898
366 25.7005 17.755 63.3935
367 36.6004 10.9058 49.7919
368 47.5797 7.86143 50.7422
369 47.8598 11.4211 63.3621
370 42.2769 19.3033 52.0965
371 32.0938 15.2054 46.0077
372 36.5612 21.1147 56.5032
373 46.1608 11.6702 45.6506
374 43.3793 19.2281 50.2207
375 65.307 21.8556 69.8911
376 32.5694 17.6408 65.6781
377 38.3607 -0.208335 72.0702
378 53.1466 9.77481 96.6976
379 43.3409 21.3119 89.9215
380 19.0863 -0.326897 80.8559
381 50.663 9.5848 78.843
382 30.0004 23.8409 87.5999
383 46.2607 0.0437588 92.745
384 42.1764 23.9237 90.0113
385 25.722 -0.340041 81.8003
386 33.9751 -0.237564 68.5553
387 50.4758 -0.630414 113.36
388 32.3572 -0.260477 101.728
389 46.3352 22.02 94.819
390 50.5656 17.1278 108.182
391 50.5694 27.9256 103.267
392 43.6269 10.0691 99.2526
393 50.5412 11.8821 121.812
394 40.6102 5.95058 121.671
395 46.1025 24.1101 118.35
396 36.2564 21.126 121.8
397 36.2006 0.866604 121.771
398 44.544 -0.573908 116.177
399 50.5141 12.8371 113.31
400 63.898 -0.600687 114.241
401 53.1843 5.04368 122.056
402 28.4952 30.682 -0.608577
403 21.3462 36.8555 9.57226
404 31.3852 38.7833 5.07953
405 54.2649 37.4078 -0.924742
406 55.531 40.6155 -0.983902
407 51.3577 32.8688 17.5389
408 25.0388 34.8155 5.44922
409 45.7172 36.856 15.0052
410 31.4332 29.5411 -0.337693
411 46.8699 36.4906 -0.718208
412 31.3397 43.7342 9.97248
413 26.2055 43.1702 13.4406
414 48.2395 45.6762 24.1709
415 32.6001 33.182 30.5905
416 48.7062 30.9346 30.1545
417 34.3875 39.3694 13.6431
418 35.6598 37.1341 13.6553
419 50.0574 32.9062 21.418
420 36.474 36.975 11.2634
421 50.1532 34.8977 26.211
422 27.474 33.1628 43.6735
423 39.4441 9.09684 48.0727
424 45.8618 31.6528 32.1194
425 30.9035 31.2279 34.9144
426 68.5184 22.9873 43.2122
427 60.468 11.3896 41.0912
428 37.9031 25.0118 28.2651
429 47.3435 41.2629 45.6367
430 39.5408 43.5678 39.1867
431 51.5733 33.2837 41.1379
432 37.6065 44.8188 30.7955
433 40.6876 27.3745 60.9322
434 52.4205 29.5768 58.6754
435 30.7498 15.3879 48.0751
436 36.7282 43.7047 58.8293
437 43.7503 37.5288 47.7593
438 58.7545 45.6587 71.9614
439 32.2119 34.9276 54.9685
440 53.2615 41.8508 76.4161
441 33.0612 37.4866 58.9376
442 55.3738 29.4513 69.9044
443 32.1016 45.5007 54.5316
444 30.0591 19.2567 68.1892
445 32.8809 21.7011 76.6925
446 44.8977 27.0611 48.2743
447 62.5126 27.5532 41.2494
448 31.8183 21.5437 83.4009
449 42.1837 39.7579 74.1811
450 51.6772 27.2566 41.4641
451 39.2434 33.3818 58.936
452 27.4668 37.9421 76.5207
453 57.468 46.0093 80.8748
454 32.2972 43.5388 63.4009
455 54.653 31.3904 65.2091
456 38.3512 43.7829 85.3141
457 46.6648 29.8126 74.2804
458 46.5203 19.407 83.3497
459 38.2981 35.3807 81.1416
460 61.5669 43.7458 87.606
461 43.7062 44.1422 76.1775
462 56.2762 20.1412 90.1635
463 52.7694 36.0428 94.4351
464 56.4769 25.743 81.0883
465 36.64 38.0691 85.0733
466 57.6299 29.8333 89.6858
467 46.0428 27.7315 105.364
468 52.8567 35.8652 98.8152
469 39.3726 13.7078 96.6933
470 30.3604 50.3991 111.275
471 49.0756 37.6184 115.39
472 54.1616 33.6994 113.732
473 49.7707 33.8003 113.54
474 14.6328 17.8665 122.063
475 47.4876 29.3394 121.697
476 47.8079 37.909 111.655
477 43.1196 55.6682 112.948
478 60.6054 18.0465 121.831
479 39.0392 54.76 103.084
480 36.8676 62.8995 -0.807548
481 45.4641 56.213 13.6525
482 39.9841 37.9274 -0.580333
483 42.4896 53.4482 -0.969337
484 28.3217 51.5435 28.3732
485 36.1552 51.5846 37.115
486 33.0344 67.5479 30.0896
487 44.5294 67.5749 19.4636
488 61.4201 61.8495 36.442
489 46.6007 65.8373 25.7796
490 51.3797 57.8047 27.9764
491 34.5899 61.2438 27.8361
492 44.4755 51.7534 24.1008
493 44.788 47.1544 40.8881
494 44.7833 41.4574 49.9212
495 36.0999 57.354 36.9962
496 47.9648 57.5049 45.3075
497 34.756 55.3994 37.009
498 42.0047 69.7492 45.4167
499 33.6177 49.7592 45.7123
500 50.648 57.2251 43.0422
501 43.4137 69.8442 47.4018
502 51.4444 55.5132 38.6193
503 47.8051 45.872 72.1112
504 37.7653 53.5172 62.9253
505 37.3036 70.0078 52.1763
506 57.4708 62.119 67.3845
507 60.4137 69.9212 82.8418
508 38.0903 57.7717 72.0229
509 37.7319 62.0145 67.5693
510 37.8623 43.7922 76.5117
511 35.2979 53.7146 58.6888
512 34.2489 63.8421 74.0475
513 29.3505 59.7962 65.512
514 50.635 53.3132 85.6812
515 31.0391 51.3151 83.6296
516 46.5704 61.6531 76.3275
517 32.1523 71.6413 82.6033
518 33.9698 56.3005 72.3055
519 38.3987 52.1036 91.9835
520 38.2248 53.9576 73.9279
521 41.2759 55.7384 85.5663
522 55.9946 55.8932 80.9845
523 49.2086 68.3735 92.2934
524 40.8056 54.4464 96.0162
525 48.8429 49.7546 98.5969
526 25.9799 67.3986 108.116
527 39.7476 60.1379 96.458
528 31.7296 48.0921 87.6441
529 30.2339 55.8238 91.9038
530 47.5338 63.4223 106.847
531 31.9025 62.4764 121.653
532 34.6294 63.6121 109.029
533 54.8452 50.5709 121.573
534 40.0082 56.1901 107.428
535 40.3592 69.4172 114.176
536 54.748 58.979 108.801
537 38.2313 80.8836 -0.849559
538 44.028 85.1396 -0.97644
539 33.8664 86.8286 -1.08619
540 52.4665 73.6054 8.89487
541 48.5392 105.768 18.5865
542 32.7012 68.637 -0.802157
543 26.8358 76.9112 -0.900282
544 56.3542 69.4269 25.6327
545 48.5098 77.4708 25.6218
546 55.9757 83.665 19.0613
547 42.6185 93.1687 14.2338
548 41.5269 67.4297 21.6835
549 51.653 81.6414 19.1103
550 58.4642 74.4637 14.458
551 65.6364 81.737 32.0303
552 51.3024 80.2509 17.6917
553 41.5238 93.8199 47.3688
554 64.1245 86.2591 27.2939
555 45.9728 69.6999 47.5184
556 27.6738 63.9575 33.0649
557 30.9875 81.7317 34.5443
558 46.1573 69.5111 19.4389
559 61.3994 75.9844 32.2968
560 45.0701 69.7726 45.0719
561 33.2676 87.4577 39.124
562 61.9036 65.7932 27.8826
563 61.0137 93.7894 40.7396
564 35.4575 75.7316 40.9673
565 41.1113 65.5607 23.6609
566 37.2478 83.693 38.79
567 54.3122 100.068 51.9059
568 58.5644 95.9716 62.6752
569 64.0494 68.0576 62.9238
570 49.9397 79.7622 62.7474
571 30.1817 79.7815 54.2257
572 47.661 71.5703 45.0671
573 51.6872 80.4519 65.4318
574 51.7804 62.0294 62.8943
575 25.509 71.4963 56.5286
576 37.7288 73.7043 47.7269
577 32.1535 76.5572 56.8277
578 31.8917 85.6906 58.3801
579 49.4229 73.7467 67.2103
580 50.5889 80.4163 69.272
581 46.7591 89.9264 76.2098
582 44.8768 91.8266 78.4961
583 52.1492 77.7408 62.8159
584 42.616 83.9196 76.1652
585 33.6997 81.8548 73.8689
586 29.6706 81.8194 76.1684
587 65.6184 80.3062 75.9174
588 33.7698 95.9876 82.832
589 33.5192 91.8277 84.9617
590 47.7042 65.7487 96.2499
591 58.9305 68.1631 85.3154
592 48.8765 83.9327 78.4341
593 51.3639 83.8355 89.7077
594 35.2668 87.5643 77.9863
595 31.9876 70.0131 98.5112
596 58.8816 83.69 109.983
597 50.4061 72.0626 111.204
598 34.02 76.221 98.4614
599 57.3194 89.4081 114.193
600 32.9311 77.9795 113.04
601 51.7827 75.7179 112.017
602 44.7304 78.1707 92.0543
603 39.0433 84.3233 94.0915
604 53.4522 66.1665 89.656
605 40.4854 82.0561 94.0835
606 51.9996 76.0312 98.6132
607 38.0087 80.011 98.6584
608 32.2384 67.8834 91.8748
609 31.614 74.8695 104.662
610 43.0626 85.7368 114.283
611 48.9977 67.7416 117.13
612 39.2381 84.5437 113.284
613 33.0828 72.9357 108.982
614 46.1209 79.0025 112.217
615 43.1933 78.9839 121.23
616 25.5027 90.0252 -0.761444
617 43.8905 112.521 -1.11586
618 55.3406 113.825 0.0216546
619 35.3608 91.7108 9.01881
620 51.0273 113.808 2.06289
621 40.7555 100.158 8.65455
622 56.7915 103.028 -1.37482
623 41.2169 114.083 19.3537
624 29.7165 100.198 8.39177
625 33.7153 113.867 6.29011
626 43.7614 92.0504 8.7591
627 34.1909 113.851 18.9565
628 42.3932 105.914 36.4302
629 28.5783 113.742 22.8892
630 31.5263 109.553 23.5793
631 33.5861 89.738 10.9661
632 26.1362 98.1929 28.5098
633 40.1639 113.701 27.4403
634 45.4484 103.73 21.1714
635 48.9213 103.623 29.6701
636 55.5697 113.497 41.1633
637 33.4688 104.032 47.4681
638 72.4616 113.83 51.2533
639 38.7907 95.9686 34.1954
640 47.5575 103.951 67.1516
641 39.1786 99.8117 49.3821
642 65.3172 106.107 58.3798
643 24.9008 113.942 49.8928
644 54.4717 99.4606 38.086
645 48.6595 113.561 34.5781
646 28.035 103.7 56.2541
647 44.8114 83.6871 36.5872
648 34.6769 113.869 30.2669
649 27.4283 114.21 86.9204
650 34.5543 107.867 64.8755
651 32.6857 114.084 58.2163
652 67.5157 90.0038 80.2408
653 47.8372 113.902 60.1147
654 33.0985 95.8301 54.3031
655 47.8054 104.106 71.7925
656 52.4724 91.9493 69.4629
657 19.8124 75.8149 73.9235
658 49.0054 96.0009 82.8135
659 35.0782 97.9961 71.6683
660 39.0543 89.7354 94.1487
661 38.8688 105.904 80.4559
662 38.2977 114.045 84.5499
663 42.124 113.933 76.3774
664 37.4396 113.869 100.742
665 39.1958 114.045 98.5276
666 47.626 113.946 80.8775
667 41.7655 105.861 80.5705
668 40.7073 100.334 93.8531
669 37.9654 108.147 80.3149
670 41.8126 87.5298 75.7778
671 23.8806 94.0924 85.2544
672 33.6886 108.009 98.1216
673 46.9653 102.074 87.2886
674 27.641 100.288 105.006
675 45.8845 114.017 102.175
676 55.6999 99.9283 96.2338
677 32.2478 114.19 100.614
678 42.9205 110.167 93.569
679 28.8257 114.581 110.86
680 28.8845 103.248 121.311
681 47.4703 101.211 121.168
682 52.8865 109.393 121.129
683 38.8025 83.7813 109.874
684 56.0461 114.652 111.42
685 26.9881 114.846 96.9453
686 33.013 114.527 115.828
687 41.7262 110.342 121.085
688 63.1558 114.756 114.725
689 54.5404 100.223 120.984
690 59.8884 114.988 109.322
691 75.7233 11.21 -0.626043
692 61.5735 15.0874 -0.399115
693 81.2873 11.2454 -0.61927
694 78.5228 15.3046 -0.658065
695 70.075 11.4308 -0.603235
696 58.3986 23.1813 19.672
697 78.6566 7.10793 11.6115
698 60.1296 18.0289 24.4963
699 59.3756 23.0542 9.34854
700 72.9372 -0.687366 25.8903
701 80.0916 -0.316751 28.0744
702 80.2073 -1.2969 6.7576
703 54.4456 10.4705 25.8597
704 70.1459 -1.28967 12.8837
705 48.5385 -1.09524 19.476
706 54.044 3.34534 41.3638
707 63.2027 13.0124 39.4131
708 75.4394 7.1308 50.1081
709 76.0961 13.2109 52.3506
710 60.0656 18.8519 37.6762
711 61.4293 -0.614579 34.459
712 57.2824 23.2847 45.5165
713 60.2984 7.64984 35.1996
714 70.8989 25.2903 36.9468
715 53.7745 15.4429 43.4889
716 62.7877 23.2693 45.6895
717 62.6897 -0.446351 54.4698
718 83.1542 21.5886 62.9736
719 54.8668 -0.253882 72.0724
720 90.9413 19.4731 73.9384
721 73.0848 -0.0616267 91.5382
722 54.8055 11.4866 79.0246
723 66.8997 13.9219 71.9907
724 62.9563 9.2184 72.0693
725 75.3145 13.5671 56.889
726 58.7349 13.6242 69.9803
727 80.4977 21.7609 65.2744
728 50.395 27.9204 83.3885
729 69.6995 17.8067 70.073
730 78.2006 23.7342 78.6252
731 66.2642 9.45821 89.9906
732 88.5448 -0.0822427 93.7135
733 86.4923 -0.476347 102.366
734 89.1071 5.77442 109.365
735 75.0818 9.04089 115.272
736 82.2739 20.4377 121.415
737 59.2342 21.0361 121.513
738 77.7319 15.0591 108.266
739 83.9718 23.671 107.343
740 82.0609 12.1221 113.153
741 63.4224 19.3008 120.421
742 64.7866 16.271 121.877
743 92.2602 19.6356 99.1463
744 56.6686 7.23412 107.635
745 66.3895 5.92062 121.689
746 59.2942 -0.444872 109.272
747 74.8634 30.8333 121.478
748 69.9186 30.4531 13.7136
749 72.7665 43.5399 -0.949288
750 84.3439 41.4452 11.0282
751 75.6588 39.1974 9.04017
752 75.6375 27.4829 -0.630055
753 61.149 24.2449 -0.569134
754 76.772 45.4658 21.5795
755 72.1595 41.3622 19.4651
756 76.7074 37.1223 15.1812
757 56.9271 35.0187 21.6737
758 57.2868 14.4434 16.166
759 58.7991 23.6299 43.3171
760 67.0544 43.5606 54.203
761 74.2285 33.3127 30.2846
762 54.7586 31.3243 32.3717
763 87.7064 21.6254 60.8019
764 80.0058 49.5782 47.587
765 60.0 31.7165 61.0502
766 72.8801 27.1252 45.3581
767 82.5377 33.0 40.8804
768 86.4515 33.6609 58.7374
769 82.3267 39.7822 52.3445
770 80.5993 29.2503 38.9197
771 79.6463 25.5671 67.5705
772 88.0085 33.5046 56.5416
773 80.8782 27.971 80.9123
774 64.0743 43.6287 74.2788
775 58.8414 29.931 67.5695
776 56.3017 29.7954 67.6755
777 70.9684 33.7129 76.3198
778 85.1354 33.8094 65.1838
779 90.6964 34.0348 60.6464
780 60.9997 41.8172 71.8844
781 73.5699 27.8023 78.4905
782 72.4042 37.6911 72.0277
783 56.1432 29.7245 76.7104
784 83.8798 25.8553 80.7029
785 64.2192 37.7652 87.5723
786 88.5133 44.0857 91.8145
787 63.3828 33.8923 85.6503
788 72.4798 43.769 82.9776
789 68.8454 44.248 96.597
790 60.3771 37.9079 83.2476
791 81.4214 38.119 91.8956
792 54.2205 35.6441 85.5496
793 68.7433 25.3068 80.651
794 63.1358 39.5027 121.571
795 71.7858 43.7494 98.5676
796 57.2529 35.8406 111.686
797 76.0784 13.5191 103.255
798 80.5346 33.9529 107.324
799 73.1775 43.8073 96.2491
800 80.4304 43.3314 103.684
801 74.8339 33.3067 105.558
802 83.0905 23.9168 85.2616
803 70.4302 46.1906 96.3949
804 54.6292 47.4998 121.708
805 64.9246 33.5419 121.496
806 67.1237 29.7453 105.625
807 73.6248 21.1783 121.629
808 64.5841 46.3659 102.839
809 85.009 41.8001 107.499
810 85.4835 41.5306 -1.00939
811 77.2553 59.1324 -1.23163
812 55.4946 55.7644 -0.907198
813 57.1101 57.7163 4.42427
814 56.9933 61.6849 16.6057
815 65.7492 44.8617 14.7282
816 48.8184 61.2803 14.9981
817 79.8602 57.7183 12.7159
818 65.6293 50.2147 7.54494
819 70.6768 59.5485 11.0285
820 82.3297 41.3446 13.1246
821 71.3512 60.8522 14.0571
822 60.2565 51.1139 8.67249
823 64.9187 53.4403 23.6133
824 60.2706 63.5249 15.2508
825 82.7215 61.1241 23.3604
826 64.0054 69.3811 11.0149
827 58.5498 57.7546 23.1538
828 83.8488 69.6861 32.3792
829 75.5503 65.5955 21.4144
830 69.8649 63.4426 49.4321
831 58.1795 57.4497 34.3512
832 60.2195 59.5541 42.9509
833 86.1374 45.4686 38.9814
834 54.1399 65.1905 34.8681
835 76.4068 73.4796 38.667
836 70.6983 47.4298 41.0641
837 71.3514 57.1684 34.6128
838 76.7122 55.7429 51.8219
839 72.3169 59.8045 67.4322
840 52.3329 61.672 71.7427
841 73.8905 62.0339 67.3925
842 53.7093 41.9337 71.8516
843 80.3035 53.7602 67.1326
844 69.0096 67.7851 53.8633
845 87.1539 55.865 69.2608
846 82.3107 69.9773 71.4348
847 52.8257 63.7327 76.121
848 79.6815 57.8219 65.1528
849 54.8671 59.9013 80.8555
850 87.6787 49.6911 78.4357
851 74.0588 41.6514 80.6796
852 81.6064 59.967 74.0329
853 80.548 57.8562 76.1666
854 51.7806 41.9455 74.0217
855 75.3278 57.8513 69.5645
856 71.7335 48.5128 96.6315
857 68.0125 53.6961 85.2953
858 74.0517 61.7152 91.8872
859 73.4371 41.8374 96.2049
860 53.3575 68.5981 107.546
861 61.7614 60.5699 108.088
862 66.8168 76.0552 100.681
863 75.7261 43.604 100.97
864 68.9425 58.3326 107.433
865 81.5724 41.7686 103.476
866 72.8288 46.1248 96.4014
867 77.579 62.4225 105.058
868 83.5162 62.3392 107.297
869 80.5699 54.2055 107.443
870 81.8965 49.9919 121.507
871 70.3312 65.8762 121.278
872 73.5888 61.9554 121.413
873 84.7981 64.2787 105.164
874 89.1877 50.4954 121.351
875 83.2082 63.6278 121.362
876 79.8222 74.9605 8.08702
877 66.9435 74.2413 5.29394
878 83.972 77.8211 4.66971
879 65.4205 82.1266 -1.34983
880 67.0335 88.2391 19.2082
881 68.1842 78.0583 -1.46791
882 71.3694 77.6958 22.8358
883 59.9921 71.8764 2.44925
884 71.4307 66.1141 -1.10907
885 58.3757 92.5279 11.4415
886 82.596 71.5885 29.8741
887 64.6707 77.7715 12.8911
888 71.4337 65.1809 18.9065
889 67.0931 78.1373 30.1072
890 75.6911 73.7395 21.2901
891 73.7389 75.6349 25.6065
892 73.8522 69.5998 38.6692
893 58.63 76.1879 29.7336
894 85.2833 71.3414 32.4998
895 78.5575 71.505 27.6341
896 75.2078 83.8837 40.721
897 74.1677 79.6048 45.4307
898 93.8193 83.8856 31.9014
899 82.48 63.5033 38.6768
900 75.7234 79.9526 47.3547
901 73.2524 81.6147 42.8408
902 63.9519 69.3804 54.0594
903 74.2156 87.8605 47.3218
904 63.9001 77.8485 49.3287
905 85.5293 75.8146 40.7535
906 78.1486 96.1967 51.3287
907 87.1508 79.9945 67.0406
908 62.3021 89.9128 53.8128
909 58.79 91.9413 65.0335
910 76.3949 78.1044 71.6964
911 73.9381 76.0761 89.4326
912 65.5211 76.4451 75.8299
913 69.4719 91.6614 57.9275
914 54.6672 88.0916 69.4191
915 83.5416 75.8124 66.9569
916 76.9156 77.8501 84.6519
917 64.1567 70.0241 78.4106
918 56.5441 83.8463 93.8701
919 57.3331 76.2413 92.0817
920 72.5832 72.4167 82.4224
921 66.9673 86.0134 87.2631
922 58.7035 78.1929 83.0726
923 65.8077 63.8722 91.7716
924 78.3946 84.6439 104.69
925 68.518 90.5216 104.608
926 65.5149 83.9048 82.7229
927 76.7491 92.1769 87.0334
928 64.544 90.3242 102.433
929 57.9713 84.4639 113.24
930 58.961 82.1959 121.352
931 76.6962 76.5031 115.384
932 67.572 80.986 121.021
933 71.6827 78.3301 99.1329
934 76.1186 78.3642 121.197
935 66.2118 87.5405 121.062
936 64.228 74.4073 107.111
937 67.6796 90.1947 121.167
938 85.5457 99.2781 7.16496
939 56.8946 90.1041 -1.19443
940 61.2216 106.17 16.7479
941 69.7638 84.1654 -1.24555
942 72.3761 93.561 25.1859
943 65.6088 113.73 25.9317
944 79.5693 113.706 26.7537
945 49.5216 93.6347 27.9473
946 59.2492 106.006 14.7483
947 69.8541 113.692 20.7565
948 64.043 91.3915 13.3388
949 58.331 114.132 15.0938
950 65.7423 106.118 19.2056
951 67.0973 113.79 33.5445
952 61.1888 102.808 44.3955
953 66.3277 99.742 27.6995
954 75.6449 95.7873 38.5821
955 61.2037 100.399 37.9583
956 73.7573 94.0743 38.4772
957 79.1515 105.806 60.409
958 55.4481 108.007 51.5975
959 92.2936 104.199 42.7416
960 70.6541 94.1956 45.1625
961 68.6001 106.066 51.2559
962 82.4457 106.141 64.5293
963 49.9257 113.815 51.2688
964 62.7755 95.3166 51.193
965 85.2956 106.188 53.8059
966 71.2929 81.4786 40.5278
967 57.4656 103.688 44.8307
968 78.4168 99.8843 53.5873
969 84.6195 114.129 82.4833
970 78.3978 100.105 71.4532
971 59.7212 114.062 69.4792
972 84.9878 108.185 66.8619
973 94.3917 95.9746 77.9715
974 68.1381 105.774 60.5379
975 84.1366 94.0391 75.8221
976 65.8956 108.261 102.518
977 88.9311 114.202 77.3888
978 72.3916 92.2481 75.9997
979 61.3641 101.956 78.4455
980 73.8471 87.9472 86.848
981 78.0069 113.953 86.3677
982 65.3048 113.904 75.8537
983 68.1324 113.681 69.4307
984 74.2748 100.52 102.538
985 75.7101 108.371 91.0749
986 79.9474 114.251 104.879
987 68.8328 94.1134 95.8392
988 53.291 98.3728 106.92
989 73.6887 90.0874 96.1652
990 55.8931 90.3665 102.837
991 84.4139 110.249 97.7442
992 73.2724 87.6658 114.069
993 74.0541 99.8795 93.7397
994 58.568 94.1447 89.3034
995 66.9384 114.039 93.9293
996 64.3558 90.0091 91.501
997 55.9909 114.055 95.4086
998 68.8032 100.42 120.758
999 61.7258 114.586 116.597
1000 78.8917 110.39 120.744
1001 63.2549 103.348 121.041
1002 78.8619 94.2384 120.928
1003 53.1351 90.1052 115.801
1004 79.9302 114.774 110.461
1005 84.7298 114.997 115.002
1006 90.2685 94.5934 104.842
1007 57.6405 104.766 119.2
1008 114.613 14.1338 16.2753
1009 97.3347 13.3368 11.6464
1010 97.3825 18.6513 -1.03557
1011 108.442 2.19232 -0.668688
1012 92.9898 -1.29719 0.881667
1013 102.826 16.6842 6.73934
1014 86.8159 21.095 9.32953
1015 108.135 14.9658 17.0701
1016 110.833 7.32002 24.2114
1017 108.082 -0.406898 23.924
1018 86.6667 12.9634 7.27365
1019 94.4741 12.9603 17.8334
1020 108.662 11.3561 15.1821
1021 94.3051 7.3815 21.7981
1022 102.116 17.3302 36.7833
1023 97.84 13.4667 30.6584
1024 113.949 8.55457 31.1035
1025 103.554 19.8339 34.3977
1026 99.6612 11.9553 26.952
1027 100.788 11.7286 30.3305
1028 90.8093 17.2149 36.972
1029 96.8686 -0.537915 36.6208
1030 94.8389 27.6394 56.3729
1031 91.8783 7.67352 69.7706
1032 113.642 3.81565 58.7565
1033 102.823 21.8407 60.7934
1034 113.423 26.4268 46.9554
1035 89.7034 -0.389565 55.6492
1036 113.102 14.92 59.6397
1037 98.1233 9.62992 41.1275
1038 96.0538 27.6845 67.2563
1039 99.074 17.6393 74.0829
1040 113.072 21.1731 75.6387
1041 90.6636 -0.30755 66.0028
1042 113.185 1.2135 70.5385
1043 86.6532 -0.402014 65.1215
1044 105.52 13.6946 71.9408
1045 101.618 29.8666 69.5201
1046 86.7073 -0.0293123 87.4006
1047 95.4065 15.7408 78.3777
1048 108.359 18.0161 84.9297
1049 105.961 0.0623026 81.1396
1050 103.437 25.6736 95.5618
1051 103.271 19.9581 91.7475
1052 93.1652 13.4952 71.7938
1053 103.315 10.1912 80.5335
1054 97.3293 17.9299 85.1026
1055 111.293 -0.0466159 72.3219
1056 87.0675 14.1222 96.5919
1057 113.411 1.37487 91.9091
1058 95.2553 21.9317 96.3098
1059 88.4638 4.06534 96.5346
1060 97.3779 16.1123 80.8507
1061 105.123 5.96349 95.9975
1062 75.1586 17.6173 107.474
1063 96.9 26.1069 93.9342
1064 93.8853 5.77736 98.6325
1065 114.245 7.12991 98.3561
1066 97.0043 11.6599 111.369
1067 108.755 7.5332 111.667
1068 115.295 7.04665 119.828
1069 100.572 9.72404 105.2
1070 102.761 42.7266 -0.856307
1071 84.3542 37.9572 10.0343
1072 104.311 40.9371 -0.768175
1073 102.861 41.8839 15.5322
1074 104.367 42.3418 2.28827
1075 98.5242 44.5691 -0.875661
1076 97.629 35.2861 17.3329
1077 91.5101 37.3469 17.4585
1078 102.804 40.2118 6.16526
1079 88.3278 41.2847 17.493
1080 86.859 27.2297 23.771
1081 107.068 33.6457 13.5974
1082 80.6413 49.4086 34.2834
1083 113.816 51.9786 27.8994
1084 94.0544 22.972 24.1473
1085 91.3273 41.6808 17.1106
1086 96.9836 33.5016 54.3138
1087 114.033 31.9804 26.4126
1088 87.8625 52.0868 36.2146
1089 90.4127 21.3833 43.3852
1090 97.8043 37.6102 41.2728
1091 82.7401 29.595 41.4428
1092 96.1588 21.7352 56.3666
1093 89.341 31.578 56.4468
1094 95.6069 35.8018 65.0436
1095 87.8107 42.0109 51.7037
1096 96.4619 43.691 56.0717
1097 96.8047 29.6513 47.6078
1098 100.94 39.6227 47.5427
1099 113.397 38.094 38.7561
1100 84.6066 29.5337 62.9127
1101 113.496 18.2157 47.1978
1102 105.842 21.5995 65.0651
1103 101.775 21.9759 63.2776
1104 104.535 35.3199 51.6037
1105 86.4874 31.8127 65.0287
1106 113.33 18.3707 68.9073
1107 87.8889 31.8973 62.7818
1108 93.3919 25.1092 69.9676
1109 93.4703 29.8584 58.7403
1110 113.299 47.5356 86.1273
1111 93.2936 45.3071 71.3654
1112 113.616 42.8077 89.568
1113 100.339 19.9029 58.8264
1114 81.3721 24.0682 82.8845
1115 87.8517 33.7333 85.0366
1116 113.419 34.9582 86.2705
1117 93.0864 31.3659 76.4084
1118 103.171 35.7982 82.93
1119 92.6927 28.1877 93.8572
1120 93.8285 47.7444 73.9884
1121 76.3711 33.9907 82.9812
1122 89.1122 29.9892 80.3785
1123 95.0049 40.1578 91.5949
1124 91.4892 33.9043 98.4024
1125 103.577 49.2719 90.9673
1126 105.051 48.0008 75.9856
1127 82.9221 44.0827 103.029
1128 92.4437 42.1108 109.199
1129 100.435 39.7334 113.084
1130 109.354 27.4633 121.076
1131 98.9754 44.6165 108.481
1132 102.282 42.1209 115.189
1133 115.378 34.969 116.379
1134 101.415 31.9338 109.112
1135 96.7876 44.0592 111.127
1136 79.2762 48.0965 111.439
1137 99.9285 53.1206 13.3917
1138 104.305 40.7163 4.26782
1139 95.5899 51.677 -1.10013
1140 108.548 45.9868 12.5987
1141 113.407 70.3733 28.4693
1142 113.684 62.2585 24.2639
1143 97.4302 67.8024 34.2586
1144 94.5495 63.814 19.1009
1145 85.5834 51.4939 17.3414
1146 113.141 52.3376 31.4411
1147 114.347 54.065 15.7346
1148 95.5346 53.3501 21.4432
1149 94.1485 68.6573 13.4105
1150 96.899 73.7309 19.2363
1151 103.016 49.5631 41.0622
1152 94.8267 58.0328 49.6778
1153 90.8429 51.7469 40.9459
1154 104.439 61.9088 40.8072
1155 92.8558 55.6362 38.9238
1156 82.2947 59.7309 34.6575
1157 104.836 54.004 47.3935
1158 99.1817 47.9663 44.9768
1159 93.3828 56.4952 43.612
1160 113.345 78.6219 55.279
1161 103.129 48.1552 62.935
1162 89.0111 59.9529 49.7267
1163 85.209 53.657 47.7615
1164 97.4111 65.8204 51.6927
1165 103.135 61.434 54.2681
1166 96.4527 67.7409 45.2144
1167 113.06 50.8737 54.5901
1168 77.798 71.8352 53.8715
1169 105.269 58.0743 67.1116
1170 98.8293 60.2792 78.4391
1171 102.16 55.9512 71.5026
1172 112.816 51.0264 63.5924
1173 82.8028 55.7129 65.2119
1174 99.9894 47.6588 65.0035
1175 79.4467 58.1764 63.0876
1176 102.328 55.7431 49.7247
1177 108.172 77.8751 75.8537
1178 93.3414 60.0553 82.7244
1179 99.0162 43.9253 65.0964
1180 90.1321 53.6956 51.9235
1181 109.833 55.8302 54.0403
1182 96.0924 56.1008 84.7884
1183 101.705 47.8576 95.9201
1184 89.4596 56.0292 87.3026
1185 82.3759 49.6835 87.4546
1186 105.671 51.6687 82.873
1187 113.255 67.453 89.7482
1188 112.969 47.5015 76.6247
1189 113.154 57.0392 78.5304
1190 113.364 48.9356 83.9225
1191 93.3061 65.7941 71.3623
1192 101.477 41.8796 95.8807
1193 99.0894 62.3967 89.431
1194 94.6862 45.8792 87.2054
1195 114.127 56.7977 101.387
1196 100.629 72.0584 100.284
1197 92.2751 74.6032 102.436
1198 97.2376 62.3471 108.952
1199 78.668 65.831 104.822
1200 80.3656 61.5252 106.67
1201 86.2517 55.0188 121.355
1202 94.7191 50.776 111.686
1203 109.277 59.9463 120.771
1204 104.715 76.9628 108.416
1205 93.795 57.7471 121.426
1206 107.826 64.9497 120.914
1207 95.4581 101.01 -1.307
1208 81.8591 75.6722 -1.44634
1209 97.0826 86.2558 16.2285
1210 114.77 81.2242 9.33
1211 84.0908 88.5581 8.22421
1212 114.513 82.6595 0.0688576
1213 89.8795 77.1211 -1.18834
1214 79.8706 72.3375 6.1018
1215 100.724 71.7388 12.9335
1216 105.473 86.208 -1.18607
1217 107.34 92.5956 35.9019
1218 113.975 72.2071 19.0975
1219 79.3137 87.9574 25.5122
1220 97.3931 77.719 21.4507
1221 106.222 83.8827 25.5751
1222 114.034 84.4268 23.1821
1223 85.7013 88.0604 19.0759
1224 80.7151 87.9207 27.965
1225 95.7053 81.4406 16.8652
1226 101.828 76.1644 53.6851
1227 105.977 95.8548 38.6146
1228 103.216 69.6341 51.472
1229 94.5513 63.657 43.3158
1230 76.2684 79.7848 32.0985
1231 88.8629 76.1233 62.7838
1232 113.768 81.3441 43.3004
1233 81.1508 88.1519 41.0656
1234 99.0148 71.5656 55.9429
1235 87.6059 69.4233 56.3989
1236 99.286 79.7179 54.0103
1237 105.859 67.7927 38.7036
1238 113.07 93.5779 47.724
1239 99.1139 89.6505 44.7363
1240 76.7925 98.0221 51.4679
1241 107.136 56.0109 65.0864
1242 101.604 69.9242 62.7101
1243 97.1328 83.7061 65.0636
1244 95.2437 63.671 69.38
1245 112.581 89.4565 78.6797
1246 113.01 60.7611 74.7212
1247 113.313 60.7219 87.5199
1248 100.216 91.6986 57.8248
1249 112.999 74.9753 64.1468
1250 105.607 84.0071 82.5025
1251 97.0732 79.9583 77.9403
1252 84.129 74.4302 95.9429
1253 112.949 81.3922 66.0548
1254 76.2493 75.7954 69.2172
1255 79.3958 77.9555 84.6994
1256 113.322 89.8466 87.2049
1257 87.5232 73.951 96.1314
1258 99.0453 83.7873 84.7796
1259 94.6122 72.1815 89.2391
1260 91.4789 92.5861 102.404
1261 113.36 76.5274 91.237
1262 102.3 88.1972 99.9137
1263 103.566 80.0608 89.0781
1264 86.9402 72.1015 96.2876
1265 105.056 86.5818 99.8458
1266 108.984 74.6489 114.892
1267 89.1175 71.1433 121.182
1268 115.018 70.078 113.625
1269 87.7115 77.2063 121.051
1270 102.084 82.242 120.834
1271 109.099 75.9267 116.375
1272 104.662 94.47 106.814
1273 87.355 85.9541 111.675
1274 106.216 96.4409 120.706
1275 94.624 80.3039 121.021
1276 114.977 81.2635 105.723
1277 91.9408 83.894 120.863
1278 77.8915 76.1882 121.385
1279 103.123 83.5107 103.633
1280 109.179 72.1137 120.835
1281 114.53 88.8577 1.81968
1282 92.6336 114.107 3.9258
1283 105.595 114.115 10.084
1284 114.527 100.86 13.9891
1285 100.957 114.197 3.6987
1286 85.3428 112.012 16.8156
1287 113.952 103.184 20.6256
1288 96.4141 90.2843 28.2383
1289 113.748 104.498 30.4249
1290 113.936 93.8163 26.1414
1291 106.522 105.897 21.1328
1292 88.0012 113.945 35.8862
1293 103.991 91.8143 25.5534
1294 106.099 113.499 27.8764
1295 87.7056 113.881 40.1375
1296 99.1622 114.013 38.7581
1297 94.0389 109.604 25.7095
1298 103.811 114.165 32.2039
1299 113.011 105.491 47.8546
1300 104.603 93.9292 36.4129
1301 96.0501 103.928 29.6817
1302 82.4437 96.0009 38.3958
1303 107.006 113.962 56.3134
1304 107.305 85.4918 53.5648
1305 111.323 114.119 51.4979
1306 81.4024 113.849 16.45
1307 94.5296 94.3834 47.4516
1308 83.6563 95.8022 57.9326
1309 103.411 103.921 67.0003
1310 80.8174 100.277 67.1503
1311 86.1254 81.9395 69.0695
1312 94.739 84.154 67.073
1313 109.79 114.227 62.3211
1314 87.6253 113.949 60.8855
1315 98.945 90.42 86.6348
1316 100.213 94.4619 88.7034
1317 98.4437 100.166 88.9468
1318 102.37 106.208 80.0404
1319 90.8317 102.381 89.0494
1320 85.7323 89.9295 69.1687
1321 112.68 105.409 75.023
1322 101.611 84.4575 84.3804
1323 113.042 112.835 83.681
1324 100.14 106.001 91.2355
1325 96.6519 100.211 93.5684
1326 113.577 89.6005 92.3237
1327 92.4449 98.4023 98.0148
1328 111.749 91.4277 107.173
1329 101.805 114.627 88.792
1330 97.6052 114.215 71.4893
1331 81.697 86.5252 102.323
1332 88.62 114.849 114.377
1333 91.5904 114.675 113.282
1334 96.3176 101.163 120.916
1335 95.7306 106.937 110.561
1336 115.058 103.678 118.888
1337 105.876 101.727 101.252
1338 115.23 103.379 107.449
1339 115.236 112.133 119.218
1340 115.076 109.569 109.054
1341 84.8081 98.6907 116.939
