0 8.37696 21.8232 -0.162493
1 11.4591 1.92011 -0.183162
2 17.2025 18.3562 11.9632
3 28.7102 -1.53053 3.3018
4 27.0803 2.7694 -0.181139
5 9.44331 2.57004 3.83093
6 -0.280733 9.66873 1.5397
7 11.5837 6.79518 11.7578
8 21.4596 10.9145 -0.203135
9 -0.455042 13.8505 1.49336
10 0.991328 17.064 29.0796
11 26.1227 20.6828 22.1852
12 11.4452 9.25545 28.7822
13 1.4704 -1.17868 4.78057
14 17.8479 -1.04176 19.8948
15 4.59045 15.1038 22.6778
16 0.621593 28.0834 23.5724
17 37.3025 5.6382 26.1033
18 0.69954 22.7804 30.8016
19 25.3664 15.3122 33.1145
20 20.8613 -0.474964 41.5637
21 0.289517 6.47905 25.4416
22 32.1478 19.0378 43.685
23 35.0207 3.14644 37.3351
24 1.15246 17.9845 43.2955
25 13.8218 -0.917186 33.9505
26 12.6915 13.5221 55.1464
27 11.8038 21.0956 52.797
28 32.6384 12.0719 63.2015
29 5.66102 -0.733265 51.4479
30 7.76608 37.3561 66.1496
31 11.1617 5.13264 48.7535
32 10.9928 17.3591 37.303
33 22.6055 9.83014 57.8026
34 1.32245 19.6994 90.0447
35 32.4286 -0.626417 54.6003
36 15.9807 7.23369 66.0454
37 11.5957 21.1255 61.3641
38 21.6706 -0.612155 72.5274
39 21.6556 -0.596722 70.8788
40 28.39 -0.424893 61.4007
41 17.2594 -0.458868 68.5979
42 32.8537 11.8034 79.3689
43 27.0216 -0.383845 88.1852
44 28.6451 21.753 83.589
45 10.4782 -0.573245 88.9051
46 13.068 13.9799 90.4453
47 6.34852 -0.305662 86.3482
48 24.2762 21.6616 88.1301
49 27.8627 15.4874 116.345
50 19.3437 -0.56773 117.941
51 26.1442 27.8486 101.266
52 14.354 17.4701 105.892
53 42.1286 -0.0375064 95.1912
54 16.2808 -0.397021 103.989
55 11.7071 -0.900862 110.726
56 16.2357 23.8123 94.6795
57 19.0472 25.1316 109.626
58 17.3083 25.9045 96.9176
59 17.1393 9.40865 90.602
60 9.62412 5.40763 116.33
61 8.0155 -0.588897 117.877
62 29.0266 15.0903 122.105
63 20.6445 10.7504 122.091
64 0.432372 0.451863 118.948
65 0.948718 -0.741766 114.348
66 18.1314 43.2514 11.637
67 22.7303 38.61 9.08477
68 10.6768 24.7359 7.53873
69 4.15964 41.9271 10.7584
70 27.564 20.809 19.7308
71 4.11439 39.9337 8.67087
72 28.2662 38.631 -0.645403
73 22.9938 29.3176 -0.600058
74 34.3139 37.3463 28.5588
75 -0.334153 48.4011 10.2876
76 0.502201 25.8394 30.8258
77 2.69616 40.3171 14.9901
78 1.39233 16.3043 49.5199
79 1.21781 43.9647 53.2513
80 25.3672 45.4562 48.2331
81 1.50213 32.0716 58.0198
82 14.4294 37.0326 35.1416
83 14.5135 35.659 52.3693
84 20.5548 39.1948 34.9797
85 1.44781 40.5274 41.0986
86 27.5282 45.0406 41.5509
87 30.803 39.2427 50.1596
88 21.0109 43.3441 46.2098
89 1.51626 25.9288 52.7038
90 29.4491 29.3101 50.3799
91 27.9618 43.5209 43.6368
92 3.96797 43.4 54.9024
93 13.5123 19.3093 44.0295
94 7.69977 38.8775 56.8431
95 28.2852 22.7492 54.432
96 18.6747 53.4072 63.2633
97 24.7267 47.6968 39.0519
98 18.7211 37.5009 61.3503
99 1.59311 22.54 56.949
100 6.27613 35.3421 66.021
101 18.404 39.5496 61.5319
102 1.47638 15.468 66.6571
103 21.469 31.8087 72.0774
104 32.345 37.5892 52.4491
105 1.80312 36.9152 71.9812
106 34.763 41.618 67.7264
107 28.1265 29.7957 81.3385
108 15.4052 23.7668 92.4418
109 20.4331 23.487 68.1374
110 12.2894 39.8217 89.9552
111 1.68596 34.8947 91.252
112 28.802 39.842 87.7636
113 7.97151 27.5694 101.336
114 22.4407 37.7384 96.6348
115 24.1136 39.6971 101.168
116 18.6721 33.7527 83.2455
117 12.1299 45.4174 90.1721
118 15.3983 28.1241 94.5313
119 18.8358 55.1136 115.121
120 22.1207 39.939 98.8963
121 6.35361 47.6869 98.9136
122 15.4684 45.9024 105.372
123 7.21993 37.7274 98.8731
124 5.54771 29.3583 99.09
125 30.1125 25.4624 107.947
126 21.6033 56.1775 121.744
127 21.7802 46.2284 114.496
128 14.933 22.2223 122.168
129 18.8091 45.8605 113.957
130 6.08574 34.3524 121.854
131 7.51668 37.2393 121.812
132 27.463 28.9584 100.379
133 23.3235 27.9273 114.547
134 16.8816 67.9497 14.876
135 3.95713 60.9997 -0.350306
136 22.6323 66.9368 -0.929746
137 21.1235 60.961 12.8485
138 9.88268 57.7503 18.1157
139 -0.528258 68.0728 10.893
140 16.201 55.6595 24.4264
141 14.6665 57.4399 28.4696
142 0.958666 47.8867 32.6686
143 11.7534 55.5802 28.41
144 38.0775 37.1679 30.5206
145 1.33852 60.5975 40.9485
146 20.1181 65.3091 15.2475
147 34.8374 53.2165 39.2881
148 19.2071 61.4027 39.0527
149 29.168 61.5894 37.2744
150 24.0039 57.6976 54.6373
151 12.4727 63.623 39.3052
152 19.6037 63.7803 39.06
153 29.4765 63.602 45.7627
154 16.7895 57.5826 39.5419
155 19.2925 61.6629 43.7145
156 12.6398 35.522 35.4676
157 18.5785 55.3015 30.6202
158 19.546 49.235 37.1851
159 10.0752 51.3622 30.7616
160 18.1801 59.5444 39.2798
161 23.8534 61.7081 54.5046
162 16.6332 63.3494 39.2495
163 16.5962 37.4225 59.2072
164 38.3456 61.7939 56.4408
165 33.7448 43.4492 61.1837
166 28.1372 59.3987 41.3108
167 1.81128 40.8743 76.2167
168 10.3115 45.6861 76.847
169 18.8181 59.7151 70.1287
170 14.0922 63.474 61.2777
171 39.5999 57.4751 69.8903
172 22.8467 59.7234 76.6978
173 31.2492 58.2288 89.7599
174 28.9165 57.8318 85.3762
175 1.51518 73.9494 87.2605
176 18.1491 57.7161 78.9683
177 14.3316 57.438 78.6594
178 21.4031 43.6945 74.6027
179 27.3028 43.8667 74.5917
180 1.62066 43.0864 78.0421
181 8.75119 53.6413 94.3053
182 13.8931 65.7848 94.2122
183 31.0289 53.9065 94.5076
184 12.9054 65.8442 91.8902
185 35.1744 52.3904 98.6912
186 0.0171563 61.2302 102.57
187 3.09999 68.5977 111.297
188 1.37358 74.654 95.7038
189 23.1746 51.8075 105.823
190 4.99222 47.7962 111.903
191 -0.172436 66.8567 120.219
192 11.4777 63.5393 112.994
193 18.7852 68.5859 121.615
194 0.104676 50.947 113.09
195 8.92893 59.5989 121.667
196 17.7174 53.753 115.614
197 20.4648 51.7126 117.721
198 28.7585 62.399 121.736
199 8.29088 64.6319 10.4921
200 9.12697 91.6325 11.3815
201 16.6736 80.4458 6.21954
202 13.0541 73.5689 17.5724
203 28.3841 77.8198 8.81578
204 10.3376 75.3502 11.4892
205 7.75937 85.8245 -0.588188
206 14.1845 73.4729 15.2685
207 9.8576 74.5089 18.8187
208 18.4189 71.3882 11.2837
209 15.1625 83.7467 35.0056
210 21.5231 91.6118 17.3448
211 21.8397 91.501 23.7725
212 21.6782 81.0475 25.8241
213 17.5756 73.3453 15.5446
214 22.6881 84.6759 14.7355
215 10.2531 71.3888 19.7402
216 24.1654 81.2435 19.7795
217 15.6397 73.5731 17.6291
218 24.1479 83.3917 19.3701
219 15.6791 77.5262 22.0429
220 0.803009 81.3813 32.8088
221 18.2358 79.5433 28.3299
222 10.7741 81.6146 34.8275
223 17.3266 75.7911 17.8049
224 18.6669 85.8749 39.2579
225 20.8406 77.9064 39.0251
226 31.0699 63.6152 43.3235
227 20.7636 106.119 45.6026
228 6.77662 85.9461 52.3437
229 1.43127 80.5735 70.3576
230 27.213 98.0344 73.8141
231 8.68591 67.5006 54.6311
232 1.11121 94.5887 51.0284
233 1.24857 72.4766 44.8223
234 20.9369 69.732 45.7989
235 15.5815 63.719 58.8679
236 7.56893 61.9588 61.1526
237 25.3002 67.4807 58.3894
238 1.17527 76.5053 49.1279
239 1.61717 72.4111 62.8798
240 23.6741 75.2526 45.8262
241 21.2917 73.7071 76.2953
242 8.9661 71.4691 56.8668
243 7.48033 81.7787 69.9991
244 22.7156 83.0662 75.9081
245 13.2235 75.7229 78.7993
246 34.8086 96.1574 49.37
247 23.988 71.7461 58.7665
248 26.987 87.9156 71.9773
249 13.7323 73.654 72.2556
250 27.7236 73.7932 80.6657
251 1.65686 87.1663 82.2959
252 22.5432 65.8348 94.3896
253 15.5953 93.8449 65.5224
254 22.5883 67.6294 87.6546
255 18.3349 83.8386 92.0537
256 40.774 85.9846 83.0278
257 21.3335 85.9901 92.0458
258 22.8464 82.0762 89.7951
259 10.3303 79.7803 81.0218
260 8.90004 85.9441 69.9774
261 1.74348 84.6042 76.1907
262 1.48152 94.6564 85.6586
263 29.444 69.848 94.3466
264 10.8686 67.9728 100.917
265 -0.113152 65.1057 114.844
266 11.8123 84.5297 105.464
267 1.65516 78.2587 94.3555
268 22.2469 81.8469 99.0719
269 20.5541 79.8747 98.8943
270 9.53422 80.2137 101.053
271 14.4958 87.7103 121.48
272 21.7993 68.6943 121.755
273 10.0899 77.0082 121.723
274 9.06698 83.9104 121.511
275 25.8651 72.0221 105.473
276 30.1685 76.4484 101.206
277 41.5806 80.7329 121.522
278 25.0496 110.243 -1.19404
279 26.8597 95.4836 9.2417
280 12.3072 89.2017 -0.556095
281 6.58019 113.771 7.71138
282 16.6424 113.611 10.521
283 0.505001 97.305 -0.439918
284 26.9001 95.4776 19.0886
285 -0.379806 95.1124 16.1674
286 14.4032 113.498 22.2652
287 25.703 99.2194 21.309
288 13.0925 113.567 28.5112
289 2.72807 113.575 14.9512
290 -0.585412 108.695 14.324
291 14.145 113.505 18.1246
292 0.216121 98.1895 25.7424
293 17.652 97.5102 34.9249
294 11.1364 87.4214 21.9251
295 4.05964 113.422 16.0435
296 27.9971 113.936 9.44387
297 23.9713 95.8067 32.7525
298 17.2405 113.721 36.2901
299 24.4998 85.8496 21.7502
300 30.4367 100.492 42.9125
301 5.09722 113.508 38.8715
302 6.59417 105.652 36.9274
303 0.683104 110.641 38.234
304 1.30104 110.724 55.7807
305 23.1239 89.578 26.0666
306 7.82509 113.396 37.1978
307 19.7545 103.415 17.0574
308 20.3907 113.439 30.5589
309 9.1376 95.3565 30.2248
310 12.3423 94.1644 38.807
311 23.6275 93.9606 49.9274
312 28.9424 113.659 47.9099
313 15.0463 105.953 47.8869
314 8.59953 104.007 59.0868
315 2.17873 94.1348 74.0992
316 17.1187 106.035 72.0998
317 1.69205 98.7593 73.8708
318 1.78213 108.617 79.8827
319 25.3148 106.151 65.3403
320 36.5466 91.8482 69.5801
321 13.3897 114.205 104.497
322 26.8367 114.016 74.3698
323 31.0366 113.504 73.4418
324 13.1024 113.859 70.5748
325 21.772 85.8043 72.0302
326 1.76593 108.885 84.474
327 1.88794 98.48 77.9485
328 25.3467 104.029 91.6659
329 30.6847 106.389 98.3063
330 29.8226 93.7125 80.6766
331 0.297516 113.058 106.533
332 13.6929 92.5164 105.073
333 2.20612 114.13 104.519
334 1.05264 112.385 96.5075
335 17.7375 114.207 102.22
336 4.35345 113.88 93.6599
337 18.306 102.194 94.3611
338 28.7724 114.416 114.939
339 25.9764 107.236 121.353
340 -0.0563528 99.4642 108.938
341 17.4662 104.176 107.777
342 14.5592 106.791 115.792
343 31.2922 12.6962 -0.456526
344 30.628 8.55173 9.59695
345 55.8136 18.9779 3.45948
346 45.6553 13.0045 -0.382517
347 53.1043 -1.22744 21.259
348 42.7836 7.62825 22.5079
349 34.5488 14.1327 -0.299399
350 40.2171 19.1468 10.8876
351 45.2913 24.7268 7.1717
352 35.7354 9.15768 28.4691
353 51.3971 9.1902 28.4658
354 37.1971 9.22132 26.2396
355 51.7727 -0.69826 26.896
356 53.2526 -0.587404 26.0151
357 34.8223 29.0701 37.0211
358 22.8164 9.05682 4.97016
359 59.3725 27.3464 26.1376
360 42.4661 21.1278 21.9053
361 51.8116 -0.571115 41.1521
362 25.1055 19.4784 46.254
363 53.1333 21.4973 19.3029
364 55.8775 26.2532 36.1394
365 49.4867 -0.378314 66.3441
366 25.491 17.5527 63.7777
367 35.9782 11.1506 50.4385
368 47.7793 8.32807 50.8497
369 47.6904 11.809 63.7773
370 40.9677 18.7735 52.1195
371 32.4015 15.4219 46.0665
372 36.6384 21.0473 56.6882
373 46.0315 11.7133 45.685
374 43.4944 19.7403 50.0496
375 65.602 21.6007 70.0684
376 32.462 17.2252 66.1392
377 38.3633 0.0476724 72.4149
378 53.588 9.66199 97.0787
379 43.3127 21.9315 89.9465
380 18.6515 -0.378909 81.1746
381 50.8064 9.25094 78.9695
382 30.3516 23.5701 88.015
383 46.5103 -0.0327821 92.8867
384 42.1562 24.0741 90.2726
385 26.0976 -0.42622 81.808
386 34.0845 -0.176735 68.674
387 50.3326 -0.696994 113.69
388 33.9414 0.0473674 101.075
389 46.2189 21.8383 94.4836
390 50.5656 17.1278 108.417
391 51.0172 27.6128 103.357
392 43.5004 9.51232 99.0514
393 50.5412 11.8821 122.048
394 40.6102 5.95058 121.906
395 46.1025 24.1101 118.585
396 36.2564 21.126 122.035
397 36.2006 0.866604 122.006
398 44.544 -0.573908 116.412
399 50.5141 12.8371 113.546
400 63.898 -0.600687 114.476
401 53.1843 5.04368 122.291
402 28.4952 30.682 -0.608577
403 21.3462 36.8555 9.57226
404 31.3852 38.7833 5.07953
405 54.2649 37.4078 -0.924742
406 55.531 40.6155 -0.983902
407 51.3577 32.8688 17.5389
408 25.0388 34.8155 5.44922
409 45.7172 36.856 15.0052
410 31.4332 29.5411 -0.337693
411 46.8699 36.4906 -0.718208
412 31.3397 43.7342 9.97248
413 26.2055 43.1702 13.4406
414 48.1992 45.116 23.6735
415 32.0423 33.2154 30.5361
416 49.9755 31.5226 30.3276
417 33.9404 38.8426 13.2212
418 35.5434 36.9723 13.5136
419 50.0683 32.2488 21.464
420 36.4455 37.055 11.3629
421 49.7275 35.0277 26.2318
422 27.522 33.3908 43.857
423 39.2083 9.03755 47.9938
424 45.7653 31.0622 32.6534
425 30.9906 31.4307 35.0573
426 67.439 23.3195 43.5566
427 60.1042 11.653 41.1512
428 38.7228 25.0464 28.6212
429 47.2548 41.7195 45.4054
430 40.0902 43.3703 39.034
431 51.6475 33.44 41.2684
432 37.3902 45.2236 30.6169
433 40.567 27.3436 61.1246
434 52.7883 29.4899 58.7753
435 30.7584 14.9963 48.3923
436 35.4017 43.6874 58.9659
437 43.629 37.4989 47.9478
438 58.8063 45.7695 71.8999
439 32.2793 35.4313 54.9289
440 53.2632 41.9045 76.532
441 32.2901 37.7602 59.2437
442 54.8279 29.4539 70.298
443 31.7844 45.5498 54.5227
444 29.9797 18.9881 68.3581
445 32.568 21.7477 77.0531
446 44.7266 27.7165 47.8535
447 62.5785 27.5563 41.0923
448 31.0293 21.7558 83.591
449 42.2835 39.7138 74.3276
450 51.8256 27.0942 41.5748
451 39.326 33.5334 58.9369
452 28.8659 37.6992 76.5911
453 58.6801 45.8226 80.9762
454 32.419 43.345 63.5066
455 55.372 31.8884 65.3628
456 38.1665 44.2531 85.3985
457 46.7161 29.4781 74.6593
458 46.5003 20.8443 83.8831
459 38.0094 35.9308 80.9753
460 61.6982 44.3036 87.4574
461 43.5645 43.7394 76.6563
462 56.476 19.8389 90.0672
463 53.9846 35.8367 94.5935
464 55.9056 25.7054 81.2889
465 36.3972 37.5521 85.9638
466 57.6492 30.0574 90.2103
467 46.4344 27.9011 105.905
468 52.515 35.7202 99.0726
469 39.2964 13.3755 96.6864
470 30.3604 50.3991 111.51
471 49.0756 37.6184 115.626
472 54.1616 33.6994 113.967
473 49.7707 33.8003 113.775
474 14.6328 17.8665 122.298
475 47.4876 29.3394 121.933
476 47.8079 37.909 111.89
477 43.1196 55.6682 113.183
478 60.6054 18.0465 122.066
479 39.0392 54.76 103.319
480 36.8676 62.8995 -0.807548
481 45.4641 56.213 13.6525
482 39.9841 37.9274 -0.580333
483 42.4896 53.4482 -0.969337
484 27.4974 51.2368 28.4955
485 36.1749 51.25 36.9402
486 33.3703 67.5675 30.5204
487 44.2057 68.0774 19.7426
488 62.2388 61.6718 36.566
489 45.5292 65.2859 26.2098
490 51.1838 57.6529 27.9621
491 34.3997 62.1639 28.7141
492 44.4968 51.6156 24.1509
493 44.8739 47.5232 41.3343
494 44.6214 41.5477 49.9771
495 34.6403 57.2351 36.9063
496 46.966 57.638 45.4385
497 35.4157 55.295 36.9088
498 42.201 69.6444 45.3449
499 33.8531 49.4535 45.8242
500 49.8577 57.6931 43.2932
501 43.2065 69.5742 47.8006
502 51.4789 55.553 38.7558
503 47.9277 45.7308 72.1066
504 37.9143 53.8172 63.43
505 37.7622 69.4465 52.1839
506 57.0921 61.8708 67.4035
507 60.0061 70.6743 82.5808
508 38.2223 57.9572 72.2659
509 38.437 61.7583 67.6046
510 38.1408 43.8124 76.3085
511 35.1428 53.9014 59.1163
512 33.4898 63.7137 74.1188
513 29.9915 59.4783 65.1883
514 50.3769 53.5993 85.5353
515 31.1888 50.0722 83.4975
516 47.7035 62.0472 76.3533
517 32.7794 71.5501 82.931
518 33.9618 55.3497 71.9712
519 37.8387 51.6538 92.0526
520 37.9296 53.5236 74.6239
521 41.1248 55.9524 85.2904
522 55.4788 56.0007 80.8743
523 49.0197 68.3051 92.2955
524 41.0002 54.223 96.4387
525 49.7281 49.7799 98.825
526 26.0217 66.7405 108.364
527 39.9005 59.7978 96.7005
528 31.2188 47.9466 87.7706
529 29.4804 55.191 91.6915
530 47.5559 63.939 107.368
531 31.9025 62.4764 121.888
532 34.6294 63.6121 109.264
533 54.8452 50.5709 121.809
534 40.0082 56.1901 107.663
535 40.3592 69.4172 114.412
536 54.748 58.979 109.037
537 38.2313 80.8836 -0.849559
538 44.028 85.1396 -0.97644
539 33.8664 86.8286 -1.08619
540 52.4665 73.6054 8.89487
541 48.5392 105.768 18.5865
542 32.7012 68.637 -0.802157
543 26.8358 76.9112 -0.900282
544 55.4898 69.84 26.0557
545 48.6766 77.524 25.872
546 55.2653 83.739 19.3213
547 42.5581 92.4779 14.7061
548 41.3465 67.7909 21.579
549 51.1854 81.9728 19.5834
550 58.4269 74.7244 14.3356
551 64.9581 81.6482 31.9364
552 51.2105 80.0178 17.6208
553 41.9908 94.0672 47.6312
554 64.1768 85.8761 27.5814
555 46.2365 69.4807 47.8192
556 27.6989 64.8798 33.1447
557 30.5609 81.3973 34.5702
558 47.3007 69.5359 19.4113
559 61.7565 75.5059 32.1387
560 44.5795 69.5036 45.5332
561 32.9547 87.8822 38.8836
562 62.7891 65.5387 27.9426
563 62.7484 93.7363 40.6381
564 34.8357 75.5022 41.3255
565 41.3155 65.4379 23.7773
566 38.0673 83.5162 38.9085
567 54.1462 99.8573 51.7091
568 58.3978 95.9396 62.7618
569 63.954 67.5973 62.5786
570 50.4665 79.602 62.5969
571 31.1475 80.0095 54.3403
572 47.3909 71.8734 45.6386
573 51.8466 79.9291 64.9371
574 51.9541 61.5274 62.8631
575 25.2062 72.0521 56.4267
576 37.6755 73.8796 47.6766
577 32.188 76.3081 57.1646
578 32.4236 85.6868 58.5002
579 49.1286 73.9269 67.4997
580 50.2095 79.839 69.3989
581 46.0795 89.9087 76.2638
582 44.7197 92.0339 78.4736
583 50.9608 77.6093 62.8194
584 42.8604 83.8455 76.3287
585 35.4911 81.6084 74.0333
586 29.7508 81.9825 76.3531
587 65.4668 79.8575 76.2411
588 33.8628 96.0885 82.879
589 34.1124 92.0864 85.1579
590 47.8208 66.0001 96.8052
591 58.7138 68.158 85.5065
592 49.159 84.1606 78.6186
593 51.962 84.2613 89.6001
594 35.2647 88.2449 78.838
595 31.9852 69.964 98.7291
596 58.9207 83.1626 110.081
597 50.742 72.1438 111.681
598 33.5835 76.2115 99.0262
599 57.441 89.8006 114.337
600 32.8093 78.0369 113.352
601 51.7827 75.7179 112.252
602 45.0319 78.0854 92.0437
603 39.0354 84.1757 94.231
604 52.987 66.0653 89.7717
605 40.355 82.2408 94.2003
606 51.7427 76.0973 98.7583
607 37.6127 79.6591 98.7422
608 32.0283 68.1541 92.2328
609 31.614 74.8695 104.897
610 43.0626 85.7368 114.518
611 48.9977 67.7416 117.365
612 39.2381 84.5437 113.519
613 33.0828 72.9357 109.217
614 46.1209 79.0025 112.452
615 43.1933 78.9839 121.466
616 25.5027 90.0252 -0.761444
617 43.8905 112.521 -1.11586
618 55.3406 113.825 0.0216546
619 35.3608 91.7108 9.01881
620 51.0273 113.808 2.06289
621 40.7555 100.158 8.65455
622 56.7915 103.028 -1.37482
623 41.2169 114.083 19.3537
624 29.7165 100.198 8.39177
625 33.7153 113.867 6.29011
626 43.7614 92.0504 8.7591
627 34.0655 113.843 18.77
628 43.0328 106.265 36.5805
629 28.562 113.772 22.9464
630 31.2609 108.856 22.8066
631 33.6181 89.8669 10.997
632 26.0025 97.6767 28.2035
633 40.0865 113.734 27.232
634 45.3157 103.661 21.2016
635 48.6155 104.048 30.047
636 55.9934 113.566 40.9819
637 33.0473 103.836 47.4926
638 72.0951 113.975 49.726
639 38.7395 95.0946 35.2319
640 47.6419 104.229 67.5102
641 39.2469 99.9758 49.8061
642 65.1482 106.128 58.3402
643 24.943 113.678 50.6457
644 53.9635 99.7662 38.6259
645 48.7131 113.607 34.6616
646 27.7281 103.711 56.5837
647 44.3521 83.8076 36.6537
648 34.3007 113.551 30.3882
649 28.1842 114.086 86.085
650 35.2299 107.771 65.1364
651 32.6152 113.799 58.3645
652 66.8409 90.2252 80.3583
653 47.4957 113.547 60.1465
654 33.7687 95.4624 53.9308
655 47.5128 104.044 71.947
656 52.959 91.9564 69.6434
657 20.039 76.1491 73.9696
658 48.0433 95.9257 82.9844
659 35.4657 97.7084 71.7389
660 39.2649 90.3313 93.9786
661 39.4062 106.168 80.3711
662 37.923 113.879 84.7608
663 42.2281 113.97 76.4738
664 37.3717 114.159 100.773
665 38.6515 114.204 98.678
666 47.6483 113.936 80.9248
667 41.8943 106.171 80.5597
668 40.6621 100.266 93.9897
669 37.2663 108.053 80.4818
670 42.0863 88.0192 76.454
671 23.8842 94.0429 85.1029
672 34.1306 108.186 98.4338
673 47.6741 101.93 87.3503
674 27.4469 100.397 105.088
675 45.9536 114.26 102.096
676 56.0057 100.298 96.2625
677 32.0405 114.058 101.243
678 43.491 110.462 94.2485
679 28.6446 114.664 111.021
680 28.8845 103.248 121.546
681 47.4703 101.211 121.403
682 52.8865 109.393 121.364
683 38.8025 83.7813 110.109
684 56.0461 114.652 111.655
685 26.9881 114.846 97.1807
686 33.013 114.527 116.064
687 41.7262 110.342 121.321
688 63.1558 114.756 114.96
689 54.5404 100.223 121.219
690 59.8884 114.988 109.557
691 75.7233 11.21 -0.626043
692 61.5735 15.0874 -0.399115
693 81.2873 11.2454 -0.61927
694 78.5228 15.3046 -0.658065
695 70.075 11.4308 -0.603235
696 58.3986 23.1813 19.672
697 78.9014 6.63277 11.3068
698 59.7567 19.4568 24.0031
699 59.3756 23.0542 9.34854
700 73.0049 -0.570401 26.027
701 79.9138 -0.735294 28.2976
702 80.3769 -1.20467 7.15982
703 54.3467 9.78425 25.8078
704 70.3328 -1.18292 11.9259
705 49.0605 -1.24788 20.0798
706 53.2211 3.26658 41.5533
707 63.101 13.9486 38.8727
708 75.6125 7.39784 50.3374
709 75.435 13.2302 51.9837
710 60.0015 18.3618 37.4146
711 61.8065 -0.57937 34.7715
712 57.4733 23.692 45.6184
713 60.2429 7.19012 35.074
714 71.604 25.608 37.2305
715 53.1579 15.4772 43.5353
716 62.9255 22.9283 46.069
717 63.155 -0.402531 53.9927
718 83.2015 21.6888 63.2096
719 54.761 -0.356044 71.7097
720 89.0423 19.7442 74.3305
721 74.5952 0.0794212 89.5649
722 56.0521 11.7737 79.1252
723 67.0716 13.7613 72.4204
724 62.7073 9.83097 72.685
725 75.3638 13.85 56.958
726 58.7303 13.4577 70.1733
727 80.9185 21.519 65.2852
728 50.9277 27.7548 83.6668
729 69.8232 17.9238 70.1706
730 77.3257 23.979 78.9014
731 65.7924 9.7647 89.9534
732 88.4744 0.047577 93.8987
733 86.4923 -0.476347 102.602
734 89.1071 5.77442 109.601
735 75.0818 9.04089 115.507
736 82.2739 20.4377 121.65
737 59.2342 21.0361 121.748
738 77.7319 15.0591 108.501
739 83.9718 23.671 107.579
740 82.0609 12.1221 113.388
741 63.4224 19.3008 120.657
742 64.7866 16.271 122.113
743 92.2602 19.6356 99.3817
744 56.6686 7.23412 107.871
745 66.3895 5.92062 121.925
746 59.2942 -0.444872 109.507
747 74.8634 30.8333 121.714
748 69.9186 30.4531 13.7136
749 72.7665 43.5399 -0.949288
750 84.3439 41.4452 11.0282
751 75.6588 39.1974 9.04017
752 75.6375 27.4829 -0.630055
753 61.149 24.2449 -0.569134
754 76.9754 45.2589 21.664
755 71.3965 41.1208 19.379
756 76.949 36.9833 15.018
757 56.7972 35.3469 21.5861
758 57.1233 14.3437 16.2521
759 58.8132 23.7205 43.3439
760 66.6427 43.6896 54.2354
761 74.3133 33.8016 29.9891
762 53.9727 29.4161 32.7197
763 88.3874 21.6189 61.1529
764 81.2065 49.7295 47.6176
765 60.2495 31.8702 61.1868
766 72.6006 27.3738 45.534
767 82.1298 33.3737 41.0324
768 86.5668 33.806 58.7215
769 82.0669 39.936 52.3308
770 81.036 29.5251 38.9408
771 79.5866 25.0518 66.8612
772 87.61 33.7093 56.2049
773 81.1353 27.664 80.6283
774 63.3514 43.7443 74.3021
775 58.3195 31.8185 67.7208
776 55.9831 29.7663 67.5901
777 71.4984 34.1811 76.7935
778 85.0566 34.1614 65.1829
779 90.5804 33.2861 61.3507
780 61.4689 41.7412 71.8886
781 74.4257 27.626 78.5884
782 72.8246 37.9102 71.9477
783 55.7407 29.6624 76.7523
784 83.5795 25.8339 80.9966
785 62.9416 37.6926 87.7795
786 88.0515 43.4988 91.4758
787 63.0938 33.6136 85.4482
788 72.3573 44.2377 82.884
789 68.9277 43.9577 96.6183
790 60.7897 37.8931 83.34
791 81.3774 38.1132 92.0071
792 53.5756 35.8093 85.6917
793 68.7382 25.7577 81.0726
794 62.5996 40.0764 121.981
795 71.7185 43.6976 98.8127
796 57.8444 35.9858 111.85
797 76.3477 13.9935 103.334
798 80.3625 33.6504 107.476
799 73.1586 43.9074 96.4727
800 80.4304 43.3314 103.919
801 76.1009 33.8846 105.474
802 84.224 23.8912 85.3477
803 70.4443 46.0131 96.4986
804 54.6292 47.4998 121.943
805 64.9246 33.5419 121.732
806 67.1237 29.7453 105.86
807 73.6248 21.1783 121.864
808 64.5841 46.3659 103.075
809 85.009 41.8001 107.734
810 85.4835 41.5306 -1.00939
811 77.2553 59.1324 -1.23163
812 55.4946 55.7644 -0.907198
813 57.1101 57.7163 4.42427
814 56.9933 61.6849 16.6057
815 65.7492 44.8617 14.7282
816 48.8184 61.2803 14.9981
817 79.8602 57.7183 12.7159
818 65.6293 50.2147 7.54494
819 70.6768 59.5485 11.0285
820 82.3297 41.3446 13.1246
821 71.348 60.7728 14.3594
822 60.256 51.5399 9.05945
823 65.6397 53.7761 23.971
824 60.3154 63.3831 15.1792
825 82.7078 61.2844 23.0196
826 64.359 69.4962 10.9295
827 58.4106 57.5319 23.5916
828 83.5852 69.4615 32.4392
829 76.0427 65.7557 21.5994
830 69.7705 63.587 49.2908
831 58.5511 58.1528 34.7795
832 59.8702 59.5969 43.072
833 86.702 45.8374 39.1001
834 52.6218 65.5778 34.5954
835 76.7253 73.6419 38.7895
836 71.3424 47.5061 41.1215
837 70.993 57.6403 34.4574
838 76.1219 55.8445 52.0274
839 72.4929 59.5107 67.1811
840 52.0298 61.6589 71.798
841 73.4046 61.7539 67.3724
842 53.1642 41.6994 71.9902
843 80.3987 53.6861 67.6188
844 69.5337 68.0107 54.0928
845 87.6099 55.6738 69.2792
846 82.3857 69.7905 71.7314
847 53.4636 63.8143 76.2729
848 80.9066 57.8777 65.1902
849 53.7337 59.9826 80.8385
850 88.2091 49.7753 78.5126
851 73.9466 41.8675 80.591
852 80.8501 60.2408 73.9412
853 80.5414 57.7827 76.3214
854 51.4028 41.7621 74.4275
855 74.7991 57.5718 69.533
856 71.7097 48.198 96.3599
857 68.3655 53.7708 85.0191
858 74.114 62.0634 91.795
859 72.9704 41.6934 96.5501
860 53.6553 68.2981 107.752
861 61.7542 60.4945 107.817
862 67.256 76.3542 100.773
863 75.745 44.0525 100.836
864 69.19 57.8789 107.481
865 81.5724 41.7686 103.712
866 72.9454 46.2249 96.6458
867 77.579 62.4225 105.294
868 83.5162 62.3392 107.532
869 80.5699 54.2055 107.678
870 81.8965 49.9919 121.742
871 70.3312 65.8762 121.514
872 73.5888 61.9554 121.649
873 84.7981 64.2787 105.399
874 89.1877 50.4954 121.586
875 83.2082 63.6278 121.597
876 79.8222 74.9605 8.08702
877 66.9435 74.2413 5.29394
878 83.972 77.8211 4.66971
879 65.4205 82.1266 -1.34983
880 67.0335 88.2391 19.2082
881 68.1842 78.0583 -1.46791
882 71.3694 77.6958 22.8358
883 59.9921 71.8764 2.44925
884 71.4307 66.1141 -1.10907
885 58.3757 92.5279 11.4415
886 82.6837 71.7205 30.1598
887 63.8336 77.8094 12.9303
888 72.3038 65.5509 19.3263
889 66.9984 77.3774 29.6686
890 76.374 73.6361 21.4727
891 73.7331 75.4311 25.7072
892 74.043 69.8139 38.6099
893 59.3264 75.3755 29.9301
894 85.0837 71.0055 32.7567
895 78.4092 72.1281 28.4289
896 74.9895 83.7825 40.7726
897 73.4912 79.6533 45.3476
898 93.3775 83.4073 32.4601
899 82.3367 63.5769 38.6293
900 75.1181 79.7974 47.4687
901 74.1173 81.7212 43.0919
902 64.0144 70.1136 53.7334
903 74.8275 88.0841 47.2894
904 64.225 77.6751 49.5705
905 84.9704 76.0836 40.7344
906 77.7762 96.018 51.5573
907 87.6398 79.9306 67.2341
908 62.5618 89.5134 53.3517
909 58.5034 91.7999 65.0879
910 76.6922 78.0597 71.8794
911 73.9825 75.9987 89.5212
912 66.9692 76.0054 76.263
913 69.4775 92.0603 58.5614
914 54.7168 87.8144 69.3803
915 83.4072 76.0922 67.2929
916 76.9117 77.4297 84.8609
917 64.2919 69.968 78.5108
918 57.4222 84.2453 94.1057
919 57.1432 75.7863 91.8246
920 72.4044 71.9747 82.7819
921 67.0838 85.4785 86.9191
922 58.8131 78.0143 82.9869
923 65.9746 63.9869 92.0256
924 79.2745 84.6475 104.847
925 69.062 90.6482 104.699
926 65.6306 84.1548 82.9383
927 76.7385 91.961 86.9614
928 65.0276 90.2919 102.921
929 57.9713 84.4639 113.476
930 58.961 82.1959 121.587
931 76.6962 76.5031 115.619
932 67.572 80.986 121.256
933 71.6827 78.3301 99.3683
934 76.1186 78.3642 121.432
935 66.2118 87.5405 121.298
936 64.228 74.4073 107.346
937 67.6796 90.1947 121.402
938 85.5457 99.2781 7.16496
939 56.8946 90.1041 -1.19443
940 61.2216 106.17 16.7479
941 69.7638 84.1654 -1.24555
942 72.8467 93.5863 25.5106
943 65.6164 113.857 25.8932
944 79.5492 113.776 27.5516
945 50.519 93.4114 27.7098
946 59.635 105.874 14.7412
947 69.7217 113.66 20.6836
948 64.1001 91.3293 13.1851
949 58.1486 113.922 15.1534
950 65.4541 106.035 19.1881
951 66.6847 113.67 33.9401
952 61.3107 101.862 44.8976
953 68.5503 99.8619 27.5581
954 75.4707 95.946 38.3269
955 61.393 100.32 38.0278
956 74.1089 93.7266 38.5165
957 79.3448 105.742 60.4713
958 55.5502 107.582 51.6637
959 92.3562 104.207 42.777
960 71.4567 93.6747 45.0475
961 68.534 105.663 51.7152
962 81.9243 106.116 64.8585
963 50.2835 113.765 51.1494
964 62.6851 95.7763 51.492
965 84.7054 106.15 53.9247
966 71.0577 82.2203 41.2608
967 57.4221 103.895 44.9596
968 78.0017 100.034 53.9764
969 84.9748 113.956 83.0075
970 77.6364 100.182 71.6955
971 59.8717 113.919 69.8017
972 84.5706 108.069 67.0113
973 94.4643 96.3012 78.0119
974 68.5269 105.7 60.688
975 84.6565 94.01 76.0902
976 66.2514 108.302 102.798
977 89.2247 114.019 77.6624
978 72.3751 91.9551 76.1528
979 61.7821 102.422 78.5945
980 75.2834 88.073 87.1495
981 77.9513 114.058 86.649
982 65.4309 113.84 75.4728
983 68.0356 113.969 70.0546
984 74.8151 100.33 102.575
985 74.945 108.183 91.3948
986 80.1087 114.65 105.066
987 68.194 93.9763 96.1806
988 52.8478 98.7075 107.256
989 74.3163 90.402 95.9356
990 56.2239 90.1549 103.059
991 83.2133 110.478 98.2528
992 73.2692 87.66 114.49
993 74.1446 100.17 93.7528
994 58.068 94.0292 89.5902
995 67.0176 113.988 94.1453
996 65.1976 90.1543 91.8747
997 55.7788 113.813 95.9354
998 68.8032 100.42 120.994
999 61.7258 114.586 116.833
1000 78.8917 110.39 120.979
1001 63.2549 103.348 121.276
1002 78.8619 94.2384 121.163
1003 53.1351 90.1052 116.036
1004 79.9302 114.774 110.697
1005 84.7298 114.997 115.238
1006 90.2685 94.5934 105.078
1007 57.6405 104.766 119.435
1008 114.613 14.1338 16.2753
1009 97.3347 13.3368 11.6464
1010 97.3825 18.6513 -1.03557
1011 108.442 2.19232 -0.668688
1012 92.9898 -1.29719 0.881667
1013 102.826 16.6842 6.73934
1014 86.8159 21.095 9.32953
1015 108.458 14.1091 17.0863
1016 111.007 7.3398 24.218
1017 108.391 -0.448777 23.8819
1018 86.635 12.893 7.40393
1019 94.1462 13.1771 17.4069
1020 108.394 11.3846 15.2019
1021 94.3051 7.3815 21.7981
1022 102.102 17.6128 36.9715
1023 98.4191 13.3326 30.37
1024 113.934 8.36484 31.8184
1025 103.961 19.6052 34.7515
1026 99.6125 11.3844 26.1648
1027 101.873 11.2853 30.4876
1028 91.3448 17.4108 37.1161
1029 96.7677 -0.484144 36.8595
1030 94.2208 27.6303 56.6206
1031 92.1899 7.63312 70.1963
1032 114.002 4.16539 59.1419
1033 103.648 21.684 60.9794
1034 112.592 27.6929 47.8994
1035 89.1861 -0.0971565 54.9975
1036 113.264 15.2205 59.6577
1037 99.0965 9.19023 41.3892
1038 95.8016 27.78 67.7561
1039 99.0788 17.8628 74.2343
1040 113.137 21.0706 75.5742
1041 90.5681 -0.0329028 65.8832
1042 112.783 1.05453 70.5377
1043 86.7525 -0.236986 65.3031
1044 106.513 13.8881 72.2691
1045 100.35 29.7787 69.8717
1046 86.7592 -0.109287 87.4156
1047 96.344 16.0186 78.5423
1048 108.875 17.9224 85.3031
1049 106.063 -0.103264 81.4764
1050 103.833 24.6313 95.9696
1051 103.357 20.3266 91.8766
1052 93.4473 13.6364 72.1962
1053 103.223 10.2731 80.9076
1054 98.518 17.7141 85.3256
1055 111.593 0.105264 73.0664
1056 87.1589 14.0978 96.7805
1057 113.793 1.55135 92.9376
1058 95.0361 21.9561 96.3204
1059 89.0848 3.90965 96.5859
1060 97.7442 16.3249 81.0453
1061 104.976 6.0841 96.3429
1062 74.7705 17.8874 107.941
1063 95.3345 26.445 93.9585
1064 94.0036 5.89663 98.8156
1065 114.184 6.87086 98.5363
1066 97.0043 11.6599 111.605
1067 108.755 7.5332 111.902
1068 115.295 7.04665 120.064
1069 100.572 9.72404 105.436
1070 102.761 42.7266 -0.856307
1071 84.3542 37.9572 10.0343
1072 104.311 40.9371 -0.768175
1073 102.861 41.8839 15.5322
1074 104.367 42.3418 2.28827
1075 98.5242 44.5691 -0.875661
1076 97.1314 35.1773 17.3145
1077 91.4202 37.8807 16.9803
1078 102.833 40.5417 6.15469
1079 89.5764 41.5537 17.6164
1080 87.4444 27.3045 23.8699
1081 107.211 33.6273 13.5683
1082 81.7225 49.6583 34.4804
1083 113.819 51.5524 28.2424
1084 93.4501 22.9111 23.9317
1085 91.6581 41.236 17.4647
1086 95.9851 33.4453 54.1945
1087 113.839 32.7107 27.5367
1088 86.5459 51.5222 36.7162
1089 89.4855 21.5014 43.5216
1090 97.5926 36.9774 41.7589
1091 82.2485 29.1758 41.1496
1092 96.905 21.8009 56.5485
1093 89.1463 31.7027 56.345
1094 94.8302 35.9331 65.2071
1095 87.6883 41.1522 52.5852
1096 95.6844 43.9757 56.5524
1097 96.2502 29.9308 47.6291
1098 100.429 39.8319 47.8577
1099 113.493 39.2393 37.2203
1100 85.0049 29.7708 63.1278
1101 113.479 19.2658 47.4375
1102 105.788 21.7289 65.4015
1103 101.538 21.5886 63.2106
1104 105.059 35.4485 52.1196
1105 86.594 31.8297 65.455
1106 113.331 19.2544 68.2357
1107 87.9348 31.6747 63.293
1108 93.6045 25.3286 70.2953
1109 93.5427 29.7306 58.8182
1110 113.256 47.0312 85.6685
1111 93.4033 47.0196 72.3826
1112 113.447 43.3136 89.7451
1113 100.574 20.0946 59.0106
1114 80.912 23.7575 83.2821
1115 87.9167 34.1659 85.6047
1116 113.361 34.6629 86.2641
1117 93.3657 32.0604 76.2955
1118 104.757 36.3822 83.0447
1119 91.9789 27.7461 94.1156
1120 93.4819 48.3018 74.4996
1121 76.9412 33.777 83.1349
1122 89.2189 30.0415 80.7911
1123 95.1872 39.7089 92.1616
1124 90.8334 33.8829 98.5176
1125 103.009 48.1377 91.8569
1126 105.417 47.6496 76.2329
1127 83.1903 44.0011 103.161
1128 92.4302 42.0571 109.487
1129 100.435 39.7334 113.319
1130 109.354 27.4633 121.311
1131 98.9754 44.6165 108.716
1132 102.282 42.1209 115.425
1133 115.378 34.969 116.615
1134 101.415 31.9338 109.347
1135 96.7876 44.0592 111.362
1136 79.2762 48.0965 111.675
1137 99.9285 53.1206 13.3917
1138 104.305 40.7163 4.26782
1139 95.5899 51.677 -1.10013
1140 108.548 45.9868 12.5987
1141 113.609 70.3046 28.7706
1142 113.689 62.7805 24.5348
1143 97.9512 67.7093 34.4889
1144 95.1185 63.7489 19.5944
1145 85.5202 51.7413 17.3631
1146 113.557 52.2213 31.6602
1147 114.43 51.9283 14.6452
1148 95.3641 53.5922 21.6376
1149 94.2406 68.885 13.631
1150 96.8664 73.7173 19.1466
1151 103.554 49.8964 40.7371
1152 94.3678 57.5532 49.8463
1153 90.7166 51.8686 40.9612
1154 104.658 61.8308 40.9299
1155 93.7697 55.5806 38.8951
1156 82.1756 59.8084 34.5746
1157 103.084 53.6882 47.8017
1158 98.0164 47.4903 45.3225
1159 93.8327 57.6495 43.4941
1160 112.94 78.6574 54.8359
1161 103.082 47.8261 63.0009
1162 89.1597 60.3586 50.262
1163 84.5158 53.69 47.7409
1164 97.7319 65.6075 52.0332
1165 103.524 62.0224 54.0013
1166 96.8088 67.7872 45.317
1167 112.687 51.3315 54.8703
1168 78.1383 72.4016 54.5025
1169 105.924 58.0064 67.0371
1170 98.5444 59.6122 78.2967
1171 102.83 55.8449 71.7024
1172 112.966 50.9407 64.3877
1173 83.3959 55.6292 65.342
1174 100.625 48.1497 65.2522
1175 79.376 58.392 63.4015
1176 103.013 56.0337 50.0206
1177 108.634 78.3847 75.7045
1178 92.8975 60.1244 82.8595
1179 98.4948 43.8744 65.1567
1180 90.8062 53.8862 51.7938
1181 109.953 55.9375 54.0843
1182 96.0485 56.1262 85.0519
1183 102.317 47.99 95.9615
1184 89.4766 56.0265 87.3748
1185 82.625 49.963 87.4266
1186 106.314 52.1239 82.7226
1187 113.782 67.6634 89.5707
1188 112.923 46.6908 77.4392
1189 113.067 56.5299 78.6759
1190 113.256 49.3376 84.2955
1191 93.3616 65.9394 71.7271
1192 102.559 42.2879 96.0971
1193 99.578 63.7472 89.728
1194 94.8862 47.0483 87.639
1195 114.229 57.0896 101.654
1196 101.104 72.369 100.511
1197 92.6877 74.3638 102.888
1198 97.2376 62.3471 109.188
1199 78.7246 66.3587 105.298
1200 80.3656 61.5252 106.905
1201 86.2517 55.0188 121.59
1202 94.7191 50.776 111.922
1203 109.277 59.9463 121.006
1204 104.715 76.9628 108.651
1205 93.795 57.7471 121.661
1206 107.826 64.9497 121.149
1207 95.4581 101.01 -1.307
1208 81.8591 75.6722 -1.44634
1209 97.0826 86.2558 16.2285
1210 114.77 81.2242 9.33
1211 84.0908 88.5581 8.22421
1212 114.513 82.6595 0.0688576
1213 89.8795 77.1211 -1.18834
1214 79.8706 72.3375 6.1018
1215 100.724 71.7388 12.9335
1216 105.473 86.208 -1.18607
1217 107.901 91.7338 36.5157
1218 113.925 72.464 19.0483
1219 79.8129 87.8698 25.7609
1220 97.6327 77.5291 21.3486
1221 105.831 83.7099 25.7965
1222 114.162 84.0324 23.6469
1223 86.8335 87.7802 19.144
1224 81.1467 88.0603 27.9769
1225 95.9397 81.6324 16.976
1226 101.858 75.8701 54.0715
1227 106.445 95.8373 38.5344
1228 103.346 70.0821 52.0278
1229 95.4851 63.8543 43.2407
1230 76.6614 79.652 31.9257
1231 90.7913 75.9159 62.9603
1232 113.068 82.5401 42.0246
1233 81.5233 87.7579 40.8027
1234 98.9981 72.2636 56.2827
1235 87.9954 69.6665 56.2982
1236 98.7757 79.8518 53.9043
1237 106.575 67.8356 38.7647
1238 113.198 93.4224 47.8916
1239 98.9887 90.2153 45.3049
1240 76.4174 97.7017 51.9275
1241 107.535 55.5866 64.9784
1242 101.763 69.9787 62.6594
1243 96.999 84.2046 64.9021
1244 94.7539 63.8777 69.6218
1245 112.729 88.9187 78.6741
1246 113.154 60.2754 75.5667
1247 113.157 61.0832 87.5359
1248 100.462 91.7929 58.1543
1249 112.792 75.0147 64.2613
1250 106.167 83.6999 82.6617
1251 97.8867 79.9555 78.1624
1252 84.0565 74.0689 96.0791
1253 112.717 80.83 66.6638
1254 76.224 75.9332 69.267
1255 79.3518 78.0277 85.1076
1256 113.079 89.3372 87.1281
1257 86.635 74.1478 96.2287
1258 98.7283 84.1471 84.8896
1259 94.0554 71.9237 89.5121
1260 91.3514 92.3723 102.528
1261 113.381 74.7135 90.1842
1262 103.831 88.5548 100.153
1263 103.105 79.8364 89.217
1264 87.0003 71.9164 96.2431
1265 105.377 86.2106 100.388
1266 108.984 74.6489 115.128
1267 89.1175 71.1433 121.417
1268 115.018 70.078 113.861
1269 87.7115 77.2063 121.286
1270 102.084 82.242 121.07
1271 109.099 75.9267 116.611
1272 104.662 94.47 107.05
1273 87.355 85.9541 111.911
1274 106.216 96.4409 120.942
1275 94.624 80.3039 121.257
1276 114.977 81.2635 105.958
1277 91.9408 83.894 121.099
1278 77.8915 76.1882 121.62
1279 103.123 83.5107 103.869
1280 109.179 72.1137 121.071
1281 114.53 88.8577 1.81968
1282 92.6336 114.107 3.9258
1283 105.595 114.115 10.084
1284 114.527 100.86 13.9891
1285 100.957 114.197 3.6987
1286 85.2381 113.315 17.3368
1287 114.093 102.825 19.5708
1288 96.7898 89.9018 27.5955
1289 113.588 104.535 31.1758
1290 114.544 94.121 25.5149
1291 106.073 106.302 21.2363
1292 87.8359 113.407 35.788
1293 104.715 92.3074 25.8934
1294 106.33 113.898 28.3373
1295 87.8362 113.932 40.6595
1296 99.1324 113.877 39.2594
1297 94.0807 109.893 25.4678
1298 103.205 113.59 32.6272
1299 113.321 104.374 47.8213
1300 104.873 93.4556 36.0543
1301 96.6417 103.888 29.8599
1302 83.1076 95.7421 38.4708
1303 107.071 114.163 56.6231
1304 107.015 86.0536 54.0605
1305 111.761 113.728 51.3022
1306 81.4209 113.915 16.2384
1307 93.5472 93.8932 47.3104
1308 83.5538 95.7507 57.9634
1309 102.656 104.172 67.1336
1310 81.0808 99.9334 67.0683
1311 86.0498 81.8337 69.287
1312 94.856 84.1762 67.4541
1313 109.514 114.166 62.222
1314 86.8728 114.047 60.3693
1315 99.066 89.3264 87.6621
1316 100.386 93.914 89.2264
1317 97.8092 100.351 89.2068
1318 102.666 106.197 80.4372
1319 90.7135 101.987 89.1298
1320 86.1724 89.871 69.2629
1321 112.666 105.033 75.0741
1322 101.441 84.097 84.8027
1323 112.759 113.183 83.7724
1324 100.144 106.253 91.5005
1325 96.7778 100.213 93.8553
1326 113.458 88.9817 92.005
1327 92.5789 98.0498 98.3372
1328 111.218 92.5595 106.653
1329 101.734 114.359 88.6493
1330 96.8582 114.021 73.1396
1331 81.559 86.323 102.424
1332 88.828 114.642 114.588
1333 91.5904 114.675 113.518
1334 96.3176 101.163 121.151
1335 95.7306 106.937 110.796
1336 115.058 103.678 119.124
1337 105.876 101.727 101.488
1338 115.23 103.379 107.684
1339 115.236 112.133 119.453
1340 115.076 109.569 109.29
1341 84.8081 98.6907 117.174
