0 11.2207 13.3835 -0.761166
1 2.78476 0.0561951 10.0132
2 -0.640337 36.2994 21.8914
3 18.548 -0.10044 9.72039
4 25.6662 -0.239793 1.10871
5 7.84911 12.7572 -0.281551
6 -0.511954 13.1346 10.8055
7 11.9084 8.89745 6.83291
8 11.1612 2.02142 -0.317316
9 -0.677519 15.5187 1.93727
10 78.2335 -0.123706 16.6339
11 -0.119903 52.1689 22.4484
12 4.31643 1.63604 80.6295
13 49.4995 3.28491 63.9246
14 2.86823 25.5453 69.1473
15 67.3788 2.38232 33.5733
16 43.3105 4.75786 42.4091
17 64.0211 2.86644 -0.511219
18 0.39826 5.28156 43.7438
19 72.4349 3.31562 44.7704
20 42.8305 3.04319 65.1752
21 20.2163 -0.570827 13.5808
22 0.762701 1.20197 16.0895
23 56.591 3.24527 52.4365
24 67.7717 -0.216227 16.4251
25 94.5364 3.23431 54.8343
26 0.38851 41.0454 45.0484
27 112.302 5.11016 104.703
28 0.0285741 31.8678 31.5552
29 3.23344 0.523174 74.8892
30 -0.828982 89.5886 102.344
31 69.6653 3.02772 68.9219
32 108.907 1.02507 61.3667
33 58.7689 3.03252 73.3136
34 1.31549 72.9612 95.7258
35 64.7424 3.04993 62.545
36 1.06989 16.8314 100.802
37 87.2259 1.7898 73.966
38 111.561 3.34193 97.639
39 9.31184 1.04326 97.4327
40 -0.374737 76.8848 21.667
41 -1.03462 61.9131 112.494
42 99.8464 113.542 77.8757
43 26.872 2.609 28.7901
44 43.9911 2.18789 30.0601
45 45.5387 51.0899 122.338
46 6.59734 2.87359 68.2003
47 70.6433 3.07519 70.5985
48 37.0207 1.25133 86.8201
49 29.6819 20.6855 114.153
50 20.9897 4.31436 110.051
51 7.65077 1.41272 76.4683
52 8.8398 112.941 16.4714
53 14.3091 0.0969369 114.726
54 87.0679 1.85611 84.376
55 64.8184 3.04192 70.5121
56 35.3527 -0.49663 105.888
57 9.30419 22.9123 109.49
58 45.1759 2.1831 78.9514
59 3.14135 37.3326 68.1438
60 7.24797 4.19183 110.148
61 14.1409 0.270837 119.875
62 33.2342 16.1781 122.128
63 16.5898 9.19368 121.65
64 2.48555 0.147217 119.358
65 5.76311 5.11002 113.987
66 21.4677 44.7109 6.81062
67 22.1607 30.6911 16.0097
68 30.1706 39.4466 11.3251
69 -0.647554 45.592 12.0058
70 27.8999 22.6233 12.2931
71 6.94716 57.3189 -0.0408418
72 27.3126 37.1615 -0.0628974
73 8.37819 45.9074 0.0336879
74 1.3514 23.4976 -0.967255
75 0.483874 21.9596 44.4837
76 35.5411 57.9273 -0.163962
77 3.75517 29.4747 11.9345
78 -0.612714 69.077 8.6031
79 37.3152 0.941015 1.06706
80 -0.0960027 26.6415 26.1289
81 1.32112 88.6708 95.4866
82 -0.896567 40.5479 107.727
83 0.234231 29.4233 40.7037
84 10.7014 5.28788 -0.862926
85 40.502 12.4903 122.663
86 67.5303 113.583 94.7713
87 0.801619 37.2264 -0.635674
88 50.2556 0.269336 96.9893
89 20.8546 1.59428 32.3978
90 31.9638 1.72381 93.8088
91 90.2466 3.20471 69.8642
92 -0.849742 52.1616 111.527
93 77.5055 3.65003 51.249
94 58.2062 3.25607 54.7723
95 3.12387 39.5029 74.4906
96 75.1266 1.88037 78.9268
97 -0.666537 24.1107 4.38533
98 5.22487 3.59213 46.2402
99 -0.784473 38.8818 99.9324
100 104.993 113.235 98.7873
101 98.5201 33.1772 -0.154304
102 4.83455 -0.0811274 108.073
103 0.365385 91.7408 45.9213
104 -0.433996 10.729 5.19107
105 3.27484 34.0546 74.0711
106 94.3226 4.54499 35.7896
107 112.186 11.2976 56.8524
108 27.9991 4.51742 38.326
109 1.26401 23.2924 89.5492
110 56.1039 113.511 118.696
111 110.806 58.6342 71.1382
112 19.5082 4.29533 122.675
113 0.00971821 26.4656 33.1851
114 2.75075 43.8994 63.0288
115 0.428819 77.9438 43.1292
116 0.338861 49.5187 55.1458
117 -0.249071 57.5934 14.685
118 24.735 3.16872 57.5939
119 23.6073 -0.553905 108.225
120 19.9654 26.703 110.006
121 3.16762 45.5855 78.2808
122 1.3178 84.5664 94.6645
123 3.07506 68.9341 71.6973
124 -0.52341 34.0959 13.7009
125 25.1523 36.8143 122.034
126 29.4076 40.6861 122.245
127 9.40669 41.6405 108.957
128 7.31816 34.6025 105.985
129 13.1248 44.6192 109.055
130 10.0657 34.6525 122.129
131 13.1285 43.8557 122.068
132 33.1902 27.4504 106.315
133 21.9312 40.0795 106.764
134 17.5267 69.4397 6.71225
135 2.1237 63.0464 -0.215717
136 33.8434 68.4127 2.05338
137 17.671 54.1151 12.1949
138 5.39631 59.5715 8.60608
139 -0.367515 82.7386 7.8549
140 19.6245 55.406 11.3594
141 -1.22677 45.7688 105.917
142 -0.740717 66.8546 104.643
143 114.087 17.4387 24.8375
144 -1.29782 71.4072 111.068
145 5.88829 0.149267 0.0957833
146 27.3413 75.0511 12.4272
147 97.7253 113.58 118.146
148 1.35821 79.8003 87.8372
149 -0.905233 106.511 104.192
150 -0.638646 108.221 9.38172
151 1.2343 28.8371 89.7874
152 -0.0423229 42.8134 29.2556
153 -0.888192 43.2022 4.32177
154 4.07347 29.0991 -1.16655
155 4.79248 108.901 0.161882
156 -0.646434 25.3159 120.06
157 0.267609 102.804 38.9464
158 0.464843 86.5681 40.6032
159 1.58502 105.334 89.9043
160 3.01953 20.869 74.9737
161 53.3645 112.575 50.2925
162 47.2201 0.033659 95.6928
163 -0.616285 76.3217 6.34325
164 29.798 2.17423 19.7525
165 114.209 86.0115 119.599
166 0.349461 7.57064 46.9866
167 75.8784 113.813 89.4133
168 2.94694 54.655 79.3706
169 1.99225 26.6663 83.7971
170 -0.878088 85.615 98.9716
171 110.609 102.934 64.6696
172 112.321 38.0037 31.7428
173 53.5691 113.674 9.98148
174 0.441911 24.5645 51.7055
175 -0.967047 57.6062 106.609
176 -0.865298 12.749 119.602
177 0.652301 68.4776 47.5665
178 15.5334 2.29605 24.7298
179 -0.838132 36.2143 105.767
180 1.42694 49.6162 99.8237
181 16.3294 94.4547 122.393
182 0.132284 96.413 38.1021
183 110.811 87.3697 59.2222
184 0.145477 83.0883 29.4967
185 111.488 0.253769 109.775
186 4.93963 56.3343 115.746
187 4.97361 96.2977 -0.119559
188 74.6198 112.789 54.4232
189 3.73388 66.7039 114.3
190 10.8141 44.8796 115.881
191 0.901979 67.8726 122.476
192 12.8728 58.4531 121.786
193 14.703 68.2593 122.25
194 -0.762248 59.9592 114.98
195 10.1367 56.0486 121.883
196 20.9769 50.591 114.738
197 33.4828 55.586 106.653
198 22.1307 62.7952 122.065
199 12.904 70.921 8.58058
200 6.98189 81.4322 8.47582
201 30.4775 93.229 7.96242
202 15.249 71.9787 7.5905
203 24.2387 75.9481 5.80439
204 18.288 84.3169 7.76951
205 2.74623 76.551 -0.804253
206 23.9571 80.0667 -0.731408
207 5.61289 71.9563 -0.0415502
208 16.1475 73.8451 -0.0643529
209 51.3892 112.539 72.2687
210 27.7213 113.612 15.4398
211 38.8285 69.5734 122.26
212 1.68681 4.90687 98.0944
213 5.89213 113.191 25.8903
214 16.2496 113.117 28.2831
215 0.686023 86.6651 50.8222
216 114.314 8.2572 30.8951
217 13.7667 -0.19196 3.42953
218 3.02876 80.3187 73.3365
219 1.22143 81.962 -0.267074
220 -0.0157109 80.4589 23.3091
221 72.8075 113.431 98.5157
222 88.5487 112.087 57.3847
223 49.3439 113.469 84.6386
224 95.9697 64.6186 0.455739
225 40.1275 113.431 56.9344
226 25.2344 113.943 84.2933
227 61.5352 113.796 117.715
228 110.819 5.39969 76.493
229 45.9459 107.088 -0.230003
230 27.5121 1.30381 92.1721
231 0.155551 47.396 31.2626
232 35.7513 78.9435 121.918
233 -0.0849416 78.3587 14.478
234 2.90197 88.3738 66.7562
235 61.5383 -0.387748 106.233
236 0.569456 31.1517 55.8566
237 59.7512 113.07 97.5268
238 24.3281 59.4452 122.268
239 55.6058 113.585 104.855
240 0.0623499 71.4236 27.6007
241 -0.756545 96.6263 10.3164
242 -0.735619 57.6007 12.0441
243 -0.872775 31.4507 111.785
244 58.6337 112.803 66.688
245 -0.766538 38.9827 110.322
246 0.667936 86.9974 38.2762
247 113.904 101.375 107.052
248 41.8916 114.183 84.5803
249 70.2334 113.825 12.8534
250 0.784167 61.0099 49.2915
251 6.06782 114.384 97.5533
252 112.459 104.511 47.7634
253 112.189 44.7873 31.7509
254 82.5586 0.48906 97.2011
255 0.045806 15.0842 36.3386
256 103.092 114.046 89.7885
257 75.0723 111.677 70.5636
258 0.114682 12.7124 33.5671
259 3.24721 57.8937 86.1408
260 95.456 111.332 61.0196
261 43.0884 0.239205 92.6482
262 39.688 51.139 122.146
263 0.328587 45.5896 41.8428
264 -0.825928 36.119 115.681
265 112.279 102.898 123.276
266 -1.03035 55.0164 113.061
267 36.856 113.321 103.544
268 41.1213 113.48 97.4289
269 8.14692 94.0082 121.948
270 19.1155 1.08319 99.7798
271 5.97586 83.8266 121.929
272 16.8696 70.8914 113.345
273 2.56147 70.8448 122.717
274 -1.1909 82.7544 112.416
275 23.7826 69.1554 108.383
276 31.3694 81.8374 107.619
277 26.8785 91.4452 122.857
278 24.3304 113.238 1.30759
279 16.43 101.685 2.64588
280 9.90979 99.9673 -0.0113635
281 13.6462 99.9857 14.9318
282 17.604 113.702 10.2285
283 2.73323 97.6836 -0.601264
284 0.636966 63.4867 53.0016
285 -0.31503 13.326 18.9476
286 16.1474 113.215 100.872
287 27.8373 33.7406 -0.115529
288 56.3078 113.032 33.5339
289 2.6054 90.4417 -0.713601
290 112.525 51.2251 54.125
291 36.7722 87.7028 -0.24215
292 101.961 110.306 62.0291
293 0.244614 59.642 25.6823
294 9.80626 114.26 87.3277
295 109.661 110.382 64.6898
296 112.363 88.0457 52.4444
297 -0.224591 80.9572 18.2125
298 113.089 106.321 74.4724
299 25.2555 -0.326016 116.167
300 113.345 110.394 92.5817
301 18.1154 70.5244 0.0975432
302 114.305 68.6669 5.77451
303 2.97467 95.0193 69.4224
304 -0.572913 63.4943 1.08173
305 54.3974 112.892 54.4088
306 4.15168 113.152 25.9868
307 0.0468544 54.24 28.4359
308 13.6548 114.303 61.5546
309 61.9394 112.069 73.4416
310 6.47774 113.612 51.2232
311 45.1495 68.6027 -0.229589
312 33.6855 96.3987 122.175
313 19.5614 113.732 86.6467
314 57.6036 0.449464 87.8025
315 32.2812 113.137 100.86
316 19.7762 113.518 77.9855
317 1.28543 88.7438 80.9094
318 42.0082 55.8014 122.025
319 77.841 110.245 0.193533
320 2.91151 75.7692 69.0444
321 6.07053 0.338904 89.4651
322 45.2381 112.602 69.9722
323 55.6586 85.9472 122.251
324 60.0593 10.3287 122.394
325 2.86319 78.1595 67.1092
326 2.82239 99.6893 58.5649
327 -0.793019 104.39 98.3691
328 113.428 103.631 95.0087
329 28.7227 113.441 90.4342
330 39.5438 113.406 89.3561
331 21.84 91.0281 122.613
332 43.458 -0.249023 113.666
333 -0.708526 105.869 95.78
334 2.95157 50.8094 70.7471
335 3.18517 60.159 71.8578
336 -0.705253 20.0148 11.0303
337 1.09811 39.9336 122.618
338 25.3669 113.534 117.577
339 24.7188 100.986 122.106
340 -0.859041 104.292 116.252
341 7.61021 92.1502 105.93
342 1.62481 114.248 112.511
343 39.6777 13.0126 9.44338
344 20.1705 6.17723 13.4549
345 35.6987 12.4205 7.51613
346 41.1054 17.922 -0.0830328
347 51.4668 -0.114843 3.75882
348 37.5934 14.103 8.79625
349 35.9273 12.0643 0.09802
350 33.4544 15.0265 10.8156
351 34.8847 18.6952 8.89801
352 110.732 2.39947 28.4275
353 0.517105 29.3039 48.2841
354 74.668 49.029 122.434
355 46.4811 49.5421 0.138693
356 2.66765 57.184 66.9424
357 113.324 17.6081 30.1308
358 38.7516 4.83771 45.309
359 99.5753 1.62859 91.7383
360 1.33351 18.6632 85.3359
361 94.9064 0.106148 20.0081
362 0.501609 38.1109 48.4364
363 0.218472 3.60083 16.7723
364 -0.796004 3.77728 114.607
365 -0.777208 27.1216 11.2715
366 47.0338 -0.295722 105.965
367 110.873 11.0767 74.2867
368 3.37728 83.45 78.1016
369 -0.804871 39.0023 119.955
370 68.7787 3.12969 73.2409
371 114.004 55.2183 108.621
372 43.4058 7.92306 0.0181273
373 114.084 25.1644 115.051
374 114.029 108.616 112.848
375 112.565 16.0504 55.7077
376 79.2353 -0.2859 117.364
377 94.3097 3.01449 47.0442
378 14.334 21.0447 -0.255909
379 1.32504 97.8284 76.2863
380 2.90741 7.13951 62.0595
381 113.657 78.109 121.33
382 4.86749 -0.696877 90.1983
383 1.10449 11.621 103.082
384 8.94034 93.8286 -0.624977
385 89.8534 -0.11045 108.184
386 31.5122 2.10403 70.1201
387 17.8036 0.209171 120.323
388 2.59031 45.7972 63.0302
389 90.3119 113.564 18.042
390 45.5683 21.552 102.957
391 73.9126 -0.269484 105.55
392 107.555 1.85886 91.5339
393 53.4005 15.7642 122.162
394 27.0177 12.6089 121.996
395 45.3099 25.1143 113.001
396 53.4307 26.2763 107.402
397 33.9009 1.76827 122.536
398 46.5502 2.11502 122.931
399 47.3375 11.6466 102.835
400 56.4495 10.4846 122.092
401 46.1615 23.3243 117.993
402 34.03 29.8146 -0.164418
403 31.8599 42.8591 13.5065
404 32.7409 45.7986 -0.0988938
405 54.5516 35.8954 0.244355
406 55.7625 40.1094 -0.00656167
407 37.618 31.3077 16.4739
408 31.6163 41.4667 4.0327
409 46.5863 32.9978 14.164
410 32.4538 31.9843 -0.161226
411 59.6478 50.7989 0.126604
412 43.7229 47.904 4.7316
413 40.7767 48.2258 6.01331
414 38.7997 0.292284 15.3039
415 -0.851082 99.841 101.598
416 112.398 73.7176 54.7976
417 35.7297 113.822 7.75766
418 3.18101 85.6306 70.9046
419 12.4861 4.19415 48.9921
420 -0.526817 22.5011 1.85698
421 -0.258003 6.42191 23.7768
422 -0.0252548 82.0636 26.0147
423 3.15439 41.6945 93.0885
424 3.00948 76.3693 78.1872
425 24.0753 4.38504 38.521
426 3.24513 64.6349 68.0479
427 114.068 71.6552 117.029
428 109.475 25.0857 0.159605
429 83.7507 2.31633 75.583
430 22.6224 2.90434 62.967
431 113.186 92.9872 80.81
432 5.96459 0.826191 79.0912
433 72.1068 113.499 110.416
434 114.131 32.2456 120.41
435 -0.755291 52.644 107.438
436 53.5413 -0.162676 98.0201
437 22.9586 4.58215 42.7306
438 113.909 29.3699 111.592
439 112.328 83.3128 45.3774
440 61.903 81.8371 51.2702
441 -0.429987 21.5904 16.3524
442 22.461 4.14049 46.6533
443 44.1618 113.372 85.3415
444 111.994 28.0891 38.0519
445 1.1541 60.4299 100.584
446 8.82591 57.9705 122.001
447 0.838566 36.1513 56.0996
448 2.85507 112.396 122.103
449 94.8445 2.41607 30.0863
450 57.4531 0.219857 95.6675
451 1.82739 14.7465 76.3679
452 2.66359 60.4026 59.045
453 70.9634 -0.00850354 107.424
454 47.6708 58.1999 122.233
455 67.0263 77.6367 0.126379
456 25.232 113.426 100.076
457 112.348 113.112 23.6459
458 1.29674 63.3725 92.3476
459 1.51232 0.843452 25.4806
460 3.03388 2.09391 86.1066
461 26.4784 2.51808 68.5177
462 111.108 33.3838 65.7721
463 112.75 58.6361 18.0319
464 108.405 2.23342 42.4579
465 114.131 57.5355 112.252
466 112.252 34.8383 27.4401
467 35.4768 24.4467 113.747
468 70.4096 3.14248 52.3259
469 113.795 52.2102 116.999
470 22.2695 49.3385 107.45
471 63.7662 34.2855 118.669
472 43.3049 31.3859 113.477
473 45.2828 39.2171 110.334
474 29.5254 26.5536 122.246
475 45.4503 26.5418 122.16
476 42.0462 35.2457 122.398
477 45.2435 39.0919 107.937
478 48.3501 31.2289 122.113
479 38.0184 56.1509 122.464
480 34.5544 63.2104 -0.199421
481 40.0098 59.3522 16.7744
482 56.3097 67.1636 3.11714
483 45.6879 44.2061 17.1559
484 15.0697 113.616 117.807
485 3.46924 38.5757 88.9479
486 89.0361 3.58227 53.6445
487 -0.944112 60.0912 110.029
488 3.3063 64.1761 85.4579
489 12.9723 93.1066 122.341
490 30.5612 114.464 7.67943
491 58.0838 113.737 18.0689
492 105.763 113.032 1.57571
493 110.728 21.653 70.19
494 2.86754 10.8426 65.5497
495 9.08028 96.244 -0.13428
496 -0.868005 62.1691 118.111
497 50.2366 112.809 41.4468
498 1.66404 5.26743 38.1928
499 0.50576 86.4877 45.8861
500 111.56 7.87893 96.5903
501 43.5049 113.329 57.2913
502 38.8132 2.43913 36.4503
503 1.14638 111.447 99.131
504 1.46802 3.10545 21.1291
505 2.59335 24.7702 60.1536
506 114.074 2.98695 14.2161
507 113.763 36.6679 104.333
508 69.4052 64.6193 -0.38175
509 2.97385 74.163 68.8986
510 2.67919 0.0790773 4.77261
511 24.2671 112.879 38.9556
512 113.643 110.589 102.762
513 109.836 3.10461 37.2176
514 112.516 44.8393 57.1346
515 112.291 -1.07708 22.4852
516 113.719 38.375 119.388
517 0.821549 98.1199 50.1909
518 -0.97667 57.4011 109.228
519 111.365 28.1549 96.1459
520 63.2554 111.39 78.2383
521 3.26734 67.1394 81.9404
522 12.4374 3.62339 36.1309
523 23.1021 112.379 67.4382
524 33.6574 -0.221524 103.469
525 112.234 33.1262 32.5667
526 39.1966 54.2006 114.513
527 3.21092 46.2419 71.6806
528 72.7382 3.2108 64.9557
529 52.491 108.529 122.383
530 73.5444 92.7826 122.39
531 27.1789 64.7329 122.439
532 29.2889 65.0077 112.016
533 63.1649 48.9529 101.873
534 39.21 54.1712 117.008
535 41.5483 61.4577 119.776
536 62.1853 61.1855 116.996
537 37.8894 71.6385 -0.042079
538 47.1272 84.5133 0.042764
539 28.0859 71.3385 19.318
540 51.1236 63.4077 -0.150653
541 42.6521 95.9386 14.0857
542 28.3144 80.9425 -0.14117
543 31.5131 71.6399 -0.356557
544 -0.648051 38.2084 9.45961
545 -0.72256 104.975 121.13
546 71.3646 112.432 0.114591
547 0.45995 52.6786 0.315141
548 110.79 105.315 67.9339
549 2.86981 59.9422 63.167
550 47.9551 81.0098 8.07249
551 2.92076 92.7811 65.9118
552 60.7281 113.649 6.35161
553 4.66807 111.385 58.2568
554 93.0545 110.622 69.1792
555 -0.434534 80.8106 7.8635
556 0.451227 113.3 118.51
557 11.4525 113.108 65.0176
558 112.634 113.404 2.90666
559 0.0423604 75.473 28.2781
560 86.0223 113.674 5.39731
561 110.661 67.8651 69.4628
562 -0.716075 106.598 94.1298
563 110.932 7.84149 72.485
564 3.09697 2.22189 31.1635
565 114.329 32.0529 20.9067
566 72.5065 112.962 46.7072
567 4.1236 112.863 33.8144
568 21.2947 -0.214409 113.644
569 1.92922 3.24213 34.0342
570 -0.750377 27.3589 115.664
571 63.4452 113.505 82.5338
572 111.883 109.198 71.7069
573 114.345 94.6258 36.4558
574 3.13198 62.0228 79.7906
575 44.765 113.212 113.795
576 30.8038 112.191 59.7337
577 56.0418 19.4774 -0.133433
578 0.413078 81.9148 38.9491
579 11.6503 96.2881 -0.225323
580 113.612 106.072 106.044
581 -0.531442 91.9276 11.1285
582 -0.550307 110.692 112.869
583 65.0323 112.932 29.8488
584 86.7368 112.339 76.4529
585 9.87395 84.1694 122.166
586 1.16382 104.518 70.961
587 112.78 45.1679 101.328
588 21.4173 113.54 15.8119
589 11.4243 -0.206719 10.9907
590 111.029 7.85446 80.0392
591 2.78918 95.5346 58.9162
592 55.8374 85.8302 -0.240844
593 3.12958 47.7982 84.5478
594 102.84 1.52024 81.2586
595 -0.288169 19.3541 23.225
596 2.8743 57.2853 69.8693
597 45.8269 112.148 78.486
598 3.18127 48.4276 82.7782
599 0.254451 73.5832 46.7329
600 1.17419 97.4708 86.4827
601 58.1781 84.3231 105.106
602 2.94763 48.662 64.6687
603 20.4263 2.12925 80.6178
604 60.0879 62.1833 58.8682
605 41.1866 113.569 82.1294
606 20.3817 113.128 106.197
607 -0.0747896 108.934 18.3495
608 111.125 80.0742 74.6756
609 30.0684 88.9557 106.817
610 47.3792 85.7023 117.207
611 59.2395 75.7071 122.26
612 49.6593 83.702 122.011
613 27.9053 68.6232 112.619
614 43.4249 88.2475 117.985
615 50.2535 77.3197 122.485
616 38.1898 104.853 -0.412854
617 44.7958 113.237 1.19716
618 57.1233 113.418 1.28345
619 28.79 111.037 8.21578
620 52.1067 113.622 2.62303
621 37.7451 109.079 11.0752
622 54.8763 105.144 19.9181
623 34.953 98.1784 12.3166
624 49.0764 90.05 13.4214
625 39.0977 112.498 0.140791
626 47.5156 103.174 19.3639
627 44.9897 1.64444 22.2571
628 13.1984 81.5516 -0.0662483
629 76.4236 113.268 100.765
630 -0.560728 94.1743 17.0811
631 -0.591083 59.9475 7.86349
632 18.3556 112.689 41.5524
633 113.54 113.074 34.7176
634 110.152 113.275 36.1213
635 114.477 66.1906 17.2342
636 92.7221 113.558 83.13
637 52.671 112.846 44.2719
638 1.50578 68.1681 91.3576
639 98.3117 110.654 73.4891
640 80.9019 113.423 98.8431
641 0.833215 101.121 46.9609
642 47.5129 113.527 81.7314
643 0.996143 100.76 41.0471
644 -0.261333 5.60714 27.9104
645 90.9099 112.107 0.073319
646 3.97917 113.256 4.03093
647 2.98302 106.64 60.8205
648 1.3358 82.2941 88.744
649 1.35653 99.7995 87.5352
650 -0.562536 99.0011 6.40072
651 11.6765 110.126 122.962
652 113.625 77.9982 98.2196
653 3.10341 101.453 68.3034
654 11.5477 113.554 99.7898
655 -0.810827 78.1232 105.637
656 6.64065 112.109 73.6807
657 55.5891 113.545 94.5859
658 11.0066 112.193 70.3055
659 95.3199 113.973 79.4768
660 45.4996 113.408 102.447
661 75.9122 81.049 122.87
662 3.02581 85.042 75.1346
663 1.31744 98.2331 79.5091
664 46.6404 112.656 64.7418
665 2.64461 62.0835 58.6646
666 -0.996699 78.7614 114.045
667 12.119 112.799 39.062
668 18.2686 112.244 66.0729
669 112.003 113.613 113.214
670 7.45529 2.00952 62.8862
671 10.2486 112.327 0.00217584
672 57.7583 -0.487006 113.709
673 3.28211 36.5798 80.552
674 37.3982 92.7335 114.911
675 -0.790362 43.121 115.863
676 1.23319 111.917 78.9514
677 111.134 -0.0882118 120.09
678 93.4546 112.763 50.1411
679 15.9282 113.402 87.9571
680 45.0847 92.7676 122.286
681 52.6519 94.7111 107.505
682 47.5335 112.586 122.781
683 37.411 93.1988 122.083
684 48.9872 113.259 118.564
685 33.4278 113.895 107.795
686 25.2489 113.659 107.842
687 35.5206 113.477 119.944
688 51.6777 103.305 119.824
689 53.1787 99.7448 122.499
690 53.4034 113.514 112.504
691 66.2615 9.02618 -0.0184502
692 62.6718 14.6087 0.246266
693 82.985 5.06469 9.15934
694 78.0561 20.8802 13.9276
695 64.9998 18.1188 -0.234678
696 57.47 24.9741 17.9042
697 3.33538 113.766 12.8248
698 12.5986 4.21429 56.8239
699 50.4301 23.4172 13.1222
700 0.528582 13.0221 52.534
701 103.851 -0.346277 11.0059
702 0.396218 66.6245 33.9079
703 15.9015 4.33266 38.7064
704 3.7622 4.52743 50.3582
705 68.2811 68.5003 0.140018
706 90.4215 3.04889 57.5965
707 112.305 41.738 40.191
708 71.2904 1.78066 81.7988
709 31.854 1.84928 77.6709
710 -0.292355 17.5097 121.718
711 112.45 48.4727 50.1114
712 108.274 3.22064 51.7571
713 88.3881 3.24191 47.0153
714 30.0377 113.648 17.7921
715 112.159 90.8121 48.7906
716 12.083 1.52875 90.8958
717 106.832 41.9194 122.256
718 3.52429 113.194 7.84369
719 -0.995714 17.5556 111.158
720 113.909 89.7181 102.588
721 54.7746 -0.0210348 104.726
722 112.396 29.8805 48.4011
723 65.8243 3.4397 74.6996
724 111.207 12.8676 85.6718
725 61.5881 0.22517 95.6282
726 82.3184 -0.246097 13.8496
727 90.9291 0.254209 102.136
728 3.17622 22.5607 77.3873
729 -1.04196 71.1663 118.246
730 62.8433 2.99408 62.9394
731 67.4466 113.692 82.2191
732 98.5565 3.2444 65.1034
733 85.4964 8.49929 122.439
734 87.9739 10.5979 103.529
735 70.8301 7.08164 122.287
736 85.2452 24.7892 122.584
737 64.7447 19.985 103.316
738 60.4211 3.68933 114.944
739 81.9017 8.49605 112.664
740 73.6604 23.0371 122.467
741 67.3089 19.8248 122.217
742 67.7283 12.168 119.813
743 84.9373 12.4078 122.777
744 59.507 -0.524069 111.147
745 81.8904 12.8764 122.383
746 61.8445 -0.624321 108.772
747 61.4689 15.8422 122.277
748 72.9437 31.9774 0.0537296
749 80.5817 47.2713 0.162895
750 81.7552 40.7153 0.108477
751 82.1777 34.9981 18.8892
752 70.3015 37.0881 -0.0924752
753 61.7281 26.8132 -0.157155
754 32.921 2.99387 65.242
755 3.06167 51.2596 63.146
756 65.5286 -0.00107359 100.748
757 0.0916004 27.5383 34.5378
758 66.7532 16.6254 10.9286
759 112.2 49.2496 30.702
760 80.1876 -0.588789 11.3188
761 64.3778 3.17655 47.5969
762 110.709 14.6561 75.1161
763 1.17185 5.08627 82.2644
764 26.5143 3.1543 50.0085
765 -0.0972091 75.5352 20.6956
766 0.481732 89.2086 42.0281
767 55.2654 4.56103 40.0955
768 32.2966 89.408 0.197247
769 114.062 96.9983 117.507
770 112.36 32.8 52.5555
771 111.414 12.2624 95.407
772 66.0907 2.13528 32.4156
773 105.287 113.741 82.1761
774 0.31816 78.0499 35.2936
775 4.78892 4.0611 54.2798
776 110.572 33.2017 71.965
777 111.178 56.318 85.9477
778 110.99 7.71169 82.715
779 112.339 86.3021 44.3988
780 112.025 53.869 37.7342
781 18.422 114.455 82.0852
782 114.024 64.2105 108.32
783 31.0061 1.61487 73.9386
784 33.2528 113.339 97.3934
785 111.527 23.6623 97.0185
786 108.657 113.072 96.1325
787 -0.585023 1.23873 120.884
788 68.7837 88.1328 0.24461
789 3.2873 33.9687 76.9436
790 39.903 -0.736423 6.29636
791 97.0272 1.79978 76.2433
792 111.204 3.37702 94.6223
793 43.7764 1.24129 90.13
794 0.53012 112.964 3.93421
795 0.769889 68.0888 49.4891
796 93.0527 113.064 48.0165
797 95.6127 75.6168 122.365
798 17.4524 1.20211 94.4644
799 35.4431 -0.159574 13.5985
800 72.0481 55.1335 113.666
801 2.89796 44.1797 122.514
802 42.615 111.857 122.209
803 111.259 26.3721 93.4801
804 57.3958 43.9654 122.336
805 67.2702 26.4694 122.09
806 61.553 23.0834 112.15
807 67.5571 24.9013 115.842
808 61.517 39.1837 110.613
809 88.618 38.3357 122.277
810 84.8747 47.4462 0.217272
811 81.0453 74.1786 0.180598
812 56.0071 54.3062 -0.0916543
813 58.5082 56.1874 7.54822
814 58.042 53.3894 5.75854
815 63.5712 54.3217 7.17773
816 57.8107 55.3779 3.91423
817 92.4632 71.6137 7.61029
818 69.327 57.5024 14.4054
819 72.652 62.1728 13.598
820 88.6532 47.6548 7.99398
821 114.186 105.967 34.9129
822 59.6701 63.7205 7.85264
823 112.863 7.21076 33.9921
824 105.308 110.554 123.622
825 113.794 66.2978 104.457
826 40.55 113.39 16.8409
827 -0.347138 26.485 20.5872
828 114.001 40.7341 110.425
829 77.3277 113.043 26.8239
830 84.9112 113.053 26.8501
831 112.528 41.7242 55.0765
832 44.8855 113.12 29.7454
833 105.678 1.34532 60.6651
834 106.62 1.04983 83.7102
835 6.05788 0.156472 119.766
836 59.6844 113.309 46.6532
837 110.832 95.878 66.861
838 106.23 -0.377027 113.691
839 77.4189 99.666 122.317
840 63.4723 26.1888 122.255
841 16.5746 66.5099 -0.173098
842 98.74 2.1517 122.709
843 111.342 77.1699 83.436
844 113.995 89.9753 110.394
845 110.508 12.9216 61.6862
846 112.184 57.9358 46.2082
847 112.243 55.7098 30.0039
848 114.057 24.1738 111.699
849 83.0399 70.6766 0.0523304
850 21.5471 2.13972 122.893
851 55.9525 113.788 20.3416
852 58.556 0.0329042 102.01
853 114.046 80.4446 117.362
854 110.708 101.496 61.7708
855 31.5536 113.533 105.034
856 112.187 77.1137 33.5246
857 100.479 79.6266 122.228
858 112.321 39.8425 37.1924
859 108.806 2.55047 67.3181
860 114.018 110.825 39.7378
861 68.024 43.6765 112.075
862 43.3522 99.7956 0.0397041
863 35.4219 4.84295 44.9243
864 86.1526 3.37021 49.6438
865 76.3625 50.224 101.452
866 54.7321 -0.144753 110.184
867 65.0539 68.6316 112.87
868 82.8328 53.9076 116.575
869 75.61 48.9272 111.162
870 90.7925 27.8562 122.354
871 63.5528 65.1917 122.334
872 72.8 66.4215 122.392
873 88.2732 62.2674 111.062
874 81.8879 54.1916 122.595
875 82.6838 55.9405 122.424
876 94.1617 78.6202 0.319622
877 60.4465 73.9715 0.250643
878 80.403 82.6804 -0.11835
879 71.9886 82.2152 0.0558797
880 69.4303 85.78 12.1597
881 61.877 78.3886 -0.197132
882 59.7418 71.3135 0.136115
883 70.0796 74.9404 10.5527
884 62.9456 70.4054 0.117674
885 66.5547 89.1607 7.13041
886 39.6856 113.337 105.003
887 114.349 110.901 9.15362
888 1.22931 19.4431 101.657
889 113.573 92.7905 93.9443
890 114.376 12.8482 7.59993
891 53.3163 112.775 64.5609
892 112.117 81.8282 32.7779
893 32.8044 112.595 54.6435
894 113.476 64.5271 98.911
895 112.289 98.0836 121.983
896 41.7112 81.9867 0.00869906
897 1.23514 62.521 93.9567
898 112.502 56.7663 0.944259
899 110.899 80.0384 72.1264
900 0.991252 100.494 -0.731689
901 46.5574 112.905 46.6216
902 112.878 98.8943 77.3897
903 72.1707 -0.145025 24.223
904 0.648945 108.978 47.0496
905 3.29559 67.0963 66.4281
906 112.406 63.1239 46.0122
907 100.828 109.587 66.6778
908 3.14424 71.9388 73.6421
909 52.0743 4.59819 38.4275
910 112.129 33.4043 102.431
911 69.2385 112.519 64.4445
912 112.671 76.544 55.3611
913 -0.767595 82.7409 102.372
914 104.775 113.614 111.328
915 114.553 27.3219 4.06938
916 0.28462 8.48277 42.4982
917 -1.05161 89.6909 107.428
918 112.15 6.97918 44.8805
919 80.3175 113.863 15.6419
920 2.36194 28.9212 84.3705
921 114.119 75.4 3.09203
922 110.331 40.7174 75.1181
923 28.8213 113.854 83.8623
924 93.363 113.653 87.4268
925 69.8801 0.0341152 103.423
926 61.1709 112.896 42.7964
927 112.382 65.6204 41.7938
928 114.175 1.9889 19.5095
929 69.5924 75.5281 102.057
930 59.7239 89.7735 122.389
931 78.027 68.2223 122.308
932 79.1541 70.3829 107.59
933 79.1471 90.9029 109.504
934 66.9002 76.592 122.132
935 60.6179 101.579 112.261
936 62.79 77.061 109.891
937 69.5526 89.5104 117.417
938 86.163 93.8052 22.0157
939 57.3944 99.6766 9.46944
940 61.2111 96.6943 5.5134
941 78.6341 85.6579 0.0676325
942 -0.736826 102.16 12.8283
943 73.5088 113.581 11.2077
944 100.302 113.312 25.7209
945 112.563 44.0004 20.6375
946 102.321 113.668 10.6557
947 9.13311 113.794 94.839
948 13.2387 113.523 12.6462
949 29.8123 112.82 38.2728
950 110.568 8.44634 68.1836
951 -0.0141604 98.6604 21.9139
952 90.1056 113.114 33.593
953 17.2091 113.663 8.14438
954 109.434 113.28 1.63716
955 62.235 113.028 36.234
956 82.5156 92.9721 0.169595
957 48.216 113.753 15.2614
958 85.7332 112.944 44.9906
959 8.94838 23.9925 -0.501526
960 111.081 74.9425 77.7315
961 40.718 112.769 49.2765
962 112.873 24.5239 122.075
963 85.984 110.191 0.224697
964 -1.06411 90.4644 115.974
965 61.1034 113.188 21.795
966 46.6931 112.793 51.7725
967 0.10559 28.9767 32.0009
968 -1.01569 102.059 110.27
969 16.6973 112.528 62.239
970 111.533 51.5403 100.066
971 1.08989 109.73 87.0023
972 2.38412 113.075 28.7246
973 27.1428 112.656 59.4094
974 110.91 94.0079 69.5711
975 86.2874 113.119 46.5796
976 0.387062 31.7972 48.9754
977 112.227 70.2619 28.2227
978 114.047 99.3738 118.785
979 112.219 58.4022 39.4289
980 114.37 97.3082 4.50861
981 113.804 31.1358 106.723
982 50.3832 113.19 33.9456
983 95.9091 113.802 92.1673
984 41.1356 112.852 93.4025
985 112.438 81.8599 53.1192
986 110.989 50.081 76.227
987 73.5988 89.1652 112.65
988 2.85142 66.4178 75.6152
989 78.5537 104.77 122.392
990 29.3858 113.544 107.714
991 114.223 101.004 35.3654
992 110.151 47.3032 122.327
993 7.99638 113.519 78.3444
994 70.6533 112.771 59.5048
995 34.1726 76.806 121.949
996 93.0652 112.484 77.8053
997 11.3624 92.0397 0.167491
998 76.3992 93.0211 122.551
999 59.7612 113.74 115.221
1000 93.6701 103.566 122.494
1001 64.83 101.195 122.509
1002 88.5654 94.1818 122.225
1003 66.9707 97.5478 122.321
1004 80.5583 113.442 113.831
1005 62.4476 100.557 105.763
1006 71.7549 95.0987 110.869
1007 69.6462 100.417 116.843
1008 114.338 20.1958 6.38442
1009 101.551 17.9018 2.77163
1010 89.9449 21.0481 11.1772
1011 107.032 0.146039 2.7454
1012 96.0361 0.244204 0.866397
1013 100.179 16.8545 11.7292
1014 93.7958 20.5184 13.6006
1015 112.45 28.3485 61.482
1016 102.37 19.4635 12.3679
1017 100.057 71.5124 0.297623
1018 48.6361 2.9161 59.8697
1019 102.45 16.3511 12.2289
1020 88.3889 -0.330072 10.9815
1021 88.5683 18.0765 12.9766
1022 74.3516 3.30915 49.7516
1023 22.5223 2.86678 52.7
1024 70.7287 -0.0780754 5.09688
1025 73.1763 59.8355 -0.127577
1026 25.874 83.6223 122.007
1027 110.938 54.8781 72.9172
1028 114.358 40.5614 15.7685
1029 108.29 0.861152 -1.70679
1030 110.921 74.736 64.2935
1031 27.3328 -0.0889196 100.694
1032 92.3843 2.80269 65.4082
1033 113.977 31.3606 111.798
1034 114.521 17.4682 12.0434
1035 66.9549 0.135771 4.54148
1036 114.195 31.1677 116.815
1037 0.867589 105.576 46.0416
1038 89.3601 113.062 22.1192
1039 112.228 73.8713 46.8573
1040 110.886 26.3086 79.8409
1041 47.1563 2.7605 73.2942
1042 84.6944 3.28352 59.8511
1043 112.208 41.8613 61.2982
1044 100.794 1.84512 73.7152
1045 112.248 13.8567 44.8831
1046 103.756 113.831 102.826
1047 19.5791 30.1861 122.104
1048 54.5017 2.70169 26.1579
1049 79.7284 -0.194343 105.84
1050 1.34118 4.80501 94.9435
1051 63.0344 0.0880323 120.39
1052 91.1677 1.70195 91.9269
1053 17.7624 0.106908 117.444
1054 96.2597 -0.295744 23.8802
1055 81.5994 3.23849 70.0693
1056 110.414 12.3995 122.244
1057 44.7381 113.339 121.064
1058 -0.843594 34.6186 118.239
1059 95.3068 1.55444 87.0415
1060 30.3025 105.591 -0.0516895
1061 79.4216 0.141008 100.714
1062 8.94062 3.03634 60.1346
1063 113.68 16.5513 106.607
1064 74.4435 -0.0944783 109.806
1065 104.082 2.0821 58.0565
1066 98.4964 0.227273 112.392
1067 113.855 5.76062 117.468
1068 112.343 4.62946 122.805
1069 101.95 8.16826 110.125
1070 93.2906 38.7575 0.0470041
1071 78.5186 29.3961 0.160617
1072 95.8632 16.3081 10.3533
1073 98.231 50.2812 15.5066
1074 93.32 46.0535 0.264479
1075 98.4947 47.0344 2.78026
1076 112.952 113.098 27.1458
1077 98.2216 43.8905 4.98988
1078 112.598 97.1034 42.8514
1079 114.503 48.1762 3.94993
1080 93.4613 3.36404 56.2708
1081 27.6699 82.4804 -0.504288
1082 17.8837 -0.373854 3.6305
1083 84.6839 113.062 88.3894
1084 107.699 2.44025 46.1653
1085 0.220245 33.9694 0.906313
1086 114.59 38.9688 3.36634
1087 113.64 62.3806 105.81
1088 112.159 47.1622 27.329
1089 87.2849 2.39339 31.0036
1090 27.8281 2.3933 24.628
1091 113.844 90.4083 106.201
1092 112.154 63.1627 28.4875
1093 111.143 38.2258 85.0144
1094 111.322 30.326 100.002
1095 114.57 45.4139 7.22678
1096 41.4187 113.531 102.379
1097 112.229 18.5789 49.5476
1098 42.117 2.45222 34.8338
1099 114.479 31.7565 10.6909
1100 68.283 112.853 38.8481
1101 77.9911 1.07646 86.7279
1102 54.8223 70.5101 0.207183
1103 78.5693 3.00701 65.488
1104 104.078 -0.358582 16.5373
1105 25.7448 -0.318619 8.68892
1106 95.8496 -0.627788 111.088
1107 49.3063 3.57238 51.1189
1108 111.268 46.9013 93.0785
1109 86.4183 -0.0388072 117.332
1110 91.4389 2.00306 84.3374
1111 110.794 16.8529 68.4517
1112 101.381 3.65298 38.3027
1113 112.182 61.0522 25.0346
1114 20.8846 1.63123 71.2224
1115 0.665365 17.0492 55.9497
1116 106.18 82.0332 0.476198
1117 3.27719 50.1182 90.6553
1118 -0.215017 22.5884 19.7721
1119 112.377 10.1084 44.1346
1120 32.456 66.0506 122.069
1121 111.07 19.0761 87.2176
1122 -0.848775 22.7453 103.859
1123 112.516 27.5026 52.7768
1124 4.13251 113.192 63.039
1125 71.9366 -0.0633926 21.7112
1126 114.429 59.9775 5.69214
1127 89.7836 30.3528 111.812
1128 1.5331 16.0857 92.2051
1129 100.697 41.1855 105.955
1130 108.079 23.2006 122.194
1131 108.598 31.535 122.074
1132 114.158 36.0072 113.584
1133 114.025 39.1185 115.303
1134 102.19 33.3906 122.338
1135 102.073 35.6733 115.639
1136 85.0119 45.4132 112.18
1137 109.266 64.3622 7.14487
1138 114.48 52.0715 4.86002
1139 96.1447 50.2044 0.462577
1140 114.466 47.8241 18.2114
1141 112.764 44.6709 -0.495493
1142 112.712 74.4302 56.4082
1143 111.982 65.118 31.0884
1144 112.874 84.3192 0.961217
1145 110.737 29.1823 81.2936
1146 112.188 43.8307 46.2311
1147 0.419824 21.4977 49.7538
1148 114.622 94.8082 13.2134
1149 59.9738 -0.201067 11.2547
1150 112.329 84.0774 35.8959
1151 112.529 20.8191 59.1562
1152 81.2461 112.817 50.4194
1153 114.625 33.9155 7.05398
1154 81.6779 113.581 94.8992
1155 110.63 40.8445 67.4819
1156 112.552 16.118 33.0922
1157 24.3697 4.10927 122.668
1158 66.9661 3.15294 67.8514
1159 113.363 101.692 0.610155
1160 110.954 4.87417 32.1716
1161 92.7084 113.311 106.408
1162 114.396 57.593 9.50094
1163 55.3641 -0.369996 118.739
1164 4.51169 0.944471 100.108
1165 112.411 113.104 43.8971
1166 114.254 108.088 27.5147
1167 112.137 53.08 44.4323
1168 -0.25905 105.801 16.4106
1169 98.1557 82.9627 122.63
1170 110.674 28.6558 72.6611
1171 111.977 113.218 88.435
1172 91.3489 0.244745 12.3748
1173 1.27105 11.9079 87.5783
1174 90.3094 57.3863 0.164888
1175 113.755 57.8649 104.49
1176 34.7846 0.200669 97.1691
1177 59.6228 72.2069 122.232
1178 18.1905 21.006 122.032
1179 113.534 98.1343 87.7863
1180 112.331 9.82021 51.609
1181 1.1811 2.27963 104.469
1182 32.919 1.2781 86.3509
1183 113.711 46.1815 105.208
1184 112.97 98.7803 74.8046
1185 57.3544 113.414 92.3184
1186 59.0977 0.223698 20.3509
1187 110.526 15.5164 65.4178
1188 111.101 68.4193 83.5038
1189 110.77 24.4782 74.4682
1190 91.2506 113.985 117.86
1191 114.044 47.8642 112.571
1192 100.23 99.3932 0.424123
1193 112.264 113.353 33.6186
1194 96.9483 113.192 103.624
1195 110.97 33.682 75.4736
1196 66.6475 54.2498 -0.473746
1197 112.266 30.166 43.3824
1198 102.012 58.4522 107.13
1199 80.0969 113.802 10.5382
1200 86.6701 51.3877 107.986
1201 95.8222 66.3695 113.803
1202 96.087 51.1269 122.512
1203 109.002 59.4161 122.382
1204 110.464 68.2948 109.792
1205 101.788 50.2463 112.834
1206 112.677 65.339 122.232
1207 91.2098 91.1934 0.215561
1208 82.3332 78.6405 0.141141
1209 91.6164 90.7472 9.77017
1210 114.386 80.6026 12.729
1211 84.4834 91.9641 18.8767
1212 110.027 91.919 6.7646
1213 94.1115 74.925 0.310438
1214 85.6813 71.1119 11.3588
1215 92.3769 82.086 0.0956782
1216 98.1431 96.1401 0.380165
1217 83.8467 113.7 81.8241
1218 9.98027 112.97 31.1595
1219 110.28 37.6996 -0.340406
1220 -0.238138 34.154 24.2143
1221 114.365 110.107 43.927
1222 106.919 0.201148 25.3564
1223 103.452 112.111 0.546701
1224 106.417 113.591 5.62761
1225 -0.0134493 70.7468 21.5731
1226 114.435 88.342 15.7458
1227 74.3293 99.3672 0.160869
1228 109.818 113.359 30.6495
1229 76.5002 113.057 43.5298
1230 67.5814 54.7605 122.203
1231 114.058 92.526 20.2851
1232 77.3248 112.859 37.4556
1233 96.3627 113.123 51.6077
1234 100.858 113.503 104.074
1235 87.8713 -0.28163 3.81637
1236 110.786 66.2706 61.8383
1237 25.6969 113.598 18.3617
1238 110.935 39.8622 79.5227
1239 114.336 52.2988 14.7468
1240 5.41329 112.725 42.9028
1241 34.1381 50.4724 -0.0962081
1242 89.0116 113.085 24.1296
1243 41.6598 -0.199878 103.615
1244 114.104 94.5263 15.9125
1245 113.169 113.16 6.514
1246 65.9869 113.826 12.6808
1247 112.512 78.4577 53.8373
1248 92.1022 -0.285234 3.61687
1249 81.6548 113.531 102.432
1250 112.281 30.391 35.8539
1251 112.479 88.257 33.8892
1252 72.3181 113.538 25.9649
1253 99.0501 0.294432 104.763
1254 5.76554 63.4739 0.109193
1255 114.113 94.8541 30.9261
1256 113.338 76.045 92.3584
1257 37.2196 113.464 115.434
1258 112.308 79.2846 41.5232
1259 78.4219 113.11 49.3331
1260 59.2462 113.44 84.786
1261 106.597 0.874741 99.4388
1262 111.384 84.1193 83.6407
1263 -0.166721 105.636 21.881
1264 113.472 99.9062 99.329
1265 112.997 97.3995 79.8172
1266 108.62 74.0995 110.469
1267 87.7761 68.5093 122.349
1268 114.151 71.134 113.607
1269 91.7007 68.6308 122.256
1270 106.281 82.3636 122.536
1271 114.149 83.2992 113.741
1272 95.9595 79.3461 119.554
1273 84.383 85.0574 111.072
1274 114.076 92.4037 116.703
1275 90.2526 72.0222 110.127
1276 110.924 84.4205 110.055
1277 90.2022 82.7017 122.339
1278 81.193 73.397 122.387
1279 96.2696 78.6878 107.361
1280 104.45 65.859 122.243
1281 114.461 95.1223 23.2417
1282 101.039 113.351 19.0323
1283 108.774 113.588 13.0391
1284 114.436 92.3626 10.1365
1285 91.9479 106.593 15.4001
1286 113.47 40.7751 102.573
1287 94.2464 113.513 10.5437
1288 110.436 93.7808 58.5317
1289 45.3489 113.485 107.478
1290 14.3805 112.633 44.3493
1291 31.0835 92.7697 0.170949
1292 69.3355 113.056 31.9585
1293 113.322 106.05 79.992
1294 102.262 113.107 48.7761
1295 111.605 21.8465 91.8912
1296 17.9202 112.838 33.6606
1297 96.3912 113.581 80.9672
1298 111.04 72.2361 81.8803
1299 101.82 64.6597 122.527
1300 59.297 113.532 82.0386
1301 114.201 94.2401 20.0133
1302 20.2585 113.302 62.2411
1303 82.9417 114.208 105.202
1304 114.158 98.9766 19.5713
1305 113.495 99.7176 96.6104
1306 114.447 69.1474 13.9608
1307 112.497 0.672756 26.6966
1308 111.169 91.5753 76.5734
1309 108.523 94.2895 122.369
1310 38.9684 2.54309 70.41
1311 16.6237 112.633 57.1901
1312 114.314 13.4824 21.1613
1313 114.332 101.737 15.9086
1314 20.3063 113.196 36.2301
1315 112.39 71.9343 53.8138
1316 112.376 77.0592 26.1599
1317 108.014 -0.112995 110.729
1318 91.935 111.295 61.4399
1319 7.12017 113.788 17.9392
1320 36.1198 113.379 83.1932
1321 12.8762 99.9247 122.03
1322 5.02584 3.72711 40.6458
1323 110.853 63.3935 64.886
1324 111.254 51.4249 89.1944
1325 104.701 113.338 85.6737
1326 3.19716 44.4365 83.5885
1327 114.244 89.696 21.2693
1328 98.5409 86.9408 113.742
1329 30.8516 8.86388 122.418
1330 114.355 108.448 46.2223
1331 98.1368 103.321 122.628
1332 89.9702 72.0634 122.494
1333 97.9951 108.543 106.526
1334 106.007 100.547 112.099
1335 97.9435 89.9053 107.18
1336 113.829 103.852 120.562
1337 114.356 97.443 111.513
1338 112.646 113.611 119.383
1339 92.9565 110.747 113.199
1340 113.958 104.559 113.923
1341 90.2096 100.069 102.811
