0 11.2207 13.3835 -0.761166
1 2.78476 0.0561951 10.0132
2 -0.640337 36.2994 21.8914
3 18.548 -0.10044 9.72039
4 25.6662 -0.239793 1.10871
5 7.84911 12.7572 -0.281551
6 -0.511954 13.1346 10.8055
7 11.9084 8.89745 6.83291
8 11.1612 2.02142 -0.317316
9 -0.677519 15.5187 1.93727
10 84.3687 -0.115818 16.2238
11 -0.779168 60.0099 5.25649
12 28.1111 2.127 71.2081
13 87.9792 2.1233 84.0159
14 3.32948 45.3112 82.078
15 98.7702 0.247056 25.6425
16 66.3271 5.31248 38.1745
17 42.0003 3.90185 -1.60769
18 33.8387 4.01703 43.9126
19 40.0117 2.33446 30.4128
20 54.4527 3.18216 75.0616
21 36.1457 1.06901 0.804156
22 30.9646 2.82016 29.2478
23 74.4433 3.43184 50.0521
24 51.6752 2.31263 32.4606
25 35.0139 2.81009 68.4312
26 3.34889 70.9526 83.4874
27 110.578 8.83396 76.7254
28 0.793746 40.7143 42.7441
29 3.01394 20.4498 66.942
30 15.3211 113.429 103.464
31 88.3029 3.31967 60.6732
32 52.7388 3.12372 58.1166
33 41.3259 -0.33909 106.764
34 11.1875 103.559 123.554
35 28.6807 2.16131 81.4487
36 1.4004 16.4531 103.358
37 110.797 10.3151 79.5223
38 97.0185 1.73905 90.1521
39 1.41616 2.48226 102.889
40 0.550397 72.9338 40.785
41 -0.946298 76.9474 104.199
42 111.413 87.8486 65.9757
43 4.08487 -1.20412 13.5775
44 32.3931 2.25093 35.2864
45 37.3703 53.9028 123.306
46 43.0629 3.28612 76.2851
47 46.4304 2.99743 53.0557
48 44.8477 1.42098 85.2756
49 29.7616 20.6438 115.253
50 21.0228 4.31395 111.105
51 1.50094 9.49414 90.2147
52 4.52677 113.134 6.22743
53 -0.805597 10.9137 108.627
54 65.5893 3.2206 80.2845
55 106.053 3.33182 49.8869
56 1.38174 14.9092 90.3512
57 9.34435 23.0044 110.614
58 -0.809669 1.43285 111.67
59 0.816901 35.9609 51.0403
60 7.24797 4.19183 111.194
61 14.1409 0.270837 120.921
62 33.2342 16.1781 123.174
63 16.5898 9.19368 122.696
64 2.48555 0.147217 120.405
65 5.76311 5.11002 115.033
66 21.4677 44.7109 6.81062
67 22.1607 30.6911 16.0097
68 30.1706 39.4466 11.3251
69 -0.647554 45.592 12.0058
70 27.8999 22.6233 12.2931
71 6.94716 57.3189 -0.0408418
72 27.3126 37.1615 -0.0628974
73 8.37819 45.9074 0.0336879
74 -0.793226 42.7823 1.3211
75 0.610259 26.919 47.3486
76 13.0708 61.0743 -0.0307294
77 3.84488 29.493 11.9094
78 0.164767 68.3521 25.9901
79 9.91176 2.12812 29.8934
80 3.2158 20.7455 -1.22525
81 -0.674035 99.8063 102.762
82 -1.03321 64.6633 112.859
83 0.144959 24.8384 31.6597
84 25.6857 -0.267623 13.6513
85 82.1438 33.1044 123.29
86 65.6658 113.425 106.006
87 2.51562 34.2901 -0.811349
88 55.3913 -0.0430238 106.71
89 4.57808 4.01511 52.0569
90 38.1798 -0.142352 110.983
91 110.672 10.5661 60.1814
92 1.0507 55.8098 122.248
93 92.5568 3.36 47.0653
94 92.9371 3.93336 43.4534
95 0.867126 47.0877 52.466
96 58.3419 2.54884 85.1369
97 1.32025 23.5476 -0.785604
98 7.55247 4.76881 45.5979
99 3.19405 33.7504 77.5164
100 113.027 106.556 79.7812
101 114.311 15.1886 11.406
102 -0.676129 36.797 105.11
103 19.0153 112.223 70.7865
104 0.875157 3.44887 -0.647289
105 3.12356 25.5893 67.0634
106 103.334 0.036253 10.4272
107 110.948 43.2111 77.0263
108 63.3473 0.266142 20.4029
109 1.46643 23.3248 87.7996
110 53.2153 113.531 105.863
111 110.25 47.6793 65.6162
112 2.4557 7.76664 123.597
113 -0.900643 20.3621 8.64416
114 3.39435 54.7267 72.3021
115 1.00437 102.583 47.2795
116 0.35872 56.6943 27.0623
117 22.8259 47.0606 -0.511653
118 45.267 3.94856 35.6571
119 18.4361 0.059991 108.273
120 19.9267 26.7217 111.011
121 3.33389 57.7194 87.0428
122 44.996 112.637 70.7092
123 3.22944 68.7351 74.9336
124 0.72229 73.4283 49.5987
125 25.1523 36.8143 123.08
126 29.4076 40.6861 123.291
127 9.40669 41.6405 110.003
128 7.31816 34.6025 107.031
129 13.1248 44.6192 110.101
130 10.0657 34.6525 123.175
131 13.1285 43.8557 123.114
132 33.1902 27.4504 107.361
133 21.9312 40.0795 107.81
134 17.5267 69.4397 6.71225
135 2.1237 63.0464 -0.215717
136 33.8434 68.4127 2.05338
137 17.671 54.1151 12.1949
138 5.39631 59.5715 8.60608
139 -0.367515 82.7386 7.8549
140 19.5606 55.5328 11.2105
141 -0.629035 31.7231 100.827
142 3.07866 74.1855 80.2751
143 103.986 -0.126181 13.6459
144 0.351233 79.4099 123.065
145 2.40756 7.04 53.0544
146 27.5939 74.9471 12.6513
147 79.3603 107.055 123.561
148 3.05286 83.3416 73.4294
149 1.41733 96.2363 89.8653
150 -0.515693 101.216 4.50322
151 3.4828 28.1813 78.2942
152 0.310191 70.5656 37.2188
153 18.8348 56.3934 -0.0751152
154 -0.244151 1.44581 3.9754
155 0.22207 108.31 23.3513
156 1.38829 9.47656 100.739
157 1.99491 107.191 51.9143
158 3.22659 73.3012 74.0757
159 2.65572 69.1275 89.3941
160 4.81782 3.91957 57.8444
161 61.318 112.691 45.4638
162 53.5413 -0.405643 114.711
163 -0.607779 83.0378 6.22422
164 3.54147 2.69453 34.4285
165 113.985 81.2547 111.36
166 0.268884 5.75652 44.253
167 69.3566 113.483 90.5588
168 1.60084 56.2557 95.6959
169 3.25563 31.708 79.2893
170 2.72569 114.463 94.9005
171 110.606 98.7296 61.8349
172 114.457 24.1827 14.6361
173 82.0598 96.2064 0.327842
174 -0.206166 19.7865 24.156
175 -0.964553 49.8303 111.86
176 1.44706 3.7073 90.8364
177 0.610886 54.5916 42.5916
178 43.3357 2.79021 34.187
179 69.0758 -0.618999 119.853
180 3.30234 50.3191 78.4802
181 9.22623 96.8149 123.005
182 0.0361771 91.6842 24.5797
183 112.183 65.0797 41.237
184 0.668248 105.296 43.024
185 110.342 7.75596 123.872
186 4.93963 56.3343 116.793
187 0.426026 89.7967 37.9354
188 105.807 113.36 106.415
189 3.73388 66.7039 115.346
190 10.8141 44.8796 116.927
191 0.901979 67.8726 123.522
192 12.8728 58.4531 122.832
193 14.703 68.2593 123.296
194 -0.762248 59.9592 116.027
195 10.1367 56.0486 122.929
196 20.9769 50.591 115.784
197 33.4828 55.586 107.7
198 22.1307 62.7952 123.111
199 12.904 70.921 8.58058
200 6.98189 81.4322 8.47582
201 30.4775 93.229 7.96242
202 15.249 71.9787 7.5905
203 24.2387 75.9481 5.80439
204 18.288 84.3169 7.76951
205 2.74623 76.551 -0.804253
206 23.9571 80.0667 -0.731408
207 5.61289 71.9563 -0.0415502
208 16.1475 73.8451 -0.0643529
209 39.5011 113.299 93.1992
210 25.7321 113.798 18.2019
211 33.2361 96.4561 123.548
212 -0.720623 29.6055 112.555
213 7.84036 113.343 4.20069
214 0.307399 103.751 19.0905
215 -0.454478 77.6011 16.3476
216 110.035 10.2671 63.4057
217 64.2468 0.882736 0.847517
218 3.11183 80.6959 77.8065
219 1.09334 79.5661 -0.678413
220 0.4055 82.746 32.3612
221 98.2364 110.263 63.4227
222 111.117 85.6737 54.6361
223 40.8605 112.573 40.3263
224 56.6781 66.7028 -0.26189
225 30.6597 112.292 57.5968
226 37.7413 112.157 69.3891
227 79.211 28.7755 123.979
228 110.865 40.1825 77.7788
229 44.7898 94.9708 0.0564131
230 59.095 -0.0974697 113.937
231 -0.0533359 24.2997 22.6555
232 97.7374 65.0643 123.271
233 0.393031 33.3791 39.2244
234 3.18166 94.0728 74.0712
235 56.7764 1.02998 122.736
236 0.134587 29.5784 27.8541
237 71.2425 111.14 76.4297
238 42.4477 54.3431 123.258
239 33.2152 113.321 98.2239
240 0.636208 84.5817 40.1991
241 -0.314081 93.8648 17.2463
242 -0.387142 72.9404 17.0657
243 -0.571934 34.2918 119.224
244 32.1174 89.6048 123.808
245 -0.806178 47.5419 118.467
246 -0.616125 78.3522 7.09263
247 113.725 96.7268 100.723
248 40.8326 112.209 73.0926
249 70.0965 113.712 10.2141
250 0.702538 68.5634 50.7099
251 3.29484 114.529 105.304
252 110.492 105.208 60.6378
253 112.03 37.2957 26.3571
254 74.7063 0.183043 105.846
255 -0.544085 24.1778 17.6746
256 72.9486 112.688 57.1596
257 106.641 112.134 79.9667
258 4.53117 3.49088 45.013
259 -1.07762 73.5632 117.359
260 44.7885 112.5 73.3351
261 48.8533 2.77956 73.5703
262 26.1177 2.07716 123.702
263 -0.61148 52.7083 7.55517
264 -1.04218 33.8217 115.657
265 113.763 59.4799 104.907
266 -0.838335 47.7843 115.828
267 13.2971 113.458 98.1148
268 55.3517 113.349 95.8448
269 0.545004 93.2621 122.842
270 41.7194 12.112 123.262
271 5.97586 83.8266 122.975
272 16.8696 70.8914 114.392
273 2.56147 70.8448 123.764
274 -1.1909 82.7544 113.462
275 23.7826 69.1554 109.429
276 31.3694 81.8374 108.666
277 26.8785 91.4452 123.903
278 24.3304 113.238 1.30759
279 16.43 101.685 2.64588
280 9.90979 99.9673 -0.0113635
281 13.6462 99.9857 14.9318
282 17.604 113.702 10.2285
283 2.73323 97.6836 -0.601264
284 0.54932 81.8891 34.0665
285 4.27587 66.1435 -0.496044
286 6.11008 114.204 80.6246
287 54.5913 0.282044 20.2439
288 37.9653 112.951 36.846
289 -0.495247 77.8729 1.45725
290 112.295 34.5846 58.3602
291 64.3195 82.2725 0.0609096
292 113.164 108.792 80.617
293 0.741843 77.6657 48.7279
294 13.8541 111.917 69.1547
295 109.016 113.193 29.9748
296 114.173 52.9126 15.6406
297 2.99675 64.3034 73.3471
298 110.74 103.439 69.0015
299 28.2667 1.86179 86.565
300 112.194 110.939 78.1967
301 -0.510873 43.5193 17.4012
302 114.341 73.5383 12.8131
303 1.35654 102.147 91.5773
304 -0.350065 57.5698 14.5696
305 88.9391 112.577 42.8144
306 1.39184 103.186 0.128769
307 -0.0745833 78.1115 22.8826
308 3.18596 108.899 59.8538
309 92.3039 113.07 81.4154
310 20.2257 112.886 34.1225
311 -0.766205 48.1212 8.75133
312 34.0395 62.3244 123.228
313 29.2273 113.209 103.316
314 86.5438 -0.00860552 108.689
315 37.3385 113.407 88.2173
316 35.5922 113.198 78.1547
317 1.20235 86.1736 90.7357
318 113.893 13.4001 109.242
319 74.576 99.7234 0.315262
320 0.638904 52.3055 47.0761
321 -0.849097 5.96821 113.391
322 56.2717 113.283 65.3326
323 55.6788 85.7692 123.398
324 0.578551 2.93622 107.139
325 -0.726668 108.289 107.662
326 3.19791 88.1955 67.3674
327 1.18793 112.266 83.2944
328 113.997 97.6286 119.884
329 33.5227 113.465 111.41
330 26.4871 112.62 55.1612
331 28.2978 52.3979 123.164
332 43.7039 -0.337145 99.1001
333 -0.824883 89.7008 121.047
334 1.31553 9.41356 98.0628
335 0.356675 65.9525 27.809
336 31.7581 -0.0455524 6.25855
337 0.394773 41.1017 99.0574
338 25.3669 113.534 118.623
339 24.7188 100.986 123.153
340 -0.859041 104.292 117.298
341 7.61021 92.1502 106.976
342 1.62481 114.248 113.557
343 39.6777 13.0126 9.44338
344 20.1705 6.17723 13.4549
345 35.6987 12.4205 7.51613
346 41.1054 17.922 -0.0830328
347 51.4668 -0.114843 3.75882
348 37.5934 14.103 8.79625
349 35.9273 12.0643 0.09802
350 33.4544 15.0265 10.8156
351 34.8847 18.6952 8.89801
352 113.866 8.82136 22.1043
353 1.92561 47.0752 57.7556
354 8.33893 24.6257 123.235
355 47.9515 26.4037 -0.217814
356 1.09769 40.2108 57.5201
357 112.305 26.0758 45.6365
358 39.2455 2.84299 36.8382
359 79.8408 -0.285827 106.936
360 19.9804 1.88864 89.3629
361 72.7915 3.3404 65.8518
362 2.93482 62.0702 61.9027
363 0.135557 21.8353 29.633
364 -0.857723 15.7012 110.066
365 -0.465379 22.785 14.6431
366 47.3011 -0.0200486 91.3492
367 111.454 54.5155 94.8063
368 3.15319 64.7095 76.6753
369 1.24073 46.6035 104.102
370 89.4435 1.64115 92.9616
371 113.97 36.7547 118.206
372 29.3159 3.50724 35.798
373 114.052 24.9631 121.494
374 108.433 92.8201 123.504
375 113.973 22.04 26.6085
376 50.2998 0.261062 102.903
377 112.013 19.1498 40.1878
378 17.0898 33.1114 0.060307
379 -0.673637 91.9024 101.523
380 2.53385 2.95725 83.1118
381 111.879 54.9516 100.13
382 48.838 3.15286 60.429
383 -0.915814 8.91677 115.17
384 -0.565786 88.0383 12.8361
385 109.57 1.18975 103.094
386 40.7615 3.19288 60.8353
387 10.9068 16.2194 123.497
388 1.88367 42.5817 58.7454
389 96.1093 113.192 36.4005
390 45.5683 21.552 104.003
391 59.5456 54.7359 123.221
392 111.222 19.1455 93.6133
393 53.4005 15.7642 123.209
394 27.0177 12.6089 123.042
395 45.3099 25.1143 114.047
396 53.4307 26.2763 108.448
397 33.9009 1.76827 123.582
398 46.5502 2.11502 123.977
399 47.3375 11.6466 103.881
400 56.4495 10.4846 123.138
401 46.1615 23.3243 119.039
402 34.03 29.8146 -0.164418
403 31.8599 42.8591 13.5065
404 32.7409 45.7986 -0.0988938
405 54.5516 35.8954 0.244355
406 55.7625 40.1094 -0.00656167
407 37.618 31.3077 16.4739
408 31.6163 41.4667 4.0327
409 46.5863 32.9978 14.164
410 32.4538 31.9843 -0.161226
411 59.6478 50.7989 0.126604
412 43.7229 47.904 4.7316
413 40.7767 48.2258 6.01331
414 38.0046 2.07648 22.326
415 -0.657343 104.079 96.6657
416 112.281 60.8588 53.5732
417 44.2021 113.759 12.5852
418 0.709735 66.5337 52.3101
419 72.9653 1.70248 85.42
420 -0.72198 20.0603 3.48383
421 -0.445804 10.2851 19.7873
422 0.440733 77.619 32.5772
423 -0.885461 52.3085 115.087
424 1.13957 50.096 53.9787
425 21.0539 1.25421 32.3217
426 1.31663 19.7121 82.0297
427 112.663 72.4921 123.465
428 34.9912 35.3242 -0.405845
429 62.7805 0.690472 90.6514
430 65.4781 3.82053 59.7642
431 110.832 86.4528 77.2398
432 3.25314 0.398029 88.4666
433 71.7197 113.466 100.802
434 114.048 27.5478 119.527
435 -0.870028 15.7521 115.209
436 42.9908 1.83843 82.4986
437 9.27474 3.66776 35.8527
438 111.007 20.247 83.7922
439 111.321 75.4796 84.4163
440 65.3952 77.7481 50.2477
441 -0.784193 43.3777 7.16684
442 3.12223 4.95242 64.5464
443 73.2689 112.237 50.8009
444 92.1223 2.00598 -0.0843112
445 -0.847977 90.4433 99.1608
446 1.37952 61.2182 100.262
447 0.537081 27.1265 40.302
448 9.41969 113.729 113.742
449 108.736 3.56535 53.9305
450 18.9551 -0.229144 119.77
451 51.1168 1.52369 82.8421
452 0.878972 40.8188 50.5793
453 19.6017 30.1063 123.068
454 20.9625 72.2068 123.254
455 53.4549 66.5463 -0.245305
456 28.3153 113.216 91.5687
457 95.1819 84.4218 0.136329
458 1.15726 72.7769 96.8804
459 44.0091 2.19664 27.4977
460 12.9988 1.84556 74.6834
461 1.12671 12.4722 77.0759
462 112.252 32.2896 54.8999
463 112.195 81.8613 40.551
464 110.211 11.1621 69.5123
465 107.575 40.4775 123.239
466 112.011 28.5478 36.0142
467 35.5259 24.1598 115.118
468 76.5323 4.38509 36.0541
469 110.839 44.8535 77.0152
470 22.2695 49.3385 108.496
471 63.7662 34.2855 119.715
472 43.3049 31.3859 114.523
473 45.2828 39.2171 111.38
474 29.5254 26.5536 123.292
475 45.4503 26.5418 123.206
476 42.0462 35.2457 123.444
477 45.2435 39.0919 108.983
478 48.3501 31.2289 123.159
479 38.0184 56.1509 123.51
480 34.5544 63.2104 -0.199421
481 40.0098 59.3522 16.7744
482 56.3097 67.1636 3.11714
483 45.6879 44.2061 17.1559
484 13.2509 106.565 123.662
485 3.42425 58.0157 81.9832
486 57.9238 3.5591 56.9925
487 -1.15415 71.8941 115.134
488 3.10191 53.1089 90.6704
489 11.1621 65.4437 123.011
490 -0.473544 94.8453 5.33218
491 47.9263 113.823 12.6461
492 104.927 112.894 1.2788
493 110.733 26.3784 72.1369
494 0.911577 26.3973 54.3989
495 -0.161604 91.5532 21.8814
496 5.15866 113.771 116.376
497 57.7894 113.21 26.2145
498 14.5477 0.186145 15.0838
499 21.0748 112.383 60.2831
500 95.7768 -0.0822653 104.341
501 54.3141 112.72 49.411
502 15.9542 3.65684 34.5038
503 2.87871 75.8043 77.3998
504 -0.359884 19.2736 17.9752
505 2.96307 11.2376 60.962
506 113.112 33.7897 23.4045
507 112.023 40.0915 33.0559
508 58.7518 84.6936 0.0241054
509 1.05547 93.3348 46.3704
510 29.7495 57.6526 -0.0986979
511 28.6265 112.627 44.1697
512 89.6081 113.206 101.072
513 99.9337 4.87025 33.3605
514 112.49 46.0799 54.9668
515 112.442 1.47499 16.8422
516 113.653 36.2261 122.053
517 1.65759 112.266 40.8427
518 -0.830978 43.9232 120.202
519 110.588 19.2879 72.2596
520 88.9423 113.278 88.0396
521 2.94454 57.9267 68.7663
522 -0.0550495 12.8897 23.5135
523 14.6688 112.33 47.3304
524 45.5542 0.138515 98.973
525 114.568 29.0249 11.6021
526 39.0355 54.1307 115.466
527 3.18602 43.6506 65.5219
528 57.1016 0.14095 91.2321
529 53.2906 113.598 103.067
530 83.595 113.476 103.463
531 27.1789 64.7329 123.485
532 29.2889 65.0077 113.063
533 63.1649 48.9529 102.919
534 39.21 54.1712 118.054
535 41.5483 61.4577 120.822
536 62.1853 61.1855 118.042
537 37.8894 71.6385 -0.042079
538 47.1272 84.5133 0.042764
539 28.0859 71.3385 19.318
540 51.1236 63.4077 -0.150653
541 42.6521 95.9386 14.0857
542 28.3144 80.9425 -0.14117
543 31.5131 71.6399 -0.356557
544 -0.732094 50.4631 2.28339
545 -0.393689 100.064 122.909
546 71.4341 112.375 -0.0411054
547 27.8325 33.7271 -0.0950313
548 113.792 75.7611 98.0275
549 0.478146 57.2229 33.182
550 47.8544 80.7823 8.42205
551 3.10612 83.4665 65.8431
552 60.0516 110.824 -0.608467
553 0.0802048 101.551 21.3618
554 112.368 65.3068 57.9137
555 -0.530075 92.6094 11.899
556 5.08305 114.397 95.2259
557 3.31607 110.844 68.4597
558 114.498 106.307 7.49247
559 3.048 81.2545 59.5695
560 85.1097 113.359 1.56266
561 111.03 70.182 81.5097
562 7.75659 113.064 93.8266
563 105.633 1.22331 59.098
564 -0.466038 12.3354 12.6411
565 109.547 -1.3858 9.80832
566 108.206 111.448 52.1546
567 0.385097 98.9722 30.7653
568 6.08451 -0.0971473 117.996
569 14.4189 4.0452 46.5216
570 -1.00047 19.5793 120.559
571 96.9742 110.804 58.3751
572 77.0664 111.851 71.0266
573 108.743 110.27 64.1765
574 2.82545 76.6079 89.1391
575 24.5553 113.253 112.202
576 19.2855 114.769 84.1645
577 22.7476 -0.0586525 -0.848042
578 0.908098 79.7405 51.3219
579 0.915803 95.7201 0.0206841
580 113.661 81.2166 103.699
581 -0.713019 62.3027 13.3205
582 5.15066 114.641 99.9964
583 71.6669 113.482 26.0956
584 104.861 113.313 99.8454
585 11.5394 86.1198 123.161
586 8.33333 112.817 65.8846
587 114.069 38.944 111.602
588 -0.806231 109.138 8.03273
589 63.5028 2.53498 26.2396
590 111.342 8.07902 95.2534
591 3.26934 81.0782 82.9977
592 39.7127 110.287 -0.0693949
593 0.73768 21.8565 42.4908
594 90.8598 1.86803 74.5471
595 4.94001 1.27739 27.4531
596 3.1957 50.2563 86.2008
597 44.162 113.238 81.1901
598 1.54867 48.7548 102.361
599 3.17932 88.289 72.7303
600 3.03887 90.3904 70.9164
601 58.1781 84.3231 106.152
602 3.11682 69.3049 68.0815
603 43.2619 -0.140056 106.856
604 60.0932 61.0666 59.3111
605 57.377 113.519 90.7726
606 3.24737 114.851 89.7677
607 -0.800353 75.3177 10.2164
608 110.317 77.1814 65.9422
609 30.0684 88.9557 107.863
610 47.3792 85.7023 118.253
611 59.2395 75.7071 123.306
612 49.6593 83.702 123.057
613 27.9053 68.6232 113.665
614 43.4249 88.2475 119.031
615 50.2535 77.3197 123.531
616 38.1898 104.853 -0.412854
617 44.7958 113.237 1.19716
618 57.1233 113.418 1.28345
619 28.79 111.037 8.21578
620 52.1067 113.622 2.62303
621 37.7451 109.079 11.0752
622 54.8763 105.144 19.9181
623 34.953 98.1784 12.3166
624 49.0764 90.05 13.4214
625 39.0977 112.498 0.140791
626 47.5156 103.174 19.3639
627 52.2592 2.08254 24.791
628 15.95 93.8074 -0.575276
629 69.6285 113.804 120.968
630 0.302165 94.6344 31.7135
631 0.333022 64.4088 25.3246
632 52.5045 112.465 55.0067
633 90.7405 110.241 69.7923
634 113.999 94.0237 37.4655
635 111.849 60.3102 26.6419
636 85.4423 113.531 85.6893
637 48.5348 112.811 36.5004
638 2.93497 85.7669 82.5356
639 104.536 112.938 83.9388
640 40.7097 113.314 104.61
641 0.729666 63.4177 42.7072
642 57.1619 113.556 83.0654
643 3.16003 101.13 66.7225
644 53.8385 -0.0988833 11.258
645 105.959 109.929 0.456376
646 1.06394 113.279 7.93094
647 0.954991 98.0357 45.5845
648 21.0829 93.1229 123.361
649 23.4409 113.731 108.439
650 3.76727 113.444 1.64723
651 -0.732092 106.154 119.212
652 114.116 61.9475 114.151
653 17.2967 113.255 95.8826
654 34.8412 112.744 54.8602
655 -0.740795 59.7954 106.126
656 3.06604 105.919 55.1785
657 73.4099 113.745 90.4173
658 47.2213 97.1615 123.086
659 88.7842 113.403 105.035
660 39.3166 113.221 97.9934
661 89.4371 113.62 113.936
662 1.93145 112.304 77.853
663 3.07243 78.2718 57.3875
664 84.7382 112.662 54.8525
665 0.728966 56.993 46.2265
666 -1.0236 94.5655 107.589
667 27.1986 113.506 87.8857
668 21.7443 111.88 71.8966
669 105.949 113.764 111.671
670 10.1453 2.11699 27.4182
671 9.23957 93.271 -0.565882
672 114.091 87.2323 118.136
673 3.5121 33.984 82.7243
674 37.5236 92.9159 115.868
675 40.3256 59.3722 123.246
676 1.30789 95.7957 77.0317
677 114.113 4.30086 108.636
678 92.26 112.976 44.2702
679 11.3909 114.146 82.0753
680 45.0847 92.7676 123.332
681 52.6519 94.7111 108.551
682 47.5335 112.586 123.827
683 37.411 93.1988 123.129
684 48.9872 113.259 119.61
685 33.4278 113.895 108.841
686 25.2489 113.659 108.888
687 35.5206 113.477 120.99
688 51.6777 103.305 120.87
689 53.1787 99.7448 123.546
690 53.4034 113.514 113.55
691 66.2615 9.02618 -0.0184502
692 62.6718 14.6087 0.246266
693 82.985 5.06469 9.15934
694 78.0561 20.8802 13.9276
695 64.9998 18.1188 -0.234678
696 57.47 24.9741 17.9042
697 18.5279 112.052 -0.154818
698 15.1114 4.08547 57.3451
699 50.4301 23.4172 13.1222
700 0.908049 15.4803 48.4901
701 109.38 -0.802421 21.5757
702 -0.750781 35.8729 5.92084
703 14.9654 2.49437 28.9637
704 3.02202 6.65296 62.0041
705 29.8301 67.8052 -0.504573
706 110.231 4.22622 61.7654
707 112.212 35.2977 56.571
708 91.3571 1.53081 90.1917
709 3.07168 0.720289 75.6467
710 1.56314 4.88558 93.6639
711 112.343 48.4253 58.6383
712 107.557 2.57319 41.6725
713 104.132 1.8738 58.6845
714 34.4881 114.08 15.5028
715 112.007 88.0434 42.1785
716 0.928773 12.1135 105.557
717 61.5541 29.3534 123.742
718 -0.551841 92.339 2.07929
719 0.527417 24.2657 123.123
720 113.419 87.8749 92.8617
721 63.5513 -0.237721 119.741
722 110.753 15.497 69.0494
723 53.8613 3.34051 67.4277
724 112.102 21.3787 46.392
725 47.4546 -0.169829 104.243
726 43.8511 2.15812 19.5403
727 43.1793 61.5464 123.427
728 3.20506 20.3117 61.747
729 14.1817 49.0361 122.877
730 96.5546 3.3242 55.3799
731 5.34697 114.34 84.6727
732 86.278 3.40197 39.7569
733 85.4964 8.49929 123.485
734 87.9739 10.5979 104.575
735 70.8301 7.08164 123.333
736 85.2452 24.7892 123.63
737 64.7447 19.985 104.362
738 60.4211 3.68933 115.99
739 81.9017 8.49605 113.71
740 73.6604 23.0371 123.513
741 67.3089 19.8248 123.263
742 67.7283 12.168 120.86
743 84.9373 12.4078 123.823
744 59.507 -0.524069 112.193
745 81.8904 12.8764 123.429
746 61.8445 -0.624321 109.818
747 61.4689 15.8422 123.323
748 72.9437 31.9774 0.0537296
749 80.5817 47.2713 0.162895
750 81.7552 40.7153 0.108477
751 82.1777 34.9981 18.8892
752 70.3015 37.0881 -0.0924752
753 61.7281 26.8132 -0.157155
754 5.37992 0.644482 78.087
755 1.82567 37.9083 59.369
756 87.7203 1.5249 95.972
757 -0.0682951 16.088 25.1352
758 66.9638 16.6023 10.9304
759 110.667 40.1287 72.5653
760 95.9537 -0.473546 21.1979
761 67.807 2.46544 32.4806
762 106.644 1.17972 82.1477
763 16.1388 1.78119 86.4369
764 4.53508 1.83158 61.9773
765 0.141888 68.7907 29.2617
766 1.33184 112.263 35.4096
767 67.5054 2.52085 55.6734
768 50.8918 105.219 -0.123499
769 113.853 78.8151 102.69
770 112.531 32.7505 61.0954
771 109.722 0.610988 98.7433
772 68.458 3.08394 47.6834
773 84.6705 113.222 122.465
774 0.273049 63.1216 34.7842
775 2.86214 9.48596 55.5633
776 111.26 65.5183 90.2768
777 82.5472 90.8607 123.37
778 114.049 28.9199 114.411
779 110.893 93.9051 75.5532
780 110.816 64.7281 66.5643
781 1.17805 86.0543 95.8117
782 111.888 111.595 122.972
783 19.5937 4.3969 53.366
784 12.3316 113.344 107.264
785 107.413 1.40608 95.513
786 111.751 113.331 98.3754
787 -0.846715 8.02978 111.511
788 92.7852 54.4929 0.0725224
789 3.18915 73.8828 72.2292
790 21.803 2.16182 27.1659
791 50.2333 3.13402 55.3188
792 114.004 8.09688 119.242
793 57.2197 3.10634 81.3059
794 -0.517636 110.956 1.18961
795 0.407255 59.6546 25.9949
796 113.043 106.521 76.8991
797 3.58223 68.9407 123.623
798 46.3361 0.517596 90.0108
799 56.1722 4.34413 36.2844
800 72.0481 55.1335 114.712
801 18.3468 20.9082 122.906
802 44.5342 113.236 122.208
803 81.6966 -0.220004 112.278
804 57.3958 43.9654 123.383
805 67.2702 26.4694 123.136
806 61.553 23.0834 113.197
807 67.5571 24.9013 116.888
808 61.517 39.1837 111.659
809 88.618 38.3357 123.323
810 84.8747 47.4462 0.217272
811 81.0453 74.1786 0.180598
812 56.0071 54.3062 -0.0916543
813 58.5082 56.1874 7.54822
814 58.042 53.3894 5.75854
815 63.5712 54.3217 7.17773
816 57.8107 55.3779 3.91423
817 92.4632 71.6137 7.61029
818 69.327 57.5024 14.4054
819 72.652 62.1728 13.598
820 88.6532 47.6548 7.99398
821 114.239 105.765 24.6148
822 59.8239 64.0183 7.93603
823 112.011 8.97186 38.3751
824 114.232 82.0583 116.359
825 100.053 113.561 114.229
826 19.8418 113.441 20.7469
827 -0.569497 27.2169 13.7897
828 112.184 42.5161 36.2496
829 104.243 112.731 44.4816
830 75.9377 113.458 28.4154
831 111.995 5.31701 45.1621
832 47.9545 113.841 2.41769
833 102.841 2.36594 74.1861
834 110.866 42.2021 89.2431
835 19.3676 16.1512 122.968
836 88.3132 112.992 52.1054
837 112.017 67.8326 43.1979
838 111.041 54.12 123.539
839 26.0844 104.526 123.302
840 100.507 78.9576 123.352
841 -0.688323 34.0859 10.9433
842 101.935 -0.105459 109.377
843 112.204 63.1252 51.7297
844 114.003 80.3281 118.257
845 110.337 29.2802 71.6063
846 113.888 64.3223 19.7593
847 111.913 56.5069 38.8267
848 102.214 26.5357 123.24
849 74.8954 63.3499 -0.0412941
850 25.2023 9.42097 123.055
851 64.0272 113.448 26.1279
852 71.409 0.306916 96.3735
853 111.647 30.5348 100.621
854 112.901 97.1813 78.2053
855 -0.966263 94.6913 115.305
856 114.003 91.8955 24.3421
857 113.599 48.3345 104.724
858 114.161 15.4654 19.9753
859 112.256 65.644 47.4123
860 113.158 113.069 6.79863
861 68.024 43.6872 113.091
862 27.51 113.789 18.1464
863 53.2205 3.64747 41.4263
864 48.8233 3.49618 35.4612
865 76.3625 50.224 102.498
866 58.1221 0.512466 97.9358
867 65.0539 68.6316 113.916
868 82.8328 53.9076 117.621
869 75.61 48.9272 112.208
870 90.7925 27.8562 123.4
871 63.5528 65.1917 123.38
872 72.8 66.4215 123.438
873 88.2732 62.2674 112.109
874 81.8879 54.1916 123.642
875 82.6838 55.9405 123.471
876 94.1617 78.6202 0.319622
877 60.4465 73.9715 0.250643
878 80.403 82.6804 -0.11835
879 71.9886 82.2152 0.0558797
880 69.4303 85.78 12.1597
881 61.877 78.3886 -0.197132
882 59.7418 71.3135 0.136115
883 70.0796 74.9404 10.5527
884 62.9456 70.4054 0.117674
885 66.5547 89.1607 7.13041
886 51.9567 112.953 93.927
887 114.144 99.343 22.7193
888 3.23454 37.0369 89.7243
889 113.233 101.709 82.7324
890 112.183 60.2216 31.9977
891 64.132 112.847 41.938
892 111.994 69.644 53.9224
893 40.7866 112.119 65.4804
894 113.246 64.725 95.0613
895 112.599 112.945 102.437
896 42.6882 63.4586 0.0887543
897 3.20792 50.8916 92.4267
898 102.562 57.8036 0.380349
899 113.421 96.3814 92.6347
900 13.9997 113.347 20.9404
901 92.324 113.108 23.6498
902 114.026 101.408 120.49
903 103.095 4.96805 31.8009
904 0.640012 98.8789 41.4176
905 2.16134 59.5291 57.9233
906 114.226 76.2846 21.5768
907 69.9344 113.206 28.5228
908 3.32407 41.7162 83.6461
909 59.6953 0.0595248 6.28562
910 113.882 39.5585 106.056
911 31.0191 112.14 68.1514
912 111.723 82.4168 87.9279
913 -0.869352 74.3895 120.958
914 101.433 113.587 106.247
915 112.027 34.6164 35.0506
916 28.3225 4.18433 44.0544
917 3.24473 73.7721 85.0397
918 112.525 25.4881 60.142
919 70.4556 112.745 47.1062
920 -0.706286 24.8686 106.072
921 114.264 94.8162 18.1432
922 112.43 59.7613 55.0935
923 69.5606 111.919 71.8285
924 113.12 91.7694 88.5998
925 81.2798 1.61165 95.597
926 46.3379 113.076 28.5764
927 112.113 77.5309 38.8226
928 114.143 5.68392 12.855
929 69.5924 75.5281 103.103
930 59.7239 89.7735 123.435
931 78.027 68.2223 123.354
932 79.1541 70.3829 108.636
933 79.1471 90.9029 110.55
934 66.9002 76.592 123.178
935 60.6179 101.579 113.307
936 62.79 77.061 110.938
937 69.5526 89.5104 118.463
938 86.163 93.8052 22.0157
939 57.3944 99.6766 9.46944
940 61.2111 96.6943 5.5134
941 78.6341 85.6579 0.0676325
942 0.582239 98.2305 37.639
943 87.1317 113.909 28.9211
944 114.28 106.173 12.2902
945 92.6276 19.5519 -0.333746
946 112.938 109.981 0.352425
947 0.941109 111.257 97.2942
948 37.7021 113.894 12.8166
949 28.8873 113.048 21.8681
950 100.449 2.21994 64.124
951 0.501143 87.1589 36.0273
952 74.3821 85.7463 0.197717
953 29.41 110.535 -0.32141
954 102.402 113.539 5.54322
955 78.2368 113.303 26.1114
956 102.301 103.195 0.486609
957 79.2116 112.152 0.0585288
958 93.7309 110.439 74.3118
959 -0.909102 26.9562 8.9782
960 112.236 30.1916 46.0045
961 45.8872 113.495 20.4701
962 93.3223 50.7506 123.315
963 87.6015 112.434 0.2692
964 9.12366 109.633 124.198
965 64.1742 113.399 23.5163
966 8.50852 112.957 19.3489
967 0.238668 11.0853 25.9594
968 -0.807782 104.979 122.139
969 25.9968 112.084 61.4537
970 111.031 79.8174 77.7461
971 4.91976 113.306 65.0656
972 -0.695181 87.7543 5.54313
973 18.0968 114.282 80.6389
974 110.875 90.9482 73.7268
975 94.0124 113.248 23.6231
976 0.0886995 10.8895 28.398
977 98.3056 106.484 0.199566
978 111.362 89.6682 81.7932
979 114.352 57.5509 2.56595
980 60.3055 40.8775 -0.0835937
981 110.786 47.8241 73.5313
982 88.0802 113.569 21.0618
983 106.244 114.199 118.948
984 65.3368 113.507 88.1971
985 112.166 81.965 53.6283
986 112.349 21.1905 51.3407
987 73.5094 89.1822 113.682
988 0.939018 38.4461 52.2982
989 56.944 80.2039 123.447
990 3.36216 114.662 87.2965
991 112.102 81.2371 31.8749
992 92.8109 3.52489 123.658
993 1.58763 112.113 90.8607
994 81.1614 110.464 69.1657
995 51.1967 49.6406 123.64
996 112.684 104.106 73.3171
997 0.851865 95.9515 39.4272
998 76.3992 93.0211 123.597
999 59.7612 113.74 116.267
1000 93.6701 103.566 123.54
1001 64.83 101.195 123.555
1002 88.5654 94.1818 123.271
1003 66.9707 97.5478 123.367
1004 80.5583 113.442 114.877
1005 62.4476 100.557 106.809
1006 71.7549 95.0987 111.915
1007 69.6462 100.417 117.889
1008 114.338 20.1958 6.38442
1009 101.551 17.9018 2.77163
1010 89.9449 21.0481 11.1772
1011 107.032 0.146039 2.7454
1012 96.0361 0.244204 0.866397
1013 100.179 16.8545 11.7292
1014 93.7958 20.5184 13.6006
1015 112.296 33.26 48.222
1016 102.129 19.3014 12.7358
1017 114.256 97.0209 1.511
1018 41.0415 1.44541 17.2431
1019 102.655 16.1406 12.7102
1020 114.162 15.2019 29.0214
1021 88.5683 18.0765 12.9766
1022 35.3245 4.50899 48.3246
1023 33.9376 2.58829 27.2781
1024 11.4859 -0.0492553 10.8994
1025 41.4996 82.6085 -0.157552
1026 22.6065 83.902 123.114
1027 112.197 71.8103 25.8572
1028 106.622 29.7511 0.132483
1029 108.297 0.648553 -1.43429
1030 112.184 55.5077 50.6745
1031 3.25265 7.0194 70.4617
1032 96.8933 1.97636 99.7326
1033 107.82 1.34751 123.632
1034 114.38 27.3463 13.9385
1035 50.891 7.50714 -0.0589595
1036 113.622 47.4489 108.716
1037 0.976743 88.8002 50.3498
1038 94.0641 113.209 28.7496
1039 112.335 45.9157 50.004
1040 111.138 13.0249 91.6483
1041 53.6699 3.2614 72.7485
1042 37.8149 3.42096 54.2379
1043 112.286 51.4625 49.7567
1044 113.888 12.689 116.081
1045 111.202 6.41473 53.1112
1046 112.611 94.7722 79.8168
1047 0.10984 31.6336 122.881
1048 64.2168 2.2 30.0779
1049 102.169 -0.465139 114.527
1050 1.33241 7.34959 97.2385
1051 66.4516 2.17032 123.931
1052 65.6912 -0.155333 101.702
1053 9.15854 -0.342709 114.289
1054 64.2752 3.05786 47.4839
1055 35.8658 1.77274 91.8506
1056 114.041 33.4716 116.242
1057 12.1658 113.324 122.247
1058 3.33714 44.1929 122.991
1059 61.5131 0.409519 94.0014
1060 48.3201 102.373 -0.0194607
1061 111.441 3.8892 95.7052
1062 0.871276 24.6682 54.6417
1063 111.582 4.96898 100.944
1064 79.7006 0.242766 101.96
1065 102.423 -0.103127 21.8257
1066 98.4964 0.227273 113.438
1067 113.855 5.76062 118.515
1068 112.343 4.62946 123.851
1069 101.95 8.16826 111.171
1070 93.2906 38.7575 0.0470041
1071 78.5186 29.3961 0.160617
1072 95.8632 16.3081 10.3533
1073 98.231 50.2812 15.5066
1074 93.32 46.0535 0.264479
1075 98.4947 47.0344 2.78026
1076 110.572 96.7042 57.96
1077 98.2917 43.7788 5.03324
1078 114.058 85.1879 27.2557
1079 13.1269 47.2467 1.60265e-04
1080 110.673 6.74775 73.0559
1081 32.5084 102.059 0.10401
1082 67.8743 71.5551 0.204542
1083 94.6479 112.192 77.1792
1084 110.453 7.48048 57.2142
1085 -0.71704 38.2668 1.81021
1086 112.319 30.0372 30.8597
1087 113.324 108.369 92.8176
1088 112.026 85.8765 49.6657
1089 114.101 18.1309 25.8847
1090 -0.294411 13.0346 0.602216
1091 110.59 98.1779 65.8701
1092 112.247 77.0195 46.729
1093 112.167 44.4831 47.4357
1094 111.537 37.4158 100.648
1095 96.3474 29.4344 0.185013
1096 64.8499 112.358 70.5934
1097 110.362 4.73875 35.6649
1098 11.9022 2.05451 24.6436
1099 112.497 26.3616 0.00610657
1100 82.5785 112.866 51.9562
1101 97.2085 1.7561 87.5455
1102 43.9657 75.2373 0.145609
1103 90.2984 3.4685 55.3541
1104 114.286 6.16206 3.81208
1105 33.5356 4.90493 -0.120888
1106 86.1849 -0.526459 114.171
1107 29.8246 2.07349 27.2878
1108 110.675 50.1518 82.4222
1109 69.8686 -0.35681 109.417
1110 110.917 5.04971 90.5025
1111 110.786 7.78908 83.6853
1112 106.961 0.415931 22.9651
1113 112.219 76.5904 30.3219
1114 52.0578 4.42358 36.0664
1115 0.559978 8.00375 50.2789
1116 107.933 112.083 0.205125
1117 -1.17074 71.8384 112.766
1118 -0.0388997 29.6389 22.7369
1119 93.1078 1.38084 26.6714
1120 8.42685 79.0354 123.027
1121 110.469 29.2035 74.1536
1122 1.4154 46.9165 102.422
1123 112.119 49.3991 54.3541
1124 2.8026 93.8904 63.8848
1125 62.213 2.68312 32.4045
1126 114.36 68.5576 3.17183
1127 89.8203 30.2166 112.975
1128 1.39539 10.8257 80.8915
1129 100.697 41.1855 107.001
1130 108.079 23.2006 123.24
1131 108.598 31.535 123.121
1132 114.158 36.0072 114.63
1133 114.025 39.1185 116.349
1134 102.19 33.3906 123.384
1135 102.073 35.6733 116.685
1136 85.0119 45.4132 113.226
1137 109.266 64.3622 7.14487
1138 114.48 52.0715 4.86002
1139 96.1447 50.2044 0.462577
1140 114.466 47.8241 18.2114
1141 112.598 44.6378 -0.466129
1142 111.923 83.9822 33.5755
1143 112.233 58.0204 46.6341
1144 112.386 67.166 37.0298
1145 110.645 52.5701 77.9146
1146 112.541 62.3849 58.6469
1147 0.636363 5.552 41.4846
1148 112.121 41.6484 37.8545
1149 48.216 12.5898 0.142483
1150 110.713 57.0894 64.2863
1151 112.0 41.9321 22.939
1152 68.3615 112.67 44.5922
1153 114.481 38.3991 2.59757
1154 100.594 113.086 102.181
1155 112.363 23.7949 57.5425
1156 93.4115 3.62386 61.9242
1157 44.8248 23.8272 123.21
1158 53.368 3.25509 64.7637
1159 108.625 61.2659 0.273036
1160 112.063 20.2721 32.5499
1161 113.535 101.163 94.7614
1162 91.3788 70.279 0.298893
1163 44.8626 43.6155 123.067
1164 -1.0387 19.8962 115.516
1165 86.3027 110.641 66.5034
1166 114.058 108.762 29.2656
1167 112.049 34.6509 30.3282
1168 0.116899 71.4796 25.2817
1169 95.7804 113.395 123.814
1170 112.148 42.3047 48.8912
1171 113.256 104.182 83.7656
1172 114.246 10.3963 24.9432
1173 -0.787625 15.9487 120.142
1174 110.696 113.695 13.0758
1175 113.66 50.5975 105.484
1176 50.3556 0.392214 98.2442
1177 62.0066 75.656 123.298
1178 23.0096 50.3954 123.552
1179 113.475 87.4379 99.8642
1180 108.81 2.93767 48.1176
1181 5.97467 2.18703 123.38
1182 37.7651 -0.329371 114.777
1183 110.774 51.7378 87.6887
1184 113.759 88.0502 106.356
1185 41.281 113.563 116.17
1186 58.9096 0.161956 15.2319
1187 110.993 8.14334 90.0098
1188 112.097 72.707 42.0336
1189 108.793 1.24139 69.7375
1190 93.6709 113.539 103.697
1191 61.8501 33.3823 123.108
1192 112.238 81.9347 0.0485
1193 93.8314 113.125 34.0233
1194 113.835 110.757 114.166
1195 114.028 22.1198 119.348
1196 108.053 -0.113602 16.4167
1197 112.159 29.9933 38.6215
1198 102.012 58.4522 108.176
1199 68.7215 112.605 35.3646
1200 86.6701 51.3877 109.033
1201 95.8222 66.3695 114.849
1202 96.087 51.1269 123.558
1203 109.002 59.4161 123.429
1204 110.464 68.2948 110.838
1205 101.788 50.2463 113.88
1206 112.677 65.339 123.278
1207 91.2098 91.1934 0.215561
1208 82.3332 78.6405 0.141141
1209 91.6164 90.7472 9.77017
1210 114.386 80.6026 12.729
1211 84.4834 91.9641 18.8767
1212 110.027 91.919 6.7646
1213 94.1115 74.925 0.310438
1214 85.6813 71.1119 11.3588
1215 92.3769 82.086 0.0956782
1216 98.1431 96.1401 0.380165
1217 95.3042 111.282 62.0908
1218 16.3418 113.077 26.0034
1219 114.361 29.0186 3.90909
1220 0.175448 66.3179 35.0277
1221 112.293 88.5915 48.281
1222 58.8479 0.136344 12.7832
1223 82.7942 103.073 -0.252599
1224 114.087 112.648 11.4375
1225 -0.447475 52.3397 14.6843
1226 112.355 74.8472 38.0392
1227 67.7161 92.8283 0.0662621
1228 114.062 105.391 37.2641
1229 83.1261 111.889 57.7313
1230 38.5423 0.237778 121.095
1231 114.409 66.8308 12.9077
1232 47.735 113.545 33.9854
1233 75.0723 111.169 66.256
1234 80.4786 80.2586 123.318
1235 103.497 14.585 -0.214799
1236 112.074 60.3709 39.5737
1237 65.1304 112.603 35.0411
1238 111.039 21.4519 89.1736
1239 112.163 48.9445 40.6688
1240 9.71269 112.353 45.9216
1241 47.7522 68.2394 -0.00231719
1242 86.2941 113.018 44.4019
1243 67.5576 -0.240074 114.532
1244 113.759 110.317 23.6885
1245 114.669 110.934 2.43141
1246 66.0837 114.012 12.715
1247 110.587 84.218 57.7169
1248 101.748 0.928027 0.789185
1249 113.728 107.111 102.869
1250 112.278 25.6914 39.3882
1251 108.341 113.477 5.59493
1252 63.9869 113.638 18.3346
1253 73.8462 -0.277115 112.292
1254 -0.0654058 33.4338 18.0573
1255 113.978 87.4333 25.5014
1256 113.308 57.943 99.7508
1257 50.7036 112.332 75.4348
1258 112.162 60.4156 24.0588
1259 112.644 113.058 24.8195
1260 45.2413 113.428 105.644
1261 86.9417 -0.0144886 120.891
1262 113.22 73.9811 93.9459
1263 2.07743 113.418 20.9872
1264 113.085 82.4743 90.3109
1265 101.965 113.993 111.818
1266 108.62 74.0995 111.515
1267 87.7761 68.5093 123.395
1268 114.151 71.134 114.654
1269 91.7007 68.6308 123.302
1270 106.281 82.3636 123.582
1271 114.149 83.2992 114.787
1272 95.9595 79.3461 120.6
1273 84.383 85.0574 112.119
1274 114.076 92.4037 117.749
1275 90.2526 72.0222 111.173
1276 110.924 84.4205 111.102
1277 90.2022 82.7017 123.385
1278 81.193 73.397 123.433
1279 96.2696 78.6878 108.408
1280 104.45 65.859 123.289
1281 114.461 95.1223 23.2417
1282 101.039 113.351 19.0323
1283 108.774 113.588 13.0391
1284 114.436 92.3626 10.1365
1285 91.9479 106.593 15.4001
1286 110.783 29.7903 82.0507
1287 94.2237 113.479 10.5769
1288 113.939 108.167 35.721
1289 85.3055 109.922 123.79
1290 41.8474 112.985 28.9498
1291 2.33257 112.98 26.3453
1292 77.0138 112.869 37.8229
1293 111.212 70.5391 84.8908
1294 100.543 113.396 81.2602
1295 99.0438 2.02419 76.9666
1296 37.0488 112.375 40.402
1297 59.6966 113.178 65.7405
1298 113.64 105.699 107.138
1299 111.107 58.682 93.1022
1300 100.916 108.612 70.9885
1301 114.146 101.127 17.733
1302 13.5904 111.955 53.72
1303 113.08 94.8354 88.0215
1304 114.376 87.7418 11.007
1305 108.154 113.063 86.4483
1306 114.33 77.5351 1.36271
1307 79.1595 0.49684 23.0635
1308 112.191 95.115 42.2058
1309 113.04 92.2337 122.407
1310 63.1213 19.2721 123.165
1311 1.31515 111.526 79.4981
1312 114.073 12.6015 2.83906
1313 114.37 101.08 15.0227
1314 12.5351 112.511 44.4988
1315 112.343 80.9431 55.2154
1316 112.08 64.7854 31.1217
1317 107.35 26.1795 122.887
1318 110.9 106.919 69.611
1319 46.1094 99.2227 0.0475952
1320 27.2443 113.598 90.4349
1321 45.667 75.2267 123.009
1322 -0.00774226 6.10175 26.774
1323 113.472 107.877 87.3025
1324 113.603 72.7303 100.05
1325 92.9914 112.841 107.315
1326 3.15007 62.1364 91.738
1327 113.957 103.738 29.0758
1328 98.5114 86.8974 114.813
1329 37.0183 1.57979 84.9637
1330 114.065 94.0488 27.7475
1331 110.467 98.6787 124.494
1332 48.4302 59.7122 123.434
1333 97.9951 108.543 107.573
1334 106.007 100.547 113.145
1335 97.9435 89.9053 108.227
1336 113.829 103.852 121.609
1337 114.356 97.443 112.559
1338 112.646 113.611 120.429
1339 92.9565 110.747 114.245
1340 113.958 104.559 114.969
1341 90.2096 100.069 103.857
