0 11.2207 13.3835 -0.761166
1 2.78476 0.0561951 10.0132
2 -0.640337 36.2994 21.8914
3 18.548 -0.10044 9.72039
4 25.6662 -0.239793 1.10871
5 7.84911 12.7572 -0.281551
6 -0.511954 13.1346 10.8055
7 11.9084 8.89745 6.83291
8 11.1612 2.02142 -0.317316
9 -0.677519 15.5187 1.93727
10 114.35 22.5502 4.71341
11 2.59765 27.6053 -0.707828
12 6.48191 0.973223 64.7975
13 100.235 65.393 125.421
14 -0.82429 48.2632 111.364
15 112.434 0.773723 0.574592
16 71.0537 1.33388 69.8391
17 8.43995 52.6961 -0.0476819
18 35.63 6.37501 43.4403
19 2.09462 1.45309 26.1295
20 7.91497 0.840626 89.3495
21 98.2758 -0.275462 8.44164
22 12.6989 0.461097 83.297
23 85.1212 2.34541 63.6432
24 29.7845 3.21769 51.4421
25 66.9429 -0.140586 103.191
26 40.1237 52.5984 125.114
27 88.5747 5.79199 36.6641
28 3.08238 70.3514 71.5246
29 -1.17096 38.5081 109.312
30 21.6056 109.955 54.7566
31 93.0669 3.55325 62.309
32 25.9125 3.00729 27.7191
33 65.7753 1.97411 83.6433
34 1.37995 109.106 91.5322
35 9.49983 1.52301 63.7994
36 37.5851 -0.515559 114.282
37 111.367 30.6807 93.4653
38 112.778 20.3037 106.142
39 86.6907 1.98411 125.805
40 4.10827 41.6267 41.5165
41 18.6421 41.4793 125.054
42 112.588 111.845 83.0359
43 22.8404 -0.272773 -0.679355
44 35.8139 0.0556056 13.7941
45 13.13 106.995 125.123
46 4.3624 2.54638 74.23
47 85.9746 3.34559 51.4552
48 49.6451 -0.344171 96.3665
49 29.7251 20.6162 117.103
50 21.0506 4.39737 113.005
51 -0.906262 19.7677 117.561
52 5.09754 111.708 68.7184
53 -0.934303 6.58123 111.18
54 63.8495 0.613559 90.7929
55 104.626 1.96552 50.0065
56 0.750804 72.9839 56.1791
57 9.39849 23.0898 112.492
58 -0.910153 4.17465 112.708
59 2.78549 51.9573 74.6901
60 7.24797 4.19183 113.075
61 14.1409 0.270837 122.802
62 33.2342 16.1781 125.055
63 16.5898 9.19368 124.577
64 2.48555 0.147217 122.286
65 5.76311 5.11002 116.914
66 21.4677 44.7109 6.81062
67 22.1607 30.6911 16.0097
68 30.1706 39.4466 11.3251
69 -0.647554 45.592 12.0058
70 27.8999 22.6233 12.2931
71 6.94716 57.3189 -0.0408418
72 27.3126 37.1615 -0.0628974
73 8.37819 45.9074 0.0336879
74 3.43074 -0.135552 0.719264
75 4.37855 11.2229 37.8762
76 24.6842 73.9113 -0.0279463
77 3.79606 29.5521 11.8932
78 -0.350796 76.2437 18.5836
79 4.36176 5.7052 44.5572
80 3.5148 38.8416 29.4151
81 4.62742 110.89 125.853
82 -1.07889 73.9038 117.923
83 2.1817 53.9691 29.5137
84 38.537 47.1147 -0.588416
85 61.5093 46.6671 125.729
86 42.5057 110.631 43.002
87 21.4334 30.1838 -0.465368
88 103.957 61.7753 125.026
89 4.29915 19.8294 52.2502
90 19.837 0.837592 96.8404
91 97.6672 3.18569 45.8684
92 4.48778 34.4787 73.2097
93 99.9785 3.57626 41.6342
94 111.919 9.29923 81.734
95 2.32912 32.4428 55.1508
96 51.3368 0.451614 88.6641
97 41.8493 2.45519 53.2023
98 4.26426 21.2928 39.8417
99 3.11849 67.8394 89.991
100 97.8029 108.375 65.3776
101 114.307 40.936 18.2456
102 1.42291 23.5695 101.221
103 9.13322 110.698 74.9651
104 19.0844 43.5015 0.00557391
105 4.55046 10.5304 48.8113
106 19.7356 26.3493 -0.141788
107 114.001 15.1812 123.901
108 27.8646 1.59856 -1.20491
109 36.3098 0.99993 89.537
110 71.7484 110.01 80.4513
111 108.703 8.84905 45.5287
112 0.981599 8.95192 97.5743
113 -0.448044 31.6822 24.7156
114 3.08594 51.2833 94.3228
115 4.01102 109.332 62.1598
116 -0.126913 50.8483 22.6
117 77.8653 113.616 10.5543
118 42.3066 3.51304 35.7084
119 18.5268 3.78783 48.9877
120 19.9942 26.6317 112.936
121 1.19121 66.9511 95.8701
122 21.5677 109.506 49.9703
123 2.87344 14.6852 74.8166
124 2.34988 80.6301 44.681
125 25.1523 36.8143 124.961
126 29.4076 40.6861 125.172
127 9.40669 41.6405 111.884
128 7.31816 34.6025 108.912
129 13.1248 44.6192 111.982
130 10.0657 34.6525 125.056
131 13.1285 43.8557 124.995
132 33.1902 27.4504 109.242
133 21.9312 40.0795 109.691
134 17.5267 69.4397 6.71225
135 2.1237 63.0464 -0.215717
136 33.8434 68.4127 2.05338
137 17.671 54.1151 12.1949
138 5.39631 59.5715 8.60608
139 -0.367515 82.7386 7.8549
140 19.362 55.3794 11.8387
141 -1.16358 80.2268 109.55
142 3.01008 88.2799 74.6979
143 112.289 2.79077 27.3829
144 2.89019 82.0224 75.3837
145 2.85134 16.2589 74.4084
146 27.5756 75.2202 12.5365
147 49.5576 113.615 107.777
148 3.08751 101.897 69.4855
149 43.0064 110.298 63.9689
150 -0.333782 97.1434 21.2763
151 4.57669 15.5595 66.324
152 -0.774484 38.2673 1.79243
153 -0.678649 54.3419 12.5577
154 4.26484 3.19299 35.7497
155 -0.306593 85.283 1.95049
156 0.503358 9.55103 124.697
157 18.9651 109.794 43.6262
158 1.21325 77.2622 95.2876
159 4.48625 33.3457 44.2584
160 7.2855 3.79826 37.6571
161 109.746 111.593 35.4981
162 112.722 24.4798 125.041
163 21.5693 113.618 15.2884
164 -0.117837 10.8003 17.7587
165 114.344 92.4767 117.857
166 53.7556 1.12736 58.3468
167 55.4558 112.454 91.994
168 1.45686 74.6986 94.4381
169 4.63703 6.74809 67.9062
170 -0.85306 105.989 106.198
171 89.3282 112.252 49.3967
172 107.167 16.7765 67.7587
173 43.6441 99.8584 -0.135589
174 39.0297 35.2171 -0.150049
175 2.82649 33.765 83.8171
176 0.216238 5.96364 25.7195
177 2.52308 57.5224 58.5846
178 3.18134 27.1667 30.2415
179 94.0574 82.1113 125.748
180 1.70086 68.1135 22.0649
181 2.87112 74.3939 74.5664
182 3.63996 106.674 32.3292
183 112.73 16.6607 -0.500841
184 2.94909 69.5092 68.0459
185 82.2023 33.0908 125.201
186 4.93963 56.3343 118.674
187 3.07462 73.2505 87.7061
188 80.239 113.346 121.845
189 3.73388 66.7039 117.227
190 10.8141 44.8796 118.808
191 0.901979 67.8726 125.403
192 12.8728 58.4531 124.713
193 14.703 68.2593 125.177
194 -0.762248 59.9592 117.907
195 10.1367 56.0486 124.81
196 20.9769 50.591 117.665
197 33.4828 55.586 109.581
198 22.1307 62.7952 124.992
199 12.904 70.921 8.58058
200 6.98189 81.4322 8.47582
201 30.4775 93.229 7.96242
202 15.249 71.9787 7.5905
203 24.2387 75.9481 5.80439
204 18.288 84.3169 7.76951
205 2.74623 76.551 -0.804253
206 23.9571 80.0667 -0.731408
207 5.61289 71.9563 -0.0415502
208 16.1475 73.8451 -0.0643529
209 -0.812146 22.6555 117.026
210 -0.46862 82.7198 12.8906
211 15.2825 113.53 120.865
212 0.865419 18.9911 84.6522
213 16.4541 113.318 1.25822
214 1.23619 102.843 0.160711
215 4.08693 59.3815 30.0832
216 45.0646 1.24064 74.9603
217 82.9681 0.807971 26.1164
218 3.9213 94.3573 32.3254
219 2.96879 90.7074 -0.778085
220 1.82585 63.3272 23.0071
221 111.328 90.1537 74.771
222 109.066 90.1594 47.6193
223 57.2878 110.615 69.3575
224 -0.707066 87.332 9.15471
225 21.818 109.963 57.3047
226 2.87879 77.2646 76.3353
227 1.29495 11.3957 100.912
228 108.881 11.3966 54.1495
229 84.2426 78.4424 -0.00376925
230 59.4404 23.0164 125.282
231 1.23263 43.243 24.0224
232 113.968 25.2593 120.463
233 -0.501524 48.0895 12.969
234 4.18337 111.231 72.5504
235 41.5884 113.285 115.691
236 2.9738 2.38159 18.6988
237 1.173 105.594 87.2595
238 36.9853 25.9138 125.735
239 90.656 90.8446 125.351
240 2.8633 96.9406 59.6265
241 -0.303384 87.5552 17.4834
242 15.6477 110.411 35.6987
243 7.35561 75.7713 125.301
244 43.6589 99.7188 125.043
245 1.07124 3.04017 108.626
246 -0.629529 78.6137 1.83021
247 113.545 84.755 91.7412
248 10.7078 113.142 84.1738
249 49.5423 96.2034 0.0294457
250 3.13053 90.6543 30.1445
251 53.308 112.115 86.6168
252 103.58 112.311 81.6693
253 112.34 16.2907 28.029
254 110.122 33.1037 125.398
255 2.29724 83.981 58.2462
256 -0.730169 69.0972 8.8746
257 113.438 109.528 84.4813
258 4.51272 16.0 71.4445
259 -0.995637 67.0099 117.731
260 69.3433 112.3 86.7574
261 55.6795 3.09103 27.2268
262 43.7789 0.818347 89.4345
263 4.3064 49.1702 59.6945
264 -0.828324 38.2954 112.104
265 111.876 107.664 74.3416
266 4.37281 43.5139 73.9774
267 84.6097 113.076 106.479
268 45.3443 113.796 115.627
269 6.29381 114.643 118.137
270 52.6936 45.1551 125.047
271 5.97586 83.8266 124.856
272 16.8696 70.8914 116.273
273 2.56147 70.8448 125.645
274 -1.1909 82.7544 115.343
275 23.7826 69.1554 111.31
276 31.3694 81.8374 110.547
277 26.8785 91.4452 125.784
278 24.3304 113.238 1.30759
279 16.43 101.685 2.64588
280 9.90979 99.9673 -0.0113635
281 13.6462 99.9857 14.9318
282 17.604 113.702 10.2285
283 2.73323 97.6836 -0.601264
284 1.07853 97.5541 48.2425
285 0.944772 32.9783 0.207913
286 0.455582 85.9475 44.6389
287 -0.4051 69.1959 13.7326
288 42.2178 110.258 70.1877
289 -0.48961 89.7053 20.2025
290 111.67 9.50013 78.472
291 66.3127 2.02862 -0.11163
292 113.176 102.136 76.8892
293 -0.900696 89.652 107.929
294 26.6576 110.165 64.4095
295 70.0119 110.652 81.0414
296 108.686 22.514 47.7062
297 3.53065 45.8446 59.7851
298 94.099 107.965 69.4914
299 79.6497 0.731463 85.3688
300 93.0272 112.321 98.3164
301 -0.736766 31.1247 4.80645
302 108.911 92.6018 43.2511
303 2.00903 110.499 78.8233
304 22.4901 77.4345 -0.136016
305 75.1259 110.455 61.5332
306 -0.563418 103.613 15.4505
307 3.88718 64.8739 35.1026
308 4.17324 70.3714 63.9733
309 109.344 77.8242 47.1682
310 89.2308 113.406 14.0474
311 -0.447272 31.2134 19.6893
312 112.607 88.8962 126.16
313 17.5414 112.925 99.8298
314 85.5324 1.0654 95.4987
315 7.18531 110.891 50.3946
316 39.274 110.909 77.0209
317 1.06611 93.3188 93.4783
318 90.6702 0.0763241 110.463
319 85.3905 52.6242 0.182029
320 4.5031 33.5989 51.6726
321 18.8025 -0.229853 116.539
322 55.3664 110.843 74.3761
323 64.4406 113.314 119.046
324 2.85108 19.0084 80.3134
325 10.0173 110.992 78.9267
326 1.02986 85.4442 89.9913
327 16.4488 110.848 69.2938
328 112.368 86.3997 125.37
329 -0.768879 106.601 104.688
330 77.1159 112.502 46.7934
331 52.1158 66.1925 125.012
332 53.7911 -0.425708 108.977
333 113.251 98.114 93.5051
334 1.30431 14.3779 100.342
335 2.45742 42.0985 56.1124
336 90.9185 3.73983 31.6411
337 4.3882 59.9946 125.428
338 25.3669 113.534 120.504
339 24.7188 100.986 125.033
340 -0.859041 104.292 119.179
341 7.61021 92.1502 108.857
342 1.62481 114.248 115.438
343 39.6777 13.0126 9.44338
344 20.1705 6.17723 13.4549
345 35.6987 12.4205 7.51613
346 41.1054 17.922 -0.0830328
347 51.4668 -0.114843 3.75882
348 37.5934 14.103 8.79625
349 35.9273 12.0643 0.09802
350 33.4544 15.0265 10.8156
351 34.8847 18.6952 8.89801
352 110.982 0.225878 25.2883
353 3.89996 99.6125 32.484
354 99.7519 89.6813 125.344
355 58.5539 0.321169 2.90419
356 4.39425 26.9723 65.2084
357 103.489 2.01348 58.9613
358 6.73118 2.76502 21.4486
359 111.606 6.63831 74.0072
360 23.128 -0.154001 121.892
361 87.4615 0.516482 77.7806
362 4.00694 50.2657 36.9504
363 0.134876 15.2866 28.9637
364 -0.76589 8.42484 121.513
365 17.9151 4.49497 40.8272
366 75.0929 1.53862 72.0751
367 113.861 39.3695 105.455
368 3.85822 15.3604 34.1862
369 0.866188 24.9119 88.4201
370 107.77 1.01126 92.7546
371 93.7557 29.7513 125.416
372 44.3957 2.77164 30.6175
373 113.873 4.30065 110.449
374 113.547 75.4125 100.183
375 107.097 20.0014 65.8067
376 1.12453 12.1992 94.5222
377 108.948 34.8056 62.1401
378 -0.946603 25.0213 10.2747
379 17.2007 113.514 112.782
380 -1.02806 12.7364 115.076
381 113.75 108.594 105.307
382 68.6934 1.15378 87.3116
383 0.773994 16.3533 124.704
384 1.31814 81.9249 -0.280042
385 106.779 0.067801 77.3668
386 29.291 4.62219 43.606
387 49.55 1.25404 70.3109
388 3.05735 69.602 73.0817
389 109.436 111.946 31.9065
390 45.5683 21.552 105.884
391 57.6998 -0.403514 111.558
392 97.6283 0.526628 87.988
393 53.4005 15.7642 125.09
394 27.0177 12.6089 124.923
395 45.3099 25.1143 115.928
396 53.4307 26.2763 110.329
397 33.9009 1.76827 125.463
398 46.5502 2.11502 125.858
399 47.3375 11.6466 105.762
400 56.4495 10.4846 125.019
401 46.1615 23.3243 120.92
402 34.03 29.8146 -0.164418
403 31.8599 42.8591 13.5065
404 32.7409 45.7986 -0.0988938
405 54.5516 35.8954 0.244355
406 55.7625 40.1094 -0.00656167
407 37.618 31.3077 16.4739
408 31.6163 41.4667 4.0327
409 46.5863 32.9978 14.164
410 32.4538 31.9843 -0.161226
411 59.6478 50.7989 0.126604
412 43.7229 47.904 4.7316
413 40.7767 48.2258 6.01331
414 34.0196 3.06672 25.1749
415 12.2164 112.085 80.2447
416 109.248 55.2471 56.7721
417 68.2097 113.672 10.1717
418 2.95583 62.5357 70.3314
419 75.078 1.06289 64.6474
420 28.0568 3.23965 30.6208
421 -0.452996 5.91248 5.97831
422 28.6373 113.265 1.32343
423 -0.71358 46.0173 110.564
424 -0.544451 99.0612 16.5507
425 -0.327393 3.61813 5.11116
426 0.562427 52.0887 109.378
427 113.559 107.14 86.3231
428 5.66345 6.32809 -1.15479
429 101.579 0.659681 82.9804
430 58.4069 1.48478 70.7764
431 108.994 81.9691 70.4842
432 50.356 6.18071 41.5472
433 17.5507 113.435 82.9142
434 101.537 0.900699 124.377
435 34.2846 34.8013 125.064
436 96.4353 1.00803 84.2301
437 110.707 2.60286 28.2959
438 111.584 4.5046 75.6638
439 113.402 104.522 80.4974
440 64.7711 76.3099 53.8267
441 50.0321 33.0104 -0.106216
442 3.12109 54.7918 88.4639
443 80.1387 110.712 53.9278
444 9.88118 2.20092 19.5874
445 0.0947112 87.2972 124.745
446 30.9019 34.5439 124.968
447 3.8529 53.2878 34.0684
448 10.7497 102.879 125.202
449 108.508 18.3081 39.2827
450 38.6978 2.18744 125.693
451 104.957 0.646224 70.691
452 -0.569638 22.5063 1.87379
453 0.247149 59.6526 124.804
454 87.2491 27.7611 125.167
455 86.3353 99.6839 0.104356
456 14.5143 109.515 39.7311
457 68.4803 80.5582 -0.398702
458 2.94813 59.3628 87.699
459 67.0074 1.33441 72.1186
460 62.1827 2.07927 125.922
461 -0.663945 26.7428 115.45
462 110.061 0.0288926 75.4866
463 108.954 87.3342 43.0236
464 108.512 24.8745 36.7624
465 114.001 12.8425 115.559
466 102.379 8.78333 -0.0613748
467 35.3193 24.5394 116.452
468 54.8327 3.68571 49.4187
469 107.408 48.3419 69.5882
470 22.2695 49.3385 110.377
471 63.7662 34.2855 121.596
472 43.3049 31.3859 116.404
473 45.2828 39.2171 113.261
474 29.5254 26.5536 125.173
475 45.4503 26.5418 125.087
476 42.0462 35.2457 125.325
477 45.2435 39.0919 110.864
478 48.3501 31.2289 125.04
479 38.0184 56.1509 125.391
480 34.5544 63.2104 -0.199421
481 40.0098 59.3522 16.7744
482 56.3097 67.1636 3.11714
483 45.6879 44.2061 17.1559
484 18.7061 96.3762 125.027
485 3.0343 63.7337 84.1582
486 26.3971 2.16652 125.684
487 0.649173 67.9043 58.378
488 -0.306829 62.0676 18.792
489 -0.753407 59.9512 107.785
490 -0.595063 38.0752 11.8819
491 23.9351 113.681 7.78047
492 -0.489079 87.7607 2.97989
493 93.7003 0.812312 103.409
494 4.01565 35.0264 34.5851
495 38.1386 110.233 65.536
496 -0.646181 106.352 108.666
497 99.3182 112.089 26.5252
498 3.0447 20.501 -1.14243
499 54.0871 111.577 38.2489
500 98.3888 33.7152 125.052
501 42.459 111.805 36.9633
502 54.3261 5.93006 39.0223
503 28.2162 52.6107 125.359
504 1.91349 35.9646 28.1996
505 4.39933 7.66125 49.3186
506 108.7 37.0662 43.3798
507 114.419 31.2105 16.9913
508 28.9762 110.079 56.6741
509 -0.724599 108.754 12.9513
510 -0.625974 77.7404 5.80246
511 3.16536 95.5211 70.2439
512 112.056 113.537 111.119
513 10.9678 3.44973 34.8246
514 104.564 87.5057 125.593
515 109.19 68.6349 43.6454
516 39.1064 19.433 125.249
517 6.30576 113.502 89.8935
518 1.27068 72.6109 98.5076
519 110.472 0.362959 102.204
520 3.10628 113.573 85.8772
521 1.17899 105.414 82.1029
522 4.22007 57.5001 34.5129
523 21.8904 110.352 70.5196
524 74.9618 -0.00776314 103.175
525 112.585 -1.14458 11.1308
526 39.4046 54.3364 117.692
527 -0.588413 50.0463 123.619
528 3.20107 32.4868 125.54
529 45.343 112.761 99.9346
530 89.7084 100.211 125.258
531 27.1789 64.7329 125.366
532 29.2889 65.0077 114.944
533 63.1649 48.9529 104.8
534 39.21 54.1712 119.935
535 41.5483 61.4577 122.703
536 62.1853 61.1855 119.923
537 37.8894 71.6385 -0.042079
538 47.1272 84.5133 0.042764
539 28.0859 71.3385 19.318
540 51.1236 63.4077 -0.150653
541 42.6521 95.9386 14.0857
542 28.3144 80.9425 -0.14117
543 31.5131 71.6399 -0.356557
544 48.7783 29.8335 -0.571272
545 -0.881142 99.0672 99.4616
546 43.4093 78.2449 -0.0692535
547 90.9858 63.3286 0.172901
548 114.08 77.7082 108.969
549 4.31355 25.6189 45.8111
550 47.6841 80.7247 8.44647
551 0.948357 107.68 88.0066
552 113.62 101.774 21.4172
553 9.90518 111.338 32.6406
554 111.301 42.063 87.5836
555 2.48246 87.5212 55.9824
556 20.1439 113.445 114.207
557 17.0423 109.857 51.5469
558 102.954 111.996 0.31416
559 3.00089 56.0082 80.9158
560 114.214 66.0644 9.71736
561 111.116 105.287 44.0419
562 46.6552 110.505 78.2169
563 106.721 1.74737 45.2142
564 -0.741309 10.2297 4.04101
565 114.227 3.87726 10.3057
566 93.1269 111.866 31.6258
567 6.75576 112.081 -0.293326
568 -0.559856 1.28771 121.315
569 3.86217 46.1653 30.5985
570 67.8274 22.9275 125.194
571 108.309 107.023 68.435
572 81.4122 112.292 86.6351
573 64.1972 109.653 79.2899
574 0.817019 76.9175 100.914
575 45.3913 113.491 120.582
576 3.7658 103.903 36.6557
577 40.8669 1.17666 16.4931
578 -0.570445 55.1833 6.1698
579 -0.749681 66.4774 11.5757
580 113.861 64.3105 119.382
581 -0.643874 27.0162 8.69853
582 23.1039 110.06 125.498
583 55.9499 112.208 34.4143
584 113.673 105.208 95.8399
585 -0.891875 89.7875 112.784
586 4.73474 46.0203 69.2145
587 105.263 73.7731 125.177
588 0.267722 76.3718 49.1802
589 68.0591 -0.178921 13.9262
590 104.543 1.23066 94.8581
591 0.799263 88.6326 125.805
592 11.6042 103.088 -0.118446
593 28.2176 3.93269 49.3048
594 101.725 3.21386 48.4901
595 4.10034 25.0002 38.1185
596 -0.939001 82.6085 107.508
597 39.5643 113.538 113.149
598 1.17646 45.9553 101.034
599 2.94007 56.1523 83.5199
600 -0.819884 88.2712 102.862
601 58.1781 84.3231 108.033
602 11.3635 72.4033 124.773
603 0.912727 4.63843 125.522
604 59.128 59.8309 63.5063
605 75.8128 112.739 97.1339
606 -0.801792 69.2428 105.99
607 2.36726 112.12 -0.00996303
608 111.843 27.7453 99.5979
609 30.0684 88.9557 109.744
610 47.3792 85.7023 120.134
611 59.2395 75.7071 125.187
612 49.6593 83.702 124.938
613 27.9053 68.6232 115.546
614 43.4249 88.2475 120.912
615 50.2535 77.3197 125.412
616 38.1898 104.853 -0.412854
617 44.7958 113.237 1.19716
618 57.1233 113.418 1.28345
619 28.79 111.037 8.21578
620 52.1067 113.622 2.62303
621 37.7451 109.079 11.0752
622 54.8763 105.144 19.9181
623 34.953 98.1784 12.3166
624 49.0764 90.05 13.4214
625 39.0977 112.498 0.140791
626 47.5156 103.174 19.3639
627 64.1863 2.9298 33.0781
628 3.27574 93.5093 -0.812312
629 72.6189 112.708 101.257
630 3.86339 60.7772 33.6601
631 18.4053 84.4603 0.0378262
632 68.372 110.803 53.8728
633 113.528 110.778 93.6752
634 91.4782 112.375 49.4623
635 110.518 50.1672 23.7903
636 85.3373 112.385 89.5358
637 31.3094 112.291 84.1891
638 1.02534 83.5963 87.5975
639 25.4175 113.413 107.708
640 27.7783 113.596 112.897
641 -0.460394 70.8529 18.7451
642 51.2247 110.694 69.1794
643 -0.211687 80.3388 21.9813
644 77.9697 4.43115 41.0129
645 107.265 111.129 50.12
646 4.18866 110.676 46.3569
647 2.2514 83.0162 59.5208
648 -0.963648 85.5591 106.985
649 2.79113 112.474 124.83
650 -0.553562 85.6034 9.3679
651 -0.882629 104.361 116.513
652 114.028 60.038 120.518
653 -0.898573 101.874 110.56
654 71.0988 112.421 0.213109
655 43.3381 112.282 86.5843
656 -0.661483 96.9177 13.2788
657 44.6597 111.02 59.2267
658 41.6263 96.2332 125.319
659 67.7525 113.668 110.316
660 61.3729 112.611 91.6427
661 97.8705 113.715 121.089
662 32.5949 110.081 51.1961
663 1.45218 92.329 82.9976
664 111.312 110.654 27.9531
665 3.20084 113.885 93.7375
666 2.42205 61.8263 50.1596
667 6.075 110.736 75.7568
668 20.0237 111.996 80.3624
669 114.271 84.9276 124.057
670 21.8358 4.56477 43.2538
671 114.557 34.3934 14.2854
672 109.673 113.825 111.265
673 4.44639 53.1388 71.7714
674 37.4503 92.8087 117.808
675 23.3066 93.2082 125.384
676 2.94132 81.4242 67.8958
677 84.3989 1.01751 82.0853
678 114.348 106.616 10.2057
679 110.66 112.346 26.2553
680 45.0847 92.7676 125.213
681 52.6519 94.7111 110.432
682 47.5335 112.586 125.708
683 37.411 93.1988 125.01
684 48.9872 113.259 121.491
685 33.4278 113.895 110.722
686 25.2489 113.659 110.769
687 35.5206 113.477 122.871
688 51.6777 103.305 122.751
689 53.1787 99.7448 125.427
690 53.4034 113.514 115.431
691 66.2615 9.02618 -0.0184502
692 62.6718 14.6087 0.246266
693 82.985 5.06469 9.15934
694 78.0561 20.8802 13.9276
695 64.9998 18.1188 -0.234678
696 57.47 24.9741 17.9042
697 22.5205 110.241 61.5587
698 5.15391 -0.61233 91.289
699 50.4301 23.4172 13.1222
700 -0.182397 12.6439 20.5079
701 111.619 5.20451 94.5531
702 -0.549645 31.7966 15.3651
703 -0.753057 29.3661 7.22994
704 -0.778431 43.1761 116.453
705 42.1906 92.8498 0.0763653
706 113.973 57.4013 119.762
707 113.014 39.5473 21.2323
708 108.361 -0.5313 113.853
709 0.670732 33.1204 125.56
710 42.9611 1.11807 72.3308
711 111.373 36.9102 87.7992
712 84.4267 -0.128453 19.1455
713 110.449 11.4245 34.281
714 3.02082 107.227 66.7329
715 107.212 70.1497 61.416
716 2.80791 23.5199 76.7464
717 0.376026 24.7406 105.028
718 63.5336 7.99219 0.0796093
719 1.16335 65.4172 98.5251
720 111.831 112.804 94.8085
721 113.798 89.7253 105.605
722 82.996 1.86002 76.8277
723 46.6076 -0.00292115 100.57
724 90.7378 3.39356 59.9299
725 1.16507 2.85342 103.323
726 7.43189 -0.32166 11.001
727 113.878 22.1287 123.712
728 1.21466 40.8541 -0.45624
729 2.69789 38.4078 80.2643
730 48.1665 3.72819 49.6952
731 3.09571 109.584 69.9501
732 66.6074 0.360216 15.2909
733 85.4964 8.49929 125.366
734 87.9739 10.5979 106.456
735 70.8301 7.08164 125.214
736 85.2452 24.7892 125.511
737 64.7447 19.985 106.243
738 60.4211 3.68933 117.871
739 81.9017 8.49605 115.591
740 73.6604 23.0371 125.394
741 67.3089 19.8248 125.144
742 67.7283 12.168 122.741
743 84.9373 12.4078 125.704
744 59.507 -0.524069 114.074
745 81.8904 12.8764 125.31
746 61.8445 -0.624321 111.699
747 61.4689 15.8422 125.204
748 72.9437 31.9774 0.0537296
749 80.5817 47.2713 0.162895
750 81.7552 40.7153 0.108477
751 82.1777 34.9981 18.8892
752 70.3015 37.0881 -0.0924752
753 61.7281 26.8132 -0.157155
754 16.3792 0.390597 74.5104
755 2.81168 54.5151 75.7283
756 45.5702 -0.122988 106.454
757 19.1644 3.14259 26.9059
758 66.8517 16.6425 10.8938
759 111.89 18.4732 93.4529
760 108.194 0.884666 -1.57655
761 7.58298 33.3094 -0.140589
762 111.334 57.359 79.476
763 -1.13605 6.38839 121.221
764 23.1789 0.0674166 78.2344
765 -0.702877 97.455 3.85302
766 33.6712 111.836 33.9548
767 78.7185 3.36037 57.7246
768 0.526258 112.979 3.78858
769 113.577 71.5628 99.4146
770 109.268 28.4873 75.3652
771 93.6872 44.0814 125.23
772 100.296 1.07324 0.790538
773 76.5149 113.312 124.219
774 3.28091 69.1254 27.5251
775 1.88058 21.0541 30.1056
776 73.5113 37.032 125.258
777 104.506 108.038 125.614
778 114.234 3.36868 121.761
779 113.169 93.9381 82.337
780 113.594 89.2375 100.143
781 72.0721 93.2439 125.244
782 82.9993 112.258 125.907
783 1.25784 20.6737 89.6684
784 25.0515 112.569 89.33
785 111.512 9.89815 96.1297
786 109.971 108.828 75.6969
787 0.911118 6.93447 77.921
788 114.432 24.9893 2.93403
789 2.72509 92.186 60.6492
790 60.3855 0.779756 61.9713
791 46.7999 1.12105 74.4702
792 91.7788 -0.32425 119.047
793 84.0015 18.5812 125.722
794 3.86453 99.5931 60.6038
795 86.6405 15.873 -0.168956
796 113.596 84.3879 93.7502
797 33.3519 58.1259 125.235
798 67.639 -0.314037 106.505
799 10.4273 1.99291 17.9364
800 72.0481 55.1335 116.593
801 -0.814694 13.0111 117.993
802 73.5089 109.775 80.5992
803 71.4162 -0.223177 101.676
804 57.3958 43.9654 125.264
805 67.2702 26.4694 125.017
806 61.553 23.0834 115.078
807 67.5571 24.9013 118.769
808 61.517 39.1837 113.54
809 88.618 38.3357 125.204
810 84.8747 47.4462 0.217272
811 81.0453 74.1786 0.180598
812 56.0071 54.3062 -0.0916543
813 58.5082 56.1874 7.54822
814 58.042 53.3894 5.75854
815 63.5712 54.3217 7.17773
816 57.8107 55.3779 3.91423
817 92.4632 71.6137 7.61029
818 69.327 57.5024 14.4054
819 72.652 62.1728 13.598
820 88.6532 47.6548 7.99398
821 114.405 110.239 13.3869
822 59.4548 63.5315 7.69936
823 79.5054 0.903961 26.1986
824 113.923 55.3942 111.59
825 86.4432 75.5363 125.192
826 4.11104 87.3971 35.2141
827 44.6733 25.0611 0.101722
828 108.938 52.6468 50.8503
829 52.4558 111.174 26.8658
830 53.1693 110.185 53.9447
831 96.7281 0.92086 71.6419
832 20.9077 113.489 6.38147
833 79.0699 1.44443 69.6993
834 111.419 51.0564 97.7688
835 18.2742 0.0787483 123.142
836 60.5567 112.917 103.408
837 113.052 65.3443 17.9122
838 7.88592 17.265 124.743
839 -0.674766 110.855 112.841
840 110.772 105.718 126.181
841 4.15356 56.1023 39.7896
842 111.558 54.0246 125.118
843 107.359 23.3945 73.1395
844 114.19 87.3872 112.527
845 114.241 26.992 20.4368
846 111.183 99.8111 33.7572
847 114.553 54.685 12.9069
848 111.917 48.8553 101.858
849 114.474 85.1947 2.48852
850 0.509435 38.5326 124.819
851 62.1723 111.42 27.5605
852 99.867 0.905585 90.1841
853 113.628 39.1435 123.348
854 114.02 64.87 107.12
855 -0.634029 109.255 108.318
856 79.2151 70.1216 -0.130013
857 113.685 61.6317 105.566
858 112.587 65.4501 -0.376503
859 108.952 75.06 31.0627
860 95.2366 112.296 0.342282
861 67.9765 43.6224 115.031
862 34.6273 112.819 32.9504
863 48.184 0.926974 1.26668
864 48.066 5.70183 39.1367
865 76.3625 50.224 104.379
866 7.14781 3.03492 42.2094
867 65.0539 68.6316 115.797
868 82.8328 53.9076 119.502
869 75.61 48.9272 114.089
870 90.7925 27.8562 125.281
871 63.5528 65.1917 125.261
872 72.8 66.4215 125.319
873 88.2732 62.2674 113.99
874 81.8879 54.1916 125.523
875 82.6838 55.9405 125.351
876 94.1617 78.6202 0.319622
877 60.4465 73.9715 0.250643
878 80.403 82.6804 -0.11835
879 71.9886 82.2152 0.0558797
880 69.4303 85.78 12.1597
881 61.877 78.3886 -0.197132
882 59.7418 71.3135 0.136115
883 70.0796 74.9404 10.5527
884 62.9456 70.4054 0.117674
885 66.5547 89.1607 7.13041
886 34.7233 109.962 56.4528
887 114.341 98.6195 4.26374
888 1.08734 15.8136 92.7087
889 114.078 104.334 119.218
890 110.137 79.4405 125.398
891 73.1724 110.046 58.4762
892 113.493 57.5596 104.72
893 33.9742 109.674 52.3605
894 90.2078 108.291 75.3274
895 111.441 113.189 105.678
896 50.5639 111.858 39.5281
897 5.6494 -0.0560221 108.187
898 99.5815 28.3779 0.0988144
899 113.663 62.0228 101.19
900 40.8463 113.339 6.26935
901 31.5646 113.892 10.3378
902 75.2885 81.9402 125.374
903 109.043 24.437 61.352
904 1.31445 85.7082 94.9204
905 2.69798 49.1797 78.14
906 113.675 84.6141 21.9254
907 20.7925 113.324 1.47533
908 -0.703395 38.8153 115.521
909 98.2701 9.34168 -0.260926
910 111.331 58.3911 88.481
911 72.3267 110.819 53.9857
912 112.033 3.20068 106.522
913 2.5816 63.0284 64.4149
914 77.8045 113.531 110.588
915 114.371 62.1661 13.9947
916 17.5328 -0.395245 5.81545
917 6.58027 104.65 124.911
918 111.781 23.8514 103.625
919 20.4542 111.312 66.8357
920 4.5677 56.7096 67.2176
921 109.376 97.1888 67.3151
922 111.425 82.6276 79.0507
923 37.589 111.358 30.1742
924 111.523 74.2316 89.968
925 4.57876 8.13685 62.803
926 5.80642 110.873 32.0475
927 107.508 84.7407 60.3343
928 59.885 -0.366851 11.4092
929 69.5924 75.5281 104.984
930 59.7239 89.7735 125.316
931 78.027 68.2223 125.235
932 79.1541 70.3829 110.517
933 79.1471 90.9029 112.431
934 66.9002 76.592 125.059
935 60.6179 101.579 115.188
936 62.79 77.061 112.819
937 69.5526 89.5104 120.344
938 86.163 93.8052 22.0157
939 57.3944 99.6766 9.46944
940 61.2111 96.6943 5.5134
941 78.6341 85.6579 0.0676325
942 1.34106 104.682 26.8845
943 107.028 111.956 28.8638
944 114.376 110.589 5.96717
945 113.297 10.7076 0.185056
946 92.5496 113.418 8.20309
947 5.30467 113.712 113.372
948 57.583 113.619 10.2384
949 54.6099 112.714 20.6465
950 106.154 3.99108 32.1651
951 4.13704 46.7022 33.7403
952 33.3108 109.369 49.6216
953 -0.0445189 106.03 23.8117
954 59.9773 106.589 -0.04085
955 65.8208 111.577 45.3054
956 113.519 99.3375 25.7098
957 86.7299 111.775 17.5103
958 109.927 107.094 49.1218
959 29.9247 22.813 -0.0383729
960 108.837 25.9811 57.0669
961 62.374 111.538 29.242
962 113.864 13.3766 108.621
963 83.215 112.329 0.310856
964 23.4395 113.302 123.423
965 29.7263 109.367 38.306
966 56.8489 73.8596 -0.0120169
967 -0.214012 27.0082 25.735
968 -0.988745 97.4088 121.42
969 56.1158 110.669 48.9025
970 109.041 77.6207 34.6602
971 4.00094 68.8938 36.1757
972 23.2126 23.1322 -0.30761
973 3.08965 90.4118 67.872
974 107.222 89.4486 61.7399
975 113.543 112.875 11.5187
976 0.0863796 13.5401 28.9583
977 103.875 91.5752 0.165585
978 111.479 94.8566 76.4039
979 114.42 57.6243 2.45797
980 4.05657 35.1972 39.6577
981 109.191 70.8196 44.7264
982 65.0466 113.287 1.29864
983 114.181 94.9311 122.858
984 47.2728 112.409 89.1852
985 109.537 100.326 67.0714
986 107.271 32.4156 71.3895
987 73.6431 88.7254 115.644
988 -0.627167 52.391 4.39799
989 114.119 89.9046 123.428
990 2.50808 71.4808 46.6
991 114.538 50.7195 12.2288
992 55.0753 1.65427 81.9951
993 4.38343 31.3375 61.7298
994 76.7835 112.385 90.3885
995 3.80778 34.9894 31.9946
996 113.429 93.456 88.9297
997 2.82121 88.24 60.0044
998 76.3992 93.0211 125.478
999 59.7612 113.74 118.148
1000 93.6701 103.566 125.421
1001 64.83 101.195 125.436
1002 88.5654 94.1818 125.152
1003 66.9707 97.5478 125.248
1004 80.5583 113.442 116.758
1005 62.4476 100.557 108.69
1006 71.7549 95.0987 113.796
1007 69.6462 100.417 119.77
1008 114.338 20.1958 6.38442
1009 101.551 17.9018 2.77163
1010 89.9449 21.0481 11.1772
1011 107.032 0.146039 2.7454
1012 96.0361 0.244204 0.866397
1013 100.179 16.8545 11.7292
1014 93.7958 20.5184 13.6006
1015 108.979 30.9459 56.2177
1016 102.19 19.3986 12.5418
1017 91.5403 112.321 0.405514
1018 55.9708 -0.0922572 13.9227
1019 102.33 16.2251 12.0414
1020 110.248 23.8237 78.0607
1021 88.5683 18.0765 12.9766
1022 82.6928 3.15529 57.6643
1023 80.9121 3.00589 52.4083
1024 15.5071 -0.0655555 3.34151
1025 83.7854 112.759 15.6387
1026 50.5796 69.8932 125.067
1027 109.254 71.6253 57.5012
1028 114.612 43.5705 9.64143
1029 114.589 22.4303 2.64182
1030 108.843 40.9437 37.7347
1031 2.54899 20.2365 58.2171
1032 107.192 0.483513 100.071
1033 113.828 43.1228 106.406
1034 114.59 31.8572 10.7563
1035 34.3345 0.282688 2.76047
1036 111.836 65.3793 93.9333
1037 3.19425 103.522 54.4262
1038 83.2063 109.309 67.6144
1039 111.749 53.9401 102.096
1040 90.4046 -0.160553 103.189
1041 23.2943 4.33754 50.6449
1042 88.7385 2.81517 49.7858
1043 111.486 46.5415 93.3559
1044 107.953 0.665484 83.2139
1045 94.7347 3.2371 49.7114
1046 109.484 40.7299 75.5089
1047 1.9801 42.8253 125.554
1048 95.1732 0.580591 23.1287
1049 114.084 22.6663 119.89
1050 6.01021 1.34926 67.1611
1051 74.1499 69.8769 125.249
1052 89.3322 -1.01077 113.838
1053 1.1008 11.8455 96.9965
1054 108.89 20.7522 54.8613
1055 72.0968 5.66066 39.4271
1056 111.191 47.1182 89.2335
1057 31.6781 113.464 115.394
1058 -0.617995 40.8856 122.874
1059 84.3768 0.988186 84.4306
1060 51.557 71.5659 0.021598
1061 87.5845 -0.24884 116.414
1062 28.2198 0.476595 77.0059
1063 114.239 17.7405 116.069
1064 114.067 24.2686 117.032
1065 87.7895 0.158333 12.7035
1066 98.4964 0.227273 115.319
1067 113.855 5.76062 120.396
1068 112.343 4.62946 125.732
1069 101.95 8.16826 113.052
1070 93.2906 38.7575 0.0470041
1071 78.5186 29.3961 0.160617
1072 95.8632 16.3081 10.3533
1073 98.231 50.2812 15.5066
1074 93.32 46.0535 0.264479
1075 98.4947 47.0344 2.78026
1076 74.1715 111.941 47.935
1077 98.3313 43.9149 5.02423
1078 109.234 90.9366 65.9444
1079 61.8212 29.5271 -0.184817
1080 107.069 6.98074 62.3705
1081 68.1886 113.643 15.3453
1082 96.2546 61.0028 0.322151
1083 69.1916 110.387 64.0793
1084 114.562 23.1708 17.2217
1085 23.962 43.8925 -0.588234
1086 49.8977 2.80364 25.0437
1087 112.829 101.304 125.153
1088 111.217 75.4231 73.8133
1089 114.591 26.8935 8.1497
1090 -0.691845 27.1187 13.6626
1091 101.62 110.42 61.0464
1092 108.996 57.4225 38.4232
1093 108.779 59.6373 34.2521
1094 95.7104 -0.65753 111.307
1095 114.093 1.56859 4.64244
1096 102.533 83.5297 125.262
1097 51.8454 0.120017 16.6359
1098 4.48243 -1.18843 13.4204
1099 101.714 18.0422 0.0572986
1100 92.3751 110.811 56.5091
1101 109.429 24.4319 74.7856
1102 -0.539595 101.466 18.3315
1103 108.745 37.3448 53.8159
1104 83.4622 84.635 0.206117
1105 7.62083 2.77668 -1.24997
1106 111.391 26.0894 94.3351
1107 25.6746 -0.483466 13.768
1108 113.829 48.056 121.229
1109 25.3607 -0.374299 108.757
1110 111.836 2.76795 88.5641
1111 111.766 33.3399 97.0856
1112 87.4673 0.940479 25.8174
1113 108.524 13.1624 41.9268
1114 -0.711188 21.868 108.307
1115 4.52111 16.374 45.0237
1116 102.416 103.825 0.0720924
1117 6.18441 114.252 105.407
1118 -0.630272 8.53106 1.91504
1119 108.59 4.72651 47.0718
1120 7.18457 47.3964 124.949
1121 107.124 11.2633 66.1137
1122 4.15797 71.5939 39.561
1123 109.22 65.2724 69.6194
1124 4.48209 111.257 64.7874
1125 114.066 11.0056 15.3446
1126 113.997 91.8979 14.4205
1127 89.7804 30.2435 114.922
1128 8.75185 0.352345 80.749
1129 100.697 41.1855 108.882
1130 108.079 23.2006 125.121
1131 108.598 31.535 125.002
1132 114.158 36.0072 116.511
1133 114.025 39.1185 118.23
1134 102.19 33.3906 125.265
1135 102.073 35.6733 118.566
1136 85.0119 45.4132 115.107
1137 109.266 64.3622 7.14487
1138 114.48 52.0715 4.86002
1139 96.1447 50.2044 0.462577
1140 114.466 47.8241 18.2114
1141 84.9538 113.438 1.55616
1142 109.383 -0.671482 21.4061
1143 108.459 20.4351 37.5185
1144 109.285 60.9578 70.4412
1145 113.801 98.9597 103.736
1146 109.382 71.2489 50.0876
1147 12.2559 2.67357 27.9868
1148 108.93 56.5871 35.0156
1149 36.0549 2.01854 61.2289
1150 111.307 78.1185 82.137
1151 109.003 9.94076 56.6872
1152 110.648 99.6437 0.419263
1153 109.033 85.3494 35.6251
1154 111.893 113.397 108.566
1155 111.675 27.979 101.967
1156 67.9136 6.40171 40.9261
1157 14.1668 2.36138 125.559
1158 16.5998 0.958382 69.53
1159 114.383 59.3052 2.45903
1160 107.478 34.4346 73.3879
1161 109.207 46.3504 61.0002
1162 -0.262404 12.6215 17.8291
1163 29.1313 30.1853 125.021
1164 -0.926798 15.6495 111.844
1165 105.043 108.443 66.0539
1166 109.286 82.939 37.7228
1167 113.997 3.41841 7.60062
1168 53.1575 11.1926 0.259116
1169 72.6299 112.394 95.6339
1170 108.718 41.1053 46.9088
1171 111.947 113.707 116.138
1172 109.227 39.1853 58.544
1173 0.820646 4.32642 83.8406
1174 111.055 109.023 34.2497
1175 67.4977 -0.25702 108.706
1176 79.1034 0.06078 123.355
1177 114.137 59.7406 115.721
1178 20.3228 31.2898 124.866
1179 96.1512 95.354 126.021
1180 107.154 5.66068 55.6903
1181 -0.616752 1.35203 116.258
1182 -0.801675 19.6528 122.697
1183 109.152 48.1071 49.5063
1184 97.4704 112.914 100.087
1185 8.29935 111.042 126.002
1186 18.1205 -0.252646 14.606
1187 66.6542 2.87287 58.0096
1188 114.35 48.3283 9.04471
1189 111.652 9.89215 90.7805
1190 94.8729 108.409 65.3947
1191 69.9199 57.8823 125.483
1192 114.315 43.6364 2.29945
1193 110.135 88.2579 34.6604
1194 98.8431 111.577 125.355
1195 72.6269 10.4179 125.145
1196 74.2572 3.18695 33.1019
1197 114.573 27.263 11.5029
1198 102.012 58.4522 110.057
1199 85.1406 111.932 21.6432
1200 86.6701 51.3877 110.913
1201 95.8222 66.3695 116.73
1202 96.087 51.1269 125.439
1203 109.002 59.4161 125.31
1204 110.464 68.2948 112.719
1205 101.788 50.2463 115.761
1206 112.677 65.339 125.159
1207 91.2098 91.1934 0.215561
1208 82.3332 78.6405 0.141141
1209 91.6164 90.7472 9.77017
1210 114.386 80.6026 12.729
1211 84.4834 91.9641 18.8767
1212 110.027 91.919 6.7646
1213 94.1115 74.925 0.310438
1214 85.6813 71.1119 11.3588
1215 92.3769 82.086 0.0956782
1216 98.1431 96.1401 0.380165
1217 73.4145 109.69 70.077
1218 10.0842 111.978 63.489
1219 114.065 8.7333 19.8686
1220 2.69992 85.5661 70.8867
1221 108.837 30.0771 48.5289
1222 63.5821 5.92967 38.0303
1223 108.434 102.548 65.0743
1224 108.538 113.177 19.002
1225 18.1204 49.3411 0.194251
1226 109.34 71.1366 52.8022
1227 88.5987 110.002 0.381334
1228 110.847 110.314 43.1169
1229 113.455 79.7643 22.7631
1230 19.003 0.503357 78.0012
1231 110.795 62.6057 -0.51907
1232 29.5211 113.653 15.2219
1233 101.581 113.386 4.33827
1234 88.1118 113.8 113.282
1235 111.425 100.175 29.6666
1236 108.88 59.2967 42.9273
1237 58.2656 112.796 18.2683
1238 113.635 33.7435 105.604
1239 112.847 0.752037 13.9185
1240 3.52392 112.35 23.5873
1241 94.374 64.7151 0.231938
1242 105.249 109.882 56.3956
1243 99.4929 40.8306 125.021
1244 114.31 83.1186 14.1798
1245 109.446 113.199 9.24977
1246 48.7208 113.167 21.6182
1247 113.182 23.4504 24.9566
1248 102.316 -0.500956 6.31364
1249 109.396 86.3878 66.9176
1250 101.335 4.30707 30.3177
1251 47.9423 113.991 12.6359
1252 67.5676 112.709 0.107607
1253 95.2122 2.10148 125.777
1254 4.2533 50.7319 42.3739
1255 114.352 91.9544 6.52776
1256 111.74 37.1505 103.041
1257 78.9514 113.331 97.1651
1258 108.563 31.3609 40.6802
1259 108.923 50.7274 45.9924
1260 49.8442 75.3505 125.007
1261 114.045 11.3561 123.03
1262 112.193 28.8267 105.457
1263 1.3458 102.323 46.9349
1264 111.439 112.503 87.1711
1265 11.6732 94.3779 125.288
1266 108.62 74.0995 113.396
1267 87.7761 68.5093 125.276
1268 114.151 71.134 116.535
1269 91.7007 68.6308 125.183
1270 106.281 82.3636 125.463
1271 114.149 83.2992 116.668
1272 95.9595 79.3461 122.481
1273 84.383 85.0574 114.0
1274 114.076 92.4037 119.63
1275 90.2526 72.0222 113.054
1276 110.924 84.4205 112.983
1277 90.2022 82.7017 125.266
1278 81.193 73.397 125.314
1279 96.2696 78.6878 110.289
1280 104.45 65.859 125.17
1281 114.461 95.1223 23.2417
1282 101.039 113.351 19.0323
1283 108.774 113.588 13.0391
1284 114.436 92.3626 10.1365
1285 91.9479 106.593 15.4001
1286 111.6 16.7276 78.5223
1287 99.062 112.246 0.432828
1288 111.138 102.047 39.4946
1289 42.6939 47.4009 124.985
1290 78.0784 113.907 5.57095
1291 -0.711779 110.165 5.32209
1292 59.7082 111.936 84.5047
1293 114.306 66.8686 113.163
1294 108.966 113.54 119.529
1295 91.997 0.888689 77.0115
1296 31.0527 110.045 53.9423
1297 63.3564 110.196 61.7002
1298 98.0225 103.307 125.578
1299 111.503 69.9096 87.6108
1300 113.626 96.787 99.1201
1301 85.3884 66.8451 0.330794
1302 0.895654 60.8405 -0.0269959
1303 109.234 46.7077 74.5808
1304 113.752 96.3143 24.0946
1305 104.752 112.543 101.047
1306 92.0107 71.5995 0.159633
1307 20.448 52.4936 -0.170984
1308 111.59 73.7533 23.8642
1309 35.2063 65.1466 124.915
1310 54.9613 0.0542951 122.926
1311 45.3572 112.452 91.7981
1312 113.911 11.1205 27.6517
1313 111.62 78.9608 25.5271
1314 3.18364 105.844 54.8894
1315 105.293 108.121 63.4566
1316 108.634 45.8237 36.6401
1317 109.231 1.43385 106.721
1318 107.026 65.7887 65.1108
1319 13.8818 97.2434 -0.657087
1320 100.703 112.522 98.5921
1321 67.5284 54.6243 125.327
1322 4.19223 21.5265 45.1815
1323 111.228 61.8307 76.3264
1324 111.425 85.2617 84.9657
1325 80.4642 109.243 73.939
1326 -1.02542 101.725 121.922
1327 108.887 76.238 39.646
1328 98.5356 86.893 116.692
1329 28.8072 0.720635 95.7144
1330 87.2008 110.921 80.065
1331 17.6818 69.718 125.038
1332 -0.136917 8.09444 123.877
1333 97.9951 108.543 109.454
1334 106.007 100.547 115.026
1335 97.9435 89.9053 110.108
1336 113.829 103.852 123.49
1337 114.356 97.443 114.44
1338 112.646 113.611 122.31
1339 92.9565 110.747 116.126
1340 113.958 104.559 116.85
1341 90.2096 100.069 105.738
