0 11.2207 13.3835 -0.761166
1 2.78476 0.0561951 10.0132
2 -0.640337 36.2994 21.8914
3 18.548 -0.10044 9.72039
4 25.6662 -0.239793 1.10871
5 7.84911 12.7572 -0.281551
6 -0.511954 13.1346 10.8055
7 11.9084 8.89745 6.83291
8 11.1612 2.02142 -0.317316
9 -0.677519 15.5187 1.93727
10 0.906151 1.25016 51.539
11 15.3595 -0.0680702 18.661
12 -0.532311 6.0839 48.4633
13 53.8476 -0.0952804 14.0261
14 -0.650586 24.5648 42.4611
15 113.841 0.944438 13.8478
16 -0.334022 7.70179 10.9558
17 13.9046 0.28275 40.411
18 -0.56569 22.7442 37.2871
19 41.6077 -0.22463 41.3299
20 -0.854313 12.9747 88.6421
21 11.6025 -0.167361 26.2918
22 22.504 0.294597 45.5011
23 94.4169 -0.104349 56.246
24 -0.726397 7.64135 30.9947
25 65.8952 -0.0347858 36.784
26 -0.690001 18.3073 83.0285
27 17.3048 62.181 115.415
28 -0.784298 29.3615 39.2086
29 -0.613664 29.4144 89.6391
30 0.876128 -0.936446 41.1467
31 67.6906 0.0373854 63.7979
32 96.3549 -0.481342 59.2773
33 -0.745097 1.27484 28.1911
34 5.3877 -0.082326 86.4394
35 23.4595 -0.0753719 71.5144
36 -0.682053 11.1762 70.4248
37 -0.850084 29.064 106.314
38 86.3252 -0.00441592 51.5058
39 46.6245 0.0409268 85.7412
40 5.62221 -0.28503 56.4111
41 -0.587161 43.7915 62.3167
42 74.7256 -0.0912401 100.616
43 22.8284 0.225303 35.4239
44 -0.517163 6.08145 61.1953
45 53.8109 -0.174684 71.3791
46 -0.565565 4.07195 75.5119
47 0.725685 1.17765 77.2436
48 39.8323 62.6317 44.118
49 29.6472 20.6066 107.411
50 21.0507 4.47107 103.306
51 58.8064 0.0384465 73.0667
52 15.899 101.154 16.8059
53 0.517055 30.221 115.079
54 107.705 -0.184194 96.6237
55 73.5532 -0.272109 112.095
56 26.6838 0.272904 83.1972
57 9.15015 22.9288 102.621
58 21.1566 -0.508941 101.788
59 18.7123 0.0622979 42.835
60 7.24797 4.19183 103.407
61 14.1409 0.270837 113.134
62 33.2342 16.1781 115.387
63 16.5898 9.19368 114.909
64 2.48555 0.147217 112.617
65 5.76311 5.11002 107.246
66 21.4677 44.7109 6.81062
67 22.1607 30.6911 16.0097
68 30.1706 39.4466 11.3251
69 -0.647554 45.592 12.0058
70 27.8999 22.6233 12.2931
71 6.94716 57.3189 -0.0408418
72 27.3126 37.1615 -0.0628974
73 8.37819 45.9074 0.0336879
74 -0.624864 77.8635 33.6454
75 -0.453359 12.7865 45.2164
76 -0.630018 40.7987 25.1569
77 3.79575 29.466 11.825
78 -0.529307 50.043 33.4186
79 -0.663243 6.72671 43.5066
80 -0.74291 66.2272 52.1956
81 -0.779016 50.8364 12.0038
82 -0.610635 24.7389 62.5884
83 -0.928734 28.7145 13.42
84 -0.638139 45.9844 42.861
85 -0.696096 62.576 63.8846
86 72.4042 38.8728 93.6111
87 -0.45244 19.6021 42.6525
88 68.0486 64.7234 47.5395
89 -0.579221 27.3727 56.424
90 58.0214 -0.201279 49.164
91 65.8294 28.5669 68.6872
92 -0.733633 45.1556 74.6878
93 -0.781142 43.0927 28.4676
94 37.5651 -0.0561624 44.0617
95 9.40053 -0.259276 66.2373
96 -0.549699 19.7038 53.0271
97 -0.602904 13.267 31.0308
98 -0.777708 26.9323 13.3078
99 -0.532188 25.0292 58.3194
100 114.189 90.0797 81.896
101 -0.649336 3.27014 44.3331
102 -0.114 1.48747 36.8915
103 -0.479122 59.4399 16.6681
104 -0.76121 55.6464 26.2459
105 -0.532817 32.0968 75.4246
106 -0.405489 48.1885 21.2611
107 69.7139 39.8699 93.3421
108 71.2396 39.9282 16.7617
109 -0.892748 8.19495 103.969
110 17.4257 62.9436 99.6739
111 13.576 -0.112263 74.2473
112 29.7134 53.1309 88.9241
113 -0.996785 66.3651 94.9208
114 22.6383 26.1619 102.424
115 -0.945678 27.263 99.2652
116 -0.859269 19.5128 70.3186
117 -0.427437 96.6115 60.41
118 22.1203 -0.012136 62.7552
119 32.6742 64.0 88.9576
120 19.8993 26.5933 103.299
121 -0.892402 9.04392 102.345
122 -0.58518 45.4614 51.8377
123 -0.953807 62.3065 101.689
124 -0.663395 8.63405 69.6183
125 25.1523 36.8143 115.293
126 29.4076 40.6861 115.504
127 9.40669 41.6405 102.216
128 7.31816 34.6025 99.2436
129 13.1248 44.6192 102.314
130 10.0657 34.6525 115.388
131 13.1285 43.8557 115.327
132 33.1902 27.4504 99.5742
133 21.9312 40.0795 100.023
134 17.5267 69.4397 6.71225
135 2.1237 63.0464 -0.215717
136 33.8434 68.4127 2.05338
137 17.671 54.1151 12.1949
138 5.39631 59.5715 8.60608
139 -0.367515 82.7386 7.8549
140 19.2387 55.6534 11.5275
141 -0.8225 29.5177 34.352
142 -0.785008 41.3988 61.3735
143 114.4 101.178 7.33402
144 33.5245 75.6235 62.377
145 -0.924473 45.9696 88.4481
146 27.5018 74.9645 12.6923
147 20.7015 103.906 71.2245
148 -0.596857 45.4457 57.0043
149 23.535 69.1271 24.4716
150 -0.628393 101.324 47.1826
151 -0.614482 6.22603 33.4029
152 -0.834795 55.7129 16.2616
153 26.9949 68.2135 19.7802
154 -0.672536 59.5704 27.0784
155 -0.668477 92.093 41.1532
156 -0.785318 33.6347 37.8771
157 -0.677851 101.919 12.8779
158 25.5177 60.8154 55.3651
159 -0.882767 31.4346 44.6691
160 41.6307 50.028 98.4145
161 86.4174 57.3597 20.4766
162 -1.03872 57.2128 112.024
163 -0.427218 36.4037 27.0343
164 15.511 51.3278 -0.579167
165 -0.733222 74.0828 18.0263
166 -0.585163 54.7451 52.9979
167 -0.649246 60.1225 93.3863
168 -0.950515 57.6226 74.7465
169 -0.815449 26.6022 75.6195
170 -0.772067 75.7762 93.0785
171 87.5834 70.3105 20.5562
172 57.989 76.4308 42.0102
173 -0.599665 64.0822 46.2954
174 -0.793075 56.9277 88.9991
175 -0.793579 82.6719 47.7211
176 -0.656205 29.6431 42.1614
177 -0.574995 77.9784 81.4947
178 23.5066 22.5964 60.4146
179 -1.00007 63.932 61.2769
180 -0.534567 40.5418 42.8889
181 -0.710489 49.9034 76.2326
182 -0.309301 113.139 99.4318
183 55.9661 43.8453 87.7378
184 -0.683064 94.1806 74.9358
185 -1.00567 71.8209 87.3589
186 4.93963 56.3343 109.005
187 -0.644473 90.2563 56.4388
188 -0.771859 67.2528 80.761
189 3.73388 66.7039 107.559
190 10.8141 44.8796 109.14
191 0.901979 67.8726 115.735
192 12.8728 58.4531 115.045
193 14.703 68.2593 115.509
194 -0.762248 59.9592 108.239
195 10.1367 56.0486 115.142
196 20.9769 50.591 107.997
197 33.4828 55.586 99.9123
198 22.1307 62.7952 115.324
199 12.904 70.921 8.58058
200 6.98189 81.4322 8.47582
201 30.4775 93.229 7.96242
202 15.249 71.9787 7.5905
203 24.2387 75.9481 5.80439
204 18.288 84.3169 7.76951
205 2.74623 76.551 -0.804253
206 23.9571 80.0667 -0.731408
207 5.61289 71.9563 -0.0415502
208 16.1475 73.8451 -0.0643529
209 -0.448654 103.392 50.357
210 21.6921 30.8356 51.644
211 30.1277 114.285 45.3764
212 -0.655314 55.2767 66.2268
213 19.8493 113.576 20.3722
214 29.2003 113.445 58.0497
215 17.2452 62.3299 13.9533
216 0.529333 87.3346 0.183132
217 40.2274 42.9893 28.6906
218 -0.666572 71.7761 57.3547
219 -0.703741 68.9496 43.9038
220 -0.666621 71.5108 29.5107
221 29.1062 113.56 68.1011
222 73.3595 113.305 41.8036
223 72.0422 97.9903 29.0369
224 61.836 113.608 35.574
225 -0.706681 73.1092 64.4615
226 0.364409 113.012 48.9792
227 -0.674078 78.0736 48.4005
228 73.9729 16.2415 29.6035
229 35.1912 79.3785 27.8436
230 -0.784886 40.6022 90.6443
231 -0.680846 39.0362 57.753
232 -0.52413 101.219 67.1455
233 -0.653844 77.9989 28.7384
234 -0.474255 66.6075 72.3181
235 -0.660463 75.9763 46.4338
236 -0.635168 64.0955 73.9862
237 -0.632075 80.0881 74.883
238 -0.854507 40.5819 100.837
239 -0.93307 63.7328 41.0406
240 -1.06848 55.8817 31.1859
241 -0.739179 104.265 26.6002
242 -0.469693 36.8866 54.4297
243 8.23298 113.582 21.8776
244 7.41219 113.676 88.4747
245 -0.508176 38.879 65.3709
246 -0.58336 39.0463 45.4718
247 51.7646 65.1308 82.6621
248 87.8788 113.72 85.8216
249 -0.560786 82.6386 30.2212
250 -0.661365 75.5705 55.418
251 -0.886371 82.8347 90.3765
252 88.9913 113.263 57.0683
253 70.9874 72.5908 41.5245
254 -0.79543 27.0485 81.226
255 -0.665881 43.5999 32.0099
256 80.2285 113.823 67.6123
257 91.9424 78.2036 68.4659
258 -0.657302 87.4328 89.9959
259 -0.622735 73.7463 60.3851
260 -0.645427 89.6078 98.0823
261 -0.820524 99.6503 82.4454
262 -0.728125 62.1871 86.4263
263 0.102112 64.6309 114.526
264 -0.797549 54.8993 95.9673
265 35.2289 96.7605 115.399
266 16.3899 113.134 89.3424
267 -0.919805 49.7546 68.8885
268 69.8479 78.6842 80.8424
269 14.9205 104.762 92.5283
270 -0.928712 48.1503 91.8936
271 5.97586 83.8266 115.188
272 16.8696 70.8914 106.604
273 2.56147 70.8448 115.976
274 -1.1909 82.7544 105.675
275 23.7826 69.1554 101.642
276 31.3694 81.8374 100.878
277 26.8785 91.4452 116.116
278 24.3304 113.238 1.30759
279 16.43 101.685 2.64588
280 9.90979 99.9673 -0.0113635
281 13.6462 99.9857 14.9318
282 17.604 113.702 10.2285
283 2.73323 97.6836 -0.601264
284 -0.787632 45.3929 27.1853
285 -0.6565 83.4122 43.6923
286 -0.664394 97.2696 36.1369
287 -0.824414 50.9328 14.6272
288 64.2299 113.361 64.2693
289 0.419025 112.69 44.2387
290 33.494 113.777 15.2259
291 -0.454367 92.0787 26.5754
292 -0.471091 103.726 30.3275
293 -0.458478 75.6221 7.90125
294 43.6405 113.266 55.5036
295 48.9684 113.508 8.81579
296 76.8921 113.603 26.5374
297 10.5357 114.205 35.3704
298 56.9221 113.492 64.1642
299 51.7943 56.6261 51.4442
300 114.351 99.4164 24.9125
301 2.98374 90.3168 -0.747714
302 3.44827 113.652 22.9263
303 -0.516439 101.078 51.9271
304 -0.542402 111.412 31.4844
305 77.8514 113.765 45.7513
306 -0.496313 103.871 23.1808
307 39.4581 114.091 60.7028
308 45.6971 113.436 40.4872
309 -0.672868 104.09 43.852
310 5.0885 113.614 45.7813
311 5.31196 89.754 -0.210419
312 -0.734318 107.133 64.8122
313 -0.547927 89.3789 30.2651
314 -0.889285 33.5643 17.6193
315 -1.19787 111.023 46.5251
316 -0.675814 98.9112 43.8758
317 -0.594977 103.776 78.0484
318 -0.361674 89.5768 53.1456
319 45.5782 113.473 45.4856
320 51.6425 113.698 95.6781
321 66.5942 0.240455 80.4889
322 21.6187 113.994 75.5683
323 20.4849 113.199 92.1973
324 -0.530795 106.865 72.4378
325 4.56896 113.217 56.7137
326 -0.516463 83.1918 51.2363
327 -0.952627 92.1784 91.5091
328 32.239 113.51 92.1659
329 0.950182 113.602 95.7767
330 57.2208 113.809 98.1568
331 44.5242 113.23 79.3234
332 40.0897 113.462 101.872
333 0.902661 113.817 98.6181
334 -0.973673 105.805 99.0911
335 27.5308 113.396 108.289
336 -0.635994 108.168 84.9012
337 -0.813827 97.3587 94.2203
338 25.3669 113.534 110.836
339 24.7188 100.986 115.365
340 -0.859041 104.292 109.51
341 7.61021 92.1502 99.1885
342 1.62481 114.248 105.769
343 39.6777 13.0126 9.44338
344 20.1705 6.17723 13.4549
345 35.6987 12.4205 7.51613
346 41.1054 17.922 -0.0830328
347 51.4668 -0.114843 3.75882
348 37.5934 14.103 8.79625
349 35.9273 12.0643 0.09802
350 33.4544 15.0265 10.8156
351 34.8847 18.6952 8.89801
352 29.5619 54.8125 -0.647707
353 21.2181 -0.444853 41.3322
354 7.40939 -0.142257 26.2298
355 23.5249 -0.206991 16.2665
356 29.6421 0.0570672 28.7438
357 27.0299 70.2344 22.9354
358 26.8069 0.0986235 57.8091
359 55.4295 22.255 100.938
360 33.6956 0.0258445 43.8997
361 37.5426 -0.140969 28.792
362 6.18473 0.12247 67.8083
363 38.3036 28.5619 55.6487
364 3.66267 -1.32778 57.7545
365 3.78668 -0.867644 73.7905
366 26.2667 -0.0243411 75.6087
367 65.8091 45.5695 71.5633
368 30.6197 104.979 55.3206
369 28.6517 -0.731198 33.8145
370 58.0298 -0.00692836 61.8098
371 25.4474 -0.126562 86.5864
372 20.1697 47.6793 60.6653
373 83.699 -0.252383 83.9538
374 82.5973 67.8139 97.337
375 114.123 57.5128 82.4327
376 55.7605 -0.41853 79.4207
377 88.9755 -0.645158 69.2162
378 -0.702191 74.0797 32.8008
379 26.5754 -0.0910322 97.8018
380 -0.748325 22.1683 93.7921
381 90.0791 -0.179658 31.5091
382 21.5689 -0.548292 68.965
383 21.6168 -0.188727 81.732
384 41.5523 113.664 17.3841
385 51.4374 40.7284 115.171
386 11.9024 -0.723826 61.3508
387 -0.493001 12.7074 78.0058
388 19.6295 -0.513404 76.4191
389 60.6269 113.336 61.6615
390 45.5683 21.552 96.2157
391 33.3726 -0.535493 99.3886
392 75.8038 -0.0516497 81.7285
393 53.4005 15.7642 115.421
394 27.0177 12.6089 115.255
395 45.3099 25.1143 106.26
396 53.4307 26.2763 100.661
397 33.9009 1.76827 115.795
398 46.5502 2.11502 116.189
399 47.3375 11.6466 96.0942
400 56.4495 10.4846 115.351
401 46.1615 23.3243 111.252
402 34.03 29.8146 -0.164418
403 31.8599 42.8591 13.5065
404 32.7409 45.7986 -0.0988938
405 54.5516 35.8954 0.244355
406 55.7625 40.1094 -0.00656167
407 37.618 31.3077 16.4739
408 31.6163 41.4667 4.0327
409 46.5863 32.9978 14.164
410 32.4538 31.9843 -0.161226
411 59.6478 50.7989 0.126604
412 43.7229 47.904 4.7316
413 40.7767 48.2258 6.01331
414 30.2699 0.0457222 67.8807
415 25.4329 42.6971 33.4547
416 95.8945 -0.251511 51.4398
417 40.397 24.3969 87.4948
418 -0.74284 85.8048 67.14
419 55.2667 27.8863 64.8491
420 57.4346 73.1336 44.697
421 -0.810728 61.3894 73.0797
422 81.0376 111.013 40.944
423 -0.474113 17.3861 34.327
424 43.2719 68.2763 52.3489
425 -0.710245 28.9284 66.5936
426 -0.466884 29.0397 86.7817
427 113.876 8.0761 51.4831
428 37.0414 55.0016 40.989
429 61.6139 17.5697 26.8289
430 24.1273 45.0528 -0.573025
431 113.998 75.9869 74.2377
432 -0.712182 27.5442 18.4064
433 37.7657 96.9006 34.7076
434 83.2683 0.361386 90.6307
435 0.180089 1.5715 66.9308
436 90.0047 38.2609 77.0939
437 49.7344 -0.357178 59.03
438 55.847 42.5568 71.5049
439 67.5842 75.2632 82.9949
440 37.5447 52.8646 18.5496
441 -0.683816 17.14 16.9227
442 -0.670868 33.6602 67.8452
443 -0.370158 78.2109 43.8694
444 106.684 0.123758 93.0412
445 -0.841176 31.2398 94.3984
446 45.6994 -0.460186 99.7194
447 -0.551446 12.6929 67.8373
448 19.7501 15.7877 115.076
449 26.6893 16.8733 79.0089
450 87.8105 113.583 96.1349
451 -0.637366 21.9789 81.0408
452 28.6994 66.6708 65.3071
453 114.122 1.08341 103.977
454 -0.673658 31.1904 64.8091
455 65.4613 33.1187 93.0816
456 -0.882354 94.3874 89.8259
457 84.9342 48.163 81.5673
458 -0.630287 40.6036 70.5052
459 -0.513268 61.6255 55.404
460 15.299 -0.0679834 74.0221
461 20.475 22.3825 87.0527
462 114.144 16.9471 72.2844
463 113.949 85.5897 85.4075
464 83.0718 0.0584203 77.9978
465 -0.704451 45.7026 93.563
466 81.8171 57.3109 63.4568
467 35.5289 24.1451 107.258
468 57.9813 -0.212602 46.7236
469 103.25 0.302171 90.5339
470 22.2695 49.3385 100.709
471 63.7662 34.2855 111.928
472 43.3049 31.3859 106.735
473 45.2828 39.2171 103.593
474 29.5254 26.5536 115.505
475 45.4503 26.5418 115.419
476 42.0462 35.2457 115.657
477 45.2435 39.0919 101.196
478 48.3501 31.2289 115.371
479 38.0184 56.1509 115.723
480 34.5544 63.2104 -0.199421
481 40.0098 59.3522 16.7744
482 56.3097 67.1636 3.11714
483 45.6879 44.2061 17.1559
484 22.2503 72.2988 48.1806
485 -0.796138 35.8473 13.526
486 45.6607 57.3529 85.8656
487 -0.58051 89.7623 35.5145
488 59.4428 73.1433 18.8086
489 -0.761624 20.0551 31.3384
490 -0.597495 42.9153 33.5616
491 76.7941 113.525 18.7883
492 114.339 53.0741 30.6837
493 -0.633182 66.2883 19.4699
494 43.267 93.0495 55.5816
495 27.0224 56.1762 40.0947
496 17.2872 47.9365 52.4388
497 59.2868 62.754 75.0827
498 62.8795 0.315105 45.2403
499 29.1608 31.8935 22.676
500 114.088 17.4956 82.5679
501 45.3449 77.8758 33.5029
502 -0.812036 29.5161 37.243
503 31.2014 -0.190698 101.969
504 -0.668922 47.7927 73.1051
505 41.9122 33.4867 37.2342
506 94.6414 0.37183 63.0557
507 61.3563 44.1313 92.5659
508 114.101 54.7089 60.7975
509 36.2296 113.358 86.6653
510 -0.811087 80.7583 63.2365
511 13.4953 113.56 40.3155
512 71.8057 78.6664 68.0052
513 22.4635 0.0989539 57.9512
514 62.2345 44.7479 99.1014
515 23.0617 70.4693 88.5728
516 -0.630588 64.165 91.6736
517 -0.675932 89.9364 73.5751
518 -0.656407 71.0036 74.222
519 114.324 65.8038 62.432
520 63.5276 55.9371 39.2559
521 2.44701 82.6693 115.055
522 -0.505675 3.50026 72.0063
523 -0.525686 110.36 37.6492
524 66.2299 72.803 74.1776
525 77.6751 38.2274 87.4146
526 39.2256 54.2075 107.769
527 24.9951 65.922 87.3873
528 18.9625 62.7568 79.6393
529 63.7265 27.2391 57.273
530 11.5948 113.649 70.6174
531 27.1789 64.7329 115.698
532 29.2889 65.0077 105.275
533 63.1649 48.9529 95.1317
534 39.21 54.1712 110.267
535 41.5483 61.4577 113.035
536 62.1853 61.1855 110.255
537 37.8894 71.6385 -0.042079
538 47.1272 84.5133 0.042764
539 28.0859 71.3385 19.318
540 51.1236 63.4077 -0.150653
541 42.6521 95.9386 14.0857
542 28.3144 80.9425 -0.14117
543 31.5131 71.6399 -0.356557
544 -0.388637 108.608 35.0444
545 16.1433 113.535 97.0448
546 57.0027 113.41 34.425
547 54.9989 114.275 20.5019
548 78.9402 67.62 61.8873
549 -0.666103 36.1782 41.3049
550 47.9508 80.986 7.97474
551 60.0903 113.79 17.8253
552 59.9392 92.37 17.9838
553 37.27 113.666 73.1568
554 109.918 113.591 58.336
555 51.6006 113.754 30.4915
556 -0.748805 87.0302 7.02802
557 -0.708195 87.4718 39.3858
558 114.003 89.9144 48.9229
559 54.7963 81.7976 26.7047
560 16.0542 113.363 23.6119
561 70.8871 112.147 -0.0504599
562 23.47 113.631 105.905
563 85.9306 48.5988 16.3679
564 -0.473862 45.4114 36.8621
565 65.4011 24.4766 54.4934
566 20.707 113.43 16.3473
567 37.4283 113.94 83.2903
568 32.3775 66.6201 50.0333
569 83.7842 70.5945 88.9186
570 -0.606864 8.64618 46.9542
571 40.212 113.223 71.6494
572 114.129 96.5686 60.8969
573 82.6236 47.1314 89.9867
574 65.3358 26.7934 60.8003
575 37.4259 84.7635 56.1091
576 53.5669 113.549 85.7989
577 4.94577 113.51 16.5144
578 -0.6675 32.1317 30.498
579 43.7603 113.676 20.1962
580 113.966 90.4038 74.1956
581 59.2531 81.9849 19.3237
582 39.2959 67.2534 88.9909
583 49.4564 113.597 52.8697
584 96.638 113.319 87.0475
585 27.8636 94.2302 67.3595
586 -0.901179 61.7391 78.226
587 93.1916 113.439 89.8118
588 -0.59739 94.3659 19.7264
589 47.7157 48.8318 99.1914
590 86.4623 40.098 115.534
591 -0.4261 68.4173 37.8021
592 4.98194 106.46 -0.303882
593 17.2 83.2501 79.4013
594 36.9118 66.4335 77.507
595 30.5182 81.9774 54.4584
596 11.5485 76.529 81.7067
597 32.6528 76.1456 101.639
598 27.8941 69.1683 61.4746
599 68.0692 113.825 80.736
600 12.2901 113.428 89.0885
601 58.1781 84.3231 98.3649
602 -0.641622 29.7262 44.6507
603 -0.802242 94.8849 85.7159
604 43.1946 88.1331 94.1378
605 -0.772122 76.0374 83.1107
606 48.8116 113.478 66.9098
607 -0.85889 92.3409 82.5987
608 11.268 94.956 89.1025
609 30.0684 88.9557 100.076
610 47.3792 85.7023 110.466
611 59.2395 75.7071 115.519
612 49.6593 83.702 115.27
613 27.9053 68.6232 105.878
614 43.4249 88.2475 111.244
615 50.2535 77.3197 115.744
616 38.1898 104.853 -0.412854
617 44.7958 113.237 1.19716
618 57.1233 113.418 1.28345
619 28.79 111.037 8.21578
620 52.1067 113.622 2.62303
621 37.7451 109.079 11.0752
622 54.8763 105.144 19.9181
623 34.953 98.1784 12.3166
624 49.0764 90.05 13.4214
625 39.0977 112.498 0.140791
626 47.5156 103.174 19.3639
627 -0.690121 71.8143 24.4805
628 34.5287 102.894 14.0415
629 19.2918 113.867 47.8704
630 36.6356 113.465 43.774
631 66.5776 114.452 12.6618
632 53.7563 113.681 35.3825
633 93.6925 113.278 21.6804
634 80.0964 113.536 63.3089
635 69.7169 113.64 20.1869
636 88.5389 113.811 52.9707
637 55.245 114.141 47.8683
638 35.743 113.495 27.9096
639 37.3847 113.773 65.709
640 49.4354 113.579 58.1885
641 2.87918 114.081 28.0135
642 67.8581 113.608 93.1581
643 48.2415 113.146 48.9727
644 -0.939958 105.5 15.9689
645 89.9429 113.564 27.8343
646 -0.60312 103.517 35.223
647 32.4336 113.396 86.7635
648 12.3936 113.134 61.7452
649 -0.434954 106.003 36.0441
650 71.8677 113.795 55.4583
651 0.631222 113.239 79.0345
652 48.7804 113.04 89.2243
653 28.6038 113.435 64.1107
654 -0.685714 110.546 93.1519
655 23.5661 113.622 83.414
656 78.1378 113.827 12.9839
657 45.5611 113.787 88.2315
658 76.65 113.325 87.1787
659 55.7841 113.656 70.6262
660 -1.04587 74.2564 113.783
661 41.2988 113.65 80.6622
662 39.5867 113.641 75.6076
663 -0.810395 104.536 66.8421
664 34.2194 37.5641 78.5934
665 24.779 113.482 67.1845
666 88.0576 113.386 83.5099
667 -0.708287 98.1797 48.7443
668 63.6144 113.511 108.228
669 76.9386 113.312 71.9752
670 -0.984339 87.4246 102.331
671 3.88187 113.292 86.81
672 47.3323 113.702 93.2451
673 62.1735 54.0312 115.802
674 37.5005 93.0609 107.872
675 20.7201 113.458 102.42
676 17.5471 113.918 27.8782
677 40.3964 113.21 109.64
678 114.042 86.6108 82.9258
679 41.2321 113.672 93.4379
680 45.0847 92.7676 115.545
681 52.6519 94.7111 100.764
682 47.5335 112.586 116.04
683 37.411 93.1988 115.341
684 48.9872 113.259 111.823
685 33.4278 113.895 101.054
686 25.2489 113.659 101.1
687 35.5206 113.477 113.203
688 51.6777 103.305 113.083
689 53.1787 99.7448 115.758
690 53.4034 113.514 105.763
691 66.2615 9.02618 -0.0184502
692 62.6718 14.6087 0.246266
693 82.985 5.06469 9.15934
694 78.0561 20.8802 13.9276
695 64.9998 18.1188 -0.234678
696 57.47 24.9741 17.9042
697 60.2297 -0.414563 16.4385
698 4.73742 -0.602969 41.3659
699 50.4301 23.4172 13.1222
700 54.0208 -0.175476 28.9076
701 100.01 -0.200201 36.4868
702 7.05846 -0.140051 20.2727
703 87.8466 -0.0708779 56.3472
704 37.6204 -0.27105 38.9507
705 66.5235 5.11328 14.4494
706 45.7698 -0.108059 61.4476
707 67.7764 -0.0173336 54.2645
708 61.777 -0.527483 21.314
709 52.9783 3.78645 44.9989
710 39.5669 41.5587 66.8663
711 91.7726 -0.356984 64.5117
712 63.0409 0.0370134 50.3684
713 93.894 -0.634683 68.9026
714 61.5857 63.7787 41.2262
715 113.208 13.0718 0.771744
716 73.6818 -0.42161 56.6878
717 70.0581 -0.00950558 51.5694
718 83.724 81.2321 23.8642
719 17.2921 36.3599 17.7862
720 114.18 59.3832 82.4626
721 53.4757 -0.0976892 54.0988
722 113.958 13.2768 84.0885
723 39.5205 -0.0620886 71.6892
724 62.6187 0.250368 42.6991
725 114.146 15.6492 69.9382
726 113.965 1.69766 64.8597
727 25.3266 -0.417525 61.1214
728 71.2468 36.8891 115.985
729 63.4878 -0.163858 69.2991
730 83.9247 -0.170545 41.4741
731 59.6573 -0.401866 89.2204
732 78.1432 -0.177763 86.7381
733 85.4964 8.49929 115.698
734 87.9739 10.5979 96.788
735 70.8301 7.08164 115.546
736 85.2452 24.7892 115.843
737 64.7447 19.985 96.5751
738 60.4211 3.68933 108.203
739 81.9017 8.49605 105.923
740 73.6604 23.0371 115.726
741 67.3089 19.8248 115.476
742 67.7283 12.168 113.072
743 84.9373 12.4078 116.036
744 59.507 -0.524069 104.406
745 81.8904 12.8764 115.642
746 61.8445 -0.624321 102.03
747 61.4689 15.8422 115.536
748 72.9437 31.9774 0.0537296
749 80.5817 47.2713 0.162895
750 81.7552 40.7153 0.108477
751 82.1777 34.9981 18.8892
752 70.3015 37.0881 -0.0924752
753 61.7281 26.8132 -0.157155
754 73.3522 66.6807 57.876
755 72.3812 71.5537 52.2242
756 92.0036 -0.16602 54.0074
757 -0.561193 36.0544 46.1293
758 66.8892 16.6523 11.0132
759 114.161 24.9877 28.0223
760 114.322 2.30648 62.5367
761 114.234 18.0005 45.7429
762 97.9297 27.4089 28.9917
763 25.5405 -0.209673 91.655
764 61.9705 -0.0959159 28.6729
765 -0.653472 58.1044 64.6351
766 29.6356 77.2098 23.6168
767 79.8784 0.03922 26.4743
768 78.2802 0.299088 73.1504
769 114.08 15.3154 81.5853
770 114.091 12.7402 70.6961
771 93.5299 36.5759 115.903
772 42.3522 5.1852 39.5833
773 95.9285 84.8098 93.9367
774 68.0577 18.1902 115.998
775 30.0661 20.8816 31.9476
776 63.4838 -0.16319 71.9192
777 103.924 -0.0463894 76.892
778 106.319 -0.206982 74.5816
779 45.6417 76.25 84.7439
780 102.3 49.6335 38.5889
781 76.166 97.4815 99.6384
782 41.4344 61.0268 63.0687
783 58.6583 0.0855581 85.8122
784 14.7291 39.6117 63.8642
785 114.124 45.8772 93.5997
786 113.958 24.3976 89.9472
787 38.8799 0.105343 65.7287
788 98.5769 75.2131 32.4999
789 -0.733107 57.0336 96.567
790 53.7562 -0.276442 91.9849
791 114.166 26.7915 50.575
792 81.0232 15.3401 89.6987
793 53.5991 -0.292847 76.5374
794 86.055 35.2128 31.2973
795 94.1429 69.518 97.7129
796 68.0662 113.446 83.4358
797 114.086 61.9469 70.9753
798 73.7567 43.0438 101.303
799 53.5203 -0.234988 66.8354
800 72.0481 55.1335 106.925
801 76.4941 20.0634 101.416
802 45.6131 33.8081 92.4922
803 106.355 -0.125301 66.8968
804 57.3958 43.9654 115.595
805 67.2702 26.4694 115.349
806 61.553 23.0834 105.409
807 67.5571 24.9013 109.101
808 61.517 39.1837 103.872
809 88.618 38.3357 115.535
810 84.8747 47.4462 0.217272
811 81.0453 74.1786 0.180598
812 56.0071 54.3062 -0.0916543
813 58.5082 56.1874 7.54822
814 58.042 53.3894 5.75854
815 63.5712 54.3217 7.17773
816 57.8107 55.3779 3.91423
817 92.4632 71.6137 7.61029
818 69.327 57.5024 14.4054
819 72.652 62.1728 13.598
820 88.6532 47.6548 7.99398
821 114.47 55.3344 18.9662
822 59.4955 63.328 7.42774
823 74.824 0.128463 68.2098
824 114.367 35.9113 14.0306
825 114.065 45.7251 45.8249
826 88.1824 61.6242 47.7442
827 35.9675 63.8421 38.7102
828 114.116 53.1226 48.3803
829 55.9986 62.4512 36.2464
830 61.5402 35.9597 31.1383
831 94.024 73.7211 56.6271
832 57.9853 86.8896 26.4515
833 114.265 45.3731 74.8005
834 114.108 1.44656 34.5959
835 65.7495 32.7677 65.8795
836 71.1349 68.1763 29.4853
837 108.042 113.987 23.2673
838 47.7557 41.0039 19.4702
839 71.1648 30.2364 85.9127
840 -0.74278 40.606 83.1611
841 41.05 90.3397 89.1868
842 39.3473 -0.312637 94.4575
843 51.3348 48.7881 87.0796
844 84.054 3.79955 116.253
845 114.214 1.2544 66.5507
846 113.79 69.1765 68.9259
847 114.119 45.303 54.829
848 103.83 51.0909 83.3227
849 114.146 64.4822 50.3493
850 68.8224 -0.708861 68.8468
851 68.7747 45.8436 98.2623
852 102.397 0.0459214 71.4426
853 114.231 80.3353 75.2395
854 114.041 94.5908 48.3691
855 31.1662 72.1119 27.7358
856 114.528 83.2767 36.9264
857 114.279 64.7305 65.0929
858 114.188 68.7292 50.8238
859 45.6437 -0.317708 71.4834
860 89.873 94.1282 92.3473
861 67.9757 43.6052 105.342
862 55.7414 113.791 78.1154
863 114.062 8.00534 79.3705
864 67.1322 0.0670234 86.3519
865 76.3625 50.224 94.7107
866 67.646 0.0687142 48.9469
867 65.0539 68.6316 106.129
868 82.8328 53.9076 109.833
869 75.61 48.9272 104.421
870 90.7925 27.8562 115.613
871 63.5528 65.1917 115.593
872 72.8 66.4215 115.651
873 88.2732 62.2674 104.321
874 81.8879 54.1916 115.854
875 82.6838 55.9405 115.683
876 94.1617 78.6202 0.319622
877 60.4465 73.9715 0.250643
878 80.403 82.6804 -0.11835
879 71.9886 82.2152 0.0558797
880 69.4303 85.78 12.1597
881 61.877 78.3886 -0.197132
882 59.7418 71.3135 0.136115
883 70.0796 74.9404 10.5527
884 62.9456 70.4054 0.117674
885 66.5547 89.1607 7.13041
886 25.7062 86.1817 34.9955
887 43.913 101.585 16.2883
888 94.1471 113.44 25.6207
889 65.8985 113.621 65.4654
890 114.012 76.3807 51.7763
891 84.2615 113.675 17.7919
892 46.7396 49.4585 70.564
893 49.9533 65.0465 24.9969
894 100.163 113.684 45.8232
895 90.7215 58.6064 99.3472
896 106.981 32.8629 34.6205
897 33.8454 55.4686 77.3641
898 55.7712 113.788 52.7342
899 114.012 68.7575 78.5775
900 70.2105 113.849 35.3556
901 56.2113 113.645 55.9943
902 91.8917 113.595 55.8969
903 76.9194 52.4031 67.5542
904 11.4042 113.846 25.2879
905 48.4727 113.144 71.8066
906 51.69 113.602 70.8535
907 113.969 78.5143 55.0429
908 87.3553 61.08 94.8695
909 114.05 28.7914 71.6191
910 93.8158 113.381 68.158
911 97.3998 106.508 115.905
912 106.184 113.993 50.7785
913 24.8135 113.536 56.4749
914 114.145 71.5027 91.3404
915 114.095 31.8799 63.4384
916 -0.705674 64.8078 69.5123
917 55.453 113.979 88.5157
918 37.7921 39.8712 25.4694
919 84.9101 113.222 81.9919
920 -0.561977 10.4179 59.6413
921 114.384 110.872 22.4829
922 90.0985 73.1965 96.8801
923 55.6211 62.0448 100.127
924 59.1031 96.0165 85.0254
925 27.6123 113.646 88.2319
926 15.2021 49.6207 73.6451
927 114.17 57.4524 32.4561
928 92.2503 66.9119 81.2044
929 69.5924 75.5281 95.3157
930 59.7239 89.7735 115.648
931 78.027 68.2223 115.567
932 79.1541 70.3829 100.849
933 79.1471 90.9029 102.763
934 66.9002 76.592 115.391
935 60.6179 101.579 105.52
936 62.79 77.061 103.15
937 69.5526 89.5104 110.676
938 86.163 93.8052 22.0157
939 57.3944 99.6766 9.46944
940 61.2111 96.6943 5.5134
941 78.6341 85.6579 0.0676325
942 67.7825 113.618 45.5785
943 81.1141 113.396 18.9192
944 114.411 110.53 25.9028
945 114.148 57.9265 62.5552
946 27.6298 113.892 7.62854
947 25.7487 113.934 15.1069
948 60.9126 113.523 41.8899
949 81.7716 86.0038 19.7527
950 54.0244 0.00756495 26.302
951 29.0471 113.532 50.9159
952 89.074 113.514 34.116
953 103.139 84.3677 0.453294
954 114.295 104.17 26.6364
955 97.9769 113.449 23.281
956 77.2227 113.471 16.3617
957 114.245 107.959 25.1047
958 25.452 113.768 48.02
959 46.9092 21.259 -0.237743
960 113.827 75.8088 78.5839
961 73.9127 113.583 58.1074
962 114.236 12.9153 50.7058
963 114.49 105.743 14.0873
964 -0.76788 73.1881 66.979
965 55.9601 113.873 43.1147
966 68.5898 113.383 41.5134
967 0.655873 113.17 41.6764
968 79.1036 114.387 23.159
969 -0.585782 85.1578 43.6892
970 113.942 89.6092 93.64
971 76.7716 113.564 82.4417
972 106.202 113.572 30.9016
973 48.432 113.393 81.4343
974 104.596 113.351 56.8336
975 67.8303 113.362 30.4999
976 64.3554 113.324 96.5105
977 75.8618 113.982 68.1453
978 108.985 113.643 94.6566
979 104.644 113.473 94.6447
980 114.026 97.5325 97.23
981 114.228 90.406 89.4835
982 55.7437 113.629 68.298
983 88.0062 113.619 70.8579
984 97.7726 113.621 93.692
985 114.052 103.462 83.4428
986 64.4094 113.355 87.0519
987 73.6487 89.1824 105.789
988 21.7694 113.863 105.933
989 66.1996 76.8821 95.2661
990 44.7358 113.44 104.83
991 63.848 113.499 55.5929
992 65.5265 89.2756 115.63
993 113.882 104.453 102.12
994 71.4605 95.1372 99.1099
995 44.843 113.345 59.1558
996 45.4293 113.394 82.9551
997 100.448 113.811 86.3843
998 76.3992 93.0211 115.81
999 59.7612 113.74 108.48
1000 93.6701 103.566 115.753
1001 64.83 101.195 115.768
1002 88.5654 94.1818 115.484
1003 66.9707 97.5478 115.58
1004 80.5583 113.442 107.09
1005 62.4476 100.557 99.0222
1006 71.7549 95.0987 104.128
1007 69.6462 100.417 110.102
1008 114.338 20.1958 6.38442
1009 101.551 17.9018 2.77163
1010 89.9449 21.0481 11.1772
1011 107.032 0.146039 2.7454
1012 96.0361 0.244204 0.866397
1013 100.179 16.8545 11.7292
1014 93.7958 20.5184 13.6006
1015 114.36 21.8571 24.0345
1016 102.091 19.6779 12.4203
1017 112.654 9.48478 -0.852041
1018 64.0337 -0.20624 16.3303
1019 102.391 15.6864 12.6189
1020 27.1076 -0.248297 7.12666
1021 88.5683 18.0765 12.9766
1022 96.9483 -0.669357 66.5912
1023 57.9791 -0.168045 33.8331
1024 113.163 1.24891 29.4885
1025 71.3362 100.498 31.3208
1026 114.122 47.8705 38.4414
1027 114.231 5.95611 65.5053
1028 114.329 50.8149 35.0069
1029 108.734 -0.999977 33.798
1030 113.939 8.84825 85.0348
1031 87.9892 -0.206337 51.3834
1032 113.97 21.979 48.9673
1033 110.434 -0.237768 69.1709
1034 68.5282 -0.865763 26.3073
1035 102.998 0.0419603 30.1723
1036 114.109 3.17395 39.5822
1037 112.655 -0.884847 56.3378
1038 90.5654 33.0317 89.7712
1039 100.438 -0.508427 41.3877
1040 114.024 47.5876 101.077
1041 114.119 15.0114 99.0152
1042 44.2764 -0.731159 61.4319
1043 94.1385 -0.27527 77.192
1044 113.918 17.9112 113.44
1045 114.158 3.44773 31.8283
1046 114.263 56.4617 106.827
1047 78.6592 -0.0396219 108.211
1048 95.4965 0.240611 91.1947
1049 87.7819 -0.298018 81.9661
1050 35.1799 -0.329055 69.2043
1051 79.7443 -0.260411 84.2135
1052 114.109 59.2314 98.1123
1053 113.98 15.602 107.588
1054 114.227 21.899 74.0516
1055 55.71 -0.201797 51.5353
1056 113.942 28.9361 91.7445
1057 110.227 -0.176454 84.3026
1058 23.3264 -0.565115 101.869
1059 113.932 10.6152 72.5082
1060 114.651 22.7663 2.5197
1061 114.002 36.5666 85.1652
1062 47.0382 -0.0493567 90.592
1063 114.062 17.1233 62.2432
1064 113.912 24.6406 112.697
1065 110.14 -1.22326 40.0609
1066 98.4964 0.227273 105.651
1067 113.855 5.76062 110.727
1068 112.343 4.62946 116.064
1069 101.95 8.16826 103.384
1070 93.2906 38.7575 0.0470041
1071 78.5186 29.3961 0.160617
1072 95.8632 16.3081 10.3533
1073 98.231 50.2812 15.5066
1074 93.32 46.0535 0.264479
1075 98.4947 47.0344 2.78026
1076 114.262 7.64843 21.2395
1077 98.1978 43.891 4.89074
1078 114.626 41.2157 16.9349
1079 114.266 18.2136 35.4687
1080 51.5485 -0.136241 18.7683
1081 89.7871 30.3153 -0.340353
1082 74.1593 -0.125859 16.3732
1083 114.162 71.6316 52.5757
1084 114.154 3.85584 25.2787
1085 114.343 49.9654 31.4828
1086 114.186 80.2646 22.1023
1087 111.92 50.7534 0.0682018
1088 114.042 12.4677 27.8562
1089 114.01 36.7338 42.4707
1090 114.097 6.35673 56.538
1091 114.158 15.7483 92.3292
1092 114.025 36.721 94.9515
1093 57.4678 35.9915 21.283
1094 114.297 43.0802 24.1524
1095 114.467 31.8609 23.239
1096 68.3324 34.3001 16.2756
1097 114.073 5.97488 21.1624
1098 114.112 4.10229 47.7413
1099 114.158 43.162 31.222
1100 37.4689 87.5284 69.1831
1101 114.248 31.0944 34.6734
1102 114.288 43.7941 50.103
1103 113.933 35.9976 71.74
1104 114.027 22.7424 70.002
1105 95.879 -0.182027 86.7596
1106 114.075 78.1212 89.3079
1107 78.8498 18.6714 94.1598
1108 114.497 36.3597 57.6285
1109 114.078 29.0068 43.9606
1110 114.197 29.8609 80.2402
1111 113.842 12.6733 75.8578
1112 114.096 33.7593 40.9614
1113 114.241 27.2095 31.2424
1114 53.9486 0.113144 59.0192
1115 114.322 15.6268 32.2544
1116 113.954 1.33422 86.7735
1117 44.1295 66.5352 62.3983
1118 68.1437 54.7024 88.2866
1119 73.3877 61.552 20.2104
1120 113.934 61.5615 91.0745
1121 113.874 29.0654 111.667
1122 113.107 1.08818 94.7007
1123 103.894 -0.114314 84.4503
1124 56.7982 50.2452 61.747
1125 114.09 38.3482 90.1678
1126 114.093 52.4032 92.5875
1127 89.8118 30.3063 105.122
1128 53.7257 -0.376488 102.124
1129 100.697 41.1855 99.214
1130 108.079 23.2006 115.453
1131 108.598 31.535 115.333
1132 114.158 36.0072 106.843
1133 114.025 39.1185 108.562
1134 102.19 33.3906 115.597
1135 102.073 35.6733 108.898
1136 85.0119 45.4132 105.439
1137 109.266 64.3622 7.14487
1138 114.48 52.0715 4.86002
1139 96.1447 50.2044 0.462577
1140 114.466 47.8241 18.2114
1141 114.19 66.8167 18.119
1142 114.368 73.3132 42.2576
1143 114.217 104.059 29.0849
1144 109.607 66.9985 0.216775
1145 74.9804 86.2721 58.3732
1146 114.274 38.8023 58.507
1147 83.7184 85.2992 0.351939
1148 114.06 10.4644 47.5053
1149 40.1424 19.4915 0.166948
1150 114.488 94.3135 12.3381
1151 113.965 47.8144 33.3047
1152 114.504 87.8178 13.339
1153 114.157 39.264 65.8858
1154 114.094 54.669 55.9166
1155 114.27 41.3947 64.3944
1156 114.291 73.8409 20.8247
1157 113.944 19.7602 50.6824
1158 114.036 46.0442 83.366
1159 114.078 105.985 34.4799
1160 113.905 84.9358 74.4113
1161 113.969 29.05 54.2858
1162 114.287 29.069 16.3295
1163 59.0075 42.2637 73.0988
1164 51.7323 28.9763 76.2138
1165 114.18 76.1747 13.8516
1166 52.0838 93.3587 -0.507833
1167 114.192 50.0729 66.6563
1168 56.8928 103.976 20.8333
1169 91.2455 104.726 82.6325
1170 114.294 59.874 53.4627
1171 113.968 91.9788 61.9382
1172 114.099 62.3737 44.1295
1173 83.0233 0.27428 70.3972
1174 114.547 87.1116 32.3527
1175 114.173 38.395 60.1825
1176 114.228 13.3221 54.2516
1177 113.882 73.9374 76.201
1178 114.146 82.4876 93.6775
1179 62.0893 67.3163 69.066
1180 114.285 71.5842 88.0335
1181 114.102 6.52485 61.3918
1182 114.19 68.8137 101.466
1183 114.234 33.5239 78.4176
1184 77.9103 83.5585 99.879
1185 87.8094 75.5654 115.663
1186 33.7252 47.1942 47.5606
1187 114.027 82.6433 88.2588
1188 114.053 50.4987 103.04
1189 114.057 47.3489 108.763
1190 114.253 66.9402 33.2787
1191 105.057 113.524 99.9415
1192 59.8416 79.6609 44.8088
1193 77.9641 53.3295 76.4072
1194 82.1934 59.0483 81.9704
1195 114.048 61.8184 63.6239
1196 71.7589 -0.00307431 73.8972
1197 74.9272 0.167074 58.1302
1198 102.012 58.4522 100.389
1199 114.226 66.18 47.4854
1200 86.6701 51.3877 101.245
1201 95.8222 66.3695 107.062
1202 96.087 51.1269 115.771
1203 109.002 59.4161 115.641
1204 110.464 68.2948 103.05
1205 101.788 50.2463 106.092
1206 112.677 65.339 115.491
1207 91.2098 91.1934 0.215561
1208 82.3332 78.6405 0.141141
1209 91.6164 90.7472 9.77017
1210 114.386 80.6026 12.729
1211 84.4834 91.9641 18.8767
1212 110.027 91.919 6.7646
1213 94.1115 74.925 0.310438
1214 85.6813 71.1119 11.3588
1215 92.3769 82.086 0.0956782
1216 98.1431 96.1401 0.380165
1217 59.9515 113.855 25.2587
1218 114.375 52.6899 12.9553
1219 98.5676 26.2094 32.5459
1220 100.268 36.6489 -0.116532
1221 114.168 105.936 39.2972
1222 114.313 67.1507 10.8952
1223 64.8715 113.369 28.8545
1224 80.6977 113.189 34.0909
1225 48.7207 55.3322 25.8399
1226 89.0898 113.16 39.3174
1227 104.532 74.986 0.481841
1228 114.14 50.592 45.13
1229 113.063 112.995 9.75981
1230 114.142 71.8843 62.5674
1231 113.834 61.7679 78.6958
1232 114.186 105.685 49.1436
1233 84.1644 113.783 32.8075
1234 112.256 113.614 48.5655
1235 113.996 50.7112 27.213
1236 103.317 114.168 60.791
1237 67.6241 49.4337 43.3989
1238 114.19 88.0364 53.483
1239 114.076 94.9547 35.7488
1240 80.2681 113.631 25.5695
1241 114.291 52.8225 40.9421
1242 114.278 88.1101 101.289
1243 67.5922 58.4776 99.8405
1244 112.346 113.397 45.8862
1245 91.1881 114.054 75.9968
1246 114.106 68.674 93.7244
1247 114.16 75.7311 86.0174
1248 114.179 54.651 28.3976
1249 113.981 99.4797 55.2235
1250 114.288 69.3181 46.7153
1251 112.194 107.888 115.835
1252 72.4768 82.5604 18.0114
1253 114.045 73.6597 67.5141
1254 114.238 74.3106 33.1616
1255 113.989 82.8151 80.7485
1256 114.106 33.8181 85.943
1257 114.027 59.9183 66.0278
1258 114.044 103.708 88.7644
1259 113.903 87.065 70.2453
1260 112.583 113.397 89.7057
1261 114.139 92.0123 51.5263
1262 114.582 84.4764 39.2682
1263 89.5681 71.057 33.9492
1264 113.973 62.1012 56.091
1265 113.798 70.9836 84.6665
1266 108.62 74.0995 103.728
1267 87.7761 68.5093 115.608
1268 114.151 71.134 106.866
1269 91.7007 68.6308 115.514
1270 106.281 82.3636 115.795
1271 114.149 83.2992 107.0
1272 95.9595 79.3461 112.813
1273 84.383 85.0574 104.331
1274 114.076 92.4037 109.962
1275 90.2526 72.0222 103.386
1276 110.924 84.4205 103.314
1277 90.2022 82.7017 115.598
1278 81.193 73.397 115.646
1279 96.2696 78.6878 100.62
1280 104.45 65.859 115.502
1281 114.461 95.1223 23.2417
1282 101.039 113.351 19.0323
1283 108.774 113.588 13.0391
1284 114.436 92.3626 10.1365
1285 91.9479 106.593 15.4001
1286 114.099 87.5677 57.9146
1287 113.883 97.0344 41.7249
1288 65.0233 113.351 31.4318
1289 114.191 105.895 69.2974
1290 77.0843 113.286 34.1071
1291 108.552 86.8656 -0.162111
1292 80.8004 113.287 54.4371
1293 114.096 111.153 42.0025
1294 97.9258 113.615 58.5306
1295 114.259 89.4759 35.848
1296 78.1599 113.874 58.3969
1297 56.8775 113.547 46.7234
1298 114.016 103.373 55.8939
1299 93.2146 99.0909 92.179
1300 114.585 90.2452 16.7027
1301 86.9667 65.7491 18.5213
1302 73.7244 113.526 27.8065
1303 114.029 98.6547 51.9524
1304 114.268 104.105 19.4726
1305 98.0521 113.485 73.4135
1306 92.9015 113.095 54.2944
1307 114.279 89.8624 41.055
1308 113.638 97.0454 74.213
1309 114.214 101.182 47.7814
1310 94.3387 35.714 73.4087
1311 83.7784 113.468 108.608
1312 114.108 84.512 64.1916
1313 114.27 110.606 38.6899
1314 96.3007 113.378 15.8042
1315 114.335 59.2857 37.3053
1316 85.8277 113.875 63.4729
1317 114.028 99.5392 98.1004
1318 92.4082 113.828 43.4457
1319 13.1869 66.8045 15.7161
1320 92.963 113.222 87.1579
1321 113.733 101.32 72.9114
1322 88.5642 45.4607 97.7672
1323 114.153 66.5902 55.1028
1324 91.5829 113.855 78.401
1325 88.8655 113.454 46.822
1326 114.128 73.4798 95.3051
1327 114.114 105.951 59.4755
1328 98.5242 86.9106 107.02
1329 36.4233 113.295 89.4483
1330 114.051 73.3782 57.5583
1331 113.835 101.405 100.364
1332 112.623 113.79 103.041
1333 97.9951 108.543 99.7853
1334 106.007 100.547 105.358
1335 97.9435 89.9053 100.439
1336 113.829 103.852 113.821
1337 114.356 97.443 104.772
1338 112.646 113.611 112.641
1339 92.9565 110.747 106.457
1340 113.958 104.559 107.182
1341 90.2096 100.069 96.0701
