0 11.2207 13.3835 -0.761166
1 2.78476 0.0561951 10.0132
2 -0.640337 36.2994 21.8914
3 18.548 -0.10044 9.72039
4 25.6662 -0.239793 1.10871
5 7.84911 12.7572 -0.281551
6 -0.511954 13.1346 10.8055
7 11.9084 8.89745 6.83291
8 11.1612 2.02142 -0.317316
9 -0.677519 15.5187 1.93727
10 55.9259 0.00473517 21.7378
11 67.9284 78.6316 0.0942156
12 -0.0931312 1.5753 42.2738
13 15.538 0.441301 73.6273
14 -0.238087 69.4761 94.8669
15 86.0084 0.332715 34.9284
16 47.8658 0.433879 60.9278
17 38.7768 0.650746 67.937
18 50.9417 0.791723 33.6584
19 74.4496 0.734857 36.571
20 -0.114117 2.09147 92.8893
21 31.5219 -0.244447 10.8095
22 -0.149775 3.21635 4.33833
23 71.9414 0.492748 32.3606
24 60.3919 110.411 -0.175414
25 113.206 7.0633 61.0236
26 0.119792 73.2066 50.9686
27 113.442 27.2082 78.6928
28 -0.4825 52.9651 7.74614
29 -0.046919 4.06132 61.4192
30 0.43177 110.818 50.7347
31 73.9497 -0.167028 102.799
32 47.9004 0.53314 56.0042
33 54.5446 0.98113 46.6784
34 -0.828707 59.5692 100.97
35 63.5319 0.315494 69.0228
36 -0.00360982 45.5994 77.2666
37 86.5429 0.826458 78.5836
38 113.381 18.5637 83.7356
39 -0.65557 8.27872 99.7476
40 13.6189 0.0620397 39.6731
41 0.0665537 54.8903 63.0997
42 113.545 96.6382 97.0588
43 61.8962 0.0869838 29.7711
44 26.0927 0.400546 42.4107
45 25.9626 1.6637 120.132
46 -0.130997 13.581 89.5874
47 -0.171348 6.88185 60.8522
48 1.02349 14.0759 118.324
49 29.6067 20.4467 111.278
50 21.0252 4.38582 107.173
51 10.7623 0.69859 88.6337
52 -0.704351 78.6094 1.96941
53 3.4471 0.177801 82.235
54 91.4946 0.0888717 90.0917
55 74.5933 0.274951 96.7844
56 -0.801287 5.79271 117.09
57 9.34917 23.2626 106.591
58 17.5915 -0.135042 92.5547
59 21.1157 -0.119728 63.6561
60 7.24797 4.19183 107.314
61 14.1409 0.270837 117.041
62 33.2342 16.1781 119.294
63 16.5898 9.19368 118.816
64 2.48555 0.147217 116.525
65 5.76311 5.11002 111.153
66 21.4677 44.7109 6.81062
67 22.1607 30.6911 16.0097
68 30.1706 39.4466 11.3251
69 -0.647554 45.592 12.0058
70 27.8999 22.6233 12.2931
71 6.94716 57.3189 -0.0408418
72 27.3126 37.1615 -0.0628974
73 8.37819 45.9074 0.0336879
74 33.1147 38.1773 -0.635102
75 -0.0829802 27.5396 45.4767
76 7.79914 2.70139 -1.07161
77 3.81214 29.5945 11.9145
78 -0.612818 80.2878 14.4707
79 25.9586 -0.0545886 18.7833
80 0.0341091 36.0689 58.0339
81 -0.628389 90.0084 16.2006
82 -0.732762 2.96606 98.1165
83 -0.315657 20.0837 18.7489
84 0.0660447 55.2029 29.1038
85 -0.85099 46.0697 109.93
86 95.6578 112.921 57.5859
87 -0.823156 73.6496 5.77739
88 59.6821 0.465957 69.1969
89 0.0383633 48.4068 52.9011
90 67.5476 0.601098 55.7419
91 113.434 3.96578 85.071
92 0.208815 43.7581 85.4497
93 35.6705 -0.0420721 16.5374
94 65.8813 5.00694 -0.103883
95 11.7123 0.46715 71.3191
96 41.7422 0.723825 57.9967
97 0.103434 32.0271 36.3829
98 0.192762 25.1228 28.4293
99 -0.124265 48.4582 68.7758
100 114.08 110.623 105.102
101 91.957 -0.244602 8.71762
102 1.40534 0.072727 16.3669
103 0.0434472 84.8973 63.7621
104 -0.816271 31.2578 6.94252
105 0.286507 25.3368 59.831
106 53.4458 68.5478 -0.176123
107 113.629 39.2117 63.2301
108 114.599 19.5969 10.6814
109 1.74833 -0.879671 72.1142
110 -0.837658 52.2766 111.438
111 96.7315 24.2754 119.078
112 59.6839 0.0185276 87.3489
113 -0.764806 38.8865 107.303
114 0.00520095 20.356 42.2092
115 -0.0358469 70.731 71.3624
116 -0.286758 53.1449 94.0756
117 -0.198828 110.175 83.774
118 30.4526 1.00647 72.9571
119 -0.10623 10.9498 66.7007
120 19.9807 26.6289 107.237
121 -0.557502 17.8432 114.247
122 11.0018 0.711161 36.4047
123 -0.432542 20.4615 97.447
124 -0.417977 21.7072 29.4061
125 25.1523 36.8143 119.2
126 29.4076 40.6861 119.411
127 9.40669 41.6405 106.123
128 7.31816 34.6025 103.151
129 13.1248 44.6192 106.221
130 10.0657 34.6525 119.295
131 13.1285 43.8557 119.234
132 33.1902 27.4504 103.481
133 21.9312 40.0795 103.93
134 17.5267 69.4397 6.71225
135 2.1237 63.0464 -0.215717
136 33.8434 68.4127 2.05338
137 17.671 54.1151 12.1949
138 5.39631 59.5715 8.60608
139 -0.367515 82.7386 7.8549
140 19.5764 55.3446 11.4427
141 0.00994743 50.651 56.4154
142 0.0612271 64.3894 59.127
143 111.508 -0.181702 19.8758
144 0.0161711 52.371 82.8144
145 -0.374992 61.4497 20.5479
146 27.6098 75.1061 12.6468
147 113.543 110.369 84.8847
148 -0.132281 41.4922 69.1795
149 -0.0615057 61.6572 59.8025
150 0.0158366 54.3774 39.097
151 -0.249385 47.8525 83.7122
152 -0.0499891 66.7625 65.1925
153 0.054516 59.0712 38.1967
154 -0.305373 48.2197 13.4505
155 9.97419 113.212 38.8119
156 3.58563 61.791 119.797
157 -0.449994 78.1492 22.5532
158 -0.212421 57.5931 25.4344
159 -0.207703 91.9246 74.8358
160 -0.0484001 34.6092 68.8102
161 31.5932 113.218 86.5565
162 -0.472008 9.34144 90.4122
163 -0.56019 61.4544 12.6497
164 -0.734408 19.4913 2.32734
165 53.3644 112.903 75.952
166 7.54465 61.6293 -0.277688
167 -0.736118 108.206 103.845
168 0.0443764 32.3261 65.2393
169 0.174109 4.00112 71.6418
170 0.181981 71.2532 118.33
171 92.0166 113.442 23.4922
172 113.841 33.43 26.1606
173 -0.802133 39.0565 12.9843
174 -0.134344 72.9127 64.399
175 0.0184615 90.3524 47.8269
176 0.0692285 6.84955 84.3427
177 1.47784e-04 99.2079 56.5303
178 10.6185 0.44211 31.1345
179 0.108979 2.00473 71.8225
180 0.163132 39.5647 49.4785
181 -0.361635 91.8859 94.8401
182 -0.565866 87.622 14.5349
183 113.583 89.4279 70.7162
184 0.126079 73.8049 46.7053
185 -0.15563 73.7435 78.4008
186 4.93963 56.3343 112.913
187 2.74226 90.5767 -0.786157
188 57.4177 113.479 104.792
189 3.73388 66.7039 111.466
190 10.8141 44.8796 113.047
191 0.901979 67.8726 119.642
192 12.8728 58.4531 118.952
193 14.703 68.2593 119.416
194 -0.762248 59.9592 112.147
195 10.1367 56.0486 119.049
196 20.9769 50.591 111.904
197 33.4828 55.586 103.82
198 22.1307 62.7952 119.231
199 12.904 70.921 8.58058
200 6.98189 81.4322 8.47582
201 30.4775 93.229 7.96242
202 15.249 71.9787 7.5905
203 24.2387 75.9481 5.80439
204 18.288 84.3169 7.76951
205 2.74623 76.551 -0.804253
206 23.9571 80.0667 -0.731408
207 5.61289 71.9563 -0.0415502
208 16.1475 73.8451 -0.0643529
209 20.0113 112.974 49.4256
210 0.220746 96.129 52.0352
211 27.2556 113.197 83.5129
212 -0.133054 6.22384 86.0189
213 37.6479 113.743 15.2196
214 59.6728 113.608 36.3473
215 0.0281567 94.796 31.3285
216 69.8257 0.381595 42.6828
217 0.123819 64.4149 51.2313
218 -0.0337017 66.3 75.0785
219 -0.0678639 80.3016 32.7968
220 0.00474386 61.8815 37.7293
221 53.4856 112.824 78.3363
222 81.9945 113.854 12.7019
223 29.0229 112.541 55.7098
224 0.493954 112.893 1.33729
225 -0.284099 103.982 40.1009
226 48.6228 112.739 87.524
227 -0.0309648 88.3262 62.4578
228 87.1848 0.689843 31.2279
229 70.0669 113.664 10.3088
230 58.6833 0.248474 117.338
231 -0.632531 57.4216 12.1225
232 46.6955 69.9382 119.637
233 15.9198 113.155 25.9937
234 -0.105175 85.1056 74.5965
235 75.6292 0.68601 61.1701
236 0.223373 50.0199 37.0425
237 0.0456748 75.9695 58.3638
238 28.4642 113.363 105.79
239 -0.629359 92.5954 100.867
240 -0.477396 55.0218 15.9615
241 -0.619407 78.4093 17.3707
242 0.0532112 49.8734 61.0001
243 -0.636291 68.7456 101.609
244 28.7375 113.193 118.438
245 -0.674156 23.8436 7.03979
246 0.0395206 73.275 24.997
247 88.6408 112.458 74.3181
248 45.6251 112.908 88.5786
249 25.1296 109.063 0.189482
250 -0.35505 62.227 94.6086
251 1.2168 107.249 119.224
252 84.8322 112.494 58.6167
253 113.489 41.039 52.6839
254 66.7788 0.564223 83.2672
255 -0.759457 31.3032 14.2981
256 112.198 112.937 74.7875
257 48.8623 112.688 48.0507
258 -0.259395 38.724 82.3011
259 -0.162247 90.2149 89.7437
260 0.00250564 98.6921 71.5891
261 58.5853 -0.00625394 99.6769
262 -0.779344 62.3046 107.748
263 -0.210342 23.2233 82.6123
264 -0.787359 34.3253 102.802
265 95.6996 68.4562 119.756
266 -0.00620022 68.117 70.2547
267 -0.181807 87.9007 91.506
268 45.5446 109.581 120.188
269 0.0645397 71.1526 74.7692
270 -0.914248 15.622 106.202
271 5.97586 83.8266 119.095
272 16.8696 70.8914 110.512
273 2.56147 70.8448 119.884
274 -1.1909 82.7544 109.582
275 23.7826 69.1554 105.549
276 31.3694 81.8374 104.786
277 26.8785 91.4452 120.023
278 24.3304 113.238 1.30759
279 16.43 101.685 2.64588
280 9.90979 99.9673 -0.0113635
281 13.6462 99.9857 14.9318
282 17.604 113.702 10.2285
283 2.73323 97.6836 -0.601264
284 -0.102254 15.5652 44.9828
285 -0.683722 26.5261 2.57216
286 1.46599 113.634 99.004
287 13.4415 36.4925 -0.0384111
288 56.9449 113.125 24.3037
289 3.24694 83.371 -0.624584
290 113.234 45.1532 67.2928
291 33.6063 113.213 31.147
292 49.1322 113.139 40.0914
293 -0.121862 52.1009 32.9174
294 -0.619038 87.3367 100.887
295 113.693 106.502 23.0547
296 113.509 110.913 30.2737
297 0.30496 107.783 30.6235
298 43.7074 113.48 23.2508
299 -0.446014 17.1219 95.6546
300 113.609 99.228 38.6569
301 0.819079 113.154 11.3112
302 95.8915 112.876 52.317
303 -0.23011 92.3046 85.3472
304 -0.100047 89.2549 26.0771
305 100.763 112.891 92.8556
306 -0.236747 66.898 31.5219
307 0.454818 105.946 35.7011
308 20.0995 113.084 70.5225
309 57.6551 113.257 38.9733
310 -0.0832701 101.147 52.6484
311 23.569 -0.465176 6.24746
312 57.5068 113.071 91.6692
313 31.7374 113.58 31.1615
314 46.7818 0.884976 36.266
315 14.8248 113.682 91.7208
316 25.6156 113.437 28.1643
317 1.07458 113.002 87.4488
318 -0.271456 75.9942 89.354
319 84.0065 113.109 26.3032
320 15.3289 113.568 104.788
321 -0.0831388 13.5409 64.7986
322 10.5956 113.825 91.6593
323 32.3589 113.093 118.413
324 5.43566 98.0407 119.176
325 4.27185 113.206 62.5783
326 -0.626027 94.711 5.55821
327 25.5042 75.5423 119.284
328 27.8108 112.765 70.3705
329 -0.311056 108.256 95.9759
330 84.0223 113.6 107.472
331 -1.07688 81.3571 112.186
332 -1.01924 31.5397 105.43
333 74.0109 106.955 119.881
334 -0.52559 48.2771 102.953
335 -0.0403019 105.779 84.6483
336 0.00984801 45.5329 58.9368
337 -0.490251 66.1793 95.6784
338 25.3669 113.534 114.743
339 24.7188 100.986 119.273
340 -0.859041 104.292 113.418
341 7.61021 92.1502 103.096
342 1.62481 114.248 109.677
343 39.6777 13.0126 9.44338
344 20.1705 6.17723 13.4549
345 35.6987 12.4205 7.51613
346 41.1054 17.922 -0.0830328
347 51.4668 -0.114843 3.75882
348 37.5934 14.103 8.79625
349 35.9273 12.0643 0.09802
350 33.4544 15.0265 10.8156
351 34.8847 18.6952 8.89801
352 63.7604 0.290196 24.1544
353 5.88913 14.5708 -0.227772
354 11.4641 0.313488 92.1462
355 -0.179603 17.4825 35.6005
356 -0.0576514 46.0922 39.1
357 113.89 3.5435 22.4135
358 70.6815 0.75516 49.1276
359 55.4879 0.00292159 100.462
360 45.5188 0.204063 74.3042
361 70.034 0.331278 37.3891
362 -0.194234 33.9359 28.5135
363 -0.30189 9.00349 30.138
364 10.3297 27.9245 119.183
365 27.8143 -0.605449 8.71114
366 62.8529 0.200754 96.5741
367 113.396 25.4567 63.179
368 0.274609 76.174 63.3959
369 -0.210618 38.3604 85.1019
370 19.5618 0.376556 86.9258
371 113.842 26.8271 112.04
372 -0.595671 52.4556 12.0548
373 83.5557 61.3818 119.319
374 111.707 113.105 81.2178
375 114.211 88.6664 107.709
376 35.2475 0.200486 92.4663
377 93.7483 0.34996 79.3921
378 -0.565099 28.9716 3.68965
379 29.9721 56.0008 119.374
380 -0.0606834 20.7557 66.1479
381 87.665 -0.172633 97.529
382 26.4126 0.703806 54.7467
383 17.4314 0.466096 76.6476
384 60.0392 113.912 12.5429
385 101.099 -0.717698 105.457
386 53.7402 -0.0528054 95.2945
387 76.5383 38.3916 119.448
388 -0.113944 6.90041 44.8686
389 89.8212 112.933 49.8948
390 45.5683 21.552 100.123
391 49.6622 -0.0776185 115.853
392 71.7155 0.123749 92.3915
393 53.4005 15.7642 119.329
394 27.0177 12.6089 119.162
395 45.3099 25.1143 110.167
396 53.4307 26.2763 104.568
397 33.9009 1.76827 119.702
398 46.5502 2.11502 120.097
399 47.3375 11.6466 100.002
400 56.4495 10.4846 119.258
401 46.1615 23.3243 115.159
402 34.03 29.8146 -0.164418
403 31.8599 42.8591 13.5065
404 32.7409 45.7986 -0.0988938
405 54.5516 35.8954 0.244355
406 55.7625 40.1094 -0.00656167
407 37.618 31.3077 16.4739
408 31.6163 41.4667 4.0327
409 46.5863 32.9978 14.164
410 32.4538 31.9843 -0.161226
411 59.6478 50.7989 0.126604
412 43.7229 47.904 4.7316
413 40.7767 48.2258 6.01331
414 -0.11095 3.55118 35.3353
415 13.0285 51.3071 119.072
416 113.499 36.8993 48.6912
417 113.731 105.275 29.9954
418 -0.298688 69.0311 58.1619
419 34.938 0.440757 96.7737
420 0.0756156 26.6077 36.282
421 0.00772037 36.802 45.9877
422 32.8466 113.421 19.2713
423 -0.669696 41.2723 105.404
424 -0.0292235 71.4065 82.5844
425 0.117784 23.2102 64.2455
426 -0.242839 25.0729 96.6784
427 113.514 63.985 82.1804
428 113.455 71.3622 51.5106
429 18.0237 0.473678 50.4906
430 8.18907 0.130221 53.0465
431 113.579 73.2369 72.617
432 0.0227416 30.1662 56.4145
433 51.3771 113.33 86.459
434 91.5119 19.6166 119.096
435 -0.0884381 36.2929 79.2806
436 104.855 1.07216 118.403
437 51.8713 -0.109792 13.8116
438 99.6707 0.306427 74.0281
439 114.066 71.459 15.0537
440 45.6675 45.1783 32.428
441 21.9331 0.310623 26.8702
442 -0.094661 18.233 54.4532
443 0.0425927 96.1795 78.1703
444 107.819 0.704753 71.4654
445 -0.76393 42.9075 105.337
446 31.6496 66.3567 119.179
447 0.079386 40.6124 62.4307
448 60.385 112.595 84.5986
449 113.541 19.9834 39.2054
450 45.0433 101.177 119.559
451 0.0790947 23.2224 74.5594
452 0.0650417 77.8446 29.1051
453 77.3632 0.114709 82.1661
454 -0.846501 8.29758 115.478
455 77.639 112.81 57.4036
456 85.8186 113.583 105.125
457 92.1657 113.154 18.2392
458 -0.0574836 28.6216 63.128
459 -0.381259 15.7008 19.7422
460 58.5609 0.822787 57.317
461 9.37893 0.345417 94.9547
462 113.179 16.4789 53.9425
463 113.518 75.3577 34.0081
464 89.6622 0.582159 45.447
465 0.569538 38.316 118.875
466 113.244 46.3726 62.9159
467 35.3877 24.508 110.845
468 55.8913 0.176054 66.3537
469 106.538 61.3076 119.488
470 22.2695 49.3385 104.616
471 63.7662 34.2855 115.835
472 43.3049 31.3859 110.643
473 45.2828 39.2171 107.5
474 29.5254 26.5536 119.412
475 45.4503 26.5418 119.326
476 42.0462 35.2457 119.564
477 45.2435 39.0919 105.103
478 48.3501 31.2289 119.279
479 38.0184 56.1509 119.63
480 34.5544 63.2104 -0.199421
481 40.0098 59.3522 16.7744
482 56.3097 67.1636 3.11714
483 45.6879 44.2061 17.1559
484 -0.504559 111.577 103.259
485 0.0622261 29.0163 71.3253
486 39.6111 0.535692 50.2238
487 -0.515123 85.054 11.2456
488 0.0724749 107.859 77.4316
489 -0.0762358 75.1781 81.0086
490 -0.617789 103.579 7.83238
491 60.2315 113.041 45.5373
492 113.906 66.6616 21.0688
493 114.195 36.7609 20.222
494 -0.324651 43.6226 80.1668
495 -0.427126 69.32 16.414
496 2.71384 14.882 119.765
497 57.8257 113.113 52.0333
498 61.8891 0.424407 40.1574
499 25.9269 113.036 36.2277
500 113.486 15.107 95.0575
501 47.7166 113.383 28.5455
502 41.8042 0.325268 26.8375
503 11.4893 113.535 99.0023
504 4.51241 -0.264146 39.8121
505 -0.25815 45.3338 27.6091
506 71.3931 0.446256 66.4437
507 114.161 78.7145 106.579
508 113.527 22.1755 29.6749
509 22.2874 114.182 107.285
510 -0.690948 71.5777 9.3087
511 1.72295 112.851 47.1231
512 78.15 114.272 107.207
513 85.311 0.359044 66.5382
514 113.141 50.2532 71.5286
515 93.1854 -0.545914 24.3882
516 114.044 1.40887 105.034
517 -0.472685 99.0989 85.8431
518 -0.174357 57.9139 72.1385
519 114.088 31.8559 110.08
520 13.9742 113.077 59.8692
521 -0.396536 33.8415 96.7601
522 5.69314 0.128482 18.9172
523 37.5576 113.085 34.1568
524 49.8038 0.447191 63.3969
525 70.0591 -0.221817 13.9871
526 39.2928 54.2282 111.858
527 0.0111763 32.5621 46.8728
528 55.7331 0.384733 84.3992
529 109.721 112.655 94.7881
530 112.944 59.3108 119.329
531 27.1789 64.7329 119.605
532 29.2889 65.0077 109.183
533 63.1649 48.9529 99.039
534 39.21 54.1712 114.174
535 41.5483 61.4577 116.942
536 62.1853 61.1855 114.162
537 37.8894 71.6385 -0.042079
538 47.1272 84.5133 0.042764
539 28.0859 71.3385 19.318
540 51.1236 63.4077 -0.150653
541 42.6521 95.9386 14.0857
542 28.3144 80.9425 -0.14117
543 31.5131 71.6399 -0.356557
544 -0.714992 66.9806 12.9864
545 1.97081 113.213 83.549
546 51.3917 112.384 -0.135038
547 -0.648612 110.802 13.1296
548 113.387 87.0315 83.1501
549 -0.482739 78.527 92.8318
550 47.5005 81.2117 8.43623
551 0.188645 107.713 61.9865
552 83.7328 112.844 33.9353
553 31.8366 113.066 57.4847
554 89.7715 113.179 39.128
555 19.9116 96.4142 -0.289836
556 -0.382986 101.948 96.8712
557 -0.337414 60.8432 83.4426
558 87.4787 113.319 52.6696
559 -0.326749 80.7268 81.2493
560 60.0005 113.469 20.6763
561 113.702 93.9396 46.3882
562 -0.571782 94.9525 96.8238
563 113.608 7.0521 48.2149
564 -0.0126371 22.3494 52.8062
565 113.802 0.57253 8.60096
566 40.6655 112.61 71.8914
567 0.114658 110.553 56.129
568 -0.664631 22.0808 107.617
569 -0.293384 8.64564 34.7732
570 0.174828 4.71893 52.0351
571 23.6528 112.979 86.3555
572 113.348 94.1891 65.6359
573 85.7166 113.105 26.3082
574 0.00856765 70.8414 47.7152
575 63.4329 113.055 72.9549
576 36.8536 113.263 106.084
577 -0.711541 43.4714 2.19068
578 -0.607077 55.3067 3.5886
579 -0.341802 86.5546 1.74229
580 114.037 89.5689 112.524
581 22.2288 112.172 -0.335539
582 24.557 112.628 71.6254
583 84.5531 112.596 71.7898
584 100.542 112.657 66.5725
585 -0.736288 101.799 99.5225
586 29.3717 113.259 99.4405
587 113.467 85.6008 98.6919
588 51.6199 113.495 25.9871
589 14.7092 0.821827 44.1595
590 113.538 20.6768 71.7332
591 -0.772431 73.2595 4.18327
592 53.3046 113.459 18.2381
593 -0.674037 53.3153 101.852
594 113.733 54.3968 36.6442
595 -0.0677214 12.7336 31.0316
596 -0.224335 31.8046 20.5737
597 55.7893 113.173 60.0959
598 -0.128702 46.2389 94.1635
599 11.9694 113.148 62.7946
600 0.037624 58.8919 56.5755
601 58.1781 84.3231 102.272
602 0.0887284 27.725 84.3412
603 65.8732 0.0282278 95.0201
604 37.8739 83.3434 69.4044
605 -0.268852 103.284 72.8847
606 35.6926 113.585 109.928
607 -0.0541108 89.9027 81.8123
608 103.716 113.254 88.9931
609 30.0684 88.9557 103.983
610 47.3792 85.7023 114.373
611 59.2395 75.7071 119.426
612 49.6593 83.702 119.177
613 27.9053 68.6232 109.785
614 43.4249 88.2475 115.151
615 50.2535 77.3197 119.651
616 38.1898 104.853 -0.412854
617 44.7958 113.237 1.19716
618 57.1233 113.418 1.28345
619 28.79 111.037 8.21578
620 52.1067 113.622 2.62303
621 37.7451 109.079 11.0752
622 54.8763 105.144 19.9181
623 34.953 98.1784 12.3166
624 49.0764 90.05 13.4214
625 39.0977 112.498 0.140791
626 47.5156 103.174 19.3639
627 -0.867923 24.8661 12.8777
628 26.2756 98.1493 -0.593609
629 1.09997 112.763 76.9186
630 1.63834 112.907 54.5995
631 23.9985 88.0353 -0.149801
632 64.4558 112.639 61.1028
633 93.4097 112.854 24.5742
634 97.7006 113.324 68.1382
635 46.5192 30.1476 0.0581019
636 101.437 113.104 78.7696
637 2.03653 113.143 70.4748
638 0.131486 101.406 78.2112
639 111.91 113.081 83.9615
640 56.1205 112.802 63.5337
641 4.87959 112.61 37.6881
642 45.3435 113.476 94.2086
643 31.952 112.948 49.3585
644 -0.239584 13.5363 29.1497
645 98.3003 113.517 8.10701
646 11.427 113.545 17.9969
647 23.7829 113.392 81.0578
648 0.132266 94.7208 65.3545
649 -0.241601 92.175 69.7027
650 63.9903 113.617 20.5984
651 23.089 113.609 75.6172
652 111.733 113.634 115.007
653 12.7108 112.652 71.5501
654 1.48022 113.44 94.0624
655 4.53151 113.138 105.672
656 78.0152 113.48 18.3012
657 41.5194 112.787 83.9008
658 65.5882 112.883 78.4491
659 53.1399 113.076 88.9443
660 47.9492 112.981 83.6812
661 69.5427 110.129 119.818
662 1.1043 112.737 74.4362
663 5.80891 113.325 88.7717
664 41.5613 112.758 78.3709
665 -0.0707709 87.01 43.2586
666 19.2788 113.274 99.333
667 32.8463 112.583 53.2001
668 36.0868 113.007 93.4029
669 53.4494 112.901 73.2421
670 -0.291876 43.9588 90.4639
671 35.7684 113.489 23.3133
672 17.465 113.374 96.7914
673 -0.454872 27.6327 102.762
674 37.5389 92.8412 112.104
675 -1.00283 5.8699 106.905
676 17.1833 112.611 47.6322
677 5.00975 23.3709 119.132
678 100.788 112.653 50.9147
679 23.7601 112.934 89.1929
680 45.0847 92.7676 119.452
681 52.6519 94.7111 104.671
682 47.5335 112.586 119.947
683 37.411 93.1988 119.249
684 48.9872 113.259 115.73
685 33.4278 113.895 104.961
686 25.2489 113.659 105.008
687 35.5206 113.477 117.11
688 51.6777 103.305 116.99
689 53.1787 99.7448 119.666
690 53.4034 113.514 109.67
691 66.2615 9.02618 -0.0184502
692 62.6718 14.6087 0.246266
693 82.985 5.06469 9.15934
694 78.0561 20.8802 13.9276
695 64.9998 18.1188 -0.234678
696 57.47 24.9741 17.9042
697 0.202619 68.629 41.9144
698 26.0505 0.530758 47.9382
699 50.4301 23.4172 13.1222
700 1.04883 1.85752 67.2934
701 90.1517 0.24567 21.7512
702 -0.394093 27.1886 21.5761
703 22.3508 0.813168 41.9674
704 -0.0536914 13.0045 41.5141
705 91.9148 -0.0794254 1.24309
706 83.6726 0.395168 69.1914
707 113.494 50.5891 98.8155
708 88.429 -0.025019 76.748
709 63.8392 0.433979 37.4597
710 -0.516449 39.1369 99.6194
711 113.353 6.42104 62.5979
712 89.6403 0.395002 63.7939
713 113.441 13.495 70.9621
714 28.5417 113.03 24.4277
715 110.862 91.1343 0.638839
716 4.03048 -0.750579 74.7605
717 113.531 4.11099 61.8946
718 53.4945 113.224 26.9848
719 -0.495684 6.5596 18.6878
720 113.615 98.9947 100.85
721 107.839 0.179539 100.08
722 89.7676 0.35555 40.0822
723 44.1183 0.133422 42.4413
724 109.021 -1.14433 95.7769
725 85.5575 -0.553295 113.168
726 113.552 57.1403 52.9826
727 93.7315 0.364006 74.2695
728 -0.623683 24.2122 103.595
729 1.01447 34.886 118.3
730 46.6555 0.784543 67.9179
731 55.4887 113.615 104.703
732 101.856 -0.118451 102.779
733 85.4964 8.49929 119.605
734 87.9739 10.5979 100.695
735 70.8301 7.08164 119.453
736 85.2452 24.7892 119.75
737 64.7447 19.985 100.482
738 60.4211 3.68933 112.11
739 81.9017 8.49605 109.831
740 73.6604 23.0371 119.633
741 67.3089 19.8248 119.383
742 67.7283 12.168 116.98
743 84.9373 12.4078 119.943
744 59.507 -0.524069 108.313
745 81.8904 12.8764 119.549
746 61.8445 -0.624321 105.938
747 61.4689 15.8422 119.443
748 72.9437 31.9774 0.0537296
749 80.5817 47.2713 0.162895
750 81.7552 40.7153 0.108477
751 82.1777 34.9981 18.8892
752 70.3015 37.0881 -0.0924752
753 61.7281 26.8132 -0.157155
754 34.4245 0.441598 31.059
755 -0.0162145 89.1007 54.6571
756 25.8083 0.435262 71.5571
757 -0.35092 20.5441 100.116
758 66.6244 16.7034 11.0282
759 113.901 66.9807 99.8231
760 113.937 15.8088 101.438
761 113.288 39.3172 57.5965
762 111.702 0.382036 60.8914
763 6.95534 0.750276 54.8028
764 6.29856 0.252232 23.6175
765 -0.0213429 47.6607 33.7166
766 0.188618 94.4474 44.1595
767 73.957 0.456827 55.7284
768 47.533 41.5942 -0.548338
769 113.467 68.5773 88.9997
770 113.338 20.7021 53.2967
771 113.357 31.5509 95.9646
772 42.7471 0.836743 33.4635
773 113.386 110.68 74.6905
774 -0.00902703 31.7226 61.729
775 0.109806 15.5799 55.3221
776 113.395 9.74742 64.5282
777 113.391 32.2753 78.3915
778 101.594 0.34815 87.0528
779 113.869 80.5455 103.94
780 114.716 42.8563 11.5836
781 8.88343 113.313 115.436
782 114.252 75.6303 110.024
783 34.4838 0.69968 78.339
784 37.7257 84.9528 119.857
785 114.322 20.8121 113.074
786 108.782 113.564 114.038
787 2.65066 0.402305 77.5759
788 113.577 40.8623 49.6554
789 -0.216591 56.7492 81.9372
790 18.6447 0.482261 20.4241
791 113.38 23.0802 56.7277
792 113.695 24.8725 99.1092
793 10.9008 0.00672991 109.645
794 0.0530819 94.4158 36.495
795 -0.190522 66.1308 77.7362
796 69.2305 113.049 86.4787
797 111.679 54.3317 119.335
798 34.2211 0.0415132 101.662
799 42.5356 0.460565 17.9349
800 72.0481 55.1335 110.832
801 2.78134 0.73749 93.4263
802 114.116 64.7567 111.646
803 113.426 15.3782 97.6413
804 57.3958 43.9654 119.503
805 67.2702 26.4694 119.256
806 61.553 23.0834 109.317
807 67.5571 24.9013 113.008
808 61.517 39.1837 107.779
809 88.618 38.3357 119.443
810 84.8747 47.4462 0.217272
811 81.0453 74.1786 0.180598
812 56.0071 54.3062 -0.0916543
813 58.5082 56.1874 7.54822
814 58.042 53.3894 5.75854
815 63.5712 54.3217 7.17773
816 57.8107 55.3779 3.91423
817 92.4632 71.6137 7.61029
818 69.327 57.5024 14.4054
819 72.652 62.1728 13.598
820 88.6532 47.6548 7.99398
821 114.374 61.6402 8.09577
822 59.5425 63.4114 7.66862
823 112.48 -0.403891 24.528
824 101.924 110.008 120.152
825 114.008 47.9272 107.686
826 51.4327 113.526 23.3598
827 64.9461 113.448 3.80889
828 113.41 17.7325 64.4495
829 50.795 114.203 9.96843
830 114.503 98.4541 4.21812
831 114.029 19.5113 21.1194
832 40.5573 112.609 81.8782
833 106.763 0.836401 67.7397
834 94.7032 0.716837 57.0392
835 48.9657 43.032 71.512
836 88.0747 62.2257 45.3722
837 113.274 103.104 52.6436
838 75.2942 5.24986 119.22
839 18.5102 0.18266 104.147
840 0.0467655 3.83344 82.4241
841 0.360736 83.2749 58.2152
842 37.6038 26.6265 119.367
843 113.704 73.2423 56.7328
844 79.8262 113.639 107.423
845 113.51 2.42556 77.6629
846 113.763 41.526 87.6548
847 113.88 77.8485 19.2238
848 113.992 33.9567 105.307
849 109.744 64.4098 -0.258941
850 54.5203 -0.185355 104.185
851 95.5886 112.727 0.337432
852 77.7887 0.257677 92.3003
853 113.439 34.7192 61.0471
854 113.422 66.4804 64.4865
855 5.58214 112.819 70.2933
856 114.205 94.5546 18.5017
857 113.54 108.767 91.966
858 113.311 48.3547 56.0491
859 113.521 4.41286 99.2079
860 113.672 107.745 78.0422
861 67.9476 43.6394 109.306
862 108.541 112.764 69.1975
863 105.445 0.321903 84.4162
864 113.48 6.62259 76.0091
865 76.3625 50.224 98.618
866 99.7327 0.455605 42.9624
867 65.0539 68.6316 110.036
868 82.8328 53.9076 113.741
869 75.61 48.9272 108.328
870 90.7925 27.8562 119.52
871 63.5528 65.1917 119.5
872 72.8 66.4215 119.558
873 88.2732 62.2674 108.229
874 81.8879 54.1916 119.762
875 82.6838 55.9405 119.591
876 94.1617 78.6202 0.319622
877 60.4465 73.9715 0.250643
878 80.403 82.6804 -0.11835
879 71.9886 82.2152 0.0558797
880 69.4303 85.78 12.1597
881 61.877 78.3886 -0.197132
882 59.7418 71.3135 0.136115
883 70.0796 74.9404 10.5527
884 62.9456 70.4054 0.117674
885 66.5547 89.1607 7.13041
886 39.7432 113.024 93.9036
887 80.8845 112.882 29.9168
888 86.2835 86.1545 120.045
889 73.6628 99.9494 119.763
890 114.001 38.3871 30.5174
891 11.5351 113.529 65.3378
892 109.803 113.17 42.1184
893 85.7707 113.091 52.2585
894 113.229 98.5861 77.2444
895 111.506 112.972 65.5449
896 113.659 42.5596 34.8113
897 1.0762 70.2997 0.912767
898 113.598 107.941 25.7979
899 113.558 55.2237 82.1562
900 27.6318 113.395 17.8173
901 72.9445 112.973 34.8593
902 75.7745 113.231 86.5495
903 7.77591 -0.306355 13.6666
904 2.06821 112.85 31.2316
905 20.5026 112.837 89.799
906 113.655 89.8381 77.5524
907 113.433 85.4931 62.1534
908 0.145277 80.9327 52.2372
909 96.6406 -0.232942 50.7198
910 113.557 98.6895 79.3395
911 49.1234 113.421 96.4644
912 75.757 113.119 46.793
913 23.508 113.467 117.268
914 109.698 103.113 120.498
915 113.858 15.3793 39.8197
916 -0.0491049 22.2356 37.3441
917 5.91028 113.36 99.1275
918 77.7178 0.662032 29.5498
919 45.5927 112.709 73.3653
920 -0.183854 8.6261 42.3113
921 114.482 75.6235 10.8454
922 113.37 84.8284 40.174
923 33.4581 113.217 86.392
924 113.303 108.468 68.428
925 79.6217 9.2248 119.4
926 39.7336 113.613 17.8507
927 113.813 38.337 100.793
928 113.562 6.68299 32.063
929 69.5924 75.5281 99.223
930 59.7239 89.7735 119.555
931 78.027 68.2223 119.474
932 79.1541 70.3829 104.756
933 79.1471 90.9029 106.67
934 66.9002 76.592 119.299
935 60.6179 101.579 109.427
936 62.79 77.061 107.058
937 69.5526 89.5104 114.583
938 86.163 93.8052 22.0157
939 57.3944 99.6766 9.46944
940 61.2111 96.6943 5.5134
941 78.6341 85.6579 0.0676325
942 3.39123 113.275 15.4231
943 103.342 77.3481 0.585039
944 93.1681 113.042 35.4293
945 113.471 77.8136 63.801
946 104.974 112.839 30.0773
947 15.6939 113.019 86.3466
948 35.8257 112.903 57.2138
949 72.5937 112.686 53.6832
950 112.357 2.09324 51.3233
951 -0.330444 103.934 10.9798
952 44.6695 112.887 61.1353
953 66.7662 113.45 47.1893
954 71.1589 112.273 -0.0600865
955 113.853 111.132 16.8566
956 38.561 90.9063 -0.569222
957 40.6207 112.856 29.8702
958 70.7614 113.808 44.3802
959 1.15891 1.40171 47.7806
960 113.303 79.0676 83.0221
961 91.6685 113.128 70.781
962 106.461 14.5882 119.842
963 106.255 75.0628 0.301092
964 -0.430012 80.1285 88.0139
965 5.1199 113.547 5.07364
966 28.6849 112.679 66.1743
967 -0.378508 41.084 16.0669
968 -0.442596 98.8557 94.9727
969 33.978 113.275 39.0652
970 113.452 62.5176 74.3589
971 31.7619 113.077 94.4314
972 -0.508049 110.321 3.09106
973 -0.132358 103.043 67.9066
974 37.4917 112.753 55.8419
975 80.5547 112.644 37.5052
976 0.046352 64.4971 66.8257
977 113.557 101.275 57.9334
978 113.722 108.537 111.879
979 113.343 69.4319 84.9094
980 113.615 91.4022 55.8033
981 113.962 34.0315 112.551
982 88.6181 112.567 71.6574
983 99.8269 113.549 100.055
984 64.4783 112.974 97.9704
985 113.699 94.4429 33.7485
986 113.753 94.1479 93.6555
987 73.5745 88.7688 109.805
988 -0.00407013 103.515 44.9993
989 82.2927 113.595 99.3912
990 56.3043 113.054 98.1686
991 100.928 112.868 53.405
992 113.601 15.9316 90.7891
993 46.3545 113.908 99.4605
994 79.7084 112.963 62.6233
995 -0.748578 87.0884 103.626
996 4.74425 112.759 55.7105
997 114.04 103.174 21.2837
998 76.3992 93.0211 119.717
999 59.7612 113.74 112.387
1000 93.6701 103.566 119.66
1001 64.83 101.195 119.676
1002 88.5654 94.1818 119.391
1003 66.9707 97.5478 119.487
1004 80.5583 113.442 110.997
1005 62.4476 100.557 102.929
1006 71.7549 95.0987 108.035
1007 69.6462 100.417 114.009
1008 114.338 20.1958 6.38442
1009 101.551 17.9018 2.77163
1010 89.9449 21.0481 11.1772
1011 107.032 0.146039 2.7454
1012 96.0361 0.244204 0.866397
1013 100.179 16.8545 11.7292
1014 93.7958 20.5184 13.6006
1015 113.346 31.9918 59.5057
1016 102.087 19.396 12.6497
1017 114.472 29.2493 11.9304
1018 63.8971 0.0818701 42.7108
1019 102.36 15.5984 12.6615
1020 91.2851 0.0819962 12.6002
1021 88.5683 18.0765 12.9766
1022 113.477 8.26254 94.9013
1023 -0.310505 17.1291 90.5341
1024 25.666 0.320213 24.3409
1025 -0.100168 50.2661 29.644
1026 113.562 52.5483 85.4964
1027 113.524 39.0524 46.9232
1028 114.186 80.14 4.7502
1029 114.561 24.1452 4.76905
1030 113.652 57.6106 93.6701
1031 58.2321 2.93254 120.617
1032 113.609 17.6202 48.8923
1033 84.6919 101.153 119.685
1034 113.458 10.8598 56.654
1035 86.2269 -0.26987 3.46102
1036 114.053 24.4101 106.37
1037 79.4076 63.3123 -0.229171
1038 20.8591 113.109 18.99
1039 114.495 57.5611 7.53649
1040 113.818 61.9517 89.5799
1041 113.614 8.78449 50.3021
1042 79.4919 0.450607 42.6695
1043 112.164 1.52039 84.7497
1044 113.611 57.2165 79.3587
1045 102.555 0.713261 31.3956
1046 113.578 99.6409 96.2418
1047 84.8926 1.118 118.671
1048 82.4712 0.701247 50.0513
1049 42.9382 0.604702 70.5478
1050 37.6159 0.319572 79.4367
1051 38.8089 0.648167 78.3889
1052 102.21 0.556607 80.9208
1053 46.7989 0.150804 117.479
1054 109.485 -0.54861 41.0141
1055 43.409 0.371957 82.1346
1056 112.031 37.3283 119.388
1057 60.5955 1.13798 118.842
1058 26.6544 0.584379 80.7095
1059 70.3039 -0.0906719 98.6798
1060 114.516 110.947 11.5948
1061 94.0845 -0.125085 100.213
1062 34.6863 0.687531 54.5347
1063 113.456 57.5761 98.603
1064 98.4555 0.20243 101.602
1065 113.446 18.7291 57.948
1066 98.4964 0.227273 109.558
1067 113.855 5.76062 114.635
1068 112.343 4.62946 119.971
1069 101.95 8.16826 107.291
1070 93.2906 38.7575 0.0470041
1071 78.5186 29.3961 0.160617
1072 95.8632 16.3081 10.3533
1073 98.231 50.2812 15.5066
1074 93.32 46.0535 0.264479
1075 98.4947 47.0344 2.78026
1076 87.7016 55.8553 -0.348465
1077 98.2264 43.9192 4.94642
1078 113.407 87.7007 31.5602
1079 114.245 5.48957 10.433
1080 59.9287 0.293281 45.4383
1081 33.1648 60.0145 -0.0886536
1082 7.42818 0.0631387 31.892
1083 113.353 75.4898 78.8723
1084 113.451 22.9749 46.5568
1085 113.867 38.7878 26.0292
1086 105.65 31.8619 -0.00887377
1087 113.89 67.2606 94.4652
1088 114.081 27.2729 24.5578
1089 114.26 22.1472 16.3872
1090 108.587 -0.105158 55.8223
1091 113.586 34.121 115.406
1092 113.685 31.9722 88.8361
1093 113.406 29.7979 59.1979
1094 113.51 27.7203 87.4431
1095 104.232 64.6601 0.213739
1096 75.9811 113.132 39.0328
1097 103.781 0.570256 40.3496
1098 78.5268 0.722878 78.1096
1099 113.597 46.123 34.1353
1100 56.4995 112.867 55.89
1101 113.33 6.70541 89.7332
1102 56.3891 0.956256 0.691641
1103 97.7381 0.567639 68.842
1104 78.5939 0.55819 44.4491
1105 46.0307 0.214984 45.165
1106 112.211 16.1485 119.391
1107 18.6185 0.585517 38.7069
1108 113.684 43.3847 50.381
1109 113.653 18.054 99.457
1110 77.3401 0.0508898 71.7747
1111 113.394 32.3293 65.5067
1112 113.504 13.4646 52.3604
1113 112.442 47.7024 -0.00809645
1114 18.2538 0.291834 99.0394
1115 29.9287 0.480496 50.5326
1116 114.464 43.5559 4.74302
1117 -0.295165 6.60859 75.6249
1118 31.7127 36.044 86.7312
1119 83.7132 0.484214 42.8673
1120 25.3769 113.089 99.4172
1121 114.256 17.3698 106.036
1122 2.89551 -0.135885 107.703
1123 113.849 12.5318 112.162
1124 37.6973 112.821 52.185
1125 113.476 11.7434 68.0601
1126 113.878 61.577 29.0264
1127 89.8107 30.2637 109.167
1128 7.64432 0.299236 76.2104
1129 100.697 41.1855 103.121
1130 108.079 23.2006 119.36
1131 108.598 31.535 119.241
1132 114.158 36.0072 110.75
1133 114.025 39.1185 112.469
1134 102.19 33.3906 119.504
1135 102.073 35.6733 112.805
1136 85.0119 45.4132 109.346
1137 109.266 64.3622 7.14487
1138 114.48 52.0715 4.86002
1139 96.1447 50.2044 0.462577
1140 114.466 47.8241 18.2114
1141 114.06 73.0386 17.5404
1142 114.327 82.554 2.8548
1143 113.444 110.917 58.7528
1144 114.05 101.021 17.805
1145 113.428 31.705 82.8621
1146 113.52 75.5926 76.2116
1147 17.495 -0.189306 13.6811
1148 100.125 92.3375 0.481105
1149 33.5681 -0.161894 13.7535
1150 108.705 54.3575 0.212977
1151 113.287 25.4938 65.7452
1152 113.6 74.0798 55.1826
1153 110.12 -0.836764 22.7955
1154 113.851 111.317 106.638
1155 114.094 38.9187 107.75
1156 88.106 8.7404 -0.0433955
1157 100.507 0.842061 118.587
1158 98.8664 1.09509 52.3171
1159 114.174 89.9726 24.3775
1160 113.357 10.6709 43.5887
1161 113.839 26.7458 117.199
1162 113.972 47.7769 23.8251
1163 103.511 0.752974 63.447
1164 27.3767 0.264291 95.4114
1165 113.242 62.1055 40.3699
1166 69.7185 82.3164 0.0810606
1167 113.546 50.7998 80.4209
1168 -0.515506 92.1208 8.80467
1169 113.913 91.9451 100.253
1170 94.8446 0.667405 41.6091
1171 89.8117 113.215 97.1842
1172 113.922 4.19681 20.6579
1173 34.3613 0.0889227 107.213
1174 113.59 83.0525 48.2054
1175 113.116 80.7727 119.868
1176 113.403 4.11665 91.352
1177 114.211 99.9521 109.572
1178 41.6994 82.1501 119.377
1179 73.842 74.9027 51.8259
1180 95.5451 0.237352 89.8399
1181 55.2039 0.178974 69.2951
1182 8.91261 -0.0927284 78.8806
1183 113.336 52.4179 74.8688
1184 113.794 105.185 84.5496
1185 81.8085 113.36 91.6594
1186 65.2992 -0.469308 16.4232
1187 113.437 70.8534 63.7375
1188 113.771 68.8816 102.56
1189 113.323 57.7823 90.9956
1190 113.575 68.7049 47.2051
1191 113.477 76.0338 50.6194
1192 112.863 112.936 19.948
1193 59.6378 0.0222433 19.2019
1194 67.7478 112.864 81.1259
1195 114.013 43.1034 113.14
1196 87.7403 0.258509 27.1491
1197 102.448 0.676069 75.6827
1198 102.012 58.4522 104.296
1199 114.599 56.9926 11.2296
1200 86.6701 51.3877 105.153
1201 95.8222 66.3695 110.969
1202 96.087 51.1269 119.678
1203 109.002 59.4161 119.549
1204 110.464 68.2948 106.958
1205 101.788 50.2463 110.0
1206 112.677 65.339 119.398
1207 91.2098 91.1934 0.215561
1208 82.3332 78.6405 0.141141
1209 91.6164 90.7472 9.77017
1210 114.386 80.6026 12.729
1211 84.4834 91.9641 18.8767
1212 110.027 91.919 6.7646
1213 94.1115 74.925 0.310438
1214 85.6813 71.1119 11.3588
1215 92.3769 82.086 0.0956782
1216 98.1431 96.1401 0.380165
1217 113.562 108.543 31.8877
1218 41.9087 113.318 23.375
1219 113.717 26.9403 31.6864
1220 -0.386816 46.0302 20.7373
1221 92.7048 112.74 61.2364
1222 86.2 0.08733 16.4097
1223 80.7899 113.124 16.8712
1224 96.9872 112.992 24.9687
1225 0.359452 108.227 52.5623
1226 104.592 110.123 0.321857
1227 114.473 89.6971 6.21607
1228 111.957 113.296 23.7642
1229 113.289 98.4191 56.1049
1230 20.2877 29.6413 119.136
1231 113.699 45.9682 31.5075
1232 113.539 87.6881 65.5023
1233 75.9061 113.365 28.5984
1234 113.674 105.446 76.8995
1235 104.125 -0.47739 11.4005
1236 112.66 112.697 38.1872
1237 45.6485 113.149 36.3985
1238 113.691 89.4238 57.626
1239 114.534 33.5055 8.27204
1240 48.3027 113.369 6.23569
1241 113.672 79.8271 25.5553
1242 107.533 112.714 47.1752
1243 65.6058 0.356735 79.609
1244 113.601 94.5031 84.1473
1245 113.884 74.0782 21.1765
1246 64.6596 112.493 56.0211
1247 112.808 112.872 103.641
1248 52.3733 12.576 0.086204
1249 99.7649 113.112 86.7588
1250 113.681 43.6674 38.7997
1251 113.556 77.8259 50.7652
1252 20.8888 112.671 45.305
1253 113.417 13.7263 84.7525
1254 10.2722 84.2708 0.117314
1255 113.274 50.676 67.2485
1256 113.335 29.8568 69.8506
1257 93.4696 113.275 83.8664
1258 103.596 113.494 76.1676
1259 114.054 94.0641 15.168
1260 67.7396 113.861 104.45
1261 113.757 60.1553 70.7692
1262 113.377 95.8792 81.2108
1263 17.6441 113.219 80.7237
1264 113.42 59.6405 56.3996
1265 113.406 111.008 100.964
1266 108.62 74.0995 107.635
1267 87.7761 68.5093 119.515
1268 114.151 71.134 110.774
1269 91.7007 68.6308 119.422
1270 106.281 82.3636 119.702
1271 114.149 83.2992 110.907
1272 95.9595 79.3461 116.72
1273 84.383 85.0574 108.239
1274 114.076 92.4037 113.869
1275 90.2526 72.0222 107.293
1276 110.924 84.4205 107.222
1277 90.2022 82.7017 119.505
1278 81.193 73.397 119.553
1279 96.2696 78.6878 104.528
1280 104.45 65.859 119.409
1281 114.461 95.1223 23.2417
1282 101.039 113.351 19.0323
1283 108.774 113.588 13.0391
1284 114.436 92.3626 10.1365
1285 91.9479 106.593 15.4001
1286 113.664 97.4448 87.3469
1287 83.0474 113.623 31.2994
1288 55.4903 113.804 15.1948
1289 91.8542 113.105 83.6624
1290 23.6576 113.401 30.9754
1291 99.2076 105.287 0.525384
1292 113.838 99.0076 33.2632
1293 113.558 101.408 68.1017
1294 71.7278 112.792 60.1949
1295 113.361 22.2345 79.4518
1296 3.74308 113.147 20.6982
1297 95.4492 113.233 60.2594
1298 113.698 78.0076 74.15
1299 97.6923 113.55 117.529
1300 113.707 96.7279 92.0577
1301 114.447 98.9809 11.6528
1302 9.65579 113.124 23.2974
1303 113.475 73.3525 85.7315
1304 86.0172 113.606 8.09392
1305 113.47 104.996 58.6034
1306 113.587 50.1045 45.3744
1307 113.543 29.3026 35.0446
1308 112.508 112.889 93.0579
1309 113.268 110.186 71.0074
1310 83.6208 0.25244 79.4421
1311 21.2651 112.627 58.2129
1312 113.441 64.5866 48.9514
1313 110.57 99.7694 0.153538
1314 27.4575 114.087 7.67672
1315 113.781 66.1802 38.5485
1316 114.005 91.6453 24.5371
1317 114.039 102.184 115.047
1318 113.61 96.8298 74.1935
1319 -0.587528 89.5737 5.32982
1320 65.5875 113.295 75.8478
1321 113.898 99.4939 113.508
1322 17.8947 0.214006 35.06
1323 113.881 78.5785 101.52
1324 113.283 33.9675 73.4862
1325 59.4564 113.105 62.7673
1326 30.4271 0.357987 94.2586
1327 108.12 113.054 23.6349
1328 98.5879 86.9027 110.834
1329 16.3411 113.139 118.658
1330 113.064 90.0271 84.8416
1331 113.948 99.9779 106.704
1332 71.5797 113.252 99.3655
1333 97.9951 108.543 103.693
1334 106.007 100.547 109.265
1335 97.9435 89.9053 104.347
1336 113.829 103.852 117.729
1337 114.356 97.443 108.679
1338 112.646 113.611 116.549
1339 92.9565 110.747 110.365
1340 113.958 104.559 111.089
1341 90.2096 100.069 99.9774
