0 6.55144 15.7138 0.902909
1 6.95942 9.60785 7.2163
2 16.4055 28.2791 13.8277
3 26.5164 -0.604316 14.1837
4 26.8257 4.23149 0.973223
5 9.6344 4.62769 4.37039
6 4.14879 9.76311 4.36166
7 12.5378 2.63851 11.6214
8 23.9503 15.6069 0.842466
9 1.09493 15.2934 1.31626
10 -0.437286 30.0721 22.3962
11 20.4896 7.03687 18.5425
12 17.0196 6.33565 34.2715
13 9.70706 -0.588554 19.8498
14 20.7441 -0.700629 17.0429
15 7.30556 21.3198 32.8016
16 -0.411832 18.3953 31.4357
17 28.7433 17.0258 33.9863
18 -0.243491 1.83561 48.7469
19 16.1982 22.7487 31.2071
20 31.4744 11.027 42.7402
21 13.2042 -0.010901 60.645
22 28.8197 14.4622 45.8063
23 21.413 -0.338808 26.0749
24 -0.130086 24.6263 54.3498
25 34.4564 14.3956 57.0566
26 9.83024 17.227 63.1858
27 6.85855 24.6852 50.2734
28 20.37 13.0389 74.9989
29 18.1808 -0.316313 48.8257
30 16.3094 20.1726 51.576
31 10.755 -0.195295 54.5247
32 25.6545 15.4732 45.2844
33 11.6021 16.7093 60.2853
34 0.0437996 18.8674 72.7336
35 21.677 10.7344 61.6702
36 13.1197 3.06788 65.0267
37 15.7592 29.7705 58.667
38 10.3318 -0.164072 57.727
39 25.147 -0.172028 66.1878
40 25.0993 0.129438 80.66
41 19.7364 13.0157 67.34
42 11.9488 10.3099 73.6443
43 5.0655 13.312 87.8025
44 16.8921 17.6539 83.194
45 19.1064 -0.0697633 77.9581
46 10.1753 9.00118 74.8334
47 0.350235 8.11178 86.1588
48 26.0894 8.16288 68.7953
49 46.3847 24.8041 89.9514
50 9.35042 12.6304 100.532
51 22.5269 23.2007 107.222
52 0.49659 16.3978 97.7966
53 20.8849 13.3825 100.539
54 24.6537 7.78714 96.1193
55 29.6072 5.7823 100.494
56 23.5871 17.9841 91.7344
57 3.59753 19.0635 95.2895
58 0.478638 15.6098 89.3412
59 9.62287 13.7492 105.481
60 3.94179 13.5443 106.306
61 11.2191 0.296142 103.507
62 28.0562 10.7122 116.515
63 25.6346 10.6805 116.441
64 3.07163 0.654993 111.953
65 16.8355 4.86024 113.368
66 16.5903 33.2933 8.07747
67 20.9733 41.333 9.36924
68 19.6136 39.6983 7.93575
69 -0.731896 44.0935 13.6844
70 16.9178 25.1881 11.1321
71 0.475576 55.5724 0.769266
72 21.003 29.5742 0.833959
73 1.04661 18.1462 1.24598
74 4.33825 28.505 31.9319
75 -0.303836 32.5588 40.3025
76 9.82673 30.437 18.3116
77 14.0552 38.5174 16.9584
78 0.993266 28.4928 36.6138
79 8.16464 38.606 35.7887
80 11.7943 40.0195 48.666
81 15.5073 39.8957 42.3308
82 14.361 36.7452 36.9674
83 11.4494 32.9505 43.5454
84 21.4308 55.5066 32.1953
85 -0.380364 43.9011 39.9906
86 9.02961 41.4014 32.8803
87 13.1645 38.4211 46.9982
88 18.6118 46.9367 44.2067
89 -0.899788 30.0985 44.4222
90 31.4543 35.7958 37.2012
91 31.3985 35.7487 43.519
92 -0.218281 39.4429 57.3863
93 11.6101 28.9263 45.8324
94 6.1147 16.9441 37.2531
95 23.1346 33.06 54.5076
96 11.3424 52.1335 54.1156
97 28.4835 40.0538 45.3315
98 14.5024 38.36 54.22
99 8.90662 33.0681 70.0659
100 17.5053 26.6939 68.6529
101 17.2776 33.2617 54.3861
102 -0.0650328 15.5514 63.2649
103 22.6617 47.3319 55.5281
104 17.0127 42.6137 51.3355
105 13.0546 44.7589 70.0527
106 33.0278 32.9663 66.9631
107 13.5561 26.0037 77.4437
108 27.608 23.9218 75.5446
109 27.1301 32.9195 73.0168
110 21.5166 36.0798 81.3477
111 0.279875 36.1347 88.8231
112 33.3421 40.3833 80.6397
113 20.224 36.3493 89.9677
114 20.634 24.5897 82.6753
115 20.717 36.2263 98.206
116 23.0506 49.2331 88.6046
117 19.4168 51.9167 97.9212
118 0.337664 27.6973 88.6964
119 28.3617 37.7238 97.4838
120 19.213 22.2194 93.2792
121 17.8781 48.0214 88.612
122 19.3772 47.4225 101.724
123 16.3404 36.5636 101.74
124 19.1609 33.851 93.0608
125 35.7807 32.1741 105.969
126 26.5428 43.47 108.753
127 22.0387 44.7375 110.428
128 0.647067 22.2219 98.1062
129 19.5347 51.0571 104.633
130 5.22136 36.7103 116.599
131 13.8701 45.0447 116.501
132 23.7112 24.9337 105.059
133 27.912 22.0356 104.627
134 26.8373 68.3813 18.8508
135 3.5719 61.0126 0.728575
136 22.4863 68.6411 13.3364
137 22.5279 65.4097 13.4398
138 -0.864783 49.5338 19.8355
139 -1.00649 67.0349 11.0867
140 18.3594 46.8245 9.35733
141 4.72428 67.0368 44.0677
142 -1.26517 55.4631 17.8024
143 9.44662 58.2769 35.3646
144 32.7428 56.0858 29.3618
145 -0.423564 61.059 34.2218
146 25.9134 65.4732 13.3564
147 14.0195 63.5519 28.0189
148 7.07514 37.0135 36.644
149 28.1417 54.2316 30.7416
150 17.2585 54.5687 48.154
151 12.9724 49.4083 44.2755
152 14.0373 65.4658 39.5818
153 21.1884 62.7661 42.7582
154 28.865 51.0896 30.731
155 31.8307 60.1767 45.0971
156 9.82433 57.0053 32.4406
157 4.29309 63.3841 38.0627
158 18.6081 50.7925 43.8555
159 -0.105829 58.8378 45.6638
160 15.5736 60.857 38.252
161 21.5528 60.1128 57.4499
162 14.4765 65.7356 56.8622
163 8.95101 48.2831 45.5384
164 25.387 61.491 58.2999
165 23.1518 35.7457 52.4266
166 17.3055 51.8245 59.7901
167 12.3552 60.1913 74.0059
168 -0.252827 55.9959 61.9121
169 17.5403 61.4957 64.4404
170 18.492 53.5245 55.3673
171 31.3967 50.254 67.1813
172 6.24261 70.5874 68.4454
173 27.4999 65.5397 75.4245
174 18.0583 51.9372 85.7304
175 -0.0834162 66.8873 68.7495
176 12.0735 47.4426 84.0004
177 20.5558 55.8258 70.0909
178 11.8651 47.007 76.91
179 20.7344 64.6012 79.0487
180 0.126248 44.4196 77.1449
181 28.9508 51.8095 88.5369
182 3.52449 65.8909 88.7804
183 30.9494 47.9312 90.0193
184 10.0404 60.5526 106.067
185 22.2664 54.6363 89.3514
186 0.380733 56.2578 108.816
187 0.432817 87.4353 94.5327
188 -0.0101649 71.0797 91.7941
189 19.4795 58.3628 104.737
190 17.9749 46.8478 100.233
191 0.575244 73.8919 111.754
192 13.8783 59.1243 116.257
193 19.8037 62.0337 116.403
194 9.62794 38.7579 109.172
195 8.50312 64.9437 116.369
196 18.9379 59.1384 113.088
197 20.6239 58.7683 100.102
198 31.0635 78.8316 115.932
199 9.56813 65.1836 9.75203
200 15.3981 100.421 3.30093
201 15.8912 83.8619 6.32005
202 21.0612 78.2904 6.28622
203 17.8733 75.2464 0.180427
204 17.5248 89.5154 0.0252695
205 -0.957348 75.2761 4.83695
206 16.7501 75.3162 15.1766
207 11.5001 75.0972 0.123683
208 21.9842 71.3377 7.54635
209 14.5921 82.5952 24.9142
210 21.33 86.3315 26.4039
211 16.9614 90.9671 25.0568
212 22.4397 89.4952 18.6821
213 29.8314 66.92 11.9295
214 15.4642 90.6513 14.8506
215 16.7101 69.0994 16.6228
216 16.8666 92.4116 13.4624
217 17.8026 75.3366 17.8837
218 23.8833 85.6184 34.0801
219 9.2916 72.5392 23.6889
220 7.05579 72.8761 26.7314
221 27.0083 71.3027 42.6211
222 4.33515 97.054 42.7257
223 19.8691 79.3514 36.3948
224 11.3244 83.2976 33.7817
225 14.0702 79.3593 30.9385
226 22.7682 73.3951 51.1464
227 20.2059 102.133 50.6205
228 24.7105 80.2011 56.4178
229 7.063 78.5372 55.4471
230 24.0567 98.5306 52.2836
231 29.9584 79.9506 46.2364
232 -0.218623 81.8686 62.8517
233 -0.0112635 59.2425 51.4408
234 15.9834 70.8532 61.2199
235 20.0898 70.3596 61.4719
236 11.6017 51.7935 71.3047
237 7.37378 74.5562 62.9338
238 -0.418104 72.7153 40.2712
239 -0.0979378 58.9136 57.2192
240 7.68107 85.952 68.1896
241 20.6762 77.2363 62.3508
242 -0.241462 63.759 68.6289
243 21.5629 70.028 63.8729
244 27.7215 97.3403 73.2722
245 0.0229718 78.7496 74.129
246 15.7736 97.5735 66.3253
247 20.21 73.1613 59.7473
248 20.8927 81.6289 66.6348
249 0.160502 73.4091 80.0148
250 27.8655 68.8458 73.8404
251 12.9929 90.5576 69.5888
252 26.2106 70.2468 84.8379
253 18.9397 81.5974 95.6639
254 16.3279 70.3084 87.0116
255 16.0662 87.2252 81.2965
256 34.9116 73.5624 85.3101
257 33.5202 84.1771 83.886
258 23.3708 81.8064 83.5345
259 10.2854 81.942 84.256
260 0.00662394 75.5455 57.0163
261 3.29288 81.4106 71.4671
262 -0.74611 97.263 65.5635
263 33.8571 70.2954 83.8127
264 17.5961 79.9669 76.8949
265 0.290711 82.3634 94.3134
266 16.8133 71.7679 106.703
267 0.504483 78.9504 90.907
268 27.7499 86.0525 90.2593
269 16.163 72.0891 84.1322
270 16.66 89.1599 104.247
271 16.4541 87.6363 106.903
272 36.7594 79.8016 115.923
273 3.60141 70.1641 106.007
274 0.8929 87.6408 111.758
275 32.191 81.7655 97.3571
276 32.2773 82.4508 105.705
277 25.2138 89.6571 104.036
278 29.2185 109.524 -0.0901739
279 21.9518 79.682 16.2705
280 27.8779 99.1244 7.36699
281 19.7315 106.684 8.94771
282 15.1832 113.994 7.49839
283 6.36315 100.802 0.280863
284 36.5178 85.4415 21.7841
285 -0.92605 94.8832 16.3299
286 12.8843 114.55 39.38
287 5.37933 101.293 24.9216
288 3.27751 99.9515 30.6203
289 14.1143 103.091 18.8298
290 -0.536338 103.92 28.002
291 14.9319 114.107 13.1527
292 -0.622222 95.0402 25.1812
293 25.0769 98.3065 26.2515
294 16.7942 89.667 13.2783
295 9.96459 114.077 16.2526
296 15.575 114.309 21.5349
297 29.2453 102.666 36.1748
298 35.658 101.44 40.3395
299 27.8884 89.833 43.5208
300 20.1147 101.278 40.5661
301 -0.771871 112.702 33.0294
302 5.80347 102.378 30.5553
303 4.25747 114.572 39.1352
304 4.45164 114.552 36.0528
305 22.2193 104.022 34.6217
306 9.45504 114.294 21.0976
307 9.93904 94.0155 38.0983
308 16.6852 105.441 39.1747
309 18.9284 108.304 41.5912
310 -0.401503 95.8878 51.479
311 27.0934 99.0968 52.1586
312 17.5702 104.24 46.402
313 17.185 97.5662 45.0319
314 13.7938 92.8904 52.1066
315 -0.24236 110.167 66.0999
316 22.0615 114.826 67.9713
317 5.20414 114.86 79.4324
318 4.41554 90.3479 55.3694
319 10.538 106.019 74.6482
320 17.6068 104.648 86.8962
321 4.93163 106.009 84.2165
322 24.5788 114.97 68.4365
323 1.89564 114.414 71.3881
324 12.0373 104.445 77.9672
325 0.0831372 90.3788 73.9566
326 0.353849 112.941 77.4157
327 -0.0481806 104.344 76.6632
328 27.4871 97.791 78.1144
329 29.1006 106.218 96.6637
330 29.1912 98.7018 75.3332
331 6.69924 107.221 97.2819
332 7.81261 89.74 95.7022
333 14.1212 105.897 94.1916
334 5.18993 105.734 100.789
335 11.0463 115.077 100.089
336 9.25586 100.156 97.0058
337 16.9863 105.943 82.3723
338 22.2976 114.985 91.1458
339 28.0269 105.031 115.614
340 0.695484 101.968 108.269
341 8.28284 101.523 112.563
342 3.71343 107.34 105.464
343 36.9113 28.983 13.4812
344 26.638 -0.658087 19.4048
345 49.3083 -0.679205 16.6453
346 43.9154 15.3706 0.213285
347 57.8558 -0.530193 19.1393
348 40.2575 15.606 17.9997
349 31.9267 12.4741 0.70305
350 40.18 15.5497 21.0553
351 45.3041 23.0437 16.3222
352 29.9312 -0.294676 25.334
353 61.8731 5.86003 16.3081
354 30.0128 -0.506876 23.0855
355 44.0829 -0.389504 25.389
356 49.7479 -0.380478 25.3386
357 32.8105 17.1184 34.2421
358 31.9647 28.4487 19.3356
359 51.1555 13.0165 37.8561
360 27.3147 4.28413 35.7146
361 42.1186 -0.552771 39.7807
362 32.6524 19.8078 35.4841
363 58.8581 18.6639 34.9332
364 46.8198 24.1209 29.4419
365 58.6749 -0.62178 40.0972
366 31.3688 17.4771 51.2831
367 30.0371 15.3848 52.8611
368 55.0639 10.1251 49.5402
369 51.3889 17.036 42.3497
370 34.1018 26.3687 34.0464
371 21.5546 -0.471501 45.7815
372 25.3124 15.6337 53.0121
373 47.489 10.1651 49.6969
374 48.6783 8.03807 60.1239
375 55.0958 21.7186 61.158
376 21.3986 -0.527665 43.2805
377 37.5813 9.35629 83.1311
378 53.0596 13.2933 78.4032
379 37.613 21.8013 69.2655
380 32.5122 7.64643 81.3921
381 57.5645 10.7939 73.9712
382 34.9584 7.53265 90.9786
383 56.2943 4.65962 90.015
384 36.3625 28.3862 87.1372
385 30.3809 0.0182986 75.0132
386 30.4095 14.7007 83.346
387 67.7011 0.258137 96.7162
388 44.9945 0.134732 83.2007
389 39.3873 29.1561 95.9115
390 43.3739 21.9709 98.5068
391 62.6094 9.26282 82.9153
392 43.5995 33.4046 89.8358
393 53.9466 14.103 116.02
394 39.5329 5.13045 116.365
395 48.0937 23.4934 116.644
396 45.5181 26.4235 102.736
397 36.5916 0.553108 114.421
398 42.4335 0.486932 108.696
399 49.2426 24.7647 89.228
400 62.8446 10.8581 116.167
401 45.2562 22.6703 113.033
402 37.8842 26.3989 0.483372
403 38.1027 35.216 0.0353651
404 23.671 40.7585 0.409355
405 55.4211 23.7037 14.7619
406 55.1946 41.2135 -0.22947
407 52.4325 38.5839 5.94449
408 22.2514 41.245 5.93835
409 38.1095 45.7767 12.0106
410 32.4187 26.8062 0.604172
411 48.9568 35.2512 -0.0710883
412 28.0966 41.3262 8.97499
413 39.6756 36.7755 16.4069
414 42.8341 41.7644 33.2323
415 24.8895 18.4569 35.5331
416 45.4501 52.7669 24.1765
417 40.5389 54.0426 13.2157
418 37.9533 42.683 12.4473
419 31.1076 24.6334 16.699
420 33.933 51.0992 13.3169
421 29.5047 18.6425 35.5284
422 39.5053 28.5014 42.4591
423 56.4652 25.7275 30.5046
424 46.6611 41.0424 20.3215
425 17.1658 14.5431 37.1212
426 58.9703 38.5385 43.4158
427 53.1482 16.2906 49.6651
428 35.4562 17.2252 32.0568
429 39.9787 37.9666 39.3661
430 30.6842 34.3282 34.0509
431 55.0052 24.3823 43.5701
432 34.3717 35.8498 40.0447
433 37.1199 27.0137 48.0287
434 38.5946 35.4163 61.2191
435 29.3006 28.3424 39.7403
436 38.9698 28.9501 54.3301
437 35.8452 34.0382 55.292
438 38.7403 46.9126 52.3512
439 45.955 38.5083 59.9325
440 48.8312 43.0871 65.3471
441 26.0484 24.4438 69.3999
442 40.8926 29.0041 59.7962
443 27.4249 55.1561 66.8993
444 33.4992 20.1275 87.336
445 37.3635 19.6297 68.4366
446 37.2826 32.851 54.5512
447 54.2151 21.5469 49.2303
448 44.6842 28.8665 69.7901
449 27.5707 27.8937 81.4918
450 46.7529 37.5452 65.281
451 36.1088 42.7263 78.3693
452 37.5046 44.5241 70.4899
453 51.7583 47.4226 78.0332
454 26.0294 52.0452 68.2519
455 45.6536 27.2464 50.3096
456 43.4752 41.389 91.3152
457 60.2926 34.9207 73.8862
458 41.8008 34.5854 76.8027
459 24.8841 31.7095 79.2828
460 46.3437 34.7451 82.7876
461 44.227 41.7374 83.9924
462 59.1181 32.5482 84.1233
463 47.7883 37.2788 84.5448
464 64.6595 19.1671 84.0429
465 34.9912 27.621 84.4542
466 65.0866 32.7899 101.167
467 37.4288 37.8905 85.5737
468 56.3412 45.3653 86.7682
469 45.8357 35.0342 102.996
470 35.8322 47.8031 101.741
471 46.2799 20.672 108.732
472 46.675 31.2722 111.54
473 45.7063 33.7695 116.265
474 33.6797 24.2751 104.597
475 51.1073 27.3725 116.113
476 60.7038 44.8514 91.9779
477 47.884 39.1389 101.578
478 49.5405 29.1493 111.415
479 37.9616 54.8665 97.1779
480 38.1482 59.9854 13.8035
481 49.372 63.7653 -0.219315
482 52.0029 68.2491 12.805
483 49.5706 49.571 -0.203362
484 41.7408 37.0476 27.8157
485 37.018 55.6269 26.7333
486 58.3327 71.2097 24.5823
487 30.9321 59.1324 13.1376
488 54.9536 55.8168 11.3675
489 41.2315 59.8128 27.2559
490 35.9278 61.1265 26.1774
491 42.7087 50.5354 27.7094
492 46.9296 53.5619 23.0989
493 51.9074 57.567 44.9007
494 49.226 44.4197 37.6876
495 41.9551 71.3525 27.5669
496 45.3761 46.7854 30.3659
497 37.8984 67.0014 43.694
498 38.5682 58.6434 49.4288
499 28.8563 73.0897 53.3702
500 48.8839 34.9622 62.5045
501 39.8925 49.702 48.1006
502 47.3739 58.7894 40.5718
503 47.4671 53.9482 63.7666
504 28.1097 65.7878 50.8843
505 49.2553 67.1127 52.0981
506 50.0857 65.6725 54.9197
507 56.309 76.0749 72.2646
508 34.8534 55.4132 82.7213
509 40.25 62.8246 71.1739
510 32.9943 46.1441 54.8055
511 44.4558 60.4971 52.2131
512 38.1913 50.1589 52.4066
513 24.4452 49.2707 67.1116
514 42.2067 67.6772 92.5313
515 38.899 64.2889 78.188
516 50.5245 60.276 83.2639
517 41.7578 63.0864 76.6882
518 32.0058 62.6876 68.2531
519 42.1545 63.221 74.1567
520 43.1787 59.8041 73.8583
521 41.0848 63.2008 79.6354
522 41.766 63.0818 67.8816
523 59.115 52.527 89.4749
524 41.8583 50.6946 89.9405
525 50.8911 45.2088 92.6636
526 28.0799 57.7777 103.467
527 39.2612 56.9367 89.7604
528 34.9895 46.3766 100.127
529 40.5136 49.0945 111.679
530 38.1073 63.4494 91.1811
531 30.9668 61.8935 116.319
532 25.1682 57.087 101.682
533 57.2039 70.4017 115.911
534 33.8054 67.7377 101.415
535 48.0366 64.0731 104.111
536 64.8463 54.0424 92.4909
537 32.5056 80.8193 -0.188523
538 43.5375 84.0726 -0.295476
539 25.146 72.0961 7.26216
540 56.9875 70.9109 9.89137
541 52.2513 82.6362 17.7753
542 23.7668 80.8273 0.135181
543 32.2102 55.5077 0.00902435
544 45.4433 79.0494 21.7886
545 43.968 74.2184 27.0134
546 45.5089 80.0213 27.5195
547 39.447 92.4997 13.901
548 39.6259 70.8995 18.9236
549 50.986 78.3848 18.4134
550 58.1738 75.7116 28.6666
551 61.0342 87.6933 34.3585
552 48.4377 85.6012 30.2644
553 28.5276 77.0871 42.1501
554 54.8808 78.4025 37.5017
555 54.2794 73.7925 53.2999
556 26.8578 73.2743 26.3746
557 32.5506 86.4528 31.997
558 45.4506 57.1773 30.3944
559 49.6457 89.7943 28.8753
560 41.3248 64.4682 43.5906
561 34.273 75.875 38.7313
562 62.945 71.0007 38.7345
563 59.6056 85.443 44.4978
564 30.2523 79.0535 49.4053
565 58.6537 69.7336 28.6124
566 37.0813 83.3546 39.007
567 63.1465 87.1068 45.6648
568 46.1063 84.2837 54.8119
569 64.2442 72.5101 48.8813
570 47.1362 90.7449 57.719
571 22.8447 63.1261 45.2841
572 41.1389 70.1363 37.64
573 50.3435 83.1974 63.8003
574 64.2417 55.1236 43.2276
575 28.5275 81.6092 48.2081
576 30.1807 62.5068 52.3575
577 32.5601 75.5744 46.2845
578 26.5777 73.0794 46.6208
579 41.6137 84.2417 69.1835
580 48.1365 85.907 56.322
581 43.1784 96.8025 70.7479
582 38.388 95.9415 69.2136
583 51.4462 72.9854 60.6292
584 27.6996 89.8663 72.1731
585 38.107 74.5927 73.9777
586 38.7562 94.9889 63.3738
587 46.0475 86.3441 76.2736
588 33.5046 87.1401 77.9881
589 31.1455 77.5259 85.3464
590 47.9612 87.595 92.2883
591 60.3907 79.0828 88.9355
592 49.2344 71.1099 79.4593
593 46.5759 79.7963 88.0564
594 19.0214 83.0598 83.9578
595 45.1413 84.8104 104.018
596 46.0963 91.4908 87.9764
597 47.7754 65.7272 101.287
598 23.2562 70.3611 86.2777
599 51.8088 88.6881 87.9546
600 39.2479 85.2177 98.3413
601 43.8113 89.018 102.529
602 49.4046 71.5307 96.7709
603 48.8043 93.3089 109.452
604 56.0282 76.2704 92.2462
605 33.9554 81.6331 89.6295
606 53.4672 90.5283 86.4915
607 44.903 59.2829 89.6689
608 46.2991 66.1304 94.1055
609 53.7848 83.1898 102.217
610 39.0653 79.1179 101.279
611 50.9645 74.2263 103.78
612 42.5052 87.1978 104.048
613 38.2412 73.4608 109.954
614 44.746 87.694 103.991
615 53.7137 79.7304 103.987
616 38.8645 96.7218 7.1425
617 43.7557 114.258 1.68475
618 54.9692 112.366 -0.401035
619 26.6594 95.269 8.89726
620 49.1354 114.406 1.71525
621 53.5393 101.204 13.9663
622 59.205 98.1622 11.5056
623 38.1218 108.329 13.795
624 40.9751 85.246 11.0432
625 37.0257 111.059 4.16007
626 49.5053 102.477 10.2513
627 23.7999 114.375 10.4777
628 48.1568 101.453 32.422
629 27.1635 114.497 27.6166
630 22.2041 99.9928 21.9236
631 40.0206 94.1133 33.2022
632 38.1983 90.6841 26.212
633 35.3891 114.574 27.4925
634 57.4262 101.07 19.8191
635 20.747 95.2963 23.4271
636 56.1535 114.487 35.5622
637 25.6789 94.292 39.1304
638 55.3111 109.747 37.2962
639 48.4096 101.062 41.4655
640 47.0314 98.6217 46.0188
641 46.4161 94.0945 44.6801
642 49.0929 98.6841 51.6519
643 25.676 109.473 62.0125
644 43.0046 94.9708 44.5467
645 44.2793 114.603 36.1412
646 43.0557 95.6615 40.1903
647 48.3417 87.9583 44.6286
648 38.9427 114.654 61.4869
649 31.9315 114.842 70.8034
650 41.0716 100.199 62.2262
651 38.829 114.757 67.1883
652 51.8188 94.5249 70.5408
653 58.6674 114.633 52.8646
654 41.6574 94.5221 60.2348
655 37.5839 104.035 84.9363
656 47.5229 103.923 60.3678
657 32.2624 96.051 81.0769
658 44.3251 103.097 84.9617
659 43.3256 101.859 77.9583
660 27.485 94.9985 75.5119
661 41.169 114.691 56.2561
662 41.7778 115.236 77.2579
663 44.5377 114.914 59.4387
664 36.3619 106.115 85.6486
665 44.7768 114.738 81.2414
666 47.5008 114.632 76.2981
667 35.9286 91.6809 79.0145
668 41.8672 97.4467 85.3853
669 36.3124 97.429 76.3308
670 36.2883 104.797 74.9179
671 27.3778 99.6513 83.7648
672 41.006 94.4307 85.1082
673 47.0599 101.758 80.4518
674 36.606 98.2492 98.1652
675 39.1782 107.921 97.9752
676 58.3806 100.503 93.4137
677 42.0961 114.964 96.1865
678 53.7921 115.153 90.3389
679 36.403 115.061 107.815
680 42.6598 90.6264 115.785
681 42.1184 97.6215 107.77
682 43.8399 107.689 110.217
683 36.5774 90.3846 115.819
684 50.7775 115.292 102.429
685 35.1589 104.14 102.366
686 33.3797 115.137 102.002
687 41.8953 115.149 113.652
688 36.8029 96.2777 115.677
689 57.5142 102.078 115.779
690 59.478 113.278 115.187
691 66.5701 4.3284 0.286344
692 69.2326 32.5279 -0.21697
693 79.1808 23.8935 1.09119
694 74.0797 18.4485 6.26325
695 66.412 15.0664 0.0981873
696 62.5798 14.0655 16.168
697 86.3549 -0.486656 10.6051
698 64.6472 2.74205 19.3021
699 62.3951 18.3292 13.2432
700 84.0582 -0.270575 27.8921
701 81.0483 -0.340756 16.1719
702 75.8333 -0.0659931 19.1143
703 63.286 -0.684668 19.2715
704 59.761 9.80814 25.3868
705 60.953 5.61548 13.2084
706 61.6803 9.0644 49.8703
707 57.4953 10.1143 43.941
708 81.58 21.6276 40.408
709 81.4837 31.4651 41.7319
710 75.5856 15.5273 43.5641
711 86.6327 -0.0897835 33.7052
712 70.5869 10.345 49.5049
713 49.9665 13.5892 40.766
714 71.3128 13.0114 39.3758
715 67.1838 15.48 37.8086
716 54.2341 20.0987 42.2976
717 60.0117 9.67537 42.6226
718 92.7899 15.3804 51.7351
719 61.9234 -0.16063 64.9326
720 89.0315 14.6866 79.2564
721 63.1541 3.90095 62.4206
722 72.6153 -0.232948 73.8462
723 69.0235 21.8812 66.4979
724 68.012 0.0157517 77.1363
725 81.7032 -0.27122 50.844
726 44.9505 6.08072 74.1463
727 87.5135 0.131554 82.1969
728 54.6442 12.0924 91.3588
729 69.264 12.875 79.5661
730 69.2205 13.4297 88.9595
731 61.9516 9.16896 86.4525
732 86.5279 -0.154932 99.7701
733 83.5532 9.58282 99.6429
734 83.0021 10.5866 109.669
735 83.6028 9.22394 111.137
736 86.5414 21.6162 102.461
737 68.9986 20.5409 108.489
738 67.9453 0.281834 103.129
739 73.4526 24.7479 95.3791
740 82.5326 16.7767 115.719
741 62.3558 19.2518 110.029
742 72.4674 13.6015 110.639
743 80.6849 29.2203 105.31
744 59.4123 0.449299 111.623
745 62.1684 16.1148 116.198
746 62.455 0.106955 102.857
747 59.68 16.3419 116.024
748 71.7928 26.7823 -0.296728
749 72.4037 41.0872 -0.297302
750 88.0415 52.6956 10.422
751 80.1226 27.1567 23.0212
752 72.3656 32.2924 -0.310518
753 63.7902 18.3291 -0.0109859
754 64.9916 45.6711 18.7239
755 52.1262 46.7748 14.4546
756 50.593 45.4185 18.9001
757 58.3358 25.6191 27.6157
758 59.9685 28.2961 13.2777
759 65.3815 28.699 36.2531
760 60.0631 24.4714 47.1095
761 71.2029 45.9641 36.0857
762 62.4225 25.614 36.1571
763 81.6458 18.2848 63.5642
764 77.258 34.4337 50.5462
765 62.8066 36.6586 47.8229
766 60.1136 32.7083 56.5811
767 75.7116 17.9027 46.1833
768 78.4697 31.6459 50.775
769 75.1855 44.5464 34.5233
770 73.3033 37.185 36.2851
771 86.0001 37.2063 38.8138
772 79.9485 30.0382 41.0251
773 84.615 26.1225 76.9222
774 81.7554 35.0463 66.1293
775 47.3824 31.6493 62.1661
776 53.1109 33.8253 57.9527
777 68.9448 36.114 62.8745
778 90.6063 31.7871 73.3674
779 90.881 27.4056 66.2502
780 56.3593 35.7176 69.4761
781 57.7473 21.1053 73.9548
782 69.0297 45.3495 67.8144
783 65.3022 28.8293 82.5375
784 94.7439 24.3725 76.2251
785 78.3323 30.3728 86.598
786 70.4177 40.3782 80.2118
787 67.7484 18.1767 83.9098
788 74.7872 46.617 82.135
789 58.9506 39.0659 86.7649
790 74.7241 30.9142 65.0877
791 85.9019 43.1049 79.1293
792 62.5361 41.7656 72.352
793 74.9924 31.6717 76.5273
794 64.8982 26.1542 96.5183
795 75.0973 29.8195 99.6387
796 49.3194 39.4357 97.2712
797 76.3398 34.7964 87.787
798 67.8308 40.5968 92.0185
799 59.755 46.3047 88.2061
800 78.0492 41.0882 102.452
801 86.8158 26.0567 82.2349
802 84.8523 23.6393 86.4015
803 73.6634 44.35 86.5201
804 59.515 24.9866 115.968
805 71.1297 30.8776 115.778
806 62.0627 24.9846 107.138
807 83.622 27.93 105.778
808 66.8192 34.6896 102.686
809 82.0822 31.0116 106.743
810 89.8059 49.4913 -0.814012
811 69.8423 58.2147 -0.828008
812 52.252 61.0986 -0.276017
813 59.7097 56.8823 12.8299
814 64.87 62.4583 9.8399
815 72.0775 49.998 8.46447
816 65.3207 59.0496 15.7479
817 92.3469 72.7508 16.7079
818 63.6243 52.1344 -0.373049
819 82.5937 57.0207 12.6087
820 82.4117 45.5119 9.8003
821 71.0828 56.6234 15.6309
822 60.0207 68.6639 18.5671
823 70.9648 44.0873 21.5388
824 71.268 69.6383 28.8789
825 73.8367 64.3216 21.9701
826 73.656 65.8277 18.5111
827 56.6837 64.0701 5.60598
828 84.137 66.134 42.9144
829 73.3926 64.0867 19.7399
830 81.2364 73.3169 34.1222
831 79.7476 65.5117 38.6381
832 69.7836 79.9517 38.2719
833 94.3307 41.3373 42.602
834 72.6052 49.7826 37.5184
835 70.8311 71.6761 27.1584
836 78.8202 75.7469 34.2148
837 79.7181 74.29 35.7084
838 78.1025 49.9181 40.2233
839 91.9452 59.0534 73.7464
840 57.3868 59.6286 59.2676
841 71.2729 64.9554 47.4405
842 60.387 50.3446 71.5591
843 70.028 65.1363 54.5309
844 61.5652 71.4339 59.3346
845 80.209 58.7197 66.1992
846 89.8895 54.6827 57.7103
847 68.8982 63.1664 56.1705
848 82.8757 58.6108 56.6977
849 63.4472 49.1078 85.3968
850 75.3423 57.6136 76.3963
851 76.3776 50.4365 83.5919
852 78.197 71.6728 90.5525
853 73.7829 58.7311 72.1162
854 64.753 59.4218 69.2639
855 77.3203 52.9372 64.2909
856 72.0681 64.6328 85.9862
857 66.0536 48.4285 76.5715
858 70.7541 58.8232 98.0865
859 73.4242 41.3745 83.7067
860 42.1345 64.1967 95.6879
861 67.3302 44.8307 89.4668
862 69.3315 66.1239 102.435
863 68.1383 51.1173 115.64
864 52.7856 57.5382 96.8989
865 85.2107 43.1654 106.527
866 73.6021 40.2443 98.0736
867 75.134 72.6354 108.079
868 86.5353 44.9457 105.399
869 85.1309 46.4463 103.823
870 81.1449 47.9215 116.215
871 71.4057 67.7892 115.701
872 79.609 55.7683 115.559
873 93.2466 67.5328 97.6515
874 73.7371 63.4761 107.067
875 87.9165 59.5712 115.404
876 89.3251 70.3381 7.95868
877 58.4884 72.3439 8.47609
878 86.3399 89.4773 8.09963
879 65.0119 80.8623 4.36735
880 63.9205 92.4717 -0.651745
881 60.5457 72.838 -0.345012
882 66.9194 71.1603 18.0251
883 63.6152 83.3552 5.28337
884 69.5438 63.5835 -0.64389
885 64.1024 86.8773 5.4713
886 78.8112 82.8046 38.55
887 73.1095 82.5829 9.52785
888 86.2893 64.0972 16.8256
889 72.5936 69.9883 16.9599
890 81.3479 75.8548 34.2654
891 58.2035 87.1559 14.0861
892 66.7218 81.4224 34.2953
893 69.6802 69.7022 25.7376
894 65.3554 85.4753 41.595
895 75.4833 82.6456 37.2379
896 75.389 75.3457 31.4086
897 77.1113 70.4916 47.5766
898 81.0578 81.4363 25.4129
899 90.908 77.0802 35.5638
900 69.9455 99.1854 51.5511
901 78.0632 94.2573 32.2731
902 82.928 70.8396 52.9527
903 74.3508 81.5979 58.4432
904 60.1308 77.9721 58.8767
905 65.6574 69.8689 40.73
906 71.6575 84.337 64.9978
907 71.4644 69.8799 56.6131
908 68.5239 70.1699 63.4453
909 57.5466 83.9138 76.2482
910 69.8397 93.8566 48.8167
911 80.6624 74.6894 70.0504
912 76.0359 83.8649 71.7568
913 65.0422 85.9458 61.6522
914 77.4301 75.4877 61.884
915 78.3192 90.1661 68.8323
916 87.492 80.4008 87.6926
917 60.6369 58.7798 88.2327
918 59.6265 75.9196 86.4062
919 56.0259 85.845 72.1731
920 75.1877 73.1879 77.6326
921 87.5718 78.5998 62.9339
922 65.057 83.1667 76.1837
923 56.3094 68.9732 102.256
924 64.9811 75.9083 92.3031
925 56.1273 93.7303 86.2819
926 63.3749 80.247 93.6271
927 67.3157 87.1461 66.0632
928 70.7666 80.5164 98.4257
929 85.5984 84.8983 115.188
930 59.4672 84.8004 115.54
931 80.1254 70.8456 115.527
932 84.5677 86.0669 104.799
933 77.8915 84.8626 104.667
934 68.4646 70.6658 115.8
935 70.8133 78.9469 115.565
936 68.3672 70.6715 106.72
937 68.4454 90.8548 115.562
938 79.4458 99.2108 9.58628
939 58.314 108.186 9.64244
940 56.7629 93.7239 6.85498
941 69.3498 92.1461 -0.697542
942 82.6738 106.799 20.1118
943 80.9402 114.277 18.3937
944 80.9726 114.251 23.6532
945 59.8183 102.681 24.1017
946 60.8857 114.343 6.79873
947 79.4236 109.65 18.4333
948 47.0895 104.656 17.0179
949 63.6489 102.542 27.1342
950 56.758 91.6059 35.6779
951 69.6526 114.511 35.2343
952 45.8861 92.8486 46.2153
953 71.2182 93.9924 29.7082
954 82.5175 101.246 32.05
955 52.6352 91.0116 28.2612
956 73.3904 92.7033 36.9145
957 90.465 114.894 57.5751
958 70.1613 99.5069 63.251
959 84.3894 98.8351 68.6027
960 77.0548 89.233 32.8147
961 61.7406 114.461 52.8552
962 87.2864 115.009 55.3375
963 57.9742 114.416 41.7144
964 59.8484 81.3788 40.1006
965 69.9613 94.6335 45.7694
966 61.4295 97.1775 50.1083
967 55.2829 114.672 44.0002
968 84.211 94.803 54.3178
969 80.3907 94.7787 61.1767
970 95.974 92.2829 56.9883
971 67.6244 114.776 61.56
972 73.0802 98.4072 60.0747
973 80.2555 91.5358 64.2638
974 61.3333 114.548 49.7367
975 67.7903 99.0417 71.8133
976 60.3594 106.162 87.5166
977 86.2585 110.307 76.481
978 65.8703 101.737 77.6536
979 68.7381 90.2161 71.6077
980 71.7145 93.2205 86.1616
981 84.6048 114.826 72.7149
982 67.752 115.039 81.6114
983 74.6976 106.538 72.8895
984 57.7477 93.3153 89.0657
985 81.4535 115.119 80.8858
986 78.9704 115.224 95.563
987 70.7109 91.965 90.8467
988 59.3781 104.724 115.383
989 73.4111 90.8977 89.0473
990 61.1393 91.7953 90.6876
991 93.4783 115.646 96.6307
992 62.0078 91.9383 99.0833
993 70.2647 107.987 86.0604
994 68.07 91.8856 90.6742
995 77.7709 105.487 90.1298
996 71.7928 94.6882 101.919
997 61.9749 115.138 98.976
998 67.485 101.984 115.027
999 62.1552 115.27 110.246
1000 76.5007 107.675 114.918
1001 65.1388 94.2371 115.481
1002 90.818 90.8065 114.971
1003 57.9819 90.4272 111.724
1004 85.0936 115.11 104.365
1005 50.8314 115.236 107.493
1006 95.8259 104.917 105.813
1007 72.3612 105.935 110.384
1008 113.922 12.5575 0.886952
1009 105.645 19.852 4.18602
1010 87.8859 19.3003 7.16915
1011 106.641 -0.373911 10.2155
1012 89.1617 3.32026 -0.549942
1013 96.7306 17.2652 10.065
1014 93.7435 20.2682 9.99131
1015 108.08 20.0568 18.5805
1016 106.47 -0.475128 24.5616
1017 104.369 -0.556727 18.8324
1018 91.6154 11.5547 10.3191
1019 97.0972 4.24298 22.9085
1020 105.191 12.3429 21.7842
1021 71.1273 12.6742 20.9141
1022 93.8787 15.8672 31.8963
1023 112.581 0.0376321 38.7622
1024 108.197 4.05346 36.5308
1025 101.295 32.3025 37.2406
1026 96.8928 13.4391 35.9737
1027 103.906 6.75113 31.4922
1028 82.4394 11.7951 21.7279
1029 92.9019 14.4465 33.2005
1030 92.1401 20.3814 53.5161
1031 80.2899 7.54982 61.7749
1032 114.712 4.62199 56.307
1033 101.438 16.2383 51.7486
1034 106.595 17.4543 67.5163
1035 95.1057 -0.101399 44.9646
1036 103.703 14.4744 44.4107
1037 98.3852 -0.367076 38.9155
1038 102.122 20.2862 64.6247
1039 101.604 11.9398 72.9269
1040 114.598 18.7423 50.2785
1041 107.575 -0.184613 72.9146
1042 102.941 -0.775587 65.1035
1043 90.1311 -0.725915 46.0286
1044 96.0773 0.131419 50.0217
1045 95.4421 20.1911 64.6903
1046 97.7646 3.85623 67.7983
1047 83.3284 13.8948 79.4225
1048 104.741 5.2145 80.6179
1049 114.738 2.12708 81.7804
1050 107.692 0.158245 70.3186
1051 105.778 6.09558 76.4728
1052 110.564 23.1485 71.7939
1053 115.098 7.50766 79.4445
1054 101.331 0.133192 84.6397
1055 98.9085 0.132145 62.8095
1056 90.4047 14.8656 90.4929
1057 114.99 4.56738 84.8706
1058 107.851 0.414267 99.5486
1059 93.1393 17.6949 84.5727
1060 96.4842 18.897 86.4896
1061 106.42 23.7093 73.3104
1062 89.4573 21.9816 90.1232
1063 101.564 6.17051 93.5564
1064 83.3815 5.70393 99.6716
1065 104.267 7.61776 97.8599
1066 100.648 5.07559 104.329
1067 115.305 13.855 104.766
1068 113.706 5.23523 115.076
1069 100.179 16.2181 89.5687
1070 91.9829 35.5382 -0.729972
1071 89.3228 43.2394 -0.694749
1072 92.3426 18.8005 2.76695
1073 99.6769 45.9405 15.5514
1074 100.75 42.6467 2.63026
1075 99.3826 44.4514 3.8003
1076 104.02 32.8014 11.2199
1077 86.604 31.8426 11.4406
1078 102.668 38.3917 11.2526
1079 89.7644 44.1976 22.8019
1080 91.4314 47.0079 28.3197
1081 114.87 38.4026 13.8752
1082 81.1636 31.4411 34.8686
1083 114.707 44.4824 43.7597
1084 114.328 41.5884 24.1626
1085 95.8391 41.4726 34.4115
1086 92.7846 42.0092 37.3708
1087 114.648 31.9104 21.1622
1088 99.0459 48.1652 15.4833
1089 102.642 19.6403 41.3383
1090 90.8551 27.3332 21.104
1091 84.1911 29.6464 46.0549
1092 102.869 10.8496 53.27
1093 91.277 34.3947 47.5171
1094 93.9345 36.0227 60.2901
1095 107.152 55.894 45.5435
1096 88.3477 41.23 41.8152
1097 104.189 26.7209 40.1568
1098 94.4357 31.3583 47.428
1099 114.866 41.774 59.2801
1100 88.7229 33.1193 61.0665
1101 104.835 35.8604 51.5949
1102 98.8566 -0.461072 57.1381
1103 100.955 28.8543 53.0947
1104 95.8303 47.4359 63.0656
1105 99.1149 28.9932 72.2449
1106 107.086 34.6883 65.0114
1107 91.5608 26.5267 50.4074
1108 103.754 31.7327 56.0674
1109 114.414 33.1624 46.935
1110 115.204 35.9341 81.3902
1111 108.842 38.8631 64.6368
1112 115.083 21.9031 75.5573
1113 108.889 31.3691 61.6506
1114 89.7967 42.026 71.8509
1115 90.2876 32.7471 74.9265
1116 115.171 36.5067 84.0768
1117 93.3711 30.0801 74.9242
1118 104.97 44.4619 71.6295
1119 84.6498 23.3139 79.9002
1120 76.2101 40.4513 82.0778
1121 87.6394 45.6829 80.3704
1122 92.2852 29.5272 79.071
1123 103.562 49.163 96.2215
1124 88.3174 34.5765 76.4364
1125 107.702 43.2471 89.003
1126 115.419 36.2082 75.0504
1127 92.0014 31.5638 102.192
1128 90.5967 32.2311 97.487
1129 102.39 44.6399 106.233
1130 111.222 25.0163 115.034
1131 113.853 39.4092 114.868
1132 107.918 46.2413 95.4871
1133 115.272 42.519 104.844
1134 105.122 44.9908 115.241
1135 105.044 35.004 100.691
1136 84.9744 59.4003 115.506
1137 92.1754 55.1124 8.27657
1138 106.626 54.1016 12.5853
1139 91.9436 52.6339 -0.548536
1140 102.952 57.0445 15.3357
1141 114.814 49.9934 25.8267
1142 109.756 56.8581 23.0845
1143 109.78 57.1099 25.5226
1144 90.4578 53.9193 12.7419
1145 89.6546 52.8209 13.9679
1146 114.332 49.7752 21.6191
1147 113.948 58.57 14.7309
1148 102.344 58.2785 8.37574
1149 99.6394 80.1701 26.5813
1150 88.0079 63.2453 18.442
1151 87.1706 52.5625 40.0032
1152 98.1263 54.3548 26.212
1153 92.3959 52.9187 31.4737
1154 91.6292 75.5346 31.0281
1155 97.9426 50.0964 34.1742
1156 81.52 70.1932 37.2371
1157 114.486 53.038 47.0325
1158 101.336 60.0015 47.8946
1159 99.8742 70.6579 47.1888
1160 114.152 64.8569 32.4447
1161 114.613 52.6536 49.9014
1162 97.1264 55.8042 52.8069
1163 92.4167 54.5892 67.4109
1164 102.05 47.2722 54.3849
1165 114.513 70.6197 49.4465
1166 95.2586 63.9465 28.3548
1167 114.503 52.9128 52.6357
1168 98.9106 79.0187 65.6322
1169 107.46 59.088 71.4231
1170 107.077 57.7992 57.0004
1171 105.849 57.5637 61.3739
1172 114.9 58.3164 64.4482
1173 91.5738 59.0544 70.3244
1174 98.7703 57.3097 56.2574
1175 88.5524 48.6909 70.3444
1176 95.8519 70.3194 57.172
1177 105.484 66.3315 72.8505
1178 87.836 56.0488 80.4836
1179 95.4798 41.5784 60.1842
1180 106.192 46.7088 64.4597
1181 104.303 50.2419 65.922
1182 96.1365 54.8446 77.2514
1183 107.46 41.4716 86.0428
1184 88.8572 53.2342 74.5362
1185 79.5148 56.3167 83.4218
1186 93.2095 48.1701 74.785
1187 114.939 73.0525 81.1437
1188 115.089 50.6238 81.422
1189 115.187 58.853 75.632
1190 114.938 55.9188 73.4332
1191 109.13 73.7882 90.0383
1192 87.5563 50.0689 97.8614
1193 115.124 50.5143 87.9637
1194 95.1442 54.9659 90.3731
1195 110.57 50.485 88.9183
1196 90.4226 71.9435 85.5439
1197 77.8308 60.4568 96.5042
1198 99.4319 63.2691 95.8491
1199 96.7198 70.2939 85.9199
1200 99.2226 60.5068 97.7601
1201 84.5135 56.4045 109.468
1202 87.5235 59.113 109.318
1203 108.073 56.6015 114.944
1204 98.3669 68.899 104.78
1205 93.7414 57.0136 115.317
1206 108.077 64.818 114.81
1207 81.3526 83.7434 -0.85866
1208 89.1913 80.5875 -0.878521
1209 100.878 90.0087 7.99445
1210 113.766 75.3944 3.50112
1211 86.7139 88.4192 25.4444
1212 106.564 82.4395 10.5747
1213 86.5063 80.4847 -0.974706
1214 78.0147 69.8165 19.8409
1215 86.3979 76.8434 10.567
1216 113.819 87.0232 0.651306
1217 114.233 90.6844 26.3369
1218 114.308 58.6522 28.9346
1219 92.5689 82.6559 27.2159
1220 74.3424 68.381 18.5278
1221 104.858 74.4288 23.8521
1222 114.249 92.6922 23.9358
1223 80.8796 88.4446 29.7025
1224 77.4782 86.7015 11.0813
1225 87.4794 85.4863 21.072
1226 108.47 71.5196 46.6961
1227 107.164 90.5409 36.6008
1228 101.489 64.1431 54.221
1229 92.4513 73.7741 31.2538
1230 102.687 78.533 34.4048
1231 92.0971 65.6481 38.676
1232 114.279 84.2395 35.1434
1233 83.4547 88.4659 38.4754
1234 90.4966 79.9327 41.2167
1235 101.659 75.5541 45.6385
1236 90.9272 96.0157 59.877
1237 94.3583 79.2625 52.7727
1238 114.63 95.4749 46.4616
1239 98.6081 85.7163 46.1985
1240 91.554 84.4125 59.0679
1241 104.577 72.9895 62.6269
1242 92.4437 84.4001 62.8835
1243 108.982 81.7104 72.844
1244 93.0507 77.4112 65.1959
1245 114.757 87.5321 63.8133
1246 107.236 78.2436 68.4919
1247 108.017 68.625 70.1073
1248 93.7106 91.5476 52.6709
1249 91.7418 79.8661 75.8415
1250 114.886 93.0743 75.9769
1251 97.6785 81.7866 84.5105
1252 90.2202 74.908 69.1019
1253 115.413 65.6539 78.6607
1254 99.2272 72.6814 59.7734
1255 94.6652 75.624 81.3275
1256 115.044 72.8536 73.1163
1257 84.6341 80.3397 77.8815
1258 115.021 79.2953 78.2482
1259 90.3113 94.1133 80.0789
1260 92.9045 84.8857 88.6006
1261 115.163 81.685 89.5451
1262 96.2094 87.3683 88.5167
1263 86.4482 75.2009 102.071
1264 90.3281 75.1923 83.2386
1265 106.233 82.079 95.4029
1266 107.819 76.3231 103.003
1267 88.1749 73.7293 115.06
1268 115.348 73.8378 101.632
1269 93.784 69.1477 115.855
1270 115.362 87.6816 104.316
1271 107.901 79.4294 102.976
1272 96.3568 85.1182 108.793
1273 93.3213 85.1855 108.898
1274 109.277 81.6318 110.222
1275 93.5493 60.6118 101.926
1276 115.34 82.2 107.389
1277 96.5248 88.0095 115.015
1278 82.4046 80.565 106.924
1279 105.27 90.5075 105.743
1280 105.132 76.2324 111.69
1281 110.848 92.3557 6.47818
1282 95.0865 114.164 12.2103
1283 112.088 114.151 6.30783
1284 113.966 97.6246 14.7856
1285 99.3837 109.576 12.9807
1286 109.385 105.55 19.0388
1287 107.966 103.829 15.5941
1288 93.9533 95.5581 34.0872
1289 100.738 110.408 16.6089
1290 114.227 100.085 14.7596
1291 105.242 100.14 20.6959
1292 87.8733 106.924 25.2241
1293 108.133 98.5975 29.2517
1294 106.582 114.626 40.4967
1295 92.821 114.591 32.0002
1296 96.3571 99.9333 26.4666
1297 81.5568 101.258 33.9635
1298 114.554 96.1866 40.8715
1299 107.364 102.979 49.7065
1300 98.5322 91.4593 43.6655
1301 81.8252 98.5701 33.9134
1302 78.7157 94.7709 45.5797
1303 97.1034 107.222 48.1381
1304 107.463 95.7559 56.6581
1305 114.343 106.974 46.4196
1306 97.9627 114.808 60.819
1307 104.151 90.8733 48.2506
1308 97.132 104.453 54.5828
1309 115.07 109.441 61.0764
1310 87.8392 95.845 62.6544
1311 86.0323 100.074 69.9586
1312 107.312 94.391 65.924
1313 114.607 113.046 75.3785
1314 87.6555 114.974 81.9813
1315 115.048 104.448 63.4482
1316 97.351 101.421 61.521
1317 106.327 92.0867 86.8175
1318 101.595 108.8 77.9087
1319 93.5441 103.359 90.0058
1320 93.2707 85.4976 77.1302
1321 114.992 90.597 78.1772
1322 111.864 84.0838 75.6108
1323 114.812 101.729 72.5437
1324 107.261 114.94 89.788
1325 91.8337 101.823 92.3444
1326 106.019 93.4354 84.3123
1327 83.255 96.0966 96.8231
1328 115.431 90.7836 112.732
1329 114.929 104.539 84.0207
1330 102.922 107.579 94.0677
1331 91.5309 104.755 94.3781
1332 84.6678 111.11 94.6551
1333 96.3041 110.306 102.725
1334 103.564 96.2159 105.597
1335 87.7022 106.964 102.915
1336 114.306 104.71 114.353
1337 115.223 101.46 109.624
1338 115.15 101.783 106.584
1339 105.473 110.286 114.755
1340 115.047 109.946 95.1614
1341 85.2207 94.6701 96.204
