0 6.55144 15.7138 0.902909
1 6.95942 9.60785 7.2163
2 16.4055 28.2791 13.8277
3 26.5164 -0.604316 14.1837
4 26.8257 4.23149 0.973223
5 9.6344 4.62769 4.37039
6 4.14879 9.76311 4.36166
7 12.5378 2.63851 11.6214
8 23.9503 15.6069 0.842466
9 1.09493 15.2934 1.31626
10 -0.589797 38.7028 20.3005
11 25.7299 9.69353 26.6992
12 24.7351 16.9718 40.1146
13 0.915838 -0.115345 11.4304
14 29.4619 2.06162 30.4277
15 11.2348 16.6093 33.8607
16 -0.450624 18.4234 18.0809
17 27.6515 21.9336 32.9491
18 4.70735 5.28847 56.5146
19 21.1955 22.7698 31.026
20 31.7663 20.7618 43.4328
21 9.28905 3.62036 73.2404
22 38.2817 15.842 46.9627
23 -0.454884 7.6469 8.46582
24 4.23428 22.2303 53.5445
25 32.9909 20.0273 61.6823
26 4.17976 22.4654 73.2608
27 8.92774 32.3855 58.9452
28 21.9299 13.758 79.0138
29 28.5077 3.9299 41.545
30 15.9541 32.5397 53.0136
31 4.34935 5.86218 47.1314
32 46.8355 12.6245 55.4581
33 8.4546 29.2298 68.9601
34 3.95404 30.5294 85.4223
35 20.0718 17.0032 69.1128
36 25.8762 3.47242 59.2574
37 22.8657 42.6074 63.4013
38 6.66895 3.85142 67.5161
39 42.5872 3.89453 67.0917
40 13.1848 3.30681 79.3319
41 24.5439 20.3324 64.7391
42 26.0287 12.7414 81.7172
43 4.44663 15.4363 96.8062
44 22.8727 19.7154 86.5853
45 9.72331 3.9247 84.5855
46 20.4895 3.61474 72.9546
47 4.95237 4.90642 85.4895
48 35.7668 12.8 81.7435
49 41.2821 23.4966 94.3122
50 3.82034 27.4037 93.6913
51 22.5832 23.4191 115.745
52 3.01202 13.0164 103.826
53 27.979 19.342 104.86
54 24.4327 15.7035 88.0964
55 32.8226 6.56502 100.166
56 31.8514 22.04 104.737
57 8.00537 12.8096 106.134
58 4.41644 25.2422 85.2367
59 9.68062 13.7365 114.306
60 3.94179 13.5443 115.185
61 11.2191 0.296142 112.385
62 28.0562 10.7122 125.394
63 25.6346 10.6805 125.319
64 3.07163 0.654993 120.831
65 16.8355 4.86024 122.246
66 16.5903 33.2933 8.07747
67 20.9733 41.333 9.36924
68 19.6136 39.6983 7.93575
69 -0.731896 44.0935 13.6844
70 16.9178 25.1881 11.1321
71 0.475576 55.5724 0.769266
72 21.003 29.5742 0.833959
73 1.04661 18.1462 1.24598
74 3.74141 42.0216 47.1335
75 3.4748 29.8023 47.2095
76 0.93803 17.5694 21.2627
77 8.69538 33.971 28.4477
78 -0.443575 38.8085 31.3889
79 7.51204 44.0427 38.9057
80 18.2255 46.1398 52.4944
81 31.1316 42.7165 39.5917
82 18.191 45.7925 46.0313
83 22.7497 33.7591 51.315
84 11.666 56.9698 34.0445
85 3.97701 28.0643 44.1193
86 5.84196 42.783 37.4216
87 16.7717 44.8096 51.1919
88 25.8853 51.2252 36.8213
89 4.21371 16.9213 35.939
90 39.8347 42.7503 30.8189
91 37.3617 37.4621 48.4835
92 3.89011 30.8879 74.0417
93 12.9934 37.6182 46.9463
94 15.8576 23.7458 50.2408
95 34.0405 34.2821 66.0404
96 14.6295 56.3982 52.9659
97 23.4264 49.5668 58.8687
98 19.0015 45.1678 57.3577
99 12.6019 21.0049 79.3577
100 28.4931 36.7609 75.1248
101 26.3735 35.6925 55.4783
102 4.07947 24.5173 70.7171
103 25.3529 45.4295 57.3374
104 24.067 40.7153 52.8492
105 11.0264 41.2706 72.3923
106 45.7486 28.7792 65.6614
107 18.9154 32.0258 82.597
108 31.3285 28.3845 77.7794
109 28.6086 33.7972 86.2874
110 26.9809 46.1213 97.4402
111 0.656168 46.9938 89.6097
112 25.6567 33.3831 90.0565
113 15.3366 34.3641 97.6808
114 23.9843 27.7794 87.6759
115 14.9264 47.4242 96.2117
116 32.0044 61.2468 94.2112
117 20.1821 51.9107 109.188
118 2.39961 40.5805 90.3148
119 30.9916 36.3845 104.623
120 21.1919 15.1715 100.287
121 32.2005 47.9121 96.9946
122 19.6224 47.8612 110.568
123 16.4627 36.5691 110.565
124 29.0584 26.1576 106.239
125 35.7807 32.1741 114.847
126 26.5428 43.47 117.631
127 22.0387 44.7375 119.306
128 0.647067 22.2219 106.985
129 19.5347 51.0571 113.512
130 5.22136 36.7103 125.477
131 13.8701 45.0447 125.38
132 23.7112 24.9337 113.937
133 27.912 22.0356 113.505
134 26.8373 68.3813 18.8508
135 3.5719 61.0126 0.728575
136 22.4863 68.6411 13.3364
137 22.5279 65.4097 13.4398
138 -0.864783 49.5338 19.8355
139 -1.00649 67.0349 11.0867
140 18.474 46.9576 9.42072
141 7.2944 63.103 45.4492
142 1.75548 17.3982 24.2076
143 10.1147 64.5216 35.5437
144 11.5081 60.1871 31.2764
145 0.027607 50.0861 40.5997
146 25.7474 65.6157 13.3474
147 21.0651 57.341 23.6557
148 0.315427 43.1275 37.5122
149 34.2208 53.9416 30.7306
150 11.7272 55.5386 51.6174
151 18.2665 47.0611 43.5831
152 15.998 67.1862 41.441
153 17.6975 65.7957 43.0958
154 29.0693 54.1667 30.5776
155 33.1347 58.5723 46.8695
156 14.3352 53.9196 34.1496
157 2.03889 59.8655 53.1995
158 17.1536 55.628 47.5705
159 1.91253 47.2453 45.0229
160 10.7708 58.7808 41.4985
161 22.9466 61.8163 58.8215
162 18.0681 62.8954 57.9197
163 8.13385 50.2003 51.1073
164 29.3545 65.7482 57.6533
165 25.9473 39.9461 54.2553
166 13.1724 60.5128 70.0181
167 0.745387 58.5938 92.2895
168 1.04733 55.7288 72.7492
169 11.3046 62.0684 69.6279
170 17.843 49.4768 55.9392
171 37.3459 55.0547 71.6018
172 7.74679 63.056 75.2848
173 16.4093 55.7541 81.2097
174 14.7924 60.3594 94.5068
175 0.66737 55.5496 83.1586
176 0.70093 58.7029 88.6199
177 27.4053 51.6739 76.8559
178 15.2725 47.3362 84.7433
179 32.2226 65.7519 85.351
180 4.14668 24.4957 76.2768
181 29.5887 54.7043 91.3266
182 0.478868 67.0484 94.514
183 23.7383 45.1458 103.921
184 9.95453 60.538 115.018
185 32.6485 43.4017 106.107
186 0.380733 56.2578 117.694
187 0.982932 89.4864 98.6467
188 0.452339 70.5705 109.572
189 19.4795 58.3628 113.616
190 17.9749 46.8478 109.111
191 0.575244 73.8919 120.632
192 13.8783 59.1243 125.135
193 19.8037 62.0337 125.282
194 9.62794 38.7579 118.051
195 8.50312 64.9437 125.248
196 18.9379 59.1384 121.967
197 20.6239 58.7683 108.98
198 31.0635 78.8316 124.811
199 9.56813 65.1836 9.75203
200 15.3981 100.421 3.30093
201 15.8912 83.8619 6.32005
202 21.0612 78.2904 6.28622
203 17.8733 75.2464 0.180427
204 17.5248 89.5154 0.0252695
205 -0.957348 75.2761 4.83695
206 16.7501 75.3162 15.1766
207 11.5001 75.0972 0.123683
208 21.9842 71.3377 7.54635
209 9.24036 86.667 36.2216
210 22.8724 86.9055 25.6862
211 8.67989 105.027 19.4938
212 25.4229 76.9081 19.0882
213 29.9436 66.6733 11.7876
214 15.3727 91.1548 14.7211
215 17.0457 61.0636 27.7308
216 16.8628 92.5447 13.2752
217 13.9307 78.6794 22.6244
218 36.8108 67.9999 36.2553
219 4.10416 75.3894 29.6505
220 -0.165433 58.425 34.4427
221 32.5072 68.9049 48.0136
222 4.25148 77.9123 67.6386
223 19.1761 79.3098 40.6437
224 7.17529 75.1789 32.8407
225 13.8794 82.1258 40.3851
226 20.8834 64.1615 53.1145
227 26.9939 90.1912 52.0849
228 13.9878 84.0054 53.7074
229 1.5229 77.6221 81.1261
230 27.1012 92.9658 54.9579
231 33.8076 78.2411 52.8571
232 3.86156 80.7862 46.6934
233 1.35475 65.147 44.622
234 20.1048 72.4484 65.633
235 23.039 70.0075 65.3031
236 19.0447 55.5003 72.4713
237 14.3824 72.178 71.5823
238 -0.795594 75.2323 14.2896
239 3.56852 38.815 71.9912
240 13.1743 93.453 75.577
241 15.4565 71.2487 63.9645
242 0.995307 74.205 82.2783
243 23.5265 68.8917 67.7328
244 24.6301 104.502 81.0985
245 4.45584 86.5127 81.602
246 21.3679 92.0288 68.5561
247 25.6646 72.6868 65.5651
248 16.6441 72.2848 71.6743
249 0.288492 55.8431 95.3879
250 23.5962 68.9915 79.7392
251 11.5536 77.6693 71.3048
252 29.0259 68.5331 94.3418
253 25.8768 94.7388 105.829
254 19.2843 73.3203 101.606
255 29.5224 90.7614 81.3726
256 32.1754 71.8185 91.1919
257 33.5809 84.91 92.5164
258 12.0557 78.0816 80.3279
259 11.7853 74.463 88.7592
260 1.49023 66.483 69.3881
261 2.24774 77.1609 83.4416
262 4.37849 92.057 76.2316
263 32.1885 63.0696 85.4175
264 16.9792 99.0999 78.2041
265 0.612801 87.369 108.993
266 16.7754 71.601 116.041
267 0.389235 79.0272 109.274
268 25.3577 81.6263 104.389
269 16.6187 62.473 92.8438
270 16.8034 89.3259 113.1
271 16.4541 87.6363 115.781
272 36.7594 79.8016 124.802
273 3.60141 70.1641 114.886
274 0.8929 87.6408 120.636
275 32.191 81.7655 106.236
276 32.2773 82.4508 114.583
277 25.2138 89.6571 112.915
278 29.2185 109.524 -0.0901739
279 21.9518 79.682 16.2705
280 27.8779 99.1244 7.36699
281 19.7315 106.684 8.94771
282 15.1832 113.994 7.49839
283 6.36315 100.802 0.280863
284 40.0607 74.249 27.5921
285 -0.772317 97.9727 16.0274
286 -0.617094 86.2169 22.2281
287 3.9646 83.3858 43.1921
288 0.992849 93.9485 24.8637
289 12.4626 108.046 18.8644
290 3.45919 108.591 41.3198
291 14.0329 112.803 19.99
292 3.93167 77.9246 58.1509
293 25.5877 96.5681 27.8819
294 16.7738 89.4605 13.3152
295 22.3969 113.203 22.62
296 21.1047 111.819 26.8597
297 36.023 94.7779 44.4564
298 37.12 96.4018 33.9658
299 36.5326 89.7749 46.7923
300 23.7343 96.4823 46.2022
301 4.28621 108.799 46.4837
302 12.3836 101.656 31.3739
303 25.3119 110.656 57.7194
304 11.6106 110.659 52.0247
305 28.1682 96.1539 34.2078
306 8.55294 110.443 29.2894
307 22.5004 90.5603 40.9269
308 25.1848 103.762 35.614
309 36.9169 106.358 47.2906
310 3.69421 83.257 49.3573
311 30.1155 92.9954 57.8844
312 25.466 103.175 44.6982
313 25.5564 88.9145 53.6797
314 19.9477 91.4716 53.6994
315 11.7382 110.804 55.0781
316 28.3991 110.907 77.9807
317 6.08341 110.788 92.8232
318 4.07933 74.8927 64.2477
319 16.1392 100.484 80.1228
320 10.5687 101.411 104.177
321 12.1376 102.005 95.7879
322 34.4856 111.067 63.8371
323 4.11873 100.689 75.2172
324 11.7129 110.938 72.0333
325 4.26148 86.3083 72.3842
326 15.0335 110.859 78.2551
327 4.36061 91.8398 81.8803
328 34.6554 96.8659 88.1245
329 29.3595 105.397 99.542
330 25.6125 97.7865 85.8362
331 0.187104 95.349 106.06
332 14.9217 82.6754 100.122
333 22.6475 111.404 103.938
334 5.38471 105.683 106.361
335 8.02732 114.771 109.125
336 11.0489 104.341 103.998
337 28.1153 102.821 90.4578
338 22.2976 114.985 100.024
339 28.0269 105.031 124.493
340 0.695484 101.968 117.147
341 8.28284 101.523 121.442
342 3.71343 107.34 114.342
343 36.9113 28.983 13.4812
344 26.638 -0.658087 19.4048
345 49.3083 -0.679205 16.6453
346 43.9154 15.3706 0.213285
347 57.8558 -0.530193 19.1393
348 40.2575 15.606 17.9997
349 31.9267 12.4741 0.70305
350 40.18 15.5497 21.0553
351 45.3041 23.0437 16.3222
352 46.9019 -0.57067 11.0719
353 32.9002 -0.53985 16.6612
354 34.2496 2.87742 34.5376
355 39.5245 1.03813 30.1078
356 43.9498 -0.332703 22.4978
357 33.9859 17.2424 36.6702
358 24.1915 22.8246 30.6039
359 47.2197 16.4877 38.8466
360 28.074 11.3617 39.6027
361 59.4482 3.95197 55.0255
362 29.0088 23.6829 34.9318
363 58.1853 25.828 31.2964
364 45.4307 21.4155 31.9185
365 71.2076 1.61274 45.8927
366 36.4245 20.1228 60.0895
367 37.0955 25.4713 51.2534
368 58.1597 15.4266 54.8182
369 49.1181 17.546 40.0372
370 39.4357 23.2191 45.85
371 17.2765 3.63755 47.8746
372 42.8155 23.3364 62.7809
373 47.0268 18.906 52.5473
374 54.2752 15.849 64.6719
375 59.4764 25.7264 62.7578
376 20.2749 3.53213 59.2542
377 35.1392 1.91164 96.3825
378 61.9745 19.5412 89.4243
379 41.0107 24.0853 76.4246
380 39.0259 2.61543 90.4197
381 56.8614 13.7769 83.6681
382 34.4847 7.73574 98.5265
383 36.8337 0.352162 109.675
384 37.3422 23.3206 100.183
385 27.3233 3.97739 84.9771
386 32.526 12.5559 97.1674
387 62.7181 0.612917 97.4442
388 55.392 2.6264 83.7367
389 42.2174 23.4206 98.1736
390 43.3739 21.9709 107.385
391 69.3549 7.10952 93.8341
392 38.5509 50.5972 92.5949
393 53.9466 14.103 124.899
394 39.5329 5.13045 125.243
395 48.0937 23.4934 125.522
396 45.5181 26.4235 111.614
397 36.5916 0.553108 123.299
398 42.4335 0.486932 117.575
399 49.2426 24.7647 98.1065
400 62.8446 10.8581 125.046
401 45.2562 22.6703 121.911
402 37.8842 26.3989 0.483372
403 38.1027 35.216 0.0353651
404 23.671 40.7585 0.409355
405 55.4211 23.7037 14.7619
406 55.1946 41.2135 -0.22947
407 52.4325 38.5839 5.94449
408 22.2514 41.245 5.93835
409 38.1095 45.7767 12.0106
410 32.4187 26.8062 0.604172
411 48.9568 35.2512 -0.0710883
412 28.0966 41.3262 8.97499
413 39.6756 36.7755 16.4069
414 46.8502 36.2939 35.094
415 29.3845 20.9701 34.767
416 47.7859 54.3523 30.5666
417 40.3907 54.0604 13.0312
418 37.9794 42.7367 12.1436
419 31.1018 24.5378 16.6679
420 33.8177 51.0856 13.2667
421 32.7552 19.8267 33.4807
422 41.5867 24.3434 38.4583
423 58.3988 24.7014 29.1433
424 53.7896 45.5677 21.6379
425 20.6996 25.9538 31.5137
426 54.0258 33.149 37.491
427 54.1953 19.8739 50.5386
428 30.0901 11.1683 19.6527
429 42.5716 37.3597 30.775
430 20.9374 39.9119 39.822
431 55.425 34.5598 39.8987
432 37.2922 32.4082 42.787
433 38.1643 35.3851 55.3271
434 38.1832 41.2499 64.5672
435 30.3522 28.4257 42.3084
436 40.7945 32.5343 55.4711
437 46.5778 38.4789 61.5576
438 40.0426 51.8765 52.0508
439 45.195 42.9004 66.8341
440 48.6982 48.7102 72.1708
441 23.2384 21.0877 70.0016
442 37.0104 33.6696 65.7389
443 27.9098 54.6892 73.4557
444 42.566 19.2777 98.8902
445 44.0178 27.1112 67.3157
446 30.2939 38.6586 41.2929
447 48.454 31.9142 45.5567
448 49.6089 21.5758 73.4212
449 32.578 23.4548 91.2579
450 48.078 39.9615 74.7433
451 34.3897 35.041 88.7899
452 38.2279 35.1281 82.4714
453 50.4216 64.7642 89.4807
454 28.9922 52.9803 75.6472
455 49.3113 30.5348 49.3002
456 40.612 52.1913 103.043
457 60.9981 35.4334 82.0212
458 53.5042 34.1102 92.5485
459 23.9104 35.2808 88.558
460 47.4489 47.8518 89.7756
461 49.3848 39.9364 94.1206
462 57.846 29.3508 94.0667
463 36.1236 30.5011 95.9554
464 66.2699 18.1406 93.8469
465 46.4312 16.9975 97.2557
466 65.1451 33.6733 109.986
467 35.3815 40.6963 97.2456
468 62.6248 46.1069 97.2195
469 45.8804 35.0453 111.677
470 35.8322 47.8031 110.62
471 46.2799 20.672 117.611
472 46.675 31.2722 120.419
473 45.7063 33.7695 125.143
474 33.6797 24.2751 113.476
475 51.1073 27.3725 124.992
476 60.7038 44.8514 100.856
477 47.884 39.1389 110.456
478 49.5405 29.1493 120.293
479 37.9616 54.8665 106.056
480 38.1482 59.9854 13.8035
481 49.372 63.7653 -0.219315
482 52.0029 68.2491 12.805
483 49.5706 49.571 -0.203362
484 36.2248 35.6356 26.4701
485 37.515 54.3772 30.8066
486 62.9914 62.6621 33.5995
487 30.8434 59.5583 13.2364
488 54.8827 55.7808 11.3663
489 41.0275 61.229 23.1723
490 30.666 62.6506 30.7579
491 42.4821 54.4153 24.7766
492 42.5186 56.9767 24.7781
493 52.3458 55.4221 46.9887
494 47.0775 44.4068 38.1421
495 49.2201 66.7188 28.9501
496 43.4597 42.9141 27.9356
497 39.7769 68.4572 45.4449
498 34.5387 58.0487 54.8808
499 39.0785 63.2236 57.716
500 49.5551 38.2719 69.2702
501 33.9756 53.8485 48.5826
502 37.6687 62.7762 39.4952
503 49.6304 53.0702 66.9027
504 33.1595 58.4563 53.3752
505 49.4298 67.0176 53.244
506 48.5227 65.8051 56.0741
507 49.2123 79.6854 78.9556
508 38.7025 50.3224 83.9312
509 37.7762 60.8669 76.2963
510 30.1087 52.111 59.2969
511 41.5261 55.2547 60.6109
512 40.9365 55.7402 50.3626
513 27.569 57.2739 61.0348
514 50.6766 73.2481 104.102
515 37.9888 68.8149 79.3711
516 53.5344 59.0611 89.7605
517 46.3464 62.8284 85.0872
518 30.8213 67.3903 75.0885
519 43.4746 60.13 76.134
520 40.9188 51.3768 82.6119
521 43.7492 63.2234 85.1847
522 46.3854 59.7095 78.9478
523 59.2175 44.4872 98.3543
524 43.3502 45.658 91.201
525 44.8319 53.3699 101.632
526 28.2137 57.7393 112.147
527 36.5065 43.4162 108.546
528 35.34 46.2471 109.013
529 40.7359 48.9195 120.53
530 39.1967 59.3967 89.7169
531 30.9668 61.8935 125.198
532 25.1682 57.087 110.561
533 57.2039 70.4017 124.789
534 33.8054 67.7377 110.294
535 48.0366 64.0731 112.99
536 64.8463 54.0424 101.369
537 32.5056 80.8193 -0.188523
538 43.5375 84.0726 -0.295476
539 25.146 72.0961 7.26216
540 56.9875 70.9109 9.89137
541 52.2513 82.6362 17.7753
542 23.7668 80.8273 0.135181
543 32.2102 55.5077 0.00902435
544 46.9273 72.1864 17.3597
545 42.3524 77.0044 21.7366
546 51.4089 73.9262 27.4753
547 39.5413 92.6561 14.963
548 40.9982 64.9809 14.5014
549 52.36 77.4503 20.2853
550 57.9161 64.0736 28.8846
551 64.0614 94.0789 29.9319
552 49.7041 90.5407 31.6576
553 28.8911 73.9156 42.5958
554 42.7067 78.3818 38.2941
555 48.5221 70.8747 51.8706
556 25.3171 74.0326 25.1125
557 27.0156 85.626 31.2912
558 48.4779 54.071 36.4781
559 42.6318 80.0071 21.7299
560 45.4426 62.7552 39.5346
561 48.0916 79.7617 36.1909
562 66.2703 70.4285 40.5264
563 63.7658 92.4557 46.5388
564 34.1196 77.3177 50.7125
565 60.8233 78.1037 28.7194
566 31.3571 81.5429 40.4655
567 57.0232 88.3437 44.7772
568 53.2639 83.5482 58.8155
569 64.6511 63.1317 54.6273
570 52.4729 87.3071 60.4754
571 22.0672 57.0495 53.4433
572 43.8725 67.4607 43.9716
573 49.4053 76.7774 72.3223
574 64.8208 57.1284 45.2693
575 31.2807 79.1158 55.1498
576 30.7772 58.8056 68.5099
577 35.6449 76.5334 44.9594
578 18.7539 69.6024 50.8306
579 43.475 82.1855 75.8527
580 51.5285 82.2625 57.313
581 46.8271 93.7067 69.6273
582 42.5038 95.4015 77.0425
583 56.9082 68.9751 67.1271
584 30.7879 89.721 86.4014
585 42.2788 83.7299 77.6543
586 45.2238 93.38 65.9212
587 44.8988 89.6007 83.1449
588 43.5707 91.0764 84.8768
589 26.1612 71.6512 91.3546
590 53.9042 84.3856 101.028
591 49.0814 86.2064 102.554
592 47.7197 67.1694 86.5915
593 46.3824 78.9899 99.6842
594 18.1923 77.2874 94.4116
595 45.03 84.517 112.839
596 40.703 88.5002 90.9923
597 46.4658 64.9271 109.401
598 16.3705 64.2679 95.8923
599 42.0056 78.386 101.295
600 26.4301 65.9588 106.054
601 43.8113 89.018 111.407
602 47.7014 71.9331 108.725
603 48.7499 93.134 118.418
604 53.4237 81.7884 101.053
605 28.051 81.6403 104.43
606 49.4277 91.7866 96.5475
607 40.754 57.4782 105.909
608 54.9829 61.9951 103.378
609 53.7848 83.1898 111.096
610 39.0653 79.1179 110.158
611 50.9645 74.2263 112.658
612 42.5052 87.1978 112.927
613 38.2412 73.4608 118.832
614 44.746 87.694 112.869
615 53.7137 79.7304 112.866
616 38.8645 96.7218 7.1425
617 43.7557 114.258 1.68475
618 54.9692 112.366 -0.401035
619 26.6594 95.269 8.89726
620 49.1354 114.406 1.71525
621 53.5393 101.204 13.9663
622 59.205 98.1622 11.5056
623 38.1218 108.329 13.795
624 40.9751 85.246 11.0432
625 37.0257 111.059 4.16007
626 49.5053 102.477 10.2513
627 24.1219 114.199 9.85307
628 54.558 108.393 33.0288
629 25.4582 110.509 41.0856
630 31.7829 108.31 24.9215
631 36.7095 84.3582 31.9321
632 39.8277 83.2161 24.6965
633 23.525 110.718 31.314
634 70.9461 100.926 18.0534
635 21.8646 98.2439 26.5158
636 64.1424 114.589 26.6333
637 27.8615 89.3348 44.4099
638 56.9742 96.3291 41.7872
639 48.4941 93.7991 39.2621
640 44.7729 97.7449 53.1975
641 52.0242 96.1377 51.5567
642 62.8545 95.8606 57.2797
643 36.2251 101.96 60.672
644 41.6285 89.0353 49.9348
645 54.204 113.446 35.3742
646 45.953 96.092 48.128
647 51.2644 85.537 53.9972
648 50.5443 111.26 75.1405
649 34.3208 110.885 75.0746
650 41.8929 94.886 64.8868
651 39.633 111.333 68.8646
652 48.0161 92.3846 83.2815
653 55.9319 111.074 57.231
654 38.4276 90.4711 60.8854
655 40.6668 97.253 90.7197
656 49.5334 100.572 64.8615
657 36.7819 98.457 91.9264
658 47.8508 103.844 88.6958
659 46.3844 99.5782 87.7487
660 36.695 95.208 80.2041
661 48.1141 110.83 63.3673
662 64.1264 111.131 59.7023
663 50.2501 111.024 57.2348
664 38.0559 113.45 94.0112
665 42.6272 114.813 96.9463
666 41.7726 111.131 83.9455
667 33.7142 92.8055 86.4893
668 39.4263 98.8954 92.2309
669 34.1233 97.9127 76.6715
670 43.9997 93.7556 75.5333
671 20.841 97.6697 96.9767
672 42.2409 101.244 92.0987
673 45.0638 101.319 89.1582
674 35.2935 90.1951 100.012
675 39.3265 106.57 101.353
676 47.9156 114.947 96.2871
677 45.1511 114.982 99.7659
678 53.5976 114.926 106.08
679 31.7231 115.381 114.122
680 42.6598 90.6264 124.664
681 42.1184 97.6215 116.648
682 43.8399 107.689 119.096
683 36.5774 90.3846 124.697
684 50.7775 115.292 111.308
685 35.1589 104.14 111.244
686 33.3797 115.137 110.881
687 41.8953 115.149 122.53
688 36.8029 96.2777 124.555
689 57.5142 102.078 124.658
690 59.478 113.278 124.066
691 66.5701 4.3284 0.286344
692 69.2326 32.5279 -0.21697
693 79.1808 23.8935 1.09119
694 74.0797 18.4485 6.26325
695 66.412 15.0664 0.0981873
696 62.5798 14.0655 16.168
697 81.0436 -0.171519 25.4378
698 72.5378 -0.825039 18.3392
699 62.3951 18.3292 13.2432
700 72.8928 -0.303906 30.4421
701 29.2651 -0.592609 1.8424
702 64.2091 -0.852185 19.6479
703 67.1718 -0.240126 24.9961
704 61.3457 10.1509 20.5998
705 61.0005 5.5561 13.3759
706 67.5223 2.72424 47.9082
707 50.4043 14.0824 44.7169
708 93.7329 16.1002 29.5126
709 83.2892 30.4211 44.0032
710 77.8592 21.5907 43.5279
711 86.9102 -0.303765 24.7335
712 66.445 10.6787 43.9074
713 52.0124 14.7559 48.9591
714 66.1569 8.71264 42.9927
715 68.5158 11.8059 36.3337
716 58.2407 13.5782 41.1403
717 69.6018 13.1594 37.6717
718 86.6273 22.4096 62.5967
719 46.2683 4.19062 75.6369
720 92.0686 25.7688 85.064
721 71.6416 12.4046 65.9036
722 61.7308 3.99022 69.4543
723 66.2535 24.7118 72.3467
724 69.4748 2.67451 80.2518
725 82.5755 4.50544 73.3175
726 47.1631 10.194 72.9051
727 93.1134 4.24795 61.3526
728 58.616 14.6172 103.053
729 71.0667 8.56339 92.4441
730 60.5862 15.3089 96.9945
731 63.8765 12.3046 96.8863
732 71.1057 0.311492 98.936
733 83.5532 9.58282 108.521
734 83.0021 10.5866 118.548
735 83.6028 9.22394 120.015
736 86.5414 21.6162 111.339
737 68.9986 20.5409 117.368
738 67.9453 0.281834 112.008
739 73.4526 24.7479 104.258
740 82.5326 16.7767 124.597
741 62.3558 19.2518 118.907
742 72.4674 13.6015 119.518
743 80.6849 29.2203 114.189
744 59.4123 0.449299 120.502
745 62.1684 16.1148 125.076
746 62.455 0.106955 111.736
747 59.68 16.3419 124.903
748 71.7928 26.7823 -0.296728
749 72.4037 41.0872 -0.297302
750 88.0415 52.6956 10.422
751 80.1226 27.1567 23.0212
752 72.3656 32.2924 -0.310518
753 63.7902 18.3291 -0.0109859
754 68.0327 44.8367 18.6968
755 52.1743 46.8603 14.5068
756 52.5209 27.0935 29.3212
757 68.0499 20.2533 24.8717
758 59.7563 28.3404 13.3046
759 58.1958 33.2023 32.0629
760 53.5545 25.4836 47.4483
761 76.2886 45.7381 39.408
762 60.3049 27.4326 31.9644
763 83.9835 21.0559 62.4917
764 74.0009 43.0899 48.4281
765 59.7886 34.2564 48.1399
766 58.1489 30.987 49.8151
767 72.2213 14.5197 48.9015
768 75.326 25.2277 55.8256
769 73.7473 46.1679 36.4715
770 66.8049 38.8678 35.0021
771 89.0998 39.3896 34.9437
772 74.0691 40.6688 39.3796
773 83.3352 32.9891 82.368
774 77.4263 32.5238 75.5596
775 54.4007 43.2284 68.2911
776 61.2747 33.3783 65.8932
777 67.6012 57.6043 64.3073
778 93.38 31.3385 80.8278
779 93.1557 32.2004 62.1641
780 62.1962 42.834 73.9764
781 45.1355 25.3555 83.6556
782 68.9803 50.0762 70.0108
783 74.8994 38.4495 90.9176
784 91.65 18.0961 93.6436
785 75.0655 24.2807 87.8707
786 75.6204 53.375 89.4634
787 60.3319 21.1172 90.9897
788 62.8715 44.7799 101.417
789 52.0714 33.5418 90.8419
790 72.374 42.0381 66.6122
791 86.6949 43.7007 81.5255
792 62.3455 33.9007 83.52
793 76.1623 28.3083 86.6687
794 65.2433 23.4348 105.778
795 72.2451 35.1404 108.498
796 49.3875 34.1385 108.896
797 65.3308 32.0323 94.3881
798 67.9018 42.5755 104.324
799 60.7064 43.297 97.1641
800 78.0492 41.0882 111.331
801 79.3194 22.5029 95.3182
802 97.795 22.2561 98.6422
803 76.3292 42.4693 89.353
804 59.515 24.9866 124.847
805 71.1297 30.8776 124.656
806 62.0627 24.9846 116.016
807 83.622 27.93 114.657
808 66.8192 34.6896 111.564
809 82.0822 31.0116 115.621
810 89.8059 49.4913 -0.814012
811 69.8423 58.2147 -0.828008
812 52.252 61.0986 -0.276017
813 59.7097 56.8823 12.8299
814 64.87 62.4583 9.8399
815 72.0775 49.998 8.46447
816 65.3207 59.0496 15.7479
817 92.3469 72.7508 16.7079
818 63.6243 52.1344 -0.373049
819 82.5937 57.0207 12.6087
820 82.4117 45.5119 9.8003
821 70.9913 57.0688 15.6034
822 58.5282 72.6516 25.812
823 81.3854 38.6515 17.183
824 72.3368 60.9976 34.7429
825 72.4121 57.1442 26.5217
826 82.3834 78.4443 17.2073
827 56.5787 64.1273 5.48817
828 88.7751 73.0074 40.7833
829 73.4998 66.7812 19.6958
830 77.8283 70.3065 37.3966
831 86.508 67.6101 37.7223
832 73.4032 81.4757 35.335
833 96.19 40.0539 45.1411
834 70.8206 52.9926 37.9293
835 72.4859 72.1363 22.755
836 86.4453 72.9183 34.3896
837 76.4156 74.0114 39.0451
838 80.6734 55.9779 40.941
839 92.7009 62.4298 75.2287
840 56.3956 60.4509 48.2792
841 60.6769 70.3204 49.5422
842 63.2404 58.7708 76.4262
843 63.055 64.3372 56.6306
844 55.8102 72.457 74.0504
845 79.6159 51.3414 70.4672
846 82.8149 50.0366 64.757
847 71.6611 60.7129 57.723
848 84.468 56.5688 60.199
849 63.3658 43.2224 97.0265
850 77.3591 57.6106 83.6491
851 72.9993 48.1711 92.2937
852 75.6713 71.6961 102.312
853 78.6079 49.1384 78.9305
854 64.8024 57.2681 78.0008
855 70.5747 44.6895 67.6708
856 73.3514 65.6396 100.944
857 67.6859 50.95 86.7611
858 64.3996 69.0335 105.535
859 77.6116 44.0405 88.013
860 36.2767 58.8504 107.293
861 66.3107 34.8682 90.8843
862 69.6885 66.0727 111.361
863 96.2321 100.051 124.307
864 57.1495 57.5332 100.0
865 85.2107 43.1654 115.406
866 63.7569 31.7991 99.8652
867 75.134 72.6354 116.958
868 86.5353 44.9457 114.277
869 85.1309 46.4463 112.701
870 81.1449 47.9215 125.094
871 71.4057 67.7892 124.58
872 79.609 55.7683 124.437
873 93.2466 67.5328 106.53
874 73.7371 63.4761 115.946
875 87.9165 59.5712 124.282
876 89.3251 70.3381 7.95868
877 58.4884 72.3439 8.47609
878 86.3399 89.4773 8.09963
879 65.0119 80.8623 4.36735
880 63.9205 92.4717 -0.651745
881 60.5457 72.838 -0.345012
882 66.9194 71.1603 18.0251
883 63.6152 83.3552 5.28337
884 69.5438 63.5835 -0.64389
885 64.1024 86.8773 5.4713
886 79.2451 86.7484 42.4745
887 73.7839 81.8455 9.6248
888 76.8497 62.1984 18.516
889 74.6399 66.9401 16.9409
890 85.9076 83.6631 37.5798
891 57.7442 86.7795 14.1349
892 76.3857 76.5303 30.0396
893 63.6859 67.0139 17.1533
894 76.9705 89.8089 42.9341
895 74.6017 81.2538 43.2578
896 77.0215 78.4644 37.2749
897 77.2264 67.3318 50.0741
898 72.0066 85.3296 25.3207
899 86.4161 70.3609 34.5399
900 66.8283 94.76 58.6028
901 71.4619 85.4555 29.8824
902 80.3192 71.3139 54.9479
903 74.7939 90.2436 64.5515
904 60.4425 74.9934 53.0148
905 66.4861 63.9679 37.7728
906 84.5831 83.3386 79.991
907 64.2134 71.4443 54.6007
908 62.7058 64.5638 73.0831
909 58.009 91.2921 93.5303
910 66.7624 89.1021 55.8829
911 77.1381 67.995 78.8006
912 89.0012 89.8012 78.4467
913 67.8117 94.4858 74.0616
914 68.7262 74.6783 69.6933
915 80.3605 97.3115 74.1669
916 84.434 71.4815 99.0588
917 51.717 54.7511 94.0459
918 57.2675 71.4715 96.8701
919 45.1175 85.838 85.6519
920 78.6555 68.2634 83.9569
921 86.1547 85.9051 60.6421
922 71.0147 77.0554 93.3751
923 56.4301 68.9853 111.178
924 62.1246 76.1414 103.907
925 52.0223 83.0306 99.5196
926 62.2075 78.9131 100.876
927 67.9594 90.8254 72.6803
928 70.7338 77.4492 107.048
929 85.5984 84.8983 124.067
930 59.4672 84.8004 124.419
931 80.1254 70.8456 124.405
932 84.5677 86.0669 113.678
933 77.8915 84.8626 113.545
934 68.4646 70.6658 124.678
935 70.8133 78.9469 124.443
936 68.3672 70.6715 115.599
937 68.4454 90.8548 124.441
938 79.4458 99.2108 9.58628
939 58.314 108.186 9.64244
940 56.7629 93.7239 6.85498
941 69.3498 92.1461 -0.697542
942 72.5017 114.657 29.8726
943 54.0061 113.855 30.1618
944 97.141 112.305 28.2249
945 59.2655 95.5499 22.8914
946 60.9982 114.486 6.99457
947 86.2797 114.388 12.2406
948 45.2182 106.029 24.248
949 66.7657 92.9293 28.5985
950 62.4312 103.056 32.5832
951 71.1367 112.611 45.6975
952 47.0036 89.5316 41.0781
953 65.0642 102.652 35.6691
954 92.1153 106.935 25.2714
955 48.2072 87.0095 28.9623
956 71.0695 101.436 42.6721
957 95.6841 111.116 72.1474
958 71.4685 91.5431 71.2831
959 83.2038 92.8282 75.2826
960 72.9331 89.9216 28.3831
961 68.9915 111.905 47.5479
962 82.8903 110.129 54.9067
963 61.7671 113.739 35.8726
964 62.8347 84.0569 43.1564
965 70.0122 96.895 55.555
966 57.3244 99.257 51.1669
967 72.1763 110.71 57.7019
968 82.3893 99.9661 62.3483
969 85.2512 95.524 68.4466
970 94.7329 89.0172 63.3638
971 79.1601 110.949 75.3624
972 77.2613 94.1933 71.1797
973 86.3435 89.9406 69.1244
974 88.0535 113.206 42.0147
975 67.7698 105.253 80.0453
976 56.5278 103.971 100.661
977 77.8525 112.596 88.2794
978 66.4397 105.423 87.0625
979 63.0508 93.0598 72.508
980 69.4148 87.2057 91.4509
981 98.0574 110.91 69.4994
982 65.0394 114.449 90.1826
983 77.9127 106.553 83.793
984 56.2268 87.0369 100.911
985 80.4134 113.664 92.2586
986 64.8198 114.67 98.1144
987 64.9432 98.8408 100.692
988 50.4054 110.716 124.529
989 70.1771 87.3641 97.6455
990 60.903 100.316 102.351
991 91.1685 114.836 101.353
992 61.0686 93.3733 106.237
993 73.2586 114.243 87.3117
994 73.1728 90.2848 97.3882
995 75.2667 114.819 95.6506
996 71.6158 94.5618 110.762
997 68.208 114.535 101.625
998 67.485 101.984 123.906
999 62.1552 115.27 119.125
1000 76.5007 107.675 123.797
1001 65.1388 94.2371 124.36
1002 90.818 90.8065 123.849
1003 57.9819 90.4272 120.603
1004 85.0936 115.11 113.244
1005 50.8314 115.236 116.372
1006 95.8259 104.917 114.692
1007 72.3612 105.935 119.262
1008 113.922 12.5575 0.886952
1009 105.645 19.852 4.18602
1010 87.8859 19.3003 7.16915
1011 106.641 -0.373911 10.2155
1012 89.1617 3.32026 -0.549942
1013 96.7306 17.2652 10.065
1014 93.7435 20.2682 9.99131
1015 114.609 42.4294 15.3518
1016 107.017 1.3909 26.2606
1017 96.3299 1.35495 42.8844
1018 92.2207 11.5484 9.9862
1019 102.293 1.45841 32.3241
1020 86.5239 20.9546 17.4698
1021 71.1273 12.6742 20.9141
1022 103.621 18.1525 29.0611
1023 104.973 1.61241 43.3579
1024 98.4993 8.90487 41.9606
1025 100.697 27.2617 40.8062
1026 99.2207 21.5697 36.5517
1027 91.2846 0.284002 27.5618
1028 87.8524 26.0981 18.7409
1029 79.6595 14.6342 44.8501
1030 87.7241 20.1331 57.0011
1031 77.4822 9.60876 68.9863
1032 111.943 3.21793 57.7704
1033 106.406 12.5 66.1154
1034 99.0622 21.7628 72.6725
1035 81.3129 3.48532 53.7265
1036 104.16 20.2461 48.3293
1037 105.025 1.73708 46.5941
1038 97.6571 24.6789 73.5494
1039 92.2057 9.09904 80.8195
1040 111.805 14.4109 55.7902
1041 85.3079 4.42831 75.7401
1042 109.339 2.53242 83.1347
1043 85.8214 2.39185 50.8143
1044 112.847 3.34146 60.1666
1045 97.4579 24.9441 67.5393
1046 100.862 8.52382 72.4663
1047 80.9814 10.038 87.7958
1048 100.874 1.96601 94.6784
1049 114.266 6.33329 99.5156
1050 104.111 3.6449 70.0891
1051 102.343 22.566 80.742
1052 113.128 8.50455 76.8007
1053 113.4 26.2421 85.3176
1054 90.5429 0.813277 102.258
1055 89.472 2.98292 79.7105
1056 84.9726 16.457 98.3289
1057 111.78 1.7055 101.235
1058 94.7243 1.46902 94.0074
1059 99.2428 11.305 92.1945
1060 92.245 14.9535 93.9132
1061 106.628 26.5884 85.129
1062 85.0203 19.6253 98.1912
1063 91.119 0.303241 108.46
1064 83.5157 2.63288 86.7975
1065 113.724 1.79718 103.875
1066 100.648 5.07559 113.208
1067 115.305 13.855 113.644
1068 113.706 5.23523 123.954
1069 100.179 16.2181 98.4473
1070 91.9829 35.5382 -0.729972
1071 89.3228 43.2394 -0.694749
1072 92.3426 18.8005 2.76695
1073 99.6769 45.9405 15.5514
1074 100.75 42.6467 2.63026
1075 99.3826 44.4514 3.8003
1076 104.212 32.5791 11.0472
1077 86.594 31.8529 11.4422
1078 102.438 38.3232 11.0943
1079 91.9242 46.5354 23.0384
1080 92.0518 49.3836 23.0354
1081 113.509 42.0769 33.2788
1082 79.2803 40.3738 39.4208
1083 110.627 40.9691 57.0492
1084 114.075 24.3686 20.9224
1085 95.2122 41.4346 34.7552
1086 93.6631 37.4629 36.4683
1087 113.998 44.905 18.4364
1088 101.987 51.5047 21.3572
1089 96.6955 28.663 36.2643
1090 85.2074 31.2467 24.606
1091 83.8685 30.2062 46.2551
1092 91.356 14.0328 57.764
1093 99.6811 35.5375 55.9212
1094 92.3472 27.1237 62.5684
1095 101.089 57.1227 43.3178
1096 85.5842 46.2077 42.4149
1097 103.084 27.5019 40.763
1098 97.2101 38.3899 55.5855
1099 110.815 29.3446 68.9656
1100 94.0444 35.6166 58.7835
1101 104.356 36.9116 51.6113
1102 111.226 11.7795 61.6112
1103 88.0427 29.7056 61.9631
1104 92.5037 54.3173 69.2129
1105 90.5964 36.1948 80.6484
1106 97.3355 27.4539 67.2282
1107 82.0227 23.3186 57.1887
1108 94.3157 30.4497 55.6214
1109 112.085 37.059 32.0884
1110 113.606 12.3232 101.508
1111 101.387 41.4249 71.3526
1112 113.395 29.5215 89.0232
1113 102.884 35.8867 64.8265
1114 88.8432 46.9669 79.2549
1115 88.7887 39.3458 88.3021
1116 114.561 30.5583 106.51
1117 93.0748 39.5977 83.6404
1118 101.95 37.8284 78.4492
1119 84.8699 15.4878 89.4368
1120 74.935 41.0189 87.7792
1121 90.3603 50.7833 92.1843
1122 97.608 36.9034 90.9383
1123 89.1086 42.8138 102.327
1124 90.4145 39.6292 86.4134
1125 113.487 46.7243 94.9397
1126 110.378 43.9821 66.1056
1127 92.1318 32.5282 111.08
1128 97.6459 37.6597 102.289
1129 102.39 44.6399 115.112
1130 111.222 25.0163 123.912
1131 113.853 39.4092 123.747
1132 107.918 46.2413 104.366
1133 115.272 42.519 113.722
1134 105.122 44.9908 124.12
1135 105.044 35.004 109.569
1136 84.9744 59.4003 124.384
1137 92.1754 55.1124 8.27657
1138 106.626 54.1016 12.5853
1139 91.9436 52.6339 -0.548536
1140 102.952 57.0445 15.3357
1141 113.851 36.1258 27.3545
1142 110.802 74.6226 59.0799
1143 114.007 66.6116 9.04121
1144 91.0138 53.9222 12.6451
1145 89.4053 52.4926 14.1611
1146 111.697 59.9238 40.6578
1147 113.793 52.5642 3.27293
1148 102.309 58.3034 8.35134
1149 99.1523 76.9042 32.8953
1150 85.7128 57.0355 18.5828
1151 89.8386 57.6255 48.8161
1152 103.627 53.0891 25.9488
1153 99.3817 47.4892 40.4831
1154 92.2298 69.9683 28.448
1155 97.1371 50.4127 34.9991
1156 88.9441 78.1031 37.5515
1157 114.009 58.4516 9.61145
1158 98.6167 61.7603 51.1246
1159 95.9844 64.3166 51.3265
1160 113.645 58.0018 35.5461
1161 110.517 62.7572 57.1907
1162 92.9268 48.2587 60.5496
1163 89.7583 51.0273 69.2809
1164 92.9639 45.3992 60.2847
1165 110.285 63.6055 60.3688
1166 99.3906 57.3888 30.3782
1167 110.835 33.0658 78.3196
1168 88.6341 81.4158 75.4128
1169 115.135 73.4546 104.739
1170 103.19 63.0 52.7953
1171 107.602 41.3871 76.5687
1172 110.518 55.5948 72.3376
1173 89.9416 57.1009 74.6213
1174 95.6499 50.8305 57.4866
1175 85.3866 51.9299 76.6028
1176 98.6976 73.2321 56.6461
1177 97.7196 69.1311 83.2028
1178 83.1805 66.1163 96.3417
1179 88.5037 44.9386 64.7907
1180 110.808 49.726 67.0633
1181 103.449 57.1091 72.1008
1182 94.4058 55.0596 85.4377
1183 98.9425 50.1935 100.841
1184 95.7648 56.2127 78.7451
1185 74.5705 68.032 93.4361
1186 92.2047 47.2095 82.7634
1187 110.532 73.2286 79.0633
1188 111.012 54.1301 86.2263
1189 114.614 35.063 104.749
1190 110.43 50.6553 77.8808
1191 108.195 60.2118 92.6498
1192 84.9918 54.7817 108.535
1193 115.542 45.0714 104.88
1194 96.2667 71.2017 106.245
1195 103.373 45.7681 102.393
1196 96.9705 59.017 100.752
1197 84.9085 67.4421 97.9889
1198 99.4319 63.2691 104.728
1199 91.5862 62.8698 93.4487
1200 99.2226 60.5068 106.639
1201 84.5135 56.4045 118.346
1202 87.5235 59.113 118.196
1203 108.073 56.6015 123.823
1204 98.3669 68.899 113.659
1205 93.7414 57.0136 124.196
1206 108.077 64.818 123.689
1207 81.3526 83.7434 -0.85866
1208 89.1913 80.5875 -0.878521
1209 100.878 90.0087 7.99445
1210 113.766 75.3944 3.50112
1211 86.7139 88.4192 25.4444
1212 106.564 82.4395 10.5747
1213 86.5063 80.4847 -0.974706
1214 78.0147 69.8165 19.8409
1215 86.3979 76.8434 10.567
1216 113.819 87.0232 0.651306
1217 111.959 92.6129 31.6597
1218 112.401 71.4424 31.9551
1219 102.186 83.6182 23.909
1220 73.6624 75.5804 20.5902
1221 98.8844 77.0802 21.1489
1222 112.819 103.936 30.4148
1223 89.2125 81.7097 22.5315
1224 77.4521 86.6747 11.0683
1225 89.5209 68.4961 16.5939
1226 99.1721 83.9944 53.0795
1227 104.67 72.0929 41.8896
1228 95.6176 59.2435 60.4245
1229 95.2792 83.6196 31.3319
1230 100.643 77.8297 31.6005
1231 85.0808 66.1288 36.151
1232 112.812 68.2099 31.2731
1233 70.953 99.7858 41.5083
1234 93.2442 72.3367 47.6323
1235 94.5512 68.6051 49.2556
1236 94.5987 92.6078 72.2323
1237 93.5445 81.744 49.9662
1238 111.147 88.1895 50.3196
1239 98.184 88.354 51.0834
1240 87.6924 82.7401 67.8954
1241 99.8122 72.8844 67.0483
1242 89.3727 75.4416 69.9431
1243 113.658 74.2181 91.745
1244 87.339 76.3441 68.5038
1245 110.891 94.5739 62.1221
1246 97.0067 76.1265 81.3835
1247 110.081 79.2578 74.0802
1248 92.1483 90.8299 50.7464
1249 93.1 80.3118 88.9696
1250 110.238 78.0178 65.2095
1251 90.296 98.1798 91.4506
1252 87.0471 73.0625 69.5094
1253 110.833 53.4937 63.5938
1254 94.0304 69.5871 70.053
1255 87.6647 87.9136 94.4283
1256 113.449 71.3843 94.6614
1257 70.3091 87.6604 85.8517
1258 114.764 93.1072 103.746
1259 94.4354 88.7177 95.8738
1260 94.6772 90.2504 102.746
1261 111.106 61.4207 86.8734
1262 93.2756 95.7127 97.357
1263 86.4162 75.2397 110.928
1264 93.1042 74.3752 92.2401
1265 104.656 79.006 100.371
1266 107.819 76.3231 111.882
1267 88.1749 73.7293 123.939
1268 115.348 73.8378 110.51
1269 93.784 69.1477 124.734
1270 115.362 87.6816 113.194
1271 107.901 79.4294 111.855
1272 96.3568 85.1182 117.671
1273 93.3213 85.1855 117.776
1274 109.277 81.6318 119.1
1275 93.5493 60.6118 110.805
1276 115.34 82.2 116.268
1277 96.5248 88.0095 123.893
1278 82.4046 80.565 115.802
1279 105.27 90.5075 114.622
1280 105.132 76.2324 120.569
1281 110.848 92.3557 6.47818
1282 95.0865 114.164 12.2103
1283 112.088 114.151 6.30783
1284 113.966 97.6246 14.7856
1285 99.3837 109.576 12.9807
1286 103.381 104.577 21.17
1287 108.136 102.838 19.2972
1288 87.7785 96.6732 35.362
1289 80.2972 69.6827 -1.16492
1290 112.186 101.113 28.0464
1291 103.306 103.509 19.7431
1292 86.8285 108.316 35.0617
1293 111.568 102.248 54.6466
1294 111.481 111.213 28.4128
1295 75.354 114.348 34.9557
1296 95.1459 91.9363 28.5189
1297 86.1237 97.8949 36.8992
1298 111.688 86.9598 40.2621
1299 105.531 100.987 52.1624
1300 101.972 83.5929 47.0822
1301 86.5549 102.819 34.1297
1302 76.7312 102.84 55.8369
1303 94.5698 102.885 50.188
1304 111.713 98.5171 46.8398
1305 113.744 96.1785 82.8481
1306 106.535 113.248 99.3656
1307 103.837 84.1792 53.0215
1308 89.906 99.0095 56.2677
1309 108.587 112.607 63.1668
1310 83.677 92.5535 69.3529
1311 78.9872 99.1522 78.5113
1312 113.075 99.1105 74.8437
1313 107.739 112.386 51.5413
1314 95.5314 112.999 96.7001
1315 112.59 109.679 43.3687
1316 104.379 98.4801 64.024
1317 103.244 96.0582 95.9083
1318 95.0897 112.655 88.1989
1319 90.6883 108.044 102.994
1320 90.1844 78.5538 86.0483
1321 111.565 80.6904 80.1328
1322 113.808 83.0711 97.2873
1323 113.576 96.5156 90.913
1324 87.2417 113.485 123.613
1325 94.9394 94.256 98.7899
1326 113.13 77.2108 87.4739
1327 87.7402 101.66 100.21
1328 115.412 90.6052 121.719
1329 113.621 109.756 82.116
1330 100.633 108.753 104.226
1331 81.9924 115.015 110.686
1332 87.5132 94.6426 104.735
1333 96.3041 110.306 111.603
1334 103.564 96.2159 114.475
1335 87.7022 106.964 111.793
1336 114.306 104.71 123.231
1337 115.223 101.46 118.502
1338 115.15 101.783 115.463
1339 105.473 110.286 123.633
1340 115.047 109.946 104.04
1341 85.2207 94.6701 105.083
