0 6.55144 15.7138 0.902909
1 6.95942 9.60785 7.2163
2 16.4055 28.2791 13.8277
3 26.5164 -0.604316 14.1837
4 26.8257 4.23149 0.973223
5 9.6344 4.62769 4.37039
6 4.14879 9.76311 4.36166
7 12.5378 2.63851 11.6214
8 23.9503 15.6069 0.842466
9 1.09493 15.2934 1.31626
10 -0.439571 29.7097 25.9999
11 21.2574 7.36399 18.42
12 17.2132 7.18936 34.0859
13 9.76419 -0.434518 19.8611
14 21.1655 -0.393093 16.8903
15 6.46446 21.4078 32.8674
16 -0.703584 17.6318 31.3847
17 28.2636 16.8516 34.1624
18 -0.0703356 1.93207 49.1297
19 17.1086 21.4356 31.8507
20 31.1191 11.4233 42.8131
21 12.9703 -0.10249 60.243
22 28.6214 12.475 46.0609
23 21.2565 -0.286283 25.7372
24 -0.137754 24.1924 54.3904
25 34.5306 15.0461 57.1735
26 10.666 17.3388 63.5095
27 7.4073 25.9749 50.9226
28 20.6105 13.2114 76.3742
29 18.8816 -0.370359 48.5826
30 16.0576 19.7526 50.8194
31 10.1288 -0.207691 54.3704
32 25.7184 14.6892 45.7755
33 11.7319 17.4916 60.2958
34 0.230923 18.7599 72.272
35 21.7095 11.5141 62.3858
36 13.6591 2.90183 66.5375
37 16.0044 31.7503 58.3084
38 9.94527 -0.155918 57.4255
39 24.8863 -0.223544 65.7903
40 24.8704 -0.19675 79.6901
41 19.5275 13.1072 67.419
42 12.3395 12.0054 74.6738
43 5.92987 13.3594 87.7887
44 17.6182 17.8084 83.2482
45 19.6802 0.120156 77.719
46 12.095 7.33471 75.1562
47 0.474323 7.62998 86.2213
48 26.1177 8.11406 68.7743
49 46.8177 24.7701 90.2795
50 11.4461 12.0611 100.325
51 22.6212 23.3314 106.979
52 0.242058 16.4624 98.7272
53 20.9695 11.4188 100.451
54 23.5013 7.87546 96.5828
55 30.0126 6.27319 100.582
56 24.24 17.6257 91.9108
57 4.18067 17.7974 95.0953
58 0.417891 16.3263 89.0871
59 9.71457 13.6839 105.567
60 3.94179 13.5443 106.386
61 11.2191 0.296142 103.587
62 28.0562 10.7122 116.595
63 25.6346 10.6805 116.521
64 3.07163 0.654993 112.033
65 16.8355 4.86024 113.447
66 16.5903 33.2933 8.07747
67 20.9733 41.333 9.36924
68 19.6136 39.6983 7.93575
69 -0.731896 44.0935 13.6844
70 16.9178 25.1881 11.1321
71 0.475576 55.5724 0.769266
72 21.003 29.5742 0.833959
73 1.04661 18.1462 1.24598
74 2.30203 28.5065 31.3393
75 -0.517417 32.8139 39.2328
76 9.7995 30.9549 18.4615
77 13.8159 38.4846 16.9163
78 -0.312959 26.7396 31.9243
79 8.3438 38.6465 35.5234
80 11.4913 41.4716 48.5691
81 16.0494 40.3594 42.283
82 12.5522 37.2664 37.2596
83 12.7595 33.0732 44.2623
84 21.3596 55.7498 32.381
85 -0.191645 44.5626 39.9145
86 11.1801 41.2691 32.8099
87 13.0428 37.3134 47.624
88 18.7149 46.9061 44.0008
89 -0.206899 27.2238 40.5777
90 31.336 35.6449 34.5665
91 31.2884 36.0361 42.7611
92 -0.0386125 38.681 57.6995
93 11.7744 25.926 45.6551
94 5.27747 17.0629 37.3209
95 24.5189 32.4995 55.7166
96 11.4498 53.0844 55.7457
97 27.8101 39.9714 45.4058
98 15.4773 38.6358 52.9483
99 7.5887 33.4514 70.0305
100 20.1598 26.2603 68.775
101 17.3483 31.2037 54.3203
102 -0.00560227 16.9048 63.2124
103 21.6545 47.7559 55.5491
104 17.5365 43.0262 51.2724
105 13.2442 43.7107 70.3081
106 31.7602 33.3387 65.6335
107 12.3193 26.0856 77.3304
108 29.2647 24.5319 75.4981
109 26.1488 33.2159 73.836
110 19.3908 36.5947 81.7053
111 0.34502 36.4344 88.9746
112 33.4221 40.4981 81.4902
113 20.7862 36.1747 89.8727
114 20.8824 24.7001 84.706
115 21.2018 37.6491 97.4781
116 22.8712 49.011 88.7429
117 19.343 52.0132 99.5349
118 0.353557 28.1827 89.2353
119 28.862 37.7817 97.2685
120 18.5233 21.8704 93.4241
121 17.757 47.759 89.0034
122 19.2209 47.6625 101.759
123 16.4605 36.7438 101.861
124 19.3134 34.7137 92.7946
125 35.7807 32.1741 106.049
126 26.5428 43.47 108.833
127 22.0387 44.7375 110.507
128 0.647067 22.2219 98.1862
129 19.5347 51.0571 104.713
130 5.22136 36.7103 116.679
131 13.8701 45.0447 116.581
132 23.7112 24.9337 105.139
133 27.912 22.0356 104.707
134 26.8373 68.3813 18.8508
135 3.5719 61.0126 0.728575
136 22.4863 68.6411 13.3364
137 22.5279 65.4097 13.4398
138 -0.864783 49.5338 19.8355
139 -1.00649 67.0349 11.0867
140 18.3685 46.7422 9.37954
141 4.16201 65.8637 44.1395
142 -1.27076 52.6179 15.3876
143 9.69282 58.8207 35.5001
144 33.1156 55.6932 29.2648
145 -0.347953 61.643 34.0098
146 25.4229 65.7339 13.4063
147 14.6506 62.5762 28.1344
148 7.24498 36.8975 38.2201
149 28.3818 53.5989 30.8822
150 17.2427 56.8572 48.2962
151 12.9009 50.1779 44.2794
152 14.1559 65.7693 39.5738
153 21.5814 62.7966 42.4912
154 28.4992 49.6352 30.735
155 30.2704 60.0215 45.4482
156 9.99323 54.4632 32.8067
157 4.17393 64.3519 38.1485
158 18.9603 50.1899 44.0377
159 -0.382946 58.5053 44.9382
160 15.704 62.6101 38.5943
161 21.8278 62.0253 58.3177
162 14.4672 64.122 57.326
163 8.50514 48.9992 45.6451
164 24.5305 60.1473 57.6528
165 24.3435 36.7097 52.8145
166 20.3263 51.5527 59.8342
167 12.1954 60.3081 74.3274
168 -0.0915562 55.0492 62.9365
169 18.7569 61.2734 64.0883
170 18.8181 50.232 55.5105
171 31.258 50.248 66.974
172 6.44799 71.7179 68.5528
173 27.3532 64.3105 75.3808
174 14.9934 51.7898 86.0033
175 -0.558081 67.946 68.7667
176 9.28243 47.6729 85.2611
177 20.3951 55.7192 68.0432
178 11.8764 47.305 77.783
179 20.5697 64.8089 79.9307
180 0.0556356 44.6035 76.8085
181 29.5694 51.846 88.5796
182 -0.0722225 66.5486 88.7533
183 30.873 48.041 90.0636
184 9.91619 60.442 106.236
185 22.1164 55.2266 90.0543
186 0.380733 56.2578 108.896
187 0.27426 87.457 94.4533
188 0.196986 70.8119 92.005
189 19.4795 58.3628 104.817
190 17.9749 46.8478 100.312
191 0.575244 73.8919 111.834
192 13.8783 59.1243 116.337
193 19.8037 62.0337 116.483
194 9.62794 38.7579 109.252
195 8.50312 64.9437 116.449
196 18.9379 59.1384 113.168
197 20.6239 58.7683 100.182
198 31.0635 78.8316 116.012
199 9.56813 65.1836 9.75203
200 15.3981 100.421 3.30093
201 15.8912 83.8619 6.32005
202 21.0612 78.2904 6.28622
203 17.8733 75.2464 0.180427
204 17.5248 89.5154 0.0252695
205 -0.957348 75.2761 4.83695
206 16.7501 75.3162 15.1766
207 11.5001 75.0972 0.123683
208 21.9842 71.3377 7.54635
209 13.9403 81.3502 25.0916
210 21.6701 86.8572 26.3882
211 16.8087 92.5704 23.9408
212 22.4249 89.6889 20.4848
213 29.5658 67.4305 11.9288
214 15.4719 90.8368 15.1631
215 16.4762 69.6951 17.7252
216 16.9071 92.1376 13.4098
217 16.7253 75.3955 17.7416
218 24.1723 86.0704 32.3143
219 9.61948 74.6832 23.7091
220 6.91928 73.0661 26.5941
221 27.8476 71.6467 42.1408
222 4.34536 96.9663 42.882
223 19.79 79.287 36.5317
224 11.1805 82.4886 33.7152
225 14.6957 79.8554 30.8772
226 21.0633 71.4855 50.972
227 20.1577 101.39 52.1947
228 24.3426 80.1613 55.0943
229 4.99908 78.6052 55.4657
230 22.8819 98.53 52.6503
231 30.1241 80.084 46.6356
232 -0.0130359 81.2092 62.7452
233 -0.817017 54.1836 51.3057
234 16.0923 69.7872 61.2286
235 19.9867 68.6789 59.7443
236 15.2042 51.7359 71.4593
237 7.52875 77.0687 63.617
238 -0.552067 72.4067 39.7434
239 -0.0908832 58.7263 56.5009
240 6.71737 86.0224 68.4084
241 20.3752 77.8438 62.6774
242 -0.180376 64.2203 68.9144
243 20.4301 70.2556 64.5938
244 25.7663 97.5856 73.9699
245 -0.0374761 78.9684 74.5385
246 16.1419 97.423 67.2285
247 20.7808 73.0216 61.1387
248 21.2931 81.3899 66.9
249 0.379534 73.2781 80.0287
250 28.7597 68.9711 74.1495
251 13.2391 89.4894 69.7294
252 26.3189 70.4505 85.8557
253 17.9936 81.8022 96.6824
254 16.1711 70.5619 87.2428
255 15.8815 87.6125 81.3083
256 34.6578 75.1992 85.4764
257 33.3292 85.3184 83.9663
258 23.5629 81.7317 81.6617
259 10.6758 80.2913 83.5322
260 -0.701225 65.3169 59.9196
261 3.54723 80.3682 71.4624
262 -0.228079 95.84 65.5152
263 33.5526 70.4882 84.101
264 17.5899 81.5208 77.6224
265 0.367699 81.7071 94.5403
266 16.5677 71.7245 106.956
267 0.255719 78.6258 91.9106
268 27.8672 87.1613 92.538
269 16.1803 71.7042 83.5346
270 16.6595 89.1183 104.392
271 16.4541 87.6363 106.983
272 36.7594 79.8016 116.003
273 3.60141 70.1641 106.087
274 0.8929 87.6408 111.838
275 32.191 81.7655 97.4371
276 32.2773 82.4508 105.785
277 25.2138 89.6571 104.116
278 29.2185 109.524 -0.0901739
279 21.9518 79.682 16.2705
280 27.8779 99.1244 7.36699
281 19.7315 106.684 8.94771
282 15.1832 113.994 7.49839
283 6.36315 100.802 0.280863
284 36.9751 83.8775 22.5697
285 -0.807682 94.7268 16.5368
286 12.8541 115.016 38.0045
287 5.60514 100.965 23.2363
288 2.21217 99.4739 30.7936
289 13.9115 104.539 19.2547
290 -0.631727 104.478 27.9537
291 15.6048 114.432 12.926
292 -0.484469 95.3767 27.2661
293 25.5312 98.74 24.4343
294 16.8692 89.6885 13.4263
295 9.76736 114.204 15.967
296 15.3418 114.136 22.1651
297 29.2203 102.473 36.2534
298 35.9757 101.424 40.4823
299 26.9394 90.3635 43.5368
300 20.2224 101.277 40.3025
301 -0.102853 112.599 36.6494
302 5.20555 102.589 30.8779
303 4.43149 114.431 38.708
304 3.63293 114.541 36.4796
305 22.7084 104.174 33.9253
306 10.0394 114.23 22.1493
307 9.91996 93.9408 38.2545
308 17.2009 104.204 39.7156
309 18.6387 108.366 43.8561
310 -0.301916 96.004 51.3978
311 27.6027 99.9062 53.7494
312 17.1705 104.261 45.902
313 15.8592 97.0858 45.1759
314 14.2744 92.7635 51.0778
315 0.0528811 109.59 65.7143
316 21.6323 114.704 68.0252
317 4.84224 114.776 79.9376
318 2.17748 90.01 55.518
319 10.6495 105.786 74.0724
320 16.3641 106.258 86.6462
321 4.92695 104.037 84.141
322 24.366 114.742 67.522
323 2.15382 114.674 71.3027
324 10.5409 104.178 78.3062
325 0.0110583 90.0969 74.1787
326 0.366215 112.476 76.8118
327 0.138627 104.975 77.1914
328 27.3189 99.1244 78.1684
329 29.3778 106.912 96.7156
330 29.3413 98.9183 75.402
331 6.73078 106.234 97.0713
332 8.00371 88.269 95.8513
333 14.5031 105.971 93.947
334 5.37253 106.0 100.569
335 10.9152 115.055 100.106
336 10.8694 100.352 97.6603
337 18.0868 105.874 82.5609
338 22.2976 114.985 91.2257
339 28.0269 105.031 115.694
340 0.695484 101.968 108.349
341 8.28284 101.523 112.643
342 3.71343 107.34 105.543
343 36.9113 28.983 13.4812
344 26.638 -0.658087 19.4048
345 49.3083 -0.679205 16.6453
346 43.9154 15.3706 0.213285
347 57.8558 -0.530193 19.1393
348 40.2575 15.606 17.9997
349 31.9267 12.4741 0.70305
350 40.18 15.5497 21.0553
351 45.3041 23.0437 16.3222
352 29.5858 -0.452976 25.4575
353 61.9967 6.94412 15.3659
354 30.0504 -0.429587 22.4311
355 44.2783 -0.223525 25.6575
356 49.5066 -0.114226 25.3179
357 32.9725 17.1983 33.5025
358 31.1724 26.7065 19.5193
359 51.3605 12.3541 39.757
360 27.9236 4.17553 35.4209
361 41.5985 -0.584556 39.577
362 32.8453 20.2455 35.7351
363 56.9634 18.8825 35.7297
364 46.7015 24.5905 29.382
365 58.2746 -0.36131 39.4491
366 31.2421 17.4152 51.2274
367 29.4763 15.7171 52.7729
368 55.2396 10.273 49.7001
369 52.1313 17.3875 42.3249
370 33.6742 28.8246 33.9678
371 21.5182 -0.44978 45.7798
372 25.6934 15.7062 52.4346
373 45.8515 10.1959 49.9883
374 48.8614 9.20993 59.9135
375 56.0423 21.3584 61.1744
376 22.0236 -0.430329 42.8293
377 37.7884 9.01691 83.0692
378 51.9624 13.3471 78.455
379 37.5974 21.644 69.1213
380 33.4657 7.00075 81.5118
381 57.4405 13.1954 74.7789
382 34.9157 7.62532 89.9334
383 56.3585 3.63554 90.0603
384 36.2226 28.8746 87.3348
385 30.5102 0.0675115 74.3755
386 30.7688 15.4148 84.4052
387 67.916 0.0814999 97.7163
388 44.8513 -0.189315 80.7735
389 39.1536 25.8293 95.9845
390 43.3739 21.9709 98.5868
391 63.4588 8.73117 82.7274
392 42.3946 33.7806 89.9592
393 53.9466 14.103 116.1
394 39.5329 5.13045 116.445
395 48.0937 23.4934 116.724
396 45.5181 26.4235 102.816
397 36.5916 0.553108 114.5
398 42.4335 0.486932 108.776
399 49.2426 24.7647 89.308
400 62.8446 10.8581 116.247
401 45.2562 22.6703 113.113
402 37.8842 26.3989 0.483372
403 38.1027 35.216 0.0353651
404 23.671 40.7585 0.409355
405 55.4211 23.7037 14.7619
406 55.1946 41.2135 -0.22947
407 52.4325 38.5839 5.94449
408 22.2514 41.245 5.93835
409 38.1095 45.7767 12.0106
410 32.4187 26.8062 0.604172
411 48.9568 35.2512 -0.0710883
412 28.0966 41.3262 8.97499
413 39.6756 36.7755 16.4069
414 42.6928 41.3208 33.5145
415 27.1921 18.9478 35.495
416 45.5954 51.7245 24.6686
417 40.3963 53.9277 13.1418
418 38.0053 43.2102 11.9465
419 31.156 24.8257 16.7159
420 33.7962 51.0088 13.2514
421 29.7902 18.4359 35.4374
422 40.1887 28.9864 42.4547
423 57.0414 26.4886 30.7805
424 46.7459 42.0979 20.6582
425 17.8289 15.8618 38.5954
426 60.1644 38.6355 43.6754
427 52.9902 16.6089 49.6528
428 36.0449 17.1931 31.1396
429 39.3238 37.2199 39.3965
430 29.9209 33.7755 35.1439
431 55.7687 25.352 43.4802
432 33.2221 34.3567 39.7697
433 37.3641 27.2157 49.3625
434 38.8972 35.669 61.1283
435 28.4745 28.9987 39.7935
436 38.8872 27.4577 52.5398
437 36.2571 35.9994 55.3659
438 38.2785 47.3441 52.3607
439 45.9912 38.7465 60.5115
440 48.9993 41.926 66.0203
441 25.8655 24.6297 69.8053
442 40.3867 28.7681 59.6949
443 27.8379 56.197 66.9517
444 32.735 20.5329 85.8362
445 37.5075 18.9902 66.0141
446 37.1201 32.9404 53.2602
447 53.0223 22.5136 49.4384
448 44.6074 29.4297 69.9976
449 27.8266 26.8028 81.771
450 45.9679 37.4244 65.6481
451 37.8519 41.917 77.6765
452 37.4544 44.448 69.9418
453 51.8967 47.8948 76.757
454 26.0685 50.6702 68.4716
455 45.9646 28.7856 50.9372
456 43.7443 42.3253 91.1273
457 60.2939 35.2048 74.0412
458 41.8964 34.4257 75.4612
459 24.7589 31.9573 82.3116
460 47.0122 34.5781 82.7673
461 44.992 41.8716 84.0649
462 59.6968 31.9002 85.6506
463 47.6285 36.6421 84.2078
464 64.7431 19.6171 84.2261
465 34.6174 27.6472 87.4085
466 65.1253 33.7999 101.252
467 37.8172 39.3215 85.7939
468 56.368 44.9722 86.9352
469 45.9522 35.126 102.973
470 35.8322 47.8031 101.821
471 46.2799 20.672 108.812
472 46.675 31.2722 111.62
473 45.7063 33.7695 116.345
474 33.6797 24.2751 104.677
475 51.1073 27.3725 116.193
476 60.7038 44.8514 92.0578
477 47.884 39.1389 101.658
478 49.5405 29.1493 111.495
479 37.9616 54.8665 97.2578
480 38.1482 59.9854 13.8035
481 49.372 63.7653 -0.219315
482 52.0029 68.2491 12.805
483 49.5706 49.571 -0.203362
484 41.2559 37.0464 27.9773
485 38.6789 55.651 26.2413
486 61.2179 71.3117 24.0984
487 30.8646 59.3164 13.3027
488 54.8268 55.677 11.4013
489 40.3953 58.578 26.2285
490 35.848 61.3201 26.2747
491 42.6334 48.4144 27.7278
492 46.9035 54.0283 23.5258
493 52.9562 57.325 45.7673
494 49.7323 44.5799 37.8755
495 43.0712 70.9958 27.6436
496 45.5446 45.5824 30.5656
497 38.4484 67.5053 43.6324
498 38.8891 58.8161 49.406
499 28.9933 71.0828 53.7989
500 48.8316 34.4629 62.4886
501 39.7753 49.7861 48.1672
502 46.6954 58.7327 40.6068
503 47.2748 53.2107 63.9703
504 28.8473 65.9296 51.0401
505 50.0924 68.916 51.8078
506 50.4754 64.0328 54.9778
507 56.2004 73.3116 72.1667
508 34.3162 54.7105 82.831
509 40.4308 64.0296 70.9767
510 32.2178 47.2142 55.3566
511 44.3325 58.3415 52.2407
512 38.5584 49.5294 52.4503
513 24.5122 48.7162 66.1497
514 43.3703 67.6527 93.2097
515 38.8885 64.7452 78.4018
516 50.1686 61.8739 83.893
517 42.716 63.3388 76.9339
518 33.3379 63.0436 67.8424
519 41.7855 63.189 74.1325
520 43.0828 59.8172 73.9847
521 41.5078 63.2864 79.6635
522 41.5162 63.0438 68.5553
523 59.2882 53.3621 89.7951
524 41.9376 50.6906 89.9295
525 50.9425 46.2348 93.9282
526 27.813 57.7218 103.255
527 38.5925 55.9932 90.1377
528 34.63 46.364 100.176
529 40.6055 49.0521 111.699
530 39.3485 63.1613 90.1135
531 30.9668 61.8935 116.399
532 25.1682 57.087 101.762
533 57.2039 70.4017 115.991
534 33.8054 67.7377 101.495
535 48.0366 64.0731 104.191
536 64.8463 54.0424 92.5709
537 32.5056 80.8193 -0.188523
538 43.5375 84.0726 -0.295476
539 25.146 72.0961 7.26216
540 56.9875 70.9109 9.89137
541 52.2513 82.6362 17.7753
542 23.7668 80.8273 0.135181
543 32.2102 55.5077 0.00902435
544 44.2426 79.6827 21.8318
545 45.9007 74.1415 24.7012
546 45.3894 79.956 27.3901
547 39.7401 92.5531 13.8676
548 41.9232 71.0332 18.8176
549 49.597 78.3491 17.1539
550 57.6606 75.6494 28.718
551 59.7795 86.9819 35.0325
552 48.6069 85.4238 30.2288
553 28.4639 75.664 41.4528
554 55.6597 77.1201 37.397
555 54.6288 74.0029 53.2962
556 27.064 73.3459 26.2515
557 32.8399 85.6035 33.5015
558 45.5507 57.7441 30.5191
559 49.8922 89.436 28.6552
560 41.2239 64.3999 43.6786
561 34.1034 75.5339 36.8043
562 63.165 71.5592 38.8562
563 60.145 85.2867 44.6646
564 30.139 80.0349 49.3869
565 58.8829 69.6701 28.6832
566 36.0417 82.6659 39.3756
567 62.7754 87.1838 45.2874
568 45.2291 84.2715 54.9894
569 63.8919 72.9284 49.049
570 45.248 89.997 57.8755
571 24.4438 62.9674 45.4649
572 41.0172 70.0016 37.7831
573 50.4176 82.929 62.0919
574 64.4563 55.7126 43.3062
575 28.7305 81.668 48.1432
576 30.0287 61.2019 52.366
577 32.8891 74.9558 46.3246
578 28.011 74.4328 45.0085
579 41.822 82.9534 70.1344
580 48.3884 85.5803 56.2289
581 42.0731 97.3252 70.6657
582 39.0071 94.354 70.1266
583 51.8822 72.799 61.7014
584 26.052 90.226 72.3046
585 36.2922 74.6854 73.2428
586 38.7067 94.3427 62.3429
587 44.9716 85.932 77.4955
588 33.083 86.7968 78.1618
589 29.807 76.0205 83.9835
590 47.9612 87.5754 92.3527
591 61.9347 78.3357 89.4262
592 48.5943 71.5437 79.5142
593 46.3988 80.8783 88.0842
594 19.3167 82.0157 84.1669
595 45.0156 84.5169 104.094
596 47.8152 91.3125 86.9893
597 47.8784 65.9957 101.044
598 22.0769 69.7988 87.3025
599 52.0945 89.2929 87.8969
600 38.6357 84.6726 98.2986
601 43.8113 89.018 102.609
602 49.2129 70.5907 96.4256
603 48.6814 93.1634 109.512
604 56.6222 76.4216 92.374
605 30.4937 81.4134 89.8045
606 53.356 89.8672 86.6997
607 45.1408 59.4324 89.869
608 43.5582 65.3364 94.3806
609 53.7848 83.1898 102.297
610 39.0653 79.1179 101.359
611 50.9645 74.2263 103.86
612 42.5052 87.1978 104.128
613 38.2412 73.4608 110.034
614 44.746 87.694 104.071
615 53.7137 79.7304 104.067
616 38.8645 96.7218 7.1425
617 43.7557 114.258 1.68475
618 54.9692 112.366 -0.401035
619 26.6594 95.269 8.89726
620 49.1354 114.406 1.71525
621 53.5393 101.204 13.9663
622 59.205 98.1622 11.5056
623 38.1218 108.329 13.795
624 40.9751 85.246 11.0432
625 37.0257 111.059 4.16007
626 49.5053 102.477 10.2513
627 23.6177 114.193 10.3423
628 48.2533 102.155 33.0235
629 26.7093 114.421 26.8841
630 22.5356 102.977 21.7739
631 39.3656 94.1869 33.0809
632 39.7432 91.0174 27.4111
633 35.3683 114.28 27.2089
634 60.153 101.377 20.0287
635 20.0237 95.5163 23.3956
636 55.2535 114.271 35.928
637 25.4452 94.0927 39.2278
638 55.6578 108.308 36.9696
639 48.379 100.064 41.7898
640 46.9693 99.8474 47.0388
641 45.1921 93.9658 44.6822
642 48.8544 98.6739 52.0228
643 25.8275 110.16 62.923
644 42.7743 96.9817 44.8266
645 43.9177 114.462 36.08
646 41.5153 95.2783 40.511
647 48.4774 89.9236 45.8941
648 39.5369 114.838 61.9029
649 32.5337 114.875 70.5887
650 40.3532 101.573 61.8953
651 38.3385 114.981 67.694
652 51.5992 92.9442 69.8757
653 59.0842 114.561 52.9156
654 41.6166 94.2249 60.5943
655 38.0339 103.342 85.0304
656 47.2332 102.545 60.3196
657 32.0718 96.0553 80.899
658 46.4444 103.271 84.9754
659 45.0716 101.474 77.7818
660 27.8341 95.7465 75.2432
661 41.3951 114.59 55.9998
662 42.0798 114.948 76.3303
663 44.3478 114.726 59.2374
664 36.1711 107.281 86.55
665 44.7621 115.168 81.4407
666 47.8917 114.996 76.0334
667 36.6998 91.6923 79.7133
668 42.171 97.6504 85.4741
669 36.3005 97.4795 76.9344
670 36.542 104.69 75.0422
671 27.8611 100.296 84.6279
672 40.5842 94.0141 85.2448
673 47.8261 101.949 80.6145
674 36.1129 99.1027 98.1768
675 39.4562 107.449 98.0287
676 57.9448 102.85 93.6329
677 42.1986 115.003 96.6213
678 53.888 115.173 90.3679
679 37.1318 115.023 108.101
680 42.6598 90.6264 115.865
681 42.1184 97.6215 107.85
682 43.8399 107.689 110.297
683 36.5774 90.3846 115.899
684 50.7775 115.292 102.509
685 35.1589 104.14 102.446
686 33.3797 115.137 102.082
687 41.8953 115.149 113.731
688 36.8029 96.2777 115.757
689 57.5142 102.078 115.859
690 59.478 113.278 115.267
691 66.5701 4.3284 0.286344
692 69.2326 32.5279 -0.21697
693 79.1808 23.8935 1.09119
694 74.0797 18.4485 6.26325
695 66.412 15.0664 0.0981873
696 62.5798 14.0655 16.168
697 86.407 -0.572575 7.73695
698 65.2572 4.04125 18.4409
699 62.3951 18.3292 13.2432
700 83.8085 -0.707037 27.1438
701 80.9219 -0.660982 16.4279
702 75.1482 -0.343633 18.9657
703 60.8115 -0.255342 19.4939
704 59.8516 10.0374 26.511
705 60.8752 5.5181 12.9111
706 61.0511 10.2374 49.4759
707 57.0581 10.1115 43.8275
708 81.6677 21.4741 40.4749
709 82.2188 31.7801 41.7735
710 74.9202 15.9332 43.6025
711 86.229 -0.419515 33.4507
712 70.4894 10.125 49.4751
713 49.8826 11.3 40.8495
714 71.5055 13.5552 39.4543
715 67.3969 16.0506 37.9277
716 54.0587 20.4439 42.2259
717 59.6201 10.1004 41.2188
718 92.0682 16.0462 51.8351
719 61.5441 -0.224549 65.3944
720 89.0795 15.1125 79.5054
721 64.136 4.56598 63.8857
722 70.779 -0.118112 74.1473
723 70.4892 22.0359 66.7051
724 67.5009 0.0952961 77.069
725 81.5214 -0.634941 49.814
726 43.2703 5.94201 74.463
727 87.6814 0.292201 82.0538
728 55.0317 13.2867 91.0031
729 68.8436 11.8703 79.6547
730 67.752 12.7641 89.9138
731 62.1616 9.94922 86.9718
732 87.3439 0.226149 99.9511
733 83.5532 9.58282 99.7228
734 83.0021 10.5866 109.749
735 83.6028 9.22394 111.217
736 86.5414 21.6162 102.541
737 68.9986 20.5409 108.569
738 67.9453 0.281834 103.209
739 73.4526 24.7479 95.4591
740 82.5326 16.7767 115.799
741 62.3558 19.2518 110.109
742 72.4674 13.6015 110.719
743 80.6849 29.2203 105.39
744 59.4123 0.449299 111.703
745 62.1684 16.1148 116.278
746 62.455 0.106955 102.937
747 59.68 16.3419 116.104
748 71.7928 26.7823 -0.296728
749 72.4037 41.0872 -0.297302
750 88.0415 52.6956 10.422
751 80.1226 27.1567 23.0212
752 72.3656 32.2924 -0.310518
753 63.7902 18.3291 -0.0109859
754 65.1999 45.4094 18.598
755 51.9949 46.9031 14.3832
756 51.7384 45.6228 18.9174
757 58.4306 25.8536 28.6808
758 59.6497 28.1166 13.2451
759 65.613 29.1598 36.2554
760 58.9937 24.1362 46.6782
761 71.3987 45.6577 36.1075
762 61.3963 25.8677 36.6019
763 80.2974 18.3151 61.9787
764 76.8173 34.3483 50.6659
765 63.05 36.4813 48.0338
766 60.0805 32.9964 57.3334
767 75.6279 17.1721 46.6738
768 78.9241 31.75 50.5069
769 75.4425 44.9669 34.5715
770 73.9717 37.4786 36.1542
771 85.3487 36.7987 38.8495
772 80.8908 30.1514 40.3873
773 83.2797 25.8653 76.4565
774 81.4146 34.6468 64.686
775 47.5321 31.7768 61.6445
776 53.2004 33.2441 58.0398
777 68.9601 36.8355 62.1927
778 91.9078 31.5092 73.5159
779 93.2048 28.8978 66.1922
780 55.5036 36.0288 69.6244
781 57.5488 21.2407 73.8939
782 68.6747 46.1202 67.9092
783 67.8692 29.0709 82.308
784 96.5492 24.7342 75.1856
785 78.9237 30.8153 86.7422
786 70.3633 39.5208 80.9972
787 67.84 18.9088 84.0059
788 74.9302 47.6239 83.5618
789 58.8957 39.5503 86.8098
790 75.6081 31.7682 65.0256
791 86.6721 43.2124 79.1336
792 61.6107 41.8639 72.4124
793 75.0864 31.6818 76.6679
794 63.831 26.8119 97.0772
795 74.9695 29.6659 99.6058
796 49.5387 39.0067 100.05
797 75.1321 34.6083 88.2293
798 67.6217 41.4212 92.5435
799 60.1998 46.2045 88.3998
800 78.0492 41.0882 102.532
801 86.1536 24.9868 81.8962
802 84.815 23.2355 87.0377
803 73.3723 44.8369 86.8113
804 59.515 24.9866 116.048
805 71.1297 30.8776 115.858
806 62.0627 24.9846 107.218
807 83.622 27.93 105.858
808 66.8192 34.6896 102.766
809 82.0822 31.0116 106.823
810 89.8059 49.4913 -0.814012
811 69.8423 58.2147 -0.828008
812 52.252 61.0986 -0.276017
813 59.7097 56.8823 12.8299
814 64.87 62.4583 9.8399
815 72.0775 49.998 8.46447
816 65.3207 59.0496 15.7479
817 92.3469 72.7508 16.7079
818 63.6243 52.1344 -0.373049
819 82.5937 57.0207 12.6087
820 82.4117 45.5119 9.8003
821 70.7717 56.8803 15.6198
822 59.1903 69.8284 17.2909
823 71.1205 44.2736 20.6291
824 71.254 69.9602 29.1517
825 73.7535 64.0891 21.8829
826 73.6742 65.6797 18.5097
827 56.4471 64.1233 5.63265
828 84.3599 67.7058 42.9436
829 73.8976 63.0244 18.3228
830 81.1689 72.7935 34.0471
831 79.846 67.4145 38.7841
832 70.3281 78.3817 37.1742
833 93.3863 41.6011 42.9585
834 72.7359 50.8274 37.6951
835 71.1488 70.4678 27.2245
836 77.9464 75.3034 34.1362
837 79.7437 74.5749 35.6841
838 78.0504 49.9021 40.2821
839 91.7027 59.0432 73.69
840 57.2772 59.5668 59.2993
841 70.1942 65.4626 46.5093
842 61.4736 48.8325 70.5906
843 70.0966 63.7506 54.7249
844 63.103 72.5101 58.8721
845 79.0115 58.5698 66.2516
846 90.0634 53.5782 57.4866
847 68.8483 62.7864 56.2557
848 82.9792 58.0895 58.7448
849 63.4797 48.7076 85.4706
850 75.0572 57.2677 76.3984
851 76.1349 48.9357 84.3882
852 77.651 71.9053 90.6919
853 74.9652 58.8198 72.1814
854 64.3749 58.6724 69.4115
855 78.3009 52.9637 66.2005
856 73.0028 64.7301 86.6167
857 66.1557 49.3295 76.6013
858 71.4502 57.7451 96.9779
859 73.2434 41.7139 83.7549
860 41.9592 65.0904 95.7709
861 67.7368 44.2913 89.7204
862 69.6618 66.0002 102.477
863 68.2174 47.08 116.428
864 52.2192 58.0731 97.0413
865 85.2107 43.1654 106.607
866 73.6759 39.5966 98.3225
867 75.134 72.6354 108.159
868 86.5353 44.9457 105.479
869 85.1309 46.4463 103.903
870 81.1449 47.9215 116.295
871 71.4057 67.7892 115.781
872 79.609 55.7683 115.639
873 93.2466 67.5328 97.7315
874 73.7371 63.4761 107.147
875 87.9165 59.5712 115.484
876 89.3251 70.3381 7.95868
877 58.4884 72.3439 8.47609
878 86.3399 89.4773 8.09963
879 65.0119 80.8623 4.36735
880 63.9205 92.4717 -0.651745
881 60.5457 72.838 -0.345012
882 66.9194 71.1603 18.0251
883 63.6152 83.3552 5.28337
884 69.5438 63.5835 -0.64389
885 64.1024 86.8773 5.4713
886 79.2939 82.5224 38.4906
887 73.3092 82.6033 9.60812
888 84.3111 63.9318 16.7742
889 72.467 69.2716 16.8909
890 81.3489 75.2676 34.0246
891 58.3365 86.722 14.0853
892 66.8489 82.1755 34.1591
893 69.3631 69.8001 25.8181
894 65.331 86.0473 41.6994
895 75.2044 82.8513 38.4694
896 76.8585 75.6128 31.0974
897 76.9596 71.8262 47.2888
898 81.0336 82.5892 24.6478
899 90.4214 77.0778 35.5008
900 69.9772 99.8196 51.8839
901 76.8033 93.8952 32.5888
902 82.4545 68.6606 53.0221
903 74.3875 82.8477 58.8071
904 60.2247 78.59 58.8722
905 65.5479 69.6946 39.3944
906 71.2689 83.2283 64.8251
907 71.7956 70.0621 54.2341
908 69.5574 70.0749 63.3382
909 56.3721 82.9584 75.9877
910 70.2283 93.2863 48.5197
911 78.5335 74.5852 70.325
912 77.8402 81.5706 71.7942
913 65.7512 85.9147 61.9119
914 76.844 74.6466 61.8941
915 77.5471 90.1883 68.9702
916 86.5488 80.4986 87.558
917 59.8424 57.5668 88.1915
918 59.1706 77.7483 86.8931
919 55.7843 87.6013 72.0493
920 75.2055 73.1679 77.8178
921 87.2357 78.3479 62.9858
922 64.6831 83.2527 76.3395
923 56.2689 69.0483 102.394
924 65.3396 76.1985 92.3765
925 54.586 93.2905 85.9522
926 63.4554 79.8977 93.8288
927 67.3965 88.5933 64.8473
928 71.2186 81.9903 97.7984
929 85.5984 84.8983 115.268
930 59.4672 84.8004 115.62
931 80.1254 70.8456 115.607
932 84.5677 86.0669 104.879
933 77.8915 84.8626 104.747
934 68.4646 70.6658 115.88
935 70.8133 78.9469 115.645
936 68.3672 70.6715 106.8
937 68.4454 90.8548 115.642
938 79.4458 99.2108 9.58628
939 58.314 108.186 9.64244
940 56.7629 93.7239 6.85498
941 69.3498 92.1461 -0.697542
942 82.0853 104.9 20.9371
943 80.968 114.66 17.9748
944 81.5599 114.594 23.8245
945 59.6222 102.528 24.1274
946 61.0839 114.351 6.7566
947 79.5293 111.346 18.2442
948 46.2745 104.09 17.062
949 61.2928 102.769 27.2746
950 57.164 90.8176 35.9122
951 70.0321 114.53 35.2987
952 44.3866 92.7034 46.3626
953 70.7281 93.8712 29.9749
954 83.0471 101.13 33.66
955 52.4871 91.0462 25.0298
956 73.9938 92.9424 36.3265
957 91.2678 115.19 61.2225
958 70.2763 98.6583 63.0855
959 84.094 98.9267 68.6998
960 76.5711 87.0105 31.2691
961 61.5179 114.643 52.9289
962 86.5415 114.811 55.4715
963 58.1939 114.543 41.5325
964 58.9788 81.3047 40.3657
965 69.8676 97.1051 45.3899
966 61.9259 97.0713 50.3991
967 55.3574 114.53 44.0483
968 84.2592 96.346 54.3757
969 80.6792 94.3222 61.5512
970 96.1214 92.9132 56.8528
971 67.5195 114.793 61.6236
972 74.128 98.704 60.3059
973 79.5409 91.6009 64.5157
974 64.3871 114.308 49.3636
975 67.4322 100.11 72.2167
976 60.9506 106.081 87.5824
977 86.1226 110.362 76.6826
978 66.253 101.784 76.8797
979 66.8189 90.1067 72.0
980 71.9753 93.8378 87.6678
981 84.3745 114.823 72.7085
982 69.5032 114.903 81.8482
983 75.2566 107.644 71.3795
984 56.3084 92.9849 89.4754
985 81.659 115.066 82.0021
986 79.4367 115.255 95.6664
987 72.0516 91.666 90.632
988 59.4564 105.667 115.643
989 73.5976 90.0972 89.2625
990 60.6286 94.5093 90.5714
991 93.5274 115.196 95.1635
992 61.9204 91.8257 98.9988
993 70.5787 108.253 86.0887
994 66.842 91.8499 90.5786
995 77.6705 106.88 90.474
996 71.5394 94.7894 102.031
997 62.1609 115.225 99.2298
998 67.485 101.984 115.107
999 62.1552 115.27 110.326
1000 76.5007 107.675 114.998
1001 65.1388 94.2371 115.561
1002 90.818 90.8065 115.051
1003 57.9819 90.4272 111.804
1004 85.0936 115.11 104.445
1005 50.8314 115.236 107.573
1006 95.8259 104.917 105.893
1007 72.3612 105.935 110.464
1008 113.922 12.5575 0.886952
1009 105.645 19.852 4.18602
1010 87.8859 19.3003 7.16915
1011 106.641 -0.373911 10.2155
1012 89.1617 3.32026 -0.549942
1013 96.7306 17.2652 10.065
1014 93.7435 20.2682 9.99131
1015 108.079 19.8434 18.5015
1016 106.713 -0.428505 24.7578
1017 104.036 -0.266392 18.5756
1018 92.1828 11.5574 9.76059
1019 97.9849 4.2252 23.0449
1020 104.691 12.9141 20.1615
1021 71.1273 12.6742 20.9141
1022 93.795 15.8593 31.6351
1023 112.931 0.164446 38.6357
1024 108.374 4.58325 37.0551
1025 100.715 32.9529 37.2364
1026 96.8146 14.8857 36.0674
1027 105.08 7.42261 31.804
1028 82.4217 10.8388 21.8501
1029 91.4417 14.1006 33.0581
1030 91.6065 19.8361 53.4177
1031 80.3063 8.89407 62.2922
1032 114.449 4.63721 56.4704
1033 100.737 13.1924 51.7703
1034 105.754 17.272 67.6271
1035 92.9995 -0.0713942 47.1974
1036 103.05 14.4172 44.6673
1037 98.1053 -0.372152 41.9552
1038 101.814 20.3762 64.2319
1039 101.867 11.6429 74.1983
1040 114.635 19.4761 50.2159
1041 107.674 0.29703 73.7588
1042 104.792 0.178322 62.1822
1043 89.5178 0.0833483 47.8767
1044 95.8605 -0.122047 51.1735
1045 91.8113 20.3377 64.7925
1046 97.437 3.08558 67.6245
1047 81.9315 11.8356 79.4298
1048 105.993 4.33737 79.192
1049 114.851 1.7696 82.1933
1050 107.322 0.0356274 70.1663
1051 104.766 5.77114 74.9559
1052 109.958 23.3372 70.2366
1053 114.88 7.98807 79.3893
1054 102.472 0.406053 88.2602
1055 98.9211 -0.136164 62.071
1056 91.5341 15.1391 90.8513
1057 115.064 4.96162 85.3594
1058 107.704 0.331954 99.3355
1059 93.3417 19.714 83.6706
1060 96.9961 19.0612 86.5018
1061 107.375 23.2277 72.8853
1062 88.7317 22.0869 89.607
1063 101.864 6.44952 94.2236
1064 83.9799 6.7107 99.7751
1065 102.673 7.8491 98.0504
1066 100.648 5.07559 104.409
1067 115.305 13.855 104.846
1068 113.706 5.23523 115.156
1069 100.179 16.2181 89.6487
1070 91.9829 35.5382 -0.729972
1071 89.3228 43.2394 -0.694749
1072 92.3426 18.8005 2.76695
1073 99.6769 45.9405 15.5514
1074 100.75 42.6467 2.63026
1075 99.3826 44.4514 3.8003
1076 104.131 32.5603 11.0858
1077 86.5398 31.7972 11.535
1078 102.323 38.3239 10.8246
1079 88.0963 43.9205 21.9216
1080 90.8795 47.0918 26.1161
1081 114.284 38.7401 12.5929
1082 81.3177 31.4983 36.242
1083 114.497 44.132 44.1898
1084 114.366 41.2855 24.4229
1085 95.7658 40.0146 35.9258
1086 92.7739 40.9444 37.3373
1087 114.349 30.3592 21.2851
1088 98.0834 47.8824 16.9723
1089 101.354 20.1727 41.1556
1090 90.4839 27.2084 22.906
1091 84.2682 28.7328 46.2867
1092 101.547 11.7873 52.9428
1093 91.4941 32.5986 47.5928
1094 94.4154 35.919 59.5053
1095 107.086 54.4386 45.7092
1096 88.2571 41.3722 40.9676
1097 104.383 26.7293 40.1531
1098 94.3651 31.4705 47.6421
1099 114.638 41.821 58.8005
1100 87.3505 32.5915 60.6894
1101 105.78 35.924 50.6699
1102 98.8996 -0.115157 59.6957
1103 100.049 28.5082 53.1274
1104 95.8688 48.9005 63.2867
1105 98.464 30.6302 72.1317
1106 105.022 34.5926 64.7834
1107 91.0231 26.1541 50.3572
1108 103.365 31.8806 56.0086
1109 114.542 33.3448 47.1367
1110 115.638 27.2738 83.7615
1111 108.85 37.3016 64.5633
1112 114.853 20.991 76.0488
1113 108.736 32.0831 61.717
1114 90.2 42.4934 71.8779
1115 90.2418 33.2814 75.0425
1116 115.255 36.5166 84.696
1117 93.3764 32.2507 75.0296
1118 105.484 44.5685 71.7931
1119 86.0385 23.5891 79.3602
1120 77.5503 40.243 82.1937
1121 87.1069 46.1819 79.5761
1122 91.6083 28.8133 79.2707
1123 103.822 49.1358 96.2879
1124 88.9294 34.3225 76.4475
1125 107.923 42.9698 89.1049
1126 114.878 39.273 73.3164
1127 92.4092 31.904 102.349
1128 90.6897 31.9775 98.0217
1129 102.39 44.6399 106.313
1130 111.222 25.0163 115.114
1131 113.853 39.4092 114.948
1132 107.918 46.2413 95.5671
1133 115.272 42.519 104.924
1134 105.122 44.9908 115.321
1135 105.044 35.004 100.771
1136 84.9744 59.4003 115.586
1137 92.1754 55.1124 8.27657
1138 106.626 54.1016 12.5853
1139 91.9436 52.6339 -0.548536
1140 102.952 57.0445 15.3357
1141 114.219 50.2323 26.586
1142 109.589 56.7692 22.5595
1143 110.214 58.3915 25.553
1144 90.5351 53.9014 12.7062
1145 89.2257 52.8729 14.047
1146 114.112 49.7057 21.3489
1147 113.973 58.6544 15.2256
1148 102.376 58.2423 8.36339
1149 99.4821 79.7347 26.7566
1150 88.2863 62.7398 18.2863
1151 85.4886 53.0263 42.5102
1152 98.1983 54.228 27.4195
1153 92.5926 52.0291 31.4933
1154 91.9716 75.5941 31.1685
1155 98.3876 50.8353 34.1932
1156 81.2501 68.9711 36.9586
1157 114.532 53.3405 46.8695
1158 101.415 60.0126 49.0187
1159 99.7837 70.1261 47.9394
1160 114.51 62.3401 29.5222
1161 114.742 53.466 49.9743
1162 97.1937 56.8932 52.9729
1163 92.8084 54.7296 67.6476
1164 101.563 46.6628 54.3261
1165 114.453 70.1793 49.6404
1166 95.5409 64.4643 28.369
1167 115.309 51.4452 55.7026
1168 98.8066 80.0412 66.487
1169 108.059 59.0499 71.5892
1170 107.164 58.2357 57.1803
1171 107.498 57.4445 62.4121
1172 114.615 59.0013 64.0695
1173 91.7541 58.9948 70.7223
1174 100.107 56.4914 56.127
1175 88.8283 51.0348 70.5444
1176 96.0763 69.7882 57.2684
1177 103.428 66.0771 73.0917
1178 86.2202 56.023 80.8782
1179 94.4143 41.0106 59.1551
1180 105.536 45.991 64.5358
1181 104.577 51.7462 66.4918
1182 96.1015 56.0717 77.5478
1183 107.751 42.7324 86.3843
1184 89.1029 53.4365 75.8908
1185 77.7708 56.0205 83.9911
1186 93.2079 48.9305 75.4544
1187 114.994 73.1808 81.9078
1188 115.152 50.0354 81.6276
1189 115.158 58.6887 76.3174
1190 115.058 56.036 72.2995
1191 109.196 72.8196 90.1951
1192 87.8671 49.7261 98.2179
1193 115.206 50.3579 88.0031
1194 95.3064 54.5072 90.4567
1195 111.952 50.3683 88.906
1196 90.5718 70.4884 86.151
1197 78.0851 60.1454 96.6065
1198 99.4319 63.2691 95.929
1199 95.5949 70.2085 85.9304
1200 99.2226 60.5068 97.8401
1201 84.5135 56.4045 109.548
1202 87.5235 59.113 109.398
1203 108.073 56.6015 115.024
1204 98.3669 68.899 104.86
1205 93.7414 57.0136 115.397
1206 108.077 64.818 114.89
1207 81.3526 83.7434 -0.85866
1208 89.1913 80.5875 -0.878521
1209 100.878 90.0087 7.99445
1210 113.766 75.3944 3.50112
1211 86.7139 88.4192 25.4444
1212 106.564 82.4395 10.5747
1213 86.5063 80.4847 -0.974706
1214 78.0147 69.8165 19.8409
1215 86.3979 76.8434 10.567
1216 113.819 87.0232 0.651306
1217 114.235 89.973 26.766
1218 114.182 58.6678 29.6223
1219 93.4063 82.7473 26.7003
1220 74.2443 68.2438 18.4604
1221 105.176 74.7013 23.8586
1222 114.077 93.0319 23.2936
1223 80.9365 86.9556 28.2668
1224 77.3786 86.7521 11.0778
1225 87.7573 85.2639 21.0929
1226 108.083 74.1616 46.8286
1227 107.201 87.2885 36.7846
1228 101.157 64.2222 54.2536
1229 92.5031 72.8021 31.039
1230 103.808 78.5922 34.0046
1231 90.6086 65.5969 38.3799
1232 114.339 84.2661 35.5201
1233 81.2703 88.4994 38.9906
1234 89.9673 80.0202 40.7273
1235 99.6918 75.9112 45.5186
1236 91.6253 97.3287 58.4094
1237 95.0272 80.1973 52.7804
1238 114.503 95.7517 46.6183
1239 98.4559 85.9546 48.5221
1240 91.5164 84.3923 59.6255
1241 104.52 74.508 63.4447
1242 91.7412 84.467 62.9424
1243 108.795 79.8194 72.8084
1244 93.1147 77.5814 65.9786
1245 115.074 85.2716 64.2073
1246 108.172 78.7703 68.5219
1247 108.905 68.9813 70.0104
1248 92.706 91.6738 53.2728
1249 92.2124 77.4324 75.8411
1250 114.637 90.5713 72.9262
1251 97.7183 81.7476 86.5349
1252 90.2152 74.7449 69.3293
1253 114.879 64.7749 78.6861
1254 98.2679 73.2071 59.9287
1255 94.505 74.4262 81.5555
1256 115.33 76.1268 70.6974
1257 85.4436 80.0873 78.9453
1258 115.032 78.6401 78.6865
1259 90.469 93.3428 80.0923
1260 91.9046 84.9794 87.0839
1261 115.031 82.0408 90.0975
1262 95.0927 87.3096 88.7025
1263 86.4748 75.192 102.135
1264 90.7575 76.5425 83.2526
1265 106.367 82.3129 95.9051
1266 107.819 76.3231 103.083
1267 88.1749 73.7293 115.14
1268 115.348 73.8378 101.712
1269 93.784 69.1477 115.935
1270 115.362 87.6816 104.396
1271 107.901 79.4294 103.056
1272 96.3568 85.1182 108.873
1273 93.3213 85.1855 108.978
1274 109.277 81.6318 110.302
1275 93.5493 60.6118 102.006
1276 115.34 82.2 107.469
1277 96.5248 88.0095 115.095
1278 82.4046 80.565 107.003
1279 105.27 90.5075 105.823
1280 105.132 76.2324 111.77
1281 110.848 92.3557 6.47818
1282 95.0865 114.164 12.2103
1283 112.088 114.151 6.30783
1284 113.966 97.6246 14.7856
1285 99.3837 109.576 12.9807
1286 109.282 105.361 18.5168
1287 107.744 104.288 14.849
1288 94.0529 95.6323 34.4296
1289 99.1481 109.485 16.8906
1290 113.997 100.562 14.7125
1291 102.891 99.7123 20.599
1292 89.5941 106.199 25.1994
1293 107.641 97.1598 29.2885
1294 106.947 114.498 41.0221
1295 92.6453 114.36 32.2565
1296 96.6362 100.696 26.6017
1297 81.3185 101.446 33.9876
1298 114.561 95.5085 40.3986
1299 105.27 103.141 49.5792
1300 99.946 90.6097 43.8197
1301 81.1518 98.2002 34.1775
1302 78.4398 95.1749 45.6589
1303 98.4311 107.471 48.2088
1304 108.533 95.8297 57.2456
1305 114.44 106.919 48.8412
1306 98.2941 114.961 61.1313
1307 103.488 90.055 48.0463
1308 97.1551 104.412 56.2279
1309 114.297 112.568 57.8897
1310 86.362 95.8603 62.8459
1311 85.7318 100.324 70.0829
1312 107.1 94.5331 63.9651
1313 114.462 113.274 75.4613
1314 87.7096 114.985 81.7314
1315 115.013 101.041 63.617
1316 97.4914 101.596 62.6434
1317 105.875 92.0589 87.078
1318 101.001 108.816 78.454
1319 93.3353 103.258 89.066
1320 93.0145 84.6744 77.3676
1321 114.923 90.0862 78.6229
1322 111.834 83.8924 75.702
1323 114.649 101.777 72.3732
1324 107.168 115.076 89.6679
1325 91.943 101.441 92.6999
1326 107.3 94.6595 83.7276
1327 83.4225 96.0524 96.6392
1328 115.474 90.6527 112.6
1329 114.858 104.416 83.485
1330 103.345 107.68 93.1356
1331 92.0029 104.555 94.5173
1332 84.8696 108.761 94.5683
1333 96.3041 110.306 102.805
1334 103.564 96.2159 105.676
1335 87.7022 106.964 102.995
1336 114.306 104.71 114.433
1337 115.223 101.46 109.704
1338 115.15 101.783 106.664
1339 105.473 110.286 114.835
1340 115.047 109.946 95.2414
1341 85.2207 94.6701 96.284
