0 6.55144 15.7138 0.902909
1 6.95942 9.60785 7.2163
2 16.4055 28.2791 13.8277
3 26.5164 -0.604316 14.1837
4 26.8257 4.23149 0.973223
5 9.6344 4.62769 4.37039
6 4.14879 9.76311 4.36166
7 12.5378 2.63851 11.6214
8 23.9503 15.6069 0.842466
9 1.09493 15.2934 1.31626
10 -0.379815 41.503 19.5888
11 25.0481 8.83259 26.2328
12 23.6669 17.6538 40.3051
13 0.925879 -0.138847 11.2785
14 30.6204 3.07739 31.1759
15 12.1523 17.3066 34.7937
16 1.54692 20.5974 22.5417
17 27.8451 18.7512 33.2003
18 6.58175 4.6991 54.2481
19 26.0728 18.8107 30.0511
20 30.9483 24.9876 47.8178
21 10.2518 4.78516 74.5179
22 39.0204 16.5016 47.6504
23 -0.63991 7.08957 8.36727
24 4.4687 30.9 59.4783
25 35.2551 16.5881 65.1079
26 5.0858 20.4925 76.7025
27 10.7167 35.924 59.3337
28 26.9749 11.8995 78.5133
29 21.7294 4.61602 36.4416
30 20.5797 36.158 51.7307
31 15.7547 4.80884 50.9977
32 49.387 17.7048 60.5714
33 9.66276 31.4633 70.011
34 5.08597 31.1876 85.689
35 15.6317 26.4036 66.7377
36 26.8063 4.54364 62.7359
37 23.5144 39.339 63.4631
38 5.56857 7.092 71.5589
39 38.178 5.14267 68.1777
40 15.7192 4.85113 71.1737
41 18.3424 21.5202 61.0067
42 20.003 10.1979 79.9618
43 5.47363 20.6292 91.4307
44 23.8842 18.1898 87.4937
45 5.52315 6.74709 83.3889
46 21.9474 4.55564 76.939
47 5.68256 5.9716 91.7198
48 36.8776 13.7729 82.6516
49 32.4625 23.2825 96.0418
50 4.22246 27.7893 95.0259
51 22.6059 22.9145 118.024
52 4.04363 16.1345 102.905
53 28.3262 10.9463 103.318
54 28.4431 14.3552 91.0663
55 31.3506 7.86831 103.073
56 23.3206 20.7092 107.942
57 8.01355 14.082 107.885
58 5.26173 28.4246 85.7387
59 9.52232 13.6824 115.887
60 3.94179 13.5443 116.869
61 11.2191 0.296142 114.07
62 28.0562 10.7122 127.078
63 25.6346 10.6805 127.004
64 3.07163 0.654993 122.516
65 16.8355 4.86024 123.931
66 16.5903 33.2933 8.07747
67 20.9733 41.333 9.36924
68 19.6136 39.6983 7.93575
69 -0.731896 44.0935 13.6844
70 16.9178 25.1881 11.1321
71 0.475576 55.5724 0.769266
72 21.003 29.5742 0.833959
73 1.04661 18.1462 1.24598
74 3.95724 40.3926 50.2248
75 4.52387 28.0891 47.7826
76 1.5627 18.6221 22.0656
77 8.65685 35.2442 29.9475
78 -0.306775 38.6474 31.2074
79 4.31297 39.3342 41.7719
80 18.9637 46.8593 53.2243
81 31.0047 40.9416 43.0121
82 27.7817 44.8961 41.6232
83 24.0202 38.6032 52.082
84 10.3881 61.1815 35.5461
85 4.53852 28.2806 38.9884
86 7.17911 49.0897 38.5562
87 17.5664 45.5132 51.7372
88 22.2671 48.165 42.5344
89 4.93492 14.5451 33.7258
90 39.0058 41.4004 32.1682
91 41.6227 33.4832 41.5401
92 0.898924 53.2024 80.6269
93 13.5123 37.204 47.7663
94 18.1525 23.5781 46.3661
95 34.9302 35.0266 66.5967
96 14.885 56.683 55.0219
97 24.2884 51.1182 58.9996
98 20.2598 47.0888 57.8457
99 13.9529 24.7669 88.9696
100 29.3244 37.7269 75.5454
101 23.8711 37.9457 57.8443
102 5.12433 26.2166 74.9536
103 26.1613 46.2279 57.7285
104 25.3186 41.5986 53.3466
105 10.6537 42.8259 74.5811
106 46.4488 29.1035 66.4844
107 16.5318 33.3589 83.0355
108 30.858 27.4108 80.1732
109 25.7016 37.5787 87.5167
110 26.4196 49.2982 96.2292
111 3.42162 38.5301 90.3448
112 26.7842 32.2709 93.4311
113 17.2262 30.3285 100.685
114 25.1692 25.1098 82.8868
115 22.0392 46.5624 97.363
116 30.7335 61.9185 100.379
117 20.4112 51.9301 110.717
118 0.713967 36.3957 99.9633
119 28.1409 39.2293 109.21
120 22.6194 14.2264 103.045
121 27.3673 50.69 97.5133
122 19.5216 48.0096 112.387
123 16.1542 36.3602 112.363
124 26.2095 29.1379 107.936
125 35.7807 32.1741 116.532
126 26.5428 43.47 119.316
127 22.0387 44.7375 120.99
128 0.647067 22.2219 108.669
129 19.5347 51.0571 115.196
130 5.22136 36.7103 127.162
131 13.8701 45.0447 127.064
132 23.7112 24.9337 115.622
133 27.912 22.0356 115.19
134 26.8373 68.3813 18.8508
135 3.5719 61.0126 0.728575
136 22.4863 68.6411 13.3364
137 22.5279 65.4097 13.4398
138 -0.864783 49.5338 19.8355
139 -1.00649 67.0349 11.0867
140 18.2775 46.8584 9.41346
141 7.27704 62.7711 43.0767
142 2.96391 18.8495 27.236
143 12.9695 64.3607 35.4711
144 8.51859 62.7086 34.0936
145 -0.14169 52.2548 39.9914
146 25.528 65.7059 13.3314
147 24.1325 48.2712 21.5707
148 0.639966 42.6158 37.4527
149 26.8722 56.8469 31.876
150 12.8236 56.4835 56.0751
151 18.3103 48.3746 45.7697
152 15.786 64.5491 43.8637
153 19.0258 66.5405 41.5542
154 30.5239 54.2504 28.0818
155 35.8267 58.19 46.9474
156 11.3929 49.7901 31.7121
157 2.16036 59.6999 51.1963
158 16.0826 52.8748 44.3705
159 1.70217 47.271 44.5342
160 12.4338 62.8623 43.0254
161 24.7836 61.7444 57.8802
162 20.7519 58.2399 55.3916
163 5.74761 49.8245 50.8963
164 30.9829 66.5849 55.8222
165 26.3028 43.2463 54.8493
166 12.3121 61.3022 71.3018
167 0.433982 70.2527 94.2443
168 0.18883 56.389 73.1411
169 8.97529 59.2436 72.0373
170 18.5195 49.6069 56.3026
171 37.45 55.7297 74.0372
172 8.64169 62.0963 77.6853
173 20.4906 57.7875 81.5208
174 11.7854 59.076 98.5152
175 0.221947 56.2151 84.9515
176 0.284266 61.9121 88.079
177 27.5425 51.8041 77.9078
178 15.8037 48.8825 82.0507
179 33.043 67.1426 88.4326
180 5.2256 23.6654 80.5072
181 28.1911 56.3494 100.604
182 0.252875 64.6515 93.9658
183 20.7914 47.8773 108.497
184 9.9967 60.586 116.684
185 27.713 40.8795 106.001
186 0.380733 56.2578 119.379
187 1.78478 87.8442 98.063
188 0.360253 61.3568 111.129
189 19.4795 58.3628 115.3
190 17.9749 46.8478 110.795
191 0.575244 73.8919 122.317
192 13.8783 59.1243 126.82
193 19.8037 62.0337 126.966
194 9.62794 38.7579 119.735
195 8.50312 64.9437 126.932
196 18.9379 59.1384 123.651
197 20.6239 58.7683 110.665
198 31.0635 78.8316 126.495
199 9.56813 65.1836 9.75203
200 15.3981 100.421 3.30093
201 15.8912 83.8619 6.32005
202 21.0612 78.2904 6.28622
203 17.8733 75.2464 0.180427
204 17.5248 89.5154 0.0252695
205 -0.957348 75.2761 4.83695
206 16.7501 75.3162 15.1766
207 11.5001 75.0972 0.123683
208 21.9842 71.3377 7.54635
209 10.9476 87.8329 37.4267
210 18.9618 83.8752 20.8325
211 12.5375 111.638 18.3981
212 24.1138 68.2223 20.71
213 29.2853 67.0769 11.9571
214 15.3936 90.9222 14.7894
215 18.3842 61.7031 26.5578
216 16.8173 92.1911 13.5728
217 12.848 75.6029 20.8621
218 37.0489 63.1501 36.3536
219 4.02954 74.098 30.4874
220 -0.22517 58.5343 37.7734
221 34.1019 67.1507 48.3443
222 2.79531 65.9736 66.9869
223 21.835 79.7622 36.8459
224 5.55701 72.7839 32.3167
225 12.8419 78.246 35.085
226 21.668 63.1445 53.8652
227 35.0828 87.8756 51.4236
228 9.18303 86.6893 52.2362
229 3.43033 74.9748 75.3497
230 33.5781 90.691 56.7516
231 34.754 77.1528 54.1128
232 4.09211 69.6189 53.2151
233 1.33711 65.2746 44.3116
234 20.6312 71.5897 66.5326
235 21.8781 67.5421 64.9374
236 17.3043 53.6332 75.0127
237 13.3994 70.4192 71.2502
238 -0.695343 69.6466 19.6648
239 3.94756 38.7801 74.201
240 15.2946 87.9945 83.6622
241 16.357 67.5491 68.2097
242 0.297931 73.1001 93.7633
243 26.1838 72.6595 73.583
244 19.6551 104.172 81.8398
245 5.19232 84.507 82.7906
246 25.202 89.7766 61.6337
247 26.0951 72.3381 67.1794
248 15.9251 70.6002 71.6728
249 0.398406 49.7708 102.496
250 21.6997 63.0957 79.5211
251 13.4643 78.5557 70.6333
252 25.4264 64.5458 97.4502
253 30.634 91.8278 105.043
254 22.0797 70.5116 103.193
255 26.0032 86.5571 82.009
256 29.2123 71.8572 92.955
257 33.3586 81.5447 94.3753
258 13.7632 81.3962 76.5728
259 11.7818 74.1691 90.207
260 1.72909 65.9159 70.8107
261 2.2198 76.2971 85.5746
262 5.06705 99.7221 76.7046
263 33.1602 61.8865 85.6135
264 19.7054 97.9275 82.0906
265 0.402518 87.6464 111.083
266 16.6925 71.8947 117.445
267 0.435232 78.8993 114.044
268 27.5611 81.8731 103.094
269 19.7294 64.8525 94.746
270 16.6567 88.7371 114.603
271 16.4541 87.6363 117.466
272 36.7594 79.8016 126.486
273 3.60141 70.1641 116.57
274 0.8929 87.6408 122.321
275 32.191 81.7655 107.92
276 32.2773 82.4508 116.268
277 25.2138 89.6571 114.599
278 29.2185 109.524 -0.0901739
279 21.9518 79.682 16.2705
280 27.8779 99.1244 7.36699
281 19.7315 106.684 8.94771
282 15.1832 113.994 7.49839
283 6.36315 100.802 0.280863
284 34.0955 69.8434 28.3406
285 -0.520655 98.0155 16.007
286 -0.380739 79.1603 22.4776
287 3.9382 80.1931 45.6711
288 3.95149 104.72 20.6042
289 15.6792 108.063 19.4196
290 4.50915 99.6982 52.6727
291 15.2732 111.745 18.3571
292 4.74731 90.8349 59.1349
293 26.9989 96.8634 27.2578
294 16.7978 89.7282 13.3475
295 20.9651 112.336 21.4988
296 22.1064 110.87 27.7333
297 36.0991 92.623 46.8778
298 38.3337 92.8157 31.9871
299 34.3499 88.0082 47.769
300 24.8086 92.229 44.3308
301 6.40431 109.378 50.0684
302 13.8435 103.637 32.7542
303 27.1393 110.1 58.6209
304 23.5319 110.332 57.2199
305 31.8549 102.219 30.9004
306 9.69646 109.552 32.761
307 21.922 86.6982 43.8173
308 26.2925 103.466 35.9313
309 43.2645 102.281 45.0917
310 4.54181 79.1832 52.9804
311 24.2718 93.7397 60.2804
312 16.648 105.573 44.3242
313 27.9673 88.4726 52.861
314 19.8989 92.161 58.9267
315 5.11838 107.971 55.7824
316 28.5081 110.322 79.0835
317 7.63234 109.867 93.4975
318 4.55067 80.4024 65.0893
319 22.9236 100.766 82.0648
320 8.17159 101.526 105.991
321 12.9969 105.844 95.634
322 35.3418 109.651 64.6587
323 5.24948 102.083 79.3983
324 15.4561 109.702 73.2383
325 5.06969 82.3348 76.5167
326 18.7847 109.913 81.9101
327 4.8249 88.0276 86.1987
328 34.4962 96.0641 88.6668
329 29.0388 105.029 100.397
330 26.0274 98.4639 88.1941
331 0.449607 96.3329 110.451
332 17.782 79.3337 101.725
333 31.0275 114.807 107.261
334 5.04943 105.913 107.417
335 7.96421 114.987 110.805
336 10.9136 104.471 105.686
337 29.6797 103.094 95.4466
338 22.2976 114.985 101.709
339 28.0269 105.031 126.177
340 0.695484 101.968 118.832
341 8.28284 101.523 123.126
342 3.71343 107.34 116.027
343 36.9113 28.983 13.4812
344 26.638 -0.658087 19.4048
345 49.3083 -0.679205 16.6453
346 43.9154 15.3706 0.213285
347 57.8558 -0.530193 19.1393
348 40.2575 15.606 17.9997
349 31.9267 12.4741 0.70305
350 40.18 15.5497 21.0553
351 45.3041 23.0437 16.3222
352 51.9065 1.21999 0.451901
353 29.5573 -0.262362 10.7769
354 33.9475 3.56647 34.7396
355 40.5792 1.5215 31.3222
356 50.0891 -0.00754231 29.1344
357 36.5881 15.4776 39.3185
358 28.682 18.2793 29.2578
359 43.6649 20.1261 36.8162
360 29.5992 11.9151 40.4378
361 67.5434 3.85906 57.879
362 30.4302 22.8257 32.6085
363 55.2454 28.7837 34.1091
364 57.5294 25.7562 33.606
365 67.94 0.909645 40.0786
366 32.8456 20.8897 60.8108
367 37.8706 26.5098 52.0401
368 58.8998 16.8743 55.9824
369 48.9499 17.6808 37.3121
370 39.3089 24.7037 50.1886
371 26.7052 4.69174 53.9223
372 47.9621 25.4104 65.0954
373 47.8284 19.5865 53.4775
374 55.4888 18.3257 63.6236
375 60.1436 26.6659 63.6561
376 24.0306 4.69583 53.5943
377 34.2108 0.781749 103.284
378 66.5933 21.0726 95.6549
379 41.8749 22.3881 76.9848
380 39.8474 3.81255 90.242
381 57.1558 14.5318 84.8794
382 35.7744 6.46444 101.97
383 36.3768 0.240191 107.819
384 33.4795 22.2053 103.55
385 32.8329 5.0602 82.7683
386 34.421 10.7079 100.277
387 59.5755 0.685382 98.4287
388 56.427 3.34146 81.2084
389 45.2456 21.9272 103.329
390 43.3739 21.9709 109.07
391 69.4295 6.75313 95.295
392 43.6349 52.9541 98.9993
393 53.9466 14.103 126.583
394 39.5329 5.13045 126.928
395 48.0937 23.4934 127.207
396 45.5181 26.4235 113.299
397 36.5916 0.553108 124.983
398 42.4335 0.486932 119.259
399 49.2426 24.7647 99.791
400 62.8446 10.8581 126.73
401 45.2562 22.6703 123.596
402 37.8842 26.3989 0.483372
403 38.1027 35.216 0.0353651
404 23.671 40.7585 0.409355
405 55.4211 23.7037 14.7619
406 55.1946 41.2135 -0.22947
407 52.4325 38.5839 5.94449
408 22.2514 41.245 5.93835
409 38.1095 45.7767 12.0106
410 32.4187 26.8062 0.604172
411 48.9568 35.2512 -0.0710883
412 28.0966 41.3262 8.97499
413 39.6756 36.7755 16.4069
414 47.6928 38.6829 35.0238
415 29.2546 20.4177 34.7095
416 49.393 55.8005 29.1155
417 40.4988 54.0855 13.2463
418 38.1064 42.2979 11.8536
419 31.9237 19.7785 16.6914
420 33.8094 50.991 13.2901
421 34.9634 19.3096 32.4741
422 42.9947 23.3474 36.7426
423 64.2206 24.5618 23.3269
424 55.3538 50.2603 23.1795
425 22.9261 23.3801 28.6028
426 61.8146 33.0595 34.8681
427 53.3749 23.7725 50.7313
428 28.3504 18.2227 22.2453
429 37.4483 34.2948 30.7581
430 26.4717 37.3851 37.1809
431 48.4252 37.9709 39.387
432 40.4184 31.7856 39.9623
433 39.8954 37.0006 53.866
434 37.9575 45.8327 64.1787
435 29.8491 35.9316 40.7677
436 42.1998 33.365 56.1586
437 45.8346 40.962 64.6453
438 41.3336 50.0742 53.2421
439 46.126 43.6186 67.8351
440 49.0219 49.3685 73.8194
441 26.5866 23.8208 72.5044
442 34.7021 40.5133 66.6407
443 26.078 55.2178 75.013
444 44.2734 14.999 101.911
445 44.7066 28.1499 68.0723
446 31.8569 44.2179 43.9971
447 49.5987 31.4472 47.6174
448 51.7401 20.995 72.6647
449 32.4976 26.5609 93.0973
450 47.968 44.5139 75.1205
451 33.5761 33.9905 88.3631
452 37.0169 35.2917 82.0255
453 45.4605 64.4559 91.4905
454 27.5142 53.1797 79.9218
455 54.9108 29.0222 45.4321
456 44.9272 52.8891 103.309
457 60.7595 35.4919 83.7402
458 57.5391 34.887 95.6597
459 22.6769 36.4305 91.717
460 47.8287 46.1875 91.2623
461 47.7071 42.4172 97.4266
462 50.5369 29.1747 95.16
463 35.4963 32.183 93.2759
464 66.349 18.0559 95.5485
465 49.302 12.44 93.0395
466 64.8038 33.2755 111.769
467 34.2197 40.4247 98.8878
468 61.8676 44.5405 100.181
469 45.9242 35.0916 113.463
470 35.8322 47.8031 112.304
471 46.2799 20.672 119.295
472 46.675 31.2722 122.103
473 45.7063 33.7695 126.828
474 33.6797 24.2751 115.16
475 51.1073 27.3725 126.676
476 60.7038 44.8514 102.541
477 47.884 39.1389 112.141
478 49.5405 29.1493 121.978
479 37.9616 54.8665 107.741
480 38.1482 59.9854 13.8035
481 49.372 63.7653 -0.219315
482 52.0029 68.2491 12.805
483 49.5706 49.571 -0.203362
484 28.0578 31.2204 22.3769
485 36.9337 56.6905 27.8068
486 61.0468 62.7722 31.8855
487 31.2108 59.6115 13.3008
488 54.9406 55.6639 11.3403
489 41.1019 55.4622 23.3701
490 34.3551 65.9184 27.5923
491 44.0385 55.6724 23.2303
492 39.7641 58.8398 30.4087
493 55.5958 56.025 47.0296
494 45.507 45.879 33.5607
495 52.3536 67.0102 28.9091
496 40.1475 45.7425 24.8344
497 39.8642 68.4126 45.2596
498 31.2086 58.4199 60.0074
499 39.3003 63.866 59.6463
500 50.4459 39.5135 69.4968
501 35.2909 51.9118 49.7206
502 35.6197 58.0941 38.0621
503 50.0689 53.7948 68.5242
504 37.3558 56.8724 54.0673
505 48.2356 65.3241 51.7757
506 48.0868 65.2551 58.8588
507 48.9214 79.7309 80.7226
508 39.0413 42.2795 82.7084
509 40.6736 59.7346 78.1121
510 33.2523 55.5762 58.8335
511 44.8446 58.4844 66.144
512 41.5255 55.658 49.8745
513 29.1311 58.3213 64.8072
514 48.847 74.6993 107.219
515 37.5609 61.8234 78.2193
516 53.0227 62.2593 91.3275
517 46.129 63.1009 86.9457
518 33.1589 65.9874 76.6491
519 43.4306 60.0632 77.6374
520 40.4678 54.5704 84.0915
521 43.5064 63.0504 87.0417
522 46.2825 60.059 80.8957
523 58.1437 43.2583 101.629
524 40.2741 49.147 92.9722
525 49.4344 58.1944 104.51
526 28.1221 57.7581 113.582
527 35.555 45.0368 109.163
528 35.1229 46.3762 110.615
529 40.7009 49.1959 122.219
530 38.5401 63.1287 93.0668
531 30.9668 61.8935 126.882
532 25.1682 57.087 112.245
533 57.2039 70.4017 126.474
534 33.8054 67.7377 111.978
535 48.0366 64.0731 114.674
536 64.8463 54.0424 103.054
537 32.5056 80.8193 -0.188523
538 43.5375 84.0726 -0.295476
539 25.146 72.0961 7.26216
540 56.9875 70.9109 9.89137
541 52.2513 82.6362 17.7753
542 23.7668 80.8273 0.135181
543 32.2102 55.5077 0.00902435
544 46.2914 72.8231 20.1953
545 42.4302 71.853 21.8803
546 47.0598 69.6587 28.9834
547 39.1383 92.5797 14.4131
548 41.0244 64.6114 14.6508
549 46.6575 82.5664 18.0365
550 58.6891 66.788 28.9405
551 68.4876 91.2593 30.0235
552 46.6575 88.4153 27.4839
553 29.0218 67.0644 46.8593
554 42.6827 79.7353 36.1291
555 52.6213 72.1738 50.0312
556 22.8881 72.5674 24.0625
557 27.6019 87.1333 32.2458
558 47.0302 57.0921 35.9432
559 39.4323 79.6479 21.597
560 49.7501 63.403 40.9066
561 50.9262 79.5458 35.9721
562 66.4559 68.4732 41.4525
563 62.4987 90.4766 45.2643
564 35.4595 77.3005 50.9136
565 60.918 78.538 25.7263
566 32.6506 82.7884 41.9223
567 57.6433 88.4374 44.7064
568 52.4697 80.5655 62.0318
569 64.0755 63.1021 55.1948
570 54.4088 86.2275 61.8258
571 23.7892 55.464 53.5257
572 44.3796 67.0878 43.7092
573 48.2699 77.7276 71.4229
574 63.5799 58.6823 47.0046
575 30.4074 81.0017 53.0788
576 30.5762 58.7904 70.5445
577 39.2627 77.1668 44.3883
578 15.9622 64.9895 52.4466
579 43.7043 82.4572 77.5672
580 53.6927 82.4071 59.8483
581 52.8274 92.7251 70.9541
582 41.5813 92.8448 76.6938
583 55.8101 66.4613 68.9592
584 30.9668 90.256 88.0553
585 42.0769 83.8805 79.2169
586 42.3431 92.2881 67.5325
587 44.7175 88.8849 84.1401
588 43.1132 90.2299 85.4992
589 27.8544 70.4515 94.4089
590 52.3673 85.971 101.164
591 47.2726 87.4963 105.695
592 47.4006 67.5258 88.4173
593 44.8176 81.6601 96.9507
594 16.633 75.9966 100.389
595 44.9254 84.7132 114.575
596 34.8415 87.3372 86.9094
597 47.8692 65.7517 111.721
598 20.6651 70.0909 96.1354
599 37.7221 77.7803 107.367
600 29.301 71.8976 107.656
601 43.8113 89.018 113.092
602 49.496 63.4889 107.365
603 48.8931 93.2091 120.016
604 53.2726 81.8887 102.741
605 30.3018 82.0025 108.936
606 47.6532 90.1833 96.8755
607 37.9869 57.7312 107.589
608 54.9631 58.0728 101.644
609 53.7848 83.1898 112.78
610 39.0653 79.1179 111.842
611 50.9645 74.2263 114.343
612 42.5052 87.1978 114.611
613 38.2412 73.4608 120.517
614 44.746 87.694 114.554
615 53.7137 79.7304 114.55
616 38.8645 96.7218 7.1425
617 43.7557 114.258 1.68475
618 54.9692 112.366 -0.401035
619 26.6594 95.269 8.89726
620 49.1354 114.406 1.71525
621 53.5393 101.204 13.9663
622 59.205 98.1622 11.5056
623 38.1218 108.329 13.795
624 40.9751 85.246 11.0432
625 37.0257 111.059 4.16007
626 49.5053 102.477 10.2513
627 23.7306 114.298 10.4541
628 54.5144 105.442 33.7238
629 20.8262 109.599 38.5295
630 33.1798 106.943 23.4765
631 39.7631 83.9573 29.9097
632 41.1301 91.3273 26.5583
633 26.2317 109.965 32.9934
634 80.2193 98.211 16.6953
635 20.2198 93.5741 25.1019
636 58.097 114.609 20.9631
637 30.0823 90.2031 43.6177
638 58.4282 95.0444 40.7338
639 51.1602 91.0769 39.5326
640 56.6834 96.1951 53.8987
641 52.8172 95.0955 52.4045
642 63.4551 95.0894 58.4425
643 36.3731 98.3903 64.4072
644 43.7371 90.1978 48.9644
645 61.8776 110.645 44.4534
646 47.4195 95.3953 49.4128
647 53.7251 87.9452 50.7248
648 58.9827 111.523 77.6697
649 36.1786 110.248 79.0413
650 37.9984 95.1393 64.7808
651 45.7743 110.159 66.6881
652 48.2411 92.7704 84.6672
653 57.2773 109.717 55.7669
654 43.4377 90.8688 63.1713
655 40.7843 97.0934 92.5482
656 54.7946 99.3254 65.862
657 36.7389 98.2843 93.9162
658 48.1236 103.881 90.5677
659 46.8426 99.7223 89.0496
660 40.102 95.919 81.0728
661 49.6681 110.351 52.4009
662 63.9509 112.374 66.5944
663 54.6717 109.692 52.4066
664 35.5961 113.789 100.016
665 39.9281 115.013 98.5785
666 42.5961 111.059 86.5547
667 33.6953 92.6006 88.2404
668 39.2775 98.8034 93.8085
669 36.4074 95.7848 79.381
670 45.9193 94.4834 75.302
671 23.5528 96.0287 97.6983
672 42.0679 101.194 93.8184
673 45.4456 101.234 90.3508
674 39.1743 82.0207 105.924
675 39.7358 110.325 99.6835
676 47.6555 114.625 98.1807
677 44.8978 114.858 101.547
678 53.556 114.984 107.061
679 28.3404 114.951 115.797
680 42.6598 90.6264 126.348
681 42.1184 97.6215 118.333
682 43.8399 107.689 120.78
683 36.5774 90.3846 126.382
684 50.7775 115.292 112.992
685 35.1589 104.14 112.929
686 33.3797 115.137 112.565
687 41.8953 115.149 124.215
688 36.8029 96.2777 126.24
689 57.5142 102.078 126.342
690 59.478 113.278 125.75
691 66.5701 4.3284 0.286344
692 69.2326 32.5279 -0.21697
693 79.1808 23.8935 1.09119
694 74.0797 18.4485 6.26325
695 66.412 15.0664 0.0981873
696 62.5798 14.0655 16.168
697 100.318 -0.453319 7.5171
698 73.0154 -0.263301 19.1236
699 62.3951 18.3292 13.2432
700 58.3752 -0.605483 32.1884
701 29.4649 -0.319186 2.32409
702 72.4303 -0.660749 13.1945
703 69.7064 -0.538027 18.7123
704 58.1984 11.3528 18.4084
705 60.6398 5.62475 13.2404
706 67.7489 2.65366 44.7805
707 52.5543 12.7568 43.5031
708 92.1016 15.5609 29.1153
709 83.4735 31.7956 45.1151
710 77.887 23.2642 42.4078
711 86.8504 -0.250424 21.8285
712 69.8761 13.9652 44.1726
713 52.2601 15.7427 49.0969
714 65.9433 8.76711 39.9643
715 71.0326 7.43902 34.0489
716 59.1484 13.9819 41.5265
717 64.8947 13.1017 32.0109
718 91.1928 24.7567 59.0971
719 48.4698 3.02332 90.8324
720 94.2398 24.3306 83.941
721 75.4847 14.0453 65.4998
722 60.3939 5.01901 71.2047
723 65.3004 27.6221 73.4883
724 69.4599 2.02635 83.0379
725 85.4352 5.51185 65.1747
726 48.3209 9.38071 75.1491
727 93.2084 4.50253 62.6203
728 57.9319 14.8282 104.622
729 70.9095 8.30728 93.7479
730 61.0721 14.9102 98.5959
731 63.9713 12.3274 98.3416
732 62.6424 0.697371 101.462
733 83.5532 9.58282 110.206
734 83.0021 10.5866 120.232
735 83.6028 9.22394 121.7
736 86.5414 21.6162 113.024
737 68.9986 20.5409 119.052
738 67.9453 0.281834 113.692
739 73.4526 24.7479 105.942
740 82.5326 16.7767 126.282
741 62.3558 19.2518 120.592
742 72.4674 13.6015 121.202
743 80.6849 29.2203 115.873
744 59.4123 0.449299 122.186
745 62.1684 16.1148 126.761
746 62.455 0.106955 113.42
747 59.68 16.3419 126.587
748 71.7928 26.7823 -0.296728
749 72.4037 41.0872 -0.297302
750 88.0415 52.6956 10.422
751 80.1226 27.1567 23.0212
752 72.3656 32.2924 -0.310518
753 63.7902 18.3291 -0.0109859
754 65.2528 45.6122 18.8256
755 52.3608 46.6895 14.3965
756 46.8598 27.9121 29.6096
757 68.9873 22.9987 24.7684
758 59.9227 28.2974 13.2319
759 51.2162 31.1675 33.4659
760 52.5938 28.1143 52.5387
761 76.482 46.0395 39.5085
762 66.7589 25.8075 31.6041
763 87.0249 29.2319 61.9362
764 77.4593 44.9262 50.1343
765 56.9551 34.984 48.536
766 59.9672 31.9749 48.7007
767 75.81 12.3537 48.2653
768 70.8412 28.8158 51.4331
769 75.2708 44.4944 37.9459
770 66.0859 37.4551 33.7397
771 89.8099 39.0961 35.0533
772 72.1288 38.9803 40.9432
773 84.6823 34.6329 82.5925
774 77.5022 32.8802 77.4702
775 58.4191 41.9973 70.4735
776 59.3246 34.4204 66.8911
777 66.6694 56.7803 66.7837
778 92.1435 32.8918 83.8717
779 94.2246 30.1189 61.9475
780 61.9787 42.8178 76.053
781 45.3074 28.2203 85.1652
782 68.7759 50.144 71.9569
783 73.3516 36.3353 91.1443
784 89.3793 18.0879 92.433
785 71.8852 23.7849 89.6998
786 75.9809 50.8015 91.2798
787 62.1909 19.4326 94.0983
788 66.4142 41.1328 104.599
789 46.3682 28.8476 98.7728
790 70.9888 43.5929 66.2334
791 87.4512 44.9974 88.0832
792 61.7694 33.5967 85.1571
793 77.7639 24.8242 83.6722
794 61.0663 26.4013 107.455
795 72.1407 35.6324 110.336
796 53.6429 36.1352 108.995
797 67.6506 33.7201 97.1991
798 72.0644 42.1212 105.608
799 60.5134 43.052 98.6643
800 78.0492 41.0882 113.015
801 70.1347 25.0288 97.0892
802 100.526 22.0019 98.2235
803 76.2193 42.1624 91.0833
804 59.515 24.9866 126.531
805 71.1297 30.8776 126.341
806 62.0627 24.9846 117.701
807 83.622 27.93 116.341
808 66.8192 34.6896 113.249
809 82.0822 31.0116 117.306
810 89.8059 49.4913 -0.814012
811 69.8423 58.2147 -0.828008
812 52.252 61.0986 -0.276017
813 59.7097 56.8823 12.8299
814 64.87 62.4583 9.8399
815 72.0775 49.998 8.46447
816 65.3207 59.0496 15.7479
817 92.3469 72.7508 16.7079
818 63.6243 52.1344 -0.373049
819 82.5937 57.0207 12.6087
820 82.4117 45.5119 9.8003
821 70.792 56.8804 15.6497
822 59.7978 68.0514 30.2861
823 77.9264 39.2843 17.1873
824 74.9702 58.4716 31.7729
825 73.6024 59.9399 24.4926
826 78.9568 76.8266 15.5243
827 56.5547 64.1116 5.442
828 88.9539 70.0362 37.7364
829 70.9015 67.5039 18.408
830 78.4982 71.5815 35.6659
831 88.794 60.1199 36.1387
832 76.6173 82.5375 36.1276
833 93.6222 36.1907 46.4522
834 69.4746 53.6688 38.0693
835 73.8592 73.8055 21.4081
836 90.3673 71.495 36.2341
837 77.5283 79.2487 42.1391
838 80.8691 53.0572 40.7968
839 88.2853 62.7795 75.8246
840 56.5828 60.3414 48.5177
841 60.6232 70.0264 49.9887
842 61.7412 58.826 77.7995
843 62.9261 64.3909 57.6953
844 55.8212 72.4796 75.7297
845 79.2208 51.3241 76.0072
846 82.2333 47.3667 65.9524
847 69.6356 61.4304 57.0073
848 84.9338 59.5544 61.0897
849 63.9025 40.7215 95.6711
850 74.3667 57.4588 83.075
851 73.0109 48.109 94.1638
852 71.1116 73.0233 102.411
853 78.0294 49.5404 80.2327
854 64.5477 57.4924 79.2961
855 67.3233 40.9588 68.5666
856 72.6602 61.7091 102.856
857 67.3984 50.6856 88.2387
858 68.969 69.0726 104.048
859 77.2991 44.0058 89.6403
860 36.1551 56.1013 106.143
861 66.1735 29.4777 92.5929
862 69.2854 65.9979 112.992
863 115.312 93.5631 120.572
864 56.2252 59.5443 100.219
865 85.2107 43.1654 117.09
866 60.8384 31.3359 101.659
867 75.134 72.6354 118.642
868 86.5353 44.9457 115.962
869 85.1309 46.4463 114.386
870 81.1449 47.9215 126.778
871 71.4057 67.7892 126.264
872 79.609 55.7683 126.122
873 93.2466 67.5328 108.215
874 73.7371 63.4761 117.63
875 87.9165 59.5712 125.967
876 89.3251 70.3381 7.95868
877 58.4884 72.3439 8.47609
878 86.3399 89.4773 8.09963
879 65.0119 80.8623 4.36735
880 63.9205 92.4717 -0.651745
881 60.5457 72.838 -0.345012
882 66.9194 71.1603 18.0251
883 63.6152 83.3552 5.28337
884 69.5438 63.5835 -0.64389
885 64.1024 86.8773 5.4713
886 80.2855 86.666 40.6282
887 73.6077 82.2666 9.62918
888 76.7337 62.6332 18.4516
889 78.1487 63.9029 16.9598
890 83.4334 85.4646 37.5202
891 58.1824 87.1703 14.1793
892 68.1292 74.2427 27.2044
893 63.6294 66.9291 17.0278
894 70.4264 88.1554 41.8795
895 72.0471 80.9898 43.5266
896 78.0265 81.1411 37.6541
897 82.4477 67.9655 54.0376
898 65.0388 90.8428 24.1767
899 90.7476 68.7009 35.8848
900 69.2359 91.0085 60.3539
901 77.9429 82.2476 31.7672
902 80.0086 68.9654 55.1742
903 72.9027 88.4284 69.362
904 59.3535 73.4961 51.6764
905 66.6969 64.2199 37.6361
906 74.7349 83.4842 85.674
907 64.3704 70.8035 55.3107
908 62.5728 64.8178 74.4532
909 57.8319 93.7371 95.0201
910 73.487 85.6499 51.1595
911 79.9182 66.258 79.3893
912 90.4024 91.2064 75.4843
913 68.0021 94.6946 76.0624
914 64.4454 74.277 68.9887
915 76.5452 92.8308 73.8078
916 83.0338 71.6659 97.921
917 50.4802 50.3736 97.324
918 52.0899 71.3685 101.377
919 43.5916 82.9546 89.6725
920 77.6584 65.4714 89.1742
921 91.5708 86.5816 61.4747
922 71.7257 80.2007 95.0662
923 56.3062 69.0177 112.806
924 59.1069 75.8182 105.786
925 52.4993 83.1428 101.341
926 60.6051 77.4924 104.191
927 68.209 91.8569 72.8975
928 74.8308 74.3594 106.843
929 85.5984 84.8983 125.751
930 59.4672 84.8004 126.103
931 80.1254 70.8456 126.09
932 84.5677 86.0669 115.362
933 77.8915 84.8626 115.23
934 68.4646 70.6658 126.363
935 70.8133 78.9469 126.128
936 68.3672 70.6715 117.283
937 68.4454 90.8548 126.125
938 79.4458 99.2108 9.58628
939 58.314 108.186 9.64244
940 56.7629 93.7239 6.85498
941 69.3498 92.1461 -0.697542
942 78.4337 114.237 26.6203
943 54.0406 113.983 27.1633
944 96.254 112.506 37.0998
945 60.8329 94.0871 19.3907
946 60.5815 114.223 6.74069
947 86.1781 114.58 12.2886
948 41.3664 106.871 25.8507
949 67.4763 91.1831 24.2333
950 67.866 102.448 38.7002
951 74.5252 112.0 39.7019
952 49.2428 82.4679 49.2086
953 62.6777 105.403 35.9487
954 87.3633 105.212 27.0028
955 44.0486 85.6169 26.6084
956 67.884 101.325 45.1227
957 93.6067 110.383 70.8283
958 71.9668 91.7354 73.1937
959 87.1943 91.403 78.3994
960 62.467 91.7839 27.0847
961 64.927 111.97 40.6995
962 87.2497 110.348 55.2782
963 62.9638 113.54 33.63
964 68.9607 83.7157 40.5694
965 70.8785 95.7629 57.874
966 58.1061 98.257 51.902
967 75.1643 110.841 57.1542
968 82.0216 99.224 63.8503
969 86.8221 92.4854 70.9756
970 94.1511 88.7983 60.9125
971 77.7146 111.227 73.5908
972 80.5179 94.2097 72.7169
973 86.3244 89.8405 70.7774
974 89.6373 112.47 45.8493
975 67.9829 103.274 81.4057
976 52.4068 102.371 101.125
977 78.0404 112.8 89.9451
978 70.7591 101.777 90.1593
979 62.0921 91.9081 73.3102
980 67.7372 89.6829 90.5151
981 101.765 110.191 64.0328
982 67.8625 114.294 93.9511
983 79.2962 106.416 87.0305
984 56.4712 87.8264 102.507
985 80.7212 113.67 94.2231
986 62.5203 114.021 91.4391
987 65.2893 98.5873 102.167
988 44.6725 113.587 125.553
989 73.7185 84.1803 99.5521
990 60.8638 100.211 103.933
991 85.4919 114.445 99.9804
992 60.6351 98.5347 106.512
993 72.5596 113.92 88.4563
994 69.3446 91.3367 97.9296
995 90.5796 114.574 102.572
996 71.7037 94.6229 112.524
997 70.6751 115.617 111.897
998 67.485 101.984 125.59
999 62.1552 115.27 120.809
1000 76.5007 107.675 125.481
1001 65.1388 94.2371 126.044
1002 90.818 90.8065 125.534
1003 57.9819 90.4272 122.287
1004 85.0936 115.11 114.928
1005 50.8314 115.236 118.056
1006 95.8259 104.917 116.376
1007 72.3612 105.935 120.947
1008 113.922 12.5575 0.886952
1009 105.645 19.852 4.18602
1010 87.8859 19.3003 7.16915
1011 106.641 -0.373911 10.2155
1012 89.1617 3.32026 -0.549942
1013 96.7306 17.2652 10.065
1014 93.7435 20.2682 9.99131
1015 113.733 33.5435 18.7982
1016 102.34 1.49493 32.3091
1017 94.2519 1.84133 50.5542
1018 92.5035 11.5731 10.1212
1019 102.416 1.39758 28.9992
1020 86.718 27.2792 20.3512
1021 71.1273 12.6742 20.9141
1022 100.667 19.4937 28.8584
1023 105.198 1.4478 43.9806
1024 107.587 9.09588 36.6974
1025 100.448 27.5539 40.906
1026 102.148 17.6639 36.4468
1027 104.926 1.41989 40.1599
1028 89.5023 30.3258 20.2662
1029 75.371 18.8901 40.7222
1030 86.339 22.106 56.1213
1031 74.3614 9.35155 69.8633
1032 111.292 4.90523 58.8245
1033 108.992 8.93346 70.3633
1034 97.3838 21.8597 77.3596
1035 82.3043 4.80715 56.9992
1036 105.484 21.692 49.8649
1037 107.468 1.91268 46.53
1038 96.4144 25.6186 79.3254
1039 93.5627 6.23036 81.6969
1040 110.97 13.3113 56.6706
1041 83.8398 3.13273 79.2033
1042 99.7993 2.20875 93.7456
1043 89.0021 3.05888 51.3624
1044 108.182 1.46746 61.3199
1045 97.6905 22.9498 68.7624
1046 101.058 8.20704 74.0006
1047 77.6248 7.12569 89.2485
1048 97.4061 2.27592 96.4099
1049 113.249 3.18134 96.3046
1050 105.369 3.63186 72.2342
1051 104.934 22.6853 82.0626
1052 112.919 4.37416 71.9695
1053 113.702 24.2998 87.611
1054 89.5707 0.666432 100.895
1055 89.5915 2.92515 81.5078
1056 87.751 16.6674 99.844
1057 111.303 1.81129 102.544
1058 95.1984 2.46319 90.7184
1059 97.2226 12.5959 98.2952
1060 91.9327 12.3152 95.3046
1061 109.218 26.7351 86.6334
1062 86.0922 14.9606 98.2278
1063 99.1716 0.208753 113.615
1064 80.6147 3.16454 81.1985
1065 113.325 3.61916 106.005
1066 100.648 5.07559 114.892
1067 115.305 13.855 115.329
1068 113.706 5.23523 125.639
1069 100.179 16.2181 100.132
1070 91.9829 35.5382 -0.729972
1071 89.3228 43.2394 -0.694749
1072 92.3426 18.8005 2.76695
1073 99.6769 45.9405 15.5514
1074 100.75 42.6467 2.63026
1075 99.3826 44.4514 3.8003
1076 104.133 32.7819 11.1164
1077 86.6234 31.4084 12.0517
1078 102.649 38.5023 11.2211
1079 95.1421 48.403 23.273
1080 92.2689 49.9558 22.8264
1081 113.441 41.7232 33.2336
1082 79.1188 43.2203 39.483
1083 109.543 43.682 61.3702
1084 113.963 24.9335 21.5821
1085 93.5717 40.2799 36.3235
1086 93.6061 34.7384 36.5693
1087 113.887 52.912 21.777
1088 99.1691 48.059 18.3557
1089 96.4797 28.6837 36.43
1090 80.9759 31.7477 24.2391
1091 83.3014 30.4903 46.6139
1092 94.7157 13.5369 56.0564
1093 96.4663 35.7139 59.489
1094 89.8165 27.5177 59.9775
1095 98.255 57.6099 45.6801
1096 86.3756 44.7815 43.9964
1097 103.246 27.7681 40.8805
1098 97.3547 38.5137 56.6248
1099 109.675 29.7384 66.5814
1100 93.7356 35.4583 62.5814
1101 99.492 38.7307 56.6258
1102 110.889 9.87681 63.2858
1103 88.2833 30.0236 59.4992
1104 91.6967 57.1475 70.3106
1105 88.8313 37.2749 82.6245
1106 96.7754 26.6478 71.176
1107 81.8339 27.2617 57.0104
1108 96.7169 30.0619 56.1078
1109 112.307 37.1309 34.6324
1110 114.038 11.9697 98.0114
1111 98.9576 41.2913 68.6734
1112 113.451 29.5718 94.7422
1113 102.33 32.4066 65.3687
1114 88.0812 48.5301 82.1464
1115 91.8777 40.027 88.9894
1116 113.994 31.6158 105.269
1117 92.0548 40.3187 85.5979
1118 103.456 40.5105 80.0692
1119 82.514 15.3592 90.884
1120 77.443 39.6396 88.8417
1121 90.3649 50.7306 94.0026
1122 100.499 47.805 95.5334
1123 90.7615 37.882 97.6378
1124 90.9389 36.8927 88.2842
1125 113.635 43.5848 94.4395
1126 109.798 44.1113 73.3217
1127 92.2255 31.8321 112.79
1128 100.64 35.3765 101.089
1129 102.39 44.6399 116.796
1130 111.222 25.0163 125.597
1131 113.853 39.4092 125.431
1132 107.918 46.2413 106.05
1133 115.272 42.519 115.407
1134 105.122 44.9908 125.804
1135 105.044 35.004 111.254
1136 84.9744 59.4003 126.069
1137 92.1754 55.1124 8.27657
1138 106.626 54.1016 12.5853
1139 91.9436 52.6339 -0.548536
1140 102.952 57.0445 15.3357
1141 113.832 41.7519 27.8116
1142 109.43 67.2939 49.3464
1143 113.918 69.4854 9.36696
1144 90.8528 54.6824 12.7011
1145 89.9852 52.8075 13.9862
1146 110.152 59.1128 42.2732
1147 114.11 64.0684 9.31626
1148 102.347 58.2506 8.34482
1149 99.04 76.8033 30.2248
1150 86.3214 60.8954 16.9903
1151 86.1828 56.125 49.5583
1152 104.941 51.4998 27.0311
1153 96.638 48.6453 42.2335
1154 96.4764 73.9343 29.8849
1155 95.026 47.2722 37.6923
1156 87.907 76.7333 36.0172
1157 114.202 52.8339 4.12449
1158 100.359 61.7804 52.571
1159 95.015 64.424 52.4684
1160 111.815 57.3167 35.7426
1161 109.428 65.8019 57.7223
1162 89.4534 48.1854 61.6439
1163 89.1855 57.0057 73.2946
1164 92.3175 45.5238 61.4602
1165 109.551 63.3675 60.5731
1166 99.3044 57.0202 29.9809
1167 113.293 28.9129 85.3533
1168 89.0755 81.545 77.2231
1169 114.949 73.7298 106.519
1170 103.769 67.0466 52.3349
1171 109.818 43.9118 81.6383
1172 109.43 47.0149 67.7125
1173 89.5796 58.5865 74.953
1174 94.3355 50.9598 58.6476
1175 85.2768 49.4438 83.2753
1176 94.9576 75.9802 57.7204
1177 96.9687 68.0027 85.8842
1178 82.0462 64.2259 96.7685
1179 82.4452 44.3854 65.5826
1180 109.435 46.7598 70.7172
1181 93.5908 63.694 74.6934
1182 95.6205 55.924 86.9054
1183 100.606 48.6832 106.889
1184 84.7568 55.9207 83.8488
1185 74.6653 69.9077 94.7484
1186 91.7953 49.0972 85.1292
1187 111.382 73.4706 85.421
1188 109.954 53.4462 87.3966
1189 115.518 47.8385 103.689
1190 109.601 52.1031 73.2066
1191 108.522 60.3436 94.4294
1192 84.847 60.6397 108.881
1193 115.532 47.2956 106.637
1194 90.5005 70.2819 105.371
1195 102.247 43.5346 101.692
1196 98.1801 65.7385 100.74
1197 87.5256 66.7356 96.5117
1198 99.4319 63.2691 106.412
1199 90.0029 61.6267 96.7259
1200 99.2226 60.5068 108.323
1201 84.5135 56.4045 120.031
1202 87.5235 59.113 119.881
1203 108.073 56.6015 125.507
1204 98.3669 68.899 115.343
1205 93.7414 57.0136 125.88
1206 108.077 64.818 125.373
1207 81.3526 83.7434 -0.85866
1208 89.1913 80.5875 -0.878521
1209 100.878 90.0087 7.99445
1210 113.766 75.3944 3.50112
1211 86.7139 88.4192 25.4444
1212 106.564 82.4395 10.5747
1213 86.5063 80.4847 -0.974706
1214 78.0147 69.8165 19.8409
1215 86.3979 76.8434 10.567
1216 113.819 87.0232 0.651306
1217 110.993 94.6302 26.5092
1218 109.618 72.6445 40.256
1219 105.133 79.5388 24.0344
1220 72.2659 77.7755 22.685
1221 95.055 79.6332 22.35
1222 111.428 98.1122 29.3257
1223 96.6541 76.9864 21.0091
1224 77.3752 86.8372 11.0838
1225 89.6768 68.464 17.5707
1226 96.881 82.5589 52.4668
1227 103.354 71.9997 42.7934
1228 92.312 56.7906 64.3985
1229 98.0605 84.3424 31.1084
1230 99.7337 78.5042 29.4057
1231 88.241 65.2253 35.7836
1232 112.827 67.7287 28.444
1233 71.0487 102.376 42.0155
1234 92.138 73.114 48.7907
1235 93.7216 68.67 50.5997
1236 95.0203 92.8462 73.8889
1237 95.2589 81.0003 51.1152
1238 110.205 87.8902 53.9458
1239 94.1675 88.3519 51.753
1240 83.079 80.9371 68.7348
1241 103.896 75.7201 68.0341
1242 90.1848 74.3843 70.1544
1243 113.62 74.2793 96.104
1244 83.4395 72.8236 65.3282
1245 110.336 99.5385 61.8803
1246 97.4312 76.3664 83.1761
1247 109.972 64.3993 84.1575
1248 92.6402 94.1372 48.2903
1249 92.8784 83.8283 90.3756
1250 109.243 77.714 66.1422
1251 87.7708 100.774 90.1233
1252 88.1965 75.2317 68.9321
1253 109.464 52.2935 64.1697
1254 101.448 72.9163 71.1581
1255 91.9887 93.49 97.543
1256 113.321 74.0073 90.7565
1257 74.3398 90.8009 86.0212
1258 115.141 98.8492 106.982
1259 94.8009 88.0388 97.5726
1260 92.3743 91.3251 100.532
1261 109.849 56.0499 83.5955
1262 90.6495 98.685 98.8826
1263 86.4498 75.214 112.573
1264 94.6523 81.3135 95.6597
1265 104.781 77.4177 105.545
1266 107.819 76.3231 113.566
1267 88.1749 73.7293 125.623
1268 115.348 73.8378 112.195
1269 93.784 69.1477 126.418
1270 115.362 87.6816 114.879
1271 107.901 79.4294 113.539
1272 96.3568 85.1182 119.356
1273 93.3213 85.1855 119.461
1274 109.277 81.6318 120.785
1275 93.5493 60.6118 112.489
1276 115.34 82.2 117.952
1277 96.5248 88.0095 125.578
1278 82.4046 80.565 117.487
1279 105.27 90.5075 116.306
1280 105.132 76.2324 122.253
1281 110.848 92.3557 6.47818
1282 95.0865 114.164 12.2103
1283 112.088 114.151 6.30783
1284 113.966 97.6246 14.7856
1285 99.3837 109.576 12.9807
1286 102.494 103.678 20.5773
1287 106.087 99.4788 19.7372
1288 87.239 96.5396 35.8019
1289 86.5132 67.9144 -1.44728
1290 112.272 104.358 31.9154
1291 105.137 103.379 19.4605
1292 87.3232 109.573 33.7842
1293 110.777 99.8623 52.8287
1294 110.647 110.565 28.7471
1295 77.0325 113.506 38.8975
1296 91.9945 89.59 28.6701
1297 85.1327 99.4 35.8626
1298 110.482 86.3253 32.8424
1299 101.82 99.3865 55.3328
1300 99.7905 82.2061 49.6466
1301 82.3981 103.986 37.1468
1302 76.9765 102.275 57.5754
1303 93.7772 103.419 53.2064
1304 111.033 99.2107 46.8945
1305 113.689 95.8176 84.3502
1306 102.232 113.53 101.067
1307 101.013 83.8298 51.0218
1308 93.9826 101.475 52.5119
1309 110.309 111.754 63.8523
1310 83.8719 92.5546 70.9571
1311 81.9594 101.03 87.2876
1312 112.891 98.7781 76.6946
1313 107.236 112.424 48.6935
1314 94.5644 112.78 95.9447
1315 110.477 111.448 43.5428
1316 103.366 97.0479 64.3159
1317 104.308 95.544 95.9533
1318 97.4455 112.578 89.7559
1319 86.1218 108.951 103.397
1320 90.5798 82.2549 88.8926
1321 110.764 82.3023 79.1685
1322 113.925 82.0893 98.8038
1323 113.389 97.0492 96.0731
1324 91.4176 110.606 125.29
1325 93.4116 92.8832 98.995
1326 113.629 76.8338 93.2033
1327 86.5012 105.902 100.204
1328 115.28 90.5951 122.943
1329 108.427 112.337 86.456
1330 97.9847 111.756 106.069
1331 81.7141 115.148 112.175
1332 80.4471 95.9654 105.223
1333 96.3041 110.306 113.288
1334 103.564 96.2159 116.16
1335 87.7022 106.964 113.478
1336 114.306 104.71 124.916
1337 115.223 101.46 120.187
1338 115.15 101.783 117.147
1339 105.473 110.286 125.318
1340 115.047 109.946 105.724
1341 85.2207 94.6701 106.767
