0 6.55144 15.7138 0.902909
1 6.95942 9.60785 7.2163
2 16.4055 28.2791 13.8277
3 26.5164 -0.604316 14.1837
4 26.8257 4.23149 0.973223
5 9.6344 4.62769 4.37039
6 4.14879 9.76311 4.36166
7 12.5378 2.63851 11.6214
8 23.9503 15.6069 0.842466
9 1.09493 15.2934 1.31626
10 -0.556885 41.554 20.4464
11 25.5584 9.34065 26.1684
12 23.7773 17.6804 40.6321
13 0.991572 -0.152239 11.346
14 30.7213 2.94785 31.3146
15 11.9135 17.6975 34.5343
16 1.54485 21.2692 22.0528
17 26.5394 21.461 35.4392
18 7.36641 4.58541 54.0193
19 24.9756 17.9906 30.1969
20 30.6965 25.1983 47.7844
21 17.3424 4.40032 74.2404
22 39.5326 16.9341 47.7425
23 -0.755745 7.39786 8.47789
24 4.67539 32.161 60.1032
25 34.5737 18.2673 66.8358
26 5.32416 20.6315 77.4732
27 10.7709 35.992 59.1862
28 27.0671 15.5672 78.4843
29 20.9856 4.80352 36.5855
30 20.8661 37.8348 52.099
31 18.1845 4.49455 45.5409
32 51.5268 18.3891 60.8513
33 11.0988 32.4861 71.5305
34 4.93317 31.7702 85.82
35 13.5054 25.1819 65.5432
36 27.2803 4.85902 62.5736
37 23.5221 39.7642 64.1096
38 5.59605 6.8798 71.3295
39 38.2372 4.9062 68.3117
40 16.006 4.8462 71.1129
41 17.7433 20.6331 61.2742
42 19.9821 11.2544 82.9633
43 5.7586 21.111 91.6547
44 24.1227 18.1134 87.7425
45 5.80477 5.71781 83.3768
46 21.394 4.9173 77.4065
47 6.13321 6.49759 92.0905
48 36.8138 13.9074 82.9652
49 32.4348 23.4771 96.6075
50 4.41793 29.3389 95.5884
51 22.5813 23.5213 117.627
52 3.89075 16.51 102.785
53 28.1042 11.4394 103.406
54 28.8595 13.3875 92.3121
55 31.1082 7.98323 103.635
56 22.9517 21.799 107.043
57 7.46082 14.2416 108.076
58 5.03003 31.8198 80.673
59 9.61134 13.6602 116.271
60 3.94179 13.5443 117.159
61 11.2191 0.296142 114.36
62 28.0562 10.7122 127.368
63 25.6346 10.6805 127.294
64 3.07163 0.654993 122.806
65 16.8355 4.86024 124.221
66 16.5903 33.2933 8.07747
67 20.9733 41.333 9.36924
68 19.6136 39.6983 7.93575
69 -0.731896 44.0935 13.6844
70 16.9178 25.1881 11.1321
71 0.475576 55.5724 0.769266
72 21.003 29.5742 0.833959
73 1.04661 18.1462 1.24598
74 4.6371 36.381 50.6201
75 4.79698 29.1213 47.6342
76 1.81599 18.3628 21.8489
77 8.51263 35.3615 29.768
78 -0.230102 38.4835 30.6295
79 4.3121 39.449 41.8148
80 19.0953 47.3101 53.2936
81 30.2529 43.2679 42.6735
82 26.1996 45.8685 39.9125
83 23.6349 40.1011 51.852
84 9.71275 61.1634 35.5931
85 4.66458 28.9054 38.8074
86 7.18005 50.2813 38.6778
87 17.3376 45.7103 51.8379
88 20.2853 48.2661 42.7596
89 5.12928 11.7512 30.878
90 38.5507 41.4666 32.0913
91 41.7281 33.6594 41.7094
92 -0.395922 57.9414 79.4666
93 15.153 37.3128 46.125
94 17.3809 24.8595 48.0307
95 32.4199 35.1392 66.8124
96 14.7593 56.5162 55.2311
97 24.5385 51.1823 59.4633
98 20.3909 45.8273 57.8346
99 14.0336 25.0672 89.1627
100 29.1962 37.656 76.0569
101 23.5674 35.7144 57.6912
102 4.94598 23.5243 74.01
103 26.2656 47.9699 57.4176
104 24.7672 41.6351 53.6702
105 8.14295 43.1997 75.0067
106 46.9752 29.5442 66.666
107 16.8429 33.4315 83.1902
108 30.0431 27.9205 80.7168
109 26.5181 38.1485 90.3335
110 29.1612 47.6057 95.5967
111 2.25695 40.2086 90.5988
112 26.9603 31.8197 92.9634
113 16.755 30.7144 101.014
114 25.3792 25.1262 83.0397
115 21.8127 46.156 96.3816
116 30.4063 61.6943 100.677
117 20.919 52.0926 110.962
118 0.483556 36.505 100.125
119 27.8236 42.5484 109.481
120 22.5401 16.4049 103.672
121 25.6496 49.2978 99.4238
122 19.2471 47.5251 112.629
123 16.2421 36.4535 112.699
124 26.5954 29.138 108.317
125 35.7807 32.1741 116.822
126 26.5428 43.47 119.606
127 22.0387 44.7375 121.281
128 0.647067 22.2219 108.959
129 19.5347 51.0571 115.486
130 5.22136 36.7103 127.452
131 13.8701 45.0447 127.354
132 23.7112 24.9337 115.912
133 27.912 22.0356 115.48
134 26.8373 68.3813 18.8508
135 3.5719 61.0126 0.728575
136 22.4863 68.6411 13.3364
137 22.5279 65.4097 13.4398
138 -0.864783 49.5338 19.8355
139 -1.00649 67.0349 11.0867
140 18.2635 46.7695 9.38111
141 5.62727 62.5218 42.988
142 3.16976 19.0539 27.505
143 12.678 64.0244 35.5444
144 7.88631 62.632 34.3407
145 -0.774069 49.9447 27.3278
146 25.7569 65.419 13.3774
147 24.2506 47.1982 20.9044
148 0.329594 43.2596 37.3697
149 26.9567 56.2838 26.4202
150 13.1764 56.3486 56.6116
151 18.3981 48.2673 45.7828
152 17.4527 62.4258 43.0238
153 20.4624 68.57 39.7044
154 34.04 55.5365 28.9819
155 35.8374 57.1191 45.5573
156 9.84158 49.974 29.6864
157 2.90927 61.8485 51.2606
158 15.8693 52.7304 44.2088
159 1.99227 47.1038 44.5642
160 12.6034 62.6129 42.6179
161 26.411 61.7069 57.894
162 20.9977 58.0413 55.4109
163 5.60955 50.0218 51.3512
164 31.3308 66.7902 55.7399
165 26.2688 43.4893 54.9675
166 9.11231 60.4512 70.7801
167 0.468866 69.9267 93.8621
168 0.477112 58.3822 73.4932
169 8.69522 59.0889 72.2214
170 19.0567 50.9567 56.0738
171 36.8749 55.9245 74.1071
172 8.78412 62.1941 77.6095
173 19.9943 57.4694 81.9813
174 11.1347 61.7871 101.165
175 0.530142 56.1495 85.2355
176 0.327443 61.7646 88.1845
177 25.8958 53.5849 78.4358
178 16.5111 48.7229 83.3078
179 33.1922 67.4496 88.8981
180 5.18523 23.4256 86.0663
181 27.5562 56.4288 100.775
182 0.476957 64.031 96.8643
183 20.75 42.867 108.25
184 9.97207 60.4977 116.957
185 26.2856 37.8122 105.21
186 0.380733 56.2578 119.669
187 1.90512 88.8416 97.072
188 0.614633 56.3616 114.155
189 19.4795 58.3628 115.59
190 17.9749 46.8478 111.086
191 0.575244 73.8919 122.607
192 13.8783 59.1243 127.11
193 19.8037 62.0337 127.257
194 9.62794 38.7579 120.025
195 8.50312 64.9437 127.222
196 18.9379 59.1384 123.941
197 20.6239 58.7683 110.955
198 31.0635 78.8316 126.785
199 9.56813 65.1836 9.75203
200 15.3981 100.421 3.30093
201 15.8912 83.8619 6.32005
202 21.0612 78.2904 6.28622
203 17.8733 75.2464 0.180427
204 17.5248 89.5154 0.0252695
205 -0.957348 75.2761 4.83695
206 16.7501 75.3162 15.1766
207 11.5001 75.0972 0.123683
208 21.9842 71.3377 7.54635
209 10.5301 87.3442 38.2907
210 19.7562 83.3931 19.2569
211 7.44568 111.237 18.9584
212 25.4332 66.7301 20.7374
213 29.8408 66.9421 11.7921
214 15.4128 90.8746 15.391
215 18.3298 61.2744 26.4644
216 16.8151 92.3547 12.8929
217 12.6059 76.7712 21.1336
218 36.7324 59.83 36.4769
219 3.9921 74.2936 31.0866
220 0.0682792 58.172 36.9288
221 34.3299 66.9714 48.0401
222 2.25496 54.3597 57.6611
223 20.3199 79.4716 34.0219
224 5.11218 72.9302 32.6787
225 15.7144 80.6619 35.871
226 21.6564 63.0852 53.9958
227 37.8452 88.0834 51.4334
228 10.9633 91.1692 53.3758
229 4.56456 75.8421 74.7705
230 34.3669 89.1986 56.0149
231 33.7934 75.5589 56.1244
232 4.59831 68.5683 53.1167
233 1.54157 65.1056 44.4631
234 20.6434 71.3352 66.7421
235 21.1805 66.8724 64.5049
236 17.8219 53.1077 73.7864
237 13.1786 70.0274 71.644
238 -1.05237 68.9568 19.4651
239 4.00403 38.8993 74.891
240 15.4361 88.034 84.01
241 15.8612 66.7479 67.6398
242 0.232995 73.0546 94.3528
243 25.5624 71.9172 73.2682
244 19.886 101.889 82.63
245 5.68026 84.5537 82.9265
246 25.4986 89.183 61.9374
247 24.0236 72.4922 67.2569
248 15.4824 71.8308 69.5948
249 0.153171 53.2995 103.359
250 21.9135 64.2061 80.3969
251 14.0774 76.8458 71.2033
252 24.9483 65.3957 97.7737
253 30.6452 89.4437 106.039
254 23.0102 70.453 103.626
255 26.4561 87.3726 83.0739
256 29.117 72.0327 93.271
257 31.9394 81.4362 93.071
258 13.3904 81.1037 77.0524
259 11.9775 74.6191 90.5507
260 1.8742 65.7783 71.0223
261 2.19125 76.181 85.9033
262 5.23679 99.3836 76.5851
263 33.8319 58.8446 85.9849
264 21.5427 96.2944 80.8122
265 0.453087 87.4603 111.168
266 16.6188 71.769 117.629
267 0.250476 79.0553 114.585
268 27.9525 81.5732 103.446
269 19.3502 64.4201 95.0037
270 16.7068 89.1791 114.984
271 16.4541 87.6363 117.756
272 36.7594 79.8016 126.776
273 3.60141 70.1641 116.861
274 0.8929 87.6408 122.611
275 32.191 81.7655 108.21
276 32.2773 82.4508 116.558
277 25.2138 89.6571 114.889
278 29.2185 109.524 -0.0901739
279 21.9518 79.682 16.2705
280 27.8779 99.1244 7.36699
281 19.7315 106.684 8.94771
282 15.1832 113.994 7.49839
283 6.36315 100.802 0.280863
284 38.1004 69.8163 29.0255
285 -0.745543 97.9172 16.0859
286 -0.402043 78.371 25.4285
287 4.46863 79.0606 44.4087
288 3.88617 104.168 20.4017
289 15.4556 108.243 19.0052
290 4.93484 99.4205 50.5393
291 15.3356 111.561 18.663
292 4.73668 90.9552 61.4357
293 27.4146 98.1858 26.4899
294 16.8695 89.6644 13.5351
295 21.4237 112.429 20.4103
296 22.1147 110.938 27.8859
297 36.1899 92.4417 46.6212
298 38.7308 93.0028 31.8467
299 34.6652 88.1543 48.0123
300 24.8258 91.9907 44.2693
301 7.30809 109.699 50.3219
302 13.4208 103.367 32.6576
303 26.8944 109.614 55.5401
304 20.8163 109.908 58.8246
305 29.846 102.396 30.4157
306 10.013 109.64 32.9282
307 22.2323 87.1617 44.0812
308 26.5103 103.428 35.795
309 43.2558 102.282 45.3822
310 4.53833 71.7655 53.4774
311 24.439 93.7565 60.4364
312 16.865 107.015 44.4544
313 28.0244 88.844 53.1908
314 19.481 93.8715 60.1523
315 5.11909 107.727 56.4661
316 32.5851 109.848 81.6941
317 7.32562 109.823 93.3277
318 5.07315 79.6704 65.4399
319 25.6804 100.924 81.996
320 8.28365 101.38 105.985
321 12.5529 105.2 95.9315
322 35.6027 109.724 64.4119
323 5.50282 102.404 79.5561
324 12.6783 109.526 73.2789
325 5.29213 82.9833 76.8172
326 18.7387 109.678 81.9611
327 4.08034 89.2389 88.7921
328 35.4283 97.3189 89.6291
329 28.9855 104.693 100.564
330 25.296 98.2864 85.5522
331 0.547743 95.6548 111.001
332 18.1343 77.3663 102.444
333 29.5886 114.623 107.512
334 5.1403 105.758 107.633
335 8.08522 114.743 111.157
336 11.3995 104.619 106.045
337 27.734 100.354 94.9771
338 22.2976 114.985 101.999
339 28.0269 105.031 126.468
340 0.695484 101.968 119.122
341 8.28284 101.523 123.417
342 3.71343 107.34 116.317
343 36.9113 28.983 13.4812
344 26.638 -0.658087 19.4048
345 49.3083 -0.679205 16.6453
346 43.9154 15.3706 0.213285
347 57.8558 -0.530193 19.1393
348 40.2575 15.606 17.9997
349 31.9267 12.4741 0.70305
350 40.18 15.5497 21.0553
351 45.3041 23.0437 16.3222
352 52.1437 1.45519 0.777108
353 30.0175 -0.273379 11.3861
354 34.0482 3.78552 34.7946
355 41.6584 2.78937 35.0695
356 50.8354 0.871077 31.62
357 35.1516 17.4361 39.8841
358 28.9013 18.7605 29.5419
359 41.6593 21.8811 35.7692
360 29.3362 12.5589 40.6768
361 68.1822 3.97053 57.7786
362 31.4919 23.1089 31.6695
363 55.411 27.4885 35.0275
364 59.1085 25.7331 33.3499
365 68.3276 1.09384 40.2381
366 32.6984 20.9527 61.1469
367 38.3688 26.6461 52.2866
368 59.0041 17.0384 56.5306
369 48.3115 18.0322 36.4702
370 39.3769 24.9446 50.5081
371 26.8871 5.02519 54.1932
372 48.0763 25.7356 65.4356
373 48.1836 19.4364 53.5476
374 57.6573 18.1959 63.8719
375 60.7216 26.5427 63.883
376 24.2228 4.93987 53.8394
377 34.8023 1.32038 103.864
378 66.3049 20.8551 95.8372
379 42.3304 22.3072 76.8682
380 39.9392 3.83932 90.1346
381 55.0788 15.8349 86.7547
382 35.6368 6.60398 102.119
383 34.0365 0.167953 107.911
384 35.5509 17.742 102.334
385 29.9203 4.94142 85.8055
386 33.9177 11.1751 100.275
387 59.6116 0.657204 99.082
388 56.7478 3.46829 81.4012
389 45.2469 23.3798 104.949
390 43.3739 21.9709 109.36
391 69.152 7.08125 95.8088
392 40.585 53.27 99.2073
393 53.9466 14.103 126.873
394 39.5329 5.13045 127.218
395 48.0937 23.4934 127.497
396 45.5181 26.4235 113.589
397 36.5916 0.553108 125.274
398 42.4335 0.486932 119.549
399 49.2426 24.7647 100.081
400 62.8446 10.8581 127.021
401 45.2562 22.6703 123.886
402 37.8842 26.3989 0.483372
403 38.1027 35.216 0.0353651
404 23.671 40.7585 0.409355
405 55.4211 23.7037 14.7619
406 55.1946 41.2135 -0.22947
407 52.4325 38.5839 5.94449
408 22.2514 41.245 5.93835
409 38.1095 45.7767 12.0106
410 32.4187 26.8062 0.604172
411 48.9568 35.2512 -0.0710883
412 28.0966 41.3262 8.97499
413 39.6756 36.7755 16.4069
414 47.0229 38.2191 35.0872
415 28.703 21.1113 35.1392
416 49.3979 55.3894 29.2337
417 40.5539 54.0634 13.2883
418 38.1015 42.2431 11.6277
419 31.1768 18.8479 16.7894
420 33.9529 51.172 13.2898
421 34.2339 20.5185 31.3929
422 42.8938 23.6533 37.2277
423 63.4784 24.1828 23.3225
424 55.1485 46.8135 23.3407
425 22.3807 24.6239 30.19
426 61.2166 33.5715 35.0535
427 54.3873 23.7873 51.7169
428 27.3373 17.0958 22.7157
429 39.7513 34.6783 30.7511
430 25.7413 38.4743 38.1435
431 48.6965 37.533 39.6313
432 40.4407 31.8175 39.9402
433 39.4939 37.3488 53.7442
434 37.518 46.2893 64.1161
435 31.7368 33.9373 39.7745
436 42.0828 33.6283 56.4863
437 46.485 40.6523 64.2274
438 42.671 48.0749 50.959
439 45.9934 43.6968 67.7653
440 48.1547 49.3707 73.6991
441 25.0098 23.7566 72.6717
442 34.8016 40.9996 66.6857
443 26.4533 54.8129 75.2488
444 40.9705 14.8236 102.387
445 45.4504 28.2754 68.3331
446 31.2203 46.8336 43.7029
447 50.1377 31.6691 49.8695
448 52.0853 21.1591 72.7081
449 32.0648 27.1958 92.6633
450 49.9602 45.2513 75.6339
451 33.852 33.6727 88.851
452 38.5162 34.059 80.054
453 44.5472 64.5251 91.8641
454 27.6366 53.7091 80.5694
455 52.9661 30.445 44.4869
456 43.6115 56.3412 103.836
457 60.6761 35.1114 84.1085
458 57.8087 35.0018 96.1072
459 25.1305 33.4773 94.869
460 49.2298 45.9824 93.2149
461 47.8311 41.9071 97.7011
462 51.0398 29.1807 96.4702
463 35.12 31.9076 96.5067
464 66.278 17.9677 95.8336
465 49.4387 12.2272 93.2928
466 64.9271 33.1158 111.969
467 33.6092 40.3609 100.13
468 61.613 45.0995 100.437
469 45.8546 35.0492 113.754
470 35.8322 47.8031 112.594
471 46.2799 20.672 119.585
472 46.675 31.2722 122.393
473 45.7063 33.7695 127.118
474 33.6797 24.2751 115.45
475 51.1073 27.3725 126.966
476 60.7038 44.8514 102.831
477 47.884 39.1389 112.431
478 49.5405 29.1493 122.268
479 37.9616 54.8665 108.031
480 38.1482 59.9854 13.8035
481 49.372 63.7653 -0.219315
482 52.0029 68.2491 12.805
483 49.5706 49.571 -0.203362
484 26.9712 31.2065 21.193
485 36.6586 57.4811 27.7333
486 60.9289 59.3244 31.9469
487 30.8324 59.1177 13.2196
488 54.7963 55.5907 11.358
489 41.2463 56.3912 23.2726
490 34.144 68.8951 27.7574
491 43.8645 55.5054 23.2192
492 39.6925 64.1215 30.1243
493 55.2613 56.0344 47.0037
494 45.4886 46.1033 33.5462
495 51.9046 66.9472 29.0931
496 39.6701 45.6697 27.815
497 36.91 68.2449 45.4191
498 31.0493 58.9267 59.7966
499 38.0138 63.8997 59.7631
500 50.2729 39.2313 69.8113
501 35.1943 52.2806 48.828
502 35.6363 58.1943 38.0393
503 49.9411 53.5973 68.7074
504 37.292 57.1273 54.3483
505 48.3515 65.2896 51.5477
506 49.2499 65.1569 57.2128
507 50.5761 78.5288 82.482
508 39.2505 41.8854 82.9388
509 40.3604 60.6967 78.295
510 34.0125 54.9787 58.1647
511 42.896 58.5784 66.4609
512 41.1078 55.8011 49.9085
513 28.6826 58.4074 64.6071
514 49.3884 74.5816 107.594
515 37.3477 63.0196 78.3841
516 52.3607 61.6362 91.988
517 46.0576 63.1455 87.3226
518 33.213 65.9162 76.7499
519 43.043 59.9776 78.07
520 40.7015 54.8458 84.4209
521 42.8917 63.2738 87.3277
522 46.0779 59.9016 81.1141
523 57.7764 43.4762 101.879
524 40.3337 49.3468 93.4788
525 46.5841 57.762 104.949
526 28.4293 57.7612 113.996
527 36.4584 44.6142 109.428
528 34.9957 46.0938 110.977
529 40.9345 48.9976 122.482
530 36.4621 63.0835 94.0904
531 30.9668 61.8935 127.172
532 25.1682 57.087 112.535
533 57.2039 70.4017 126.764
534 33.8054 67.7377 112.269
535 48.0366 64.0731 114.964
536 64.8463 54.0424 103.344
537 32.5056 80.8193 -0.188523
538 43.5375 84.0726 -0.295476
539 25.146 72.0961 7.26216
540 56.9875 70.9109 9.89137
541 52.2513 82.6362 17.7753
542 23.7668 80.8273 0.135181
543 32.2102 55.5077 0.00902435
544 46.9895 72.3813 20.1934
545 44.2081 71.0943 21.6428
546 48.4115 66.8157 32.2002
547 39.3353 92.5844 14.8618
548 40.9714 64.7663 14.5049
549 42.1053 82.894 18.7951
550 60.9927 66.8292 28.8505
551 67.9662 92.2049 30.2747
552 48.2831 89.2584 27.2567
553 28.9724 66.763 46.9828
554 39.9284 81.2976 35.5377
555 52.425 72.1006 50.2655
556 24.0062 74.1346 24.0459
557 27.3977 86.8131 32.3789
558 48.8651 56.9694 36.5643
559 36.3217 79.5858 21.7605
560 49.6085 64.2104 40.625
561 48.1727 79.5939 36.08
562 66.6781 69.6038 40.5924
563 62.6375 90.1904 45.5612
564 35.436 77.5511 50.6039
565 60.7246 77.7992 25.6881
566 31.234 81.7693 44.2753
567 58.4463 89.2883 43.8291
568 52.7157 80.5598 62.279
569 62.9858 62.8579 55.0859
570 55.5003 86.1651 62.0947
571 23.3778 55.4226 53.2023
572 43.5734 67.0039 43.7899
573 46.8104 75.4473 69.9855
574 63.5223 58.6672 46.9964
575 30.7497 80.7233 53.1678
576 30.4423 59.2832 70.9733
577 40.0404 78.1979 43.6373
578 14.8045 65.787 54.4177
579 43.4681 82.1125 78.0626
580 53.9321 82.437 59.8552
581 51.8231 92.3907 71.8512
582 42.5015 93.4433 76.0466
583 55.4951 66.2225 69.0154
584 30.9085 90.0412 88.6025
585 42.4004 83.8722 79.4565
586 42.4981 91.8574 67.655
587 44.3821 88.7537 84.2809
588 43.2438 90.3018 85.9496
589 27.8193 70.9464 94.8125
590 51.9748 85.9768 101.651
591 46.7629 88.9366 107.468
592 47.4722 67.8463 88.5787
593 45.0789 84.1603 97.1474
594 17.9492 74.3166 102.373
595 45.1137 84.7854 114.889
596 34.812 88.7924 87.165
597 47.8034 65.6564 112.088
598 18.5551 71.6622 93.4342
599 36.6618 77.4562 106.485
600 29.3492 75.8559 107.528
601 43.8113 89.018 113.382
602 49.3496 64.8642 107.83
603 48.7653 93.2814 120.383
604 53.8507 81.6878 102.92
605 30.314 81.6876 109.258
606 48.038 89.895 97.2161
607 38.2743 58.1279 108.018
608 54.6654 58.143 102.033
609 53.7848 83.1898 113.07
610 39.0653 79.1179 112.132
611 50.9645 74.2263 114.633
612 42.5052 87.1978 114.901
613 38.2412 73.4608 120.807
614 44.746 87.694 114.844
615 53.7137 79.7304 114.84
616 38.8645 96.7218 7.1425
617 43.7557 114.258 1.68475
618 54.9692 112.366 -0.401035
619 26.6594 95.269 8.89726
620 49.1354 114.406 1.71525
621 53.5393 101.204 13.9663
622 59.205 98.1622 11.5056
623 38.1218 108.329 13.795
624 40.9751 85.246 11.0432
625 37.0257 111.059 4.16007
626 49.5053 102.477 10.2513
627 23.7884 114.203 10.3297
628 53.8062 104.692 32.623
629 21.2646 109.453 38.6368
630 32.8837 106.532 23.4225
631 39.6942 84.7254 30.3273
632 45.2316 91.4375 27.2134
633 25.1693 110.822 29.1909
634 80.7721 98.4325 16.7898
635 19.9608 93.6453 25.0604
636 58.0749 114.297 21.3066
637 31.0917 89.5915 46.7396
638 58.5563 95.1845 40.8483
639 51.0486 90.7747 39.2836
640 57.1044 96.4484 54.0392
641 52.8267 94.897 52.4654
642 63.5843 94.8496 58.2347
643 39.4269 96.5211 64.1366
644 43.7021 89.9926 48.8194
645 61.5926 111.277 43.2426
646 47.1696 95.2462 49.649
647 53.9317 88.2234 50.4734
648 59.212 111.454 79.8811
649 38.4499 110.204 81.6632
650 36.5039 94.9579 64.4518
651 46.2315 109.684 67.1917
652 48.4206 92.6756 84.9574
653 57.3098 109.542 55.7883
654 43.6435 91.2872 63.399
655 41.0806 97.1389 92.6309
656 53.5887 99.2634 65.8984
657 36.3445 97.7474 93.2447
658 48.1606 103.81 90.9733
659 46.9142 99.6949 89.5056
660 39.1331 98.4744 79.6849
661 48.4299 109.77 55.3704
662 64.1379 112.579 67.0028
663 55.4079 109.484 52.7534
664 35.7037 113.531 100.453
665 39.6217 115.074 99.9188
666 42.6011 111.216 86.6742
667 33.9741 92.6702 88.3259
668 39.2638 98.522 94.2518
669 36.2802 95.5638 79.6781
670 45.7676 93.5621 74.997
671 22.6577 96.2042 97.5103
672 42.3709 101.255 93.8832
673 45.154 100.907 90.9318
674 41.9515 81.9385 106.24
675 39.3007 109.842 99.9459
676 48.0906 114.29 98.5404
677 44.9424 114.645 101.756
678 53.6499 114.637 103.33
679 25.7353 114.971 116.06
680 42.6598 90.6264 126.639
681 42.1184 97.6215 118.623
682 43.8399 107.689 121.07
683 36.5774 90.3846 126.672
684 50.7775 115.292 113.282
685 35.1589 104.14 113.219
686 33.3797 115.137 112.855
687 41.8953 115.149 124.505
688 36.8029 96.2777 126.53
689 57.5142 102.078 126.632
690 59.478 113.278 126.04
691 66.5701 4.3284 0.286344
692 69.2326 32.5279 -0.21697
693 79.1808 23.8935 1.09119
694 74.0797 18.4485 6.26325
695 66.412 15.0664 0.0981873
696 62.5798 14.0655 16.168
697 103.283 -1.05483 8.71297
698 72.6596 -0.38766 19.094
699 62.3951 18.3292 13.2432
700 59.1548 -0.433956 30.961
701 29.2306 -0.00807001 0.550543
702 60.3959 -0.680351 2.25203
703 68.9832 -0.456843 25.0084
704 54.2199 9.97614 18.1955
705 60.8223 5.53571 13.1967
706 67.7445 3.17127 45.2852
707 52.2851 14.2473 44.6894
708 92.9551 13.2578 29.0873
709 83.7402 31.7678 45.4478
710 79.4961 23.4288 42.3834
711 89.2736 -0.0567261 18.7919
712 68.7351 15.7092 45.2231
713 50.8305 15.8026 49.2729
714 64.7436 9.28942 41.2203
715 71.0315 7.21329 36.5728
716 58.1932 15.4287 46.3316
717 63.9937 11.4802 31.4076
718 90.1686 23.7033 57.3818
719 47.111 0.778434 99.1812
720 94.2399 24.4157 84.2188
721 75.9067 14.1563 65.4131
722 61.1041 5.03303 70.9041
723 65.4866 27.6862 73.7901
724 69.8581 1.98572 83.254
725 85.7462 5.46912 65.82
726 50.0202 9.76104 75.3803
727 93.5055 4.8213 62.8144
728 58.4624 14.7139 105.078
729 70.8004 8.56992 94.0557
730 61.0504 14.8222 98.8801
731 64.1593 12.5328 98.9755
732 62.7458 0.592804 101.339
733 83.5532 9.58282 110.496
734 83.0021 10.5866 120.522
735 83.6028 9.22394 121.99
736 86.5414 21.6162 113.314
737 68.9986 20.5409 119.342
738 67.9453 0.281834 113.983
739 73.4526 24.7479 106.232
740 82.5326 16.7767 126.572
741 62.3558 19.2518 120.882
742 72.4674 13.6015 121.493
743 80.6849 29.2203 116.163
744 59.4123 0.449299 122.477
745 62.1684 16.1148 127.051
746 62.455 0.106955 113.71
747 59.68 16.3419 126.877
748 71.7928 26.7823 -0.296728
749 72.4037 41.0872 -0.297302
750 88.0415 52.6956 10.422
751 80.1226 27.1567 23.0212
752 72.3656 32.2924 -0.310518
753 63.7902 18.3291 -0.0109859
754 63.8267 48.893 20.2084
755 52.4015 46.7687 14.3818
756 46.8619 28.8469 29.146
757 71.0698 24.0638 24.4574
758 59.5534 28.3312 13.2368
759 51.2899 34.2457 33.6637
760 52.9295 28.2052 52.7822
761 76.5193 45.7624 39.5115
762 66.8038 24.7143 32.0071
763 88.2679 28.9482 62.7445
764 78.7285 44.64 50.6945
765 58.8126 32.9417 47.0854
766 61.5547 31.9143 49.5236
767 78.2259 13.397 46.9469
768 71.5656 28.897 51.7604
769 74.9351 44.2983 38.055
770 66.8821 39.0022 35.1883
771 89.0961 39.341 34.7762
772 72.3475 39.1758 41.0096
773 84.6725 34.5365 82.7587
774 77.3679 33.0121 78.0984
775 58.1725 41.7999 70.5462
776 57.5855 34.931 68.5424
777 66.473 56.7176 67.3605
778 89.0091 31.5071 83.2538
779 93.8391 30.3611 62.2398
780 61.7898 42.7194 76.439
781 45.3658 28.2688 85.7572
782 68.2988 50.0674 72.7264
783 72.5329 36.7348 91.3454
784 87.7036 17.314 91.4987
785 71.8548 24.1983 89.9564
786 75.8471 50.593 91.4884
787 64.9899 19.4314 94.1825
788 66.5332 40.7859 104.707
789 46.5364 28.7772 99.2014
790 71.4891 43.5083 67.7669
791 87.1834 45.4112 88.3512
792 61.4355 33.5303 85.5392
793 78.0466 24.2748 84.1196
794 60.7649 26.1391 107.692
795 72.0604 34.5071 110.489
796 53.8012 36.1313 109.413
797 67.3821 33.3596 97.3377
798 71.9645 43.5956 107.662
799 60.4317 43.78 98.8298
800 78.0492 41.0882 113.305
801 70.7241 25.1621 97.336
802 101.765 23.9132 98.0605
803 75.8687 42.6647 91.4909
804 59.515 24.9866 126.822
805 71.1297 30.8776 126.631
806 62.0627 24.9846 117.991
807 83.622 27.93 116.631
808 66.8192 34.6896 113.539
809 82.0822 31.0116 117.596
810 89.8059 49.4913 -0.814012
811 69.8423 58.2147 -0.828008
812 52.252 61.0986 -0.276017
813 59.7097 56.8823 12.8299
814 64.87 62.4583 9.8399
815 72.0775 49.998 8.46447
816 65.3207 59.0496 15.7479
817 92.3469 72.7508 16.7079
818 63.6243 52.1344 -0.373049
819 82.5937 57.0207 12.6087
820 82.4117 45.5119 9.8003
821 70.9858 57.2494 15.5536
822 59.3427 68.1177 30.3233
823 78.5662 38.5861 17.2263
824 75.3127 57.2464 31.9093
825 73.6632 59.946 24.3759
826 77.3823 78.4815 16.7419
827 56.6196 64.1159 5.85244
828 88.5347 69.8111 37.8144
829 69.7205 69.4391 19.7999
830 79.2291 70.8066 35.9383
831 89.4587 61.8183 37.5389
832 76.0922 82.6795 36.0414
833 94.8733 37.8084 47.3451
834 69.0201 52.9606 38.162
835 73.8065 74.4249 21.2531
836 90.4102 70.943 36.5587
837 77.266 79.1505 42.692
838 80.8107 53.1062 40.8497
839 88.9508 64.0142 77.5495
840 56.6838 60.1806 48.6105
841 60.5569 69.8661 50.0545
842 62.9792 59.2288 78.4113
843 62.5131 64.2075 57.5153
844 54.1847 73.5848 73.6984
845 78.547 51.3288 76.6762
846 81.9051 47.4786 66.4135
847 69.494 61.0494 57.3658
848 82.3434 59.4191 61.6169
849 63.9559 40.9069 95.8827
850 71.3876 56.837 84.2399
851 72.6299 47.7887 94.3836
852 68.6816 73.046 102.654
853 78.579 48.0786 79.0724
854 64.002 57.4942 79.885
855 67.4554 41.8503 68.7106
856 73.3635 65.4723 105.865
857 67.3137 51.0236 88.6126
858 70.403 70.7963 105.738
859 77.3956 41.1235 86.998
860 36.3363 56.0638 106.489
861 66.2427 29.4069 92.8952
862 69.4504 66.1369 113.233
863 115.917 90.3753 116.666
864 56.5696 58.9043 100.477
865 85.2107 43.1654 117.38
866 60.552 32.1698 101.847
867 75.134 72.6354 118.932
868 86.5353 44.9457 116.252
869 85.1309 46.4463 114.676
870 81.1449 47.9215 127.068
871 71.4057 67.7892 126.555
872 79.609 55.7683 126.412
873 93.2466 67.5328 108.505
874 73.7371 63.4761 117.921
875 87.9165 59.5712 126.257
876 89.3251 70.3381 7.95868
877 58.4884 72.3439 8.47609
878 86.3399 89.4773 8.09963
879 65.0119 80.8623 4.36735
880 63.9205 92.4717 -0.651745
881 60.5457 72.838 -0.345012
882 66.9194 71.1603 18.0251
883 63.6152 83.3552 5.28337
884 69.5438 63.5835 -0.64389
885 64.1024 86.8773 5.4713
886 80.4344 86.7162 40.7135
887 73.417 82.7512 9.61709
888 76.5405 65.2211 18.5316
889 77.6293 66.7877 16.9562
890 84.4854 85.0541 39.2951
891 57.8042 87.0172 14.094
892 64.9317 73.7187 27.254
893 64.0178 66.8566 17.0575
894 70.9155 88.5092 41.7409
895 72.1496 81.3737 43.6529
896 77.5504 81.0649 37.6891
897 80.0773 69.6414 55.336
898 65.1977 90.436 24.1338
899 92.333 68.218 37.6714
900 71.0176 92.176 61.3231
901 77.5001 81.0691 31.4255
902 78.4156 70.6007 54.3082
903 72.9633 88.7559 69.9613
904 59.5445 73.616 51.9286
905 66.5261 62.0201 37.7632
906 74.811 85.5309 86.4499
907 63.3339 69.9716 53.2974
908 62.6171 64.5736 74.4627
909 57.6764 94.5697 95.3771
910 72.8568 85.269 51.2888
911 80.5874 68.8653 79.1944
912 90.6075 91.1208 75.8732
913 69.0625 94.9858 76.1806
914 63.6072 73.8333 70.7483
915 76.4615 92.6904 71.6655
916 84.886 73.0333 96.7901
917 50.6212 50.4662 97.7182
918 49.2812 73.0222 101.05
919 43.5784 82.9066 89.8969
920 77.2522 65.6169 89.4949
921 89.9633 85.3368 59.7773
922 70.4601 77.9682 96.8728
923 56.4029 69.0213 113.239
924 59.6168 76.3272 106.002
925 52.1846 83.3722 101.557
926 60.8394 77.7724 104.367
927 67.8893 91.6437 73.4589
928 74.8811 72.3516 107.147
929 85.5984 84.8983 126.041
930 59.4672 84.8004 126.394
931 80.1254 70.8456 126.38
932 84.5677 86.0669 115.652
933 77.8915 84.8626 115.52
934 68.4646 70.6658 126.653
935 70.8133 78.9469 126.418
936 68.3672 70.6715 117.573
937 68.4454 90.8548 126.415
938 79.4458 99.2108 9.58628
939 58.314 108.186 9.64244
940 56.7629 93.7239 6.85498
941 69.3498 92.1461 -0.697542
942 86.2908 114.269 26.7807
943 53.729 114.046 27.29
944 99.4937 112.03 37.2581
945 62.411 94.1602 18.3192
946 60.7908 114.417 6.89897
947 86.6812 114.258 11.8417
948 41.4083 106.859 26.0059
949 68.0034 90.9545 24.1113
950 67.9204 102.501 38.8824
951 74.7548 111.582 40.0612
952 49.3306 84.822 48.508
953 62.5527 105.306 36.0138
954 88.2336 104.927 27.0262
955 39.8145 84.3631 27.0539
956 68.437 102.582 44.7779
957 98.291 110.648 70.8896
958 72.1588 91.7693 73.5758
959 87.2088 91.4167 78.7886
960 59.0795 91.3344 27.2179
961 63.3399 112.511 38.5326
962 88.3752 110.271 54.6024
963 61.7632 113.949 32.5005
964 69.0759 83.618 40.3097
965 70.5231 96.009 57.5338
966 58.0663 100.488 52.1251
967 75.3536 110.71 57.2979
968 82.3515 99.5728 64.2038
969 86.6085 92.4488 71.2264
970 96.5412 90.5288 63.5934
971 74.7424 111.681 71.7614
972 77.6251 94.2876 73.2604
973 86.1429 89.5214 71.257
974 89.213 112.296 42.8484
975 67.6476 104.026 81.6932
976 50.6965 101.967 102.726
977 79.8417 112.209 90.3139
978 73.349 101.253 90.5181
979 62.1452 91.9375 73.8784
980 67.7005 89.591 90.9511
981 100.567 111.204 59.2012
982 68.352 114.149 94.3247
983 79.4692 107.013 87.404
984 56.5638 87.4241 103.055
985 80.7468 113.379 94.4372
986 62.1001 114.115 92.0323
987 64.1975 98.8638 102.629
988 44.9895 113.595 126.013
989 73.5964 83.5673 99.8958
990 60.5549 97.5243 101.138
991 85.0982 114.372 100.233
992 60.6785 98.3137 107.153
993 73.3011 114.192 88.587
994 69.2731 91.3314 98.2799
995 90.9528 114.488 103.228
996 71.8196 94.5902 112.8
997 77.1411 115.31 109.675
998 67.485 101.984 125.88
999 62.1552 115.27 121.1
1000 76.5007 107.675 125.771
1001 65.1388 94.2371 126.334
1002 90.818 90.8065 125.824
1003 57.9819 90.4272 122.578
1004 85.0936 115.11 115.218
1005 50.8314 115.236 118.346
1006 95.8259 104.917 116.666
1007 72.3612 105.935 121.237
1008 113.922 12.5575 0.886952
1009 105.645 19.852 4.18602
1010 87.8859 19.3003 7.16915
1011 106.641 -0.373911 10.2155
1012 89.1617 3.32026 -0.549942
1013 96.7306 17.2652 10.065
1014 93.7435 20.2682 9.99131
1015 114.192 33.0499 16.5623
1016 102.429 1.7861 32.8343
1017 94.4349 2.31533 50.6387
1018 91.8362 11.5872 10.1006
1019 102.246 1.55968 29.029
1020 86.1674 27.4128 20.1945
1021 71.1273 12.6742 20.9141
1022 100.685 17.0578 28.9405
1023 104.17 1.72082 46.6471
1024 107.566 9.18328 36.5215
1025 100.575 28.1132 40.8558
1026 102.176 17.6503 36.4855
1027 105.034 1.79704 41.0175
1028 88.737 30.0215 20.2297
1029 76.5034 19.086 40.975
1030 86.3484 22.2966 56.2646
1031 74.3854 9.87078 69.9809
1032 111.601 5.19833 58.9707
1033 108.74 8.83974 70.7255
1034 97.4122 22.003 78.1926
1035 82.692 5.43089 59.659
1036 105.666 22.2255 50.05
1037 107.636 2.05953 46.8608
1038 96.4586 25.476 79.7066
1039 93.4055 5.84996 81.8697
1040 110.463 18.7753 57.1393
1041 85.1548 3.50763 78.9042
1042 100.077 2.3281 93.8099
1043 92.1445 2.62914 49.9482
1044 108.414 1.9129 61.6227
1045 95.711 21.7017 71.7004
1046 101.375 8.16382 74.3761
1047 78.2117 7.12339 89.6033
1048 98.0266 2.29298 96.623
1049 113.616 3.93325 96.74
1050 101.316 3.92978 74.8453
1051 104.826 22.9323 82.6453
1052 112.906 4.3231 73.0159
1053 113.555 24.0755 89.064
1054 90.5759 0.780319 101.57
1055 89.3679 3.12022 82.1066
1056 87.83 16.982 100.087
1057 111.655 2.26469 105.572
1058 96.4787 2.31483 90.7553
1059 97.2665 12.3095 98.531
1060 92.787 12.3188 95.5607
1061 109.079 27.0747 87.014
1062 85.9937 15.3795 98.6548
1063 96.8919 0.264551 113.209
1064 80.9862 2.97575 82.0108
1065 113.684 6.40161 105.323
1066 100.648 5.07559 115.182
1067 115.305 13.855 115.619
1068 113.706 5.23523 125.929
1069 100.179 16.2181 100.422
1070 91.9829 35.5382 -0.729972
1071 89.3228 43.2394 -0.694749
1072 92.3426 18.8005 2.76695
1073 99.6769 45.9405 15.5514
1074 100.75 42.6467 2.63026
1075 99.3826 44.4514 3.8003
1076 103.863 33.0578 11.1971
1077 86.5616 31.7867 11.5752
1078 102.796 38.2886 11.0205
1079 96.2146 48.6586 27.389
1080 92.061 49.7218 22.9192
1081 112.822 42.1986 33.3705
1082 79.7228 43.0448 39.5557
1083 109.399 49.6139 61.3334
1084 113.805 25.2046 21.7166
1085 93.7456 40.3818 36.4338
1086 93.4209 34.689 36.3077
1087 113.77 52.995 21.2902
1088 99.5668 47.1132 19.0975
1089 96.3804 29.0027 36.4448
1090 81.0589 33.2661 23.1707
1091 83.5074 30.3956 46.5238
1092 94.8175 13.974 55.839
1093 96.4322 35.151 59.6926
1094 88.4626 27.628 59.7306
1095 96.2179 56.0848 47.7145
1096 87.8678 46.0631 42.4334
1097 103.009 27.7416 40.9872
1098 96.3586 38.9588 56.7648
1099 109.619 29.8707 66.6963
1100 93.5128 35.6537 62.8655
1101 99.2264 38.2774 56.8923
1102 111.53 11.3987 60.6198
1103 88.2632 29.8634 59.3772
1104 91.4987 56.7013 70.5703
1105 88.961 37.6637 83.0776
1106 97.2374 26.1799 72.31
1107 80.7412 28.0598 55.9239
1108 95.8974 29.972 57.0835
1109 112.448 34.4707 34.2905
1110 113.807 12.6054 97.6985
1111 99.1957 41.5334 69.1545
1112 113.57 30.0964 94.0283
1113 102.133 33.4886 65.4864
1114 87.9907 48.2605 82.3417
1115 92.082 39.9618 88.8401
1116 113.768 32.2394 105.167
1117 92.0074 39.9325 85.8128
1118 103.519 40.3967 79.0996
1119 82.1967 15.4114 90.9856
1120 76.4253 39.3417 88.5629
1121 90.0316 50.4709 94.2642
1122 100.41 47.9737 95.6082
1123 89.0713 35.9708 98.6794
1124 90.1912 38.3382 89.9543
1125 113.879 35.1385 96.4106
1126 109.422 43.9632 69.93
1127 92.0939 31.6543 113.051
1128 100.83 32.2442 101.358
1129 102.39 44.6399 117.087
1130 111.222 25.0163 125.887
1131 113.853 39.4092 125.721
1132 107.918 46.2413 106.34
1133 115.272 42.519 115.697
1134 105.122 44.9908 126.094
1135 105.044 35.004 111.544
1136 84.9744 59.4003 126.359
1137 92.1754 55.1124 8.27657
1138 106.626 54.1016 12.5853
1139 91.9436 52.6339 -0.548536
1140 102.952 57.0445 15.3357
1141 113.944 44.0055 24.514
1142 109.425 71.3618 49.9309
1143 114.18 72.6103 9.01684
1144 90.2296 54.1534 12.7541
1145 89.4595 52.597 14.076
1146 109.165 57.9825 43.8831
1147 114.048 64.2029 9.16961
1148 102.428 58.3283 8.32269
1149 98.4358 74.0489 30.9971
1150 86.5739 60.8642 16.923
1151 85.1579 55.84 50.6679
1152 104.893 52.1697 27.0205
1153 96.3698 49.1044 42.4337
1154 96.4099 73.9485 30.102
1155 94.9206 47.3695 37.7427
1156 84.8558 76.4577 36.1866
1157 113.815 52.9465 6.76005
1158 100.06 61.5746 52.7245
1159 94.6178 61.8737 52.7377
1160 111.227 57.0727 36.4172
1161 109.16 65.9475 57.8308
1162 89.3717 47.7854 61.9076
1163 89.222 57.0186 73.8503
1164 91.883 44.9492 61.9612
1165 109.416 63.3363 61.1179
1166 99.645 58.1892 29.9673
1167 113.01 30.667 87.8693
1168 88.9712 82.577 76.9269
1169 115.261 82.3122 108.81
1170 103.082 69.8493 52.432
1171 109.791 44.4882 81.9756
1172 109.34 49.9939 67.4364
1173 89.5677 58.5227 75.2716
1174 93.8704 49.1256 60.0112
1175 85.8577 49.7527 83.1014
1176 92.0885 78.2028 57.6248
1177 96.8801 67.9491 86.0929
1178 81.5524 64.2189 97.0076
1179 82.1552 44.4171 66.0485
1180 109.398 46.6889 70.0966
1181 92.0575 63.4457 78.5953
1182 95.2642 55.9784 86.7072
1183 99.799 49.1673 106.99
1184 82.5732 57.5585 85.1925
1185 75.0259 68.589 95.5345
1186 92.3921 47.4137 84.192
1187 112.225 71.8327 88.9985
1188 109.79 53.9565 87.4749
1189 116.03 48.1178 102.809
1190 109.021 52.7178 70.2167
1191 108.547 60.6003 94.783
1192 86.4269 61.4281 110.156
1193 115.392 44.8067 109.685
1194 89.2419 70.2875 105.853
1195 100.742 39.3303 103.661
1196 97.6772 65.3533 101.321
1197 87.5998 67.408 96.7859
1198 99.4319 63.2691 106.702
1199 89.445 61.5089 96.7438
1200 99.2226 60.5068 108.613
1201 84.5135 56.4045 120.321
1202 87.5235 59.113 120.171
1203 108.073 56.6015 125.797
1204 98.3669 68.899 115.634
1205 93.7414 57.0136 126.17
1206 108.077 64.818 125.663
1207 81.3526 83.7434 -0.85866
1208 89.1913 80.5875 -0.878521
1209 100.878 90.0087 7.99445
1210 113.766 75.3944 3.50112
1211 86.7139 88.4192 25.4444
1212 106.564 82.4395 10.5747
1213 86.5063 80.4847 -0.974706
1214 78.0147 69.8165 19.8409
1215 86.3979 76.8434 10.567
1216 113.819 87.0232 0.651306
1217 111.392 94.5977 26.9179
1218 109.833 72.3104 37.8148
1219 104.016 80.0575 25.256
1220 72.3321 78.1003 22.6729
1221 95.1333 81.5928 25.5914
1222 111.633 99.7455 29.5342
1223 96.6601 76.6359 20.9241
1224 77.4787 86.683 11.0481
1225 90.4898 69.9072 16.4457
1226 96.582 82.2515 52.8181
1227 103.034 71.4937 43.3315
1228 91.6116 57.0131 64.6019
1229 95.8652 82.5804 33.542
1230 97.3677 79.8137 32.1275
1231 87.972 63.0614 36.0215
1232 112.686 70.8393 25.1173
1233 72.2252 103.468 40.6647
1234 92.2959 73.1427 49.1041
1235 92.5216 68.4338 51.0292
1236 95.0135 92.471 74.0416
1237 95.1897 81.8543 51.2799
1238 109.851 90.8944 56.7066
1239 94.5491 89.0308 51.699
1240 83.9494 83.5608 69.0041
1241 103.276 75.7799 67.0353
1242 91.545 73.7494 70.7031
1243 113.676 73.8607 96.6187
1244 82.2936 72.9942 65.454
1245 109.983 94.5008 62.6917
1246 97.2227 76.1773 83.3516
1247 109.632 64.7138 84.0293
1248 96.3771 94.0242 47.9954
1249 90.6529 83.5805 90.9011
1250 109.464 80.5517 66.2778
1251 87.8069 101.393 90.2893
1252 88.6327 75.695 68.3081
1253 109.31 52.3255 64.1457
1254 99.0094 72.497 71.1833
1255 91.2734 95.547 96.5966
1256 113.448 74.1112 93.5081
1257 75.7009 90.9877 86.2059
1258 115.253 98.8766 106.631
1259 93.3576 91.1309 98.2676
1260 92.6291 91.306 100.756
1261 109.66 59.054 82.2489
1262 90.7168 98.4934 99.3393
1263 86.4724 75.2551 112.912
1264 93.263 78.7515 96.6778
1265 104.935 82.1988 105.072
1266 107.819 76.3231 113.856
1267 88.1749 73.7293 125.913
1268 115.348 73.8378 112.485
1269 93.784 69.1477 126.708
1270 115.362 87.6816 115.169
1271 107.901 79.4294 113.829
1272 96.3568 85.1182 119.646
1273 93.3213 85.1855 119.751
1274 109.277 81.6318 121.075
1275 93.5493 60.6118 112.78
1276 115.34 82.2 118.242
1277 96.5248 88.0095 125.868
1278 82.4046 80.565 117.777
1279 105.27 90.5075 116.596
1280 105.132 76.2324 122.544
1281 110.848 92.3557 6.47818
1282 95.0865 114.164 12.2103
1283 112.088 114.151 6.30783
1284 113.966 97.6246 14.7856
1285 99.3837 109.576 12.9807
1286 102.649 103.822 21.0021
1287 106.567 99.3052 19.6889
1288 87.2383 96.3891 35.8399
1289 77.57 67.3269 -0.987338
1290 111.717 104.972 32.0437
1291 105.102 102.479 18.3101
1292 85.3816 109.662 33.8001
1293 110.927 98.853 52.9967
1294 105.569 111.151 28.8864
1295 76.986 113.335 39.1405
1296 91.8397 89.8344 28.9509
1297 81.7499 99.214 35.6965
1298 110.607 86.0506 33.1638
1299 101.422 98.2692 55.7747
1300 99.7299 82.3868 49.8284
1301 81.5559 104.03 36.7984
1302 76.6178 101.793 57.8668
1303 95.6549 105.008 51.1048
1304 111.253 101.397 47.3164
1305 113.84 95.9004 82.2655
1306 103.061 112.963 101.185
1307 101.153 83.3908 51.4134
1308 94.0212 99.9454 53.5483
1309 111.019 110.887 63.4883
1310 83.5961 92.7725 71.2708
1311 80.0411 100.713 87.6514
1312 112.787 98.5009 77.3905
1313 107.257 112.019 48.8399
1314 94.7833 112.813 95.8909
1315 110.195 111.251 43.1611
1316 101.427 96.5019 65.7914
1317 104.556 94.0742 96.3411
1318 97.4054 112.203 89.7349
1319 86.3885 108.588 103.605
1320 88.6894 82.0029 89.1944
1321 111.047 81.7439 79.8468
1322 113.852 82.7724 101.291
1323 113.592 96.8166 96.2245
1324 96.3045 115.134 123.742
1325 92.88 92.6933 99.2414
1326 113.442 77.5332 93.9543
1327 85.8982 105.536 100.709
1328 115.203 90.6972 123.557
1329 109.053 111.839 86.5578
1330 97.752 111.663 106.112
1331 81.7215 115.041 112.747
1332 80.6686 97.3217 103.787
1333 96.3041 110.306 113.578
1334 103.564 96.2159 116.45
1335 87.7022 106.964 113.768
1336 114.306 104.71 125.206
1337 115.223 101.46 120.477
1338 115.15 101.783 117.437
1339 105.473 110.286 125.608
1340 115.047 109.946 106.015
1341 85.2207 94.6701 107.057
