0 6.55144 15.7138 0.902909
1 6.95942 9.60785 7.2163
2 16.4055 28.2791 13.8277
3 26.5164 -0.604316 14.1837
4 26.8257 4.23149 0.973223
5 9.6344 4.62769 4.37039
6 4.14879 9.76311 4.36166
7 12.5378 2.63851 11.6214
8 23.9503 15.6069 0.842466
9 1.09493 15.2934 1.31626
10 -1.13908 52.8805 7.71493
11 26.0371 9.957 27.1606
12 24.4235 18.977 41.548
13 0.856247 -0.0946133 11.999
14 31.5063 3.94118 32.064
15 13.5398 18.2335 35.5291
16 0.260314 26.7068 21.3829
17 31.2856 17.7083 34.5654
18 8.31287 5.73553 55.1238
19 26.3909 16.1249 38.3688
20 31.7705 26.4503 48.5182
21 22.5166 5.76636 76.8461
22 40.3021 18.0942 48.6243
23 -0.785089 7.27305 12.3716
24 5.06257 36.0202 59.1669
25 43.4541 22.7445 60.3393
26 6.33542 19.6453 77.8934
27 8.88533 38.4054 60.7129
28 26.6137 13.7839 82.8298
29 25.1752 5.61298 37.9707
30 23.1084 40.2144 51.341
31 16.1409 5.68427 40.436
32 44.9193 20.9122 63.8679
33 8.8827 39.4695 74.9795
34 3.11716 33.3141 98.6126
35 10.2816 30.5856 70.8905
36 27.0277 5.87991 60.7031
37 24.6127 48.864 63.6987
38 6.56904 11.0577 75.3091
39 47.2887 6.26341 71.8885
40 22.7391 6.25339 72.0767
41 10.5753 28.9274 56.627
42 27.8449 13.8455 88.1838
43 6.58376 18.8373 89.4763
44 25.6227 19.4393 87.9863
45 8.4849 6.32676 84.0567
46 30.9703 6.22783 71.985
47 7.0008 8.62459 95.7111
48 41.2 15.077 83.8132
49 37.5915 24.8598 96.6864
50 5.92863 27.335 95.2506
51 22.6692 23.3717 119.421
52 4.84982 18.0633 105.326
53 30.5236 9.68307 104.231
54 30.9148 16.0643 93.8806
55 31.8171 12.7107 103.617
56 22.2725 21.3934 111.466
57 11.3986 11.0935 107.816
58 6.2852 30.7559 87.2202
59 9.76633 13.5642 118.067
60 3.94179 13.5443 118.934
61 11.2191 0.296142 116.135
62 28.0562 10.7122 129.143
63 25.6346 10.6805 129.069
64 3.07163 0.654993 124.581
65 16.8355 4.86024 125.996
66 16.5903 33.2933 8.07747
67 20.9733 41.333 9.36924
68 19.6136 39.6983 7.93575
69 -0.731896 44.0935 13.6844
70 16.9178 25.1881 11.1321
71 0.475576 55.5724 0.769266
72 21.003 29.5742 0.833959
73 1.04661 18.1462 1.24598
74 4.26205 40.205 50.6375
75 4.20207 34.6323 49.6365
76 3.71927 18.8632 21.9488
77 5.40347 36.5983 28.3333
78 1.50442 35.1237 32.812
79 3.97744 39.7143 47.3731
80 20.2837 47.2178 54.3251
81 32.9204 45.7002 42.1477
82 28.1721 46.8691 40.9057
83 24.4012 41.8682 52.7994
84 11.5025 62.9109 34.0473
85 5.912 27.2321 40.7616
86 7.21143 52.8521 35.4317
87 18.5993 45.6521 52.8404
88 21.7011 47.0314 44.0782
89 6.73523 12.7286 22.1015
90 44.0203 37.6309 34.9369
91 45.1916 35.177 46.9516
92 -0.0285576 58.1399 77.8462
93 15.6937 38.8188 47.2403
94 19.2241 25.8592 50.4074
95 33.5602 39.1327 67.7023
96 15.7712 55.559 55.8214
97 24.1553 53.436 58.7834
98 20.2495 51.5509 57.4121
99 15.3252 28.9517 89.9901
100 30.2604 39.0412 76.6888
101 24.7498 43.6178 59.3381
102 6.44289 22.0479 78.148
103 27.7569 49.8173 58.578
104 25.9511 43.1125 54.2201
105 7.06628 44.7914 76.6508
106 46.4647 35.2223 60.2196
107 17.5855 35.0508 84.0313
108 32.1063 29.1465 80.9588
109 26.3529 43.9021 92.549
110 30.5827 44.5999 96.9329
111 2.00675 37.5309 95.9398
112 26.0563 30.2757 97.8104
113 19.4574 31.8582 101.468
114 26.6214 26.3056 83.581
115 20.7921 43.023 95.5939
116 29.32 68.274 101.071
117 21.2173 52.1826 112.816
118 0.583259 39.2031 99.2939
119 27.7082 47.733 105.531
120 26.0956 24.4362 100.828
121 25.121 55.5314 99.6587
122 19.2807 47.5985 114.393
123 16.5951 36.8049 114.426
124 26.5043 35.7033 106.91
125 35.7807 32.1741 118.597
126 26.5428 43.47 121.381
127 22.0387 44.7375 123.056
128 0.647067 22.2219 110.734
129 19.5347 51.0571 117.261
130 5.22136 36.7103 129.227
131 13.8701 45.0447 129.129
132 23.7112 24.9337 117.687
133 27.912 22.0356 117.255
134 26.8373 68.3813 18.8508
135 3.5719 61.0126 0.728575
136 22.4863 68.6411 13.3364
137 22.5279 65.4097 13.4398
138 -0.864783 49.5338 19.8355
139 -1.00649 67.0349 11.0867
140 18.155 46.9144 9.39099
141 5.23207 76.649 45.7301
142 4.93261 20.3988 30.0793
143 15.5142 64.3343 35.3274
144 7.40867 66.8473 35.4794
145 -0.574559 55.1196 28.5053
146 25.7004 65.6422 13.4284
147 25.2126 43.0568 22.3027
148 0.165288 42.6092 36.9383
149 31.1347 61.2789 30.145
150 7.02471 52.6518 55.9124
151 18.5397 51.2587 43.4388
152 16.5296 61.3104 44.2191
153 19.3797 67.5702 41.1153
154 28.4354 54.8314 30.7768
155 40.1658 56.7944 44.9868
156 4.64719 45.663 31.2824
157 5.30738 68.5537 57.1661
158 21.2512 57.1796 48.0921
159 1.63767 46.8565 44.4013
160 15.3617 61.2817 38.3599
161 25.0766 59.4162 59.271
162 18.974 55.6799 55.7003
163 4.23435 45.8654 58.7544
164 32.515 68.8101 53.6158
165 27.6125 44.3314 55.8513
166 8.55484 60.3502 72.004
167 0.135244 70.7017 95.976
168 0.209976 59.016 74.7782
169 8.72279 58.8224 73.8083
170 18.4579 50.0468 55.8309
171 38.8296 56.0301 76.0025
172 8.70228 61.8677 79.8297
173 26.077 59.1118 83.9338
174 6.33295 64.6992 106.279
175 0.182282 50.251 90.5305
176 0.0873058 58.861 93.4826
177 26.2185 51.7159 86.6256
178 18.6344 50.2542 82.2631
179 27.8116 63.2647 98.7935
180 6.08747 24.6006 92.3901
181 33.0484 57.4333 98.1226
182 0.374312 61.9116 97.8892
183 22.5126 35.5273 111.397
184 10.0095 60.584 118.748
185 20.8417 36.2235 108.603
186 0.380733 56.2578 121.444
187 4.18792 82.4093 88.5897
188 0.484168 53.0968 115.879
189 19.4795 58.3628 117.365
190 17.9749 46.8478 112.861
191 0.575244 73.8919 124.382
192 13.8783 59.1243 128.885
193 19.8037 62.0337 129.032
194 9.62794 38.7579 121.8
195 8.50312 64.9437 128.997
196 18.9379 59.1384 125.716
197 20.6239 58.7683 112.73
198 31.0635 78.8316 128.56
199 9.56813 65.1836 9.75203
200 15.3981 100.421 3.30093
201 15.8912 83.8619 6.32005
202 21.0612 78.2904 6.28622
203 17.8733 75.2464 0.180427
204 17.5248 89.5154 0.0252695
205 -0.957348 75.2761 4.83695
206 16.7501 75.3162 15.1766
207 11.5001 75.0972 0.123683
208 21.9842 71.3377 7.54635
209 4.39911 88.3669 35.2502
210 21.1454 85.4959 20.8264
211 6.31309 107.768 23.0287
212 26.979 69.4326 20.4887
213 29.1283 66.9138 11.8781
214 15.3869 90.8178 14.7473
215 14.6059 61.1914 26.7244
216 16.8986 92.5065 13.5465
217 16.8015 72.675 18.6483
218 38.356 57.1856 40.4365
219 4.14045 74.1719 30.7212
220 -0.636551 58.2277 22.1144
221 32.8499 66.4605 49.8039
222 1.83574 52.7926 53.0455
223 18.5335 77.0544 39.535
224 5.44912 72.7513 32.6268
225 16.8172 81.6727 34.6835
226 20.2967 58.4461 55.4936
227 38.2455 87.1037 51.7494
228 14.8053 92.4084 57.3502
229 3.79133 71.3968 74.9845
230 41.2584 86.5603 55.1177
231 36.6899 79.3519 51.0546
232 5.60892 75.4476 57.5992
233 1.3154 65.2171 43.9953
234 23.7654 71.3365 68.7373
235 21.9516 66.7777 64.6508
236 14.0112 51.5564 78.2171
237 16.9199 73.9233 71.4806
238 -0.503134 75.3112 19.7536
239 3.66416 38.9375 76.7412
240 18.4461 92.6939 85.5019
241 14.3314 62.9492 66.4578
242 0.19215 73.2193 95.8109
243 25.2681 68.7318 75.1527
244 20.738 99.7511 85.9473
245 5.959 83.7714 80.6383
246 23.2364 87.9317 57.1871
247 26.0246 71.2515 68.8831
248 16.6917 71.2358 76.1982
249 0.344906 47.2303 104.483
250 22.2069 64.4708 82.0593
251 14.7396 74.6644 72.0248
252 21.7532 67.6644 99.5215
253 36.5872 92.903 107.693
254 20.5432 65.9499 106.861
255 28.2417 91.0876 88.0941
256 29.1372 72.0487 97.964
257 29.0523 85.9623 97.8831
258 16.5873 81.7651 79.1419
259 12.1611 74.4281 92.3026
260 1.51267 65.3859 70.5322
261 2.36434 76.6969 86.6808
262 6.07783 98.5036 74.7271
263 33.2984 56.5781 84.9377
264 23.0794 93.9124 83.5979
265 0.55946 87.5979 113.054
266 16.8465 71.9357 119.278
267 0.439094 79.0295 116.076
268 30.6854 75.6415 105.269
269 17.564 65.7172 95.3427
270 16.7335 89.0774 117.052
271 16.4541 87.6363 119.531
272 36.7594 79.8016 128.551
273 3.60141 70.1641 118.636
274 0.8929 87.6408 124.386
275 32.191 81.7655 109.985
276 32.2773 82.4508 118.333
277 25.2138 89.6571 116.664
278 29.2185 109.524 -0.0901739
279 21.9518 79.682 16.2705
280 27.8779 99.1244 7.36699
281 19.7315 106.684 8.94771
282 15.1832 113.994 7.49839
283 6.36315 100.802 0.280863
284 41.2517 65.7207 34.8983
285 -0.806555 97.9708 16.0034
286 -0.754913 72.3581 26.4247
287 5.85157 86.7574 48.1621
288 4.46245 104.191 21.0957
289 15.7366 106.255 18.2096
290 6.0337 97.946 42.8646
291 15.5437 111.327 18.8626
292 5.85596 92.6938 63.0408
293 26.874 96.7944 27.7187
294 16.8115 89.4636 13.4718
295 22.841 112.763 20.4044
296 22.4837 110.652 28.1175
297 36.4577 91.9061 47.0468
298 38.5168 92.4612 32.0298
299 36.7634 88.4473 50.2276
300 26.2086 92.619 43.9552
301 7.86013 108.294 51.3169
302 13.2141 101.235 34.9518
303 27.3492 108.579 56.9536
304 21.9311 108.77 49.821
305 27.9161 96.3182 34.089
306 8.45248 109.055 31.9862
307 25.8185 88.2755 47.8599
308 28.38 101.636 37.489
309 42.9891 103.19 45.1993
310 5.5317 77.8518 57.4207
311 24.8199 86.6679 55.5853
312 19.195 108.52 51.4043
313 33.3937 87.9721 54.2605
314 23.6086 93.3513 60.0463
315 6.12897 106.903 54.1567
316 33.2984 108.971 76.406
317 6.58907 106.825 91.7939
318 5.57722 78.4491 60.1291
319 19.5736 98.9718 78.5832
320 8.16638 101.191 108.02
321 10.7246 101.483 93.9109
322 41.8203 108.957 74.1002
323 7.79955 108.662 88.9775
324 19.0024 108.432 71.0824
325 5.73366 84.0525 78.7766
326 19.5606 108.435 83.075
327 5.42385 93.1142 90.3679
328 34.949 95.447 90.5691
329 29.0527 104.807 101.878
330 25.0565 96.8873 83.9657
331 0.848179 91.4642 106.881
332 18.3803 83.2636 106.844
333 30.7322 114.965 112.616
334 5.21924 104.239 110.822
335 8.20816 114.89 112.809
336 11.3868 104.588 107.709
337 26.6994 99.7441 97.4857
338 22.2976 114.985 103.774
339 28.0269 105.031 128.242
340 0.695484 101.968 120.897
341 8.28284 101.523 125.192
342 3.71343 107.34 118.092
343 36.9113 28.983 13.4812
344 26.638 -0.658087 19.4048
345 49.3083 -0.679205 16.6453
346 43.9154 15.3706 0.213285
347 57.8558 -0.530193 19.1393
348 40.2575 15.606 17.9997
349 31.9267 12.4741 0.70305
350 40.18 15.5497 21.0553
351 45.3041 23.0437 16.3222
352 54.9867 -0.89258 0.290855
353 24.6969 -1.03299 11.2211
354 35.8487 4.76972 36.1128
355 41.5867 2.6425 31.8449
356 52.9953 -0.142356 25.286
357 32.7434 25.9228 39.0708
358 30.0572 19.4094 27.3008
359 39.6333 26.7756 39.6005
360 30.3883 13.2273 41.5237
361 68.5764 4.88469 58.7307
362 30.4246 28.4226 32.8698
363 61.264 33.3295 35.2297
364 57.3216 34.2354 33.7522
365 68.1742 1.22064 38.9175
366 37.7558 24.4261 60.4653
367 39.0654 27.6413 52.9442
368 59.8846 18.1347 57.0035
369 48.7888 17.7349 34.1359
370 39.9759 26.1964 50.9999
371 27.9465 6.16848 57.541
372 48.6231 22.5166 61.7883
373 49.146 20.8508 54.3832
374 59.113 25.1329 64.4818
375 60.3844 28.2129 64.2489
376 30.3231 6.01282 51.9701
377 36.2402 2.58463 103.639
378 68.1729 23.4641 100.979
379 43.7695 23.6425 77.7369
380 42.4007 6.45038 88.5131
381 59.4171 22.0536 90.6658
382 35.4695 11.244 99.1332
383 36.0328 1.43147 109.146
384 37.5066 22.91 92.555
385 28.5146 6.39462 90.1733
386 33.7735 15.0963 104.407
387 59.2895 0.348295 101.526
388 57.9176 4.93339 81.6079
389 43.5629 26.6394 101.014
390 43.3739 21.9709 111.135
391 69.1936 9.50048 97.9985
392 39.2348 57.5513 102.143
393 53.9466 14.103 128.648
394 39.5329 5.13045 128.993
395 48.0937 23.4934 129.272
396 45.5181 26.4235 115.364
397 36.5916 0.553108 127.049
398 42.4335 0.486932 121.324
399 49.2426 24.7647 101.856
400 62.8446 10.8581 128.796
401 45.2562 22.6703 125.661
402 37.8842 26.3989 0.483372
403 38.1027 35.216 0.0353651
404 23.671 40.7585 0.409355
405 55.4211 23.7037 14.7619
406 55.1946 41.2135 -0.22947
407 52.4325 38.5839 5.94449
408 22.2514 41.245 5.93835
409 38.1095 45.7767 12.0106
410 32.4187 26.8062 0.604172
411 48.9568 35.2512 -0.0710883
412 28.0966 41.3262 8.97499
413 39.6756 36.7755 16.4069
414 42.8179 37.5598 39.5899
415 26.0528 27.3112 35.7836
416 47.0317 60.454 29.0232
417 40.9272 54.0578 13.6051
418 38.1406 43.1444 12.0063
419 29.6683 18.1026 23.78
420 33.9296 51.1805 13.3033
421 36.0433 21.5414 29.6577
422 45.8695 26.6054 37.0577
423 70.2094 25.8937 25.0158
424 54.8221 48.3408 21.6717
425 24.6492 24.6089 27.1533
426 67.16 28.2066 40.9142
427 55.7367 28.4202 47.6765
428 33.1746 21.4601 17.9283
429 38.3773 31.9732 29.372
430 24.9208 44.0013 38.164
431 48.439 37.3554 33.5405
432 41.5078 33.6294 38.2985
433 40.3689 37.5351 57.0447
434 39.1805 50.487 64.7849
435 34.5801 31.7919 34.2987
436 43.1636 34.9865 57.0326
437 44.8821 42.2192 64.835
438 43.0555 51.6224 51.2516
439 47.3004 45.3257 69.1208
440 51.5958 51.8972 79.7524
441 26.5389 28.1856 77.458
442 37.9735 38.2128 69.0073
443 24.8332 55.8892 76.2874
444 49.3007 19.4113 104.367
445 46.0567 29.3652 75.0022
446 31.2581 49.7755 43.9672
447 52.3347 34.6029 47.578
448 56.0866 22.1785 73.451
449 35.3668 26.845 97.7116
450 51.9183 47.1776 73.4352
451 40.7489 29.4208 95.0245
452 36.808 32.5413 83.3598
453 44.6276 64.7216 90.5151
454 24.7568 51.6871 80.2655
455 51.7979 32.4238 42.9319
456 40.5334 53.5056 107.634
457 56.1323 33.2636 82.6226
458 54.4009 37.6912 103.841
459 23.5267 36.045 97.0956
460 51.751 47.867 92.769
461 47.908 39.3603 99.7325
462 53.0654 24.7952 96.7461
463 29.3366 34.8707 97.9337
464 68.6187 14.5585 98.1323
465 45.1696 15.635 89.3938
466 65.0066 33.337 113.764
467 46.3751 40.5182 101.241
468 60.3003 46.1676 100.812
469 45.9493 35.0663 115.566
470 35.8322 47.8031 114.369
471 46.2799 20.672 121.36
472 46.675 31.2722 124.168
473 45.7063 33.7695 128.893
474 33.6797 24.2751 117.225
475 51.1073 27.3725 128.741
476 60.7038 44.8514 104.606
477 47.884 39.1389 114.206
478 49.5405 29.1493 124.043
479 37.9616 54.8665 109.806
480 38.1482 59.9854 13.8035
481 49.372 63.7653 -0.219315
482 52.0029 68.2491 12.805
483 49.5706 49.571 -0.203362
484 24.2761 40.4818 29.3414
485 38.2322 61.6981 29.1225
486 62.8213 57.4007 33.3074
487 30.8192 59.6526 13.2457
488 54.8092 55.5743 11.4184
489 45.1697 59.8006 24.7646
490 34.0132 64.0183 25.6656
491 43.9986 53.675 22.9747
492 39.7401 66.4333 30.5743
493 55.5871 56.2957 46.8214
494 49.5931 43.0066 30.3541
495 55.4734 66.9818 31.9365
496 35.6462 44.1956 26.3613
497 39.6301 70.0796 46.3307
498 30.7024 58.4151 64.0819
499 44.631 66.9016 60.3683
500 51.4015 41.3799 69.8202
501 35.4317 53.9274 50.6766
502 36.2797 52.879 37.8951
503 52.571 54.6116 74.958
504 37.0499 58.5562 54.1696
505 48.2928 65.75 54.3439
506 49.4388 63.0895 54.4536
507 50.3499 78.1945 84.3449
508 44.025 43.3944 86.188
509 40.1374 60.0632 80.2732
510 34.5743 56.8778 59.9616
511 42.4512 60.5846 70.6301
512 44.1104 58.5092 49.4516
513 33.2089 58.7071 63.7507
514 47.0174 71.8674 109.582
515 34.6292 58.8691 81.3934
516 51.9278 62.6853 94.9503
517 46.6017 63.1165 89.0795
518 34.5599 65.9163 77.6247
519 42.8646 60.4617 80.2152
520 43.092 54.681 86.1682
521 43.2881 63.5171 89.1034
522 46.5065 60.5456 83.226
523 57.5935 46.6408 100.912
524 42.1386 46.7537 96.7584
525 47.867 57.5895 105.832
526 27.8642 57.8227 115.713
527 30.0447 50.5467 111.384
528 35.2702 46.4189 112.872
529 40.7934 48.8843 124.295
530 31.7337 60.4273 101.096
531 30.9668 61.8935 128.947
532 25.1682 57.087 114.31
533 57.2039 70.4017 128.539
534 33.8054 67.7377 114.044
535 48.0366 64.0731 116.739
536 64.8463 54.0424 105.119
537 32.5056 80.8193 -0.188523
538 43.5375 84.0726 -0.295476
539 25.146 72.0961 7.26216
540 56.9875 70.9109 9.89137
541 52.2513 82.6362 17.7753
542 23.7668 80.8273 0.135181
543 32.2102 55.5077 0.00902435
544 46.8953 74.9431 20.2704
545 46.9731 72.37 20.2547
546 49.0467 65.6132 27.4599
547 38.977 92.6165 14.5608
548 40.9638 65.8523 14.7138
549 47.9371 81.1071 26.1089
550 62.612 66.1571 30.2958
551 75.2168 89.7714 28.6257
552 52.3821 91.2194 28.1903
553 28.7836 64.3082 46.6024
554 42.6938 83.042 33.3102
555 53.9194 68.568 51.4381
556 21.2859 76.732 29.9811
557 26.201 85.5027 30.7697
558 52.7721 55.5176 37.9678
559 35.0164 76.8678 24.8318
560 49.1251 64.3484 40.7019
561 52.249 81.0135 37.465
562 66.8885 70.2451 40.495
563 59.8347 88.5368 42.0654
564 35.1903 75.5616 52.5435
565 59.5461 81.1802 21.5602
566 32.1123 83.6197 44.8787
567 56.9251 87.8976 42.1637
568 53.7571 78.8425 68.6747
569 60.5576 67.2277 50.2718
570 55.5993 84.8173 62.142
571 22.0751 56.7359 54.8378
572 43.9783 72.5871 43.6775
573 47.2948 74.9483 70.8266
574 65.2978 58.096 48.4355
575 31.2485 83.8657 49.5324
576 30.4257 58.0743 73.1179
577 41.7373 78.2581 41.0054
578 14.6384 64.0668 54.7442
579 43.7592 82.0643 79.7995
580 54.7769 82.1775 61.9639
581 55.3507 99.1992 73.6367
582 43.2292 94.1479 74.7713
583 57.4878 64.8391 69.0877
584 30.111 88.4696 89.0565
585 42.0366 83.4057 81.1289
586 38.5532 92.6503 70.075
587 44.4284 88.44 86.209
588 42.8714 89.9377 87.6422
589 26.2416 71.6374 98.0962
590 52.1237 85.3995 103.316
591 49.1187 94.4802 106.359
592 48.9045 65.9219 92.081
593 47.9977 83.9707 99.1275
594 17.7377 69.1663 104.215
595 45.3121 84.7895 116.647
596 35.252 88.7544 88.8656
597 47.9782 66.1503 113.244
598 16.5947 68.947 95.1083
599 36.606 77.3882 104.415
600 34.1276 67.6948 105.442
601 43.8113 89.018 115.157
602 46.3467 66.4811 106.68
603 48.7222 93.1701 122.109
604 54.9104 81.6168 105.441
605 35.0524 77.579 109.579
606 45.0606 95.556 104.727
607 38.3777 59.0713 111.13
608 53.3604 56.4716 102.281
609 53.7848 83.1898 114.845
610 39.0653 79.1179 113.907
611 50.9645 74.2263 116.408
612 42.5052 87.1978 116.676
613 38.2412 73.4608 122.582
614 44.746 87.694 116.619
615 53.7137 79.7304 116.615
616 38.8645 96.7218 7.1425
617 43.7557 114.258 1.68475
618 54.9692 112.366 -0.401035
619 26.6594 95.269 8.89726
620 49.1354 114.406 1.71525
621 53.5393 101.204 13.9663
622 59.205 98.1622 11.5056
623 38.1218 108.329 13.795
624 40.9751 85.246 11.0432
625 37.0257 111.059 4.16007
626 49.5053 102.477 10.2513
627 23.5819 114.287 10.2647
628 52.8105 104.053 31.7736
629 21.9144 108.327 39.8915
630 31.3307 104.111 26.6136
631 36.791 79.5305 30.4238
632 44.7045 87.0718 28.7646
633 25.9807 110.113 31.603
634 85.0931 99.1402 15.2684
635 17.459 91.2298 25.0727
636 58.0131 114.532 21.3694
637 31.6132 91.3303 48.1411
638 59.4798 96.1902 38.635
639 48.3742 85.7074 39.1382
640 59.0836 93.8015 59.4413
641 53.2018 93.2433 53.6113
642 65.8631 95.2355 61.3596
643 47.0352 97.9547 64.2576
644 43.3769 87.9106 51.2768
645 61.6276 110.76 43.0526
646 50.9068 96.1517 44.2
647 53.9121 85.1121 42.1809
648 67.8568 113.575 88.0732
649 38.3016 108.961 79.9995
650 37.6143 95.939 65.5582
651 50.0833 108.822 68.4152
652 50.3418 92.7976 83.9495
653 61.5239 108.712 49.8076
654 44.6513 90.7509 62.8577
655 40.7193 97.0224 94.5784
656 51.2416 99.9125 65.4386
657 36.0502 97.4787 94.8923
658 49.2704 105.02 93.5158
659 45.1384 98.2843 92.8919
660 41.3924 98.8511 79.3197
661 55.8445 108.927 54.7886
662 56.0464 108.618 65.4608
663 55.8089 108.413 51.1484
664 34.8084 113.954 102.733
665 36.6218 114.634 105.409
666 43.0747 110.729 87.8416
667 33.4293 91.557 89.1207
668 39.09 98.4044 95.891
669 37.0463 99.7464 80.2229
670 46.8745 98.6476 76.3059
671 24.1 97.0781 97.211
672 42.2686 101.216 95.818
673 46.5458 102.544 94.1917
674 49.013 83.2553 106.31
675 40.0743 109.984 101.257
676 54.4136 114.963 99.6539
677 49.9471 115.021 105.857
678 51.2505 114.399 99.6467
679 25.2463 115.123 117.46
680 42.6598 90.6264 128.414
681 42.1184 97.6215 120.398
682 43.8399 107.689 122.845
683 36.5774 90.3846 128.447
684 50.7775 115.292 115.057
685 35.1589 104.14 114.994
686 33.3797 115.137 114.63
687 41.8953 115.149 126.28
688 36.8029 96.2777 128.305
689 57.5142 102.078 128.407
690 59.478 113.278 127.815
691 66.5701 4.3284 0.286344
692 69.2326 32.5279 -0.21697
693 79.1808 23.8935 1.09119
694 74.0797 18.4485 6.26325
695 66.412 15.0664 0.0981873
696 62.5798 14.0655 16.168
697 109.148 -0.308706 13.09
698 70.2003 -0.134452 25.3721
699 62.3951 18.3292 13.2432
700 57.7015 0.832314 32.215
701 28.9998 1.18136 0.60268
702 43.7512 4.15143 0.533691
703 71.8064 -0.547406 13.4256
704 62.785 16.8829 16.2649
705 60.5315 5.6002 13.4438
706 71.7088 4.94867 52.3382
707 45.6004 21.0506 41.7391
708 89.878 13.5721 29.1323
709 83.071 30.9818 45.0628
710 80.2212 25.1962 40.8429
711 89.4156 -0.423996 7.35632
712 74.2448 18.7233 51.444
713 52.9146 16.3077 52.7872
714 65.8682 12.5052 40.1931
715 68.6706 6.5608 36.9303
716 57.4091 17.8519 42.9276
717 68.5368 6.82644 31.0072
718 90.3392 25.6207 55.5279
719 54.6855 3.55905 91.7335
720 100.073 28.0328 90.6468
721 80.0181 15.1768 65.3539
722 62.2799 6.5101 74.6376
723 69.0721 30.3256 80.4703
724 71.8427 4.29206 82.9392
725 92.2558 5.92552 67.4637
726 50.8736 6.40991 71.7477
727 94.5315 6.10892 61.3508
728 59.6893 16.4314 105.364
729 71.8714 10.4629 99.0081
730 60.2733 16.1176 102.574
731 65.057 16.0295 108.283
732 53.6583 0.176592 110.139
733 83.5532 9.58282 112.271
734 83.0021 10.5866 122.297
735 83.6028 9.22394 123.765
736 86.5414 21.6162 115.089
737 68.9986 20.5409 121.117
738 67.9453 0.281834 115.758
739 73.4526 24.7479 108.007
740 82.5326 16.7767 128.347
741 62.3558 19.2518 122.657
742 72.4674 13.6015 123.268
743 80.6849 29.2203 117.938
744 59.4123 0.449299 124.252
745 62.1684 16.1148 128.826
746 62.455 0.106955 115.485
747 59.68 16.3419 128.652
748 71.7928 26.7823 -0.296728
749 72.4037 41.0872 -0.297302
750 88.0415 52.6956 10.422
751 80.1226 27.1567 23.0212
752 72.3656 32.2924 -0.310518
753 63.7902 18.3291 -0.0109859
754 64.8174 48.7302 21.6554
755 52.1953 46.8786 14.5235
756 45.3759 31.2428 24.9337
757 71.2864 25.8996 21.757
758 59.5541 28.1093 13.2258
759 50.2934 27.7172 38.1567
760 55.2296 26.8856 51.8241
761 76.7913 46.3684 39.2701
762 69.5438 30.1558 32.1777
763 80.6367 31.5818 61.1991
764 82.4348 46.893 51.1985
765 59.1019 33.8832 47.0791
766 63.2702 32.6058 48.5977
767 79.2049 13.995 46.87
768 71.2014 31.0064 52.3901
769 75.5647 44.7739 37.916
770 71.2626 37.4091 36.4831
771 91.2766 38.0176 36.2424
772 69.8909 41.4623 38.0896
773 85.3837 34.9803 80.1371
774 75.5057 30.8078 78.6861
775 54.3205 47.5518 81.1675
776 59.0405 35.9481 68.9753
777 66.3106 56.929 69.2969
778 92.8918 33.9484 87.1926
779 97.1654 29.0745 64.5156
780 57.9714 41.5214 73.3526
781 46.4178 29.7903 91.9287
782 65.4197 49.7292 73.7896
783 74.7128 41.2046 94.8047
784 90.1475 15.6305 93.2641
785 77.3472 27.8232 90.245
786 75.8476 50.7076 93.1068
787 60.037 19.0355 96.736
788 62.8722 40.6169 100.701
789 41.7978 27.4501 102.658
790 70.0889 40.0255 68.8888
791 89.5545 45.0091 89.6561
792 59.1076 28.0216 87.7749
793 73.7797 27.8942 83.8707
794 58.9858 26.2742 112.588
795 69.0798 32.6846 109.533
796 55.0288 35.7903 112.627
797 66.0801 30.6998 99.977
798 72.1454 42.9403 109.528
799 60.6619 41.8077 103.991
800 78.0492 41.0882 115.08
801 63.5491 19.0931 96.8178
802 108.422 20.9648 94.1754
803 74.5079 43.7924 94.5683
804 59.515 24.9866 128.597
805 71.1297 30.8776 128.406
806 62.0627 24.9846 119.766
807 83.622 27.93 118.406
808 66.8192 34.6896 115.314
809 82.0822 31.0116 119.371
810 89.8059 49.4913 -0.814012
811 69.8423 58.2147 -0.828008
812 52.252 61.0986 -0.276017
813 59.7097 56.8823 12.8299
814 64.87 62.4583 9.8399
815 72.0775 49.998 8.46447
816 65.3207 59.0496 15.7479
817 92.3469 72.7508 16.7079
818 63.6243 52.1344 -0.373049
819 82.5937 57.0207 12.6087
820 82.4117 45.5119 9.8003
821 71.2241 57.0095 15.5318
822 59.6484 68.4039 30.2599
823 76.5332 39.8315 15.9142
824 75.3574 57.9711 28.8308
825 72.5125 57.2778 25.6767
826 79.2135 78.3837 17.0512
827 56.7398 64.1215 5.79436
828 88.9398 67.6682 37.898
829 67.9721 72.5919 19.5459
830 79.3911 71.5161 36.0842
831 92.6479 63.1542 36.1345
832 76.4198 82.3789 36.3675
833 94.0619 38.2049 48.2269
834 68.3102 54.4183 36.3631
835 70.2122 72.6616 22.9144
836 90.92 68.4804 35.6865
837 77.2717 82.5413 44.5286
838 82.902 52.5739 41.9326
839 89.9116 65.4392 77.2559
840 54.0483 60.3707 48.3155
841 61.0814 70.6214 50.4224
842 60.8984 58.5041 80.2091
843 57.935 61.9143 60.6837
844 54.3835 73.6594 75.7703
845 81.6002 51.1986 77.6087
846 80.0609 44.7563 69.5608
847 67.6056 61.5806 51.883
848 81.7098 57.0923 61.4408
849 68.4536 40.862 97.7032
850 71.7251 57.6228 87.874
851 73.1584 47.8702 96.2225
852 70.067 73.0832 104.642
853 77.1874 45.9514 80.9082
854 62.2107 56.7821 81.0062
855 67.1922 43.1684 68.8826
856 70.8134 66.1742 109.087
857 67.7496 50.683 90.0953
858 75.1048 74.5977 102.973
859 79.9001 43.4401 91.6406
860 36.2428 58.2649 108.103
861 63.2613 22.0139 93.8419
862 69.5443 66.42 115.224
863 115.15 93.7931 119.93
864 55.143 57.4861 103.648
865 85.2107 43.1654 119.155
866 64.9643 28.702 108.25
867 75.134 72.6354 120.707
868 86.5353 44.9457 118.027
869 85.1309 46.4463 116.451
870 81.1449 47.9215 128.843
871 71.4057 67.7892 128.33
872 79.609 55.7683 128.187
873 93.2466 67.5328 110.28
874 73.7371 63.4761 119.696
875 87.9165 59.5712 128.032
876 89.3251 70.3381 7.95868
877 58.4884 72.3439 8.47609
878 86.3399 89.4773 8.09963
879 65.0119 80.8623 4.36735
880 63.9205 92.4717 -0.651745
881 60.5457 72.838 -0.345012
882 66.9194 71.1603 18.0251
883 63.6152 83.3552 5.28337
884 69.5438 63.5835 -0.64389
885 64.1024 86.8773 5.4713
886 81.6343 83.5441 38.8199
887 73.7719 81.9493 9.58565
888 75.0146 67.0945 22.72
889 82.8299 67.0193 19.7769
890 84.6938 86.2389 40.0429
891 58.284 86.6919 14.1681
892 64.0827 75.5479 28.8645
893 63.6689 67.0096 17.0231
894 77.7178 85.1833 41.6837
895 72.9662 81.1698 43.7239
896 77.3487 82.1538 38.0878
897 79.2512 68.3264 55.5064
898 66.1227 88.0651 15.5859
899 92.5728 65.0123 40.2819
900 71.6404 91.0047 60.1873
901 79.2385 82.3583 33.1938
902 76.3773 69.46 54.6005
903 73.291 87.8545 70.8109
904 55.469 72.7262 50.22
905 66.4882 61.927 37.7837
906 74.8224 84.6564 88.1173
907 61.6691 72.9434 54.4324
908 62.2246 64.876 76.5853
909 59.88 91.5549 100.042
910 71.9803 84.1861 49.3424
911 82.293 70.1878 78.9283
912 88.9012 89.7222 78.8132
913 66.7057 93.2951 79.5298
914 62.685 71.8916 73.3248
915 71.4762 88.3151 72.0321
916 84.5278 72.4453 98.5634
917 51.8917 50.5558 99.1792
918 53.4472 71.8466 106.996
919 40.4447 81.5653 86.0189
920 77.3972 65.2819 91.3372
921 89.1927 84.9087 61.6506
922 70.1692 81.3454 98.6969
923 56.3229 68.9961 115.043
924 53.3802 73.5709 108.013
925 50.5834 84.8175 104.775
926 66.3157 77.4244 106.245
927 68.6582 88.6696 73.7453
928 79.1834 78.8286 107.299
929 85.5984 84.8983 127.816
930 59.4672 84.8004 128.169
931 80.1254 70.8456 128.155
932 84.5677 86.0669 117.427
933 77.8915 84.8626 117.295
934 68.4646 70.6658 128.428
935 70.8133 78.9469 128.193
936 68.3672 70.6715 119.348
937 68.4454 90.8548 128.19
938 79.4458 99.2108 9.58628
939 58.314 108.186 9.64244
940 56.7629 93.7239 6.85498
941 69.3498 92.1461 -0.697542
942 86.647 114.388 23.7557
943 55.2754 113.024 31.4774
944 98.4934 111.264 32.379
945 56.655 95.4266 19.3404
946 61.1816 114.477 6.79191
947 86.5227 114.471 11.9811
948 42.688 108.403 24.6236
949 72.3854 97.4685 22.503
950 68.1159 102.145 38.627
951 73.1775 111.783 37.9572
952 47.9329 81.3354 52.0311
953 64.1342 106.758 34.4813
954 87.4594 101.2 31.0861
955 42.2751 81.3142 31.6013
956 65.4509 99.6094 39.055
957 101.694 109.629 72.1429
958 71.6809 91.7668 73.3356
959 80.3106 92.1095 81.9326
960 59.1033 94.2385 30.0619
961 63.5759 111.974 38.7502
962 90.3588 110.529 51.9357
963 63.3909 113.132 34.1234
964 70.8625 82.8686 41.9996
965 69.7937 99.1284 59.9422
966 61.5436 102.216 53.7901
967 79.9058 108.551 56.9265
968 83.3431 100.729 64.1977
969 85.8175 92.1875 72.8898
970 97.7169 90.3533 60.309
971 72.3411 111.477 76.511
972 77.1557 94.0232 73.8362
973 86.0246 89.0026 72.9287
974 88.7068 112.342 42.9209
975 65.0644 100.859 83.322
976 53.2008 101.256 104.344
977 74.9882 112.167 88.1121
978 71.9551 101.881 87.6736
979 63.655 92.8848 70.5157
980 71.9069 91.0807 90.9664
981 103.249 111.208 59.3464
982 68.0799 114.679 98.0642
983 75.7523 106.197 86.1589
984 58.6476 85.9954 106.264
985 80.6438 113.367 95.8542
986 59.8722 114.219 96.6474
987 64.9412 100.285 102.244
988 45.5613 107.651 127.864
989 72.9591 85.5674 99.8869
990 64.7395 94.9105 101.363
991 81.7618 114.425 104.964
992 56.5975 90.2388 110.315
993 76.2628 113.597 90.5432
994 69.2526 96.8591 96.8966
995 77.1697 114.909 107.832
996 71.8407 94.6868 114.595
997 86.3828 114.936 110.983
998 67.485 101.984 127.655
999 62.1552 115.27 122.875
1000 76.5007 107.675 127.546
1001 65.1388 94.2371 128.109
1002 90.818 90.8065 127.599
1003 57.9819 90.4272 124.353
1004 85.0936 115.11 116.993
1005 50.8314 115.236 120.121
1006 95.8259 104.917 118.441
1007 72.3612 105.935 123.012
1008 113.922 12.5575 0.886952
1009 105.645 19.852 4.18602
1010 87.8859 19.3003 7.16915
1011 106.641 -0.373911 10.2155
1012 89.1617 3.32026 -0.549942
1013 96.7306 17.2652 10.065
1014 93.7435 20.2682 9.99131
1015 114.217 49.9284 6.61228
1016 98.9581 1.73534 29.6383
1017 97.3592 2.85131 49.697
1018 92.1139 11.618 9.83349
1019 96.81 1.52435 23.9034
1020 83.623 25.7765 16.6633
1021 71.1273 12.6742 20.9141
1022 101.284 18.734 29.0197
1023 98.91 3.32086 53.4245
1024 113.391 9.40928 29.9755
1025 103.93 28.7077 40.2921
1026 101.13 19.8332 40.4636
1027 105.397 2.4 43.9658
1028 91.0387 28.6846 18.6152
1029 77.1396 17.314 36.5332
1030 87.8753 23.071 55.7975
1031 71.5063 11.0625 70.0126
1032 112.761 4.13226 58.1206
1033 99.8327 4.22955 73.2731
1034 97.7978 21.767 78.1931
1035 83.6957 6.30348 59.667
1036 106.808 22.4704 49.3226
1037 111.716 3.21233 55.2219
1038 95.3099 25.0843 81.2741
1039 85.7136 4.14259 77.3169
1040 112.059 14.4167 56.0011
1041 81.5242 3.05353 85.4058
1042 103.547 2.04942 98.9828
1043 93.3295 3.16371 50.1197
1044 107.767 2.19018 60.2914
1045 94.9325 11.8907 77.126
1046 101.224 8.25656 78.3464
1047 85.9244 1.3882 90.1333
1048 99.8322 1.90311 93.1029
1049 113.577 4.18742 98.569
1050 103.007 2.00235 87.73
1051 103.931 25.0822 83.7959
1052 110.936 2.84392 71.3424
1053 113.052 23.4956 92.9043
1054 88.9507 1.05766 100.59
1055 89.494 2.47423 84.4868
1056 86.0871 18.911 100.694
1057 112.192 2.11728 104.498
1058 97.2813 2.03423 83.9249
1059 97.4497 15.6319 100.363
1060 93.7388 16.6891 99.0894
1061 112.854 26.1361 92.515
1062 86.3481 13.4713 102.304
1063 96.2639 0.392525 106.817
1064 81.01 2.54862 87.05
1065 111.868 2.16504 107.556
1066 100.648 5.07559 116.957
1067 115.305 13.855 117.394
1068 113.706 5.23523 127.704
1069 100.179 16.2181 102.197
1070 91.9829 35.5382 -0.729972
1071 89.3228 43.2394 -0.694749
1072 92.3426 18.8005 2.76695
1073 99.6769 45.9405 15.5514
1074 100.75 42.6467 2.63026
1075 99.3826 44.4514 3.8003
1076 103.736 32.4823 11.217
1077 86.5944 31.9201 11.4835
1078 102.586 38.2984 10.9908
1079 95.2465 44.6378 25.7208
1080 96.6239 48.8171 24.0918
1081 112.735 37.5041 36.9319
1082 76.9759 43.6089 39.4412
1083 108.253 48.2884 59.6093
1084 114.433 24.5072 20.4578
1085 94.2494 43.812 35.9245
1086 94.014 37.6003 36.1162
1087 114.183 42.119 21.094
1088 106.91 43.9026 22.6696
1089 100.467 28.0628 37.3615
1090 78.0804 32.646 23.1856
1091 84.4226 31.1503 46.4177
1092 95.411 14.8794 58.9156
1093 95.0667 37.4661 58.6944
1094 88.5497 27.3848 57.3381
1095 95.6315 59.5162 52.4446
1096 87.0151 48.3995 40.5222
1097 105.528 26.6673 41.7712
1098 94.875 38.6353 56.5688
1099 109.647 28.5873 77.6497
1100 94.6136 33.4415 66.0834
1101 98.7595 37.1782 61.5255
1102 111.328 10.615 60.2311
1103 86.6521 34.2609 55.8233
1104 85.8677 56.5312 69.1473
1105 88.3017 36.923 84.4136
1106 88.4008 26.4254 74.0972
1107 82.2071 28.5463 55.8358
1108 97.0876 27.3024 57.0408
1109 112.708 34.9143 34.1916
1110 113.137 15.0037 95.8443
1111 92.0914 36.1429 72.2809
1112 113.07 29.4321 94.733
1113 100.842 34.5191 64.4853
1114 90.684 45.1267 88.2378
1115 91.4687 43.3115 91.1004
1116 113.808 32.5184 106.542
1117 91.7519 39.9812 87.1703
1118 104.649 37.9577 79.1534
1119 81.989 14.8691 93.5698
1120 78.0163 37.8924 88.9161
1121 90.247 47.7461 95.9507
1122 104.757 47.8978 95.3499
1123 82.5363 30.814 98.9844
1124 89.9032 41.7715 90.0382
1125 113.305 37.6163 98.3299
1126 109.203 40.3277 77.0695
1127 92.2174 31.6463 114.778
1128 101.222 33.7524 101.61
1129 102.39 44.6399 118.862
1130 111.222 25.0163 127.662
1131 113.853 39.4092 127.496
1132 107.918 46.2413 108.115
1133 115.272 42.519 117.472
1134 105.122 44.9908 127.869
1135 105.044 35.004 113.319
1136 84.9744 59.4003 128.134
1137 92.1754 55.1124 8.27657
1138 106.626 54.1016 12.5853
1139 91.9436 52.6339 -0.548536
1140 102.952 57.0445 15.3357
1141 114.192 38.6868 24.3414
1142 108.352 72.6285 46.8685
1143 114.495 69.8844 16.0722
1144 90.7725 54.295 12.6831
1145 89.997 52.766 14.1153
1146 109.164 59.4045 41.6582
1147 114.005 64.0466 9.07658
1148 102.449 58.2791 8.35881
1149 97.97 73.0428 32.6031
1150 86.587 61.3609 16.8752
1151 86.867 57.0478 58.3355
1152 106.919 53.3203 25.7193
1153 97.2507 48.1129 43.4099
1154 94.5122 75.9109 28.8669
1155 93.9988 46.6708 39.0374
1156 82.63 75.6115 35.9129
1157 114.418 52.4805 2.31997
1158 97.7177 59.4333 55.4459
1159 93.7549 58.625 53.936
1160 110.6 57.5382 37.7366
1161 108.418 58.7661 53.8902
1162 87.1337 46.0344 64.7431
1163 89.7764 56.1761 76.4088
1164 89.8014 46.2914 61.5429
1165 108.384 66.4118 68.0139
1166 95.8561 55.8126 28.3717
1167 112.947 37.6054 93.0693
1168 88.5593 78.3771 79.1444
1169 115.117 82.1852 116.532
1170 100.668 68.997 51.5082
1171 110.599 40.7924 87.1361
1172 108.533 46.3624 71.4315
1173 88.6066 58.1346 76.3869
1174 88.2402 47.4648 63.187
1175 84.6601 50.8233 83.8104
1176 91.7579 79.0116 61.554
1177 96.9325 67.8288 87.8253
1178 79.9316 65.6528 100.395
1179 81.7526 43.6602 67.7464
1180 111.345 31.0036 84.1031
1181 89.2413 62.837 80.4187
1182 95.7814 56.3308 91.5571
1183 100.561 55.2011 105.997
1184 82.3182 57.4519 86.6143
1185 74.3662 71.1275 94.2255
1186 85.6766 48.836 84.4252
1187 111.5 71.7765 87.7923
1188 109.25 54.4539 88.9842
1189 115.097 47.6546 103.393
1190 108.659 52.3729 68.8858
1191 112.862 56.5141 97.8055
1192 86.3452 67.2118 111.464
1193 115.277 46.739 108.643
1194 86.4097 69.4157 105.776
1195 91.2424 46.2071 105.959
1196 97.7261 63.4594 105.848
1197 86.0673 62.9656 97.186
1198 99.4319 63.2691 108.477
1199 90.507 63.8445 98.7245
1200 99.2226 60.5068 110.388
1201 84.5135 56.4045 122.096
1202 87.5235 59.113 121.946
1203 108.073 56.6015 127.572
1204 98.3669 68.899 117.409
1205 93.7414 57.0136 127.945
1206 108.077 64.818 127.438
1207 81.3526 83.7434 -0.85866
1208 89.1913 80.5875 -0.878521
1209 100.878 90.0087 7.99445
1210 113.766 75.3944 3.50112
1211 86.7139 88.4192 25.4444
1212 106.564 82.4395 10.5747
1213 86.5063 80.4847 -0.974706
1214 78.0147 69.8165 19.8409
1215 86.3979 76.8434 10.567
1216 113.819 87.0232 0.651306
1217 109.476 95.9587 25.632
1218 108.477 73.3003 38.0945
1219 101.384 77.2577 24.8412
1220 72.3906 75.9269 22.6492
1221 94.7363 83.9246 25.7313
1222 108.715 97.728 22.5507
1223 96.1902 75.6536 19.4335
1224 77.4989 86.6851 11.0729
1225 81.0108 65.5135 18.4032
1226 95.6298 80.9254 52.8793
1227 102.13 68.826 44.3658
1228 84.0602 57.3506 61.612
1229 91.0427 83.2596 36.6852
1230 90.7042 74.9631 33.1322
1231 91.106 65.8479 35.5975
1232 113.734 74.5843 18.2203
1233 72.6283 103.681 40.5876
1234 91.152 69.1604 50.4369
1235 89.7038 68.0213 52.4026
1236 94.4053 91.8543 75.6527
1237 99.6913 80.8857 55.4138
1238 110.244 78.9401 80.6571
1239 89.2463 88.6229 52.7638
1240 79.6121 79.2399 71.8151
1241 99.6909 76.793 70.4936
1242 91.8224 73.7467 71.266
1243 113.321 75.3692 98.0386
1244 81.3704 74.2853 66.7027
1245 109.881 99.4407 59.4562
1246 98.441 80.079 83.2181
1247 109.814 65.4814 85.9592
1248 93.9989 98.0924 49.2908
1249 95.9312 86.371 92.0306
1250 108.697 82.6249 61.0694
1251 87.4195 100.173 91.7473
1252 89.0216 76.8959 67.5716
1253 108.358 51.2797 57.1923
1254 95.8088 72.4778 72.4718
1255 90.4809 95.3063 97.7436
1256 113.329 76.4654 92.561
1257 73.5243 88.7596 89.8193
1258 114.882 99.2363 108.345
1259 91.4969 94.1687 99.4827
1260 97.5269 91.3923 102.372
1261 108.925 58.8583 83.3736
1262 93.4803 98.3485 100.901
1263 86.4131 75.2416 114.663
1264 92.6948 81.0278 97.9761
1265 104.383 90.1286 103.865
1266 107.819 76.3231 115.631
1267 88.1749 73.7293 127.688
1268 115.348 73.8378 114.26
1269 93.784 69.1477 128.483
1270 115.362 87.6816 116.944
1271 107.901 79.4294 115.604
1272 96.3568 85.1182 121.421
1273 93.3213 85.1855 121.526
1274 109.277 81.6318 122.85
1275 93.5493 60.6118 114.555
1276 115.34 82.2 120.017
1277 96.5248 88.0095 127.643
1278 82.4046 80.565 119.552
1279 105.27 90.5075 118.371
1280 105.132 76.2324 124.319
1281 110.848 92.3557 6.47818
1282 95.0865 114.164 12.2103
1283 112.088 114.151 6.30783
1284 113.966 97.6246 14.7856
1285 99.3837 109.576 12.9807
1286 104.393 110.98 29.7225
1287 110.768 95.2455 20.48
1288 91.394 95.4085 31.6813
1289 55.4564 80.8872 -0.317865
1290 111.182 105.499 38.5001
1291 113.709 112.605 13.8303
1292 87.6182 112.698 34.8823
1293 109.812 95.9524 54.1494
1294 110.698 110.554 18.1572
1295 76.0388 113.396 38.8239
1296 91.9194 89.8544 28.6797
1297 83.4455 105.362 33.8264
1298 109.299 85.4036 37.4215
1299 101.067 98.0886 56.6931
1300 98.3891 82.1955 50.7055
1301 75.1646 104.09 37.1367
1302 79.5933 100.354 60.5565
1303 96.0036 106.875 52.6526
1304 109.581 89.5865 45.8097
1305 113.483 98.209 85.569
1306 106.437 112.643 102.881
1307 104.326 82.3107 53.8708
1308 93.2644 98.3145 53.9383
1309 110.724 110.369 65.2403
1310 84.3909 90.5408 71.1722
1311 79.0539 100.821 89.0689
1312 112.808 98.4995 78.4769
1313 103.97 111.456 43.5775
1314 91.9802 112.072 90.9262
1315 109.657 110.837 43.4519
1316 96.9151 93.0834 70.5637
1317 107.483 97.6749 97.474
1318 103.015 111.63 90.8879
1319 86.4014 106.051 108.417
1320 88.6359 85.0318 87.7934
1321 112.414 82.0887 86.1093
1322 113.42 88.2477 98.4407
1323 113.434 97.478 100.464
1324 88.2507 115.268 114.036
1325 95.9674 87.3723 106.918
1326 113.173 79.2722 89.6012
1327 84.8724 109.67 100.577
1328 115.451 90.5559 124.906
1329 111.398 111.648 87.9525
1330 98.8968 106.929 106.548
1331 82.0577 115.032 113.907
1332 77.8197 96.886 108.732
1333 96.3041 110.306 115.353
1334 103.564 96.2159 118.225
1335 87.7022 106.964 115.543
1336 114.306 104.71 126.981
1337 115.223 101.46 122.252
1338 115.15 101.783 119.212
1339 105.473 110.286 127.383
1340 115.047 109.946 107.79
1341 85.2207 94.6701 108.832
