0 6.55144 15.7138 0.902909
1 6.95942 9.60785 7.2163
2 16.4055 28.2791 13.8277
3 26.5164 -0.604316 14.1837
4 26.8257 4.23149 0.973223
5 9.6344 4.62769 4.37039
6 4.14879 9.76311 4.36166
7 12.5378 2.63851 11.6214
8 23.9503 15.6069 0.842466
9 1.09493 15.2934 1.31626
10 -0.230364 41.4127 19.9204
11 28.7176 8.56568 19.7187
12 18.0381 11.8982 38.695
13 -0.473108 1.12901 11.4965
14 24.1808 -0.0432219 23.7416
15 4.91873 16.0148 28.3339
16 0.254326 21.4366 24.0037
17 24.6209 16.0452 33.4143
18 1.48732 2.59901 54.1995
19 20.704 20.53 35.0514
20 33.1998 10.7177 39.7522
21 1.25369 2.63767 71.2986
22 33.3814 11.1265 45.8981
23 22.7991 -0.079749 17.1277
24 1.04775 25.8229 56.8365
25 32.9035 18.6517 56.5021
26 1.22056 17.3328 59.6013
27 8.57676 33.746 55.0397
28 19.815 11.6445 79.1838
29 13.4416 0.860263 39.3865
30 16.9633 22.2103 52.0961
31 4.52858 0.95099 51.1716
32 32.559 12.4921 53.4727
33 7.2949 21.2656 65.6781
34 1.08834 28.1715 83.7499
35 22.4514 16.7197 64.0573
36 25.8231 1.13368 68.3192
37 17.1275 28.1913 61.0014
38 1.41186 2.86203 62.5868
39 34.0004 1.211 62.4052
40 28.4023 1.30665 79.8588
41 15.5083 18.252 65.6152
42 15.6222 15.9745 80.3601
43 1.55702 17.5514 89.7005
44 17.0177 22.2831 88.112
45 6.23727 1.07408 87.2725
46 19.8736 1.20254 77.6408
47 1.79242 2.88017 86.8608
48 32.4261 10.0118 74.5262
49 39.1829 21.6766 97.5868
50 1.4556 19.7555 95.5218
51 22.5896 22.9968 112.232
52 1.67827 13.8123 95.5142
53 21.2173 12.2231 105.287
54 20.3628 14.175 88.016
55 32.7441 12.0347 102.178
56 27.9566 24.7887 97.7156
57 5.52997 13.6578 101.0
58 1.40294 19.9282 83.7555
59 9.54691 13.5855 110.245
60 3.94179 13.5443 111.236
61 11.2191 0.296142 108.436
62 28.0562 10.7122 121.444
63 25.6346 10.6805 121.37
64 3.07163 0.654993 116.882
65 16.8355 4.86024 118.297
66 16.5903 33.2933 8.07747
67 20.9733 41.333 9.36924
68 19.6136 39.6983 7.93575
69 -0.731896 44.0935 13.6844
70 16.9178 25.1881 11.1321
71 0.475576 55.5724 0.769266
72 21.003 29.5742 0.833959
73 1.04661 18.1462 1.24598
74 0.634287 27.415 42.1966
75 1.02485 35.9877 44.5214
76 3.7128 21.4391 18.8371
77 12.7576 41.4753 21.2323
78 0.232853 36.0978 29.0395
79 7.71028 41.7137 39.6352
80 12.8966 40.3366 50.4327
81 17.6316 42.8302 34.6729
82 16.5732 41.7916 45.5097
83 18.2879 29.3811 47.3181
84 14.6137 57.1159 34.4922
85 0.745754 41.0899 38.5746
86 11.6594 40.1053 31.9212
87 14.1016 38.6754 48.6208
88 23.2998 45.8575 40.6962
89 0.153067 15.6823 30.0795
90 31.5115 40.1794 34.4408
91 36.0703 36.2359 41.6805
92 1.26546 34.1207 71.3648
93 11.3335 27.7582 45.8887
94 8.19777 16.4452 40.2684
95 32.4842 35.0708 59.2884
96 11.3788 53.1732 54.8069
97 25.2105 41.7982 51.2923
98 17.3197 42.2653 54.9063
99 10.0573 24.2473 77.5961
100 19.5088 25.4122 73.0787
101 16.8976 24.926 55.1773
102 1.20188 19.8221 71.3941
103 22.5362 41.957 54.6543
104 22.3511 36.267 48.4613
105 8.48294 44.9792 70.1761
106 36.5027 25.8194 64.0088
107 12.7888 29.9274 80.7902
108 29.367 24.2332 77.6582
109 26.9713 34.9197 78.011
110 19.5253 41.8345 85.6361
111 0.847839 44.0354 101.83
112 30.915 42.2007 88.5108
113 18.7548 37.454 93.289
114 18.5107 26.0963 86.8147
115 20.9579 43.4767 96.1794
116 26.6266 51.7907 93.3376
117 20.6869 52.3563 105.081
118 1.1644 39.4264 87.0814
119 23.3703 37.8993 99.2514
120 19.3656 16.8086 97.9879
121 25.0796 47.2563 91.7006
122 19.5538 47.9415 106.47
123 16.7178 36.561 106.655
124 23.8038 26.1021 102.348
125 35.7807 32.1741 110.898
126 26.5428 43.47 113.682
127 22.0387 44.7375 115.357
128 0.647067 22.2219 103.035
129 19.5347 51.0571 109.562
130 5.22136 36.7103 121.528
131 13.8701 45.0447 121.43
132 23.7112 24.9337 109.988
133 27.912 22.0356 109.556
134 26.8373 68.3813 18.8508
135 3.5719 61.0126 0.728575
136 22.4863 68.6411 13.3364
137 22.5279 65.4097 13.4398
138 -0.864783 49.5338 19.8355
139 -1.00649 67.0349 11.0867
140 18.1848 46.9068 9.39463
141 7.0572 67.9366 47.1827
142 -0.458127 24.1352 8.34354
143 6.5775 59.8031 34.9543
144 25.8307 54.1481 28.1801
145 0.909591 61.5112 50.9714
146 25.5904 65.7657 13.3592
147 20.0729 57.1382 34.3311
148 0.534041 38.0629 35.61
149 31.7114 51.6858 31.0839
150 12.8964 59.8882 50.0252
151 18.1047 48.6392 43.7923
152 16.5616 69.9076 42.3632
153 20.5442 65.4317 43.5539
154 29.9653 49.7973 32.7461
155 34.7397 60.1787 49.2153
156 13.2442 52.9288 33.0173
157 0.944011 67.1165 50.9237
158 21.1731 54.5273 46.7237
159 0.468328 55.9105 37.7902
160 19.3195 61.4132 42.0177
161 18.384 59.9052 56.3109
162 15.6489 60.2134 56.1931
163 4.46007 43.1823 50.3996
164 25.5262 69.6419 57.6959
165 22.6057 39.2918 54.7067
166 13.0207 60.193 65.3934
167 5.83218 61.6185 79.3669
168 1.18117 55.2935 74.5866
169 12.7589 62.9208 65.5276
170 15.5428 45.8106 53.1575
171 35.3702 51.6721 65.7112
172 10.1389 65.547 71.7651
173 28.2235 55.8181 79.682
174 15.1634 60.1634 90.0443
175 1.31361 60.9573 68.7639
176 6.83834 49.2275 90.0346
177 26.8659 52.0152 71.8465
178 18.4683 42.8021 84.1104
179 28.1147 67.4294 82.2522
180 1.16718 36.9013 80.9663
181 29.3825 54.7396 90.1436
182 0.96835 67.3546 101.311
183 25.1186 45.1088 100.538
184 9.8926 60.4016 111.03
185 27.9114 53.5023 100.659
186 0.380733 56.2578 113.745
187 0.943689 79.5964 95.473
188 0.933657 75.7845 98.5506
189 19.4795 58.3628 109.666
190 17.9749 46.8478 105.162
191 0.575244 73.8919 116.683
192 13.8783 59.1243 121.186
193 19.8037 62.0337 121.333
194 9.62794 38.7579 114.101
195 8.50312 64.9437 121.298
196 18.9379 59.1384 118.017
197 20.6239 58.7683 105.031
198 31.0635 78.8316 120.861
199 9.56813 65.1836 9.75203
200 15.3981 100.421 3.30093
201 15.8912 83.8619 6.32005
202 21.0612 78.2904 6.28622
203 17.8733 75.2464 0.180427
204 17.5248 89.5154 0.0252695
205 -0.957348 75.2761 4.83695
206 16.7501 75.3162 15.1766
207 11.5001 75.0972 0.123683
208 21.9842 71.3377 7.54635
209 10.6033 86.4868 33.1646
210 22.7805 86.5894 28.0064
211 9.77157 100.732 17.9353
212 28.1511 85.0881 19.0153
213 30.1538 66.6432 11.925
214 15.4724 91.1976 15.0739
215 15.6648 55.0686 23.9904
216 16.8865 92.4822 12.9325
217 14.2084 79.2728 25.3946
218 25.9704 70.1396 37.0499
219 11.5211 73.9282 25.4869
220 0.004697 58.4716 30.328
221 33.1158 70.2246 47.6412
222 1.22136 72.449 59.471
223 15.4488 76.5029 44.0055
224 9.15464 75.9529 35.0768
225 9.56138 84.8724 37.9582
226 21.0105 68.2261 50.2117
227 26.5886 98.9031 52.8295
228 21.1581 84.744 49.8256
229 1.1731 80.8427 75.3035
230 18.2636 101.773 56.0593
231 33.571 80.8414 48.088
232 1.04202 86.0384 43.9996
233 0.825125 64.3922 46.8403
234 17.0607 72.3545 63.8948
235 19.9349 69.8257 63.951
236 15.7015 54.8718 68.8056
237 11.5397 78.1617 66.8338
238 -0.00652554 66.9017 28.8143
239 1.15263 52.7044 68.9087
240 8.24198 94.9977 78.7026
241 11.4155 72.6793 63.9921
242 0.738692 70.064 68.0115
243 20.9746 68.1741 65.4494
244 24.7336 104.837 80.0182
245 0.968264 78.2883 84.3478
246 18.3657 93.031 68.0693
247 22.3424 72.2878 63.9206
248 16.6763 78.2725 72.9006
249 0.965612 66.1776 92.6791
250 25.3252 61.5981 73.4868
251 8.47031 83.4924 72.6535
252 32.3421 71.6788 89.8825
253 26.9062 91.0792 104.498
254 16.8021 70.2865 91.3105
255 21.0824 88.3445 83.5338
256 33.5419 72.9951 88.3675
257 34.8317 88.3087 86.4874
258 14.1368 84.1095 81.9952
259 11.1813 75.8977 82.116
260 1.2861 66.2726 59.4456
261 1.03637 87.2864 83.0938
262 1.02933 97.7947 70.4712
263 33.8802 67.4646 82.3559
264 14.0991 92.3061 78.8784
265 1.22014 84.6982 103.872
266 16.6085 72.0347 111.941
267 1.1456 75.5687 92.0333
268 25.8955 83.1476 98.7085
269 18.0955 68.5908 89.9532
270 16.794 88.9964 109.137
271 16.4541 87.6363 111.832
272 36.7594 79.8016 120.852
273 3.60141 70.1641 110.937
274 0.8929 87.6408 116.687
275 32.191 81.7655 102.286
276 32.2773 82.4508 110.634
277 25.2138 89.6571 108.966
278 29.2185 109.524 -0.0901739
279 21.9518 79.682 16.2705
280 27.8779 99.1244 7.36699
281 19.7315 106.684 8.94771
282 15.1832 113.994 7.49839
283 6.36315 100.802 0.280863
284 37.9303 80.8357 29.2053
285 -0.266615 99.3619 16.7461
286 -0.00703135 86.3227 20.1866
287 0.319914 97.7204 33.2308
288 0.135903 100.409 29.4758
289 10.8923 107.718 19.4835
290 0.122406 103.705 32.7702
291 12.5524 113.361 20.3052
292 0.582655 84.2957 38.3647
293 26.7931 98.0169 17.6062
294 16.8544 89.5652 13.4679
295 21.0151 113.634 17.3073
296 18.588 113.606 26.7044
297 33.2994 100.178 38.6836
298 35.8187 100.269 38.8858
299 33.4156 91.5015 45.0027
300 21.7282 102.993 42.2004
301 0.808991 111.948 44.5823
302 8.91079 104.677 29.3079
303 16.3364 113.3 47.1899
304 7.54948 113.374 44.1318
305 23.3807 101.97 31.6141
306 10.2518 113.784 22.6786
307 19.6377 91.8317 42.2432
308 21.3955 106.006 33.1428
309 22.402 105.824 48.4751
310 0.909148 94.2094 47.023
311 29.4101 102.043 55.9129
312 27.8912 103.286 45.1263
313 21.2279 90.4917 46.9996
314 9.89294 90.8032 53.1294
315 2.55934 113.055 47.6357
316 32.3738 113.209 79.7018
317 1.75947 110.87 95.1004
318 1.40056 86.4992 71.0405
319 15.5522 104.821 76.8439
320 21.1172 105.447 101.272
321 6.61177 102.378 88.8133
322 27.8461 113.203 61.7971
323 1.29108 112.33 76.7641
324 8.52403 113.571 70.8077
325 1.38443 83.8042 75.1857
326 14.0956 113.956 69.7752
327 1.23525 95.1541 86.5429
328 32.2362 96.516 83.2697
329 29.3958 105.772 95.2804
330 26.6924 93.8438 83.274
331 1.16615 92.6851 98.1235
332 9.73482 83.0585 98.9247
333 23.8215 103.21 101.414
334 6.61643 103.767 104.441
335 8.17293 115.048 105.448
336 10.7707 104.899 99.7303
337 26.7106 105.033 89.0287
338 22.2976 114.985 96.0751
339 28.0269 105.031 120.544
340 0.695484 101.968 113.198
341 8.28284 101.523 117.493
342 3.71343 107.34 110.393
343 36.9113 28.983 13.4812
344 26.638 -0.658087 19.4048
345 49.3083 -0.679205 16.6453
346 43.9154 15.3706 0.213285
347 57.8558 -0.530193 19.1393
348 40.2575 15.606 17.9997
349 31.9267 12.4741 0.70305
350 40.18 15.5497 21.0553
351 45.3041 23.0437 16.3222
352 61.5514 -0.815732 7.6852
353 60.984 0.624247 0.508133
354 34.6297 -0.0438088 23.0789
355 44.1594 -0.0941009 22.8246
356 49.7846 0.121931 28.7367
357 36.0605 22.1524 39.1853
358 26.6956 29.8956 21.0685
359 51.4901 15.1836 43.4849
360 26.7306 6.8402 38.5163
361 56.9882 1.512 56.2828
362 31.8154 20.6782 37.5085
363 53.0134 24.4141 35.4729
364 48.4784 26.1783 28.0696
365 72.1594 1.35006 49.7796
366 29.4817 18.733 53.3417
367 32.4901 21.0739 50.4988
368 53.0853 11.5781 54.9085
369 48.5843 17.7828 43.4618
370 39.0109 24.9305 38.8909
371 16.6397 0.950412 44.8408
372 38.322 15.9385 59.5826
373 43.3395 16.1466 50.4504
374 50.0199 11.502 64.0377
375 54.6219 21.6874 62.3145
376 25.3132 1.28944 47.4951
377 35.117 7.07389 86.6865
378 54.9603 18.1956 80.8682
379 37.8606 21.1929 74.8886
380 33.6609 5.96656 85.2527
381 54.7971 12.5683 77.6321
382 36.4195 5.44914 94.2599
383 51.0481 0.773721 93.0941
384 41.04 23.5373 92.9916
385 25.4866 0.327769 84.9809
386 29.5271 15.2543 89.984
387 64.6844 0.714502 98.8891
388 56.2208 1.08958 80.6516
389 40.5795 26.2057 102.019
390 43.3739 21.9709 103.436
391 69.0466 7.30133 89.3653
392 43.3797 43.2277 93.179
393 53.9466 14.103 120.949
394 39.5329 5.13045 121.294
395 48.0937 23.4934 121.573
396 45.5181 26.4235 107.665
397 36.5916 0.553108 119.35
398 42.4335 0.486932 113.625
399 49.2426 24.7647 94.1573
400 62.8446 10.8581 121.097
401 45.2562 22.6703 117.962
402 37.8842 26.3989 0.483372
403 38.1027 35.216 0.0353651
404 23.671 40.7585 0.409355
405 55.4211 23.7037 14.7619
406 55.1946 41.2135 -0.22947
407 52.4325 38.5839 5.94449
408 22.2514 41.245 5.93835
409 38.1095 45.7767 12.0106
410 32.4187 26.8062 0.604172
411 48.9568 35.2512 -0.0710883
412 28.0966 41.3262 8.97499
413 39.6756 36.7755 16.4069
414 44.1303 38.8478 35.6671
415 27.4683 19.3292 36.5753
416 47.8232 52.628 28.986
417 40.9598 54.089 13.523
418 38.1026 42.6712 12.2448
419 33.852 24.5166 19.3144
420 33.7977 50.9965 13.2736
421 30.1183 18.8173 36.2874
422 38.862 21.8791 39.0574
423 65.3802 23.0971 30.8718
424 46.7017 43.6555 20.6403
425 18.848 19.1325 36.624
426 54.2414 34.702 42.9752
427 55.6607 19.9245 51.5618
428 32.3175 20.1975 25.297
429 42.9117 34.6141 39.9368
430 30.4442 36.0328 35.9351
431 58.384 27.8855 44.6184
432 34.7054 34.6727 40.4432
433 35.3485 32.1083 52.9499
434 35.2517 38.116 62.4953
435 26.4802 29.0817 43.7744
436 37.9303 29.4952 52.6706
437 43.4934 35.4127 59.0347
438 37.6867 48.8427 55.3105
439 42.1988 39.8996 63.8673
440 47.9497 45.0732 67.2796
441 19.8584 16.7615 70.1545
442 35.4194 32.8697 62.9455
443 28.5783 53.3768 70.2904
444 35.4541 20.8597 92.9883
445 37.7749 26.6039 65.3594
446 30.5695 33.6141 48.2457
447 53.3532 26.0201 54.3769
448 47.6625 22.7802 73.1591
449 30.9893 24.8692 88.7269
450 41.0185 38.0518 69.0545
451 39.1796 39.2619 79.6095
452 35.3787 37.9072 72.1654
453 49.0333 55.0778 84.1755
454 29.6799 51.8139 72.0357
455 48.8487 26.5322 53.2617
456 42.2618 44.9257 94.7743
457 60.5229 32.2738 77.662
458 47.9938 30.8873 85.5696
459 28.0136 36.2443 85.835
460 46.9156 43.3707 87.1681
461 49.5349 43.592 89.877
462 57.8138 29.2965 89.7139
463 43.6695 34.85 90.202
464 66.3978 17.8603 89.4404
465 40.8859 21.0084 93.1042
466 64.7565 33.3878 105.979
467 38.1066 40.8009 93.1323
468 56.1543 47.713 94.5295
469 45.9611 34.9388 107.807
470 35.8322 47.8031 106.67
471 46.2799 20.672 113.661
472 46.675 31.2722 116.47
473 45.7063 33.7695 121.194
474 33.6797 24.2751 109.526
475 51.1073 27.3725 121.042
476 60.7038 44.8514 96.9072
477 47.884 39.1389 106.507
478 49.5405 29.1493 116.344
479 37.9616 54.8665 102.107
480 38.1482 59.9854 13.8035
481 49.372 63.7653 -0.219315
482 52.0029 68.2491 12.805
483 49.5706 49.571 -0.203362
484 41.0351 38.7037 26.7093
485 42.8691 54.281 27.8573
486 64.1259 64.3207 28.9982
487 30.9519 60.3824 13.4089
488 54.7341 55.7445 11.3593
489 39.531 60.1851 21.9829
490 30.4459 61.1443 29.4611
491 42.5561 51.5636 28.0829
492 48.0866 54.3025 24.8054
493 52.7245 55.8318 47.3548
494 48.4535 45.7597 39.9847
495 44.0732 69.7504 29.3376
496 44.1046 47.394 29.5498
497 37.3346 65.6142 45.9965
498 35.0821 57.2559 55.6582
499 33.9002 72.1388 57.8733
500 49.1384 35.5377 65.6647
501 33.4683 50.1092 47.753
502 38.5686 56.2712 41.7889
503 46.5721 51.8391 65.2536
504 30.9841 58.4471 54.6411
505 50.3894 69.9218 56.7445
506 51.7113 68.419 58.4196
507 56.8158 78.0482 72.8929
508 33.4145 53.2756 91.5702
509 38.2883 62.9618 71.5463
510 27.0411 51.6702 59.375
511 38.0948 54.326 62.2698
512 41.9724 53.0343 50.6138
513 25.2843 55.7053 60.6766
514 42.2347 67.6115 97.3246
515 34.9176 65.8367 80.6968
516 53.7587 56.2045 85.6017
517 46.3476 63.5043 81.0852
518 29.7568 68.4935 68.4566
519 45.2296 58.576 73.3554
520 44.1353 57.2187 78.1537
521 43.3336 63.3504 80.9168
522 46.3677 59.8472 74.7418
523 59.2516 50.5744 94.3322
524 42.9434 53.4293 91.4876
525 45.1572 50.6197 100.508
526 28.1758 57.7802 107.899
527 36.5885 53.3792 97.6108
528 35.298 46.0381 105.095
529 40.8814 49.0385 116.54
530 42.4188 62.1425 91.5695
531 30.9668 61.8935 121.249
532 25.1682 57.087 106.611
533 57.2039 70.4017 120.84
534 33.8054 67.7377 106.345
535 48.0366 64.0731 109.041
536 64.8463 54.0424 97.4202
537 32.5056 80.8193 -0.188523
538 43.5375 84.0726 -0.295476
539 25.146 72.0961 7.26216
540 56.9875 70.9109 9.89137
541 52.2513 82.6362 17.7753
542 23.7668 80.8273 0.135181
543 32.2102 55.5077 0.00902435
544 49.6352 73.9523 16.3703
545 42.3444 76.6741 24.8946
546 46.9988 72.5471 29.1781
547 39.4632 92.6024 14.9758
548 39.7441 68.3783 19.0811
549 51.1693 76.6891 21.6585
550 57.8131 72.8257 29.1295
551 58.4988 89.2911 32.2652
552 48.3202 82.3083 36.6911
553 27.4467 72.4754 44.941
554 42.8159 79.6526 39.7194
555 50.3329 72.7035 53.4375
556 23.5543 72.5658 23.6543
557 27.4044 78.0795 32.4104
558 48.7596 57.2316 33.8367
559 47.0125 89.6521 23.1696
560 41.7068 61.3385 41.5012
561 48.3688 77.0659 36.6287
562 66.8993 69.9045 40.8933
563 62.5982 87.7997 45.8451
564 31.0481 77.373 51.8345
565 61.446 72.9017 29.0716
566 37.2889 85.0768 39.8008
567 61.4923 83.9926 44.1555
568 47.6651 86.162 57.2363
569 67.1185 64.165 50.1675
570 47.5562 92.1992 60.3095
571 26.5643 59.9716 49.9187
572 38.824 69.8204 38.3584
573 49.4341 76.2074 68.3928
574 65.3623 57.114 45.6629
575 26.8339 78.9908 52.9948
576 29.906 57.0159 65.6811
577 36.1087 78.253 47.7915
578 22.2093 72.4154 44.9978
579 44.8466 80.9007 73.0001
580 47.7199 83.4938 57.4087
581 43.5665 96.4112 67.9456
582 36.2426 98.0457 75.5563
583 55.7658 67.0287 63.4458
584 26.7759 91.2488 80.3307
585 37.7191 85.0272 74.481
586 40.7241 96.0668 64.8818
587 43.2892 90.7208 77.4914
588 42.1359 88.2232 82.9742
589 26.4484 74.2269 89.966
590 54.7028 83.39 98.4305
591 49.6149 84.7217 103.348
592 46.2289 65.7164 80.8819
593 45.5358 81.7059 94.2298
594 16.9673 78.6621 88.1809
595 45.4123 84.8105 108.894
596 46.4308 88.8235 89.2852
597 46.8881 64.8892 105.883
598 19.5133 67.5551 91.442
599 43.6412 82.9847 95.599
600 37.7514 77.3224 98.6833
601 43.8113 89.018 107.458
602 48.0668 76.2063 100.232
603 48.8197 93.2263 114.442
604 57.1812 80.4375 98.3428
605 32.1608 84.3273 98.3735
606 49.3241 88.8131 89.2863
607 42.5647 59.2839 103.466
608 49.209 66.4125 95.9538
609 53.7848 83.1898 107.147
610 39.0653 79.1179 106.209
611 50.9645 74.2263 108.709
612 42.5052 87.1978 108.977
613 38.2412 73.4608 114.883
614 44.746 87.694 108.92
615 53.7137 79.7304 108.916
616 38.8645 96.7218 7.1425
617 43.7557 114.258 1.68475
618 54.9692 112.366 -0.401035
619 26.6594 95.269 8.89726
620 49.1354 114.406 1.71525
621 53.5393 101.204 13.9663
622 59.205 98.1622 11.5056
623 38.1218 108.329 13.795
624 40.9751 85.246 11.0432
625 37.0257 111.059 4.16007
626 49.5053 102.477 10.2513
627 24.164 114.316 9.78511
628 53.9256 107.486 34.0395
629 24.7197 113.486 29.0725
630 26.8753 106.006 26.8861
631 41.5891 89.5852 29.2569
632 41.4007 86.7331 29.1665
633 24.7429 113.433 40.3239
634 69.6724 101.113 17.0048
635 21.3368 97.9758 26.9184
636 63.648 113.643 25.0666
637 24.602 92.0692 42.1561
638 59.7075 101.87 42.9524
639 51.5438 98.8993 42.8349
640 39.1581 100.203 51.0442
641 45.7042 95.9411 46.2124
642 51.7503 98.7202 55.3361
643 33.5948 103.308 60.3136
644 45.7192 93.5479 46.2032
645 49.8445 113.415 33.7157
646 38.4729 94.9212 41.5431
647 50.2623 89.2448 50.5287
648 53.1149 113.542 67.2382
649 31.5364 113.441 70.7045
650 39.2356 97.7322 63.3974
651 30.5155 113.201 61.4214
652 49.1457 93.8371 77.2394
653 55.5701 113.12 55.7411
654 46.2154 90.5781 58.7795
655 40.5458 96.6674 86.4794
656 47.6799 103.496 63.1847
657 36.5136 98.2523 87.8052
658 47.7759 103.838 84.4178
659 46.5729 99.4343 82.7594
660 30.7981 98.2172 81.52
661 43.6048 113.034 61.5445
662 59.9086 113.8 79.367
663 56.132 113.414 58.5413
664 35.0328 111.151 88.9435
665 44.6266 114.104 78.7362
666 40.7625 113.39 76.6739
667 33.4952 92.3293 81.9546
668 39.0829 98.4526 87.7722
669 29.2126 96.6272 77.0839
670 37.9682 99.185 74.0872
671 28.1596 92.9946 94.0827
672 41.9606 98.3342 87.9591
673 44.8233 100.843 84.656
674 43.6051 94.7901 98.1782
675 39.4001 104.706 102.843
676 56.2318 114.337 94.6239
677 46.7993 114.369 100.895
678 69.6919 114.902 97.4638
679 33.6093 115.214 109.939
680 42.6598 90.6264 120.715
681 42.1184 97.6215 112.699
682 43.8399 107.689 115.146
683 36.5774 90.3846 120.748
684 50.7775 115.292 107.358
685 35.1589 104.14 107.295
686 33.3797 115.137 106.931
687 41.8953 115.149 118.581
688 36.8029 96.2777 120.606
689 57.5142 102.078 120.709
690 59.478 113.278 120.116
691 66.5701 4.3284 0.286344
692 69.2326 32.5279 -0.21697
693 79.1808 23.8935 1.09119
694 74.0797 18.4485 6.26325
695 66.412 15.0664 0.0981873
696 62.5798 14.0655 16.168
697 92.195 0.414341 29.1843
698 61.909 -0.884292 19.758
699 62.3951 18.3292 13.2432
700 72.79 -0.309128 19.1692
701 75.0099 -0.258188 2.34575
702 62.0212 -0.0994137 16.5948
703 69.4268 -0.154063 23.1699
704 61.1358 7.27465 23.7304
705 61.0167 5.56393 13.0848
706 61.479 11.7208 54.7789
707 57.1998 7.50064 44.2475
708 91.7804 21.7272 32.4035
709 83.5123 33.1302 44.2535
710 77.9251 18.9047 41.6882
711 89.0048 0.554138 25.6817
712 69.7265 8.73521 48.3925
713 49.8902 11.0735 42.2325
714 66.5323 13.4035 38.5439
715 69.5315 16.0625 38.5737
716 54.2564 18.0406 46.4769
717 65.2701 15.2754 36.8542
718 90.9142 15.418 61.4727
719 47.7709 1.01712 73.7632
720 90.0569 19.9126 84.4337
721 64.544 8.70912 63.5825
722 64.3164 1.33096 67.8252
723 72.8444 22.8705 69.5187
724 69.8508 1.37802 70.9249
725 81.2767 1.00135 67.5373
726 42.1198 5.69645 73.0455
727 106.238 1.14001 65.0196
728 52.3534 14.6761 99.0168
729 70.235 8.7515 87.8278
730 64.9139 13.9557 94.1697
731 63.643 9.86563 89.4537
732 79.202 0.65852 103.294
733 83.5532 9.58282 104.572
734 83.0021 10.5866 114.598
735 83.6028 9.22394 116.066
736 86.5414 21.6162 107.39
737 68.9986 20.5409 113.419
738 67.9453 0.281834 108.059
739 73.4526 24.7479 100.308
740 82.5326 16.7767 120.648
741 62.3558 19.2518 114.958
742 72.4674 13.6015 115.569
743 80.6849 29.2203 110.24
744 59.4123 0.449299 116.553
745 62.1684 16.1148 121.127
746 62.455 0.106955 107.787
747 59.68 16.3419 120.954
748 71.7928 26.7823 -0.296728
749 72.4037 41.0872 -0.297302
750 88.0415 52.6956 10.422
751 80.1226 27.1567 23.0212
752 72.3656 32.2924 -0.310518
753 63.7902 18.3291 -0.0109859
754 66.7668 38.4796 20.3896
755 52.4652 47.1846 14.5481
756 49.6949 34.1966 24.6346
757 56.6166 20.3948 31.109
758 59.8393 28.3634 13.3057
759 61.4317 27.6621 35.48
760 55.7892 22.4188 51.5065
761 73.8042 48.8011 36.7219
762 55.3195 30.4237 32.6074
763 82.03 21.3239 64.7993
764 71.9526 38.9265 50.4981
765 62.8412 34.3532 49.0783
766 55.8568 30.6794 53.674
767 75.3553 16.9493 47.9548
768 77.7639 25.019 53.9861
769 72.2167 44.8413 35.2087
770 72.0815 38.9494 35.3341
771 90.588 39.9892 33.6391
772 75.645 38.9138 41.2623
773 84.2601 30.7654 78.6316
774 88.0412 38.1994 70.6149
775 50.5233 37.0872 63.8711
776 57.3244 27.1795 62.5467
777 71.1293 46.1582 64.2705
778 92.634 30.9313 78.1322
779 96.0567 29.8066 61.2048
780 63.2195 40.9061 68.661
781 47.8243 25.4234 76.5503
782 71.1822 48.9911 67.7306
783 70.2977 36.4628 85.261
784 95.9254 24.9017 87.4258
785 78.8699 24.9712 85.0132
786 76.052 44.9528 85.1627
787 65.8041 21.0709 86.6054
788 70.7683 47.5201 88.3828
789 54.9239 31.8833 87.0036
790 75.5752 39.926 66.6162
791 85.2642 43.3008 80.3762
792 61.8647 36.311 79.1983
793 77.5407 31.9183 83.5037
794 64.9961 29.3394 103.024
795 65.2678 36.1292 100.328
796 53.1178 36.2881 103.404
797 69.2082 32.1002 89.7842
798 66.227 43.1912 98.7947
799 60.4712 46.172 92.8283
800 78.0492 41.0882 107.381
801 90.7456 27.8507 93.795
802 91.579 26.529 95.237
803 73.5214 40.6464 96.0242
804 59.515 24.9866 120.898
805 71.1297 30.8776 120.707
806 62.0627 24.9846 112.067
807 83.622 27.93 110.707
808 66.8192 34.6896 107.615
809 82.0822 31.0116 111.672
810 89.8059 49.4913 -0.814012
811 69.8423 58.2147 -0.828008
812 52.252 61.0986 -0.276017
813 59.7097 56.8823 12.8299
814 64.87 62.4583 9.8399
815 72.0775 49.998 8.46447
816 65.3207 59.0496 15.7479
817 92.3469 72.7508 16.7079
818 63.6243 52.1344 -0.373049
819 82.5937 57.0207 12.6087
820 82.4117 45.5119 9.8003
821 71.0573 56.9354 15.6191
822 64.1258 64.042 17.1857
823 76.4758 36.8204 15.8778
824 71.4392 62.7062 33.5218
825 75.2306 60.7042 20.1813
826 77.0713 73.8873 18.3712
827 56.5656 64.0645 5.67019
828 86.3619 69.5349 41.0605
829 68.2201 67.8229 18.5047
830 80.6395 72.7395 38.0263
831 83.6982 65.6819 38.6907
832 69.7417 81.0947 34.8892
833 100.687 39.066 41.2302
834 75.3809 53.0861 38.0918
835 72.6503 69.8026 23.1578
836 82.4499 74.2985 36.6684
837 79.5893 74.3118 39.6907
838 79.1898 51.3301 39.5004
839 87.8299 60.1098 73.8281
840 57.2609 59.9293 48.7723
841 65.4868 70.7164 48.9141
842 64.7629 58.7307 72.9658
843 65.3371 66.0553 58.393
844 58.8597 72.7211 69.8665
845 83.6403 50.2018 69.4624
846 86.1824 53.2467 62.7491
847 73.9355 59.9198 55.5197
848 87.6698 59.9283 57.8759
849 64.9319 44.7208 91.2676
850 77.1784 57.6287 80.769
851 74.8954 51.8619 92.7541
852 77.5299 74.6659 98.2303
853 79.8876 54.823 74.4243
854 66.2418 57.2678 74.7928
855 72.6297 47.4849 65.9116
856 70.5518 71.046 91.0615
857 67.6374 50.1627 82.6177
858 75.1664 68.6913 101.406
859 75.968 42.0053 85.334
860 40.6588 63.6831 101.793
861 60.1905 35.0738 86.8761
862 69.3775 66.6021 107.228
863 79.811 81.8407 120.239
864 50.1264 57.5338 98.8695
865 85.2107 43.1654 111.457
866 66.1068 40.2646 98.831
867 75.134 72.6354 113.008
868 86.5353 44.9457 110.328
869 85.1309 46.4463 108.752
870 81.1449 47.9215 121.144
871 71.4057 67.7892 120.631
872 79.609 55.7683 120.488
873 93.2466 67.5328 102.581
874 73.7371 63.4761 111.997
875 87.9165 59.5712 120.333
876 89.3251 70.3381 7.95868
877 58.4884 72.3439 8.47609
878 86.3399 89.4773 8.09963
879 65.0119 80.8623 4.36735
880 63.9205 92.4717 -0.651745
881 60.5457 72.838 -0.345012
882 66.9194 71.1603 18.0251
883 63.6152 83.3552 5.28337
884 69.5438 63.5835 -0.64389
885 64.1024 86.8773 5.4713
886 76.3732 88.0818 42.6827
887 73.0593 82.6031 9.60465
888 79.4149 62.4494 18.3902
889 72.4696 64.1392 17.1216
890 83.6262 81.1991 37.9782
891 57.7582 87.0702 14.2104
892 68.2681 82.3245 30.2719
893 66.7035 69.737 20.1116
894 71.0525 85.3693 42.7508
895 71.116 82.4484 42.5343
896 76.7893 79.9489 33.3573
897 73.892 68.4331 48.8619
898 82.3415 83.0189 24.2929
899 85.0105 71.5239 33.2225
900 69.6666 97.5102 53.8469
901 72.1525 86.8023 28.8803
902 84.8919 73.8709 54.9458
903 73.9771 88.1344 61.3175
904 59.7505 82.1838 55.0839
905 68.1338 68.477 42.4406
906 77.2117 85.2901 73.9327
907 66.8285 72.4427 56.3586
908 73.0402 64.1931 69.1162
909 57.6762 91.549 86.2978
910 68.2373 95.9927 52.0325
911 73.2816 69.3794 78.8269
912 85.3334 85.4868 76.7478
913 67.2616 91.6523 69.3993
914 75.4202 75.7165 66.1764
915 76.811 96.8951 70.6462
916 79.3288 76.2747 96.7556
917 59.1392 56.5413 91.3661
918 55.0896 74.3088 95.4516
919 51.8358 85.3625 80.4367
920 75.8541 70.066 81.705
921 89.3925 86.5455 65.8029
922 68.6568 85.7226 83.2567
923 56.2363 69.0206 107.326
924 59.0102 76.2984 97.0059
925 50.3284 81.4146 85.0758
926 59.5592 81.5863 99.8693
927 68.2953 93.144 67.5962
928 70.4524 82.1039 99.7194
929 85.5984 84.8983 120.118
930 59.4672 84.8004 120.47
931 80.1254 70.8456 120.456
932 84.5677 86.0669 109.728
933 77.8915 84.8626 109.596
934 68.4646 70.6658 120.729
935 70.8133 78.9469 120.494
936 68.3672 70.6715 111.649
937 68.4454 90.8548 120.492
938 79.4458 99.2108 9.58628
939 58.314 108.186 9.64244
940 56.7629 93.7239 6.85498
941 69.3498 92.1461 -0.697542
942 76.5192 107.808 24.6438
943 55.5259 113.923 22.2209
944 97.7847 113.312 28.1137
945 62.5356 102.53 24.4812
946 60.5561 114.293 6.56308
947 86.1163 114.542 11.9817
948 43.8156 104.322 17.3265
949 67.1838 103.559 32.0535
950 56.8336 96.4943 36.7947
951 72.1648 113.36 49.128
952 51.3946 90.714 42.9165
953 68.274 96.5995 33.6526
954 79.3703 104.758 27.6458
955 47.0508 87.1506 26.3031
956 73.6965 99.1863 39.7524
957 97.9681 113.63 60.3332
958 71.0412 93.744 67.6742
959 82.5236 96.554 73.5184
960 75.3417 86.7571 28.731
961 67.0301 113.29 52.5813
962 89.0242 113.43 57.847
963 63.9393 113.32 39.4787
964 63.8928 80.9275 41.073
965 65.568 98.8129 52.1207
966 54.5068 101.492 49.0387
967 58.2704 113.46 41.2581
968 84.9917 96.2381 58.1526
969 82.2833 96.4016 64.209
970 96.5332 88.2564 61.1716
971 66.6807 113.247 48.3289
972 75.5 98.072 68.8866
973 82.5392 90.6756 67.3368
974 89.5099 113.798 45.9752
975 71.5554 96.7184 76.7604
976 56.1934 106.593 93.3911
977 82.2034 113.916 82.1324
978 65.8664 105.069 82.7077
979 64.5829 86.612 69.6077
980 64.6608 89.5437 87.8385
981 89.1298 113.533 69.5346
982 75.8354 114.605 89.4237
983 81.3059 106.759 77.8669
984 53.4558 87.5737 93.9393
985 82.3529 114.228 91.2229
986 73.2752 114.356 91.3058
987 66.1367 97.9654 94.9844
988 56.7475 111.807 120.711
989 70.1046 87.0605 93.7581
990 60.6963 94.9214 98.3314
991 91.0594 114.975 112.011
992 59.2993 89.1123 103.07
993 76.1141 113.712 79.3374
994 69.4642 91.722 95.1878
995 77.4886 114.041 97.1724
996 71.9714 94.3711 106.879
997 70.5092 114.519 100.2
998 67.485 101.984 119.956
999 62.1552 115.27 115.176
1000 76.5007 107.675 119.848
1001 65.1388 94.2371 120.41
1002 90.818 90.8065 119.9
1003 57.9819 90.4272 116.654
1004 85.0936 115.11 109.295
1005 50.8314 115.236 112.422
1006 95.8259 104.917 110.743
1007 72.3612 105.935 115.313
1008 113.922 12.5575 0.886952
1009 105.645 19.852 4.18602
1010 87.8859 19.3003 7.16915
1011 106.641 -0.373911 10.2155
1012 89.1617 3.32026 -0.549942
1013 96.7306 17.2652 10.065
1014 93.7435 20.2682 9.99131
1015 112.106 12.765 17.994
1016 108.861 0.298547 29.5762
1017 108.395 0.562977 31.8368
1018 91.9189 11.6338 10.438
1019 95.0065 0.486536 25.8161
1020 92.3253 21.468 17.2389
1021 71.1273 12.6742 20.9141
1022 100.261 16.2563 29.9529
1023 111.019 0.826088 40.6822
1024 106.076 7.96712 39.1496
1025 101.826 26.4173 40.1673
1026 93.3976 20.156 33.9655
1027 100.545 0.406804 29.0476
1028 89.5408 24.8386 26.263
1029 86.3777 14.037 44.9127
1030 90.184 21.2083 58.5402
1031 75.4825 6.1058 66.319
1032 113.856 8.47561 56.4323
1033 104.692 18.5227 64.1802
1034 100.759 19.7885 68.7706
1035 83.4971 0.991356 52.7263
1036 106.387 16.8889 47.943
1037 100.454 0.433407 41.8363
1038 100.88 22.6193 68.771
1039 99.4565 10.0259 79.2449
1040 113.304 13.6151 46.4487
1041 98.8315 0.932105 79.1824
1042 111.723 1.29383 79.5331
1043 83.5365 0.646592 38.016
1044 113.753 5.91595 70.0914
1045 100.726 25.4079 68.9207
1046 96.4836 7.12072 67.6261
1047 80.5427 10.0122 82.9369
1048 101.088 0.875685 91.7522
1049 114.012 4.01898 94.3445
1050 106.11 1.32845 69.5291
1051 98.1869 11.4228 77.7008
1052 113.844 8.42044 73.3905
1053 113.848 13.6075 78.9279
1054 95.112 1.04542 88.4078
1055 89.2318 1.27418 68.0575
1056 88.8613 12.2473 95.2992
1057 109.022 1.46518 90.6988
1058 106.175 1.32468 97.2835
1059 98.3111 16.9826 83.7892
1060 96.6613 20.978 85.6605
1061 106.696 26.24 80.7503
1062 84.6283 19.0181 93.8484
1063 102.874 4.33007 97.5576
1064 82.0135 0.857032 100.368
1065 100.304 6.63823 98.1696
1066 100.648 5.07559 109.258
1067 115.305 13.855 109.695
1068 113.706 5.23523 120.005
1069 100.179 16.2181 94.498
1070 91.9829 35.5382 -0.729972
1071 89.3228 43.2394 -0.694749
1072 92.3426 18.8005 2.76695
1073 99.6769 45.9405 15.5514
1074 100.75 42.6467 2.63026
1075 99.3826 44.4514 3.8003
1076 103.951 32.7138 11.2413
1077 86.5646 31.6812 11.4391
1078 102.435 38.4533 10.9
1079 92.9072 44.3279 22.8697
1080 92.2681 49.9258 25.9938
1081 113.743 55.8442 16.5459
1082 81.0958 41.5103 38.329
1083 113.249 44.6935 48.9271
1084 113.368 26.5206 22.2358
1085 95.0138 44.163 28.9541
1086 93.3338 40.1521 39.6774
1087 113.604 38.3537 24.9799
1088 102.443 54.4214 18.3796
1089 98.618 26.3766 40.1381
1090 84.0319 30.1437 23.2874
1091 86.5503 25.1107 47.5505
1092 94.4398 14.2897 56.8636
1093 100.486 33.5381 53.4893
1094 97.8612 31.038 65.8387
1095 101.686 56.9373 42.5122
1096 87.9255 45.991 42.6313
1097 104.589 26.6329 40.0407
1098 93.2876 32.03 51.8918
1099 113.577 31.0794 63.5941
1100 96.3528 34.9628 58.2602
1101 101.575 37.741 51.9977
1102 113.672 5.58391 61.2753
1103 96.112 26.7739 58.2232
1104 97.3926 50.5929 65.7283
1105 92.4637 33.6543 75.0824
1106 101.694 32.4631 67.0535
1107 88.0739 21.1404 58.5381
1108 95.9225 29.3575 55.0846
1109 113.501 39.1548 39.6136
1110 114.411 6.2249 98.3306
1111 104.765 44.1013 67.0322
1112 114.464 16.9983 80.9588
1113 105.853 36.8574 62.5349
1114 90.8347 40.9632 73.8653
1115 88.5281 37.7346 83.313
1116 114.963 29.7 103.711
1117 92.5108 36.4797 78.4381
1118 104.71 37.9354 76.206
1119 84.2027 25.2162 81.7208
1120 73.512 41.997 85.2236
1121 91.6753 48.8789 89.1925
1122 91.7573 31.922 86.3688
1123 94.8826 49.181 103.955
1124 87.2489 36.3639 81.9223
1125 109.975 44.8217 96.0891
1126 113.496 41.8147 73.7503
1127 91.9009 31.8134 107.184
1128 99.0797 33.299 96.5973
1129 102.39 44.6399 111.163
1130 111.222 25.0163 119.963
1131 113.853 39.4092 119.798
1132 107.918 46.2413 100.416
1133 115.272 42.519 109.773
1134 105.122 44.9908 120.17
1135 105.044 35.004 105.62
1136 84.9744 59.4003 120.435
1137 92.1754 55.1124 8.27657
1138 106.626 54.1016 12.5853
1139 91.9436 52.6339 -0.548536
1140 102.952 57.0445 15.3357
1141 113.584 36.2671 27.458
1142 113.199 77.9461 54.516
1143 113.945 67.1343 9.70148
1144 90.5357 53.9475 12.6888
1145 89.535 52.5508 14.1412
1146 113.42 58.5682 33.5243
1147 113.311 51.5036 15.4338
1148 102.45 58.2471 8.3589
1149 99.2433 76.7563 36.7034
1150 83.2447 58.5287 20.0189
1151 84.7878 57.0139 48.7586
1152 103.723 52.4742 25.9607
1153 99.1257 51.7997 36.4498
1154 89.4139 75.4303 31.9217
1155 94.7131 50.0804 35.0463
1156 83.7447 72.5926 38.0978
1157 113.453 55.8924 28.1305
1158 101.727 62.7244 48.7061
1159 97.9122 69.5973 47.4899
1160 113.175 63.4146 36.9003
1161 113.309 50.8376 58.0086
1162 96.3288 48.5669 57.7714
1163 94.7767 50.6178 65.5568
1164 96.348 46.1185 57.7039
1165 113.579 61.7219 51.6397
1166 100.545 58.7744 31.9407
1167 113.605 39.5549 69.6833
1168 93.8019 79.8404 70.3186
1169 114.733 69.9714 99.8885
1170 104.789 62.6629 51.819
1171 107.461 54.1954 70.3403
1172 113.381 53.0768 63.2977
1173 92.1011 55.8567 68.9036
1174 98.8904 54.4501 54.9312
1175 89.2442 53.216 72.6538
1176 98.9057 76.7916 61.0939
1177 102.494 68.5314 79.46
1178 84.9735 64.7337 87.9283
1179 92.0865 44.7136 62.6608
1180 108.603 47.5892 68.668
1181 109.345 55.9287 71.6483
1182 92.9883 53.1511 84.6309
1183 102.778 43.2473 91.8817
1184 90.2871 55.9396 78.6652
1185 76.3511 58.8448 91.0537
1186 97.8935 50.6989 78.4193
1187 113.651 73.1536 78.6419
1188 113.847 44.83 79.2687
1189 114.739 47.6583 96.742
1190 113.47 55.7874 67.7022
1191 107.453 70.4902 92.9233
1192 85.4964 56.335 105.641
1193 114.336 45.0152 91.6566
1194 92.104 63.4357 98.088
1195 107.158 47.6864 96.3118
1196 95.1315 63.1843 91.9211
1197 82.1314 64.7773 102.624
1198 99.4319 63.2691 100.778
1199 93.1668 64.5431 87.4968
1200 99.2226 60.5068 102.689
1201 84.5135 56.4045 114.397
1202 87.5235 59.113 114.247
1203 108.073 56.6015 119.873
1204 98.3669 68.899 109.71
1205 93.7414 57.0136 120.246
1206 108.077 64.818 119.739
1207 81.3526 83.7434 -0.85866
1208 89.1913 80.5875 -0.878521
1209 100.878 90.0087 7.99445
1210 113.766 75.3944 3.50112
1211 86.7139 88.4192 25.4444
1212 106.564 82.4395 10.5747
1213 86.5063 80.4847 -0.974706
1214 78.0147 69.8165 19.8409
1215 86.3979 76.8434 10.567
1216 113.819 87.0232 0.651306
1217 113.491 92.5693 36.207
1218 113.698 67.0632 29.2957
1219 97.9329 84.1153 25.813
1220 73.7122 71.3237 21.4891
1221 101.767 73.8843 24.2007
1222 113.223 106.073 27.8865
1223 92.3524 75.807 25.8913
1224 77.4086 86.7045 11.0741
1225 89.2384 68.1111 16.1771
1226 104.495 79.3204 51.937
1227 105.82 80.7304 38.2993
1228 101.755 65.2526 61.1707
1229 92.2057 81.1672 31.5986
1230 99.9819 78.3819 32.1118
1231 89.0 67.0915 37.8552
1232 113.439 73.3042 33.6765
1233 77.9859 94.9922 41.4015
1234 94.5708 75.4429 44.2051
1235 94.7966 72.3161 47.2789
1236 92.3153 92.3172 68.7185
1237 91.912 80.7783 53.6463
1238 113.265 89.0755 48.8282
1239 97.4948 89.6476 50.2888
1240 93.5069 85.2406 64.1424
1241 101.991 70.9941 64.1227
1242 88.0767 79.4485 70.6286
1243 114.086 81.4564 84.8338
1244 92.2386 75.501 69.0095
1245 113.709 89.1362 57.7059
1246 103.783 81.1434 74.6421
1247 113.501 70.2279 70.1716
1248 90.534 93.3828 51.9518
1249 92.9801 78.4517 84.0312
1250 113.519 66.879 63.623
1251 93.095 87.3943 93.214
1252 90.8131 74.245 70.559
1253 114.449 63.0423 79.2293
1254 97.7071 69.8112 62.5671
1255 89.9117 78.7393 84.3702
1256 114.536 72.7936 94.1706
1257 72.9442 83.7834 81.71
1258 115.547 79.3086 111.892
1259 90.2718 84.4455 90.384
1260 89.232 85.8085 94.7367
1261 114.671 69.9418 94.1446
1262 90.4336 92.9271 96.1201
1263 86.4117 75.1867 106.995
1264 91.4949 74.4705 85.9774
1265 102.152 77.4968 104.386
1266 107.819 76.3231 107.932
1267 88.1749 73.7293 119.99
1268 115.348 73.8378 106.561
1269 93.784 69.1477 120.784
1270 115.362 87.6816 109.245
1271 107.901 79.4294 107.905
1272 96.3568 85.1182 113.722
1273 93.3213 85.1855 113.827
1274 109.277 81.6318 115.151
1275 93.5493 60.6118 106.856
1276 115.34 82.2 112.319
1277 96.5248 88.0095 119.944
1278 82.4046 80.565 111.853
1279 105.27 90.5075 110.672
1280 105.132 76.2324 116.62
1281 110.848 92.3557 6.47818
1282 95.0865 114.164 12.2103
1283 112.088 114.151 6.30783
1284 113.966 97.6246 14.7856
1285 99.3837 109.576 12.9807
1286 106.228 103.837 19.5842
1287 107.754 105.253 18.2131
1288 91.5286 97.6324 35.7296
1289 112.404 63.9432 -0.631041
1290 112.967 103.729 22.0767
1291 104.653 102.575 21.1591
1292 90.5453 107.62 31.1043
1293 113.46 100.496 45.427
1294 100.249 113.336 27.9797
1295 92.0365 113.561 37.0325
1296 92.4378 92.569 28.9822
1297 86.3538 97.786 35.3163
1298 113.531 86.6318 30.069
1299 104.844 101.414 48.6
1300 97.3621 86.1838 44.4144
1301 83.5834 97.5988 35.2665
1302 73.6468 98.8081 49.0621
1303 97.7479 103.281 50.4743
1304 113.324 109.233 48.8442
1305 113.992 98.0642 71.9986
1306 106.289 113.936 78.4242
1307 103.444 92.3651 53.4065
1308 96.4106 104.794 57.8777
1309 113.252 111.566 60.5933
1310 80.9105 94.6082 65.883
1311 84.1461 100.918 74.857
1312 113.543 95.5091 63.7942
1313 106.231 114.445 68.31
1314 87.1909 114.109 87.6159
1315 113.217 103.542 42.53
1316 106.371 98.1116 65.3246
1317 101.278 95.4519 89.6209
1318 95.4664 114.036 81.1422
1319 89.2119 103.064 97.5394
1320 91.074 79.9978 82.7241
1321 114.097 78.3794 76.4003
1322 114.072 92.4279 84.69
1323 113.781 91.9758 76.222
1324 81.5395 113.538 120.52
1325 92.9754 93.0232 93.0061
1326 114.131 80.5121 82.0392
1327 81.8196 95.6578 96.3292
1328 115.239 90.5911 117.597
1329 114.05 111.668 86.8203
1330 100.413 106.086 100.223
1331 82.0657 114.677 98.1481
1332 91.8597 103.392 100.563
1333 96.3041 110.306 107.654
1334 103.564 96.2159 110.526
1335 87.7022 106.964 107.844
1336 114.306 104.71 119.282
1337 115.223 101.46 114.553
1338 115.15 101.783 111.513
1339 105.473 110.286 119.684
1340 115.047 109.946 100.091
1341 85.2207 94.6701 101.133
