0 6.55144 15.7138 0.902909
1 6.95942 9.60785 7.2163
2 16.4055 28.2791 13.8277
3 26.5164 -0.604316 14.1837
4 26.8257 4.23149 0.973223
5 9.6344 4.62769 4.37039
6 4.14879 9.76311 4.36166
7 12.5378 2.63851 11.6214
8 23.9503 15.6069 0.842466
9 1.09493 15.2934 1.31626
10 -0.684684 41.2224 19.6832
11 29.9922 8.4147 19.6946
12 19.6663 17.124 39.7108
13 3.97637 -0.401026 12.1056
14 26.5633 -0.335017 22.7872
15 5.2041 17.942 29.5714
16 0.227691 22.9668 26.206
17 24.4509 16.1283 32.8333
18 2.29204 3.9018 53.9586
19 20.9456 20.6315 35.4813
20 34.9588 9.39289 40.3475
21 3.59349 1.98389 71.4702
22 34.9825 11.8968 46.7881
23 9.70714 -0.373871 14.8499
24 2.06616 20.0088 51.4426
25 36.4835 20.165 57.0695
26 2.22796 17.0605 62.7571
27 8.95008 34.3737 55.6848
28 20.9724 12.4718 79.2993
29 21.0137 1.97845 39.518
30 18.0793 26.3512 52.7683
31 7.23848 1.97686 51.042
32 33.1237 13.5817 54.2242
33 7.76395 21.5205 66.1927
34 1.83842 26.0006 84.2534
35 21.2492 17.7139 64.5389
36 23.8306 1.87407 68.7319
37 20.573 28.9849 61.5178
38 2.16564 3.01212 63.1446
39 34.2477 1.73755 62.9602
40 21.6761 1.58204 77.5413
41 19.6214 19.2022 65.9458
42 17.596 17.7083 79.3676
43 2.24424 17.8813 89.5425
44 15.5324 23.3807 90.9282
45 4.59662 1.9135 86.7061
46 18.2616 1.66502 74.634
47 2.83143 3.61746 86.5105
48 29.0917 9.05368 73.2299
49 39.0839 23.4883 96.2978
50 2.06583 21.2264 96.0153
51 23.1683 23.4237 111.713
52 2.49601 12.9604 98.2094
53 21.1023 12.5964 105.887
54 20.8575 14.7777 88.1325
55 32.422 12.5592 102.877
56 28.2525 25.1522 98.5842
57 5.86515 13.5749 101.19
58 2.04426 20.3406 84.1154
59 9.74452 13.6719 110.896
60 3.94179 13.5443 111.736
61 11.2191 0.296142 108.937
62 28.0562 10.7122 121.945
63 25.6346 10.6805 121.871
64 3.07163 0.654993 117.383
65 16.8355 4.86024 118.798
66 16.5903 33.2933 8.07747
67 20.9733 41.333 9.36924
68 19.6136 39.6983 7.93575
69 -0.731896 44.0935 13.6844
70 16.9178 25.1881 11.1321
71 0.475576 55.5724 0.769266
72 21.003 29.5742 0.833959
73 1.04661 18.1462 1.24598
74 1.65302 34.4045 45.322
75 1.22103 42.038 45.5731
76 4.12237 17.7261 18.3677
77 11.2281 39.3923 22.6026
78 -0.337173 35.5459 28.1126
79 7.33768 41.6637 39.4226
80 13.1684 41.4093 51.3801
81 17.2526 43.0569 34.144
82 16.2505 42.275 45.8854
83 19.4643 30.7999 48.4209
84 11.0968 57.2885 34.3717
85 1.62764 40.1889 41.5394
86 11.2901 39.5856 31.3621
87 13.9658 43.462 49.5891
88 22.5041 45.7826 40.3092
89 1.09025 17.0432 30.2911
90 31.2683 39.2677 34.1922
91 36.0635 35.9984 41.552
92 1.3597 33.8872 71.4217
93 12.2789 29.3947 47.1083
94 9.59581 18.0962 41.1946
95 33.272 36.472 60.0612
96 11.2169 53.0326 56.0134
97 24.9877 43.9278 52.8465
98 17.1389 43.3546 55.961
99 10.9859 24.9489 77.7507
100 20.3223 26.4757 73.4672
101 17.993 27.9565 55.9352
102 1.85378 20.3019 68.9461
103 23.5625 43.4446 55.6902
104 22.6715 38.0001 49.784
105 8.42166 44.913 70.843
106 37.5643 26.6025 64.3619
107 13.6036 30.125 80.7768
108 30.497 25.0263 78.2071
109 26.6073 34.9319 78.9996
110 19.657 41.9584 86.6089
111 0.583053 47.9654 105.322
112 30.6404 42.1108 89.576
113 17.9411 37.1068 94.2191
114 18.01 26.5123 87.8892
115 20.6951 46.06 97.021
116 26.8806 51.5244 93.8962
117 20.6839 51.7695 105.651
118 0.665496 41.6638 89.4191
119 23.4368 37.5659 99.806
120 22.1675 15.8369 98.4664
121 24.4902 47.343 92.4606
122 19.485 47.9286 107.161
123 16.5239 36.7035 107.26
124 23.6578 24.8603 102.728
125 35.7807 32.1741 111.399
126 26.5428 43.47 114.183
127 22.0387 44.7375 115.858
128 0.647067 22.2219 103.536
129 19.5347 51.0571 110.063
130 5.22136 36.7103 122.029
131 13.8701 45.0447 121.931
132 23.7112 24.9337 110.489
133 27.912 22.0356 110.057
134 26.8373 68.3813 18.8508
135 3.5719 61.0126 0.728575
136 22.4863 68.6411 13.3364
137 22.5279 65.4097 13.4398
138 -0.864783 49.5338 19.8355
139 -1.00649 67.0349 11.0867
140 18.1717 46.7694 9.40427
141 8.03726 68.6753 48.7696
142 -0.392249 18.3887 17.4619
143 5.30124 59.8501 34.3288
144 25.2366 53.8249 28.3527
145 1.4726 57.8917 51.3932
146 25.6869 65.349 13.3811
147 25.7815 57.094 33.9551
148 0.15543 36.0733 34.3305
149 31.1019 51.7721 31.1543
150 13.3649 59.0719 51.1558
151 16.9142 48.3867 43.2877
152 16.9386 67.8717 43.0513
153 20.0055 65.7249 43.224
154 29.7239 49.9409 32.6119
155 33.5693 59.8875 49.1757
156 12.4864 53.0049 32.997
157 1.49507 63.0918 51.2524
158 19.6471 55.0297 45.954
159 -0.119356 53.5247 37.0992
160 18.3566 61.5787 41.6976
161 18.9801 59.3705 57.9043
162 15.8588 59.4854 57.8103
163 3.99868 43.8993 51.3673
164 26.1993 68.3601 59.2534
165 23.0358 40.7971 55.6184
166 13.3921 59.9607 67.0765
167 3.67305 60.6403 81.9389
168 0.828531 52.4002 75.7778
169 12.8592 62.7651 67.0615
170 15.3873 46.9843 54.433
171 34.9875 51.8636 67.0465
172 9.94996 64.7693 73.0565
173 28.2661 56.0805 80.8797
174 15.3828 60.3579 90.9825
175 0.938429 61.2774 69.5505
176 6.35589 48.7476 90.9666
177 26.7102 51.3018 73.3603
178 17.8056 43.3172 85.2851
179 28.1059 66.8139 83.4051
180 1.22441 26.5575 78.0921
181 29.3293 53.9811 90.9749
182 0.847471 64.784 100.133
183 24.6871 41.8692 101.18
184 9.93432 60.4972 111.576
185 27.9536 53.7812 101.216
186 0.380733 56.2578 114.246
187 1.0035 81.5943 96.6356
188 1.00444 76.7061 99.4751
189 19.4795 58.3628 110.167
190 17.9749 46.8478 105.663
191 0.575244 73.8919 117.184
192 13.8783 59.1243 121.687
193 19.8037 62.0337 121.833
194 9.62794 38.7579 114.602
195 8.50312 64.9437 121.799
196 18.9379 59.1384 118.518
197 20.6239 58.7683 105.532
198 31.0635 78.8316 121.362
199 9.56813 65.1836 9.75203
200 15.3981 100.421 3.30093
201 15.8912 83.8619 6.32005
202 21.0612 78.2904 6.28622
203 17.8733 75.2464 0.180427
204 17.5248 89.5154 0.0252695
205 -0.957348 75.2761 4.83695
206 16.7501 75.3162 15.1766
207 11.5001 75.0972 0.123683
208 21.9842 71.3377 7.54635
209 9.29072 85.4923 34.0397
210 24.1283 88.3671 26.229
211 9.71276 99.5336 17.9711
212 30.5767 82.603 16.2158
213 29.6494 67.0329 11.8337
214 15.5094 90.9158 15.235
215 15.7169 55.8898 23.9521
216 16.8501 92.2761 13.4695
217 14.5572 79.8058 24.9337
218 25.4974 71.3863 36.9924
219 13.0947 72.706 26.6423
220 -0.441288 55.7411 28.6525
221 32.837 70.3558 47.7625
222 1.26935 69.7846 66.855
223 16.4221 75.1475 45.2809
224 7.86606 75.56 33.1084
225 11.0821 83.1968 39.4873
226 22.1063 67.3097 51.3697
227 27.8276 96.8231 54.0427
228 22.351 84.2478 51.5328
229 1.42312 80.9541 75.2663
230 18.2434 100.642 56.6307
231 34.4838 80.3714 49.3254
232 2.23822 84.64 44.9197
233 1.71641 63.3842 48.2726
234 17.4912 70.9345 65.1292
235 20.2222 68.7607 65.203
236 15.8741 54.6251 70.059
237 11.5462 77.4406 67.9065
238 -0.961057 69.6313 24.6505
239 0.675868 46.8714 66.8243
240 8.88244 94.7625 79.016
241 11.8633 71.9846 64.9887
242 0.468287 67.0825 74.455
243 21.8255 67.6077 66.9699
244 24.3142 105.086 80.4019
245 1.15071 81.6542 84.1507
246 19.3023 92.7072 68.8571
247 23.3264 71.8525 65.4202
248 16.897 77.8484 73.9696
249 0.978262 64.611 96.1983
250 25.5253 61.1074 74.7091
251 9.00644 83.5546 73.5746
252 32.0086 71.5565 90.6402
253 27.1035 91.8373 104.844
254 17.0601 70.3117 92.2311
255 21.1256 87.7908 84.0169
256 33.9073 73.0846 89.1834
257 35.1712 88.1352 87.4098
258 13.9724 83.9456 82.6398
259 11.2325 76.9237 83.7867
260 1.62974 65.0894 63.635
261 1.09025 83.7947 86.8255
262 1.67026 97.1023 71.0619
263 33.7994 66.8981 83.4372
264 14.141 91.7967 79.4285
265 0.604598 84.8358 104.313
266 16.7323 71.9863 112.291
267 0.974696 76.6287 93.3401
268 26.6589 83.0932 99.3447
269 18.2071 68.55 90.733
270 16.6828 89.1965 109.518
271 16.4541 87.6363 112.333
272 36.7594 79.8016 121.353
273 3.60141 70.1641 111.437
274 0.8929 87.6408 117.188
275 32.191 81.7655 102.787
276 32.2773 82.4508 111.135
277 25.2138 89.6571 109.466
278 29.2185 109.524 -0.0901739
279 21.9518 79.682 16.2705
280 27.8779 99.1244 7.36699
281 19.7315 106.684 8.94771
282 15.1832 113.994 7.49839
283 6.36315 100.802 0.280863
284 37.0029 78.2906 29.7822
285 -0.240243 99.6936 16.5064
286 -0.52156 86.4129 19.5759
287 1.81247 90.7151 36.7987
288 2.39323 98.4013 30.2706
289 10.3291 107.884 20.741
290 2.10232 98.4155 33.9963
291 14.7031 113.127 19.6741
292 2.02719 81.3182 39.3802
293 25.417 95.4125 19.3806
294 16.8745 89.6772 13.4949
295 19.6626 112.811 24.1343
296 20.8068 112.175 27.7887
297 34.72 99.2135 40.0763
298 36.9591 99.4827 39.6021
299 35.1666 90.8649 46.6453
300 23.9392 101.388 43.3779
301 2.20955 109.771 45.0278
302 10.9557 99.8192 30.6883
303 21.3285 111.91 47.4133
304 9.89948 111.817 41.5775
305 26.2285 101.997 34.4825
306 12.1274 111.823 24.0581
307 21.3006 90.7134 43.8364
308 23.4291 104.342 34.7129
309 23.746 105.993 47.7141
310 1.83067 93.236 47.8053
311 30.5963 100.735 56.9512
312 26.6791 102.59 46.2934
313 23.8842 88.9985 50.1281
314 10.986 89.5201 54.1203
315 2.62612 112.405 47.5598
316 33.8092 114.036 79.6947
317 2.72709 113.409 94.0546
318 1.40339 86.2214 71.4179
319 16.0568 105.188 77.1422
320 20.7691 106.106 101.96
321 7.12403 102.376 89.1577
322 28.8425 112.93 61.9344
323 1.57566 110.994 76.4628
324 8.99831 113.026 70.6866
325 1.5431 85.8813 74.8769
326 20.5947 113.324 64.3245
327 1.14588 95.1107 86.0631
328 32.416 96.259 84.1317
329 29.4623 105.65 95.6829
330 26.9641 94.1643 84.18
331 1.19078 92.785 98.4864
332 9.61386 83.1059 99.3453
333 23.9723 103.459 101.793
334 5.32615 104.624 103.77
335 8.12276 114.914 105.949
336 11.1721 104.706 100.512
337 26.8571 105.464 89.6081
338 22.2976 114.985 96.5758
339 28.0269 105.031 121.044
340 0.695484 101.968 113.699
341 8.28284 101.523 117.994
342 3.71343 107.34 110.894
343 36.9113 28.983 13.4812
344 26.638 -0.658087 19.4048
345 49.3083 -0.679205 16.6453
346 43.9154 15.3706 0.213285
347 57.8558 -0.530193 19.1393
348 40.2575 15.606 17.9997
349 31.9267 12.4741 0.70305
350 40.18 15.5497 21.0553
351 45.3041 23.0437 16.3222
352 69.2257 0.867071 0.208546
353 60.4104 -0.934119 7.96523
354 35.1879 -0.235196 22.2486
355 40.9968 -0.361428 25.4413
356 49.8764 -0.0904197 27.8062
357 35.6905 21.5308 38.6279
358 25.3783 29.2634 19.2752
359 51.2989 14.5224 42.8302
360 28.0529 7.6439 39.5498
361 56.1721 1.2902 56.5433
362 31.6419 20.16 37.0874
363 52.2832 24.6056 35.4707
364 48.1697 25.7059 28.1526
365 71.8104 1.20468 49.7753
366 32.1033 19.3384 53.3364
367 34.7973 23.7068 49.8343
368 54.0951 12.0163 55.687
369 48.2552 17.3073 42.8222
370 38.2714 24.1322 38.3788
371 18.1452 2.15151 45.2123
372 39.1264 16.893 60.1122
373 44.5583 16.8526 51.0982
374 50.5157 11.8669 64.5928
375 55.3158 21.925 63.2218
376 26.973 1.90444 47.6843
377 35.597 7.48057 87.3528
378 55.4735 18.3078 81.5234
379 39.1059 22.1588 74.9692
380 34.2179 5.9878 85.1089
381 54.7847 13.4143 78.3202
382 36.5296 4.2947 95.0996
383 47.9164 0.625921 95.2527
384 40.883 23.8397 94.029
385 29.0282 1.65996 80.9515
386 30.6536 14.8902 89.1362
387 65.2353 0.608144 99.5788
388 56.6177 1.32092 81.1147
389 39.1433 24.6039 101.188
390 43.3739 21.9709 103.937
391 68.7281 6.34737 90.6163
392 43.4645 42.9119 93.8234
393 53.9466 14.103 121.45
394 39.5329 5.13045 121.795
395 48.0937 23.4934 122.074
396 45.5181 26.4235 108.166
397 36.5916 0.553108 119.851
398 42.4335 0.486932 114.126
399 49.2426 24.7647 94.658
400 62.8446 10.8581 121.597
401 45.2562 22.6703 118.463
402 37.8842 26.3989 0.483372
403 38.1027 35.216 0.0353651
404 23.671 40.7585 0.409355
405 55.4211 23.7037 14.7619
406 55.1946 41.2135 -0.22947
407 52.4325 38.5839 5.94449
408 22.2514 41.245 5.93835
409 38.1095 45.7767 12.0106
410 32.4187 26.8062 0.604172
411 48.9568 35.2512 -0.0710883
412 28.0966 41.3262 8.97499
413 39.6756 36.7755 16.4069
414 45.6278 37.2691 36.9224
415 27.3854 19.0181 36.1001
416 48.1019 51.4592 27.8807
417 40.9914 54.1465 13.7551
418 38.1315 42.1545 11.8338
419 33.7023 24.2006 17.8626
420 33.7715 51.0168 13.2352
421 29.9489 18.7166 35.5255
422 38.572 21.5209 38.3998
423 64.982 23.1945 30.924
424 48.3892 43.0415 21.984
425 19.5305 22.6986 37.1224
426 53.8924 34.4799 42.8662
427 55.5579 19.4349 51.1971
428 34.0798 21.3703 25.005
429 41.0717 33.2111 41.2849
430 26.852 36.26 35.6191
431 57.8656 26.6849 44.2648
432 33.9629 35.3165 39.7808
433 35.8296 33.7694 53.7776
434 36.3067 39.2316 62.8371
435 26.5671 29.6768 43.7655
436 38.4758 30.8916 54.0033
437 44.3984 36.1294 59.5905
438 36.6933 49.3204 55.0464
439 42.9169 40.391 64.6147
440 47.7643 45.1799 68.2819
441 24.0033 18.1778 70.4137
442 36.3279 33.5202 63.0282
443 28.212 53.1776 71.9874
444 35.2039 19.156 94.7242
445 41.6514 28.4414 66.0176
446 30.5487 34.4378 48.5616
447 53.1272 25.3824 54.4852
448 48.156 23.1328 73.9291
449 33.325 26.1936 91.0047
450 41.0106 38.2607 69.8853
451 39.4349 37.3389 80.3429
452 35.6405 37.9823 72.9186
453 49.4241 54.4094 85.0688
454 29.3881 51.323 73.6414
455 49.2247 26.8179 52.9569
456 42.4005 45.8529 94.6203
457 60.5449 32.3972 78.6339
458 50.8531 30.3309 86.2775
459 27.9207 34.9916 86.326
460 46.5134 45.9154 87.8478
461 49.7854 43.2357 90.8562
462 57.871 29.3961 90.7367
463 44.0395 34.4628 90.8383
464 66.3959 17.5376 90.5025
465 41.0132 20.3432 93.7422
466 65.3804 33.4797 106.624
467 37.9461 37.307 93.7708
468 54.9052 48.7508 93.7849
469 45.9685 34.9586 108.3
470 35.8322 47.8031 107.171
471 46.2799 20.672 114.162
472 46.675 31.2722 116.97
473 45.7063 33.7695 121.695
474 33.6797 24.2751 110.027
475 51.1073 27.3725 121.543
476 60.7038 44.8514 97.4079
477 47.884 39.1389 107.008
478 49.5405 29.1493 116.845
479 37.9616 54.8665 102.608
480 38.1482 59.9854 13.8035
481 49.372 63.7653 -0.219315
482 52.0029 68.2491 12.805
483 49.5706 49.571 -0.203362
484 41.5854 38.5026 26.6056
485 42.4051 54.1207 28.0165
486 63.7031 64.4693 29.1054
487 31.1966 59.7613 13.2572
488 54.9796 55.9609 11.368
489 39.5311 59.9709 22.0767
490 29.6961 61.5288 29.5306
491 42.6922 51.509 28.0284
492 48.393 57.0822 24.8173
493 52.9418 56.0427 47.5507
494 48.0756 45.937 39.9462
495 43.9236 70.2034 29.6509
496 43.0834 47.317 29.5109
497 36.8817 65.9559 45.9669
498 33.95 57.527 55.1522
499 34.668 71.2358 59.3485
500 49.6806 36.0921 66.8314
501 32.2754 50.714 47.5324
502 38.1001 56.2452 41.5249
503 46.0149 51.7605 65.9998
504 29.9524 58.64 53.8716
505 49.5162 70.4332 56.7319
506 50.9558 68.8022 58.2861
507 56.1774 78.0662 74.2814
508 33.6176 51.5895 92.8261
509 38.3465 62.4581 73.1935
510 26.5602 52.3415 60.0344
511 36.5656 56.051 61.4509
512 41.3951 53.2471 50.2403
513 25.7707 55.6682 62.4277
514 42.2265 69.6387 98.0934
515 35.4384 65.6453 81.9725
516 53.7619 54.5713 87.1127
517 46.7877 62.3017 82.2027
518 30.2849 67.2598 70.0236
519 44.9584 58.2342 74.6934
520 43.6392 56.7062 79.3766
521 44.0878 62.4278 82.2458
522 46.5473 59.4878 76.0982
523 59.1757 47.527 95.2074
524 42.5105 50.4255 92.3571
525 45.6022 50.4754 101.037
526 28.0287 57.7701 108.763
527 33.5473 53.8665 98.3726
528 34.6907 46.4361 105.539
529 40.9949 48.9626 117.085
530 40.9375 61.5271 92.562
531 30.9668 61.8935 121.749
532 25.1682 57.087 107.112
533 57.2039 70.4017 121.341
534 33.8054 67.7377 106.845
535 48.0366 64.0731 109.541
536 64.8463 54.0424 97.921
537 32.5056 80.8193 -0.188523
538 43.5375 84.0726 -0.295476
539 25.146 72.0961 7.26216
540 56.9875 70.9109 9.89137
541 52.2513 82.6362 17.7753
542 23.7668 80.8273 0.135181
543 32.2102 55.5077 0.00902435
544 49.9943 75.175 17.2121
545 42.5254 76.9324 24.8527
546 46.1626 72.6939 29.5476
547 39.7801 92.673 14.9801
548 39.8394 68.2255 18.9066
549 51.0644 79.6507 21.6229
550 58.0729 72.7047 29.1293
551 57.8662 89.591 32.0736
552 48.3972 83.3145 36.9599
553 27.6065 72.6261 45.3493
554 42.1331 80.1175 39.95
555 48.6766 73.3962 53.3583
556 24.0206 72.0397 23.66
557 26.4848 81.5025 32.344
558 48.6104 57.3299 33.9774
559 48.2654 88.3092 21.6031
560 41.607 61.6585 41.5723
561 47.9447 77.3351 36.8195
562 66.336 71.0541 41.3067
563 62.7723 90.6706 45.3715
564 32.2125 76.7958 52.8395
565 60.8282 72.847 29.2902
566 34.1979 85.5253 39.6751
567 60.9203 84.5556 44.0079
568 48.8518 85.3106 58.8617
569 66.6993 63.4173 51.4119
570 48.5677 90.8331 62.0709
571 26.0521 60.6697 49.4647
572 38.4378 70.691 38.2471
573 49.5535 75.9319 69.688
574 65.0857 57.692 45.8191
575 27.7759 78.6082 54.5683
576 30.0 56.8975 67.2734
577 36.9916 80.0759 46.2134
578 22.2985 71.9382 45.45
579 45.5847 80.4963 74.2658
580 50.8348 82.7387 58.1686
581 44.1172 95.5661 69.4254
582 36.8817 97.6063 76.5904
583 55.0983 67.0978 63.6133
584 26.9462 90.6321 81.2161
585 39.3533 82.9264 73.8648
586 41.1341 95.6337 66.2783
587 43.6619 90.7685 78.1299
588 44.0454 87.9453 84.3734
589 26.8908 74.6233 90.6154
590 54.9843 83.0465 98.9825
591 49.2839 86.7478 101.972
592 46.7781 65.3365 82.0453
593 45.0185 81.7773 94.8359
594 16.8378 78.354 88.9897
595 45.2978 84.6048 109.377
596 46.3339 89.6314 89.2372
597 46.7111 64.9261 106.378
598 19.8511 67.3272 92.2643
599 43.5567 83.0848 96.248
600 38.2405 74.3523 99.4674
601 43.8113 89.018 107.959
602 48.2506 75.7773 100.678
603 48.7336 93.1102 114.986
604 58.1641 80.0752 99.0131
605 32.5279 83.4879 99.4163
606 49.5016 88.019 90.2537
607 42.2571 58.4854 103.995
608 48.4218 63.1371 96.3041
609 53.7848 83.1898 107.647
610 39.0653 79.1179 106.709
611 50.9645 74.2263 109.21
612 42.5052 87.1978 109.478
613 38.2412 73.4608 115.384
614 44.746 87.694 109.421
615 53.7137 79.7304 109.417
616 38.8645 96.7218 7.1425
617 43.7557 114.258 1.68475
618 54.9692 112.366 -0.401035
619 26.6594 95.269 8.89726
620 49.1354 114.406 1.71525
621 53.5393 101.204 13.9663
622 59.205 98.1622 11.5056
623 38.1218 108.329 13.795
624 40.9751 85.246 11.0432
625 37.0257 111.059 4.16007
626 49.5053 102.477 10.2513
627 23.5533 114.21 10.3967
628 55.4877 108.868 33.64
629 18.6851 111.574 35.8216
630 27.1357 106.697 26.2531
631 41.3181 90.7111 29.3073
632 44.1146 87.0263 29.0313
633 26.7314 111.889 42.3798
634 63.0892 101.2 16.9001
635 21.1938 100.487 26.6134
636 64.3548 114.233 23.7948
637 26.9319 90.3983 43.6862
638 59.6086 102.721 42.3244
639 51.4804 99.867 42.9393
640 40.5658 99.2033 52.6205
641 46.9271 96.1064 47.0287
642 52.4141 98.6275 57.6356
643 34.1493 102.103 61.4519
644 47.4278 93.7607 47.6238
645 55.4624 114.524 32.2247
646 39.7012 94.5532 42.0163
647 50.7945 89.4644 51.2053
648 54.1285 113.893 71.7531
649 36.287 113.091 71.6093
650 39.9164 97.0186 64.664
651 33.7213 113.125 65.3519
652 49.2456 93.6512 78.2587
653 58.3719 113.49 57.1982
654 47.4251 89.6915 60.3594
655 40.8353 96.7313 86.9829
656 45.383 103.128 64.7423
657 36.3728 98.4378 88.3874
658 46.5063 103.872 85.5193
659 46.683 99.5543 83.9949
660 32.5726 97.79 82.5549
661 45.0937 112.784 57.0745
662 58.7243 114.179 80.3777
663 55.9195 113.512 59.7966
664 34.9114 110.722 89.3879
665 42.8535 113.96 83.3276
666 38.558 113.961 77.4336
667 33.6187 92.2655 82.6684
668 39.2956 98.2065 88.5064
669 29.655 96.0291 77.9182
670 38.3977 98.8907 75.1207
671 27.8208 92.9441 94.6056
672 42.1952 98.4234 88.556
673 45.0783 100.6 85.483
674 43.7408 94.4738 99.1378
675 37.6977 106.667 101.833
676 54.687 114.193 92.53
677 44.8874 114.695 101.725
678 74.2894 114.828 97.9725
679 33.7933 115.249 111.227
680 42.6598 90.6264 121.215
681 42.1184 97.6215 113.2
682 43.8399 107.689 115.647
683 36.5774 90.3846 121.249
684 50.7775 115.292 107.859
685 35.1589 104.14 107.796
686 33.3797 115.137 107.432
687 41.8953 115.149 119.082
688 36.8029 96.2777 121.107
689 57.5142 102.078 121.209
690 59.478 113.278 120.617
691 66.5701 4.3284 0.286344
692 69.2326 32.5279 -0.21697
693 79.1808 23.8935 1.09119
694 74.0797 18.4485 6.26325
695 66.412 15.0664 0.0981873
696 62.5798 14.0655 16.168
697 89.3101 -0.0306396 22.2268
698 66.8372 -0.294132 20.1267
699 62.3951 18.3292 13.2432
700 70.3772 -0.117182 19.2433
701 65.3884 -1.1988 2.25561
702 60.8887 -0.168116 15.7245
703 67.1147 0.0209556 25.4159
704 61.0208 7.54884 23.6729
705 61.0421 5.53827 13.2966
706 61.7265 11.5292 55.0713
707 56.8675 5.98757 42.9968
708 91.8824 22.0058 32.4152
709 83.1419 33.4544 44.3221
710 77.6496 19.4079 41.6102
711 86.8902 0.511323 25.4567
712 69.0908 8.43213 48.6322
713 49.6799 10.5142 41.328
714 66.8001 13.4287 38.5136
715 67.7171 16.0602 37.8388
716 53.7189 17.0585 45.6777
717 65.2431 14.6583 36.9285
718 90.034 16.1865 61.5439
719 45.6957 1.33126 77.6166
720 89.5763 20.2509 84.5134
721 67.1095 8.62133 64.2482
722 61.7779 1.2792 72.232
723 72.5511 23.3001 69.4655
724 69.7178 1.25187 71.3384
725 81.5124 1.6423 68.2156
726 42.6069 6.22887 73.4666
727 95.9933 2.07277 70.8581
728 52.1916 13.4474 100.519
729 70.5805 7.9425 88.8503
730 65.3858 13.5508 94.7771
731 63.7606 9.02268 90.287
732 79.4984 0.24987 102.781
733 83.5532 9.58282 105.073
734 83.0021 10.5866 115.099
735 83.6028 9.22394 116.567
736 86.5414 21.6162 107.891
737 68.9986 20.5409 113.919
738 67.9453 0.281834 108.559
739 73.4526 24.7479 100.809
740 82.5326 16.7767 121.149
741 62.3558 19.2518 115.459
742 72.4674 13.6015 116.069
743 80.6849 29.2203 110.74
744 59.4123 0.449299 117.054
745 62.1684 16.1148 121.628
746 62.455 0.106955 108.287
747 59.68 16.3419 121.454
748 71.7928 26.7823 -0.296728
749 72.4037 41.0872 -0.297302
750 88.0415 52.6956 10.422
751 80.1226 27.1567 23.0212
752 72.3656 32.2924 -0.310518
753 63.7902 18.3291 -0.0109859
754 69.5388 39.3322 20.4341
755 52.5001 47.1122 14.5872
756 51.0814 33.4847 24.9855
757 55.5741 20.182 30.2494
758 59.864 28.4479 13.1907
759 61.0227 27.2209 35.4072
760 55.4733 21.7641 50.4514
761 72.7157 48.8704 36.3997
762 55.4255 30.3629 32.5594
763 81.5101 21.7903 64.3716
764 71.6158 39.1342 50.1065
765 62.0515 34.7362 48.6546
766 55.3236 29.8766 53.2415
767 74.5251 16.4886 47.9702
768 77.3283 25.4192 53.7306
769 71.9389 44.506 35.0608
770 72.1588 38.7012 35.2964
771 90.3002 40.2599 33.5284
772 74.7402 39.1011 41.2792
773 84.1671 30.7628 79.0863
774 87.1502 38.9496 70.2753
775 51.4345 37.2586 65.5975
776 57.9458 27.7124 63.0566
777 70.3958 46.0841 64.1025
778 91.3751 31.9008 77.7124
779 95.5085 29.7987 61.0904
780 62.8637 40.6777 68.4177
781 48.118 25.5502 77.5009
782 70.6123 48.8287 67.7614
783 70.5173 36.0824 85.7822
784 96.1298 25.2055 88.3197
785 80.4426 24.806 86.0427
786 76.0476 44.6576 85.8193
787 66.4385 20.8412 87.3872
788 72.1869 46.3677 90.3081
789 54.9184 31.5711 87.6714
790 74.6283 39.606 65.9644
791 86.0239 43.2974 80.9735
792 61.9018 36.8625 80.275
793 76.5563 31.9248 84.7933
794 64.7226 27.617 103.771
795 66.5329 33.4738 103.129
796 51.2444 36.241 103.932
797 69.2175 31.9942 90.3278
798 66.4543 43.3431 99.3202
799 60.9008 45.7206 93.5472
800 78.0492 41.0882 107.882
801 90.6067 28.239 94.614
802 91.9424 26.0862 96.0926
803 75.0235 41.0062 96.2054
804 59.515 24.9866 121.398
805 71.1297 30.8776 121.208
806 62.0627 24.9846 112.568
807 83.622 27.93 111.208
808 66.8192 34.6896 108.116
809 82.0822 31.0116 112.173
810 89.8059 49.4913 -0.814012
811 69.8423 58.2147 -0.828008
812 52.252 61.0986 -0.276017
813 59.7097 56.8823 12.8299
814 64.87 62.4583 9.8399
815 72.0775 49.998 8.46447
816 65.3207 59.0496 15.7479
817 92.3469 72.7508 16.7079
818 63.6243 52.1344 -0.373049
819 82.5937 57.0207 12.6087
820 82.4117 45.5119 9.8003
821 70.6068 57.243 15.6161
822 63.9659 63.9611 17.1756
823 79.3427 36.2631 15.7303
824 72.0319 61.4084 35.0998
825 75.0495 61.3022 20.1785
826 76.5571 75.4611 19.3481
827 56.3664 64.1165 5.62467
828 86.2459 70.3588 40.8639
829 68.063 68.4126 18.5118
830 80.9086 73.2158 37.9762
831 85.1086 65.591 39.4203
832 69.587 81.5323 34.9942
833 100.252 38.9765 41.1495
834 74.6528 53.4573 37.9463
835 72.0287 69.7573 23.1284
836 82.3053 74.7767 36.0496
837 79.4484 74.7541 39.3706
838 79.0556 51.9065 39.6415
839 87.6869 59.5051 73.6189
840 56.2602 60.9916 48.6979
841 65.3194 72.3335 48.6126
842 64.4488 58.3883 73.8394
843 64.9497 66.1769 57.9717
844 59.4137 71.624 71.1117
845 82.7225 50.3297 68.4815
846 85.5119 57.0 62.0438
847 73.4201 60.6151 54.8556
848 86.372 59.982 58.0612
849 65.1629 44.5906 92.0841
850 77.5935 57.3117 81.1195
851 74.8633 51.552 93.1768
852 77.8947 74.5501 98.8818
853 79.4884 54.2385 74.3499
854 66.1329 57.3658 75.2466
855 71.7482 47.5505 65.9215
856 72.0943 70.9808 93.1896
857 67.6948 50.171 83.0213
858 75.7879 69.0148 101.939
859 76.2308 42.0061 85.9563
860 40.7411 62.8342 102.557
861 60.964 34.7211 87.5733
862 69.3232 65.8435 107.999
863 93.6622 89.6113 120.696
864 49.0515 57.2624 99.7166
865 85.2107 43.1654 111.957
866 66.5142 41.0703 99.4819
867 75.134 72.6354 113.509
868 86.5353 44.9457 110.829
869 85.1309 46.4463 109.253
870 81.1449 47.9215 121.645
871 71.4057 67.7892 121.131
872 79.609 55.7683 120.989
873 93.2466 67.5328 103.082
874 73.7371 63.4761 112.497
875 87.9165 59.5712 120.834
876 89.3251 70.3381 7.95868
877 58.4884 72.3439 8.47609
878 86.3399 89.4773 8.09963
879 65.0119 80.8623 4.36735
880 63.9205 92.4717 -0.651745
881 60.5457 72.838 -0.345012
882 66.9194 71.1603 18.0251
883 63.6152 83.3552 5.28337
884 69.5438 63.5835 -0.64389
885 64.1024 86.8773 5.4713
886 76.5228 88.3416 42.4717
887 73.0953 82.673 9.54168
888 79.5063 62.8368 18.5572
889 70.547 65.1752 15.6625
890 83.5253 81.5582 37.4485
891 58.0841 87.026 14.0943
892 67.951 82.9769 30.4468
893 66.2216 69.9947 20.017
894 71.8648 85.9487 42.1663
895 71.0668 81.8137 44.7563
896 76.2407 82.8061 33.0727
897 73.4733 68.5402 48.6442
898 83.6343 84.373 22.6903
899 85.0405 71.5001 33.1163
900 68.9663 97.0826 55.0551
901 72.0805 86.5579 28.8748
902 83.9122 73.9701 55.8053
903 73.4476 87.6454 62.4486
904 59.4655 83.026 55.4235
905 68.1638 69.1832 42.4499
906 77.2381 85.0741 74.8074
907 66.1923 72.8168 56.7922
908 70.8613 63.793 70.1944
909 56.71 92.6081 85.8613
910 67.3782 95.8831 53.3174
911 73.3474 69.634 79.6826
912 84.956 85.0498 77.1421
913 67.27 91.9337 70.8138
914 74.8798 75.1801 66.6833
915 77.1752 96.0561 71.6434
916 79.3395 76.3242 97.1176
917 59.291 55.9977 92.1473
918 55.2108 74.2104 96.3122
919 52.0336 85.1509 81.3891
920 76.0587 70.2636 82.7182
921 89.1881 86.4417 66.3263
922 69.3221 85.5014 84.1286
923 56.3163 69.0148 107.692
924 59.5151 77.8143 97.6782
925 52.1709 81.0787 87.1964
926 59.4219 81.5871 100.483
927 68.7981 92.7988 68.9744
928 70.8374 78.2751 100.369
929 85.5984 84.8983 120.618
930 59.4672 84.8004 120.97
931 80.1254 70.8456 120.957
932 84.5677 86.0669 110.229
933 77.8915 84.8626 110.097
934 68.4646 70.6658 121.23
935 70.8133 78.9469 120.995
936 68.3672 70.6715 112.15
937 68.4454 90.8548 120.992
938 79.4458 99.2108 9.58628
939 58.314 108.186 9.64244
940 56.7629 93.7239 6.85498
941 69.3498 92.1461 -0.697542
942 76.6676 108.844 23.7555
943 55.8092 114.592 21.1629
944 96.0339 112.23 28.6523
945 62.6214 102.828 24.1345
946 60.2732 114.425 6.89505
947 86.4389 114.463 11.8883
948 43.2471 102.482 15.8695
949 67.0736 104.556 31.4381
950 58.2473 95.8465 34.8492
951 71.1842 112.779 49.763
952 50.5917 92.0009 42.3468
953 68.2335 96.8262 32.9528
954 80.5309 105.497 26.7725
955 46.8382 86.2343 26.0996
956 71.9432 99.3141 41.0378
957 97.5631 113.396 63.9566
958 71.1775 93.7332 69.07
959 82.4491 96.5212 74.4363
960 75.4773 87.1624 28.8039
961 66.5048 113.165 53.5139
962 88.7 113.249 58.1649
963 62.149 113.872 36.9318
964 63.8516 81.7201 41.0524
965 64.9899 98.57 53.7668
966 54.502 101.606 50.7307
967 55.6947 114.263 41.6955
968 84.5106 95.9973 58.993
969 82.2862 96.0235 64.8975
970 97.1293 86.1602 59.9697
971 68.2859 112.654 46.88
972 75.3331 97.4902 70.0483
973 82.1494 90.6207 67.9808
974 87.573 113.073 49.3437
975 71.3593 96.2483 77.9265
976 56.5628 107.413 94.3106
977 81.6839 114.031 82.8188
978 65.6944 105.307 83.7207
979 65.1496 86.3981 71.0606
980 65.1676 89.8346 88.6087
981 87.5563 113.305 70.4332
982 73.9266 115.04 94.6374
983 80.8941 106.482 78.5473
984 53.5316 86.9159 94.5548
985 81.8464 114.411 88.8985
986 73.8931 114.461 89.0784
987 66.8745 97.1516 95.8755
988 50.7918 115.215 118.598
989 70.7356 86.7022 94.2778
990 61.5555 94.3963 98.7559
991 90.7109 115.33 113.222
992 59.3444 90.5274 103.213
993 74.9722 113.929 77.2259
994 68.2926 91.636 95.9567
995 73.4271 114.254 92.1968
996 71.7215 94.6433 107.395
997 76.5896 115.104 102.975
998 67.485 101.984 120.457
999 62.1552 115.27 115.676
1000 76.5007 107.675 120.348
1001 65.1388 94.2371 120.911
1002 90.818 90.8065 120.401
1003 57.9819 90.4272 117.154
1004 85.0936 115.11 109.795
1005 50.8314 115.236 112.923
1006 95.8259 104.917 111.243
1007 72.3612 105.935 115.814
1008 113.922 12.5575 0.886952
1009 105.645 19.852 4.18602
1010 87.8859 19.3003 7.16915
1011 106.641 -0.373911 10.2155
1012 89.1617 3.32026 -0.549942
1013 96.7306 17.2652 10.065
1014 93.7435 20.2682 9.99131
1015 114.309 24.3009 13.356
1016 108.33 1.13281 28.3762
1017 100.104 0.227051 33.3681
1018 92.3031 11.5211 9.84691
1019 94.5222 0.832394 26.5704
1020 91.7233 21.6384 17.3142
1021 71.1273 12.6742 20.9141
1022 100.177 16.2304 29.914
1023 113.082 5.60914 43.7797
1024 105.76 7.75315 39.3856
1025 101.519 26.6139 40.1512
1026 93.2491 20.7067 34.1319
1027 91.9157 0.665838 29.1664
1028 89.2045 24.67 26.2504
1029 86.1302 14.0083 45.2704
1030 90.2726 21.6759 58.3851
1031 75.066 6.15211 66.7027
1032 113.074 8.69959 55.1991
1033 104.492 16.2696 64.4249
1034 99.9724 20.404 68.8487
1035 83.2529 1.51999 53.4256
1036 105.438 16.7963 48.136
1037 94.294 0.748032 41.2743
1038 100.181 23.0979 68.7892
1039 98.5332 10.6197 79.5393
1040 113.122 14.3008 46.3651
1041 94.9458 1.91434 76.6234
1042 111.187 2.0182 79.4496
1043 82.3716 1.28686 38.1174
1044 109.45 0.980011 70.6411
1045 100.187 25.9208 68.6991
1046 95.6761 8.00717 67.7605
1047 79.36 10.5052 83.006
1048 102.642 1.89227 88.731
1049 113.353 7.88796 94.2325
1050 105.656 1.79145 70.7971
1051 96.8338 14.9332 77.8245
1052 112.976 9.28548 73.8429
1053 113.138 14.6043 79.0153
1054 94.5756 1.99541 88.7437
1055 88.6489 1.75796 67.7773
1056 89.1876 11.8167 96.2142
1057 108.499 1.90475 90.7112
1058 97.0006 2.08888 88.1651
1059 96.8091 18.3472 83.7202
1060 97.1522 25.0489 86.8945
1061 105.369 26.0969 80.7675
1062 84.9178 17.9169 94.3274
1063 109.04 1.92674 94.1193
1064 82.5045 0.413423 99.4556
1065 100.398 6.53241 98.6513
1066 100.648 5.07559 109.759
1067 115.305 13.855 110.196
1068 113.706 5.23523 120.506
1069 100.179 16.2181 94.9988
1070 91.9829 35.5382 -0.729972
1071 89.3228 43.2394 -0.694749
1072 92.3426 18.8005 2.76695
1073 99.6769 45.9405 15.5514
1074 100.75 42.6467 2.63026
1075 99.3826 44.4514 3.8003
1076 104.21 32.7446 11.0546
1077 86.6157 31.7373 11.3498
1078 102.885 38.463 11.1233
1079 92.2508 47.2228 22.999
1080 92.4027 50.1652 25.9701
1081 113.735 55.4155 16.2599
1082 80.6066 41.6456 38.2789
1083 113.205 44.4456 51.4714
1084 113.727 21.5191 18.6068
1085 95.0011 44.1979 29.1648
1086 92.8525 40.7426 39.6238
1087 113.939 38.616 21.2042
1088 102.109 54.3242 18.4917
1089 98.552 26.9254 40.19
1090 83.8295 29.8952 23.2027
1091 85.9435 26.1887 47.5895
1092 94.4035 14.6529 57.3005
1093 99.7141 34.0266 53.5542
1094 97.164 31.3256 65.7175
1095 101.24 57.4171 42.6828
1096 87.2877 46.2611 42.5919
1097 104.188 26.489 40.1409
1098 95.6171 32.1286 51.9112
1099 113.091 34.1 67.3912
1100 95.5915 35.1315 58.0076
1101 101.551 38.1478 51.8257
1102 112.954 6.06461 61.6378
1103 95.7657 26.8544 58.2064
1104 97.3075 50.5415 65.2313
1105 90.9332 34.5086 74.7098
1106 101.325 32.5902 67.1597
1107 87.2716 21.4096 58.3848
1108 95.9615 25.4966 54.8142
1109 113.185 33.0082 37.2857
1110 113.344 6.85353 100.54
1111 104.284 44.0819 66.9988
1112 113.198 17.9369 85.0123
1113 105.433 37.163 62.5089
1114 89.948 41.5449 72.8353
1115 88.8713 37.6346 83.8125
1116 115.457 31.3365 104.19
1117 91.5554 37.29 77.7468
1118 104.019 38.5589 76.1885
1119 84.4702 24.8597 82.3232
1120 73.2762 42.0901 85.8945
1121 91.703 49.1284 89.9404
1122 92.8866 33.7771 85.4501
1123 94.8183 48.7141 104.669
1124 87.2596 36.4215 82.5576
1125 109.978 44.902 97.2826
1126 112.983 42.4393 72.8129
1127 92.2451 31.5685 107.728
1128 99.1683 33.8614 97.0431
1129 102.39 44.6399 111.664
1130 111.222 25.0163 120.464
1131 113.853 39.4092 120.298
1132 107.918 46.2413 100.917
1133 115.272 42.519 110.274
1134 105.122 44.9908 120.671
1135 105.044 35.004 106.121
1136 84.9744 59.4003 120.936
1137 92.1754 55.1124 8.27657
1138 106.626 54.1016 12.5853
1139 91.9436 52.6339 -0.548536
1140 102.952 57.0445 15.3357
1141 113.243 35.4339 28.0412
1142 113.343 75.4561 60.7347
1143 114.04 66.8631 9.17561
1144 90.6604 53.7375 12.6851
1145 89.3712 52.4398 14.1198
1146 113.285 58.7591 39.2184
1147 113.828 50.7871 15.4942
1148 102.413 58.3317 8.29019
1149 98.7565 76.6358 36.9714
1150 83.4593 61.3921 20.103
1151 83.3765 57.8153 48.574
1152 103.213 53.3468 25.9608
1153 98.6438 51.6604 36.6924
1154 89.2991 75.7571 31.7161
1155 94.8305 50.2806 35.0219
1156 83.7042 73.1511 37.9747
1157 113.171 56.016 28.3413
1158 101.316 63.0034 49.02
1159 96.8897 69.2884 47.9655
1160 113.201 62.3195 33.7621
1161 113.187 55.1807 57.5739
1162 95.6556 49.0998 57.6585
1163 94.1536 50.4479 65.2116
1164 95.7726 46.4413 57.7172
1165 113.243 64.0862 54.615
1166 100.597 58.4792 31.958
1167 112.965 39.7769 70.2199
1168 93.5177 79.0521 70.6519
1169 114.879 71.3159 101.054
1170 104.35 62.7985 51.9677
1171 107.085 54.811 69.7756
1172 113.448 53.1977 63.1327
1173 91.2035 55.7383 68.1732
1174 98.6414 54.6874 54.7443
1175 88.7165 53.1099 71.8009
1176 98.541 76.6044 61.4973
1177 102.029 68.2661 79.6464
1178 84.6585 64.2714 88.4909
1179 91.3582 45.264 62.2656
1180 108.483 48.2533 68.4691
1181 108.972 56.3882 71.4415
1182 92.9877 53.0312 85.1826
1183 103.417 43.5108 92.7929
1184 89.7108 55.767 78.8908
1185 77.9931 60.175 90.0459
1186 97.2143 51.0506 77.52
1187 113.611 75.1188 79.2963
1188 113.158 45.8415 78.9296
1189 115.48 42.6901 101.36
1190 113.986 53.1107 68.4411
1191 106.77 70.3484 93.7704
1192 84.9755 55.6901 106.145
1193 114.993 48.0153 98.7939
1194 93.3832 66.4288 100.036
1195 107.533 47.8911 97.0592
1196 94.91 63.1097 92.7903
1197 82.2341 63.1991 103.897
1198 99.4319 63.2691 101.279
1199 93.0014 64.5352 88.2512
1200 99.2226 60.5068 103.19
1201 84.5135 56.4045 114.898
1202 87.5235 59.113 114.748
1203 108.073 56.6015 120.374
1204 98.3669 68.899 110.21
1205 93.7414 57.0136 120.747
1206 108.077 64.818 120.24
1207 81.3526 83.7434 -0.85866
1208 89.1913 80.5875 -0.878521
1209 100.878 90.0087 7.99445
1210 113.766 75.3944 3.50112
1211 86.7139 88.4192 25.4444
1212 106.564 82.4395 10.5747
1213 86.5063 80.4847 -0.974706
1214 78.0147 69.8165 19.8409
1215 86.3979 76.8434 10.567
1216 113.819 87.0232 0.651306
1217 112.208 88.7022 28.6684
1218 113.197 70.0447 30.7079
1219 98.1341 83.8584 25.4081
1220 73.5811 71.2114 21.5665
1221 101.677 74.1962 24.049
1222 112.062 105.06 28.6612
1223 92.8148 75.8972 25.5571
1224 77.4166 86.7699 11.0569
1225 89.5433 70.354 16.8195
1226 103.948 79.3512 52.5485
1227 105.294 77.5344 38.9465
1228 101.71 65.5209 61.153
1229 91.8694 81.4429 31.3209
1230 100.61 78.2797 31.5768
1231 89.4493 67.4167 37.6978
1232 113.242 70.1128 33.8967
1233 78.4569 93.2951 40.1669
1234 93.896 75.2362 45.0944
1235 93.7026 72.5095 48.2423
1236 92.0103 92.287 69.0886
1237 91.046 80.9224 54.2935
1238 112.729 89.1921 48.9394
1239 96.7022 89.3226 51.0802
1240 93.1135 84.9356 64.8085
1241 101.932 71.2458 64.2997
1242 87.6365 79.9864 71.0629
1243 113.711 78.3093 85.2222
1244 91.8291 74.8212 69.2212
1245 113.296 87.2548 57.9577
1246 103.657 81.2386 74.8383
1247 113.59 69.6136 69.2672
1248 89.9464 93.0173 52.6895
1249 92.8763 78.1968 84.65
1250 113.343 66.9062 66.8909
1251 93.2454 87.204 93.7963
1252 90.4665 73.3632 70.774
1253 113.42 64.4245 79.8065
1254 97.7198 69.6844 62.8018
1255 90.3944 78.5323 84.925
1256 114.474 73.0485 93.5102
1257 73.2924 83.8919 82.3999
1258 115.66 73.4559 116.304
1259 90.2495 84.0761 90.836
1260 92.2568 85.7916 95.3889
1261 114.111 69.0714 94.5589
1262 90.6249 92.3871 96.7363
1263 86.4327 75.2236 107.485
1264 91.8327 74.4183 86.594
1265 102.163 78.2039 105.382
1266 107.819 76.3231 108.433
1267 88.1749 73.7293 120.49
1268 115.348 73.8378 107.062
1269 93.784 69.1477 121.285
1270 115.362 87.6816 109.746
1271 107.901 79.4294 108.406
1272 96.3568 85.1182 114.223
1273 93.3213 85.1855 114.328
1274 109.277 81.6318 115.652
1275 93.5493 60.6118 107.356
1276 115.34 82.2 112.819
1277 96.5248 88.0095 120.445
1278 82.4046 80.565 112.354
1279 105.27 90.5075 111.173
1280 105.132 76.2324 117.12
1281 110.848 92.3557 6.47818
1282 95.0865 114.164 12.2103
1283 112.088 114.151 6.30783
1284 113.966 97.6246 14.7856
1285 99.3837 109.576 12.9807
1286 106.125 103.459 19.9003
1287 107.563 105.03 18.3313
1288 90.3087 96.7362 36.2998
1289 102.792 63.8808 -1.30136
1290 112.034 102.282 22.7575
1291 104.513 101.647 22.1317
1292 88.8886 106.446 31.6763
1293 112.127 101.142 45.9734
1294 104.203 112.546 27.8586
1295 90.3968 112.624 37.5896
1296 94.9953 92.3129 28.4118
1297 85.4042 97.0635 35.7939
1298 112.333 86.0742 31.7354
1299 103.32 101.536 49.2385
1300 97.9735 87.2248 43.5258
1301 82.685 97.7652 35.4346
1302 72.828 98.3676 49.7788
1303 96.1827 102.703 50.9592
1304 112.672 105.707 47.8925
1305 113.885 99.2088 78.5282
1306 106.318 113.649 79.0543
1307 102.375 91.846 53.7583
1308 94.3184 103.013 59.8289
1309 112.654 111.963 60.7167
1310 80.6811 94.5676 66.7349
1311 84.2401 100.685 75.5206
1312 113.591 92.4421 69.6395
1313 105.842 114.194 65.1044
1314 87.4158 114.07 87.8033
1315 112.275 102.306 42.9429
1316 105.737 97.4441 65.535
1317 101.252 95.3718 89.9892
1318 92.3605 113.991 78.5602
1319 89.2626 102.949 98.1149
1320 91.4279 79.4229 83.1808
1321 113.55 80.8211 75.5293
1322 114.058 92.7575 87.8858
1323 113.89 92.7575 81.748
1324 79.8511 99.5376 120.401
1325 92.9746 92.9438 93.6173
1326 113.603 78.149 81.8417
1327 81.7546 95.9136 96.9171
1328 115.424 90.4729 118.265
1329 114.096 112.063 88.7415
1330 100.087 106.011 100.756
1331 82.5885 114.743 100.721
1332 91.8059 103.118 101.038
1333 96.3041 110.306 108.155
1334 103.564 96.2159 111.027
1335 87.7022 106.964 108.345
1336 114.306 104.71 119.783
1337 115.223 101.46 115.054
1338 115.15 101.783 112.014
1339 105.473 110.286 120.185
1340 115.047 109.946 100.591
1341 85.2207 94.6701 101.634
