0 8.37696 21.8232 -0.162493
1 11.4591 1.92011 -0.183162
2 17.2025 18.3562 11.9632
3 28.7102 -1.53053 3.3018
4 27.0803 2.7694 -0.181139
5 9.44331 2.57004 3.83093
6 -0.280733 9.66873 1.5397
7 11.5837 6.79518 11.7578
8 21.4596 10.9145 -0.203135
9 -0.455042 13.8505 1.49336
10 3.68878 5.95071 29.6691
11 -0.176505 37.546 16.6039
12 40.0429 31.0304 18.0089
13 11.0588 14.1036 -0.407344
14 -0.417445 33.9663 12.884
15 39.4758 35.5595 20.812
16 34.3098 -1.36848 14.1063
17 18.0451 -0.740051 62.5637
18 -0.159933 19.7487 14.7391
19 59.1196 -0.69312 55.6598
20 28.3811 -0.670167 50.7108
21 -0.601071 84.3289 10.4083
22 16.8943 13.3785 58.5774
23 24.9621 -0.436348 73.3217
24 4.68327 32.9494 71.4799
25 11.5558 -0.85754 43.5164
26 6.68145 28.2297 -0.343489
27 -0.139889 30.4102 13.2612
28 74.3748 64.0568 23.3366
29 4.98855 4.63287 76.9862
30 5.20427 46.6201 47.811
31 4.99249 56.2871 41.8923
32 4.66822 -0.947716 20.8449
33 43.4557 -0.40658 75.7666
34 0.0700154 32.7946 122.367
35 37.6151 -0.495316 79.6033
36 18.0764 -0.853328 56.9032
37 77.6022 -0.659077 46.7581
38 5.17799 8.51636 67.8281
39 32.9466 -0.332733 90.3357
40 33.3478 -0.823954 60.8031
41 43.4787 -0.133212 78.5608
42 0.632083 12.213 106.777
43 40.8936 -0.700338 119.643
44 43.0035 82.8231 76.8824
45 20.8121 -0.485748 111.371
46 5.0412 17.9679 40.7738
47 2.37885 37.0557 91.7563
48 58.5259 50.7676 100.268
49 27.7228 15.1595 119.527
50 13.3959 -0.375384 89.8793
51 26.9785 -0.295193 98.2884
52 35.1997 -0.362616 102.735
53 76.0259 -0.232398 76.827
54 6.15752 2.75428 125.755
55 14.915 -0.410102 73.7945
56 8.73462 28.3134 87.235
57 19.1465 25.1425 113.398
58 21.545 -0.639004 97.282
59 37.6771 -0.70078 114.219
60 9.62412 5.40763 120.046
61 8.0155 -0.588897 121.593
62 29.0266 15.0903 125.822
63 20.6445 10.7504 125.807
64 0.432372 0.451863 122.664
65 0.948718 -0.741766 118.064
66 18.1314 43.2514 11.637
67 22.7303 38.61 9.08477
68 10.6768 24.7359 7.53873
69 4.15964 41.9271 10.7584
70 27.564 20.809 19.7308
71 4.11439 39.9337 8.67087
72 28.2662 38.631 -0.645403
73 22.9938 29.3176 -0.600058
74 3.05217 81.3815 23.8257
75 2.45215 39.3426 30.713
76 5.17909 32.3946 67.315
77 4.95994 90.8337 48.3067
78 5.54636 10.1329 31.8947
79 1.96898 6.37857 82.95
80 2.65892 107.633 26.0396
81 5.29305 14.3471 39.9864
82 25.3095 -0.44935 38.9625
83 37.7406 52.0498 24.1017
84 3.24714 22.5596 80.6008
85 5.06403 22.823 57.4182
86 43.5575 44.127 32.2588
87 56.2221 43.5634 52.3841
88 37.2515 64.5459 65.6101
89 4.79508 48.9492 67.3084
90 5.19247 0.775906 51.4619
91 60.2774 90.5907 52.1171
92 3.35008 16.1297 79.2195
93 37.9952 -0.453734 49.201
94 8.45645 33.5986 -0.356602
95 63.0105 25.5304 57.1868
96 58.6048 53.7234 86.4959
97 63.8354 59.688 31.5799
98 49.4805 14.8211 32.2064
99 5.12404 33.4685 73.3218
100 4.80416 66.1823 60.8109
101 61.6968 -0.329166 68.1626
102 5.0433 18.024 61.9624
103 62.7855 82.1065 75.7826
104 71.7191 41.5695 55.2185
105 14.1034 -0.870212 38.2129
106 66.0076 57.7254 108.539
107 38.7855 23.4014 58.936
108 0.735695 28.7862 18.167
109 -0.218206 42.277 120.703
110 20.3211 -0.609844 83.5971
111 4.7499 27.84 67.2715
112 79.298 74.6889 103.768
113 1.32968 68.6867 93.8413
114 0.983909 32.2967 101.682
115 0.542173 101.844 106.152
116 0.159408 70.5889 108.555
117 26.3494 68.4643 73.2223
118 1.50709 94.3643 22.8664
119 18.8745 55.2705 118.564
120 4.87061 42.9053 74.1203
121 2.63386 34.5506 93.1552
122 0.986758 43.0889 104.311
123 0.099574 6.02696 113.133
124 1.16319 26.2927 95.1556
125 30.1125 25.4624 111.663
126 21.6033 56.1775 125.46
127 21.7802 46.2284 118.213
128 14.933 22.2223 125.884
129 18.8091 45.8605 117.673
130 6.08574 34.3524 125.571
131 7.51668 37.2393 125.528
132 27.463 28.9584 104.095
133 23.3235 27.9273 118.264
134 16.8816 67.9497 14.876
135 3.95713 60.9997 -0.350306
136 22.6323 66.9368 -0.929746
137 21.1235 60.961 12.8485
138 9.88268 57.7503 18.1157
139 -0.528258 68.0728 10.893
140 57.1516 54.8621 15.6242
141 -0.686553 59.6403 11.0051
142 4.12472 27.2234 -0.0896713
143 -0.502672 0.0240183 3.18824
144 30.5331 -0.702489 67.8867
145 0.801425 108.713 17.0131
146 32.4797 75.3419 19.7044
147 1.65722 51.936 24.9546
148 1.10642 87.4135 18.0714
149 23.4378 74.7248 46.0602
150 6.21637 84.0751 44.6162
151 -0.407317 64.1609 14.9212
152 27.3885 77.3997 60.6551
153 14.9992 69.3856 36.9318
154 30.5923 -0.811167 56.3722
155 55.1676 42.1687 52.2071
156 2.22063 7.44726 25.4159
157 2.36984 95.0438 93.5464
158 3.0368 30.2426 84.7288
159 39.1097 29.9617 19.4597
160 29.2163 74.2253 62.3377
161 46.326 75.2461 50.0421
162 11.7129 113.298 65.9096
163 5.07533 4.13871 34.6524
164 6.04054 100.337 60.6621
165 67.3708 43.6689 59.3904
166 4.93674 59.5956 42.7424
167 5.35706 62.7518 88.431
168 34.0659 15.3848 67.3035
169 5.17947 40.3504 67.5281
170 6.10624 92.4886 73.38
171 16.3123 39.5718 109.688
172 35.8054 65.24 66.9339
173 73.8211 60.4089 104.423
174 4.44153 78.9848 78.8967
175 16.6067 84.6083 125.324
176 64.1671 83.3874 104.106
177 35.4091 87.7638 85.6749
178 4.50183 60.1395 84.2415
179 55.7943 7.04238 100.742
180 3.31162 28.7116 82.4271
181 2.72926 75.2299 89.1512
182 11.8408 99.4624 125.044
183 1.05244 56.2613 102.22
184 36.4561 45.4492 108.964
185 4.18063 41.6621 79.3304
186 0.0171563 61.2302 106.287
187 3.11985 68.5895 114.906
188 6.20595 114.106 23.9284
189 23.1746 51.8075 109.539
190 4.99222 47.7962 115.619
191 -0.172436 66.8567 123.935
192 11.4777 63.5393 116.71
193 18.7852 68.5859 125.331
194 0.104676 50.947 116.807
195 8.92893 59.5989 125.383
196 17.7174 53.753 119.33
197 20.4648 51.7126 121.437
198 28.7585 62.399 125.453
199 8.29088 64.6319 10.4921
200 9.12697 91.6325 11.3815
201 16.6736 80.4458 6.21954
202 13.0541 73.5689 17.5724
203 28.3841 77.8198 8.81578
204 10.3376 75.3502 11.4892
205 7.75937 85.8245 -0.588188
206 14.1845 73.4729 15.2685
207 9.8576 74.5089 18.8187
208 18.4189 71.3882 11.2837
209 21.9106 113.611 34.5762
210 78.8674 68.8751 25.3307
211 37.1705 60.9967 19.0972
212 36.9317 59.2035 22.3737
213 1.96488 57.928 26.9072
214 22.8298 93.8408 17.5001
215 6.29266 90.3462 58.9962
216 108.829 61.1644 57.4203
217 5.34877 42.2709 44.5808
218 4.27615 84.0406 80.0476
219 5.10292 36.1597 42.5237
220 -0.390558 47.91 2.79753
221 22.5048 43.3523 32.4083
222 0.827549 0.544125 109.895
223 35.0224 89.2114 -1.44501
224 27.1726 43.2792 -0.777623
225 0.178177 101.353 109.618
226 29.1683 46.8745 24.5795
227 24.7042 113.403 29.2641
228 13.3712 113.508 24.4883
229 1.88022 72.0389 24.6701
230 0.650016 100.63 97.5172
231 8.55437 -0.689975 47.6122
232 6.22966 115.135 29.7181
233 5.20025 22.3868 61.5901
234 3.35296 64.7526 31.1661
235 26.4679 72.2535 62.6441
236 37.4819 61.6636 52.2833
237 29.2707 35.7193 54.1973
238 2.3553 88.5352 91.0182
239 1.56053 0.843502 93.6323
240 73.6403 76.706 22.5523
241 23.941 76.4517 63.2058
242 6.00951 84.3988 69.1858
243 5.76765 104.424 77.6759
244 25.1149 114.024 95.6308
245 -0.454977 21.867 4.64896
246 80.1911 61.1904 50.9058
247 35.4999 85.9877 83.6834
248 44.8461 81.5231 54.6634
249 2.79167 37.9644 88.1064
250 59.0091 43.8636 88.7626
251 5.80811 104.406 74.0279
252 0.374107 24.1989 110.628
253 6.86073 89.8136 96.4128
254 6.40323 78.1718 50.0452
255 0.786451 87.3323 103.094
256 52.8029 113.62 72.875
257 1.19244 72.6976 101.565
258 7.13593 114.288 112.237
259 3.59251 35.3384 85.6875
260 3.06791 104.935 31.156
261 5.76578 78.2507 72.0784
262 9.89175 114.69 95.4647
263 0.252306 4.30241 122.467
264 0.0813013 55.3652 116.337
265 2.52397 57.0211 99.9142
266 3.38252 44.6399 82.9136
267 0.799934 47.4884 104.597
268 3.14368 36.461 78.8541
269 20.6928 43.6631 103.029
270 -0.0200104 105.457 122.197
271 14.4958 87.7103 125.196
272 21.7993 68.6943 125.471
273 10.0899 77.0082 125.439
274 9.06698 83.9104 125.227
275 25.8651 72.0221 109.19
276 30.1685 76.4484 104.922
277 41.5806 80.7329 125.238
278 25.0496 110.243 -1.19404
279 26.8597 95.4836 9.2417
280 12.3072 89.2017 -0.556095
281 6.58019 113.771 7.71138
282 16.6424 113.611 10.521
283 0.505001 97.305 -0.439918
284 96.6563 88.4449 22.6983
285 4.86891 66.5561 57.571
286 28.2993 113.804 5.28152
287 33.2472 113.305 47.4862
288 -0.101736 76.0124 15.1277
289 0.345781 97.9032 17.515
290 1.35844 94.7259 19.0842
291 7.47536 113.577 20.2448
292 4.52411 54.5467 78.0
293 -1.03072 100.476 2.48588
294 13.2132 113.444 62.6808
295 -0.761355 112.192 5.93349
296 -0.672264 110.176 11.7457
297 52.0013 104.774 28.0655
298 19.1239 113.356 25.703
299 5.83627 77.7558 76.7628
300 4.75835 99.6098 83.5457
301 12.3853 113.7 11.5064
302 6.42619 84.2213 48.8909
303 16.2167 113.546 51.4583
304 32.4502 114.094 96.4533
305 43.9438 111.768 26.7022
306 33.669 111.614 23.7319
307 34.162 114.089 10.2914
308 37.7199 113.845 33.1543
309 16.5557 94.1241 -0.634104
310 56.1739 71.9488 63.3904
311 9.82749 114.1 11.3486
312 34.693 113.363 36.9644
313 19.0954 113.433 58.6488
314 7.78038 114.271 98.1051
315 4.76465 98.4426 43.9206
316 17.5598 113.358 61.6727
317 5.33521 69.7305 66.4373
318 4.84533 86.0461 35.7142
319 12.3368 113.473 34.9637
320 5.83713 110.014 63.1268
321 10.2073 114.332 108.501
322 5.76856 110.379 75.5507
323 29.3391 113.406 28.6227
324 2.23825 112.981 94.979
325 39.1741 74.2629 40.1791
326 4.84628 67.6401 49.7799
327 3.34494 114.532 114.829
328 26.0086 111.248 124.947
329 42.4342 113.919 95.3991
330 22.9107 113.567 78.4864
331 18.9186 114.689 123.77
332 72.5654 83.6554 69.616
333 2.44633 107.218 93.1411
334 -0.110671 109.562 117.899
335 -0.174129 69.3373 114.233
336 1.04555 32.2606 98.2942
337 57.1283 52.2353 61.6661
338 28.7724 114.416 118.655
339 25.9764 107.236 125.069
340 -0.0563528 99.4642 112.654
341 17.4662 104.176 111.493
342 14.5592 106.791 119.508
343 31.2922 12.6962 -0.456526
344 30.628 8.55173 9.59695
345 55.8136 18.9779 3.45948
346 45.6553 13.0045 -0.382517
347 53.1043 -1.22744 21.259
348 42.7836 7.62825 22.5079
349 34.5488 14.1327 -0.299399
350 40.2171 19.1468 10.8876
351 45.2913 24.7268 7.1717
352 38.114 4.31847 28.3602
353 70.3398 -0.104235 73.745
354 32.3764 -0.721459 40.3147
355 53.7289 -0.70827 47.0673
356 90.5759 -0.902945 47.059
357 113.845 84.4786 21.9316
358 22.803 9.13331 4.65613
359 49.3649 13.7969 34.1206
360 -1.09672 52.8847 13.9697
361 69.061 -0.56436 57.9448
362 40.7744 44.5497 32.6056
363 25.8177 -1.30514 6.81396
364 41.5524 33.2638 19.6802
365 52.0798 -0.451288 70.3585
366 4.1781 68.0932 80.2717
367 36.9394 -0.816376 37.9187
368 31.8751 -0.519054 75.6499
369 53.4019 3.16287 75.8934
370 41.985 -0.273479 65.0961
371 1.2485 40.4299 93.7007
372 5.20073 14.5569 48.6203
373 57.7519 -0.218972 84.5675
374 71.1302 47.9773 80.3262
375 64.6178 63.5985 103.997
376 22.6294 -0.806204 60.4322
377 47.9063 -0.420976 59.471
378 59.3838 -0.300158 73.7829
379 13.2184 47.8579 79.3807
380 22.8535 -0.482872 91.0756
381 101.724 -0.314431 108.702
382 71.6201 27.6544 86.489
383 44.6182 -0.712657 113.42
384 60.2914 43.1474 102.364
385 40.5619 -0.456886 71.4968
386 26.6994 -0.448027 45.7001
387 54.7365 -0.681941 114.524
388 43.8773 -0.212741 97.2647
389 37.6836 -0.626926 58.6849
390 50.5656 17.1278 112.134
391 98.092 49.5843 100.551
392 19.322 -0.606781 80.0286
393 50.5412 11.8821 125.764
394 40.6102 5.95058 125.623
395 46.1025 24.1101 122.301
396 36.2564 21.126 125.751
397 36.2006 0.866604 125.723
398 44.544 -0.573908 120.128
399 50.5141 12.8371 117.262
400 63.898 -0.600687 118.192
401 53.1843 5.04368 126.008
402 28.4952 30.682 -0.608577
403 21.3462 36.8555 9.57226
404 31.3852 38.7833 5.07953
405 54.2649 37.4078 -0.924742
406 55.531 40.6155 -0.983902
407 51.3577 32.8688 17.5389
408 25.0388 34.8155 5.44922
409 45.7172 36.856 15.0052
410 31.4332 29.5411 -0.337693
411 46.8699 36.4906 -0.718208
412 31.3397 43.7342 9.97248
413 26.2055 43.1702 13.4406
414 42.4876 31.0944 20.3644
415 30.4015 22.1077 36.2044
416 57.9872 36.1081 33.1388
417 33.7457 38.9958 13.4021
418 35.6914 37.1239 13.5399
419 17.0002 -0.912672 42.0783
420 36.5179 37.0401 11.3624
421 33.544 1.06208 28.85
422 24.9258 45.0772 31.1572
423 50.5095 -0.313823 76.7345
424 46.2912 -0.655149 63.0362
425 58.6181 37.3951 38.227
426 68.6423 21.1518 48.9619
427 62.3506 -0.696636 35.8959
428 48.3786 35.8218 63.1508
429 65.679 52.7379 34.7885
430 73.2775 59.3681 38.6431
431 37.5216 62.9443 54.1679
432 39.8023 34.5186 27.3135
433 32.3068 57.1156 43.6735
434 3.95539 58.8842 95.9491
435 80.4836 13.568 44.4739
436 67.4072 59.9245 25.5504
437 52.0068 64.1431 40.7619
438 6.12208 26.6418 76.0484
439 71.7449 39.4883 55.0629
440 29.6262 73.0666 75.4335
441 29.2926 35.571 56.2317
442 54.2883 17.8454 84.568
443 30.5505 71.9018 60.3049
444 52.6793 71.3493 65.3591
445 7.01167 -0.660119 60.7786
446 106.946 -0.734752 17.0801
447 75.8091 -0.703399 48.9111
448 22.3887 25.4585 99.2554
449 24.4604 -0.44711 85.9243
450 30.3497 49.2243 62.9828
451 29.2384 86.552 25.7495
452 36.2137 67.3623 64.8558
453 1.87637 83.6133 22.2219
454 35.4456 36.7594 102.182
455 62.8909 52.8694 104.644
456 81.7358 73.5365 92.7093
457 50.1763 51.8548 60.8324
458 86.9318 22.9874 94.1075
459 69.495 55.2937 106.591
460 52.8246 86.6531 91.6769
461 60.5473 63.7872 97.0438
462 70.692 1.25962 103.293
463 64.4645 68.3904 97.5851
464 26.4079 61.9929 66.9988
465 21.7125 -0.766414 113.707
466 79.2691 28.0665 86.7417
467 98.6566 49.758 102.586
468 64.7543 24.9108 102.47
469 11.4722 6.98165 126.165
470 30.3604 50.3991 115.226
471 49.0756 37.6184 119.342
472 54.1616 33.6994 117.683
473 49.7707 33.8003 117.492
474 14.6328 17.8665 126.015
475 47.4876 29.3394 125.649
476 47.8079 37.909 115.606
477 43.1196 55.6682 116.9
478 60.6054 18.0465 125.783
479 39.0392 54.76 107.036
480 36.8676 62.8995 -0.807548
481 45.4641 56.213 13.6525
482 39.9841 37.9274 -0.580333
483 42.4896 53.4482 -0.969337
484 50.5358 63.255 41.8359
485 52.84 51.6208 63.0735
486 1.2139 78.0526 19.0684
487 36.3339 85.6376 43.7329
488 31.6211 67.2363 30.5346
489 50.9992 92.5839 34.9205
490 5.26216 70.7064 -0.437901
491 40.7437 90.5715 30.6265
492 72.7028 75.7428 21.2742
493 5.30133 26.0009 61.9513
494 25.9148 67.409 112.13
495 -0.917307 72.4423 3.11178
496 5.00652 40.8228 71.6437
497 30.5691 27.3502 50.0383
498 3.51361 66.6669 33.3124
499 29.4468 37.4389 56.2747
500 54.9398 53.4461 60.2854
501 33.8494 74.8953 60.4878
502 33.7062 74.6943 23.5331
503 36.1605 67.5014 62.7804
504 75.5352 73.969 80.4
505 49.2185 64.051 40.5168
506 11.4478 40.2433 86.5927
507 75.832 97.9649 94.7738
508 71.6486 77.3642 108.844
509 54.2637 32.6028 91.4466
510 1.20417 46.9723 95.6054
511 28.348 57.7433 73.3274
512 6.36858 90.2411 63.5063
513 4.57302 110.148 36.1051
514 50.9494 113.989 90.61
515 26.4985 47.4107 67.1317
516 67.837 30.556 104.864
517 68.4548 70.0879 73.8691
518 68.1758 91.118 105.639
519 16.6472 49.5992 73.2721
520 69.8469 74.6778 79.0009
521 60.1345 48.6541 100.167
522 64.9186 31.7494 109.234
523 79.0283 71.1956 104.141
524 66.7721 70.0482 95.0518
525 65.081 89.6524 80.0936
526 0.64426 39.9772 100.97
527 37.2022 99.979 94.2638
528 55.4827 87.04 91.398
529 4.42729 54.987 82.8654
530 93.0277 48.4117 107.064
531 31.9025 62.4764 125.604
532 34.6294 63.6121 112.98
533 54.8452 50.5709 125.525
534 40.0082 56.1901 111.38
535 40.3592 69.4172 118.128
536 54.748 58.979 112.753
537 38.2313 80.8836 -0.849559
538 44.028 85.1396 -0.97644
539 33.8664 86.8286 -1.08619
540 52.4665 73.6054 8.89487
541 48.5392 105.768 18.5865
542 32.7012 68.637 -0.802157
543 26.8358 76.9112 -0.900282
544 33.4232 64.2703 20.5506
545 110.252 86.3901 40.9429
546 66.5917 67.1162 27.7951
547 42.4885 92.7745 13.8277
548 67.2599 49.6452 19.2948
549 76.8697 79.5213 31.4698
550 4.83906 59.9805 37.9257
551 70.8311 57.744 38.1366
552 34.7479 93.3693 42.0504
553 19.027 113.705 67.1928
554 65.919 62.1644 25.5805
555 69.6237 114.19 15.182
556 1.80628 21.5753 19.9322
557 36.5656 62.6071 20.0615
558 112.904 -0.832153 3.77859
559 73.1515 62.6818 27.3228
560 89.7472 90.8923 17.7808
561 33.8884 62.223 61.5108
562 71.0337 78.0755 21.0677
563 70.765 79.5496 23.1622
564 1.06424 67.665 -0.162625
565 0.562371 62.5111 24.9395
566 3.36412 51.631 89.8057
567 45.3419 113.996 14.6436
568 69.2831 113.93 37.3457
569 31.8842 68.2983 66.8673
570 67.7104 62.8269 31.5312
571 9.39549 113.384 51.8014
572 34.7834 63.5703 62.8033
573 21.6117 95.4062 79.452
574 59.7624 113.726 83.351
575 42.3648 83.2758 31.2547
576 42.2758 45.6904 32.8678
577 35.7796 73.8665 58.6497
578 4.93092 96.2145 50.7612
579 64.135 75.0487 104.03
580 108.515 103.16 59.7104
581 68.4366 99.9808 92.6007
582 80.2284 114.481 108.776
583 64.5825 57.733 111.198
584 32.931 73.2469 75.427
585 5.60651 29.5373 75.136
586 68.1296 38.7182 109.066
587 53.8408 85.776 90.5441
588 37.4189 111.682 67.2942
589 5.00476 53.9386 48.85
590 42.1292 114.302 102.685
591 73.0018 65.9538 99.9776
592 0.223306 60.1283 110.921
593 78.6936 87.8801 94.3055
594 28.6713 114.612 114.811
595 8.88885 38.4828 125.509
596 58.8473 83.7123 113.789
597 50.4935 72.0224 115.215
598 66.4764 88.8259 81.0555
599 57.4107 89.1583 118.037
600 32.9191 77.917 116.992
601 51.7827 75.7179 115.969
602 2.16533 25.5075 89.8925
603 16.4051 113.956 94.1463
604 35.366 86.0137 85.889
605 64.5845 51.3839 108.445
606 73.7974 75.5354 109.587
607 11.0526 27.6865 100.721
608 58.2804 91.7187 66.957
609 31.614 74.8695 108.613
610 43.0626 85.7368 118.235
611 48.9977 67.7416 121.081
612 39.2381 84.5437 117.235
613 33.0828 72.9357 112.934
614 46.1209 79.0025 116.169
615 43.1933 78.9839 125.182
616 25.5027 90.0252 -0.761444
617 43.8905 112.521 -1.11586
618 55.3406 113.825 0.0216546
619 35.3608 91.7108 9.01881
620 51.0273 113.808 2.06289
621 40.7555 100.158 8.65455
622 56.7915 103.028 -1.37482
623 41.2169 114.083 19.3537
624 29.7165 100.198 8.39177
625 33.7153 113.867 6.29011
626 43.7614 92.0504 8.7591
627 39.0905 112.498 21.5085
628 40.9616 113.89 89.2906
629 67.7664 114.08 52.3911
630 27.8852 113.431 29.6147
631 34.009 90.2016 11.3326
632 4.82599 90.6992 40.009
633 56.547 114.134 21.6889
634 43.4091 113.494 41.189
635 79.7926 113.573 65.3381
636 35.8818 113.478 60.0521
637 8.99143 113.636 23.1254
638 76.5994 113.618 21.7344
639 114.137 72.7079 18.7216
640 69.9386 69.6966 76.0982
641 44.0667 113.918 7.27179
642 46.9224 111.632 75.1279
643 21.1093 113.718 19.806
644 66.5369 46.3002 22.1432
645 67.469 113.544 43.4813
646 4.90641 48.3711 42.6559
647 11.0345 65.4454 42.7983
648 56.8009 114.06 91.6312
649 31.6804 114.796 122.826
650 44.3385 113.586 59.283
651 45.4331 113.71 87.4473
652 53.9639 88.1023 91.0171
653 43.1454 113.853 54.2154
654 21.2023 93.8001 79.6204
655 36.3288 95.8356 49.8403
656 27.4974 63.7182 38.9697
657 4.57531 69.6482 83.7842
658 37.0058 95.9103 96.5198
659 32.5083 113.856 85.5475
660 13.1078 113.211 125.124
661 9.84438 113.695 89.3095
662 38.1524 113.881 88.0558
663 30.1869 112.958 71.7156
664 26.7317 113.923 85.1605
665 67.0664 113.612 72.6743
666 39.1913 113.882 95.5976
667 31.0242 72.6157 65.0051
668 3.37237 112.281 125.237
669 69.9465 113.848 60.2852
670 56.7699 113.912 79.1353
671 37.3623 94.7726 47.3269
672 5.54266 84.9917 74.3426
673 6.08893 74.7684 71.3275
674 0.498074 109.553 100.913
675 65.5304 113.725 86.481
676 44.2086 111.405 75.1328
677 4.54099 61.7198 125.114
678 55.6048 113.829 85.2143
679 35.3261 114.423 104.86
680 28.8845 103.248 125.263
681 47.4703 101.211 125.12
682 52.8865 109.393 125.08
683 38.8025 83.7813 113.825
684 56.0461 114.652 115.371
685 26.9881 114.846 100.897
686 33.013 114.527 119.78
687 41.7262 110.342 125.037
688 63.1558 114.756 118.676
689 54.5404 100.223 124.935
690 59.8884 114.988 113.273
691 75.7233 11.21 -0.626043
692 61.5735 15.0874 -0.399115
693 81.2873 11.2454 -0.61927
694 78.5228 15.3046 -0.658065
695 70.075 11.4308 -0.603235
696 58.3986 23.1813 19.672
697 78.6724 7.00629 11.6107
698 64.4366 26.4515 58.3127
699 59.3756 23.0542 9.34854
700 35.0125 -0.677235 54.1634
701 65.7407 -1.35536 14.2278
702 95.7216 31.8153 -0.974146
703 5.15804 0.721981 67.7429
704 75.4066 39.4939 -0.92437
705 51.5077 46.8532 -0.801797
706 67.7273 0.527199 99.224
707 43.9646 -0.703727 38.0725
708 53.337 55.4755 65.0666
709 47.8081 -0.601146 42.9618
710 49.2089 -0.317116 67.3362
711 64.3121 -0.870183 24.7995
712 66.3552 -0.644726 49.4534
713 71.2494 73.5818 19.0956
714 112.437 28.908 24.1087
715 65.9619 -0.496539 71.7367
716 57.9294 -0.431442 50.8448
717 46.4274 -0.562822 53.1416
718 52.7892 33.9027 93.0402
719 45.368 -0.318418 103.768
720 103.106 -0.651044 46.1336
721 88.1432 -0.0367801 93.2526
722 19.1714 43.6375 62.7311
723 97.2478 -0.530069 67.3146
724 72.1168 -0.625169 110.256
725 77.7729 -0.384749 66.2197
726 47.5708 -0.0397407 89.2791
727 57.8735 73.3973 40.0752
728 57.2448 54.6528 64.737
729 91.3166 11.4621 59.3026
730 63.4675 27.436 57.3349
731 70.3544 -0.424186 65.417
732 111.532 11.207 99.5233
733 86.4923 -0.476347 106.318
734 89.1071 5.77442 113.317
735 75.0818 9.04089 119.223
736 82.2739 20.4377 125.367
737 59.2342 21.0361 125.464
738 77.7319 15.0591 112.217
739 83.9718 23.671 111.295
740 82.0609 12.1221 117.104
741 63.4224 19.3008 124.373
742 64.7866 16.271 125.829
743 92.2602 19.6356 103.098
744 56.6686 7.23412 111.587
745 66.3895 5.92062 125.641
746 59.2942 -0.444872 113.224
747 74.8634 30.8333 125.43
748 69.9186 30.4531 13.7136
749 72.7665 43.5399 -0.949288
750 84.3439 41.4452 11.0282
751 75.6588 39.1974 9.04017
752 75.6375 27.4829 -0.630055
753 61.149 24.2449 -0.569134
754 69.5667 56.4365 41.4093
755 42.1335 43.2318 31.6671
756 65.2679 -0.525745 43.3078
757 24.7822 1.09509 23.9203
758 58.7594 45.5027 19.5367
759 37.8246 44.736 24.2539
760 114.299 20.0158 18.3656
761 53.1174 0.346449 21.8081
762 31.9191 43.2036 28.6437
763 78.4596 -0.845949 28.6666
764 99.1252 -0.314827 81.7003
765 79.2903 -0.567105 57.1969
766 67.7304 56.0901 52.4931
767 102.781 28.4223 18.2216
768 53.0364 -0.141076 77.684
769 106.352 24.6174 53.9723
770 107.223 -0.918961 4.89156
771 94.4909 -0.529547 59.0229
772 15.6117 15.3693 88.1336
773 87.8099 23.8779 92.8122
774 3.1992 32.4561 78.9114
775 53.3456 16.7377 59.9564
776 29.3452 19.8361 62.5843
777 55.012 45.6784 109.645
778 114.122 46.7765 23.9485
779 106.115 50.9835 80.261
780 37.4218 37.6911 80.0234
781 1.87567 18.2015 87.2519
782 47.3706 -0.205074 85.1262
783 96.0572 -0.191842 104.829
784 94.1596 11.9594 100.724
785 93.9327 84.9125 82.7552
786 111.232 36.7246 97.8344
787 66.2425 53.4347 108.754
788 27.8553 67.993 64.9158
789 64.7694 28.5811 106.306
790 66.2929 40.991 108.44
791 92.794 49.7247 104.924
792 66.6659 33.654 109.536
793 83.2148 -0.217112 71.5471
794 106.205 38.597 125.154
795 50.8426 42.0842 111.161
796 58.005 35.8551 115.698
797 93.8742 -0.464681 115.749
798 63.1488 41.7941 109.596
799 97.7204 31.3461 125.101
800 80.4304 43.3314 107.635
801 66.3981 34.7708 106.603
802 62.798 45.4082 108.412
803 79.2608 61.7214 102.091
804 54.6292 47.4998 125.659
805 64.9246 33.5419 125.448
806 67.1237 29.7453 109.576
807 73.6248 21.1783 125.581
808 64.5841 46.3659 106.791
809 85.009 41.8001 111.45
810 85.4835 41.5306 -1.00939
811 77.2553 59.1324 -1.23163
812 55.4946 55.7644 -0.907198
813 57.1101 57.7163 4.42427
814 56.9933 61.6849 16.6057
815 65.7492 44.8617 14.7282
816 48.8184 61.2803 14.9981
817 79.8602 57.7183 12.7159
818 65.6293 50.2147 7.54494
819 70.6768 59.5485 11.0285
820 82.3297 41.3446 13.1246
821 71.3241 60.2818 14.4244
822 60.4227 51.4321 8.9375
823 37.9968 0.793108 35.8378
824 106.316 67.2276 27.7297
825 113.733 78.7208 28.1756
826 64.0348 69.3369 10.9767
827 68.4988 30.2673 -0.713704
828 70.6305 53.9507 36.2074
829 58.659 47.379 21.3824
830 75.9437 76.1209 92.6072
831 101.257 64.7337 -1.22729
832 45.1475 30.0879 28.5306
833 91.4189 91.7745 58.7734
834 37.8179 66.4629 25.9731
835 113.438 108.638 30.4101
836 67.7832 64.7667 27.822
837 65.165 55.9364 32.4377
838 106.571 2.84831 72.5628
839 72.9242 40.1256 56.5459
840 39.2797 65.5486 48.0861
841 94.3854 65.5294 58.961
842 64.7521 45.6695 111.141
843 79.3096 28.1028 88.6911
844 59.4729 35.6296 76.0652
845 79.099 68.0298 97.0975
846 74.5871 76.8336 91.4899
847 21.5363 95.5097 81.483
848 58.7926 89.7339 52.5568
849 65.3088 47.3889 108.924
850 115.004 99.6636 111.77
851 0.225468 22.6552 120.617
852 74.6335 64.1796 97.1967
853 94.7543 65.6783 60.9148
854 66.4019 47.3118 106.811
855 80.6407 75.9821 90.7419
856 67.196 63.89 88.5219
857 2.9038 24.8085 87.3638
858 40.2029 -0.320504 88.1931
859 54.6172 24.1432 86.9561
860 66.3217 99.2693 104.076
861 39.4181 73.9386 103.022
862 62.3714 72.9291 104.227
863 113.708 16.6794 125.19
864 64.9989 54.3898 109.698
865 81.5724 41.7686 107.428
866 51.9934 53.4275 59.2266
867 77.579 62.4225 109.01
868 83.5162 62.3392 111.248
869 80.5699 54.2055 111.395
870 81.8965 49.9919 125.458
871 70.3312 65.8762 125.23
872 73.5888 61.9554 125.365
873 84.7981 64.2787 109.115
874 89.1877 50.4954 125.302
875 83.2082 63.6278 125.313
876 79.8222 74.9605 8.08702
877 66.9435 74.2413 5.29394
878 83.972 77.8211 4.66971
879 65.4205 82.1266 -1.34983
880 67.0335 88.2391 19.2082
881 68.1842 78.0583 -1.46791
882 71.3694 77.6958 22.8358
883 59.9921 71.8764 2.44925
884 71.4307 66.1141 -1.10907
885 58.3757 92.5279 11.4415
886 65.8671 64.2331 24.2021
887 64.372 77.604 12.7794
888 110.477 80.8914 46.8237
889 88.5354 58.2768 29.3453
890 104.465 32.8153 -1.01381
891 50.3803 81.4539 48.3696
892 57.4461 42.3454 51.2848
893 107.731 113.933 22.5852
894 112.297 79.0458 34.317
895 65.0849 45.8481 23.1482
896 114.237 38.8609 16.6864
897 68.456 71.6744 76.1437
898 83.3691 85.8131 35.8404
899 58.6978 91.6337 52.3919
900 100.579 61.9449 29.7091
901 104.412 47.585 -1.22997
902 65.3783 87.9201 82.0398
903 80.7919 113.704 80.1192
904 108.771 60.7883 53.8511
905 111.078 10.0797 24.3171
906 58.0641 93.5989 65.3624
907 111.278 97.6071 101.452
908 40.0769 113.5 58.202
909 45.3475 82.8692 76.4987
910 99.7494 113.719 52.7111
911 26.3526 113.568 36.5241
912 61.306 78.867 99.8952
913 59.794 92.9229 65.7702
914 15.9787 89.6553 64.4439
915 108.745 46.8606 67.8215
916 115.498 66.796 118.95
917 54.6459 55.0704 60.8307
918 64.4714 55.0268 104.929
919 76.1338 73.8724 82.2646
920 88.9102 55.029 108.115
921 105.308 113.838 57.5522
922 94.0387 49.0294 105.855
923 107.995 57.599 93.4158
924 108.039 59.6324 91.4031
925 84.0746 93.997 83.7578
926 78.8958 84.2277 94.8061
927 68.2767 57.3556 110.234
928 2.51873 58.9585 98.0762
929 57.9713 84.4639 117.192
930 58.961 82.1959 125.304
931 76.6962 76.5031 119.336
932 67.572 80.986 124.972
933 71.6827 78.3301 103.085
934 76.1186 78.3642 125.148
935 66.2118 87.5405 125.014
936 64.228 74.4073 111.062
937 67.6796 90.1947 125.118
938 85.5457 99.2781 7.16496
939 56.8946 90.1041 -1.19443
940 61.2216 106.17 16.7479
941 69.7638 84.1654 -1.24555
942 42.0503 83.3487 29.433
943 64.1857 113.568 23.4526
944 96.3684 113.737 29.7326
945 96.7795 72.0129 18.7627
946 50.0341 113.987 7.07436
947 74.5898 113.838 40.2094
948 64.0311 91.3753 13.1534
949 -0.539077 100.45 14.0121
950 103.024 114.007 31.9709
951 73.3201 113.663 34.04
952 50.2817 114.375 107.1
953 95.0053 113.841 24.7434
954 33.4348 84.0465 50.0463
955 36.669 111.859 23.8526
956 113.756 85.174 26.2336
957 70.5798 113.78 29.7027
958 61.5123 113.701 59.0245
959 84.05 113.651 71.7152
960 82.3512 69.8067 67.3425
961 62.8707 113.731 49.9398
962 76.885 113.788 87.5243
963 70.1326 113.812 76.0754
964 49.14 113.519 41.3493
965 77.0474 113.883 62.6515
966 94.0105 114.242 4.86937
967 74.5984 113.716 57.1468
968 79.0663 85.288 52.3084
969 79.7419 113.77 87.5314
970 110.43 113.789 30.2154
971 84.2733 113.868 75.896
972 65.083 -0.511212 109.157
973 17.9769 113.941 92.057
974 57.2103 113.591 52.9168
975 76.4247 113.743 26.041
976 107.816 102.775 94.6464
977 65.6101 113.525 62.6419
978 51.5981 80.355 49.0827
979 52.6913 83.04 83.6683
980 110.438 31.4498 32.0601
981 115.14 93.2524 121.302
982 41.0945 113.818 81.0433
983 59.7367 113.672 66.6565
984 74.111 89.45 88.5602
985 67.5467 114.87 116.37
986 75.5648 111.547 98.8926
987 80.6752 113.869 77.1386
988 77.2247 77.275 91.8365
989 77.2611 67.9156 99.4489
990 79.1575 81.2386 97.7749
991 74.5058 114.712 118.279
992 73.2471 87.6591 117.945
993 0.0798435 85.0977 109.703
994 44.4165 81.587 77.5442
995 68.609 113.899 48.5071
996 55.1089 114.853 119.071
997 60.7411 0.71206 101.174
998 68.8032 100.42 124.71
999 61.7258 114.586 120.549
1000 78.8917 110.39 124.696
1001 63.2549 103.348 124.992
1002 78.8619 94.2384 124.88
1003 53.1351 90.1052 119.752
1004 79.9302 114.774 114.413
1005 84.7298 114.997 118.954
1006 90.2685 94.5934 108.794
1007 57.6405 104.766 123.151
1008 114.613 14.1338 16.2753
1009 97.3347 13.3368 11.6464
1010 97.3825 18.6513 -1.03557
1011 108.442 2.19232 -0.668688
1012 92.9898 -1.29719 0.881667
1013 102.826 16.6842 6.73934
1014 86.8159 21.095 9.32953
1015 83.3454 -0.655105 46.4918
1016 74.0828 9.29488 -0.701022
1017 95.7123 -0.811512 20.2469
1018 86.5446 13.0042 7.31493
1019 86.978 0.421993 24.9107
1020 67.6633 -0.208787 85.0005
1021 94.3051 7.3815 21.7981
1022 65.4024 11.3047 46.7968
1023 65.7101 -1.05237 22.3442
1024 89.0988 -0.139268 87.0096
1025 82.2122 -0.652304 40.3462
1026 109.369 20.5538 41.396
1027 92.9932 23.3324 -0.76316
1028 114.383 56.7654 9.65163
1029 65.4406 -0.900897 36.1449
1030 113.042 27.6832 -0.269063
1031 34.9473 -0.529479 66.9063
1032 107.961 -0.221133 96.8195
1033 46.9618 7.84082 80.4003
1034 87.4635 -0.413852 64.1625
1035 107.464 -0.469613 48.4043
1036 108.921 39.1414 51.1551
1037 102.157 -0.579361 30.7542
1038 65.0618 32.0432 39.7371
1039 64.8381 -0.752986 38.9109
1040 106.672 12.1922 83.3832
1041 40.7942 -0.624863 61.5549
1042 88.0572 -0.590806 35.9434
1043 71.9108 -0.466055 54.7919
1044 90.2177 -0.412384 56.8537
1045 70.576 40.55 56.4962
1046 100.059 -0.284434 75.7754
1047 112.105 21.3004 21.5818
1048 104.78 -0.511142 64.0502
1049 95.1434 0.0215827 90.767
1050 107.069 9.50707 63.5614
1051 96.2805 -0.820509 31.9957
1052 54.0122 34.594 94.1488
1053 77.6607 -0.385921 70.6292
1054 100.095 -0.580626 67.3155
1055 107.261 -0.502879 52.8699
1056 115.484 20.2938 121.796
1057 106.732 3.03553 84.5238
1058 106.079 47.3483 80.3745
1059 94.0844 13.8461 99.065
1060 106.509 2.86494 69.0849
1061 77.6848 -0.316009 75.7554
1062 69.0812 45.6764 95.2226
1063 81.6737 21.409 108.969
1064 111.41 28.7786 101.503
1065 113.241 32.8822 103.931
1066 97.0043 11.6599 115.321
1067 108.755 7.5332 115.619
1068 115.295 7.04665 123.78
1069 100.572 9.72404 109.152
1070 102.761 42.7266 -0.856307
1071 84.3542 37.9572 10.0343
1072 104.311 40.9371 -0.768175
1073 102.861 41.8839 15.5322
1074 104.367 42.3418 2.28827
1075 98.5242 44.5691 -0.875661
1076 114.094 50.9217 16.8357
1077 110.823 55.1056 32.4588
1078 102.85 40.3182 6.17676
1079 108.812 113.907 27.6063
1080 66.5424 3.52215 40.5237
1081 107.229 33.6828 13.6515
1082 105.262 -0.742814 42.9414
1083 109.602 16.0279 28.9714
1084 112.062 57.8163 30.1659
1085 114.07 86.9254 16.3761
1086 114.619 54.6574 0.233369
1087 94.1458 86.9281 -1.3493
1088 30.641 47.6262 60.4983
1089 73.3891 -0.119549 60.0329
1090 48.4813 61.4445 65.322
1091 62.9154 25.8341 59.3324
1092 77.2501 66.5266 25.1422
1093 50.0622 40.1316 68.9872
1094 106.5 7.03326 84.9684
1095 110.777 28.8093 35.0992
1096 64.4936 0.00271322 -0.29535
1097 106.145 52.6276 74.5508
1098 110.43 55.8337 101.816
1099 109.236 63.2531 42.8291
1100 77.0117 -0.710389 40.5443
1101 110.451 3.49466 30.2859
1102 93.8858 12.1559 98.8167
1103 76.4624 30.7774 91.5952
1104 63.817 -0.882394 32.7064
1105 76.3398 10.4569 83.1072
1106 114.494 41.4972 105.874
1107 26.715 7.87966 107.246
1108 85.112 49.2403 97.2516
1109 108.824 65.097 65.531
1110 95.6463 -0.314966 98.9689
1111 76.6556 75.2222 80.5819
1112 113.191 69.3547 107.257
1113 75.5031 -0.820364 24.4851
1114 87.835 7.80693 39.9119
1115 109.837 9.28243 46.9651
1116 115.267 8.61582 121.865
1117 106.067 16.2929 66.9386
1118 108.468 74.8863 63.3339
1119 52.2217 -0.671225 110.359
1120 44.3245 41.6764 71.5612
1121 57.7342 -0.141091 70.2695
1122 115.27 40.8976 117.907
1123 33.4269 -0.715779 124.753
1124 97.5281 -0.367848 74.4091
1125 90.0711 54.7424 106.711
1126 67.4651 74.9351 78.5933
1127 112.198 69.1559 32.7041
1128 91.9959 42.2473 113.046
1129 100.435 39.7334 117.035
1130 109.354 27.4633 125.027
1131 98.9754 44.6165 112.432
1132 102.282 42.1209 119.141
1133 115.378 34.969 120.331
1134 101.415 31.9338 113.064
1135 96.7876 44.0592 115.078
1136 79.2762 48.0965 115.391
1137 99.9285 53.1206 13.3917
1138 104.305 40.7163 4.26782
1139 95.5899 51.677 -1.10013
1140 108.548 45.9868 12.5987
1141 92.3227 114.053 75.4524
1142 111.846 82.9498 34.7889
1143 114.445 63.462 107.775
1144 69.6509 62.0699 23.4901
1145 80.8345 113.629 28.946
1146 110.248 83.0027 49.2542
1147 19.5187 62.7317 -0.57052
1148 113.769 94.5263 25.1218
1149 94.2956 68.4941 13.5949
1150 90.0066 -0.943994 17.0627
1151 112.752 3.53823 20.4882
1152 61.7444 47.0461 57.3665
1153 46.9882 100.228 -1.17234
1154 59.6167 113.895 21.7859
1155 50.6436 65.242 41.9143
1156 93.1972 64.514 60.5274
1157 112.525 45.8954 100.377
1158 112.113 96.7467 36.6049
1159 7.4215 55.1193 -0.58567
1160 111.637 105.488 105.421
1161 107.089 25.4958 57.2976
1162 110.589 60.7038 34.3535
1163 69.7312 44.6602 24.1924
1164 114.908 95.4816 11.2283
1165 108.108 71.7511 81.7294
1166 59.0132 90.0265 50.5741
1167 111.122 87.704 99.3895
1168 50.0991 112.316 70.9714
1169 106.627 39.2086 85.2718
1170 63.2839 83.5192 73.8555
1171 109.198 50.3435 55.6749
1172 109.003 4.84535 54.0869
1173 74.4833 52.4259 78.5507
1174 105.373 -0.166219 92.9941
1175 22.9799 39.4357 85.8999
1176 106.539 51.4309 88.6461
1177 109.387 46.5488 125.096
1178 75.7081 86.7579 91.277
1179 75.889 62.0977 101.679
1180 96.0854 29.9827 56.8852
1181 113.317 92.9053 103.322
1182 106.504 42.6084 84.547
1183 108.66 70.4846 63.576
1184 84.3621 65.9707 58.7102
1185 58.4802 48.6523 101.876
1186 106.359 30.6096 76.8779
1187 107.917 67.2433 86.769
1188 109.566 43.2408 93.5159
1189 106.564 13.3339 79.0421
1190 107.658 75.177 86.4222
1191 66.3544 51.3491 106.689
1192 65.8514 38.0566 111.433
1193 108.962 65.1689 53.8208
1194 106.245 45.1703 78.7781
1195 113.694 12.4475 125.187
1196 77.1638 62.3632 99.2102
1197 48.3448 113.529 77.8182
1198 97.2376 62.3471 112.904
1199 62.5037 81.4162 103.809
1200 80.3656 61.5252 110.621
1201 86.2517 55.0188 125.307
1202 94.7191 50.776 115.638
1203 109.277 59.9463 124.722
1204 104.715 76.9628 112.368
1205 93.795 57.7471 125.377
1206 107.826 64.9497 124.865
1207 95.4581 101.01 -1.307
1208 81.8591 75.6722 -1.44634
1209 97.0826 86.2558 16.2285
1210 114.77 81.2242 9.33
1211 84.0908 88.5581 8.22421
1212 114.513 82.6595 0.0688576
1213 89.8795 77.1211 -1.18834
1214 79.8706 72.3375 6.1018
1215 100.724 71.7388 12.9335
1216 105.473 86.208 -1.18607
1217 109.39 61.12 36.9245
1218 113.154 59.8088 -0.864061
1219 86.0177 96.4498 40.2637
1220 102.471 114.123 12.6975
1221 113.65 111.235 24.9301
1222 114.426 84.8042 9.80124
1223 72.4893 114.187 7.91722
1224 55.7927 113.751 59.1766
1225 110.548 85.2572 43.7258
1226 106.658 1.5189 79.468
1227 89.6997 113.777 72.0203
1228 31.8787 68.355 73.3783
1229 36.8299 113.892 18.8944
1230 68.3736 33.1559 17.4486
1231 113.512 33.0373 107.485
1232 106.086 43.1414 72.1965
1233 30.6466 79.5214 22.6927
1234 57.8715 71.516 39.7415
1235 64.4452 113.756 71.8661
1236 114.94 91.9047 111.932
1237 114.395 88.8599 9.78499
1238 114.979 69.1754 113.273
1239 84.1398 113.778 68.6347
1240 66.7523 113.741 77.0659
1241 109.389 32.0866 41.1318
1242 107.128 101.177 68.1736
1243 109.229 44.6559 41.6022
1244 65.8429 60.7874 104.159
1245 114.421 70.2339 16.7833
1246 107.296 82.9239 65.7889
1247 110.637 0.182911 111.618
1248 95.7164 114.253 93.4569
1249 112.93 98.9301 105.565
1250 108.712 62.4972 63.6116
1251 63.894 113.719 81.1577
1252 65.4201 87.3952 106.287
1253 87.102 113.974 3.98037
1254 33.9992 69.0713 96.1233
1255 112.182 113.725 19.3536
1256 110.417 74.7849 45.3232
1257 82.4642 48.9443 97.9429
1258 107.132 57.7742 69.324
1259 46.2632 45.7962 75.7508
1260 90.5015 57.3943 93.5076
1261 111.094 34.8987 95.6408
1262 101.367 114.115 87.6536
1263 66.1417 114.832 114.431
1264 60.8546 113.933 85.5277
1265 115.544 88.8442 116.788
1266 108.984 74.6489 118.844
1267 89.1175 71.1433 125.133
1268 115.018 70.078 117.577
1269 87.7115 77.2063 125.003
1270 102.084 82.242 124.786
1271 109.099 75.9267 120.327
1272 104.662 94.47 110.766
1273 87.355 85.9541 115.627
1274 106.216 96.4409 124.658
1275 94.624 80.3039 124.973
1276 114.977 81.2635 109.674
1277 91.9408 83.894 124.815
1278 77.8915 76.1882 125.337
1279 103.123 83.5107 107.585
1280 109.179 72.1137 124.787
1281 114.53 88.8577 1.81968
1282 92.6336 114.107 3.9258
1283 105.595 114.115 10.084
1284 114.527 100.86 13.9891
1285 100.957 114.197 3.6987
1286 85.4223 106.644 -1.58207
1287 107.203 112.183 95.2636
1288 65.5168 46.2542 -1.1539
1289 113.5 112.597 26.9777
1290 114.499 28.5434 18.0521
1291 91.1639 114.041 41.8241
1292 53.749 113.857 22.5483
1293 91.2658 113.862 53.8913
1294 111.662 110.704 38.8702
1295 58.9831 113.584 63.2124
1296 84.0948 113.836 56.1227
1297 67.6026 113.667 39.4064
1298 108.07 113.777 52.9393
1299 114.317 98.4743 16.5373
1300 83.9679 113.889 15.0792
1301 106.94 101.08 76.2695
1302 57.956 71.7855 37.6741
1303 105.431 114.068 16.9581
1304 113.923 85.3344 30.0817
1305 109.187 113.966 23.399
1306 43.9163 92.3401 -0.850093
1307 78.1582 113.614 76.0739
1308 114.1 64.6525 18.2461
1309 88.1436 113.904 66.7661
1310 46.4524 113.916 96.6684
1311 114.336 39.5731 104.074
1312 113.044 96.9047 103.908
1313 107.492 80.5546 84.6839
1314 108.46 110.687 67.7458
1315 80.432 60.9557 99.8911
1316 97.4534 70.3733 77.7383
1317 74.168 113.586 79.148
1318 99.9751 112.85 104.078
1319 105.609 112.324 65.1153
1320 51.2024 113.352 66.4698
1321 102.629 113.767 70.0896
1322 86.0464 91.0558 93.2221
1323 115.221 111.272 115.783
1324 64.1416 113.79 89.6716
1325 95.9279 114.353 108.019
1326 108.382 97.038 61.6012
1327 75.6845 66.1958 99.8801
1328 113.23 101.747 107.656
1329 85.7946 113.718 48.7202
1330 73.9003 113.747 69.8879
1331 65.4742 67.0521 106.329
1332 88.8903 114.956 121.507
1333 91.5904 114.675 117.234
1334 96.3176 101.163 124.867
1335 95.7306 106.937 114.513
1336 115.058 103.678 122.84
1337 105.876 101.727 105.204
1338 115.23 103.379 111.401
1339 115.236 112.133 123.169
1340 115.076 109.569 113.006
1341 84.8081 98.6907 120.89
