0 8.37696 21.8232 -0.162493
1 11.4591 1.92011 -0.183162
2 17.2025 18.3562 11.9632
3 28.7102 -1.53053 3.3018
4 27.0803 2.7694 -0.181139
5 9.44331 2.57004 3.83093
6 -0.280733 9.66873 1.5397
7 11.5837 6.79518 11.7578
8 21.4596 10.9145 -0.203135
9 -0.455042 13.8505 1.49336
10 0.122985 28.4075 43.5714
11 -0.243205 23.4914 14.3779
12 24.3478 16.406 21.4368
13 1.44292 -1.07367 4.8586
14 7.37107 -1.29631 17.8052
15 37.8649 27.1492 40.4273
16 0.0934296 6.46774 28.8668
17 3.63786 -0.613529 52.8488
18 -0.467329 19.2522 14.384
19 19.1174 19.5459 57.246
20 10.505 -1.31369 33.1671
21 -0.612472 15.3829 14.6004
22 42.8695 41.4561 56.7052
23 51.5029 -0.781707 39.7705
24 0.412185 22.1652 41.5622
25 6.07318 -1.11761 39.251
26 0.422221 26.4537 46.0739
27 21.5612 -1.52654 17.6385
28 19.3131 23.3269 55.0311
29 1.74592 -0.163621 57.8071
30 0.278903 26.7931 87.1971
31 0.683685 4.31475 52.2565
32 11.6626 -1.22198 26.8263
33 16.6618 15.1015 69.4066
34 0.153335 6.06994 104.287
35 31.8915 -1.03683 55.8667
36 10.6366 -0.651251 65.8756
37 11.9889 35.643 59.3224
38 18.1873 -0.970213 61.0866
39 26.6072 -0.860435 72.5267
40 35.0322 -0.72172 63.9128
41 27.8439 -0.826939 58.9328
42 0.23809 29.1684 88.4584
43 26.6434 -0.464528 81.735
44 28.6345 13.511 90.6289
45 10.5203 -0.567644 94.9197
46 0.352425 0.615779 61.1802
47 0.629778 2.23422 74.8325
48 24.5729 33.8386 75.9981
49 27.6321 14.8815 110.472
50 22.2446 -0.746461 100.382
51 28.6731 9.24113 94.4349
52 30.7264 -0.793713 100.59
53 36.0592 -0.744281 75.2336
54 14.8296 6.6137 116.837
55 6.48779 -0.495672 85.695
56 17.6604 23.8736 90.2274
57 18.9983 25.1122 104.354
58 0.639965 24.3998 81.2751
59 31.864 -0.376074 84.6374
60 9.62412 5.40763 111.059
61 8.0155 -0.588897 112.607
62 29.0266 15.0903 116.835
63 20.6445 10.7504 116.821
64 0.432372 0.451863 113.678
65 0.948718 -0.741766 109.078
66 18.1314 43.2514 11.637
67 22.7303 38.61 9.08477
68 10.6768 24.7359 7.53873
69 4.15964 41.9271 10.7584
70 27.564 20.809 19.7308
71 4.11439 39.9337 8.67087
72 28.2662 38.631 -0.645403
73 22.9938 29.3176 -0.600058
74 -0.067398 41.7732 20.6117
75 -0.490191 47.7826 15.1767
76 0.284683 40.0352 31.3374
77 2.7272 39.9742 14.8851
78 3.66531 -1.04769 40.4156
79 0.579587 44.6326 60.9113
80 0.223819 43.7392 35.8717
81 0.334408 34.7566 45.5476
82 29.9832 28.8214 21.6821
83 23.8326 59.2804 29.8126
84 3.40581 37.3113 40.7409
85 -0.764234 40.7244 14.2354
86 31.306 31.3911 48.5685
87 44.9078 45.4067 40.3283
88 32.8708 59.9305 54.4688
89 0.41332 16.1485 47.8645
90 13.5914 24.6555 54.2742
91 40.26 55.3952 46.1613
92 0.606704 50.79 78.7612
93 33.3994 10.604 48.4599
94 -0.0907285 39.9686 22.9004
95 35.6375 8.93848 46.8785
96 40.2921 39.6532 67.2784
97 26.1427 39.1144 24.0317
98 23.3281 23.6176 35.7399
99 13.8442 25.6115 67.8353
100 19.3675 31.2971 56.8381
101 33.0906 29.263 58.9741
102 0.762227 16.367 63.9768
103 26.9258 53.5009 52.8058
104 50.2284 28.4766 49.3931
105 0.604304 28.4177 60.6116
106 34.7905 51.8362 69.1324
107 40.5774 29.3521 67.5805
108 0.536855 30.1204 70.1343
109 0.590849 24.4994 68.5778
110 30.6904 31.4279 88.3069
111 0.433652 46.8495 58.2303
112 59.9122 43.8711 83.9966
113 0.342554 56.6919 92.7303
114 30.9578 45.6995 94.2689
115 23.4181 62.4046 83.3208
116 19.133 34.889 93.2775
117 37.1144 43.6374 67.1884
118 0.464766 34.84 79.0979
119 18.854 54.9112 109.627
120 11.3951 53.8243 75.551
121 0.474285 79.386 82.4844
122 37.619 51.5753 96.0472
123 0.0693626 42.2659 103.673
124 44.6931 25.5795 90.2767
125 30.1125 25.4624 102.677
126 21.6033 56.1775 116.474
127 21.7802 46.2284 109.226
128 14.933 22.2223 116.897
129 18.8091 45.8605 108.686
130 6.08574 34.3524 116.584
131 7.51668 37.2393 116.541
132 27.463 28.9584 95.1083
133 23.3235 27.9273 109.277
134 16.8816 67.9497 14.876
135 3.95713 60.9997 -0.350306
136 22.6323 66.9368 -0.929746
137 21.1235 60.961 12.8485
138 9.88268 57.7503 18.1157
139 -0.528258 68.0728 10.893
140 17.1856 38.8811 17.4771
141 11.469 75.5869 29.7417
142 -0.427594 64.2925 14.5781
143 8.90035e-07 23.7476 22.8404
144 20.346 22.7647 17.8328
145 -0.288262 38.301 16.5394
146 18.782 65.4898 15.4304
147 13.7845 41.1224 42.1402
148 9.95389 55.4443 17.169
149 41.6889 69.6882 27.4137
150 40.5119 51.371 36.1592
151 35.8349 61.845 17.414
152 35.3579 75.7922 50.5594
153 14.8489 53.2466 48.3698
154 17.0086 27.0993 36.4963
155 32.9893 57.7564 34.2995
156 0.317108 28.1507 31.1851
157 -0.107529 74.36 28.6921
158 -0.214919 66.0679 49.1129
159 26.3453 36.9098 26.0155
160 30.1064 58.0563 54.9719
161 25.4844 45.3484 58.8773
162 12.0707 49.3075 50.8743
163 0.298604 46.7889 54.0409
164 11.1828 55.5171 54.814
165 23.4331 46.8439 58.2074
166 14.7481 59.7442 46.4986
167 0.590455 46.5863 70.254
168 23.5405 45.121 55.6198
169 0.591092 50.7731 86.5751
170 -0.0191699 80.7172 56.0642
171 32.4068 55.8324 79.6437
172 24.6205 60.2122 58.2243
173 20.6041 42.5892 90.8059
174 7.6472 76.11 83.5998
175 4.55497 60.5682 116.468
176 30.524 65.5521 95.8603
177 29.2156 40.3323 96.7714
178 0.462845 18.1665 37.6808
179 39.3224 29.3066 86.1838
180 0.468567 42.2737 78.6496
181 6.00884 60.0408 98.0929
182 -0.0180323 72.8957 97.6806
183 12.0343 49.7029 79.7988
184 17.7453 58.0139 91.9871
185 36.1885 78.2185 85.712
186 0.0171563 61.2302 97.3002
187 3.19469 68.5806 106.019
188 0.0950299 56.7392 81.0057
189 23.1746 51.8075 100.552
190 4.99222 47.7962 106.632
191 -0.172436 66.8567 114.948
192 11.4777 63.5393 107.723
193 18.7852 68.5859 116.345
194 0.104676 50.947 107.82
195 8.92893 59.5989 116.397
196 17.7174 53.753 110.344
197 20.4648 51.7126 112.451
198 28.7585 62.399 116.466
199 8.29088 64.6319 10.4921
200 9.12697 91.6325 11.3815
201 16.6736 80.4458 6.21954
202 13.0541 73.5689 17.5724
203 28.3841 77.8198 8.81578
204 10.3376 75.3502 11.4892
205 7.75937 85.8245 -0.588188
206 14.1845 73.4729 15.2685
207 9.8576 74.5089 18.8187
208 18.4189 71.3882 11.2837
209 11.8174 113.645 43.7251
210 29.0734 71.5186 25.7624
211 13.7936 89.7799 15.4772
212 34.64 87.6916 41.9124
213 11.6357 61.2187 21.9798
214 22.6323 84.9072 14.7338
215 -0.774411 62.1755 12.4819
216 38.3332 70.0127 17.7091
217 19.8369 83.4405 21.2639
218 -0.483083 94.9572 16.645
219 5.59472 71.3047 34.0081
220 -0.163267 96.2547 43.916
221 12.8618 52.7449 20.1698
222 0.325554 53.6503 53.0008
223 28.42 80.1096 18.8643
224 -0.151806 92.8766 26.5139
225 8.12181 81.6887 48.5288
226 28.8561 44.7395 34.55
227 20.2604 113.967 42.4532
228 -0.665401 106.085 15.645
229 0.109626 83.0999 41.9733
230 31.758 102.14 79.4295
231 0.185531 40.7223 52.16
232 3.07381 113.425 56.0393
233 0.0280662 41.0359 48.3676
234 7.211 71.5233 32.1255
235 21.7222 73.8995 58.7161
236 20.2635 71.9487 52.5136
237 37.7217 57.7532 54.603
238 -0.0171276 76.9467 60.1562
239 -0.104116 63.7941 77.4339
240 14.2638 75.5241 25.4678
241 12.7614 79.8677 54.6246
242 -0.0267066 88.4078 60.319
243 0.0600832 99.3789 94.8631
244 28.6512 106.127 68.8481
245 0.127836 62.2049 82.825
246 35.4928 91.7967 42.247
247 54.5397 57.9713 79.5193
248 13.99 90.0391 79.6226
249 -0.0320814 62.9242 66.3429
250 44.5736 72.7735 87.2144
251 0.167478 106.858 57.5122
252 14.9024 55.779 92.2782
253 33.4823 82.5728 85.3475
254 0.272032 78.8235 86.2321
255 4.25313 86.0536 93.8861
256 47.6099 102.383 85.5299
257 0.158624 83.0156 69.9133
258 -0.668583 102.593 106.341
259 0.21718 67.1368 95.0706
260 0.13177 96.7695 59.8338
261 0.224565 86.3578 53.5037
262 0.0580475 112.855 101.21
263 3.03135 59.9332 116.621
264 12.0861 55.8125 92.087
265 -0.17754 65.0406 109.327
266 15.8649 74.1353 83.8555
267 0.211857 75.5204 91.4545
268 11.8703 79.2878 82.3281
269 17.1548 88.0761 87.727
270 -0.0599719 89.3983 96.6482
271 14.4958 87.7103 116.209
272 21.7993 68.6943 116.485
273 10.0899 77.0082 116.452
274 9.06698 83.9104 116.241
275 25.8651 72.0221 100.203
276 30.1685 76.4484 95.9353
277 41.5806 80.7329 116.252
278 25.0496 110.243 -1.19404
279 26.8597 95.4836 9.2417
280 12.3072 89.2017 -0.556095
281 6.58019 113.771 7.71138
282 16.6424 113.611 10.521
283 0.505001 97.305 -0.439918
284 18.3637 83.7362 36.0387
285 -0.30437 103.09 20.6404
286 10.8868 113.676 21.8639
287 14.3655 96.4394 21.8076
288 -0.856768 104.008 19.3734
289 0.00543748 112.522 31.1358
290 -0.793237 90.3617 7.86634
291 0.817515 113.633 11.971
292 -0.0563647 102.868 29.0705
293 -0.589979 74.8334 12.7077
294 -0.373684 86.3951 24.9605
295 2.37843 113.72 10.2701
296 27.8783 113.99 9.59418
297 22.468 89.6707 33.8084
298 21.0945 113.863 27.8428
299 7.22088 83.638 25.7576
300 -0.198055 72.5626 30.8137
301 25.562 114.0 4.89993
302 3.18402 113.678 46.6541
303 -0.0113535 100.611 47.3716
304 7.21579 113.821 53.0502
305 35.3523 113.816 33.1442
306 4.58287 113.49 32.3951
307 15.2232 113.882 15.9555
308 24.1203 113.732 36.1141
309 18.0556 81.4281 35.9275
310 12.5786 97.8234 44.0355
311 8.78173 113.866 46.359
312 25.4323 113.92 29.8978
313 21.6434 113.927 49.532
314 0.14383 110.649 65.9533
315 -0.197595 109.373 92.0568
316 7.45035 113.999 66.3552
317 4.6956 113.753 54.1998
318 -0.434366 110.719 78.6225
319 25.8881 114.096 56.2881
320 15.3885 99.7763 62.7336
321 6.69648 114.125 83.4704
322 6.07049 99.044 116.345
323 31.6298 114.131 60.2061
324 8.96334 113.962 72.2545
325 20.3387 68.0935 56.4858
326 0.00674052 82.7606 86.5934
327 0.366096 90.8731 66.3272
328 22.4684 114.446 97.4703
329 37.3223 99.0423 95.6057
330 8.62396 96.0004 71.0549
331 15.9536 114.392 95.016
332 50.912 104.497 85.4452
333 0.0275726 109.022 84.7237
334 -0.0494172 112.532 88.2898
335 13.1433 114.303 91.133
336 0.172449 103.558 94.5391
337 29.774 82.0353 85.8821
338 28.7724 114.416 109.668
339 25.9764 107.236 116.083
340 -0.0563528 99.4642 103.667
341 17.4662 104.176 102.507
342 14.5592 106.791 110.522
343 31.2922 12.6962 -0.456526
344 30.628 8.55173 9.59695
345 55.8136 18.9779 3.45948
346 45.6553 13.0045 -0.382517
347 53.1043 -1.22744 21.259
348 42.7836 7.62825 22.5079
349 34.5488 14.1327 -0.299399
350 40.2171 19.1468 10.8876
351 45.2913 24.7268 7.1717
352 20.6381 -0.973488 40.4827
353 57.458 -1.28473 27.782
354 34.7032 -1.07772 43.5625
355 57.2803 -1.12745 18.2245
356 51.6511 -1.19744 26.497
357 57.4669 31.2538 48.6692
358 22.7484 9.33443 4.53892
359 64.349 25.551 34.5586
360 44.4044 15.7954 16.4081
361 54.4673 -0.969076 44.297
362 51.8058 3.68962 59.6497
363 40.0713 4.0746 23.0131
364 44.2883 33.3594 17.7557
365 40.3494 -0.813083 65.2126
366 0.50589 32.7539 56.2872
367 35.782 -0.894189 20.3314
368 44.7145 -0.916964 54.5789
369 38.7482 39.5176 58.9335
370 30.6933 13.0444 46.8052
371 11.413 17.2605 51.0151
372 24.9196 13.3505 65.5211
373 67.6293 19.589 61.1685
374 52.8445 33.2712 50.5928
375 84.7992 31.7707 77.2774
376 23.3557 -0.720226 77.5673
377 23.5503 -0.879975 65.1688
378 66.2566 -0.657635 89.8921
379 57.662 47.4792 87.4891
380 17.7128 -0.662667 81.6174
381 87.5258 7.58051 83.8602
382 37.693 40.0395 67.5413
383 44.8061 -0.6035 99.3078
384 44.5293 49.6223 87.9922
385 31.9875 -1.04163 69.2914
386 27.7444 -0.938816 42.4378
387 50.5608 -0.624859 108.381
388 33.6483 -0.862222 104.595
389 46.3578 37.1557 75.8945
390 50.5656 17.1278 103.147
391 68.6233 47.7079 91.9495
392 32.041 19.1739 78.1765
393 50.5412 11.8821 116.777
394 40.6102 5.95058 116.636
395 46.1025 24.1101 113.315
396 36.2564 21.126 116.765
397 36.2006 0.866604 116.736
398 44.544 -0.573908 111.142
399 50.5141 12.8371 108.276
400 63.898 -0.600687 109.206
401 53.1843 5.04368 117.021
402 28.4952 30.682 -0.608577
403 21.3462 36.8555 9.57226
404 31.3852 38.7833 5.07953
405 54.2649 37.4078 -0.924742
406 55.531 40.6155 -0.983902
407 51.3577 32.8688 17.5389
408 25.0388 34.8155 5.44922
409 45.7172 36.856 15.0052
410 31.4332 29.5411 -0.337693
411 46.8699 36.4906 -0.718208
412 31.3397 43.7342 9.97248
413 26.2055 43.1702 13.4406
414 54.8246 25.1032 19.7518
415 32.3348 31.1979 17.5527
416 54.3397 35.3938 21.9084
417 34.3996 39.044 13.4459
418 35.7719 37.2168 13.5984
419 46.4238 35.2011 27.7372
420 36.4307 36.9482 11.2599
421 48.1006 31.0557 19.6733
422 45.8303 34.7401 44.8489
423 48.9629 -1.35475 30.7538
424 51.5721 32.561 38.6648
425 65.7236 30.4315 44.8696
426 76.8763 27.4548 56.7795
427 64.5122 -0.845516 45.1694
428 44.4057 22.2632 31.1259
429 47.5839 37.4122 44.5948
430 65.7181 45.723 40.3067
431 48.5809 37.4626 42.1746
432 24.9453 59.548 46.4701
433 34.5787 42.0629 40.7727
434 41.8122 37.7027 81.8619
435 62.0381 29.5272 54.8429
436 69.0096 45.1692 29.7909
437 50.2072 39.5504 42.0911
438 33.2447 35.4337 75.8142
439 39.1771 41.6049 56.5666
440 61.7885 49.5858 83.4212
441 23.9466 23.4751 50.9461
442 54.3291 37.7954 71.1569
443 54.4404 56.03 54.9929
444 57.1218 47.988 60.5798
445 29.2672 49.4302 75.9159
446 84.1773 33.2978 44.5859
447 70.6329 9.11925 42.3986
448 33.4311 31.2684 73.2527
449 15.0361 33.4961 63.3746
450 50.4821 43.5131 42.2219
451 36.6469 41.4991 44.5595
452 19.6506 31.0953 85.8462
453 48.9494 57.6802 50.401
454 33.9615 41.7047 79.8683
455 78.522 39.932 83.4128
456 66.7229 45.665 67.1248
457 35.8957 35.6289 65.4066
458 63.4673 29.3061 73.4162
459 45.2502 35.4745 79.8114
460 64.2531 69.8281 81.6307
461 47.0258 49.6956 79.774
462 60.4004 -0.708364 96.8681
463 52.9409 60.2591 95.9831
464 36.1102 35.4332 69.2128
465 45.8206 35.5711 81.8136
466 67.3476 13.6039 69.2965
467 84.886 36.1182 98.5643
468 49.1087 51.4508 99.9012
469 43.5637 17.1753 100.81
470 30.3604 50.3991 106.24
471 49.0756 37.6184 110.355
472 54.1616 33.6994 108.697
473 49.7707 33.8003 108.505
474 14.6328 17.8665 117.028
475 47.4876 29.3394 116.663
476 47.8079 37.909 106.62
477 43.1196 55.6682 107.913
478 60.6054 18.0465 116.796
479 39.0392 54.76 98.0492
480 36.8676 62.8995 -0.807548
481 45.4641 56.213 13.6525
482 39.9841 37.9274 -0.580333
483 42.4896 53.4482 -0.969337
484 44.1956 39.7697 19.9642
485 53.2675 47.4203 42.1348
486 20.1547 49.4397 44.5315
487 44.3922 70.032 27.08
488 46.9239 67.6653 20.932
489 55.6767 74.6284 39.2472
490 49.8777 48.2699 20.014
491 12.5953 73.8939 23.5356
492 64.3949 39.9328 33.3646
493 14.6019 41.4274 40.3226
494 34.4517 51.4659 65.3168
495 19.9901 83.583 25.4919
496 36.3025 51.6388 67.1857
497 37.8864 41.2646 42.6398
498 17.49 87.2181 49.234
499 57.2217 48.8087 39.0796
500 68.42 57.2445 47.7959
501 57.3309 49.7426 54.6717
502 45.912 65.1336 18.8821
503 56.5645 37.542 60.776
504 60.1005 62.2096 73.5176
505 48.9996 51.6328 44.1657
506 37.0727 53.7507 73.5729
507 58.3634 92.3904 97.8327
508 54.2507 72.1742 92.0666
509 49.0482 48.0509 75.6464
510 27.2798 53.6992 81.8836
511 38.5132 57.9251 71.2528
512 18.9393 27.3536 67.5273
513 0.242482 58.1444 70.2382
514 62.9665 58.1857 94.3358
515 29.3083 55.9963 79.9472
516 74.6774 45.7008 81.6905
517 34.5654 73.7425 73.0668
518 34.709 55.3768 79.0245
519 63.136 52.4932 84.3367
520 55.3866 72.0949 73.3673
521 34.7194 44.57 80.7128
522 78.6248 51.5261 77.2052
523 39.2567 49.7702 90.4548
524 30.2698 69.8622 95.8605
525 51.8486 44.1925 88.4118
526 23.2289 64.103 100.551
527 36.1347 55.5191 88.3697
528 42.8038 45.7547 83.9931
529 30.5814 42.7713 89.0693
530 57.8225 64.1487 100.343
531 31.9025 62.4764 116.618
532 34.6294 63.6121 103.994
533 54.8452 50.5709 116.539
534 40.0082 56.1901 102.393
535 40.3592 69.4172 109.141
536 54.748 58.979 103.766
537 38.2313 80.8836 -0.849559
538 44.028 85.1396 -0.97644
539 33.8664 86.8286 -1.08619
540 52.4665 73.6054 8.89487
541 48.5392 105.768 18.5865
542 32.7012 68.637 -0.802157
543 26.8358 76.9112 -0.900282
544 51.6367 61.6843 25.066
545 46.9893 91.1292 18.4228
546 70.7958 76.0548 42.0505
547 42.4732 92.649 14.6567
548 54.2315 65.125 27.0516
549 38.7799 77.7301 27.4091
550 58.37 74.4532 13.7074
551 59.9355 93.6736 21.1959
552 55.5574 79.8853 19.108
553 35.0097 77.8208 52.5172
554 58.3161 79.086 18.817
555 47.1904 84.0151 23.5636
556 21.5771 37.1737 32.3097
557 21.6639 75.8582 23.9921
558 60.5705 39.3799 21.3693
559 68.4303 76.1287 25.506
560 59.8086 74.0292 16.8383
561 44.028 67.7298 50.2857
562 54.5322 59.4576 27.3929
563 72.7458 84.263 16.3655
564 30.7971 71.6068 33.805
565 40.0082 54.109 20.4328
566 33.6979 67.6472 37.9905
567 49.563 102.112 48.0243
568 53.1725 102.23 56.2412
569 68.6336 67.8984 79.2515
570 62.4924 75.6942 45.8536
571 39.0298 77.8188 58.5859
572 68.4993 65.1702 42.5144
573 47.2399 84.5141 75.0627
574 65.8376 79.9362 66.7627
575 11.6159 71.9434 64.9254
576 36.7217 69.4385 29.7182
577 44.6221 73.0468 61.4803
578 27.0256 69.7287 48.362
579 41.3865 88.2059 85.5974
580 48.2177 106.567 64.6894
581 53.0794 89.9488 77.484
582 34.0107 102.597 87.653
583 47.793 66.2909 88.2069
584 20.278 90.7886 62.3036
585 20.3691 88.2887 75.6521
586 52.8576 55.7728 67.183
587 45.3816 84.4154 92.0886
588 31.6482 98.0991 97.8959
589 24.4915 67.7673 67.447
590 34.3908 98.2752 97.7236
591 44.6656 80.2022 73.3646
592 31.8555 89.904 96.4158
593 63.094 78.2469 79.3176
594 20.0527 114.454 89.0994
595 30.362 74.233 102.329
596 58.856 83.6959 105.547
597 49.8919 72.2574 106.379
598 38.9253 72.7465 98.6191
599 57.2873 89.2223 109.054
600 32.982 77.9819 107.998
601 51.7827 75.7179 106.982
602 45.8806 82.0125 85.6503
603 10.6981 96.4974 94.2043
604 40.5555 76.1938 73.094
605 45.921 73.83 88.023
606 61.9219 84.5962 99.798
607 35.3998 74.1413 89.7905
608 30.5366 67.822 67.0462
609 31.614 74.8695 99.6269
610 43.0626 85.7368 109.248
611 48.9977 67.7416 112.095
612 39.2381 84.5437 108.249
613 33.0828 72.9357 103.947
614 46.1209 79.0025 107.182
615 43.1933 78.9839 116.195
616 25.5027 90.0252 -0.761444
617 43.8905 112.521 -1.11586
618 55.3406 113.825 0.0216546
619 35.3608 91.7108 9.01881
620 51.0273 113.808 2.06289
621 40.7555 100.158 8.65455
622 56.7915 103.028 -1.37482
623 41.2169 114.083 19.3537
624 29.7165 100.198 8.39177
625 33.7153 113.867 6.29011
626 43.7614 92.0504 8.7591
627 32.9742 113.956 23.415
628 34.4721 114.253 67.6957
629 27.1279 113.954 37.2781
630 23.7108 113.786 16.5197
631 33.5062 89.7182 10.8794
632 -0.110692 108.708 35.0456
633 48.4206 114.072 14.0227
634 37.4675 114.327 39.597
635 69.9163 114.194 32.9363
636 52.2983 114.001 33.1092
637 36.7205 102.031 41.8577
638 70.0627 114.354 41.2385
639 82.7332 84.2539 21.3428
640 18.6337 89.5938 52.6857
641 55.8629 114.348 37.1523
642 47.222 93.0292 52.8567
643 21.3921 113.793 44.74
644 64.2825 75.705 25.2708
645 65.6729 114.247 47.2214
646 12.882 95.8451 58.9151
647 29.8932 94.0643 35.858
648 43.1082 114.414 50.3442
649 39.048 114.675 94.0237
650 54.2863 114.229 67.1928
651 28.8254 114.288 64.2982
652 61.8157 75.9376 79.4045
653 50.1157 114.252 65.0428
654 64.114 79.9958 54.1124
655 64.2041 104.301 49.9179
656 47.1274 85.1924 32.2715
657 31.5241 60.1294 81.7371
658 68.3073 86.5869 85.7012
659 54.3101 109.032 79.734
660 31.658 114.6 96.3196
661 25.7536 114.297 71.4292
662 38.6816 114.3 78.7714
663 41.4507 114.33 65.9615
664 27.2804 114.409 86.9669
665 54.2402 114.675 104.373
666 38.7277 114.686 89.8638
667 33.0666 90.4448 59.2297
668 13.3155 114.101 86.9895
669 58.8998 114.542 93.8481
670 41.5621 85.5735 61.261
671 16.1256 79.5269 50.5487
672 34.9314 90.1247 97.9241
673 33.0887 102.62 89.5659
674 37.9472 98.2812 89.8019
675 51.6369 114.543 92.0274
676 47.4954 114.403 86.9553
677 31.982 114.764 101.809
678 44.6202 114.419 85.8054
679 28.8828 114.555 105.808
680 28.8845 103.248 116.276
681 47.4703 101.211 116.133
682 52.8865 109.393 116.094
683 38.8025 83.7813 104.839
684 56.0461 114.652 106.385
685 26.9881 114.846 91.9105
686 33.013 114.527 110.794
687 41.7262 110.342 116.051
688 63.1558 114.756 109.69
689 54.5404 100.223 115.949
690 59.8884 114.988 104.287
691 75.7233 11.21 -0.626043
692 61.5735 15.0874 -0.399115
693 81.2873 11.2454 -0.61927
694 78.5228 15.3046 -0.658065
695 70.075 11.4308 -0.603235
696 58.3986 23.1813 19.672
697 78.3491 6.80979 11.3889
698 72.8563 31.6617 35.9616
699 59.3756 23.0542 9.34854
700 53.1142 -1.13917 25.7116
701 84.328 -0.936864 33.1361
702 88.3933 5.17757 -0.630656
703 38.3379 18.9402 38.667
704 67.1414 15.8738 -0.562428
705 48.6356 -1.4086 10.2701
706 61.3745 -0.733917 61.5625
707 70.8785 13.1566 46.5101
708 61.6649 22.9019 59.2498
709 39.5258 23.1531 44.4599
710 45.8921 16.3416 31.4186
711 58.6771 -0.9112 32.3105
712 67.4815 -0.667905 50.1781
713 58.5007 37.0275 32.1355
714 73.241 23.4472 25.3969
715 67.2322 -0.798733 41.5255
716 68.608 -0.567865 47.9852
717 68.9955 -0.870866 55.2939
718 80.2069 21.9551 77.8745
719 59.1677 -0.630827 91.9688
720 99.8391 -0.815125 40.228
721 83.0216 -0.856329 104.71
722 79.918 20.1112 51.0744
723 85.5687 17.7499 61.2708
724 46.3225 7.34604 73.7138
725 68.8938 -1.03529 38.9451
726 52.0699 -0.906037 61.0577
727 50.9105 29.2223 46.4669
728 44.2997 39.5949 73.6166
729 73.1172 15.1821 69.0264
730 63.4344 37.4175 64.9709
731 71.5595 13.1356 63.5739
732 100.086 -0.20411 80.323
733 86.4923 -0.476347 97.3315
734 89.1071 5.77442 104.331
735 75.0818 9.04089 110.237
736 82.2739 20.4377 116.38
737 59.2342 21.0361 116.478
738 77.7319 15.0591 103.231
739 83.9718 23.671 102.308
740 82.0609 12.1221 108.118
741 63.4224 19.3008 115.386
742 64.7866 16.271 116.842
743 92.2602 19.6356 94.1115
744 56.6686 7.23412 102.601
745 66.3895 5.92062 116.654
746 59.2942 -0.444872 104.237
747 74.8634 30.8333 116.443
748 69.9186 30.4531 13.7136
749 72.7665 43.5399 -0.949288
750 84.3439 41.4452 11.0282
751 75.6588 39.1974 9.04017
752 75.6375 27.4829 -0.630055
753 61.149 24.2449 -0.569134
754 84.0912 48.9383 36.7519
755 75.1834 31.2971 25.6504
756 57.4397 16.887 23.8896
757 37.485 39.0997 17.6061
758 70.482 20.9627 19.4437
759 54.1654 26.9309 42.0397
760 83.8081 37.3007 36.0147
761 55.6827 17.2716 34.3895
762 47.9441 47.4105 17.323
763 78.7483 -0.615323 58.4877
764 79.7037 46.0594 45.8994
765 65.7408 13.0405 44.3904
766 56.5771 27.0775 40.3022
767 82.7242 38.845 20.7949
768 76.9818 29.8684 54.3301
769 84.1661 28.1895 66.8272
770 105.756 18.174 19.8728
771 92.8724 17.3848 62.9408
772 78.7481 35.7407 58.7048
773 75.5364 41.9744 87.9199
774 38.9666 47.7709 79.74
775 66.0796 29.0552 52.3107
776 64.8827 29.1835 66.9927
777 64.7828 16.3397 95.878
778 114.432 42.6276 32.5248
779 114.251 44.5725 47.6603
780 40.592 32.9887 77.4941
781 48.4943 45.7076 75.4781
782 55.3963 21.262 65.4114
783 80.291 33.2715 85.4328
784 90.2863 45.8019 98.3075
785 70.0881 41.7978 79.7154
786 96.0275 46.1873 93.5022
787 44.439 35.3788 84.069
788 58.6248 54.0711 83.8724
789 84.5573 45.8552 94.138
790 61.6958 25.2604 69.5423
791 85.4392 39.9632 89.9203
792 57.6966 27.305 92.0472
793 67.2955 -0.698068 74.0557
794 81.9446 68.962 116.412
795 74.1953 60.2187 102.064
796 57.6624 35.773 106.642
797 102.426 5.35079 116.661
798 80.2585 33.4961 102.193
799 92.8006 49.9846 93.9688
800 80.4304 43.3314 98.6489
801 47.6031 36.302 90.5976
802 100.146 9.38644 79.7081
803 78.9497 53.3697 94.6306
804 54.6292 47.4998 116.673
805 64.9246 33.5419 116.462
806 67.1237 29.7453 100.59
807 73.6248 21.1783 116.594
808 64.5841 46.3659 97.8044
809 85.009 41.8001 102.464
810 85.4835 41.5306 -1.00939
811 77.2553 59.1324 -1.23163
812 55.4946 55.7644 -0.907198
813 57.1101 57.7163 4.42427
814 56.9933 61.6849 16.6057
815 65.7492 44.8617 14.7282
816 48.8184 61.2803 14.9981
817 79.8602 57.7183 12.7159
818 65.6293 50.2147 7.54494
819 70.6768 59.5485 11.0285
820 82.3297 41.3446 13.1246
821 71.3768 60.7824 14.006
822 60.1021 50.9936 8.60155
823 59.8451 38.3593 33.0366
824 64.3208 59.4282 17.1251
825 100.226 53.6319 37.9985
826 64.2828 69.7153 10.5808
827 55.7439 45.6568 14.8036
828 90.9789 49.543 39.7164
829 85.0993 51.6103 17.0886
830 65.9457 47.3318 58.6967
831 71.2602 58.9299 16.4787
832 50.1644 46.7394 42.8257
833 82.9036 51.7017 48.4196
834 30.4882 77.6851 37.892
835 98.0992 99.8419 43.3989
836 51.7666 45.1727 21.5882
837 74.7608 55.7894 44.0033
838 92.6231 59.3163 47.6871
839 75.7444 49.2879 62.4479
840 59.9946 61.9888 66.9713
841 94.2715 40.1917 60.4926
842 51.76 44.0865 79.8573
843 84.5097 35.0494 76.9382
844 62.348 55.7772 58.8182
845 68.693 47.9129 85.7216
846 74.0963 78.4576 74.8635
847 31.6255 81.9396 83.7382
848 72.8132 55.4688 52.1018
849 78.4166 76.4998 95.7067
850 95.8272 40.0637 79.2637
851 60.4816 43.9464 92.2616
852 71.8809 68.1267 81.2864
853 74.3093 66.0809 71.0092
854 41.25 57.8151 81.7365
855 75.7053 62.8508 72.519
856 75.6688 52.2644 83.3592
857 47.8927 37.5362 79.6532
858 51.7399 40.7032 76.7857
859 87.406 35.7975 81.5618
860 56.9269 80.2616 94.1398
861 56.8187 66.2908 102.38
862 75.6014 82.2231 97.9658
863 77.6643 30.2236 98.9312
864 68.6197 58.1383 102.552
865 81.5724 41.7686 98.4416
866 81.7887 43.2125 101.478
867 77.579 62.4225 100.023
868 83.5162 62.3392 102.262
869 80.5699 54.2055 102.408
870 81.8965 49.9919 116.472
871 70.3312 65.8762 116.243
872 73.5888 61.9554 116.378
873 84.7981 64.2787 100.129
874 89.1877 50.4954 116.316
875 83.2082 63.6278 116.327
876 79.8222 74.9605 8.08702
877 66.9435 74.2413 5.29394
878 83.972 77.8211 4.66971
879 65.4205 82.1266 -1.34983
880 67.0335 88.2391 19.2082
881 68.1842 78.0583 -1.46791
882 71.3694 77.6958 22.8358
883 59.9921 71.8764 2.44925
884 71.4307 66.1141 -1.10907
885 58.3757 92.5279 11.4415
886 88.4954 63.687 17.0575
887 64.4423 77.5984 12.6967
888 72.1219 61.6422 29.3574
889 71.8086 67.6321 15.0518
890 66.3756 71.6194 16.9335
891 70.4744 100.166 43.9784
892 51.6283 59.8096 50.5179
893 75.4733 71.5875 21.0709
894 99.8642 61.4353 43.5054
895 74.0326 53.4891 25.4963
896 79.59 96.0072 31.2667
897 77.3623 91.9891 39.5694
898 89.3032 90.1104 21.2368
899 92.3771 82.1825 33.6863
900 88.4088 77.8903 33.5556
901 86.6368 77.8774 39.934
902 52.468 85.887 50.0345
903 69.8133 75.9735 54.3806
904 68.6833 66.0674 33.251
905 94.1742 62.1049 37.3471
906 75.436 90.1553 58.4192
907 92.7887 74.3032 83.4262
908 47.1144 104.451 45.5153
909 56.1379 82.2382 60.4222
910 114.301 80.8885 75.7771
911 66.0116 91.318 78.4312
912 53.0948 68.3562 70.8568
913 61.311 88.267 53.9838
914 61.5715 84.1321 60.6002
915 92.5798 86.5633 59.937
916 101.751 68.4907 89.4642
917 60.3293 63.8597 62.798
918 55.8673 86.353 81.3828
919 32.5552 74.1042 75.4787
920 76.5743 80.1186 83.2813
921 63.9302 71.8502 71.234
922 64.8968 88.2824 85.6329
923 91.4693 65.4422 84.804
924 72.893 78.3651 95.9035
925 65.6385 97.9621 76.651
926 66.971 96.1703 79.3822
927 67.444 68.9689 98.8761
928 34.4758 80.0308 99.5822
929 57.9713 84.4639 108.205
930 58.961 82.1959 116.317
931 76.6962 76.5031 110.349
932 67.572 80.986 115.986
933 71.6827 78.3301 94.0981
934 76.1186 78.3642 116.162
935 66.2118 87.5405 116.028
936 64.228 74.4073 102.076
937 67.6796 90.1947 116.132
938 85.5457 99.2781 7.16496
939 56.8946 90.1041 -1.19443
940 61.2216 106.17 16.7479
941 69.7638 84.1654 -1.24555
942 59.9625 94.9671 32.8351
943 63.7215 114.127 27.6441
944 74.0002 114.256 26.7997
945 36.1712 79.7087 19.2089
946 59.175 106.052 14.7066
947 71.2615 114.059 26.566
948 64.1007 91.2893 13.3283
949 54.1499 114.021 17.644
950 90.8162 84.0238 37.5024
951 71.2565 114.098 34.2115
952 59.8457 113.912 47.4441
953 59.7973 79.6236 27.7026
954 55.5989 92.1965 45.7148
955 83.0965 114.332 30.738
956 81.2018 88.4563 45.6171
957 62.6353 114.1 35.0585
958 51.4099 114.12 47.4414
959 94.2672 114.303 47.458
960 58.3708 69.7108 40.018
961 51.3348 114.393 55.7881
962 95.4001 114.365 70.0675
963 51.6778 114.188 64.2422
964 58.4717 114.152 31.4685
965 68.6199 100.013 41.6214
966 74.2773 96.378 42.1432
967 53.6567 114.327 50.337
968 75.4809 104.479 49.8669
969 78.4611 114.365 78.5903
970 69.8656 96.0303 35.16
971 64.2076 114.485 61.5031
972 61.7808 114.544 87.0336
973 54.2288 95.6866 52.6825
974 62.6626 114.009 55.7562
975 62.6688 114.29 58.5848
976 72.0249 102.771 101.903
977 77.224 114.465 83.3942
978 75.5629 82.0865 62.5885
979 51.4483 96.496 71.0681
980 85.8871 59.9453 77.4295
981 94.7551 114.865 104.273
982 63.0301 114.248 64.2056
983 75.5681 114.254 60.6128
984 65.9363 102.857 89.5914
985 77.0672 114.45 87.6506
986 80.0178 114.675 99.8458
987 62.4736 102.612 85.4589
988 52.9502 110.607 93.5841
989 71.6798 81.8239 97.709
990 69.4226 78.3271 91.8557
991 66.1353 114.544 89.0898
992 73.2958 87.6133 109.301
993 91.5521 94.1845 81.0703
994 52.0803 90.3558 85.5669
995 68.5304 114.519 79.7343
996 71.5097 102.004 93.1948
997 70.1044 115.001 114.397
998 68.8032 100.42 115.723
999 61.7258 114.586 111.562
1000 78.8917 110.39 115.709
1001 63.2549 103.348 116.006
1002 78.8619 94.2384 115.893
1003 53.1351 90.1052 110.766
1004 79.9302 114.774 105.427
1005 84.7298 114.997 109.967
1006 90.2685 94.5934 99.8074
1007 57.6405 104.766 114.165
1008 114.613 14.1338 16.2753
1009 97.3347 13.3368 11.6464
1010 97.3825 18.6513 -1.03557
1011 108.442 2.19232 -0.668688
1012 92.9898 -1.29719 0.881667
1013 102.826 16.6842 6.73934
1014 86.8159 21.095 9.32953
1015 91.2452 15.1297 27.9315
1016 114.353 20.392 18.6718
1017 101.642 -0.806594 16.1301
1018 86.3903 12.9163 7.35023
1019 90.1401 -1.30704 8.98393
1020 107.081 13.7648 17.9442
1021 94.3051 7.3815 21.7981
1022 69.9107 29.0632 50.0965
1023 70.3581 -0.981644 28.5262
1024 114.444 8.50439 30.5923
1025 108.706 -0.750618 26.0553
1026 83.041 10.7828 33.7426
1027 101.439 -0.781012 20.1874
1028 101.435 29.543 29.774
1029 94.1644 -0.690199 42.9993
1030 114.548 23.158 61.3396
1031 84.0479 19.4246 71.766
1032 114.527 1.13465 47.9947
1033 91.1655 21.2482 71.4733
1034 111.461 -0.46997 39.7449
1035 92.9816 -0.368658 62.7122
1036 114.552 6.05123 44.9896
1037 105.71 -0.630447 42.968
1038 104.264 15.9624 62.6266
1039 90.0069 -0.802226 49.6929
1040 114.443 22.5158 66.2772
1041 93.0466 -0.465206 70.6671
1042 108.547 -0.289229 52.5079
1043 82.7318 -0.692078 60.4826
1044 104.077 -0.727167 53.1778
1045 94.2138 21.4773 75.6212
1046 91.4715 -0.544287 67.7514
1047 114.253 14.4314 66.3429
1048 104.158 -0.342155 83.5113
1049 103.566 -0.379337 73.4858
1050 114.824 29.3067 83.6447
1051 89.8957 -0.478343 61.5535
1052 75.8485 23.6493 75.4847
1053 115.33 3.14461 94.6157
1054 111.537 -0.0905848 80.7717
1055 114.516 1.31286 63.9426
1056 100.352 30.4471 98.4346
1057 113.646 17.3353 116.099
1058 97.6074 25.636 101.971
1059 101.718 24.5314 99.011
1060 114.676 20.7829 88.4165
1061 115.385 22.4888 103.17
1062 78.4223 17.5532 98.4897
1063 103.559 46.1772 99.9119
1064 100.363 19.7665 95.903
1065 114.802 10.8591 86.3231
1066 97.0043 11.6599 106.334
1067 108.755 7.5332 106.632
1068 115.295 7.04665 114.794
1069 100.572 9.72404 100.166
1070 102.761 42.7266 -0.856307
1071 84.3542 37.9572 10.0343
1072 104.311 40.9371 -0.768175
1073 102.861 41.8839 15.5322
1074 104.367 42.3418 2.28827
1075 98.5242 44.5691 -0.875661
1076 99.0079 59.6491 15.1348
1077 114.672 15.0241 25.5278
1078 102.91 40.4284 6.15368
1079 98.2247 56.8325 56.9393
1080 83.7164 23.501 29.7876
1081 107.225 33.6201 13.651
1082 85.1939 33.26 29.7502
1083 114.251 34.567 40.8163
1084 114.703 22.0115 11.7506
1085 101.453 41.7539 17.6409
1086 103.857 44.4186 45.7419
1087 114.451 50.2378 16.6551
1088 97.414 41.721 44.1525
1089 102.812 21.506 36.1099
1090 87.207 49.7828 52.4506
1091 82.0814 33.6826 46.2198
1092 96.7861 35.3314 46.1869
1093 78.2103 41.8347 63.1533
1094 100.686 33.816 77.3242
1095 96.5507 42.0104 52.396
1096 72.8161 65.3796 36.0476
1097 114.346 49.205 55.1583
1098 114.344 65.2404 71.7371
1099 114.686 32.1373 58.8609
1100 98.6556 -0.956499 37.0206
1101 114.138 36.5343 43.333
1102 88.1928 27.0794 58.5808
1103 81.861 23.5089 67.1697
1104 88.6439 23.7525 50.72
1105 92.7396 35.8205 54.4005
1106 114.752 25.4379 96.0718
1107 70.0188 23.6745 69.5499
1108 87.38 37.76 91.8211
1109 101.496 48.1968 74.9341
1110 115.154 36.8699 104.989
1111 99.7566 45.1877 71.3566
1112 115.043 61.1649 109.104
1113 88.3071 3.07533 38.3577
1114 78.5098 15.4893 56.8987
1115 115.693 35.772 103.74
1116 114.752 15.3215 95.1364
1117 114.802 29.7571 68.8308
1118 114.401 50.7029 53.0276
1119 76.3282 -0.297978 96.0298
1120 87.2219 63.4679 58.8414
1121 77.4072 21.5119 84.0291
1122 101.658 22.6502 89.1808
1123 64.5879 33.9084 94.1336
1124 114.552 14.8476 86.5506
1125 81.5828 64.2884 100.083
1126 79.9834 47.0441 78.6917
1127 97.6543 52.305 93.4872
1128 92.4036 42.173 104.147
1129 100.435 39.7334 108.049
1130 109.354 27.4633 116.041
1131 98.9754 44.6165 103.446
1132 102.282 42.1209 110.154
1133 115.378 34.969 111.344
1134 101.415 31.9338 104.077
1135 96.7876 44.0592 106.092
1136 79.2762 48.0965 106.405
1137 99.9285 53.1206 13.3917
1138 104.305 40.7163 4.26782
1139 95.5899 51.677 -1.10013
1140 108.548 45.9868 12.5987
1141 114.235 70.8858 36.2595
1142 114.116 72.5031 26.1245
1143 114.177 46.938 40.8745
1144 71.2362 43.9568 18.9714
1145 114.671 25.7621 23.8466
1146 114.115 58.6356 44.5326
1147 64.5035 71.639 -1.24418
1148 81.1179 49.1711 19.4768
1149 94.3089 68.2847 14.1051
1150 85.4412 49.2194 23.1927
1151 114.671 63.4074 32.2642
1152 77.0676 61.7245 58.6857
1153 114.138 74.8005 36.5656
1154 102.615 51.4333 31.9025
1155 69.6885 72.0292 45.968
1156 92.4969 60.1069 40.0815
1157 114.396 40.8575 80.2362
1158 86.7126 41.7146 25.6382
1159 59.5424 55.7834 33.6552
1160 114.862 85.3428 100.073
1161 108.059 47.9265 56.4467
1162 114.212 50.3983 49.336
1163 95.0579 51.8348 35.7422
1164 114.044 91.1378 32.1797
1165 114.137 34.5725 53.1707
1166 94.1082 80.3328 47.7205
1167 114.564 93.1331 87.8606
1168 90.2288 80.1254 58.4919
1169 114.484 50.4906 73.2176
1170 92.1586 72.2867 72.9946
1171 114.142 61.027 46.751
1172 114.243 30.7125 45.1388
1173 91.4502 55.9184 64.8105
1174 114.6 68.8778 79.8075
1175 73.129 69.9751 68.8949
1176 114.486 87.2734 69.1047
1177 114.384 71.2879 73.955
1178 88.8532 69.8214 96.315
1179 90.1185 51.4995 72.7347
1180 71.9277 33.6431 58.8677
1181 115.222 39.9643 72.7996
1182 64.7982 68.1953 100.294
1183 101.751 44.1969 91.194
1184 105.035 49.9922 68.8526
1185 74.6289 43.8517 94.1247
1186 87.3462 45.3582 70.498
1187 114.745 69.2242 87.9357
1188 114.588 42.9504 86.8034
1189 114.268 32.6191 72.4216
1190 114.594 60.8815 84.637
1191 96.9999 64.3179 83.6942
1192 87.2154 33.8713 100.151
1193 104.32 59.542 83.9396
1194 102.519 37.823 72.9887
1195 115.217 18.5253 102.728
1196 93.1387 80.2045 100.057
1197 86.0112 53.5925 100.592
1198 97.2376 62.3471 103.917
1199 69.9641 76.1326 91.9455
1200 80.3656 61.5252 101.635
1201 86.2517 55.0188 116.32
1202 94.7191 50.776 106.651
1203 109.277 59.9463 115.736
1204 104.715 76.9628 103.381
1205 93.795 57.7471 116.391
1206 107.826 64.9497 115.879
1207 95.4581 101.01 -1.307
1208 81.8591 75.6722 -1.44634
1209 97.0826 86.2558 16.2285
1210 114.77 81.2242 9.33
1211 84.0908 88.5581 8.22421
1212 114.513 82.6595 0.0688576
1213 89.8795 77.1211 -1.18834
1214 79.8706 72.3375 6.1018
1215 100.724 71.7388 12.9335
1216 105.473 86.208 -1.18607
1217 114.564 97.5748 22.4661
1218 114.345 70.9362 33.1121
1219 85.0491 83.7568 23.2582
1220 105.521 82.7139 15.845
1221 114.028 110.803 40.7919
1222 114.377 98.8422 16.4314
1223 73.5513 79.6087 21.0741
1224 75.9129 67.8845 20.7685
1225 114.162 52.7559 26.5236
1226 114.276 42.6308 66.0767
1227 104.084 114.354 65.8495
1228 80.0424 79.8035 70.7055
1229 82.648 85.0269 39.1838
1230 87.2603 57.9548 38.0209
1231 107.022 84.3554 72.9778
1232 114.142 76.948 42.5965
1233 78.376 88.8554 40.2707
1234 97.8844 89.9702 39.6935
1235 78.4754 90.363 62.7285
1236 114.177 75.1873 61.4106
1237 114.519 89.1036 18.5004
1238 114.187 107.277 65.0564
1239 85.3001 114.419 50.6873
1240 89.7402 106.361 50.0389
1241 114.464 53.4177 64.1953
1242 114.172 81.0135 46.9255
1243 114.042 44.5486 39.2113
1244 70.59 45.8889 100.43
1245 114.583 86.1199 56.2625
1246 114.33 74.9406 57.3459
1247 114.51 47.5535 91.0956
1248 114.322 70.5066 52.8732
1249 114.42 95.3576 90.2211
1250 114.209 106.873 77.008
1251 80.0468 93.7711 83.7184
1252 48.9183 77.7469 101.42
1253 114.535 64.4748 59.9092
1254 64.8135 68.0311 75.0649
1255 104.283 73.8037 48.0239
1256 114.059 102.783 65.7167
1257 93.9099 66.3655 89.7427
1258 114.679 77.7594 75.5253
1259 80.2176 47.7266 62.8
1260 85.5582 92.7069 97.7401
1261 114.579 53.2273 88.8627
1262 114.728 107.595 98.0092
1263 85.7375 82.459 83.0155
1264 85.1924 94.5807 95.6014
1265 114.842 71.7413 98.8729
1266 108.984 74.6489 109.857
1267 89.1175 71.1433 116.147
1268 115.018 70.078 108.591
1269 87.7115 77.2063 116.016
1270 102.084 82.242 115.8
1271 109.099 75.9267 111.341
1272 104.662 94.47 101.779
1273 87.355 85.9541 106.64
1274 106.216 96.4409 115.671
1275 94.624 80.3039 115.986
1276 114.977 81.2635 100.688
1277 91.9408 83.894 115.828
1278 77.8915 76.1882 116.35
1279 103.123 83.5107 98.5985
1280 109.179 72.1137 115.801
1281 114.53 88.8577 1.81968
1282 92.6336 114.107 3.9258
1283 105.595 114.115 10.084
1284 114.527 100.86 13.9891
1285 100.957 114.197 3.6987
1286 86.812 114.076 3.9097
1287 114.371 84.5543 46.5808
1288 86.8498 92.745 32.01
1289 114.016 95.2193 45.0256
1290 114.329 75.0276 15.5819
1291 86.8191 114.174 20.5269
1292 91.3135 114.184 29.7928
1293 114.372 82.282 20.6084
1294 108.117 113.781 16.9314
1295 76.7237 114.244 26.6543
1296 94.3253 114.39 59.88
1297 93.9413 114.058 38.5812
1298 114.346 112.334 30.644
1299 114.548 91.0658 15.7399
1300 114.038 112.736 34.3165
1301 114.263 95.1176 28.4357
1302 79.7461 85.484 46.6012
1303 113.756 112.839 54.6129
1304 98.6762 78.026 45.9085
1305 109.636 113.897 36.6274
1306 78.2361 113.632 -1.18384
1307 94.9137 80.106 60.3984
1308 104.209 94.1685 64.5805
1309 101.93 106.566 87.1499
1310 60.1696 83.9393 69.0863
1311 85.7026 77.5523 71.3165
1312 96.6729 83.6654 66.0136
1313 114.186 108.954 58.7889
1314 107.969 114.386 62.3112
1315 95.9087 96.2767 96.1825
1316 103.966 69.8901 82.8477
1317 106.892 98.4293 85.2221
1318 111.637 114.399 91.7493
1319 96.9118 114.287 76.0414
1320 101.827 96.1111 62.359
1321 111.305 114.369 82.9944
1322 94.42 102.978 91.0584
1323 115.018 97.92 95.9006
1324 114.832 113.285 96.5441
1325 91.8903 104.541 72.5598
1326 115.137 104.342 94.68
1327 85.9384 89.5528 97.2022
1328 114.556 109.468 96.6199
1329 95.4592 114.47 65.4706
1330 94.2254 114.639 72.08
1331 66.6346 98.534 91.7148
1332 88.7042 114.77 109.436
1333 91.5904 114.675 108.247
1334 96.3176 101.163 115.881
1335 95.7306 106.937 105.526
1336 115.058 103.678 113.853
1337 105.876 101.727 96.2173
1338 115.23 103.379 102.414
1339 115.236 112.133 114.183
1340 115.076 109.569 104.019
1341 84.8081 98.6907 111.904
