0 8.37696 21.8232 -0.162493
1 11.4591 1.92011 -0.183162
2 17.2025 18.3562 11.9632
3 28.7102 -1.53053 3.3018
4 27.0803 2.7694 -0.181139
5 9.44331 2.57004 3.83093
6 -0.280733 9.66873 1.5397
7 11.5837 6.79518 11.7578
8 21.4596 10.9145 -0.203135
9 -0.455042 13.8505 1.49336
10 0.463241 10.1966 26.3548
11 2.66014 18.3481 -0.206958
12 31.6923 25.2627 24.403
13 1.35598 -1.09752 9.68358
14 -0.525135 13.3642 12.8647
15 31.3187 31.3181 24.1923
16 1.02792 22.3925 38.8828
17 9.89505 -0.985293 52.9387
18 -0.548752 13.0823 16.6739
19 39.1806 21.5039 52.3145
20 18.4925 -0.759481 53.2826
21 0.57284 59.6658 24.3732
22 47.5293 23.93 60.7876
23 51.807 -0.49613 40.8037
24 1.31749 46.1386 59.2867
25 9.62845 -0.759924 32.9948
26 -0.310988 9.61565 16.8331
27 4.72741 12.4744 -0.0683433
28 57.0261 45.4597 53.859
29 2.82893 -0.355688 52.144
30 0.0722972 9.95129 107.803
31 0.762457 1.65496 31.1053
32 12.8665 -1.03752 17.8749
33 18.2862 18.8172 82.3295
34 0.626857 10.3713 103.101
35 36.5946 -0.659691 55.316
36 4.13653 -0.611367 48.7117
37 11.8889 21.312 54.7853
38 8.7731 -0.789684 59.4223
39 17.0077 -0.94995 76.5363
40 38.0384 -0.478358 61.5725
41 29.7546 -0.586467 63.1068
42 1.4405 16.6545 78.6222
43 42.0116 -0.688383 108.159
44 32.809 61.9917 86.6472
45 21.9751 -0.492343 103.681
46 -0.216832 25.3884 16.5347
47 3.19766 -0.346972 80.7243
48 36.2587 60.016 84.5506
49 27.4714 15.1874 114.273
50 22.4775 -0.400223 89.5419
51 25.1583 -0.281259 95.1907
52 33.5342 -0.374772 102.98
53 43.5153 -0.0757168 84.5465
54 20.6225 5.89058 120.329
55 19.9449 -0.481245 82.0512
56 24.3054 27.6494 86.8943
57 19.1127 25.1194 107.733
58 1.13938 11.7199 71.3792
59 30.7082 -0.40349 98.1411
60 9.62412 5.40763 114.597
61 8.0155 -0.588897 116.144
62 29.0266 15.0903 120.373
63 20.6445 10.7504 120.359
64 0.432372 0.451863 117.216
65 0.948718 -0.741766 112.615
66 18.1314 43.2514 11.637
67 22.7303 38.61 9.08477
68 10.6768 24.7359 7.53873
69 4.15964 41.9271 10.7584
70 27.564 20.809 19.7308
71 4.11439 39.9337 8.67087
72 28.2662 38.631 -0.645403
73 22.9938 29.3176 -0.600058
74 -0.3951 97.5602 15.5043
75 0.317897 40.248 24.2015
76 1.10035 36.8723 53.8478
77 0.390334 54.7606 26.1962
78 1.07607 8.46349 45.748
79 0.606682 22.4017 102.96
80 0.0833919 32.3175 19.8699
81 1.09485 27.9248 44.8914
82 39.4947 -0.378146 33.347
83 43.8338 45.5482 30.1512
84 1.05212 29.8296 50.6398
85 0.464544 18.546 26.3402
86 46.0777 33.3758 45.6388
87 37.5644 53.4919 45.4795
88 41.8294 81.9284 64.6099
89 0.712809 32.9881 44.0913
90 1.59885 6.51643 59.85
91 56.5437 77.5482 44.9296
92 1.07404 46.2011 77.4479
93 29.5383 -0.689163 53.0126
94 -1.01344 26.8839 3.79258
95 22.5833 8.35934 56.2308
96 48.9473 37.0465 74.2965
97 61.8433 43.1053 21.7651
98 59.919 21.0422 32.4683
99 1.04785 22.6614 35.2167
100 1.15859 49.8141 47.3983
101 47.0227 31.7127 56.3924
102 1.15539 40.05 49.7159
103 48.9724 69.6352 58.4525
104 63.8017 17.6421 52.3312
105 3.07571 0.501101 68.5624
106 60.2187 56.3133 73.991
107 51.7537 15.4468 65.0619
108 0.750221 16.5415 31.9487
109 0.984962 44.1081 92.1814
110 38.1352 21.4968 103.868
111 1.28695 34.9005 59.3736
112 67.4886 55.8649 103.841
113 0.943429 35.3161 97.5288
114 27.5547 55.8444 103.978
115 24.035 64.109 88.649
116 17.6489 51.8367 103.566
117 23.2931 39.617 69.3771
118 0.827757 68.2242 52.9102
119 18.8865 54.9812 113.234
120 0.938786 76.8761 91.5246
121 0.317069 66.7205 103.053
122 24.9095 41.791 91.189
123 0.481423 42.3 103.197
124 33.569 21.351 104.028
125 30.1125 25.4624 106.215
126 21.6033 56.1775 120.012
127 21.7802 46.2284 112.764
128 14.933 22.2223 120.435
129 18.8091 45.8605 112.224
130 6.08574 34.3524 120.122
131 7.51668 37.2393 120.079
132 27.463 28.9584 98.6462
133 23.3235 27.9273 112.815
134 16.8816 67.9497 14.876
135 3.95713 60.9997 -0.350306
136 22.6323 66.9368 -0.929746
137 21.1235 60.961 12.8485
138 9.88268 57.7503 18.1157
139 -0.528258 68.0728 10.893
140 44.4244 51.4957 17.1766
141 1.16155 70.8003 55.6791
142 -0.370856 54.0543 12.5972
143 -0.76625 0.0347645 3.33693
144 29.3106 -0.762072 32.7239
145 -0.608465 80.9484 14.0315
146 16.8602 73.6469 15.4439
147 1.25822 54.0716 59.7529
148 0.198688 40.2617 19.7627
149 29.0114 75.3871 32.5097
150 0.210379 31.8398 27.3696
151 56.9489 63.9265 23.2099
152 30.37 71.6283 62.4955
153 23.2789 47.3582 35.023
154 30.7858 15.306 50.0847
155 50.5028 53.2057 36.8569
156 0.943125 14.0488 39.0796
157 1.02227 110.771 67.5098
158 1.17139 46.4653 64.2765
159 23.0239 37.1789 17.7354
160 35.0012 64.394 61.0576
161 44.932 41.3903 58.869
162 1.06511 82.978 60.1077
163 1.19195 20.5216 49.206
164 1.08272 51.4899 60.8747
165 51.5754 32.3952 53.6772
166 0.775937 50.2571 39.0116
167 0.98103 47.0795 81.1824
168 28.4234 31.7815 63.2332
169 1.0537 65.1279 75.0835
170 0.32156 93.774 99.7013
171 36.4384 59.9333 91.0063
172 44.6795 60.6326 64.453
173 53.116 55.2569 91.2471
174 0.882329 73.0341 96.0841
175 4.48225 60.9499 119.779
176 47.7298 73.9911 99.3066
177 31.518 64.2226 104.042
178 1.20314 68.3777 41.1105
179 67.6662 19.6601 93.3855
180 1.3429 56.7759 70.6014
181 0.691318 72.4721 101.146
182 7.49276 114.25 97.2913
183 1.16912 55.3138 63.2295
184 25.1922 57.9229 95.4015
185 1.01723 72.3618 87.1698
186 0.0171563 61.2302 100.838
187 3.14238 68.6479 109.52
188 0.393969 97.667 100.469
189 23.1746 51.8075 104.09
190 4.99222 47.7962 110.17
191 -0.172436 66.8567 118.486
192 11.4777 63.5393 111.261
193 18.7852 68.5859 119.883
194 0.104676 50.947 111.358
195 8.92893 59.5989 119.935
196 17.7174 53.753 113.882
197 20.4648 51.7126 115.989
198 28.7585 62.399 120.004
199 8.29088 64.6319 10.4921
200 9.12697 91.6325 11.3815
201 16.6736 80.4458 6.21954
202 13.0541 73.5689 17.5724
203 28.3841 77.8198 8.81578
204 10.3376 75.3502 11.4892
205 7.75937 85.8245 -0.588188
206 14.1845 73.4729 15.2685
207 9.8576 74.5089 18.8187
208 18.4189 71.3882 11.2837
209 10.5503 113.742 42.8389
210 66.923 73.6786 30.0665
211 13.5561 87.5126 17.5274
212 29.1826 77.6056 32.5256
213 0.839479 64.2293 40.9695
214 21.3958 89.5788 21.6697
215 0.0443201 89.3064 24.2937
216 88.4108 67.4917 21.196
217 10.5555 73.5739 21.9644
218 0.886831 98.9779 37.6182
219 0.229447 47.8357 23.9361
220 0.323903 59.1379 20.6123
221 37.5955 37.2749 21.6791
222 1.2012 16.3672 88.2655
223 -0.626021 76.6146 6.5226
224 19.4682 113.758 9.85197
225 1.23592 76.2825 53.6408
226 15.838 55.2065 21.9805
227 22.1846 113.804 37.3259
228 1.02781 113.427 15.8459
229 1.30193 86.6069 54.8924
230 0.909934 109.135 82.3744
231 0.860373 35.4285 78.0739
232 1.87568 113.495 51.9219
233 1.2098 54.247 47.4919
234 0.793265 50.876 29.0931
235 36.2248 77.8662 51.7396
236 22.3602 69.7747 52.1026
237 33.5407 33.5781 54.2981
238 0.92449 64.3455 53.124
239 -0.0616819 40.5527 109.095
240 60.1261 83.4907 25.4682
241 34.8713 84.9024 61.2514
242 1.25404 66.9628 64.5762
243 0.555961 87.5491 98.0177
244 37.3831 113.943 86.6557
245 1.07372 56.2059 48.631
246 45.8925 77.35 45.0376
247 49.0307 61.9528 75.7544
248 24.4953 94.1704 73.4003
249 1.01718 47.9312 88.3101
250 74.6035 59.7502 97.3808
251 0.882743 112.296 61.7081
252 0.874107 47.0222 98.8919
253 43.2245 79.9966 88.6176
254 1.33226 100.603 73.8167
255 0.0241273 109.429 112.667
256 21.0997 110.207 88.3588
257 0.131597 73.5737 104.255
258 1.45143 114.096 107.187
259 1.453 42.2904 76.9348
260 0.820801 84.2103 48.6806
261 1.00151 66.8367 37.9443
262 0.717443 105.292 91.8288
263 0.0955666 4.02028 117.026
264 50.4537 53.2582 98.0524
265 0.620552 81.0446 100.516
266 0.969657 43.8784 69.3174
267 -0.0652977 63.3142 107.062
268 13.8371 84.1599 86.1403
269 25.945 67.2255 106.582
270 0.0731962 112.732 100.387
271 14.4958 87.7103 119.747
272 21.7993 68.6943 120.023
273 10.0899 77.0082 119.99
274 9.06698 83.9104 119.779
275 25.8651 72.0221 103.741
276 30.1685 76.4484 99.4732
277 41.5806 80.7329 119.79
278 25.0496 110.243 -1.19404
279 26.8597 95.4836 9.2417
280 12.3072 89.2017 -0.556095
281 6.58019 113.771 7.71138
282 16.6424 113.611 10.521
283 0.505001 97.305 -0.439918
284 59.9696 63.7107 32.1776
285 0.907878 72.4872 44.5857
286 24.6849 113.937 10.8876
287 27.4718 113.588 33.7141
288 -0.57048 104.822 14.7089
289 1.76706 113.247 33.1597
290 -0.843722 90.8141 8.66311
291 2.22187 113.483 5.85336
292 0.513643 64.5457 31.4836
293 3.87472 83.957 -0.565304
294 0.540557 78.0262 25.9089
295 3.7379 113.708 12.8668
296 12.5726 113.783 8.38905
297 20.7004 85.2491 43.7776
298 18.8908 113.713 29.8336
299 0.23634 64.3773 23.9022
300 1.0092 91.5552 72.9941
301 17.0451 74.9625 -0.944563
302 0.802765 110.407 51.079
303 0.439224 112.007 35.6909
304 9.69825 114.015 56.5047
305 35.5852 113.788 16.4975
306 21.6849 113.546 25.6626
307 38.3683 113.769 4.05855
308 32.8237 113.568 28.1672
309 -0.362757 70.473 12.9656
310 36.2491 87.3171 51.8368
311 10.6321 113.409 33.1458
312 17.6141 113.408 27.6586
313 13.7039 113.628 50.2513
314 11.367 114.12 71.4827
315 1.10082 74.7521 76.3011
316 9.60371 113.904 53.6156
317 6.89791 113.744 53.6538
318 0.755644 86.2459 38.7846
319 27.5074 113.97 62.5556
320 5.276 113.622 51.2044
321 16.2984 114.428 93.8308
322 0.222433 96.7476 103.69
323 34.706 113.828 52.9068
324 9.81263 114.215 74.9136
325 37.6682 45.5643 49.7749
326 0.937707 68.6788 91.4042
327 0.0617781 106.833 105.71
328 20.3627 114.42 100.726
329 41.779 86.7615 105.408
330 25.1209 113.911 75.7777
331 21.4547 114.509 105.903
332 80.9953 98.0378 76.9279
333 1.11312 104.841 62.1451
334 3.68498 113.87 94.7508
335 0.369387 83.6159 103.03
336 0.67692 60.5053 91.341
337 48.9175 83.9482 82.0655
338 28.7724 114.416 113.206
339 25.9764 107.236 119.621
340 -0.0563528 99.4642 107.205
341 17.4662 104.176 106.045
342 14.5592 106.791 114.06
343 31.2922 12.6962 -0.456526
344 30.628 8.55173 9.59695
345 55.8136 18.9779 3.45948
346 45.6553 13.0045 -0.382517
347 53.1043 -1.22744 21.259
348 42.7836 7.62825 22.5079
349 34.5488 14.1327 -0.299399
350 40.2171 19.1468 10.8876
351 45.2913 24.7268 7.1717
352 15.3623 -0.641704 37.1145
353 60.4061 -0.357101 58.0265
354 23.8886 -0.614823 49.7921
355 64.3141 2.80347 -0.511502
356 60.0475 -0.686277 35.4941
357 90.8207 31.1204 37.0157
358 22.8219 9.15942 4.91628
359 49.7769 39.4801 39.1113
360 11.7481 21.3469 21.7876
361 64.3438 -0.302261 43.1455
362 43.3794 44.6138 49.4466
363 25.947 -1.23319 6.27066
364 19.8959 42.8866 17.5654
365 53.5039 -0.45922 73.3814
366 1.33778 52.5784 66.3814
367 30.4601 -1.02076 20.4563
368 42.813 -0.849302 54.5439
369 58.4244 41.6176 73.6177
370 24.9949 -0.430778 56.7106
371 1.39528 23.9994 61.6578
372 18.6645 -0.855594 67.25
373 68.4765 7.06512 56.1089
374 77.2126 39.6635 60.3832
375 76.0889 37.9331 80.224
376 8.68319 -0.630938 64.942
377 20.1792 -0.951295 68.1822
378 64.6072 -0.321909 89.2438
379 53.4065 51.6175 75.5975
380 30.4214 -0.506912 94.999
381 83.1526 -0.216471 100.194
382 79.9946 28.0394 71.2674
383 52.7999 -0.478869 104.134
384 30.8605 56.2774 95.0311
385 40.847 -0.207147 75.9399
386 32.169 -0.702136 39.8774
387 59.1744 -0.297101 103.421
388 34.988 -0.419373 101.519
389 51.8106 44.0629 71.3734
390 50.5656 17.1278 106.685
391 77.5108 33.6378 105.714
392 50.5891 15.4698 73.9373
393 50.5412 11.8821 120.315
394 40.6102 5.95058 120.174
395 46.1025 24.1101 116.853
396 36.2564 21.126 120.303
397 36.2006 0.866604 120.274
398 44.544 -0.573908 114.68
399 50.5141 12.8371 111.813
400 63.898 -0.600687 112.744
401 53.1843 5.04368 120.559
402 28.4952 30.682 -0.608577
403 21.3462 36.8555 9.57226
404 31.3852 38.7833 5.07953
405 54.2649 37.4078 -0.924742
406 55.531 40.6155 -0.983902
407 51.3577 32.8688 17.5389
408 25.0388 34.8155 5.44922
409 45.7172 36.856 15.0052
410 31.4332 29.5411 -0.337693
411 46.8699 36.4906 -0.718208
412 31.3397 43.7342 9.97248
413 26.2055 43.1702 13.4406
414 64.4529 22.8787 17.8034
415 15.9422 34.8325 18.0904
416 64.2237 25.7746 32.3491
417 33.9105 39.1056 13.5075
418 35.524 37.1898 13.6406
419 35.2656 12.7953 17.6337
420 36.8082 36.7452 11.1061
421 35.9895 6.98978 26.5796
422 41.6307 55.4401 45.4086
423 46.5613 -0.655886 52.5299
424 57.2239 13.5184 41.4667
425 42.5841 27.5643 45.5363
426 58.9023 21.6713 54.1677
427 74.2389 -0.535473 35.4761
428 59.7122 37.8055 38.6907
429 57.6022 49.7454 45.4889
430 89.1081 48.0289 36.8966
431 41.9007 59.4442 45.3208
432 30.8544 47.6234 45.612
433 57.1127 45.5152 36.6554
434 52.5559 21.7853 75.9983
435 48.9629 35.2073 56.2848
436 63.8936 71.4691 30.1963
437 51.264 59.5379 36.6469
438 1.20256 16.311 57.5979
439 62.7072 40.2331 57.9018
440 57.097 31.7283 97.5845
441 53.5222 19.2839 54.1426
442 49.5069 17.4867 74.1125
443 23.7996 73.5224 53.9224
444 83.5285 61.8989 60.2993
445 18.6914 33.4853 80.3475
446 113.543 26.6896 29.893
447 86.6351 -0.640896 38.7413
448 37.6782 24.1034 80.0057
449 28.344 19.6681 71.7111
450 49.1392 45.5382 49.6909
451 33.161 56.7145 34.1137
452 58.741 37.6804 82.1721
453 12.8011 59.578 50.0679
454 21.0657 27.4743 86.8481
455 65.1593 35.7665 97.5917
456 61.2171 45.868 75.7699
457 24.0613 35.4585 65.0921
458 75.6795 24.1562 82.0289
459 64.6387 39.7711 77.968
460 97.0552 68.2399 81.9844
461 51.8687 40.049 71.2745
462 59.0434 -0.111805 99.0694
463 60.5037 55.994 97.4547
464 36.686 33.3178 65.1691
465 37.7428 -0.519536 95.9106
466 63.1659 27.5189 67.3657
467 98.2094 29.9507 92.8875
468 61.6675 41.7584 95.3581
469 39.1827 -0.601485 102.635
470 30.3604 50.3991 109.778
471 49.0756 37.6184 113.893
472 54.1616 33.6994 112.235
473 49.7707 33.8003 112.043
474 14.6328 17.8665 120.566
475 47.4876 29.3394 120.201
476 47.8079 37.909 110.158
477 43.1196 55.6682 111.451
478 60.6054 18.0465 120.334
479 39.0392 54.76 101.587
480 36.8676 62.8995 -0.807548
481 45.4641 56.213 13.6525
482 39.9841 37.9274 -0.580333
483 42.4896 53.4482 -0.969337
484 42.2575 43.451 34.7552
485 62.7948 55.8295 53.9428
486 0.266753 47.7788 27.3398
487 25.7321 65.8836 20.1407
488 19.4193 81.6301 32.6526
489 82.7735 77.9061 47.1111
490 20.5975 44.8935 26.7094
491 37.7846 100.023 25.9128
492 76.6741 55.6791 30.3585
493 0.884137 29.5179 42.2835
494 28.6296 69.8809 82.2922
495 -0.635943 53.781 0.835077
496 22.878 41.5546 78.0055
497 50.2118 27.3837 41.2383
498 0.980125 68.3985 49.1069
499 22.1764 44.6851 43.1945
500 61.432 63.8345 47.4495
501 79.6131 61.6177 43.0943
502 46.4696 69.469 32.3819
503 47.6505 37.0101 67.8115
504 71.2944 66.1428 80.1717
505 44.4344 55.5589 41.1167
506 20.9774 41.8169 80.3818
507 38.9056 89.8946 86.2067
508 69.1639 78.0993 103.747
509 58.4947 45.6005 71.4822
510 1.065 81.3939 86.8813
511 75.5027 50.1511 66.835
512 1.38684 63.3155 59.4731
513 0.6486 81.3625 58.2483
514 49.1242 106.366 99.1835
515 44.8778 53.6887 71.3764
516 84.5335 41.7386 94.9417
517 58.548 85.9963 71.2479
518 67.2523 61.865 82.3001
519 75.7247 57.9647 82.1333
520 58.5176 59.9446 84.4719
521 57.7485 54.0053 69.1047
522 81.4545 46.2498 92.6851
523 63.8039 65.9892 92.8353
524 31.4761 72.3428 99.6416
525 45.9993 80.1349 97.4385
526 37.701 68.0167 91.0602
527 23.1583 56.2858 101.491
528 60.3831 58.3328 90.5295
529 26.4025 41.8235 97.5365
530 66.1207 62.0934 101.44
531 31.9025 62.4764 120.156
532 34.6294 63.6121 107.532
533 54.8452 50.5709 120.077
534 40.0082 56.1901 105.931
535 40.3592 69.4172 112.679
536 54.748 58.979 107.304
537 38.2313 80.8836 -0.849559
538 44.028 85.1396 -0.97644
539 33.8664 86.8286 -1.08619
540 52.4665 73.6054 8.89487
541 48.5392 105.768 18.5865
542 32.7012 68.637 -0.802157
543 26.8358 76.9112 -0.900282
544 50.5499 63.4658 17.2416
545 59.9799 75.5054 32.518
546 63.4163 91.6454 34.2248
547 42.5763 92.9689 14.3792
548 60.3359 53.5337 24.1006
549 49.8381 83.4019 31.9305
550 58.2688 75.1089 14.5544
551 54.997 63.4582 25.8768
552 13.8587 71.5431 28.4906
553 0.890331 112.299 74.6755
554 56.2058 75.5127 23.6646
555 70.9831 114.134 1.89957
556 0.90845 20.32 41.0798
557 29.058 61.1743 30.4848
558 89.3693 39.5075 27.9578
559 93.1915 69.6823 23.3754
560 78.1702 82.0668 21.5306
561 29.321 57.6359 54.2825
562 52.755 65.3153 25.4977
563 68.584 81.7047 21.3639
564 51.8229 73.7123 21.4544
565 11.959 55.8299 26.7802
566 1.26378 52.5541 57.7494
567 48.5452 113.664 30.3364
568 56.9356 113.86 56.229
569 58.2863 74.0135 68.9879
570 68.2535 75.8263 44.9711
571 8.08795 75.6575 54.385
572 34.8448 59.7174 49.6164
573 22.4331 102.177 75.3427
574 60.0597 113.936 70.1439
575 36.9194 69.652 47.2987
576 31.5832 40.96 26.4244
577 54.6997 53.7519 64.9002
578 0.386981 73.9841 30.1315
579 30.6506 88.1635 97.2101
580 68.4703 89.6025 57.7916
581 62.927 102.726 85.7847
582 70.0366 99.4804 92.1874
583 67.2251 61.8941 95.0839
584 26.4105 96.1111 64.9053
585 1.19705 63.0164 85.1265
586 39.5821 64.0736 77.8633
587 47.8434 84.091 84.3932
588 38.8662 114.186 72.7654
589 1.04378 66.9644 55.2103
590 62.9869 95.7306 98.3769
591 38.9017 75.6945 75.4228
592 13.895 86.3117 97.19
593 51.7144 70.0922 82.1835
594 23.0024 114.278 95.2996
595 0.152855 55.3237 106.432
596 58.8756 83.8623 108.944
597 49.8612 72.196 109.864
598 56.1275 80.3407 94.7829
599 57.472 89.2676 112.677
600 32.9405 77.9443 111.517
601 51.7827 75.7179 110.52
602 59.9327 91.9392 79.5778
603 1.27191 100.915 56.8493
604 38.9685 80.065 77.7109
605 61.1989 60.2441 105.897
606 67.2045 66.1835 99.3056
607 21.7498 63.9722 97.6905
608 54.4532 74.5694 64.1589
609 31.614 74.8695 103.165
610 43.0626 85.7368 112.786
611 48.9977 67.7416 115.633
612 39.2381 84.5437 111.787
613 33.0828 72.9357 107.485
614 46.1209 79.0025 110.72
615 43.1933 78.9839 119.733
616 25.5027 90.0252 -0.761444
617 43.8905 112.521 -1.11586
618 55.3406 113.825 0.0216546
619 35.3608 91.7108 9.01881
620 51.0273 113.808 2.06289
621 40.7555 100.158 8.65455
622 56.7915 103.028 -1.37482
623 41.2169 114.083 19.3537
624 29.7165 100.198 8.39177
625 33.7153 113.867 6.29011
626 43.7614 92.0504 8.7591
627 18.5215 113.35 19.796
628 43.5698 114.434 81.9873
629 43.143 113.889 47.563
630 11.8796 113.401 27.78
631 34.0034 90.2272 11.2836
632 -0.0867508 112.048 18.4158
633 36.6523 106.976 -1.30195
634 49.8447 113.894 38.0467
635 62.9653 113.867 47.3446
636 31.758 113.951 56.8601
637 19.2082 88.0543 38.8395
638 69.5354 113.868 42.1343
639 72.9106 79.4935 21.4875
640 62.7461 100.087 51.4538
641 58.373 113.686 28.2401
642 51.5932 100.215 66.7052
643 23.6619 113.772 47.6263
644 75.5937 52.0719 17.0243
645 62.901 113.868 55.9551
646 0.703377 44.0647 36.1552
647 27.3296 73.5955 30.2366
648 52.1391 114.167 64.4466
649 40.2563 114.619 103.831
650 47.3665 114.007 80.0961
651 39.2343 113.897 81.4211
652 46.6903 79.9863 79.9002
653 55.8575 113.792 58.4083
654 54.4123 84.3534 73.5273
655 21.4158 101.852 47.3962
656 68.5558 51.5909 40.9927
657 0.723561 49.977 75.8964
658 36.4482 90.1591 88.4813
659 48.8528 114.081 70.3967
660 33.124 114.278 93.3771
661 11.4054 113.812 67.0324
662 32.1792 114.106 75.0748
663 43.1628 113.776 69.49
664 18.1528 114.039 82.1709
665 35.7145 114.219 98.8584
666 13.7846 113.906 85.384
667 17.1195 71.609 60.7781
668 2.53569 114.05 88.7033
669 67.2158 114.083 64.1747
670 53.2064 108.119 62.3305
671 23.2013 77.3972 45.4167
672 18.9615 60.3267 99.465
673 0.997404 80.8039 74.8753
674 29.3104 92.2657 97.1276
675 61.3074 114.196 76.9876
676 30.7589 114.006 62.8429
677 18.572 110.072 119.807
678 47.6035 114.345 98.4343
679 28.7737 114.671 109.352
680 28.8845 103.248 119.814
681 47.4703 101.211 119.671
682 52.8865 109.393 119.632
683 38.8025 83.7813 108.377
684 56.0461 114.652 109.923
685 26.9881 114.846 95.4484
686 33.013 114.527 114.331
687 41.7262 110.342 119.588
688 63.1558 114.756 113.228
689 54.5404 100.223 119.487
690 59.8884 114.988 107.825
691 75.7233 11.21 -0.626043
692 61.5735 15.0874 -0.399115
693 81.2873 11.2454 -0.61927
694 78.5228 15.3046 -0.658065
695 70.075 11.4308 -0.603235
696 58.3986 23.1813 19.672
697 78.7134 6.9368 11.5162
698 69.739 43.8179 38.5641
699 59.3756 23.0542 9.34854
700 56.1884 -0.731409 50.7736
701 85.8316 -1.03664 15.2587
702 91.5185 34.5876 -0.779428
703 19.504 9.577 35.7197
704 85.7991 14.2325 -0.651058
705 53.0087 -0.823131 17.6186
706 60.326 -0.106295 71.414
707 55.9033 10.2728 49.6117
708 80.8431 43.5924 62.1898
709 44.6839 10.8631 48.4762
710 53.1699 13.5991 48.1578
711 61.1676 -0.762625 30.6428
712 60.1159 -0.59187 48.4405
713 60.157 57.6231 23.8524
714 94.9973 19.4119 45.4869
715 69.8977 -0.20364 55.8234
716 69.9212 -0.405036 50.3631
717 65.771 -0.581954 48.4537
718 38.9988 21.9791 75.8286
719 47.5931 -0.713356 115.367
720 113.421 0.766783 44.393
721 81.7632 -0.0282185 93.7366
722 43.128 21.5133 56.4084
723 95.3386 7.7006 69.2775
724 59.2385 -0.222769 89.544
725 67.2348 -0.486157 41.8052
726 54.6789 -0.529657 74.7961
727 35.3533 55.862 47.5673
728 67.6162 43.7029 75.6116
729 54.6274 17.9304 67.5739
730 61.7273 21.5004 67.146
731 70.0518 -0.526999 67.6864
732 114.038 4.87293 83.4198
733 86.4923 -0.476347 100.869
734 89.1071 5.77442 107.868
735 75.0818 9.04089 113.775
736 82.2739 20.4377 119.918
737 59.2342 21.0361 120.016
738 77.7319 15.0591 106.769
739 83.9718 23.671 105.846
740 82.0609 12.1221 111.656
741 63.4224 19.3008 118.924
742 64.7866 16.271 120.38
743 92.2602 19.6356 97.6494
744 56.6686 7.23412 106.139
745 66.3895 5.92062 120.192
746 59.2942 -0.444872 107.775
747 74.8634 30.8333 119.981
748 69.9186 30.4531 13.7136
749 72.7665 43.5399 -0.949288
750 84.3439 41.4452 11.0282
751 75.6588 39.1974 9.04017
752 75.6375 27.4829 -0.630055
753 61.149 24.2449 -0.569134
754 61.6478 39.2788 36.6372
755 80.6049 45.6469 30.17
756 67.3193 -0.652276 29.1536
757 31.5534 30.7147 20.1939
758 68.0732 25.1965 19.8166
759 50.3346 37.0325 34.3559
760 62.1306 31.5014 28.2638
761 55.6259 -0.654572 33.3395
762 14.6933 47.3521 28.3925
763 77.0489 -0.636119 28.3859
764 110.734 -0.1099 79.2266
765 66.9751 -0.591677 54.5965
766 26.9519 21.1979 43.7268
767 76.607 51.8567 30.3844
768 56.0861 -0.480012 63.3741
769 113.544 10.6894 51.0109
770 105.288 13.0698 17.4836
771 88.2591 -0.183824 65.5278
772 64.4071 28.0749 60.4741
773 76.2957 31.936 101.727
774 23.7844 37.9993 89.3079
775 74.1493 32.9253 56.4547
776 44.943 33.3965 71.8912
777 37.8564 28.1507 101.528
778 113.431 44.6589 35.3635
779 113.328 66.9862 67.572
780 40.623 40.2374 84.1186
781 19.8169 27.566 80.3906
782 47.0493 11.6586 87.0027
783 113.814 13.4587 86.1382
784 80.424 23.992 88.6184
785 69.1035 62.2079 79.9074
786 83.2327 53.7123 101.368
787 33.7508 37.5313 91.1296
788 56.0305 45.5793 71.6556
789 67.6231 29.8908 97.3687
790 32.5348 15.747 69.7499
791 91.5918 41.4576 99.7825
792 68.3902 21.7623 91.073
793 61.7884 -0.427328 63.5774
794 114.971 88.1318 106.559
795 58.9928 50.1841 99.9936
796 57.6796 35.7595 110.317
797 93.6154 -0.345672 110.929
798 63.2271 44.5811 96.0405
799 94.5122 29.2291 99.8501
800 80.4304 43.3314 102.187
801 46.1647 33.3516 97.3222
802 77.4264 31.9308 95.3796
803 87.9069 55.8887 99.244
804 54.6292 47.4998 120.211
805 64.9246 33.5419 119.999
806 67.1237 29.7453 104.128
807 73.6248 21.1783 120.132
808 64.5841 46.3659 101.342
809 85.009 41.8001 106.002
810 85.4835 41.5306 -1.00939
811 77.2553 59.1324 -1.23163
812 55.4946 55.7644 -0.907198
813 57.1101 57.7163 4.42427
814 56.9933 61.6849 16.6057
815 65.7492 44.8617 14.7282
816 48.8184 61.2803 14.9981
817 79.8602 57.7183 12.7159
818 65.6293 50.2147 7.54494
819 70.6768 59.5485 11.0285
820 82.3297 41.3446 13.1246
821 71.3177 60.5201 14.4421
822 60.4821 51.2482 8.79984
823 74.3223 9.45837 37.0563
824 75.429 63.6871 19.3208
825 70.5272 75.7638 42.8171
826 64.1084 69.3984 11.1039
827 78.3903 22.7251 19.2826
828 75.335 54.0247 51.9104
829 55.9546 29.3719 19.5227
830 56.2625 41.7556 69.1288
831 114.364 68.9231 14.3651
832 49.9624 37.8279 54.1285
833 89.1863 95.5597 57.5114
834 24.3439 70.9584 23.6068
835 97.778 81.7388 34.4263
836 54.4063 49.5899 23.9347
837 61.1824 65.7374 34.6104
838 93.2909 54.3085 58.3262
839 64.554 35.9175 64.7052
840 41.8101 55.4917 65.2377
841 72.6564 49.4691 68.8049
842 37.2614 45.7959 93.2836
843 88.3169 35.8232 81.9923
844 42.1792 54.2838 74.0706
845 69.9702 62.0581 95.1088
846 35.1702 73.9403 75.5773
847 19.4018 91.7964 91.1502
848 59.9416 62.2084 42.7765
849 67.1052 57.8622 95.0245
850 114.489 88.3165 100.611
851 18.8818 41.9314 104.227
852 57.8528 70.1764 90.7306
853 86.5086 51.6995 71.2064
854 73.5807 47.8644 88.7244
855 88.5777 69.8909 77.6552
856 79.5143 41.7831 75.5285
857 21.4371 41.6293 91.1065
858 75.8891 22.2391 78.2414
859 63.2398 29.9493 90.805
860 70.1522 76.3081 99.3099
861 34.6524 62.5215 102.11
862 63.4453 88.6081 105.401
863 98.6726 44.3486 97.4753
864 68.6436 58.2578 106.168
865 81.5724 41.7686 101.979
866 60.4864 43.6798 97.6882
867 77.579 62.4225 103.561
868 83.5162 62.3392 105.8
869 80.5699 54.2055 105.946
870 81.8965 49.9919 120.01
871 70.3312 65.8762 119.781
872 73.5888 61.9554 119.916
873 84.7981 64.2787 103.667
874 89.1877 50.4954 119.854
875 83.2082 63.6278 119.865
876 79.8222 74.9605 8.08702
877 66.9435 74.2413 5.29394
878 83.972 77.8211 4.66971
879 65.4205 82.1266 -1.34983
880 67.0335 88.2391 19.2082
881 68.1842 78.0583 -1.46791
882 71.3694 77.6958 22.8358
883 59.9921 71.8764 2.44925
884 71.4307 66.1141 -1.10907
885 58.3757 92.5279 11.4415
886 95.1777 72.6619 24.3813
887 64.3312 77.9182 13.0794
888 91.0931 59.6197 34.2915
889 88.3781 51.698 17.4128
890 82.5727 77.1591 17.3719
891 72.0159 95.9232 42.7893
892 48.7221 57.5132 53.9679
893 80.989 73.8321 21.3902
894 113.432 92.6737 57.1247
895 71.4134 45.7284 38.5978
896 92.9399 91.684 23.3425
897 90.1392 69.8563 49.5151
898 81.1859 89.1963 16.6201
899 71.2399 88.0282 45.0929
900 54.4439 83.7585 36.4711
901 109.077 57.6937 38.5714
902 52.2081 87.9208 53.9009
903 80.2067 95.9966 62.3708
904 113.504 72.7548 31.3037
905 113.381 33.0855 44.7802
906 86.129 92.2985 68.8595
907 114.102 97.5104 95.2078
908 51.3501 113.766 44.0732
909 73.2672 83.8587 62.5369
910 111.451 114.191 66.6137
911 57.3713 110.082 79.3509
912 58.9016 78.0587 77.774
913 104.309 88.0263 64.2934
914 43.8316 85.8838 66.772
915 113.353 73.3747 56.891
916 115.009 73.1639 108.19
917 43.6508 57.5841 62.5057
918 56.2356 68.497 90.5339
919 55.007 70.2034 82.0783
920 92.8121 58.0984 101.33
921 113.069 78.1258 55.6476
922 71.6046 57.7742 92.6174
923 114.187 63.6636 89.2445
924 90.2859 70.0129 96.973
925 70.734 92.2287 79.7784
926 83.6205 88.4559 92.716
927 40.7655 47.958 99.7335
928 23.3849 78.1457 103.708
929 57.9713 84.4639 111.743
930 58.961 82.1959 119.855
931 76.6962 76.5031 113.887
932 67.572 80.986 119.524
933 71.6827 78.3301 97.636
934 76.1186 78.3642 119.7
935 66.2118 87.5405 119.566
936 64.228 74.4073 105.614
937 67.6796 90.1947 119.67
938 85.5457 99.2781 7.16496
939 56.8946 90.1041 -1.19443
940 61.2216 106.17 16.7479
941 69.7638 84.1654 -1.24555
942 64.2009 87.5483 27.7876
943 62.6738 113.958 27.246
944 82.6046 113.728 18.4535
945 56.7197 94.0264 28.1
946 55.4516 103.835 14.7269
947 71.1707 113.538 21.5153
948 64.0463 91.2765 13.2982
949 23.6765 108.102 -1.08991
950 75.2003 91.3696 40.238
951 79.4662 113.659 30.2859
952 69.7798 113.962 71.1679
953 77.0315 97.5103 17.1588
954 16.3939 99.5703 47.5814
955 69.9888 113.828 16.1402
956 84.9336 98.0823 25.3679
957 58.2349 113.657 41.2853
958 52.0542 114.124 73.5416
959 96.1463 113.916 44.3946
960 36.774 45.4741 39.1978
961 51.2356 114.03 49.0784
962 72.4703 114.158 75.6936
963 61.4879 114.028 66.9066
964 59.7012 113.667 31.4862
965 72.6274 113.687 44.9253
966 86.4695 113.915 46.393
967 57.0161 114.041 47.6774
968 76.5048 106.141 49.1334
969 79.4537 114.261 78.3745
970 72.4747 101.334 36.7082
971 75.3728 113.992 62.5093
972 55.9057 114.289 94.4555
973 30.6706 105.734 45.2502
974 45.87 113.833 40.1913
975 72.5359 114.057 50.6823
976 81.2279 80.2536 99.0292
977 75.1961 113.944 66.9293
978 57.6004 82.1595 58.2081
979 48.8512 104.915 74.6544
980 113.38 29.0955 60.9265
981 112.26 84.2497 119.318
982 65.3973 114.152 74.7678
983 66.8529 114.083 58.1148
984 82.7 94.3651 84.125
985 65.6517 113.979 91.9941
986 95.1477 114.433 89.3704
987 55.984 114.455 102.51
988 71.5205 86.4761 88.4153
989 92.6102 68.435 105.669
990 78.6303 82.8893 96.0205
991 71.7251 114.05 100.65
992 73.2422 87.8268 112.751
993 38.8862 90.0788 90.868
994 23.4401 81.851 75.6466
995 72.6607 114.306 79.637
996 64.4482 114.477 97.1716
997 49.11 -0.668725 112.839
998 68.8032 100.42 119.261
999 61.7258 114.586 115.1
1000 78.8917 110.39 119.247
1001 63.2549 103.348 119.544
1002 78.8619 94.2384 119.431
1003 53.1351 90.1052 114.304
1004 79.9302 114.774 108.965
1005 84.7298 114.997 113.505
1006 90.2685 94.5934 103.345
1007 57.6405 104.766 117.703
1008 114.613 14.1338 16.2753
1009 97.3347 13.3368 11.6464
1010 97.3825 18.6513 -1.03557
1011 108.442 2.19232 -0.668688
1012 92.9898 -1.29719 0.881667
1013 102.826 16.6842 6.73934
1014 86.8159 21.095 9.32953
1015 86.8568 -0.368936 30.2108
1016 114.495 30.3176 15.7599
1017 95.7274 -0.924536 16.1466
1018 86.5193 12.9012 7.28269
1019 98.2188 -0.712844 25.789
1020 104.878 -0.259914 49.2707
1021 94.3051 7.3815 21.7981
1022 61.7001 21.0079 42.9738
1023 68.6601 -0.717766 22.7978
1024 103.485 -0.167019 64.504
1025 110.816 -0.362294 31.3634
1026 95.1641 39.7236 23.9147
1027 101.574 -0.771538 17.3729
1028 113.791 54.2496 24.7425
1029 77.279 -0.569775 24.0462
1030 113.453 26.4302 37.6839
1031 72.9454 17.4437 73.4185
1032 113.348 24.7303 44.03
1033 59.676 21.5524 69.3723
1034 107.837 -0.133199 58.0073
1035 113.382 4.96025 61.0542
1036 113.477 12.9008 53.347
1037 107.606 -0.273293 52.4607
1038 79.0829 23.6227 60.688
1039 86.9911 -0.510336 55.0115
1040 113.699 34.1465 28.9489
1041 72.9358 -0.558775 68.9435
1042 112.087 -0.308877 47.4693
1043 81.3527 -0.612233 58.6201
1044 92.4192 -0.446887 64.6017
1045 61.7405 43.9611 77.8328
1046 92.5997 -0.314467 68.7612
1047 113.518 10.4043 33.8244
1048 106.645 -0.426841 80.435
1049 109.928 -0.0447302 88.9535
1050 114.691 65.9044 103.695
1051 95.0859 -0.601355 37.2228
1052 68.5698 41.9305 64.89
1053 113.914 5.00313 87.2541
1054 101.588 -0.11902 97.7652
1055 111.783 -0.110099 55.8691
1056 87.3708 31.6404 90.9647
1057 112.074 11.0913 119.825
1058 108.334 24.729 96.0676
1059 74.7136 13.6092 95.4057
1060 114.185 36.5314 90.5435
1061 89.8794 -0.100511 80.6319
1062 74.6198 10.0576 97.6566
1063 101.707 29.9303 103.53
1064 88.604 25.7766 93.0586
1065 114.955 10.6533 102.776
1066 97.0043 11.6599 109.872
1067 108.755 7.5332 110.17
1068 115.295 7.04665 118.332
1069 100.572 9.72404 103.703
1070 102.761 42.7266 -0.856307
1071 84.3542 37.9572 10.0343
1072 104.311 40.9371 -0.768175
1073 102.861 41.8839 15.5322
1074 104.367 42.3418 2.28827
1075 98.5242 44.5691 -0.875661
1076 113.732 60.3768 22.5087
1077 113.796 2.80905 24.9068
1078 102.818 40.4536 6.21601
1079 113.599 59.0873 29.8007
1080 88.8749 21.5305 36.7397
1081 107.16 33.5474 13.5848
1082 113.246 4.91309 44.5191
1083 113.242 58.2824 51.2087
1084 113.668 46.8175 25.5424
1085 114.99 0.65594 14.0317
1086 113.283 32.6734 56.6151
1087 114.694 86.9984 12.1532
1088 91.0227 49.5291 40.756
1089 103.573 17.4584 41.2488
1090 60.884 43.7404 58.355
1091 82.4886 22.5962 45.6876
1092 90.471 55.7093 40.8349
1093 67.2938 45.7668 62.7543
1094 113.43 17.2992 65.6857
1095 113.907 9.54687 45.6535
1096 72.4388 45.1957 41.0567
1097 113.193 64.7069 65.1006
1098 114.19 85.2799 99.8181
1099 113.242 36.3186 56.8047
1100 83.8275 -0.490795 47.1163
1101 113.329 46.7835 55.3307
1102 93.7835 16.1659 82.4394
1103 74.0547 9.84905 73.4914
1104 67.9879 15.5014 47.726
1105 81.2443 31.8822 69.1643
1106 95.0117 47.5732 119.696
1107 26.7529 21.3918 74.0392
1108 77.253 39.8732 92.999
1109 113.512 38.9042 67.8442
1110 114.81 34.6913 102.368
1111 95.2316 79.9521 81.7004
1112 115.301 64.9526 116.101
1113 88.0403 -0.627184 35.5702
1114 65.9919 11.0839 69.1421
1115 113.849 0.774761 27.0596
1116 105.876 -0.209034 99.5179
1117 113.538 20.8755 66.2411
1118 113.468 71.3918 72.1798
1119 63.468 -0.290715 104.263
1120 83.737 70.419 70.8425
1121 66.1042 -0.31111 78.6191
1122 115.237 41.2069 112.442
1123 63.4741 16.0377 87.0886
1124 110.576 -0.109076 66.7008
1125 83.2268 58.2766 101.452
1126 67.2129 65.9033 75.61
1127 113.95 47.8223 43.2
1128 92.0613 42.261 107.582
1129 100.435 39.7334 111.587
1130 109.354 27.4633 119.579
1131 98.9754 44.6165 106.984
1132 102.282 42.1209 113.692
1133 115.378 34.969 114.882
1134 101.415 31.9338 107.615
1135 96.7876 44.0592 109.63
1136 79.2762 48.0965 109.942
1137 99.9285 53.1206 13.3917
1138 104.305 40.7163 4.26782
1139 95.5899 51.677 -1.10013
1140 108.548 45.9868 12.5987
1141 111.321 113.798 55.36
1142 113.565 81.5852 19.3132
1143 113.306 57.0427 57.4791
1144 64.9109 40.9949 19.6474
1145 114.032 29.0009 26.5362
1146 113.506 76.3339 38.9777
1147 27.7892 103.715 -1.1562
1148 92.6778 60.3835 16.6724
1149 94.2642 68.324 13.8287
1150 114.628 7.91814 14.5993
1151 113.467 49.1343 36.2756
1152 70.989 47.6089 55.9477
1153 79.575 103.503 -1.44907
1154 55.0015 87.6359 17.1888
1155 55.522 51.5176 49.7087
1156 69.1323 77.9484 36.3598
1157 113.861 59.6196 84.0439
1158 95.3566 53.135 21.0925
1159 28.1515 55.3183 30.0685
1160 112.461 114.385 97.8309
1161 113.663 58.102 33.1727
1162 113.393 81.1439 39.1263
1163 94.885 49.8211 38.8685
1164 113.57 108.769 30.8009
1165 113.57 48.1734 44.9692
1166 91.9767 75.9849 44.8701
1167 113.176 101.799 118.949
1168 54.1516 88.8328 60.7938
1169 114.002 24.8594 91.9203
1170 84.5199 70.0541 75.3873
1171 113.643 48.2831 31.2193
1172 113.759 23.1526 71.9253
1173 82.3428 51.4477 62.9275
1174 113.971 56.9593 82.8204
1175 57.5383 48.047 73.846
1176 113.455 61.2485 69.8278
1177 114.539 45.0688 103.624
1178 64.8702 68.1886 88.6086
1179 89.7502 61.9175 79.8026
1180 70.2133 33.3953 58.7075
1181 113.725 65.4037 82.9757
1182 96.7975 42.0398 99.1373
1183 113.968 75.6338 85.0328
1184 87.8553 47.3328 63.0334
1185 62.1621 23.7539 86.6853
1186 113.326 34.4394 67.4339
1187 115.12 53.4516 107.961
1188 113.744 61.5827 81.9191
1189 113.561 17.0148 57.5976
1190 114.415 101.236 99.5078
1191 85.1334 45.9453 92.8274
1192 71.7039 60.205 92.5676
1193 113.575 64.6446 56.6663
1194 114.062 31.663 75.6983
1195 114.61 18.6544 98.2385
1196 80.1857 63.8742 101.435
1197 74.6239 60.6015 99.7057
1198 97.2376 62.3471 107.455
1199 61.4026 86.222 97.0176
1200 80.3656 61.5252 105.173
1201 86.2517 55.0188 119.858
1202 94.7191 50.776 110.189
1203 109.277 59.9463 119.274
1204 104.715 76.9628 106.919
1205 93.795 57.7471 119.929
1206 107.826 64.9497 119.417
1207 95.4581 101.01 -1.307
1208 81.8591 75.6722 -1.44634
1209 97.0826 86.2558 16.2285
1210 114.77 81.2242 9.33
1211 84.0908 88.5581 8.22421
1212 114.513 82.6595 0.0688576
1213 89.8795 77.1211 -1.18834
1214 79.8706 72.3375 6.1018
1215 100.724 71.7388 12.9335
1216 105.473 86.208 -1.18607
1217 113.457 70.7695 33.4299
1218 113.712 40.4275 32.0233
1219 72.0296 93.785 25.5578
1220 113.306 110.784 29.2469
1221 113.432 89.6969 43.5316
1222 113.696 96.8837 22.7841
1223 79.632 113.653 25.7929
1224 56.394 95.7402 32.3265
1225 113.701 80.9464 27.4384
1226 114.736 22.2822 101.334
1227 81.0137 114.299 84.0491
1228 29.3229 67.6531 69.1558
1229 74.1348 89.443 18.5744
1230 77.5649 51.5761 36.6199
1231 114.919 66.7024 105.46
1232 113.28 62.9905 72.1767
1233 53.0983 73.2845 34.2039
1234 79.2659 75.8203 45.1455
1235 67.7242 113.844 61.7729
1236 113.913 69.4361 87.1966
1237 114.512 93.2576 9.34764
1238 114.233 87.7576 93.8402
1239 90.7218 114.092 60.2724
1240 77.9976 114.09 62.6113
1241 113.565 31.1179 42.5938
1242 113.275 97.0294 57.2434
1243 114.114 23.2465 34.7754
1244 68.9481 59.882 97.262
1245 113.33 66.8793 50.2446
1246 113.207 69.3818 65.6526
1247 114.511 2.89888 97.5678
1248 113.527 89.5035 61.6271
1249 114.006 109.703 90.8654
1250 113.199 100.806 74.2017
1251 69.8977 114.053 76.7478
1252 70.2853 57.9413 95.3256
1253 111.434 113.907 50.96
1254 49.8931 70.0003 84.3141
1255 113.665 101.687 44.6628
1256 113.159 76.6434 61.8506
1257 103.986 51.9501 96.6997
1258 113.447 63.3392 49.9832
1259 75.9802 49.6858 80.0846
1260 83.9415 68.5085 103.371
1261 114.301 55.804 83.9238
1262 99.3961 114.501 90.2662
1263 85.6933 108.203 101.082
1264 79.917 102.312 81.7
1265 114.324 89.04 98.7254
1266 108.984 74.6489 113.395
1267 89.1175 71.1433 119.685
1268 115.018 70.078 112.128
1269 87.7115 77.2063 119.554
1270 102.084 82.242 119.338
1271 109.099 75.9267 114.878
1272 104.662 94.47 105.317
1273 87.355 85.9541 110.178
1274 106.216 96.4409 119.209
1275 94.624 80.3039 119.524
1276 114.977 81.2635 104.226
1277 91.9408 83.894 119.366
1278 77.8915 76.1882 119.888
1279 103.123 83.5107 102.136
1280 109.179 72.1137 119.338
1281 114.53 88.8577 1.81968
1282 92.6336 114.107 3.9258
1283 105.595 114.115 10.084
1284 114.527 100.86 13.9891
1285 100.957 114.197 3.6987
1286 86.9491 114.096 4.06514
1287 113.364 106.896 66.917
1288 102.143 113.934 22.3593
1289 114.483 89.0866 13.5508
1290 114.495 2.37325 8.47745
1291 93.6247 113.926 25.8802
1292 79.4494 114.088 43.1455
1293 113.398 108.61 35.2526
1294 113.595 112.3 31.2226
1295 79.7386 114.284 56.7151
1296 86.6775 114.261 68.239
1297 71.2566 113.929 47.2512
1298 113.278 84.5109 35.9833
1299 114.082 83.2442 16.4965
1300 96.6268 113.863 22.7793
1301 113.322 104.753 31.2958
1302 70.8102 90.0772 45.0196
1303 114.426 101.588 17.6163
1304 113.393 112.487 44.5096
1305 98.8527 113.874 31.8724
1306 48.354 89.9483 -0.972948
1307 81.024 114.113 71.1757
1308 113.564 72.583 51.9272
1309 58.6051 114.259 85.6047
1310 81.2037 98.5752 70.6011
1311 113.692 89.1742 87.0898
1312 113.991 95.1213 92.4232
1313 113.15 101.261 60.7876
1314 111.326 114.187 74.7971
1315 82.099 82.358 99.0608
1316 86.6507 82.1747 84.0772
1317 93.7064 95.8298 81.1848
1318 114.192 112.78 99.8007
1319 95.1902 114.405 79.6959
1320 66.0345 100.137 62.0282
1321 110.465 114.391 89.8556
1322 86.5519 92.4093 92.4476
1323 113.629 109.188 81.6958
1324 97.6521 114.142 72.3994
1325 83.0656 114.594 103.576
1326 113.702 102.735 80.5134
1327 84.4286 68.4927 92.9957
1328 113.212 112.691 86.067
1329 97.8218 114.341 62.24
1330 85.1668 114.096 74.4944
1331 78.6155 76.9042 101.666
1332 88.8806 114.783 112.768
1333 91.5904 114.675 111.785
1334 96.3176 101.163 119.419
1335 95.7306 106.937 109.064
1336 115.058 103.678 117.391
1337 105.876 101.727 99.7552
1338 115.23 103.379 105.952
1339 115.236 112.133 117.721
1340 115.076 109.569 107.557
1341 84.8081 98.6907 115.442
