0 8.37696 21.8232 -0.162493
1 11.4591 1.92011 -0.183162
2 17.2025 18.3562 11.9632
3 28.7102 -1.53053 3.3018
4 27.0803 2.7694 -0.181139
5 9.44331 2.57004 3.83093
6 -0.280733 9.66873 1.5397
7 11.5837 6.79518 11.7578
8 21.4596 10.9145 -0.203135
9 -0.455042 13.8505 1.49336
10 0.651734 2.25065 26.805
11 0.00541993 44.1086 19.365
12 33.4097 30.9717 24.1355
13 1.64702 -1.03623 13.7801
14 1.04371 40.4935 32.613
15 39.3101 29.1575 22.0658
16 3.14873 -0.531857 39.829
17 11.718 -0.531469 64.5769
18 0.132788 23.1799 15.8298
19 49.0664 13.4205 52.7538
20 12.7804 -0.453622 46.317
21 1.03495 68.3248 36.656
22 37.9718 22.285 60.8393
23 38.0113 -0.434948 49.0338
24 1.65297 50.6954 77.5675
25 9.78965 -0.737659 31.8473
26 7.46316 30.9858 -0.253374
27 -0.7233 34.053 8.39438
28 73.9409 53.4589 54.1891
29 1.12395 2.96028 65.513
30 1.23025 26.9781 90.1591
31 -0.577183 33.5556 13.0952
32 14.2994 -1.13097 18.4676
33 24.0255 15.9628 83.6332
34 6.16293 18.0081 121.463
35 36.6837 -0.473079 60.9859
36 14.8256 -0.742818 52.8099
37 35.3059 15.7658 54.6978
38 5.36158 -0.838466 46.8702
39 18.6261 -0.437143 72.4661
40 43.7975 -0.573356 63.6223
41 29.6631 -0.620999 63.1806
42 1.35473 32.2896 84.5553
43 40.7207 -0.371803 105.743
44 41.672 71.8805 87.5258
45 20.6036 -0.563304 105.646
46 0.504007 21.1315 18.2997
47 3.07674 -0.150434 82.1687
48 40.6958 52.0703 87.6447
49 27.9142 15.1831 115.513
50 17.7012 -0.425524 102.541
51 22.283 -0.154619 94.7008
52 37.9969 -0.282756 102.597
53 40.7398 -0.384873 84.2001
54 16.4474 4.85418 121.505
55 19.978 -0.263185 83.0207
56 18.1822 23.6345 87.7264
57 19.6584 25.5195 109.529
58 2.98672 -0.210863 87.0741
59 36.4398 -0.307268 103.594
60 9.62412 5.40763 115.755
61 8.0155 -0.588897 117.303
62 29.0266 15.0903 121.531
63 20.6445 10.7504 121.517
64 0.432372 0.451863 118.374
65 0.948718 -0.741766 113.774
66 18.1314 43.2514 11.637
67 22.7303 38.61 9.08477
68 10.6768 24.7359 7.53873
69 4.15964 41.9271 10.7584
70 27.564 20.809 19.7308
71 4.11439 39.9337 8.67087
72 28.2662 38.631 -0.645403
73 22.9938 29.3176 -0.600058
74 -0.51176 92.4101 14.0293
75 1.12176 17.8411 35.3211
76 1.72693 32.384 53.9143
77 1.01699 60.8005 41.5512
78 2.92607 -0.110684 52.8946
79 0.560575 16.8086 105.694
80 9.64337 55.8571 7.2938e-04
81 1.70499 28.0508 49.1645
82 38.9745 -0.625764 33.893
83 39.1351 49.3826 32.8644
84 1.69071 26.4331 60.7107
85 0.375796 11.6489 20.1756
86 30.2377 45.4478 45.9663
87 57.3156 50.7942 46.4184
88 37.9485 77.9905 65.3033
89 0.910666 55.6271 52.81
90 14.2655 -0.614905 42.4401
91 44.5784 80.1238 45.9702
92 1.71572 24.3469 79.7103
93 26.7343 -0.681659 54.8959
94 11.5865 13.8689 -0.385682
95 28.0224 13.2645 55.1676
96 28.5953 41.6264 74.2779
97 62.1618 55.6501 21.5929
98 51.3649 12.9809 32.7292
99 0.601066 12.2288 24.5156
100 1.34951 73.9752 55.7186
101 47.7054 17.4698 59.2713
102 1.69908 18.0372 61.2653
103 51.5043 71.8667 58.8109
104 70.4938 21.3826 50.5832
105 2.07039 0.722941 66.6967
106 54.537 56.2311 74.4782
107 54.7688 22.1134 65.5798
108 0.639223 26.5293 21.0131
109 1.14251 36.8975 97.6056
110 41.6206 17.6067 105.198
111 1.49608 34.6709 64.5774
112 74.9038 74.1062 97.86
113 1.14259 44.3415 92.6115
114 11.989 61.4887 100.888
115 30.4944 67.9066 96.3476
116 23.1022 60.0159 100.725
117 14.4858 39.6206 70.14
118 1.08095 94.8801 51.383
119 18.8763 55.111 114.193
120 1.41884 61.1618 74.8633
121 0.745936 72.3448 88.0331
122 1.27732 52.2798 89.0844
123 1.08491 2.60106 99.138
124 21.7579 11.3587 101.095
125 30.1125 25.4624 107.373
126 21.6033 56.1775 121.17
127 21.7802 46.2284 113.922
128 14.933 22.2223 121.594
129 18.8091 45.8605 113.383
130 6.08574 34.3524 121.28
131 7.51668 37.2393 121.238
132 27.463 28.9584 99.8045
133 23.3235 27.9273 113.973
134 16.8816 67.9497 14.876
135 3.95713 60.9997 -0.350306
136 22.6323 66.9368 -0.929746
137 21.1235 60.961 12.8485
138 9.88268 57.7503 18.1157
139 -0.528258 68.0728 10.893
140 38.4903 51.6116 17.3998
141 1.68366 50.0367 55.5244
142 -0.780517 54.4886 12.9562
143 -0.14307 -0.778822 3.21455
144 26.4211 -0.919434 31.7826
145 -0.194922 81.9785 24.9117
146 17.2553 81.9057 20.1115
147 1.61048 74.4824 69.4582
148 -1.11823 52.4879 2.36484
149 18.9544 71.6973 30.682
150 0.830509 60.2613 31.6522
151 46.0432 63.3973 23.685
152 33.7188 77.8753 63.2024
153 44.2047 47.4643 39.2073
154 25.2576 11.4119 50.7808
155 54.2639 49.959 34.3948
156 1.043 38.2555 34.8697
157 1.30271 106.684 77.607
158 1.6036 33.0085 63.2388
159 31.2725 38.8342 17.5245
160 44.6224 67.301 58.4782
161 59.0108 45.9689 58.9415
162 1.34431 94.9692 77.7975
163 1.68828 10.3582 61.0819
164 1.39431 71.0481 64.0862
165 56.328 27.4322 54.4922
166 0.543365 42.1138 25.7372
167 1.27567 38.5215 81.6206
168 25.2057 37.4824 63.8006
169 1.38054 52.2841 80.4167
170 1.18942 72.2646 84.5857
171 46.5841 64.0587 91.8448
172 33.7514 48.975 65.2451
173 61.7699 55.6629 98.3745
174 1.25915 76.9724 84.3925
175 4.5357 61.2158 120.923
176 65.922 74.1002 98.2512
177 24.0192 54.062 105.176
178 1.01989 84.4012 44.5732
179 50.6452 7.71212 98.8469
180 1.06144 43.8527 53.322
181 -0.428623 80.838 110.605
182 20.7061 104.515 121.003
183 1.66603 52.3604 62.7623
184 25.3959 49.6126 100.668
185 1.62885 70.424 73.5646
186 0.0171563 61.2302 101.996
187 3.25055 68.6345 110.598
188 0.883786 99.2638 94.1524
189 23.1746 51.8075 105.248
190 4.99222 47.7962 111.329
191 -0.172436 66.8567 119.645
192 11.4777 63.5393 112.42
193 18.7852 68.5859 121.041
194 0.104676 50.947 112.516
195 8.92893 59.5989 121.093
196 17.7174 53.753 115.04
197 20.4648 51.7126 117.147
198 28.7585 62.399 121.162
199 8.29088 64.6319 10.4921
200 9.12697 91.6325 11.3815
201 16.6736 80.4458 6.21954
202 13.0541 73.5689 17.5724
203 28.3841 77.8198 8.81578
204 10.3376 75.3502 11.4892
205 7.75937 85.8245 -0.588188
206 14.1845 73.4729 15.2685
207 9.8576 74.5089 18.8187
208 18.4189 71.3882 11.2837
209 10.9565 113.697 41.8347
210 69.6138 71.7655 29.8303
211 19.4094 77.5461 17.6283
212 17.9006 75.7906 35.2543
213 0.999396 71.5788 35.965
214 31.4641 87.3623 21.5286
215 0.917797 90.7559 42.8419
216 90.5473 59.708 17.0475
217 -0.218494 75.8529 15.4002
218 1.23249 96.5793 53.6497
219 0.989976 42.0052 29.6314
220 0.0223543 60.7911 22.9511
221 26.8689 43.5498 20.1138
222 0.171104 30.952 108.568
223 0.190323 81.4878 15.7448
224 12.3892 76.8746 -0.655589
225 1.4772 78.7525 69.1227
226 34.3364 48.3474 18.339
227 21.6434 113.842 34.2378
228 1.15034 113.402 17.2708
229 0.811637 86.0799 38.0367
230 1.19225 88.499 88.4635
231 1.69935 20.4553 76.1758
232 1.06753 111.042 55.9985
233 1.32568 66.3594 47.1919
234 1.54245 46.514 64.4546
235 25.1728 85.7764 52.2336
236 17.9896 73.7118 52.3992
237 21.1387 29.3842 54.8834
238 1.46665 74.3899 77.064
239 0.776603 31.0394 104.362
240 66.7124 89.8982 21.5051
241 22.4795 79.9435 60.96
242 1.4174 91.281 73.4321
243 0.311259 92.6676 104.967
244 33.2567 114.003 82.202
245 1.29869 50.3912 51.0741
246 54.6079 71.7627 45.5118
247 40.6238 77.6464 76.1753
248 22.1576 93.8122 74.0294
249 1.17555 46.1355 86.1674
250 99.2062 56.1057 100.436
251 2.77809 113.765 67.6131
252 0.216392 38.4535 112.474
253 44.5627 85.9696 89.3866
254 1.43416 97.185 70.5678
255 8.97064 106.962 120.743
256 37.6294 113.801 79.814
257 0.765619 83.4057 103.117
258 1.55474 114.076 108.127
259 1.61094 26.4915 86.6301
260 1.22797 94.6974 46.9779
261 1.38629 76.8502 53.385
262 2.44082 113.846 95.2152
263 0.132666 4.24131 118.213
264 38.9832 55.7121 100.864
265 0.967685 76.9032 97.4156
266 1.32456 63.2316 82.402
267 0.191409 70.925 107.243
268 1.41557 78.7885 77.0042
269 25.3269 66.1459 104.894
270 -0.537174 111.268 111.338
271 14.4958 87.7103 120.906
272 21.7993 68.6943 121.181
273 10.0899 77.0082 121.148
274 9.06698 83.9104 120.937
275 25.8651 72.0221 104.899
276 30.1685 76.4484 100.632
277 41.5806 80.7329 120.948
278 25.0496 110.243 -1.19404
279 26.8597 95.4836 9.2417
280 12.3072 89.2017 -0.556095
281 6.58019 113.771 7.71138
282 16.6424 113.611 10.521
283 0.505001 97.305 -0.439918
284 76.7497 63.2224 32.5946
285 0.901561 72.7663 31.7992
286 26.8114 113.78 4.44526
287 26.4688 113.783 49.4854
288 0.315151 106.054 21.8528
289 2.78608 113.257 43.4413
290 -0.745455 90.4969 8.24875
291 2.29345 113.617 5.74714
292 1.28451 39.8042 46.0427
293 13.7837 85.9068 -1.07411
294 0.417781 94.4916 25.7704
295 0.206593 112.055 23.1303
296 12.4184 113.724 8.38575
297 33.3793 85.7294 43.4267
298 17.3009 113.476 28.0729
299 -0.762928 67.8299 14.1007
300 2.93806 113.477 76.4525
301 2.34582 113.43 13.9552
302 1.543 92.3438 66.0978
303 6.70038 113.744 43.6758
304 5.74904 113.605 69.0524
305 35.5427 113.567 16.8086
306 31.3708 113.637 22.9855
307 36.6877 113.698 14.4771
308 33.0788 113.738 29.651
309 0.53048 98.5893 25.1995
310 50.2274 90.9473 52.5797
311 10.5672 113.482 33.0915
312 21.5127 113.572 24.355
313 13.9936 113.511 46.1551
314 11.3989 113.877 73.4745
315 1.21612 77.0205 79.928
316 8.41264 113.572 56.2403
317 17.0137 113.751 52.1553
318 0.309844 86.3729 25.3809
319 26.3108 113.585 65.8068
320 1.28466 108.707 44.8757
321 17.5242 114.259 97.3226
322 0.804556 108.693 92.2319
323 34.8351 113.7 52.4722
324 8.5992 113.644 77.7488
325 44.3705 47.4565 50.0854
326 1.46478 60.8541 71.6158
327 -0.360211 105.847 117.553
328 22.7604 107.025 120.941
329 49.1045 81.9212 102.401
330 22.2632 113.806 72.1378
331 21.5725 114.524 107.864
332 79.9688 99.9746 78.2408
333 1.4363 106.113 64.9067
334 0.692951 113.143 100.539
335 1.10478 70.3617 98.4217
336 0.881438 32.5994 101.564
337 51.6893 82.4161 82.6099
338 28.7724 114.416 114.365
339 25.9764 107.236 120.779
340 -0.0563528 99.4642 108.364
341 17.4662 104.176 107.203
342 14.5592 106.791 115.218
343 31.2922 12.6962 -0.456526
344 30.628 8.55173 9.59695
345 55.8136 18.9779 3.45948
346 45.6553 13.0045 -0.382517
347 53.1043 -1.22744 21.259
348 42.7836 7.62825 22.5079
349 34.5488 14.1327 -0.299399
350 40.2171 19.1468 10.8876
351 45.2913 24.7268 7.1717
352 16.4672 -0.830036 33.7063
353 60.2749 -0.378483 61.9838
354 26.9679 -0.629673 50.2596
355 55.6787 3.8919 -0.484034
356 60.0421 -0.349267 35.6393
357 69.993 29.5091 34.8876
358 22.7813 9.24053 4.91026
359 37.6191 33.1764 37.2575
360 20.0852 28.9773 24.358
361 63.0173 -0.474845 44.7342
362 39.2434 43.8747 50.3647
363 25.7949 -1.10435 6.35242
364 27.6184 27.1935 22.1461
365 53.2421 -0.232214 59.8527
366 1.49452 46.4936 51.1733
367 35.0284 -0.875913 31.4786
368 32.1258 -0.625443 46.1296
369 47.7901 36.1972 74.2106
370 25.4899 -0.506943 56.7728
371 1.75617 20.2936 71.0301
372 17.2188 -0.473305 64.3881
373 54.7431 -0.345119 66.4936
374 55.9617 44.6592 60.7923
375 78.1373 42.0701 78.7197
376 7.62181 -0.521105 62.3628
377 19.8882 -0.374759 68.6812
378 56.1286 -0.205477 90.2968
379 33.6586 45.4702 76.9063
380 29.4427 -0.314407 98.3795
381 81.4989 -0.231586 95.6404
382 83.9034 27.4985 70.3503
383 46.7765 5.52748 121.574
384 28.9128 64.0436 100.642
385 44.8214 -0.459454 72.8023
386 32.4077 -0.792303 41.4598
387 54.6995 -0.617144 111.084
388 35.1884 -0.283538 94.2564
389 45.0014 36.1683 72.4687
390 50.5656 17.1278 107.843
391 81.6231 33.7334 104.714
392 36.5666 21.7744 74.586
393 50.5412 11.8821 121.474
394 40.6102 5.95058 121.332
395 46.1025 24.1101 118.011
396 36.2564 21.126 121.461
397 36.2006 0.866604 121.432
398 44.544 -0.573908 115.838
399 50.5141 12.8371 112.972
400 63.898 -0.600687 113.902
401 53.1843 5.04368 121.717
402 28.4952 30.682 -0.608577
403 21.3462 36.8555 9.57226
404 31.3852 38.7833 5.07953
405 54.2649 37.4078 -0.924742
406 55.531 40.6155 -0.983902
407 51.3577 32.8688 17.5389
408 25.0388 34.8155 5.44922
409 45.7172 36.856 15.0052
410 31.4332 29.5411 -0.337693
411 46.8699 36.4906 -0.718208
412 31.3397 43.7342 9.97248
413 26.2055 43.1702 13.4406
414 55.4819 32.9837 17.4721
415 22.641 51.2236 19.9012
416 65.3479 29.3322 32.6016
417 33.8798 38.8807 13.3431
418 35.4325 36.9712 13.4218
419 34.6816 5.21087 17.6917
420 36.7584 36.7226 11.106
421 41.5368 5.32633 24.2884
422 47.2849 49.2646 46.0927
423 46.3314 -0.288713 57.6166
424 55.8582 3.27679 41.7648
425 43.3722 29.364 45.793
426 60.3565 30.0322 54.9198
427 75.4956 -0.344123 39.3444
428 48.7616 36.1084 39.7679
429 59.4911 39.6354 47.8879
430 82.1664 61.737 39.0302
431 46.119 63.6406 45.6328
432 30.8252 43.4606 45.9927
433 64.2384 49.3756 37.1602
434 47.798 31.8262 76.8185
435 57.4361 27.6333 56.8742
436 68.127 76.6404 30.6668
437 65.3805 57.6137 39.1636
438 1.69541 16.5477 71.3304
439 72.0328 31.6728 59.1149
440 42.4106 29.45 96.307
441 38.9096 29.3676 52.3945
442 57.1934 11.6983 74.549
443 27.7061 69.6293 54.2852
444 72.8537 59.851 60.9663
445 1.74368 40.9895 84.9137
446 113.786 26.894 25.0407
447 78.6664 -0.761596 38.8896
448 38.8747 31.7512 79.032
449 30.9015 17.7211 72.4917
450 42.1516 45.8928 49.9101
451 28.6622 53.4542 32.8274
452 43.4424 43.7935 79.1244
453 14.6079 57.5965 50.3451
454 31.3377 23.8514 85.8954
455 44.8741 39.7649 100.753
456 53.0789 45.0623 76.9639
457 32.2456 31.5384 65.5447
458 86.6685 21.3676 82.6181
459 69.8328 41.9787 79.1256
460 75.506 69.6276 82.5547
461 54.7686 37.6424 72.3962
462 54.9008 -0.531123 106.12
463 55.1638 55.9525 96.4435
464 43.122 41.3608 65.9563
465 36.5046 -0.232792 99.6614
466 58.692 25.9102 67.6978
467 98.9957 32.0363 96.0003
468 59.8547 39.6162 96.2145
469 36.5991 4.64584 121.567
470 30.3604 50.3991 110.936
471 49.0756 37.6184 115.051
472 54.1616 33.6994 113.393
473 49.7707 33.8003 113.201
474 14.6328 17.8665 121.724
475 47.4876 29.3394 121.359
476 47.8079 37.909 111.316
477 43.1196 55.6682 112.609
478 60.6054 18.0465 121.492
479 39.0392 54.76 102.745
480 36.8676 62.8995 -0.807548
481 45.4641 56.213 13.6525
482 39.9841 37.9274 -0.580333
483 42.4896 53.4482 -0.969337
484 51.6019 47.5366 34.7955
485 63.3685 41.6426 56.9417
486 -0.611918 74.0709 8.45214
487 22.326 65.6726 26.25
488 26.2372 81.2428 30.6018
489 77.6377 81.8508 45.5136
490 14.4182 35.4591 24.117
491 34.6447 91.5959 28.1275
492 58.6176 69.764 30.4665
493 1.21621 32.9339 45.5485
494 32.4105 76.0142 85.1496
495 18.4076 69.0198 -0.919816
496 18.4824 51.7043 78.7007
497 45.7752 37.6821 41.6393
498 1.18398 72.4098 49.5238
499 26.9963 45.5008 43.6783
500 67.1535 64.0297 47.5707
501 62.1193 65.6428 43.3597
502 37.3439 67.7739 32.424
503 42.0853 47.9446 68.0898
504 83.759 67.7964 80.5241
505 26.3283 61.2359 41.1632
506 13.7836 39.4952 78.8652
507 51.5585 90.151 91.8001
508 73.1571 79.0616 105.205
509 50.7405 39.3915 71.9634
510 0.972765 83.4906 98.6132
511 58.6546 47.7001 67.8835
512 1.49779 68.8719 58.414
513 1.46712 98.9831 68.5913
514 47.302 110.288 98.0034
515 26.7152 53.7612 74.347
516 79.7657 41.7936 96.3896
517 39.0677 82.2181 70.0139
518 76.8554 68.1053 83.0243
519 58.5326 48.1061 83.1158
520 64.5672 59.8774 87.4759
521 52.999 52.0277 72.4018
522 61.6759 39.4331 89.52
523 68.1983 61.9673 93.7984
524 21.9083 71.5865 98.0147
525 50.2402 88.5242 95.5252
526 43.4458 59.1389 91.3365
527 22.0109 60.1755 104.656
528 63.0585 74.3591 89.6071
529 8.72839 35.5501 98.5949
530 64.745 52.0462 100.785
531 31.9025 62.4764 121.314
532 34.6294 63.6121 108.69
533 54.8452 50.5709 121.235
534 40.0082 56.1901 107.089
535 40.3592 69.4172 113.837
536 54.748 58.979 108.463
537 38.2313 80.8836 -0.849559
538 44.028 85.1396 -0.97644
539 33.8664 86.8286 -1.08619
540 52.4665 73.6054 8.89487
541 48.5392 105.768 18.5865
542 32.7012 68.637 -0.802157
543 26.8358 76.9112 -0.900282
544 34.4305 65.012 17.7254
545 66.9176 73.1736 32.7333
546 51.3129 85.8777 32.4766
547 41.2618 93.371 15.5923
548 55.5144 61.5643 19.2739
549 55.6259 78.1071 32.1392
550 50.1033 65.1542 24.2796
551 67.1409 51.2694 23.6279
552 17.565 73.4681 28.2654
553 1.08254 104.057 74.3734
554 58.4786 67.8423 23.8485
555 71.8451 114.421 10.7536
556 1.15789 26.2202 34.2655
557 21.9415 59.1503 28.1956
558 109.135 37.9974 26.6586
559 86.9355 63.8967 23.7954
560 74.239 97.8159 23.4064
561 28.2858 67.3022 54.2573
562 62.7733 69.8168 28.2004
563 69.8955 80.2052 20.9095
564 28.574 71.1062 20.1804
565 13.3373 61.6401 22.2102
566 1.66548 56.9557 79.3129
567 48.5098 113.557 32.0789
568 56.8966 113.731 56.4975
569 36.4167 70.3698 71.4866
570 65.239 75.6371 43.1615
571 14.1697 75.2743 54.4457
572 33.6995 61.5258 50.1732
573 29.4386 97.9453 76.1413
574 64.2805 113.701 72.0904
575 42.17 69.9224 47.982
576 41.6317 43.9165 30.1447
577 54.4876 57.7403 65.5949
578 0.497024 73.9649 26.299
579 38.3085 84.6384 106.91
580 88.4093 75.9202 58.5276
581 72.1269 94.36 87.0628
582 68.6525 114.331 101.515
583 54.5109 60.1878 96.3609
584 25.1503 89.9983 65.4677
585 -0.63599 51.9958 109.402
586 39.1082 61.8495 78.7245
587 40.3261 88.0101 82.9325
588 26.5955 113.746 75.7963
589 1.54411 61.0351 57.6567
590 44.4245 100.397 100.246
591 39.509 79.8855 76.2499
592 26.3593 84.5363 96.5272
593 51.8695 76.0896 87.4206
594 21.8184 114.364 102.739
595 0.584586 54.3125 103.55
596 58.8124 83.6383 110.145
597 49.9217 72.2313 111.053
598 47.8816 78.3345 98.0123
599 57.4116 89.7169 113.495
600 32.9486 77.974 112.715
601 51.7827 75.7179 111.678
602 45.9458 86.0431 83.0749
603 0.804878 103.527 56.5879
604 39.1069 81.8317 80.9182
605 60.0829 64.5665 105.115
606 54.4552 70.0386 100.629
607 21.4805 53.8456 104.842
608 59.8492 72.0434 65.631
609 31.614 74.8695 104.323
610 43.0626 85.7368 113.944
611 48.9977 67.7416 116.791
612 39.2381 84.5437 112.945
613 33.0828 72.9357 108.643
614 46.1209 79.0025 111.878
615 43.1933 78.9839 120.892
616 25.5027 90.0252 -0.761444
617 43.8905 112.521 -1.11586
618 55.3406 113.825 0.0216546
619 35.3608 91.7108 9.01881
620 51.0273 113.808 2.06289
621 40.7555 100.158 8.65455
622 56.7915 103.028 -1.37482
623 41.2169 114.083 19.3537
624 29.7165 100.198 8.39177
625 33.7153 113.867 6.29011
626 43.7614 92.0504 8.7591
627 21.61 113.577 21.4639
628 33.511 113.778 77.9111
629 41.9236 114.028 67.7915
630 18.7436 113.767 25.5362
631 34.1404 90.0986 11.3084
632 -0.00513087 102.769 15.9331
633 59.8649 113.563 31.7881
634 51.3039 113.862 40.9482
635 62.7298 113.882 49.1262
636 33.6063 113.633 60.3465
637 13.6773 87.8859 38.9219
638 69.6625 113.509 32.582
639 79.6155 84.2994 21.6429
640 75.1522 91.8403 51.9454
641 49.8964 113.786 19.8597
642 59.6765 101.783 67.4074
643 22.4801 113.741 51.5851
644 62.7905 47.2242 21.5329
645 62.6879 113.683 56.7895
646 0.67936 44.3051 31.9507
647 29.7806 75.5985 30.3042
648 53.1122 113.973 63.6545
649 40.0976 114.344 104.604
650 32.0321 113.884 74.4846
651 37.5401 114.038 84.1789
652 48.6142 84.033 80.5361
653 64.2001 113.643 59.934
654 25.0219 92.1607 74.067
655 19.0869 93.6093 48.0004
656 69.7301 47.5451 41.2509
657 1.42625 65.1135 75.9847
658 21.0267 80.0703 91.9016
659 48.9316 113.803 70.1666
660 31.9076 114.198 97.0589
661 11.507 113.643 69.1184
662 29.7839 114.104 80.6457
663 37.8444 114.04 66.671
664 18.1956 114.077 84.2082
665 38.7766 114.135 99.476
666 14.0893 113.939 86.6858
667 17.307 77.5086 61.1474
668 6.28955 114.087 97.3404
669 70.9974 113.849 70.4238
670 57.2378 113.903 62.4041
671 34.7322 85.751 45.5735
672 30.4384 65.8916 100.524
673 1.35573 62.1462 64.4299
674 28.9283 106.216 100.304
675 57.3539 113.942 71.0853
676 37.9335 113.981 61.1498
677 13.359 73.8163 121.279
678 53.2257 114.104 93.9284
679 28.8767 114.504 110.567
680 28.8845 103.248 120.972
681 47.4703 101.211 120.829
682 52.8865 109.393 120.79
683 38.8025 83.7813 109.535
684 56.0461 114.652 111.081
685 26.9881 114.846 96.6066
686 33.013 114.527 115.49
687 41.7262 110.342 120.747
688 63.1558 114.756 114.386
689 54.5404 100.223 120.645
690 59.8884 114.988 108.983
691 75.7233 11.21 -0.626043
692 61.5735 15.0874 -0.399115
693 81.2873 11.2454 -0.61927
694 78.5228 15.3046 -0.658065
695 70.075 11.4308 -0.603235
696 58.3986 23.1813 19.672
697 78.6961 6.9997 11.7038
698 65.2055 59.6046 36.9708
699 59.3756 23.0542 9.34854
700 43.7219 -0.56042 49.2989
701 77.2936 -1.42363 1.94928
702 92.6124 40.7387 -1.04555
703 12.5399 23.234 35.3655
704 79.9672 26.3427 -0.912913
705 63.3114 -1.33253 3.14397
706 64.5166 -0.176056 65.6833
707 55.8103 19.6858 50.4916
708 62.8312 46.4082 63.8871
709 56.3918 11.3701 48.4035
710 47.896 15.3758 48.2581
711 61.6868 -0.605038 30.6256
712 51.9364 -0.41852 57.5472
713 55.6139 71.3607 21.7494
714 77.1592 21.72 46.0592
715 67.1554 -0.0649494 59.9515
716 69.973 -0.533127 51.0916
717 66.1706 -0.502186 48.5211
718 38.1051 21.4473 76.7667
719 44.7649 -0.372256 107.599
720 113.111 2.69339 46.6724
721 81.5169 -0.00180274 91.2866
722 43.0726 17.698 57.1224
723 80.0189 13.9288 69.8241
724 64.3828 -0.24144 91.695
725 67.1103 -0.402162 42.1792
726 54.7958 -0.162834 75.2338
727 37.3874 59.6603 47.8164
728 76.8626 50.0849 78.4387
729 52.6089 23.6893 67.8696
730 64.4436 19.6822 68.025
731 70.1099 -0.0096027 78.3988
732 109.194 0.351839 82.2901
733 86.4923 -0.476347 102.028
734 89.1071 5.77442 109.027
735 75.0818 9.04089 114.933
736 82.2739 20.4377 121.076
737 59.2342 21.0361 121.174
738 77.7319 15.0591 107.927
739 83.9718 23.671 107.005
740 82.0609 12.1221 112.814
741 63.4224 19.3008 120.083
742 64.7866 16.271 121.539
743 92.2602 19.6356 98.8077
744 56.6686 7.23412 107.297
745 66.3895 5.92062 121.35
746 59.2942 -0.444872 108.933
747 74.8634 30.8333 121.139
748 69.9186 30.4531 13.7136
749 72.7665 43.5399 -0.949288
750 84.3439 41.4452 11.0282
751 75.6588 39.1974 9.04017
752 75.6375 27.4829 -0.630055
753 61.149 24.2449 -0.569134
754 61.4864 33.5692 36.8773
755 82.5786 51.9554 27.5447
756 72.698 -0.384231 33.545
757 32.9836 17.0844 15.4888
758 54.5983 33.6309 20.0456
759 50.3038 38.9571 32.2251
760 62.7888 39.7803 30.7641
761 53.3647 -0.429079 35.0327
762 17.3203 47.2648 28.6777
763 77.1093 -0.571769 28.2629
764 110.844 -0.118298 75.9407
765 61.5963 -0.277286 51.0063
766 32.3763 19.7975 44.2977
767 69.2921 51.4091 25.9269
768 53.3234 -0.235381 68.7726
769 113.193 24.5582 71.2378
770 93.4558 17.0775 15.3918
771 87.8229 -0.137538 61.7197
772 49.1026 35.6618 61.6758
773 67.4029 37.6439 102.936
774 13.8094 29.543 94.2473
775 72.5 29.1886 56.7063
776 34.2559 41.5873 70.0533
777 39.7138 35.7403 105.167
778 113.073 48.4559 48.3385
779 112.833 83.0914 67.5287
780 31.5695 31.8311 85.8709
781 20.0675 19.3702 80.9391
782 56.3108 5.29733 87.6583
783 114.63 16.8085 105.062
784 92.8889 15.5645 92.1345
785 89.2273 74.0137 80.455
786 90.2058 41.6243 103.059
787 64.4775 41.9921 91.985
788 50.0527 50.1236 72.1877
789 56.3786 29.7035 100.712
790 34.3135 9.4162 70.3904
791 79.7233 38.019 100.514
792 64.7492 28.1918 94.5699
793 64.3464 -0.237208 68.7384
794 114.675 103.699 103.119
795 48.7701 39.7205 100.725
796 58.1812 35.8663 111.413
797 93.6082 -0.255504 112.857
798 70.5232 49.6182 94.3757
799 92.3895 25.8694 100.559
800 80.4304 43.3314 103.345
801 49.4906 41.868 94.2428
802 51.9974 38.0759 94.5391
803 78.8443 62.9412 100.828
804 54.6292 47.4998 121.369
805 64.9246 33.5419 121.158
806 67.1237 29.7453 105.286
807 73.6248 21.1783 121.29
808 64.5841 46.3659 102.501
809 85.009 41.8001 107.16
810 85.4835 41.5306 -1.00939
811 77.2553 59.1324 -1.23163
812 55.4946 55.7644 -0.907198
813 57.1101 57.7163 4.42427
814 56.9933 61.6849 16.6057
815 65.7492 44.8617 14.7282
816 48.8184 61.2803 14.9981
817 79.8602 57.7183 12.7159
818 65.6293 50.2147 7.54494
819 70.6768 59.5485 11.0285
820 82.3297 41.3446 13.1246
821 70.1373 59.7121 15.271
822 60.2102 51.4363 9.01796
823 74.146 19.2521 37.2855
824 74.0521 61.4009 21.4965
825 82.2594 77.6805 45.466
826 64.3928 69.6357 10.8599
827 92.6527 -0.70167 20.9954
828 79.6034 47.8115 52.2882
829 61.7841 43.3392 17.4172
830 50.4632 39.8489 70.1173
831 114.375 56.0816 9.61238
832 48.9854 43.0145 54.8802
833 90.1797 100.156 58.2285
834 41.4307 65.6709 19.3934
835 97.7001 88.3557 32.5486
836 71.2423 51.8802 23.4534
837 80.7762 63.3844 34.7896
838 89.8906 43.5659 58.6789
839 65.9183 41.5604 65.5994
840 47.9848 60.0124 65.4217
841 78.0832 55.8521 69.6442
842 37.9583 49.7174 94.2517
843 80.0797 31.4247 82.7393
844 54.6084 52.1908 74.4381
845 63.1435 66.488 100.117
846 55.9656 65.6822 73.9574
847 12.3488 94.1064 89.5444
848 85.3306 61.9193 45.4454
849 68.639 54.1266 98.5602
850 114.984 83.9958 107.74
851 14.3268 41.7316 105.172
852 62.0109 74.3743 91.8463
853 75.7473 59.7444 71.9275
854 65.4084 39.5093 87.3106
855 86.5668 64.159 80.7191
856 69.4967 53.5843 74.2239
857 8.43453 39.822 94.285
858 68.52 28.0391 79.0652
859 36.7264 29.7481 92.3045
860 64.6322 84.7375 98.3773
861 29.2343 57.9765 105.011
862 73.1106 84.249 104.515
863 113.428 50.9989 80.9265
864 69.3818 57.9399 106.943
865 81.5724 41.7686 103.138
866 75.2075 39.882 91.9815
867 77.579 62.4225 104.72
868 83.5162 62.3392 106.958
869 80.5699 54.2055 107.104
870 81.8965 49.9919 121.168
871 70.3312 65.8762 120.939
872 73.5888 61.9554 121.075
873 84.7981 64.2787 104.825
874 89.1877 50.4954 121.012
875 83.2082 63.6278 121.023
876 79.8222 74.9605 8.08702
877 66.9435 74.2413 5.29394
878 83.972 77.8211 4.66971
879 65.4205 82.1266 -1.34983
880 67.0335 88.2391 19.2082
881 68.1842 78.0583 -1.46791
882 71.3694 77.6958 22.8358
883 59.9921 71.8764 2.44925
884 71.4307 66.1141 -1.10907
885 58.3757 92.5279 11.4415
886 83.9116 75.5892 25.7482
887 64.6226 77.5906 12.7687
888 107.545 55.8744 35.005
889 88.1304 51.5205 17.3088
890 89.9328 77.8076 16.9475
891 68.3289 89.9717 45.6089
892 47.718 65.8794 54.4145
893 92.5259 71.4967 23.5521
894 113.151 98.4261 28.6052
895 66.8752 51.712 36.9084
896 104.963 70.1121 23.8929
897 80.8712 73.576 50.026
898 74.0445 98.4903 20.2351
899 80.9829 84.1011 47.4021
900 75.2137 73.7129 36.9388
901 113.279 60.3213 32.3705
902 41.7514 93.439 54.6424
903 85.0314 102.281 62.9931
904 114.32 83.5714 24.1309
905 113.48 34.6898 33.9813
906 75.2169 88.1888 69.4187
907 114.965 107.342 107.543
908 51.2928 113.37 36.2258
909 60.5252 89.8695 62.9875
910 111.356 113.982 68.5635
911 58.7258 103.84 80.3961
912 56.63 88.1442 78.4713
913 72.6282 77.8225 63.2123
914 37.9581 83.8757 67.462
915 113.112 72.9352 62.0715
916 115.018 73.4605 113.375
917 39.1413 61.6919 63.3233
918 51.5322 58.2551 91.7055
919 63.0343 64.2195 84.737
920 83.6842 43.9103 104.774
921 112.965 83.1099 64.0939
922 73.8195 47.9948 96.0125
923 114.315 68.5336 96.9256
924 107.502 66.1662 102.322
925 82.4252 92.1677 80.335
926 88.4372 88.0956 93.5199
927 57.4323 50.0364 100.695
928 13.4817 76.2413 104.871
929 57.9713 84.4639 112.902
930 58.961 82.1959 121.013
931 76.6962 76.5031 115.045
932 67.572 80.986 120.682
933 71.6827 78.3301 98.7942
934 76.1186 78.3642 120.858
935 66.2118 87.5405 120.724
936 64.228 74.4073 106.772
937 67.6796 90.1947 120.828
938 85.5457 99.2781 7.16496
939 56.8946 90.1041 -1.19443
940 61.2216 106.17 16.7479
941 69.7638 84.1654 -1.24555
942 37.1519 83.5797 26.036
943 62.7123 113.793 27.2076
944 83.8478 114.02 20.8279
945 72.5785 97.8013 25.8669
946 56.4328 104.151 17.2144
947 69.8703 113.747 20.9731
948 64.1773 91.435 13.1947
949 20.7625 100.206 -1.00639
950 84.6765 93.8848 38.9349
951 78.1785 113.689 28.1972
952 69.7943 113.971 77.9889
953 86.3126 103.95 16.9744
954 11.6747 101.502 47.85
955 61.279 113.639 24.0947
956 93.4945 90.122 29.7043
957 60.0796 113.663 40.3882
958 53.0875 113.796 76.7072
959 107.184 113.88 52.8873
960 48.4476 55.0389 43.1876
961 48.8816 113.657 53.4941
962 76.614 114.005 75.7868
963 65.9118 114.264 83.1264
964 62.7146 113.818 31.6761
965 72.7422 113.722 47.1718
966 84.9435 113.732 34.8592
967 58.4732 113.638 50.0886
968 73.7053 95.6919 49.7873
969 69.2686 114.045 73.6663
970 72.5991 103.705 34.5307
971 68.4508 113.884 53.748
972 43.7555 63.8551 121.374
973 44.4917 113.741 58.9054
974 48.7276 113.549 45.0529
975 75.311 113.937 51.4404
976 95.5376 84.9038 104.075
977 74.9917 113.852 67.6903
978 65.5719 80.0023 58.5527
979 42.8624 103.863 78.1779
980 113.137 26.6541 55.7113
981 115.176 93.2848 117.226
982 65.7096 113.973 78.9504
983 61.2098 113.685 63.4218
984 79.4529 92.2986 84.7643
985 68.874 114.514 104.811
986 95.189 114.226 89.3114
987 55.916 113.936 89.6188
988 68.7255 88.3792 89.2077
989 100.225 66.591 102.499
990 80.3456 88.1246 99.9509
991 67.4413 114.841 110.993
992 73.2881 87.5709 113.834
993 43.5948 84.1372 93.6715
994 40.1754 89.9137 76.2221
995 70.6916 114.057 74.3686
996 58.5014 114.201 102.51
997 53.7011 -0.308304 103.396
998 68.8032 100.42 120.42
999 61.7258 114.586 116.259
1000 78.8917 110.39 120.405
1001 63.2549 103.348 120.702
1002 78.8619 94.2384 120.589
1003 53.1351 90.1052 115.462
1004 79.9302 114.774 110.123
1005 84.7298 114.997 114.664
1006 90.2685 94.5934 104.504
1007 57.6405 104.766 118.861
1008 114.613 14.1338 16.2753
1009 97.3347 13.3368 11.6464
1010 97.3825 18.6513 -1.03557
1011 108.442 2.19232 -0.668688
1012 92.9898 -1.29719 0.881667
1013 102.826 16.6842 6.73934
1014 86.8159 21.095 9.32953
1015 93.8958 -0.519519 32.4756
1016 81.1516 35.6485 -0.836921
1017 99.8284 -0.863854 18.3806
1018 86.5425 12.8287 7.38781
1019 98.2927 -0.884369 26.0313
1020 93.6492 -0.174633 54.4996
1021 94.3051 7.3815 21.7981
1022 77.1373 19.4606 43.7023
1023 68.5492 -0.59125 22.6377
1024 102.922 -0.232846 65.6033
1025 102.137 -0.316329 39.7471
1026 103.738 21.29 21.7933
1027 102.782 -0.760714 18.2238
1028 114.027 48.9498 19.3636
1029 77.1012 -0.70911 24.1947
1030 114.016 26.2889 21.6259
1031 86.8279 13.8927 71.8987
1032 113.457 9.12745 74.5271
1033 48.9137 7.78518 70.415
1034 105.957 -0.183007 61.2321
1035 113.305 7.29412 68.3411
1036 113.249 22.5875 68.0728
1037 110.014 -0.516788 44.9081
1038 71.0443 35.5906 61.2421
1039 86.5241 -0.499695 56.7675
1040 113.319 20.3953 35.9996
1041 68.642 -0.530874 62.0078
1042 98.9726 -0.286835 54.3563
1043 79.5606 -0.171089 61.7858
1044 90.7344 -0.108312 61.9019
1045 63.8723 39.9051 78.8868
1046 94.8304 -0.119589 64.2459
1047 113.45 14.6151 29.4638
1048 107.792 -0.028401 80.0468
1049 109.41 0.193576 89.7885
1050 113.505 43.2145 82.0887
1051 100.828 -0.515393 29.1312
1052 72.492 39.6032 65.6262
1053 102.155 0.00661465 80.2765
1054 102.75 -0.186014 96.3248
1055 113.539 5.16125 61.6581
1056 92.3891 33.4546 91.5723
1057 112.118 11.1848 120.953
1058 100.579 21.9117 98.0664
1059 77.0988 15.6825 96.2651
1060 114.556 37.4455 106.108
1061 88.2411 -0.0998828 80.5937
1062 64.6406 9.42032 96.2526
1063 97.5116 32.7564 106.252
1064 91.3208 36.0349 93.839
1065 114.279 14.2316 99.2923
1066 97.0043 11.6599 111.03
1067 108.755 7.5332 111.328
1068 115.295 7.04665 119.49
1069 100.572 9.72404 104.862
1070 102.761 42.7266 -0.856307
1071 84.3542 37.9572 10.0343
1072 104.311 40.9371 -0.768175
1073 102.861 41.8839 15.5322
1074 104.367 42.3418 2.28827
1075 98.5242 44.5691 -0.875661
1076 114.545 68.3713 14.5433
1077 113.522 14.6808 37.926
1078 102.841 40.2941 5.88432
1079 114.417 69.648 21.5156
1080 68.7059 17.5341 34.9222
1081 107.179 33.6417 13.6833
1082 111.49 0.0105025 52.2192
1083 113.35 54.8657 50.3859
1084 113.636 45.0774 22.5877
1085 115.238 7.22419 13.3954
1086 113.282 33.0548 36.6903
1087 87.1556 84.1305 -1.434
1088 68.6448 53.3047 41.0049
1089 81.0929 12.9717 41.7859
1090 41.6104 39.7699 59.149
1091 68.406 20.7468 45.7692
1092 88.9974 51.1757 41.2043
1093 66.0375 45.6027 63.3449
1094 113.858 18.7341 86.2285
1095 115.175 14.815 13.3079
1096 75.37 39.3848 41.2354
1097 113.334 58.4043 64.5148
1098 114.0 79.4715 97.907
1099 113.029 46.5839 42.4266
1100 81.2654 -0.491205 46.2575
1101 113.046 25.2251 62.1189
1102 103.441 15.8722 84.8708
1103 85.3722 17.4456 74.4838
1104 47.242 19.4553 50.572
1105 78.5535 33.4554 69.6588
1106 96.8965 64.4101 120.794
1107 42.3603 24.1782 77.2391
1108 76.011 43.8965 94.013
1109 113.114 59.5201 72.3583
1110 115.35 33.4336 110.103
1111 86.6561 78.2985 84.911
1112 115.33 65.3049 117.093
1113 88.2133 -0.521791 36.9909
1114 68.416 13.6252 70.2291
1115 113.287 7.16363 43.4943
1116 108.814 -0.082829 101.919
1117 113.198 6.86202 64.9199
1118 113.407 53.1401 74.899
1119 59.1906 -0.276527 104.542
1120 72.2921 63.4254 69.847
1121 64.7161 -0.231864 82.1472
1122 115.334 40.6883 113.527
1123 52.6898 17.8033 87.8459
1124 110.416 -0.0624266 66.059
1125 83.0338 49.8791 102.579
1126 63.9851 59.7363 76.4765
1127 112.811 60.8751 45.0072
1128 92.4094 42.1365 108.918
1129 100.435 39.7334 112.745
1130 109.354 27.4633 120.737
1131 98.9754 44.6165 108.142
1132 102.282 42.1209 114.851
1133 115.378 34.969 116.04
1134 101.415 31.9338 108.773
1135 96.7876 44.0592 110.788
1136 79.2762 48.0965 111.101
1137 99.9285 53.1206 13.3917
1138 104.305 40.7163 4.26782
1139 95.5899 51.677 -1.10013
1140 108.548 45.9868 12.5987
1141 108.547 113.824 63.2027
1142 113.054 94.4893 46.0106
1143 112.918 78.4443 50.357
1144 64.6212 49.489 21.6796
1145 114.371 32.1578 18.237
1146 113.077 74.5968 46.7459
1147 48.2079 107.262 -0.878336
1148 79.7059 79.8025 17.4098
1149 94.2311 68.9164 14.2196
1150 112.529 -0.455533 15.9697
1151 114.044 32.1699 22.9785
1152 94.5786 61.7398 56.5219
1153 62.923 93.9953 -1.36383
1154 57.0346 92.078 19.1742
1155 48.9625 59.5629 50.2248
1156 73.9125 72.874 39.3551
1157 114.097 67.5599 94.7479
1158 103.692 61.5845 19.531
1159 24.3063 57.4039 30.8724
1160 108.549 114.646 105.679
1161 113.444 42.3241 46.1958
1162 112.54 82.9732 50.7357
1163 85.4302 55.4747 38.8868
1164 111.193 113.688 42.4105
1165 112.934 46.8884 55.1346
1166 98.6548 79.6543 45.5854
1167 113.623 108.899 91.1108
1168 59.851 93.0733 62.536
1169 113.432 42.9666 72.9404
1170 65.6039 67.6931 76.3718
1171 113.585 48.2329 36.5009
1172 113.614 17.3485 78.9131
1173 86.3973 42.9699 62.7069
1174 113.685 31.1588 85.4234
1175 44.7068 47.4822 74.7042
1176 113.438 48.7457 83.9662
1177 94.9853 50.4318 121.186
1178 64.6027 66.344 87.4999
1179 88.064 61.5466 78.9032
1180 80.8136 27.5342 58.9012
1181 113.402 74.9528 81.201
1182 98.8731 48.268 102.608
1183 114.007 77.0837 96.3896
1184 87.6827 44.9554 62.6862
1185 68.9494 36.167 85.1361
1186 113.455 34.9306 77.2448
1187 114.859 67.0379 107.417
1188 113.106 85.4538 79.53
1189 113.77 13.8289 78.1777
1190 113.605 101.077 91.1967
1191 87.8742 44.0133 89.6002
1192 53.5703 47.5547 92.2963
1193 112.897 50.6213 64.6468
1194 113.679 43.4745 86.283
1195 115.252 11.1223 119.799
1196 77.123 64.3333 100.412
1197 58.522 68.2572 100.287
1198 97.2376 62.3471 108.613
1199 51.7152 84.1831 98.1371
1200 80.3656 61.5252 106.331
1201 86.2517 55.0188 121.016
1202 94.7191 50.776 111.348
1203 109.277 59.9463 120.432
1204 104.715 76.9628 108.077
1205 93.795 57.7471 121.087
1206 107.826 64.9497 120.575
1207 95.4581 101.01 -1.307
1208 81.8591 75.6722 -1.44634
1209 97.0826 86.2558 16.2285
1210 114.77 81.2242 9.33
1211 84.0908 88.5581 8.22421
1212 114.513 82.6595 0.0688576
1213 89.8795 77.1211 -1.18834
1214 79.8706 72.3375 6.1018
1215 100.724 71.7388 12.9335
1216 105.473 86.208 -1.18607
1217 112.914 65.3623 45.0471
1218 114.526 32.2144 14.6706
1219 77.0377 85.7941 25.8585
1220 106.572 113.796 19.4123
1221 112.951 104.794 44.5615
1222 113.782 93.8384 21.5692
1223 75.3881 113.995 3.53191
1224 65.8434 113.564 40.7826
1225 112.969 98.6113 41.929
1226 114.322 39.1277 98.8336
1227 79.5979 114.19 79.6691
1228 25.9308 65.9774 72.113
1229 69.8583 101.513 16.5342
1230 65.0647 41.5637 39.0782
1231 113.643 64.9347 83.0829
1232 113.109 61.0408 62.2029
1233 43.9027 79.5621 34.854
1234 76.5993 77.7998 45.2874
1235 67.0745 113.787 58.8
1236 113.905 79.4116 94.6199
1237 114.598 89.205 13.4788
1238 114.279 75.336 102.233
1239 84.8271 114.085 65.2499
1240 77.9655 114.087 64.7289
1241 113.053 35.12 43.1373
1242 112.931 107.324 58.6352
1243 113.747 9.77223 52.7569
1244 61.0821 60.0494 95.9872
1245 113.967 62.9933 20.1141
1246 113.194 70.4513 59.9505
1247 103.851 -0.22499 94.5359
1248 113.348 96.6122 74.9455
1249 113.493 106.777 81.1848
1250 111.481 114.076 81.6935
1251 66.7603 114.028 86.5157
1252 68.7331 63.8249 95.809
1253 113.502 108.387 31.6902
1254 57.785 71.9555 85.005
1255 113.3 93.2483 30.5557
1256 113.76 67.8425 41.1999
1257 84.2356 64.11 100.161
1258 112.967 48.9432 53.4402
1259 62.9272 46.7663 81.4825
1260 102.912 63.9783 102.481
1261 113.912 36.504 88.3745
1262 98.1007 114.188 93.5455
1263 72.0341 114.883 114.372
1264 77.2001 114.552 104.506
1265 113.739 86.6185 93.3502
1266 108.984 74.6489 114.554
1267 89.1175 71.1433 120.843
1268 115.018 70.078 113.287
1269 87.7115 77.2063 120.712
1270 102.084 82.242 120.496
1271 109.099 75.9267 116.037
1272 104.662 94.47 106.475
1273 87.355 85.9541 111.337
1274 106.216 96.4409 120.368
1275 94.624 80.3039 120.682
1276 114.977 81.2635 105.384
1277 91.9408 83.894 120.525
1278 77.8915 76.1882 121.046
1279 103.123 83.5107 103.295
1280 109.179 72.1137 120.497
1281 114.53 88.8577 1.81968
1282 92.6336 114.107 3.9258
1283 105.595 114.115 10.084
1284 114.527 100.86 13.9891
1285 100.957 114.197 3.6987
1286 86.9303 113.969 3.96198
1287 113.164 107.464 71.7549
1288 99.7773 98.6564 -1.45125
1289 113.921 107.429 15.465
1290 114.575 1.96604 8.60274
1291 93.5312 113.61 21.6907
1292 72.8921 113.843 41.118
1293 108.829 113.724 36.8543
1294 113.801 85.8982 32.5605
1295 72.4454 113.944 63.3152
1296 86.2681 114.169 72.0227
1297 64.2587 113.607 32.5327
1298 113.308 81.278 30.9947
1299 114.37 82.978 11.8097
1300 96.4628 113.775 21.522
1301 111.633 113.508 51.1281
1302 78.499 85.7418 45.4683
1303 111.571 113.593 32.8826
1304 113.073 110.673 37.7479
1305 100.447 114.038 28.2582
1306 43.9953 76.2553 -0.983634
1307 80.7544 114.101 71.9986
1308 113.499 64.9544 27.7622
1309 58.9011 114.127 85.6313
1310 80.8387 93.8444 72.1378
1311 113.507 76.9965 92.018
1312 113.441 91.578 85.4137
1313 113.053 109.114 61.4722
1314 105.853 114.278 81.5446
1315 85.1209 82.4297 97.961
1316 93.8696 70.3606 84.8637
1317 79.8877 103.972 84.8452
1318 109.704 114.437 97.7896
1319 93.5111 114.183 78.3507
1320 64.3914 101.74 60.8089
1321 109.185 114.288 90.1139
1322 87.858 92.2667 93.555
1323 113.952 93.5749 91.2871
1324 96.3103 113.924 75.2131
1325 80.266 114.783 112.923
1326 113.316 101.979 66.8889
1327 82.4934 58.0414 93.7648
1328 113.807 113.051 96.2755
1329 97.4861 113.969 64.3973
1330 85.0787 113.968 75.3492
1331 82.0008 82.2662 104.217
1332 88.7707 114.799 114.028
1333 91.5904 114.675 112.944
1334 96.3176 101.163 120.577
1335 95.7306 106.937 110.222
1336 115.058 103.678 118.55
1337 105.876 101.727 100.913
1338 115.23 103.379 107.11
1339 115.236 112.133 118.879
1340 115.076 109.569 108.716
1341 84.8081 98.6907 116.6
