0 8.37696 21.8232 -0.162493
1 11.4591 1.92011 -0.183162
2 17.2025 18.3562 11.9632
3 28.7102 -1.53053 3.3018
4 27.0803 2.7694 -0.181139
5 9.44331 2.57004 3.83093
6 -0.280733 9.66873 1.5397
7 11.5837 6.79518 11.7578
8 21.4596 10.9145 -0.203135
9 -0.455042 13.8505 1.49336
10 0.51769 2.21981 25.976
11 0.792454 51.0285 27.0094
12 48.2269 31.5504 24.087
13 -0.333888 8.03767 11.1864
14 0.651722 28.8282 18.6338
15 44.4671 31.1324 24.2195
16 3.26286 -0.819852 40.0615
17 13.0858 -0.62133 68.2285
18 0.113932 17.3288 18.0322
19 53.175 11.5697 52.9133
20 13.0249 -0.451104 46.1231
21 0.208072 58.9056 22.4688
22 36.7731 19.7245 63.992
23 38.182 -0.507205 49.1991
24 1.68159 59.4158 73.0519
25 9.92514 -0.770834 31.8304
26 4.05064 40.1005 -0.231393
27 0.167003 26.089 16.546
28 82.1257 61.5985 54.5357
29 2.04383 1.10675 67.9971
30 2.06646 12.257 63.4558
31 0.380504 40.2164 18.7197
32 14.0496 -1.50872 10.2487
33 28.1955 24.1371 83.6673
34 -0.167131 12.8236 114.614
35 36.8351 -0.353726 60.1824
36 18.8273 -0.378488 49.4514
37 41.8013 15.5254 55.1879
38 3.25367 -0.723624 43.1979
39 23.0506 -0.429755 78.0338
40 36.3832 -0.450173 64.8068
41 31.229 -0.453321 66.3104
42 1.24232 31.9106 96.5929
43 40.6393 -0.579242 106.453
44 43.4476 71.8524 87.7973
45 20.6208 -0.164942 103.526
46 -0.570799 29.2767 13.0907
47 3.61204 -0.310098 77.7681
48 47.3466 55.7048 88.5032
49 27.6529 15.0226 115.907
50 22.5447 -0.0990359 97.0433
51 19.9449 -0.0701113 92.5343
52 37.962 -0.283742 102.049
53 47.8425 -0.358312 77.783
54 7.66113 4.16093 122.44
55 20.2873 -0.478877 82.4199
56 21.4793 19.4244 88.2696
57 19.1774 25.2425 109.897
58 1.69813 1.18412 84.6045
59 36.3721 -0.405713 113.566
60 9.62412 5.40763 116.511
61 8.0155 -0.588897 118.059
62 29.0266 15.0903 122.287
63 20.6445 10.7504 122.273
64 0.432372 0.451863 119.13
65 0.948718 -0.741766 114.53
66 18.1314 43.2514 11.637
67 22.7303 38.61 9.08477
68 10.6768 24.7359 7.53873
69 4.15964 41.9271 10.7584
70 27.564 20.809 19.7308
71 4.11439 39.9337 8.67087
72 28.2662 38.631 -0.645403
73 22.9938 29.3176 -0.600058
74 -0.0694098 98.626 17.3599
75 1.42483 12.4702 36.9824
76 1.2857 54.8181 43.7748
77 1.68924 64.1241 54.7447
78 3.53841 -0.378594 51.7441
79 0.94302 34.324 103.767
80 13.7224 83.0614 -1.06936
81 1.54232 5.77233 43.0106
82 37.6126 -0.718912 32.9379
83 49.2747 53.5969 32.5527
84 1.93564 12.6194 80.2149
85 1.14793 32.2718 41.6445
86 28.5327 45.2749 46.3178
87 48.6697 49.9724 46.2787
88 37.7662 75.1775 65.5485
89 1.4768 50.4195 51.5124
90 12.3497 -0.676313 37.6056
91 55.7318 81.2603 46.2968
92 1.76962 14.4467 78.2424
93 29.8203 -0.486888 58.3849
94 6.80798 15.1561 -0.245593
95 39.3232 17.332 55.1507
96 33.6911 31.8108 74.9617
97 44.2246 51.7479 21.4426
98 43.4476 11.1444 33.2437
99 0.800379 26.4157 30.1833
100 1.72777 68.5729 71.8511
101 53.4967 16.0911 60.0276
102 1.72634 10.8325 69.2421
103 60.5037 67.6807 59.1907
104 69.4985 15.4904 50.618
105 9.02186 -0.464865 60.4313
106 49.3517 58.0244 74.6267
107 58.9643 25.8471 66.3866
108 0.501998 26.4921 22.5493
109 1.58733 33.381 121.716
110 36.3152 17.0986 105.589
111 1.94198 31.8126 58.2857
112 76.4312 66.1297 96.7698
113 0.701735 59.4732 100.704
114 16.2176 52.1863 101.126
115 17.9656 73.8199 96.9053
116 21.681 62.1349 101.3
117 21.1923 44.0001 70.8502
118 1.04867 84.5707 32.7285
119 18.8496 55.278 115.116
120 1.51064 65.2302 70.9364
121 1.56164 66.1301 91.6148
122 1.74852 43.0273 78.5525
123 1.5015 2.30708 91.9196
124 9.74759 19.2233 101.409
125 30.1125 25.4624 108.129
126 21.6033 56.1775 121.926
127 21.7802 46.2284 114.678
128 14.933 22.2223 122.349
129 18.8091 45.8605 114.138
130 6.08574 34.3524 122.036
131 7.51668 37.2393 121.993
132 27.463 28.9584 100.56
133 23.3235 27.9273 114.729
134 16.8816 67.9497 14.876
135 3.95713 60.9997 -0.350306
136 22.6323 66.9368 -0.929746
137 21.1235 60.961 12.8485
138 9.88268 57.7503 18.1157
139 -0.528258 68.0728 10.893
140 40.123 47.0596 17.3939
141 1.49282 61.1824 50.2324
142 -0.387031 53.9809 12.6832
143 -0.170359 -0.41374 3.23408
144 34.074 -0.432526 56.8106
145 0.338778 90.3049 21.202
146 11.0777 85.5722 19.7693
147 1.62753 86.5662 61.1045
148 1.16723 65.0327 -0.221315
149 19.2205 73.3743 30.4302
150 1.15175 84.4081 37.1963
151 40.2859 71.5814 26.2042
152 26.486 85.8507 63.6149
153 46.3928 47.4673 39.1559
154 21.4271 9.50372 51.1408
155 51.445 47.8375 36.8918
156 1.5111 22.7066 48.2768
157 1.48831 108.454 84.6234
158 1.40987 21.8158 57.3625
159 31.3458 29.2438 17.5456
160 43.4328 59.5032 59.4377
161 40.9819 41.958 59.6433
162 1.24126 97.1924 83.5725
163 1.8981 4.37566 58.9811
164 1.79024 70.8053 64.6403
165 53.0641 25.4096 55.1894
166 0.690315 54.3688 25.6367
167 1.49747 50.3506 82.1872
168 21.2257 29.4593 64.0159
169 1.31046 52.6579 72.5635
170 1.55752 82.9419 82.1817
171 35.3544 65.814 92.5273
172 40.4579 47.9597 66.2192
173 62.1801 57.6427 99.184
174 1.41291 70.6903 86.3987
175 4.76571 60.5415 121.794
176 68.5036 84.1294 98.7135
177 25.3127 57.8993 105.658
178 1.21126 84.7599 44.743
179 51.8174 13.5971 99.1151
180 1.70239 40.15 58.454
181 -0.186099 79.3606 109.444
182 6.95798 114.827 119.723
183 1.48747 51.955 75.4847
184 22.2844 49.666 101.246
185 1.89351 60.8917 62.4759
186 0.0171563 61.2302 102.752
187 3.18225 68.6997 111.314
188 0.735481 99.9426 91.7344
189 23.1746 51.8075 106.004
190 4.99222 47.7962 112.084
191 -0.172436 66.8567 120.4
192 11.4777 63.5393 113.175
193 18.7852 68.5859 121.797
194 0.104676 50.947 113.272
195 8.92893 59.5989 121.849
196 17.7174 53.753 115.796
197 20.4648 51.7126 117.903
198 28.7585 62.399 121.918
199 8.29088 64.6319 10.4921
200 9.12697 91.6325 11.3815
201 16.6736 80.4458 6.21954
202 13.0541 73.5689 17.5724
203 28.3841 77.8198 8.81578
204 10.3376 75.3502 11.4892
205 7.75937 85.8245 -0.588188
206 14.1845 73.4729 15.2685
207 9.8576 74.5089 18.8187
208 18.4189 71.3882 11.2837
209 11.2791 113.575 42.3389
210 57.0984 69.6754 30.2969
211 17.2783 75.3992 17.4802
212 20.1597 75.3222 32.8501
213 0.915004 64.5378 28.6173
214 31.3282 87.7394 21.8579
215 1.47884 93.0546 58.7896
216 92.9702 57.4251 19.4845
217 0.0282618 69.652 20.626
218 1.31651 85.8131 55.3744
219 0.946612 34.1768 35.2163
220 0.00422183 52.2931 19.553
221 27.5573 47.3032 17.5587
222 0.121944 14.7581 109.462
223 -0.601611 72.2214 10.9029
224 12.4241 67.9437 -0.635624
225 1.2942 91.1678 82.4447
226 31.1674 49.5723 17.213
227 25.2936 113.628 37.1932
228 1.04437 112.981 17.2776
229 0.855192 76.9405 27.2025
230 0.906217 97.5728 97.7653
231 1.7956 10.0449 61.814
232 1.5606 106.845 51.5212
233 1.73437 52.7352 63.4832
234 1.67424 74.1042 55.4895
235 13.3186 81.6379 52.8833
236 29.6233 69.6528 52.7088
237 26.998 27.5503 55.2563
238 1.48001 87.1929 74.1637
239 1.02069 32.1117 101.337
240 72.6228 79.9026 21.3445
241 26.6236 73.7508 61.5175
242 1.63471 80.716 75.8712
243 0.698369 76.0414 104.987
244 32.4112 114.295 85.4624
245 1.18824 47.8314 36.3734
246 65.3105 71.8991 45.531
247 39.017 77.6168 74.5329
248 22.6451 90.2329 75.2053
249 1.41804 22.678 90.8792
250 68.7328 51.8577 103.632
251 8.70812 113.809 59.7325
252 0.268041 38.746 113.122
253 22.1354 89.6639 90.1709
254 0.875448 96.0092 74.8714
255 17.4736 114.691 119.141
256 40.8505 113.972 74.4414
257 0.525806 89.6474 105.714
258 1.39859 114.36 109.094
259 0.983454 36.9569 98.0823
260 -0.0165978 92.5578 18.8989
261 1.64848 78.0631 55.6501
262 2.61277 113.624 96.0112
263 0.204829 4.77734 118.904
264 28.8267 59.9914 103.582
265 1.00476 69.4821 98.5973
266 1.44575 54.1884 83.3452
267 -7.76869e-04 61.7017 107.114
268 1.16376 60.7834 84.3509
269 29.1705 65.8058 103.315
270 -0.226436 103.284 116.907
271 14.4958 87.7103 121.661
272 21.7993 68.6943 121.937
273 10.0899 77.0082 121.904
274 9.06698 83.9104 121.693
275 25.8651 72.0221 105.655
276 30.1685 76.4484 101.387
277 41.5806 80.7329 121.704
278 25.0496 110.243 -1.19404
279 26.8597 95.4836 9.2417
280 12.3072 89.2017 -0.556095
281 6.58019 113.771 7.71138
282 16.6424 113.611 10.521
283 0.505001 97.305 -0.439918
284 79.7061 67.8844 32.2965
285 1.65889 77.2854 48.9246
286 28.2136 113.85 6.24135
287 26.2559 113.503 44.0125
288 -0.509878 100.87 14.0655
289 0.580021 102.58 30.3362
290 -0.687285 90.6873 7.99531
291 2.37393 113.666 6.67527
292 1.64741 44.1533 54.8657
293 -0.728519 77.1756 10.4261
294 0.367772 106.767 26.3847
295 -0.170167 106.146 15.8926
296 12.4667 113.627 8.4433
297 36.4709 87.9758 43.2875
298 9.6052 113.537 32.5922
299 0.0519364 73.0433 18.5186
300 2.7264 113.066 77.2837
301 11.2696 113.551 18.6482
302 1.49164 88.9366 76.1678
303 7.13716 113.487 44.477
304 7.39698 113.718 71.7271
305 37.102 113.673 17.6095
306 31.542 113.454 27.8205
307 36.7974 113.895 13.4124
308 34.8426 113.229 32.214
309 0.391779 79.0042 20.7236
310 45.712 85.8645 52.3802
311 2.59045 113.705 33.3408
312 28.0914 113.691 38.8745
313 15.4619 113.523 45.0205
314 11.4863 113.956 68.2482
315 1.61328 72.2775 76.3522
316 8.77383 113.628 56.6573
317 10.15 113.796 58.8924
318 0.346351 96.3803 27.3016
319 25.1511 113.824 65.4978
320 1.40682 96.7795 53.5624
321 23.4106 114.284 96.8395
322 1.19891 99.6903 94.7114
323 34.8957 113.678 52.6768
324 9.93695 113.766 74.8077
325 39.5013 47.7516 50.7858
326 1.59454 55.1334 65.5004
327 1.11453 110.784 95.0486
328 30.3633 113.942 121.483
329 44.8374 88.4888 103.318
330 22.6158 113.695 72.5915
331 25.0064 114.732 116.113
332 91.8134 102.288 78.6833
333 1.66636 112.239 63.1237
334 4.29206 114.305 107.646
335 0.959554 62.34 91.227
336 1.36506 24.8461 97.2906
337 60.2312 85.9023 83.3555
338 28.7724 114.416 115.12
339 25.9764 107.236 121.535
340 -0.0563528 99.4642 109.119
341 17.4662 104.176 107.959
342 14.5592 106.791 115.974
343 31.2922 12.6962 -0.456526
344 30.628 8.55173 9.59695
345 55.8136 18.9779 3.45948
346 45.6553 13.0045 -0.382517
347 53.1043 -1.22744 21.259
348 42.7836 7.62825 22.5079
349 34.5488 14.1327 -0.299399
350 40.2171 19.1468 10.8876
351 45.2913 24.7268 7.1717
352 22.457 -0.27988 39.9839
353 60.1355 -0.114871 63.5813
354 22.7977 -0.640916 52.8539
355 61.4337 -1.16921 13.3304
356 67.1778 -0.405846 33.6172
357 68.5029 31.5458 35.1435
358 22.7887 9.04033 4.42284
359 52.7841 17.5161 37.4004
360 9.32317 29.0983 22.4465
361 61.502 -0.309858 39.0265
362 39.3985 39.3539 50.5901
363 25.6901 -1.25306 7.23388
364 21.4049 31.0065 22.3017
365 53.2447 -0.373116 61.5651
366 1.72459 44.3264 58.1285
367 34.92 -0.472419 31.6435
368 26.861 -0.499441 53.5629
369 60.2508 37.9535 74.8093
370 24.3274 -0.680981 59.6452
371 1.29014 24.2417 89.7191
372 14.442 -0.569905 51.8653
373 51.7719 -0.365189 71.3488
374 60.1523 45.7233 61.7163
375 63.0468 47.9571 79.2661
376 7.6377 -0.372599 62.4423
377 24.1407 -0.0599168 71.2944
378 59.0009 -0.0585881 90.7892
379 33.2792 45.7559 77.1514
380 24.7068 -0.2007 105.505
381 91.6406 -0.328864 102.928
382 79.951 29.7455 70.3619
383 43.6053 5.619 122.029
384 48.6738 65.7356 101.417
385 40.8805 -0.436862 68.1712
386 25.3887 -0.603409 42.6195
387 54.8747 -0.417582 111.644
388 42.5146 -0.33086 88.0434
389 40.5372 35.487 74.822
390 50.5656 17.1278 108.599
391 93.2224 34.3829 107.284
392 30.9932 15.5253 75.2163
393 50.5412 11.8821 122.229
394 40.6102 5.95058 122.088
395 46.1025 24.1101 118.767
396 36.2564 21.126 122.217
397 36.2006 0.866604 122.188
398 44.544 -0.573908 116.594
399 50.5141 12.8371 113.727
400 63.898 -0.600687 114.658
401 53.1843 5.04368 122.473
402 28.4952 30.682 -0.608577
403 21.3462 36.8555 9.57226
404 31.3852 38.7833 5.07953
405 54.2649 37.4078 -0.924742
406 55.531 40.6155 -0.983902
407 51.3577 32.8688 17.5389
408 25.0388 34.8155 5.44922
409 45.7172 36.856 15.0052
410 31.4332 29.5411 -0.337693
411 46.8699 36.4906 -0.718208
412 31.3397 43.7342 9.97248
413 26.2055 43.1702 13.4406
414 45.8456 20.1804 18.1392
415 17.7103 47.9066 22.6029
416 66.5047 43.7563 32.7715
417 34.1786 39.3401 13.6441
418 35.5932 36.8706 13.2837
419 30.1778 -1.08313 16.9002
420 36.3374 36.9135 11.3161
421 44.5848 4.3862 24.9444
422 39.2055 53.0382 46.4052
423 46.2296 -0.208086 81.1323
424 53.3798 -0.464305 46.7922
425 45.9791 41.7036 46.264
426 61.6035 29.6931 55.0712
427 70.628 -0.610639 37.6105
428 35.0741 37.7208 39.4712
429 54.4771 39.3501 50.7924
430 75.5544 52.3081 38.9815
431 36.4657 67.6878 48.267
432 45.7382 49.4681 45.9707
433 71.0683 45.923 34.8389
434 46.3279 34.4242 77.6534
435 62.8257 25.8335 57.0398
436 62.6728 78.1798 30.0508
437 53.191 57.4005 39.1938
438 1.86994 10.0797 77.9138
439 74.0483 31.5641 59.4445
440 48.9337 36.1513 97.2602
441 36.4117 27.1864 53.1678
442 54.3677 13.8018 73.0054
443 23.5294 67.4756 55.0968
444 55.4202 69.8979 61.5068
445 1.5491 38.6796 65.5956
446 113.934 16.5232 19.4774
447 78.2087 -0.553581 39.1865
448 46.4507 28.0173 79.5016
449 16.0797 9.42456 73.089
450 37.8269 54.147 50.8205
451 20.9263 59.1531 32.9631
452 43.5788 43.8444 79.4594
453 11.4216 53.9089 50.5356
454 23.4039 23.4707 86.1097
455 52.7566 41.8984 103.609
456 56.1356 39.7975 77.2951
457 32.2986 36.9988 66.6294
458 80.228 21.9158 83.6678
459 61.736 35.5121 79.6731
460 69.8587 69.8297 83.2089
461 50.1602 35.8729 72.7305
462 51.8457 -0.410203 101.694
463 43.1929 56.1447 101.42
464 45.9052 46.3093 65.6947
465 35.0028 -0.381511 103.408
466 73.854 25.5455 68.3373
467 103.574 40.2012 96.2956
468 60.0473 35.842 97.1031
469 23.5735 -0.471787 107.734
470 30.3604 50.3991 111.692
471 49.0756 37.6184 115.807
472 54.1616 33.6994 114.149
473 49.7707 33.8003 113.957
474 14.6328 17.8665 122.48
475 47.4876 29.3394 122.115
476 47.8079 37.909 112.072
477 43.1196 55.6682 113.365
478 60.6054 18.0465 122.248
479 39.0392 54.76 103.501
480 36.8676 62.8995 -0.807548
481 45.4641 56.213 13.6525
482 39.9841 37.9274 -0.580333
483 42.4896 53.4482 -0.969337
484 57.0575 44.9338 35.3891
485 58.4523 47.7971 56.9625
486 -0.675094 74.0747 8.37097
487 27.3645 81.0359 25.8833
488 24.6371 83.5425 28.4702
489 74.3838 89.57 45.6367
490 -0.193467 43.6912 15.765
491 38.6636 83.5503 28.2971
492 58.1862 77.3457 25.5281
493 1.66153 30.2593 52.5966
494 33.2334 77.7429 90.3377
495 19.6912 67.053 -0.853933
496 1.78749 52.9474 67.5565
497 44.1564 33.3171 41.778
498 1.71635 66.78 47.7463
499 42.0154 42.764 44.2141
500 66.9743 67.9554 47.8486
501 65.8876 75.5907 43.3986
502 30.5762 69.6087 32.8641
503 44.5543 50.0451 68.13
504 81.9433 74.0725 81.1313
505 32.1927 59.2204 42.0143
506 13.0481 41.8324 79.3222
507 47.7044 93.9696 92.0439
508 70.8513 74.173 105.418
509 49.0673 46.1951 74.7541
510 1.39693 69.2439 92.7587
511 57.7854 55.9986 67.7894
512 1.63096 92.6302 76.1657
513 1.50974 102.215 68.6139
514 51.9115 114.113 85.0003
515 28.169 62.2424 75.2589
516 80.3987 41.7945 96.9455
517 48.8231 76.0417 70.3623
518 68.5821 63.8527 83.4797
519 52.0314 43.3697 83.5486
520 56.4643 60.0927 88.1157
521 54.7239 53.6641 72.6374
522 74.5971 41.9037 90.1906
523 60.8596 53.9845 94.6573
524 37.5755 76.0591 99.3498
525 39.0026 79.8114 96.9235
526 28.3892 59.9749 92.6616
527 26.2047 60.1526 103.375
528 61.9851 74.0631 92.2802
529 14.7435 41.8088 99.4841
530 71.5325 47.9313 103.403
531 31.9025 62.4764 122.07
532 34.6294 63.6121 109.446
533 54.8452 50.5709 121.991
534 40.0082 56.1901 107.845
535 40.3592 69.4172 114.593
536 54.748 58.979 109.218
537 38.2313 80.8836 -0.849559
538 44.028 85.1396 -0.97644
539 33.8664 86.8286 -1.08619
540 52.4665 73.6054 8.89487
541 48.5392 105.768 18.5865
542 32.7012 68.637 -0.802157
543 26.8358 76.9112 -0.900282
544 34.2026 65.1693 19.2631
545 65.8956 71.5618 32.5245
546 55.6106 81.7526 32.4518
547 42.3486 93.1826 14.6831
548 52.896 55.493 17.307
549 51.2705 75.4071 30.2541
550 25.738 66.715 21.5082
551 71.3882 51.5855 21.8415
552 25.76 79.5463 28.5158
553 1.49854 97.138 80.1733
554 41.3 57.5807 19.5435
555 71.1872 114.177 10.3972
556 0.756764 26.0781 26.8464
557 24.8844 55.4907 28.554
558 95.1753 41.5361 23.7043
559 76.8497 65.8863 23.9995
560 92.4676 95.9772 23.686
561 29.5154 67.855 54.7905
562 62.0833 75.6019 25.9799
563 68.0807 79.8309 21.7237
564 21.5234 63.2956 19.8589
565 13.7179 67.2605 22.1431
566 1.38864 75.369 90.4253
567 48.6158 113.591 30.9711
568 57.3695 113.813 58.5379
569 30.4483 77.8421 72.8372
570 66.6622 69.3048 43.4496
571 11.4113 79.6471 54.9961
572 36.5519 65.8253 50.2874
573 27.6313 100.091 76.8863
574 62.6913 113.82 76.1946
575 35.1674 69.3294 48.6619
576 33.3017 39.3228 30.8061
577 50.4042 63.7922 66.0273
578 0.868957 78.8599 30.036
579 53.1744 84.2131 105.601
580 96.573 77.9692 58.9646
581 77.2773 96.077 87.5573
582 72.8273 114.11 95.5583
583 57.3145 57.7226 97.1234
584 34.4452 85.9321 65.836
585 1.1553 41.125 92.8208
586 40.5188 63.798 79.3845
587 51.9946 76.1958 83.71
588 30.9087 113.949 77.3505
589 1.11185 73.4737 61.7555
590 42.2624 96.1684 101.21
591 58.4605 78.3795 76.5224
592 19.0956 75.8829 96.8828
593 50.2842 77.9577 87.8053
594 27.4369 114.43 98.8474
595 0.849981 49.5797 105.47
596 58.8468 83.7401 110.819
597 50.4651 72.3876 112.056
598 57.3095 80.1601 98.9535
599 57.326 89.8052 114.794
600 33.0329 77.9231 113.424
601 51.7827 75.7179 112.434
602 42.0349 77.7575 83.5035
603 1.30735 108.613 79.3861
604 34.8552 86.2462 81.573
605 51.7584 55.1654 104.175
606 63.0713 78.1432 98.7743
607 30.5533 54.0257 106.351
608 59.9957 73.9177 65.8288
609 31.614 74.8695 105.079
610 43.0626 85.7368 114.7
611 48.9977 67.7416 117.547
612 39.2381 84.5437 113.701
613 33.0828 72.9357 109.399
614 46.1209 79.0025 112.634
615 43.1933 78.9839 121.647
616 25.5027 90.0252 -0.761444
617 43.8905 112.521 -1.11586
618 55.3406 113.825 0.0216546
619 35.3608 91.7108 9.01881
620 51.0273 113.808 2.06289
621 40.7555 100.158 8.65455
622 56.7915 103.028 -1.37482
623 41.2169 114.083 19.3537
624 29.7165 100.198 8.39177
625 33.7153 113.867 6.29011
626 43.7614 92.0504 8.7591
627 23.0653 113.575 22.0713
628 33.3147 113.787 78.6096
629 41.9955 113.764 69.5259
630 22.9983 113.523 17.5436
631 33.4789 89.6903 10.8776
632 -0.200255 102.755 17.2808
633 61.1795 113.591 34.3093
634 48.8279 113.675 40.9463
635 59.7627 113.752 48.0043
636 33.4588 113.79 60.877
637 9.04729 83.497 39.7079
638 69.6082 113.42 33.0404
639 93.4067 75.8403 21.5732
640 76.4525 89.3945 52.6163
641 49.7451 113.775 21.0346
642 62.6611 102.03 67.7158
643 23.7595 113.436 48.5154
644 68.4385 51.2783 21.3845
645 60.9853 113.868 59.076
646 1.36532 64.482 49.2797
647 26.1625 71.7647 30.7093
648 47.4005 113.903 69.7197
649 40.3191 114.424 105.514
650 38.5788 113.934 69.9572
651 37.8402 113.943 83.8811
652 43.3557 79.814 83.5254
653 65.4752 113.747 57.3905
654 20.7185 91.8157 74.45
655 24.9007 99.5084 48.1576
656 67.0333 41.8369 41.5131
657 1.51419 79.37 82.1984
658 24.893 66.1112 97.1282
659 46.3242 113.956 76.237
660 31.8994 114.406 102.474
661 11.6327 113.957 73.8176
662 33.4905 114.025 81.6287
663 28.2078 113.759 69.8032
664 23.3327 113.971 76.4726
665 38.8711 114.248 98.9663
666 15.3044 114.037 88.3193
667 25.8019 77.8113 61.5776
668 6.68091 114.016 96.5217
669 72.4853 113.961 73.7215
670 57.2282 113.704 62.8688
671 40.1647 101.697 45.8889
672 33.1162 71.9802 103.333
673 1.47326 72.8778 49.0864
674 24.7582 104.293 101.029
675 62.5308 113.975 69.9597
676 33.7163 113.826 69.8166
677 23.5384 95.0939 121.765
678 53.0038 113.896 95.7779
679 28.7358 114.692 111.15
680 28.8845 103.248 121.728
681 47.4703 101.211 121.585
682 52.8865 109.393 121.546
683 38.8025 83.7813 110.291
684 56.0461 114.652 111.837
685 26.9881 114.846 97.3625
686 33.013 114.527 116.246
687 41.7262 110.342 121.503
688 63.1558 114.756 115.142
689 54.5404 100.223 121.401
690 59.8884 114.988 109.739
691 75.7233 11.21 -0.626043
692 61.5735 15.0874 -0.399115
693 81.2873 11.2454 -0.61927
694 78.5228 15.3046 -0.658065
695 70.075 11.4308 -0.603235
696 58.3986 23.1813 19.672
697 78.5174 6.84405 11.4147
698 71.0144 67.646 36.7027
699 59.3756 23.0542 9.34854
700 39.4194 -0.608193 52.7163
701 70.2206 -0.85116 20.7198
702 100.434 37.2491 -1.26496
703 1.39327 1.77551 40.0846
704 79.7614 33.6545 -0.863359
705 56.9536 2.15515 -0.522338
706 68.3824 -0.496631 72.5824
707 48.5278 15.7192 50.7113
708 57.4208 41.7995 63.8494
709 54.7127 21.9238 48.099
710 46.8365 11.6358 48.5776
711 60.3928 -0.610351 31.3272
712 52.0017 -0.318754 58.0629
713 64.0241 73.6679 23.7942
714 82.7701 19.8005 46.1226
715 65.8344 -0.502343 53.6602
716 69.9529 -0.402009 51.0872
717 50.5533 -0.486847 42.6412
718 47.6927 23.6655 77.2307
719 44.9421 -0.536805 108.694
720 113.303 0.99923 40.8128
721 81.4454 -0.0776558 90.8971
722 44.7897 19.5192 57.5003
723 86.5768 13.5164 70.0981
724 74.6591 -0.104749 97.6565
725 67.1733 -0.250842 42.5648
726 54.8902 -0.321364 75.4799
727 53.4002 59.7993 48.1795
728 84.4211 56.0354 79.0223
729 59.2751 21.7987 68.4545
730 78.547 21.773 68.2901
731 68.7494 -0.305714 75.5766
732 103.506 -0.24016 83.1592
733 86.4923 -0.476347 102.783
734 89.1071 5.77442 109.782
735 75.0818 9.04089 115.689
736 82.2739 20.4377 121.832
737 59.2342 21.0361 121.93
738 77.7319 15.0591 108.683
739 83.9718 23.671 107.76
740 82.0609 12.1221 113.57
741 63.4224 19.3008 120.838
742 64.7866 16.271 122.294
743 92.2602 19.6356 99.5635
744 56.6686 7.23412 108.053
745 66.3895 5.92062 122.106
746 59.2942 -0.444872 109.689
747 74.8634 30.8333 121.895
748 69.9186 30.4531 13.7136
749 72.7665 43.5399 -0.949288
750 84.3439 41.4452 11.0282
751 75.6588 39.1974 9.04017
752 75.6375 27.4829 -0.630055
753 61.149 24.2449 -0.569134
754 73.9455 43.5395 37.0109
755 75.4106 51.6754 28.3068
756 72.9639 -0.41297 33.5773
757 24.3544 20.8972 20.0347
758 54.4371 43.7192 19.2037
759 46.212 47.6452 32.6594
760 68.0087 37.3132 26.2164
761 55.9251 -0.524128 33.8835
762 22.1292 46.9997 28.4829
763 77.0922 -0.509833 27.1393
764 99.0157 -0.318256 67.8302
765 61.4994 -0.367678 51.27
766 30.8831 15.4768 44.0454
767 75.5565 32.1049 25.7102
768 56.1393 -0.266618 68.8363
769 113.089 26.5476 69.3979
770 90.0612 19.1045 17.4939
771 86.6197 -0.329388 64.3861
772 50.1431 39.5321 61.7489
773 86.3844 35.8049 103.297
774 1.09003 13.9928 96.3925
775 73.893 33.5732 57.4499
776 38.7507 41.8563 70.6075
777 34.627 35.6991 105.684
778 113.113 46.9494 37.6766
779 113.09 72.8512 70.3093
780 33.6861 31.7937 92.8356
781 15.97 24.0268 81.6397
782 40.8167 -0.275852 84.3588
783 114.475 11.2157 104.478
784 84.4005 20.1661 92.3312
785 89.4057 77.3792 81.3762
786 98.651 48.0359 103.216
787 62.2214 47.9196 94.5974
788 40.868 49.7685 72.8663
789 71.7369 31.8549 101.392
790 29.5855 11.1777 70.4958
791 82.3282 50.1765 100.886
792 63.1397 25.5469 94.7324
793 62.8857 -0.279968 66.6271
794 114.291 95.4106 102.997
795 46.5364 41.7223 101.479
796 57.224 35.8507 112.092
797 93.9379 -0.364267 113.567
798 74.5122 46.0559 94.7145
799 102.208 26.0343 103.273
800 80.4304 43.3314 104.101
801 53.3956 42.2344 97.2639
802 51.9172 35.6633 92.5462
803 78.4561 59.9476 101.362
804 54.6292 47.4998 122.125
805 64.9246 33.5419 121.914
806 67.1237 29.7453 106.042
807 73.6248 21.1783 122.046
808 64.5841 46.3659 103.256
809 85.009 41.8001 107.916
810 85.4835 41.5306 -1.00939
811 77.2553 59.1324 -1.23163
812 55.4946 55.7644 -0.907198
813 57.1101 57.7163 4.42427
814 56.9933 61.6849 16.6057
815 65.7492 44.8617 14.7282
816 48.8184 61.2803 14.9981
817 79.8602 57.7183 12.7159
818 65.6293 50.2147 7.54494
819 70.6768 59.5485 11.0285
820 82.3297 41.3446 13.1246
821 70.6662 59.5903 15.0834
822 60.2051 51.1591 8.76466
823 86.3409 23.615 37.2456
824 66.5009 61.4049 19.339
825 85.9615 74.02 45.5651
826 64.159 69.481 10.9952
827 90.0133 -0.739401 21.6579
828 78.2254 41.9179 52.6323
829 66.1523 55.5724 17.1874
830 51.5861 35.7397 70.5589
831 115.075 75.7317 6.93984
832 50.3134 48.9931 55.3859
833 88.961 92.8864 59.3465
834 43.32 63.4082 19.7355
835 94.7502 90.2634 34.6885
836 60.119 55.4631 24.031
837 75.3191 59.5926 36.9258
838 92.3138 51.8029 58.9851
839 66.9808 35.9847 66.0634
840 38.2986 61.9224 65.8069
841 69.8992 54.6734 70.9242
842 49.1713 41.1669 93.4239
843 68.5227 39.9822 83.9179
844 53.3339 59.7368 74.9663
845 75.371 67.9089 98.9384
846 51.4769 71.7737 74.7113
847 21.0471 90.108 87.7082
848 69.4054 61.2478 46.0499
849 70.221 55.4304 98.5319
850 115.17 99.5687 108.249
851 -0.02178 32.8525 111.324
852 66.1025 68.1809 92.5114
853 64.1192 57.8604 72.3368
854 59.9285 47.675 88.0124
855 90.8047 59.6907 78.7265
856 75.6573 42.0888 75.04
857 6.96945 39.6544 94.6353
858 50.4878 26.0331 79.7155
859 43.5552 25.6521 92.6639
860 75.8872 80.3394 98.9646
861 27.7925 60.008 105.727
862 70.2319 80.4238 105.299
863 115.022 40.3087 106.905
864 68.4408 57.8283 107.811
865 81.5724 41.7686 103.894
866 82.6914 42.0355 92.4603
867 77.579 62.4225 105.475
868 83.5162 62.3392 107.714
869 80.5699 54.2055 107.86
870 81.8965 49.9919 121.924
871 70.3312 65.8762 121.695
872 73.5888 61.9554 121.83
873 84.7981 64.2787 105.581
874 89.1877 50.4954 121.768
875 83.2082 63.6278 121.779
876 79.8222 74.9605 8.08702
877 66.9435 74.2413 5.29394
878 83.972 77.8211 4.66971
879 65.4205 82.1266 -1.34983
880 67.0335 88.2391 19.2082
881 68.1842 78.0583 -1.46791
882 71.3694 77.6958 22.8358
883 59.9921 71.8764 2.44925
884 71.4307 66.1141 -1.10907
885 58.3757 92.5279 11.4415
886 81.5887 63.7722 25.7606
887 64.6962 77.7529 12.8048
888 113.595 70.4507 25.6203
889 94.058 51.9248 18.9395
890 96.8952 79.7109 17.1463
891 69.2226 89.9118 45.5721
892 57.3559 59.8661 54.7147
893 98.6059 86.006 23.58
894 113.864 103.533 16.7174
895 76.4409 43.8454 36.8591
896 100.676 68.9545 24.1993
897 88.9672 75.7501 50.2476
898 61.0018 98.3973 23.2781
899 65.107 93.6443 47.9403
900 83.8572 71.3978 36.5537
901 113.412 57.0028 32.0478
902 41.9875 81.2519 55.2103
903 83.7889 102.005 63.1721
904 113.016 64.9263 49.4609
905 113.811 19.4499 26.7431
906 68.4836 89.6535 70.364
907 114.254 102.411 104.597
908 49.7279 113.699 47.2093
909 56.9743 89.6128 63.2207
910 107.077 114.158 69.867
911 60.0886 113.782 83.6085
912 62.8066 86.1123 78.6587
913 72.2448 87.7514 63.3671
914 35.3809 83.5971 68.2165
915 112.828 65.2868 58.741
916 114.849 81.8352 109.699
917 49.1651 53.8449 63.8602
918 48.953 63.9278 92.3239
919 72.8241 66.6583 84.9175
920 90.4139 45.8277 105.124
921 112.809 78.6103 42.755
922 79.9386 47.3833 96.2408
923 113.986 74.1265 89.1994
924 113.638 65.6799 92.2402
925 87.5559 99.8604 80.7402
926 78.8758 86.2738 94.3022
927 66.1572 52.218 103.263
928 20.8898 74.109 105.575
929 57.9713 84.4639 113.657
930 58.961 82.1959 121.769
931 76.6962 76.5031 115.801
932 67.572 80.986 121.438
933 71.6827 78.3301 99.5501
934 76.1186 78.3642 121.614
935 66.2118 87.5405 121.48
936 64.228 74.4073 107.528
937 67.6796 90.1947 121.584
938 85.5457 99.2781 7.16496
939 56.8946 90.1041 -1.19443
940 61.2216 106.17 16.7479
941 69.7638 84.1654 -1.24555
942 41.6105 83.3454 23.6262
943 52.6517 113.684 30.0873
944 84.9095 113.58 25.9186
945 89.6553 95.6694 23.3127
946 63.0114 102.188 16.8794
947 68.248 113.9 23.3709
948 63.9815 91.4067 13.2049
949 -0.648432 85.0188 6.45097
950 91.8561 101.945 41.0392
951 71.1391 113.492 36.5127
952 65.4954 113.838 83.6985
953 88.4604 113.984 27.7925
954 22.3939 97.5382 48.1355
955 59.9139 113.189 26.2008
956 94.6969 94.0886 30.3422
957 59.6074 113.774 40.7682
958 53.1147 113.984 77.882
959 109.705 113.658 56.98
960 45.3604 53.3672 43.7563
961 48.6842 113.678 54.1231
962 72.5155 113.92 78.0614
963 66.9806 114.105 81.0583
964 62.5995 113.796 36.3318
965 69.526 113.4 50.0888
966 84.9984 113.573 36.083
967 42.4566 114.05 54.4959
968 75.6724 99.7153 49.766
969 72.6592 114.027 82.6655
970 95.3349 101.868 34.2952
971 71.2504 113.765 54.0014
972 59.4653 68.553 121.901
973 44.5424 113.739 60.7134
974 37.5619 113.653 61.66
975 75.1094 113.821 51.5285
976 103.11 86.5748 104.909
977 75.4512 114.116 69.5009
978 62.1797 77.9967 59.1454
979 43.3261 103.662 78.7364
980 113.165 36.3668 53.0686
981 111.852 92.1249 121.052
982 62.8071 113.865 78.8949
983 61.509 113.976 63.66
984 67.4949 88.1229 85.5233
985 67.6631 114.803 112.908
986 95.2001 113.927 89.8203
987 55.7897 113.952 90.3763
988 63.3562 74.3069 90.3526
989 83.0638 74.3373 101.13
990 90.3283 79.1831 105.816
991 71.6679 114.823 109.666
992 73.2708 87.49 114.347
993 44.8629 83.9661 94.3613
994 33.2854 96.0807 76.7498
995 70.8734 113.95 74.5178
996 58.6836 114.283 103.552
997 52.2685 -0.624286 103.333
998 68.8032 100.42 121.175
999 61.7258 114.586 117.014
1000 78.8917 110.39 121.161
1001 63.2549 103.348 121.458
1002 78.8619 94.2384 121.345
1003 53.1351 90.1052 116.218
1004 79.9302 114.774 110.879
1005 84.7298 114.997 115.419
1006 90.2685 94.5934 105.259
1007 57.6405 104.766 119.617
1008 114.613 14.1338 16.2753
1009 97.3347 13.3368 11.6464
1010 97.3825 18.6513 -1.03557
1011 108.442 2.19232 -0.668688
1012 92.9898 -1.29719 0.881667
1013 102.826 16.6842 6.73934
1014 86.8159 21.095 9.32953
1015 92.4078 -0.625434 29.1329
1016 76.7963 21.2108 -0.769485
1017 99.8257 -0.770084 19.1672
1018 86.5756 12.9595 7.21781
1019 98.262 -0.377928 25.7465
1020 87.8539 -0.309759 54.3605
1021 94.3051 7.3815 21.7981
1022 80.9012 17.6937 43.9671
1023 68.6051 -0.819512 24.1081
1024 103.155 -0.229365 64.2636
1025 100.477 -0.257059 42.2177
1026 106.459 19.4386 22.0426
1027 102.878 -0.779439 18.2868
1028 113.952 48.1843 19.3124
1029 74.4325 -1.07004 14.5956
1030 114.44 42.1976 12.5295
1031 100.351 9.89234 72.7206
1032 113.455 7.16741 82.5384
1033 51.7785 15.7403 70.7812
1034 104.756 -0.230891 63.6484
1035 113.019 3.06233 73.1806
1036 113.171 32.797 53.4921
1037 111.555 0.0205669 51.0149
1038 78.2761 29.1883 61.6267
1039 90.6826 -0.266299 58.7559
1040 113.569 22.7272 29.7763
1041 68.7164 -0.283605 62.3516
1042 99.0317 -0.427778 54.6546
1043 80.8364 -0.309075 61.1545
1044 89.4482 -0.424204 60.0697
1045 57.3892 37.6453 76.9014
1046 95.0154 -0.237294 64.1834
1047 112.985 24.3457 40.4001
1048 113.081 4.91713 79.3843
1049 109.219 0.203659 90.1179
1050 113.479 47.2156 82.208
1051 100.811 -0.469219 29.3077
1052 70.9071 43.8874 65.9308
1053 100.757 -0.0440325 81.8415
1054 102.603 -0.112461 98.5879
1055 113.35 2.83573 64.2051
1056 114.398 33.6147 105.082
1057 114.481 6.32818 100.015
1058 98.6787 19.6582 98.8696
1059 88.3409 19.8534 96.9602
1060 113.694 24.5515 92.1799
1061 86.6698 -0.0763231 77.6293
1062 77.058 22.1643 96.8976
1063 98.8648 31.3567 106.992
1064 102.591 44.0121 94.2515
1065 114.127 21.2895 97.6652
1066 97.0043 11.6599 111.786
1067 108.755 7.5332 112.084
1068 115.295 7.04665 120.246
1069 100.572 9.72404 105.618
1070 102.761 42.7266 -0.856307
1071 84.3542 37.9572 10.0343
1072 104.311 40.9371 -0.768175
1073 102.861 41.8839 15.5322
1074 104.367 42.3418 2.28827
1075 98.5242 44.5691 -0.875661
1076 113.952 56.2403 19.4618
1077 113.371 28.8072 31.7127
1078 102.925 40.3995 6.08407
1079 114.107 80.425 17.8356
1080 70.8118 13.6176 35.2783
1081 107.099 33.5148 13.5654
1082 112.988 0.735889 58.7311
1083 112.845 44.5835 45.6587
1084 113.563 40.3757 23.5491
1085 115.246 8.76649 1.59119
1086 113.19 45.0182 40.728
1087 80.028 89.9859 -1.28548
1088 62.633 49.7856 41.8904
1089 85.0254 10.2112 42.3769
1090 51.9145 45.5121 59.0587
1091 61.7712 27.6476 48.2687
1092 83.7581 57.6616 41.4
1093 55.7734 51.8699 63.6417
1094 114.456 15.8065 100.639
1095 114.16 36.8303 18.3907
1096 76.4829 39.5941 41.307
1097 112.98 61.4065 62.7891
1098 113.612 69.5672 93.1573
1099 113.308 40.0527 36.2469
1100 86.5596 -0.656499 47.1022
1101 113.371 10.6829 34.8069
1102 98.8431 17.909 85.4206
1103 83.8804 20.3452 74.4026
1104 34.7265 21.5917 51.0129
1105 86.7203 27.5492 70.6002
1106 109.09 46.6559 121.458
1107 40.8518 16.4711 76.6098
1108 81.3776 50.6868 93.7116
1109 112.947 64.9854 67.1142
1110 113.652 10.8085 86.0594
1111 77.0253 69.7002 85.5212
1112 115.235 65.8678 117.941
1113 88.0219 -0.381281 37.1802
1114 83.9228 13.8777 70.378
1115 113.793 12.4731 27.5284
1116 108.652 0.150842 101.108
1117 113.284 12.2322 75.1516
1118 113.223 49.1468 66.967
1119 59.3566 0.00345381 100.922
1120 56.9506 63.9584 70.4949
1121 61.8101 -0.0751506 83.417
1122 115.176 41.3413 114.351
1123 43.631 15.9595 90.4299
1124 110.318 -0.0790444 67.655
1125 84.6085 56.7161 105.073
1126 73.7451 70.2636 76.9704
1127 113.245 70.5645 29.2597
1128 92.1809 42.197 109.587
1129 100.435 39.7334 113.501
1130 109.354 27.4633 121.493
1131 98.9754 44.6165 108.898
1132 102.282 42.1209 115.606
1133 115.378 34.969 116.796
1134 101.415 31.9338 109.529
1135 96.7876 44.0592 111.544
1136 79.2762 48.0965 111.857
1137 99.9285 53.1206 13.3917
1138 104.305 40.7163 4.26782
1139 95.5899 51.677 -1.10013
1140 108.548 45.9868 12.5987
1141 109.79 113.975 65.4523
1142 112.831 105.084 45.1258
1143 112.936 76.6079 62.9146
1144 67.0147 54.7343 22.4662
1145 113.962 40.769 19.103
1146 112.679 78.4768 50.5882
1147 45.5588 106.377 -1.3008
1148 79.6958 75.5953 19.4893
1149 94.1763 68.7985 14.3302
1150 114.383 3.45038 15.4133
1151 113.293 38.7772 30.3112
1152 86.749 53.8619 56.8205
1153 46.8858 108.492 -1.06223
1154 61.4091 95.7447 19.3205
1155 45.6252 65.7255 50.228
1156 69.7222 77.5535 38.964
1157 114.554 62.1308 101.645
1158 113.634 65.3755 19.5992
1159 24.3661 59.4559 30.76
1160 108.516 114.598 106.48
1161 112.934 22.7955 51.7958
1162 113.09 76.7306 52.802
1163 83.67 47.6677 37.179
1164 108.787 113.967 41.4618
1165 113.096 58.9987 68.2762
1166 99.5055 79.8589 45.7465
1167 114.122 105.117 100.753
1168 66.7749 79.6584 63.428
1169 113.779 27.4847 90.2843
1170 56.9936 73.9751 76.8911
1171 113.816 52.5944 19.28
1172 113.816 16.5919 84.057
1173 99.175 41.9608 63.5524
1174 113.828 4.63255 93.0267
1175 35.345 45.739 74.7707
1176 113.826 61.2143 92.7374
1177 82.1714 28.3205 121.911
1178 60.1386 74.0277 90.1929
1179 93.2074 60.0917 78.8938
1180 78.1832 27.7509 59.3007
1181 113.259 78.0457 83.0
1182 97.3569 56.1184 103.075
1183 113.247 79.3559 86.0842
1184 86.9257 47.8752 61.4207
1185 66.9564 37.7794 86.0431
1186 112.959 38.974 56.3079
1187 113.788 81.1955 96.7477
1188 113.154 65.826 74.4377
1189 113.454 26.3845 82.175
1190 113.291 107.625 85.2725
1191 70.1258 43.9188 90.3121
1192 58.7917 46.9082 93.2162
1193 112.982 38.8214 51.8673
1194 113.909 55.0425 99.8133
1195 115.07 10.4912 120.255
1196 78.5256 72.472 100.597
1197 51.7285 58.5598 104.191
1198 97.2376 62.3471 109.369
1199 61.6481 88.0689 98.6284
1200 80.3656 61.5252 107.087
1201 86.2517 55.0188 121.772
1202 94.7191 50.776 112.103
1203 109.277 59.9463 121.188
1204 104.715 76.9628 108.833
1205 93.795 57.7471 121.843
1206 107.826 64.9497 121.331
1207 95.4581 101.01 -1.307
1208 81.8591 75.6722 -1.44634
1209 97.0826 86.2558 16.2285
1210 114.77 81.2242 9.33
1211 84.0908 88.5581 8.22421
1212 114.513 82.6595 0.0688576
1213 89.8795 77.1211 -1.18834
1214 79.8706 72.3375 6.1018
1215 100.724 71.7388 12.9335
1216 105.473 86.208 -1.18607
1217 113.008 62.9047 60.4162
1218 108.85 57.7519 -1.46922
1219 79.8519 87.7214 25.5707
1220 103.385 113.825 25.2437
1221 112.873 108.613 40.8079
1222 114.752 93.5986 13.3132
1223 59.81 113.832 17.5375
1224 63.9399 113.747 42.994
1225 112.777 80.6051 48.6223
1226 114.014 41.4913 97.9878
1227 79.51 113.981 80.3768
1228 27.7987 69.6202 72.6785
1229 62.2475 104.258 17.2144
1230 81.0487 39.6952 39.1581
1231 113.803 51.8792 98.3879
1232 112.884 44.9053 66.1499
1233 37.5251 73.4836 35.0399
1234 62.5521 73.7231 43.6805
1235 68.0089 113.743 63.0459
1236 114.339 91.1163 102.794
1237 114.585 88.5146 9.51016
1238 114.474 79.9509 102.631
1239 84.8617 113.93 71.6549
1240 77.9827 113.516 63.4772
1241 113.149 36.8844 45.4066
1242 113.095 91.2711 60.3877
1243 113.226 12.0175 61.8099
1244 58.7081 58.1895 94.5759
1245 114.364 60.3467 1.94221
1246 112.847 86.8941 54.9884
1247 103.777 0.190154 94.7636
1248 112.83 103.381 76.7479
1249 113.764 105.301 96.3049
1250 110.241 114.064 88.1995
1251 58.8556 113.912 87.2821
1252 76.5653 64.0154 96.7524
1253 112.02 113.68 19.5836
1254 45.5854 67.7612 85.7398
1255 113.286 98.8762 25.2973
1256 114.044 78.7645 16.4281
1257 98.0302 68.169 98.4439
1258 112.841 67.3301 60.5586
1259 68.6248 43.3458 81.8906
1260 100.097 59.7859 103.301
1261 113.611 48.9079 88.0904
1262 98.2279 114.184 94.175
1263 66.0477 114.719 109.609
1264 77.6005 114.648 105.171
1265 114.24 83.9253 99.4799
1266 108.984 74.6489 115.309
1267 89.1175 71.1433 121.599
1268 115.018 70.078 114.043
1269 87.7115 77.2063 121.468
1270 102.084 82.242 121.252
1271 109.099 75.9267 116.792
1272 104.662 94.47 107.231
1273 87.355 85.9541 112.092
1274 106.216 96.4409 121.123
1275 94.624 80.3039 121.438
1276 114.977 81.2635 106.14
1277 91.9408 83.894 121.28
1278 77.8915 76.1882 121.802
1279 103.123 83.5107 104.051
1280 109.179 72.1137 121.252
1281 114.53 88.8577 1.81968
1282 92.6336 114.107 3.9258
1283 105.595 114.115 10.084
1284 114.527 100.86 13.9891
1285 100.957 114.197 3.6987
1286 86.8883 113.954 3.96183
1287 112.68 106.791 73.0183
1288 84.1521 104.062 -1.53799
1289 114.256 108.82 14.0724
1290 114.538 1.94839 8.29838
1291 93.7592 113.903 21.835
1292 68.1163 113.62 40.4952
1293 111.616 113.461 43.2039
1294 113.194 82.549 34.041
1295 72.7271 113.907 64.9573
1296 81.8521 114.195 76.1699
1297 66.6779 113.595 37.2589
1298 114.178 92.3309 17.8647
1299 114.506 83.2962 12.1658
1300 98.007 113.918 16.5445
1301 111.259 113.538 50.2666
1302 62.3052 87.6474 45.5447
1303 111.624 113.296 32.8725
1304 113.262 110.15 42.0276
1305 98.9203 113.609 27.5632
1306 42.6179 78.9161 -0.831503
1307 76.4755 113.828 75.9133
1308 112.968 78.4287 37.4913
1309 68.2876 114.047 84.8305
1310 64.3841 95.947 72.0761
1311 114.516 73.7089 105.975
1312 114.065 91.295 99.3029
1313 112.611 109.338 66.2569
1314 105.71 114.032 80.6085
1315 81.2927 66.0919 98.7907
1316 96.8715 70.1867 83.1074
1317 72.0909 98.2125 85.487
1318 110.595 114.316 91.6812
1319 90.509 113.9 80.3338
1320 59.6147 100.197 61.0712
1321 105.836 114.232 86.6521
1322 88.544 86.0409 92.1552
1323 115.464 106.245 109.852
1324 96.1452 114.078 76.0572
1325 89.0013 114.63 111.002
1326 113.055 90.6899 72.7615
1327 63.5791 62.1306 94.7812
1328 112.507 114.441 104.066
1329 97.3583 114.027 64.7135
1330 89.317 114.069 73.8415
1331 71.8074 75.9101 103.347
1332 88.7151 114.862 114.856
1333 91.5904 114.675 113.699
1334 96.3176 101.163 121.333
1335 95.7306 106.937 110.978
1336 115.058 103.678 119.305
1337 105.876 101.727 101.669
1338 115.23 103.379 107.866
1339 115.236 112.133 119.635
1340 115.076 109.569 109.471
1341 84.8081 98.6907 117.356
