0 11.2207 13.3835 -0.761166
1 2.78476 0.0561951 10.0132
2 -0.640337 36.2994 21.8914
3 18.548 -0.10044 9.72039
4 25.6662 -0.239793 1.10871
5 7.84911 12.7572 -0.281551
6 -0.511954 13.1346 10.8055
7 11.9084 8.89745 6.83291
8 11.1612 2.02142 -0.317316
9 -0.677519 15.5187 1.93727
10 0.0640774 16.0792 33.2932
11 21.7324 12.7727 17.146
12 17.9452 11.0497 21.358
13 14.1515 0.5647 27.3601
14 5.84086 0.160721 27.4088
15 18.3377 7.05788 22.4643
16 0.393528 21.3798 46.1303
17 26.7391 1.28393 34.3842
18 0.634372 11.8209 39.8376
19 23.5669 11.0887 26.9741
20 24.5356 0.868198 51.7211
21 0.502864 1.82553 40.7161
22 19.4063 5.60302 43.2664
23 14.444 9.14847 47.9232
24 0.0574443 27.301 32.0839
25 33.0084 7.34548 56.5456
26 8.60884 13.1818 55.7774
27 13.9389 15.8593 53.9281
28 30.4763 22.7719 52.961
29 24.0614 11.4052 68.0286
30 0.452211 16.9037 52.593
31 19.1993 1.18743 58.7625
32 22.4588 10.0228 36.8413
33 24.4845 16.956 41.3165
34 0.278865 8.86748 80.6068
35 29.1079 11.9906 71.9966
36 20.9158 14.2133 76.0397
37 21.9884 18.1309 54.3515
38 10.5594 1.10957 64.6946
39 20.2409 0.970264 67.8011
40 26.2608 1.07341 62.3627
41 18.9789 24.1051 86.6717
42 19.0661 12.8968 93.1556
43 22.8642 1.34964 69.3167
44 14.1776 0.723424 78.2702
45 8.05186 0.81705 80.8935
46 14.4291 15.86 72.4357
47 0.459586 6.53395 90.8961
48 23.2445 21.5233 79.9325
49 29.673 20.6749 114.35
50 21.0246 4.37594 110.296
51 14.3436 16.3324 102.35
52 20.5782 34.5103 97.8221
53 23.6434 0.257669 100.552
54 26.8605 0.422743 101.846
55 19.9982 5.91082 99.462
56 11.9311 5.11271 91.5651
57 9.25348 22.97 109.795
58 10.4219 0.87177 99.0428
59 14.722 10.046 91.7575
60 7.24797 4.19183 110.389
61 14.1409 0.270837 120.116
62 33.2342 16.1781 122.369
63 16.5898 9.19368 121.891
64 2.48555 0.147217 119.6
65 5.76311 5.11002 114.228
66 21.4677 44.7109 6.81062
67 22.1607 30.6911 16.0097
68 30.1706 39.4466 11.3251
69 -0.647554 45.592 12.0058
70 27.8999 22.6233 12.2931
71 6.94716 57.3189 -0.0408418
72 27.3126 37.1615 -0.0628974
73 8.37819 45.9074 0.0336879
74 23.1629 42.639 28.6193
75 -0.10455 21.872 24.3278
76 11.6166 25.2031 23.7268
77 3.85872 29.4149 11.8791
78 9.54318 29.5304 45.9919
79 -0.948196 36.6864 6.88261
80 14.268 36.475 36.6489
81 -0.00644453 45.9481 39.6542
82 20.6096 46.3204 41.9748
83 12.3042 42.3145 45.746
84 31.4951 43.5115 20.5889
85 0.268265 45.4949 41.2319
86 29.1567 40.8957 47.6229
87 17.8488 31.4927 43.8316
88 17.4949 46.0446 44.6724
89 0.407863 34.7264 54.2578
90 27.4243 38.3371 53.8293
91 19.2574 23.8452 61.5759
92 10.6339 36.7704 66.7397
93 6.02401 21.2563 43.3968
94 0.778719 23.3465 57.9339
95 23.3935 26.8762 74.1441
96 9.01507 45.5849 73.8636
97 16.4211 28.3341 45.8952
98 14.4888 31.8221 54.1387
99 9.20337 27.4009 61.4171
100 15.6764 22.5625 75.0104
101 27.4658 29.5156 66.842
102 0.707875 25.215 74.2303
103 17.3593 45.7019 63.1485
104 24.4818 35.5072 54.052
105 0.404242 32.4859 80.376
106 23.2003 37.7233 61.31
107 21.5707 31.3922 82.1229
108 31.2878 22.6171 69.5766
109 20.2394 17.9613 70.9766
110 16.685 29.3985 92.5978
111 0.56658 34.893 86.2587
112 21.0075 36.6337 98.6784
113 0.391221 43.7067 98.0799
114 22.8755 26.0853 109.574
115 11.522 28.1255 103.19
116 26.8637 37.9563 92.2353
117 16.9234 48.5505 94.9378
118 9.63233 31.7833 76.8425
119 29.2344 49.0026 108.557
120 19.8878 26.6278 110.213
121 19.1642 49.9419 99.5567
122 23.975 46.0907 105.177
123 5.0349 43.9798 92.7288
124 2.69494 37.5474 96.8958
125 25.1523 36.8143 122.275
126 29.4076 40.6861 122.486
127 9.40669 41.6405 109.198
128 7.31816 34.6025 106.226
129 13.1248 44.6192 109.296
130 10.0657 34.6525 122.37
131 13.1285 43.8557 122.309
132 33.1902 27.4504 106.556
133 21.9312 40.0795 107.005
134 17.5267 69.4397 6.71225
135 2.1237 63.0464 -0.215717
136 33.8434 68.4127 2.05338
137 17.671 54.1151 12.1949
138 5.39631 59.5715 8.60608
139 -0.367515 82.7386 7.8549
140 19.4226 55.7638 11.4585
141 23.9922 58.0582 22.3866
142 -0.208115 60.6969 26.5533
143 16.3193 59.6626 25.7942
144 29.9789 49.87 20.7508
145 0.0289115 66.361 33.111
146 27.603 75.0041 12.6492
147 21.7117 65.6741 30.0811
148 13.7665 42.9936 40.1033
149 27.4314 55.6471 30.283
150 26.4612 63.7126 44.746
151 5.72063 56.8646 42.9667
152 4.15105 51.2129 35.9944
153 22.3422 63.1886 53.7125
154 24.24 50.8124 30.4209
155 11.5957 58.8472 42.8944
156 15.5588 42.5942 44.6905
157 5.48532 65.8236 27.6117
158 13.1641 52.8705 39.2215
159 9.78822 60.4582 39.5211
160 25.8466 46.9423 52.9935
161 18.7302 60.1925 73.0921
162 16.4215 60.8552 55.4942
163 9.08898 41.9522 48.5326
164 21.6138 57.6889 46.4496
165 14.4635 57.7997 44.5405
166 19.8554 59.2777 54.1161
167 0.428248 55.3093 81.0434
168 14.0839 51.3158 71.2488
169 12.0406 59.226 70.1812
170 16.974 57.8532 71.2429
171 34.6455 56.4477 58.2581
172 16.4032 71.8516 71.4845
173 20.2801 53.8586 83.0027
174 16.7597 60.1009 85.9481
175 0.0733548 66.1239 93.0196
176 12.7461 60.1083 88.5807
177 22.1429 58.1947 77.0185
178 36.4483 45.4429 79.7104
179 25.8426 56.0038 75.9427
180 0.322897 45.4185 90.0994
181 -0.880349 67.6314 107.388
182 13.1525 51.2304 106.871
183 22.6329 44.8303 100.48
184 16.5686 62.2986 103.064
185 23.1234 60.5757 89.7509
186 4.93963 56.3343 115.988
187 5.4361 69.7526 103.806
188 -0.224188 64.7137 101.032
189 3.73388 66.7039 114.541
190 10.8141 44.8796 116.122
191 0.901979 67.8726 122.717
192 12.8728 58.4531 122.027
193 14.703 68.2593 122.491
194 -0.762248 59.9592 115.222
195 10.1367 56.0486 122.124
196 20.9769 50.591 114.979
197 33.4828 55.586 106.895
198 22.1307 62.7952 122.306
199 12.904 70.921 8.58058
200 6.98189 81.4322 8.47582
201 30.4775 93.229 7.96242
202 15.249 71.9787 7.5905
203 24.2387 75.9481 5.80439
204 18.288 84.3169 7.76951
205 2.74623 76.551 -0.804253
206 23.9571 80.0667 -0.731408
207 5.61289 71.9563 -0.0415502
208 16.1475 73.8451 -0.0643529
209 11.8513 82.0036 20.7152
210 25.5903 82.1447 23.096
211 26.662 97.7151 36.7118
212 29.5816 96.1541 20.4608
213 31.4143 67.2045 18.7986
214 23.3614 88.0349 26.7652
215 17.6354 62.4144 14.3412
216 1.56978 86.2623 -0.851561
217 13.3241 70.5068 26.8017
218 20.1491 81.7866 36.5667
219 -0.260885 76.3007 16.7285
220 8.66066 70.7749 32.4104
221 15.6853 87.7759 40.4289
222 19.8518 80.5462 45.6518
223 16.2746 79.9137 25.1597
224 17.0729 84.8025 37.9824
225 18.1744 91.795 36.7943
226 20.4501 71.5921 49.4111
227 4.60652 92.269 44.4922
228 17.9034 64.4915 52.2208
229 4.10591 68.5774 57.6399
230 32.3631 92.6366 46.6688
231 23.9814 66.4811 42.5765
232 0.851856 93.4883 60.7333
233 11.4577 78.6817 55.9378
234 16.0078 70.5656 55.8704
235 16.5937 83.8272 48.3349
236 10.3627 66.1668 51.339
237 16.2477 70.4566 50.7932
238 0.653994 80.5988 50.6233
239 0.586385 69.2189 59.5155
240 18.3601 73.4241 56.5157
241 29.2346 68.3732 75.0757
242 15.5483 56.062 62.6583
243 17.9771 74.9522 58.4394
244 26.4106 96.4269 74.2016
245 0.858711 82.7251 67.4778
246 39.3144 89.8487 46.536
247 18.3289 85.1153 74.7138
248 29.7292 103.638 78.9018
249 12.0776 84.9893 52.8894
250 27.6667 74.9007 79.6718
251 18.9189 77.0721 66.6538
252 32.4631 66.8194 83.3297
253 12.7795 80.14 90.8319
254 10.3151 65.9341 73.72
255 16.0847 81.3884 86.1606
256 19.8997 85.3294 69.532
257 31.6122 75.3639 79.8282
258 31.8079 89.4248 102.257
259 0.12749 75.9181 89.5192
260 0.641102 70.3828 67.6499
261 11.937 97.3269 84.1685
262 0.287849 86.6628 79.4124
263 9.39445 64.7928 104.899
264 17.0835 82.1471 102.357
265 -0.254452 69.1726 97.7706
266 23.3544 73.1251 100.679
267 0.376248 73.8598 85.85
268 33.554 85.7616 99.5084
269 13.9402 80.7155 86.662
270 21.8211 92.4889 96.8586
271 5.97586 83.8266 122.17
272 16.8696 70.8914 113.587
273 2.56147 70.8448 122.959
274 -1.1909 82.7544 112.657
275 23.7826 69.1554 108.624
276 31.3694 81.8374 107.861
277 26.8785 91.4452 123.098
278 24.3304 113.238 1.30759
279 16.43 101.685 2.64588
280 9.90979 99.9673 -0.0113635
281 13.6462 99.9857 14.9318
282 17.604 113.702 10.2285
283 2.73323 97.6836 -0.601264
284 22.7196 84.212 23.1596
285 -0.0621277 94.9584 15.6207
286 13.6603 113.232 23.7808
287 6.26137 96.924 33.32
288 20.8868 112.479 38.0035
289 0.641233 107.938 53.6424
290 -0.634905 108.062 9.20853
291 21.7609 113.232 23.7845
292 0.183047 92.5994 38.8554
293 16.8507 101.521 17.6072
294 22.9525 99.9305 18.0334
295 16.7142 113.094 13.875
296 22.1987 113.143 28.8968
297 15.6604 113.065 26.2113
298 31.9222 112.606 47.5069
299 18.7428 91.0542 20.3905
300 23.9008 113.36 18.3195
301 6.21808 112.65 37.2004
302 7.8007 106.837 41.1976
303 9.13057 112.089 46.4838
304 8.37407 112.516 40.2123
305 26.3248 91.4238 34.216
306 12.6912 112.532 30.3826
307 17.7993 100.061 33.1738
308 25.8999 112.729 34.1741
309 36.5435 95.8543 42.2121
310 7.86513 103.727 44.4004
311 14.6726 93.1374 43.1116
312 26.1502 112.808 47.7012
313 21.9001 112.831 34.2694
314 14.3553 84.0835 67.3789
315 0.542075 107.938 77.8182
316 0.477574 98.0219 51.4348
317 0.445915 110.318 73.5297
318 0.534046 90.8895 62.1792
319 9.55986 112.067 54.6574
320 21.6449 103.573 76.0575
321 19.5061 112.889 94.01
322 29.8139 112.438 77.1791
323 18.1789 112.714 77.4712
324 5.55945 106.967 76.7826
325 11.76 87.5335 78.726
326 -0.208323 109.921 87.4125
327 1.21596 112.24 97.6308
328 24.3088 94.3677 91.6081
329 34.6934 113.483 99.467
330 35.734 102.111 91.591
331 4.08568 112.428 82.7891
332 21.6983 101.69 94.841
333 -0.995157 106.796 109.731
334 11.6072 104.084 101.109
335 24.5183 113.016 106.296
336 8.43912 113.446 111.095
337 21.0425 112.14 87.0137
338 25.3669 113.534 117.818
339 24.7188 100.986 122.348
340 -0.859041 104.292 116.493
341 7.61021 92.1502 106.171
342 1.62481 114.248 112.752
343 39.6777 13.0126 9.44338
344 20.1705 6.17723 13.4549
345 35.6987 12.4205 7.51613
346 41.1054 17.922 -0.0830328
347 51.4668 -0.114843 3.75882
348 37.5934 14.103 8.79625
349 35.9273 12.0643 0.09802
350 33.4544 15.0265 10.8156
351 34.8847 18.6952 8.89801
352 27.4429 9.1369 23.3156
353 52.1548 12.547 23.1691
354 38.7475 0.459056 15.3232
355 51.7107 0.399036 21.8998
356 41.6745 0.568079 24.6106
357 39.963 21.677 32.1186
358 27.6495 25.8984 20.9441
359 52.4789 26.9189 25.8142
360 38.5901 9.95955 31.4854
361 51.5936 5.01254 40.4185
362 44.9195 28.0549 54.0328
363 39.6698 17.9294 37.6801
364 48.116 13.2732 47.3556
365 36.5345 0.358975 38.0319
366 33.8646 27.1838 49.6929
367 35.3856 13.211 46.7177
368 58.7834 10.1584 64.0653
369 35.0249 1.3416 66.5451
370 33.7805 17.2248 38.4078
371 42.3162 10.975 43.1399
372 32.2126 18.018 65.5626
373 57.7775 1.01949 70.1809
374 38.1331 9.96664 60.8168
375 60.1507 27.4018 75.118
376 31.8395 5.40353 72.8556
377 31.3013 1.36824 69.2928
378 52.9788 11.2985 90.6231
379 39.3636 23.7271 83.2886
380 44.0425 8.27249 97.657
381 58.1669 0.868596 82.2343
382 36.0498 24.8892 79.1892
383 51.2615 4.12923 89.2144
384 40.6109 21.0273 84.2575
385 39.7264 0.762859 92.0761
386 19.918 1.0916 76.1056
387 58.4008 0.150376 107.651
388 41.9414 0.437769 97.4828
389 45.9572 20.4184 93.3391
390 45.5683 21.552 103.198
391 48.8318 20.2217 91.8211
392 46.4525 19.1933 104.093
393 53.4005 15.7642 122.404
394 27.0177 12.6089 122.237
395 45.3099 25.1143 113.242
396 53.4307 26.2763 107.643
397 33.9009 1.76827 122.777
398 46.5502 2.11502 123.172
399 47.3375 11.6466 103.076
400 56.4495 10.4846 122.333
401 46.1615 23.3243 118.234
402 34.03 29.8146 -0.164418
403 31.8599 42.8591 13.5065
404 32.7409 45.7986 -0.0988938
405 54.5516 35.8954 0.244355
406 55.7625 40.1094 -0.00656167
407 37.618 31.3077 16.4739
408 31.6163 41.4667 4.0327
409 46.5863 32.9978 14.164
410 32.4538 31.9843 -0.161226
411 59.6478 50.7989 0.126604
412 43.7229 47.904 4.7316
413 40.7767 48.2258 6.01331
414 42.018 39.0501 29.6164
415 37.8831 43.1315 26.1603
416 55.731 53.282 37.1525
417 44.0181 50.5781 17.427
418 31.7368 39.4666 23.5507
419 45.3098 26.6679 15.3892
420 33.7434 59.1864 16.6909
421 39.0558 26.3207 22.2075
422 25.7431 38.3817 29.962
423 45.9498 29.2207 29.0531
424 48.0699 46.4846 34.1247
425 28.2403 36.8499 27.784
426 50.0396 32.8 37.1853
427 61.813 16.7669 44.8072
428 31.4448 31.2605 21.6513
429 45.852 35.7457 34.7588
430 30.3848 28.8402 36.6032
431 61.7434 22.2846 42.6255
432 25.8129 36.4473 31.3448
433 47.5604 23.558 39.2037
434 38.9507 29.3379 58.3813
435 41.5832 26.0136 47.6135
436 44.972 39.359 61.0838
437 33.7203 40.5061 50.0794
438 59.9728 40.3044 58.4432
439 42.5098 28.8626 72.2196
440 53.2636 54.5419 50.1941
441 40.489 25.738 66.6821
442 47.9474 11.1694 70.9045
443 32.7557 44.1243 65.8804
444 24.9405 27.9851 78.7865
445 35.9951 26.6784 86.0026
446 32.3102 28.8711 67.8943
447 44.7476 34.5456 70.0984
448 47.3334 27.0863 87.9695
449 44.9356 36.8262 71.0496
450 48.1123 30.6373 68.6016
451 41.2645 32.7255 61.3489
452 33.2817 46.4367 77.794
453 55.5319 37.0159 66.4596
454 30.7332 36.063 72.1792
455 50.136 34.6226 63.1075
456 23.7636 61.7417 82.3876
457 52.1365 36.0695 100.704
458 36.6757 34.0997 77.7734
459 28.3239 56.0571 84.2716
460 53.9765 48.4834 85.1204
461 47.7382 44.7651 79.5374
462 67.6883 35.5791 86.9383
463 50.5844 49.6357 86.1723
464 61.793 39.3148 86.838
465 29.0442 36.869 87.847
466 54.4207 25.5604 103.527
467 35.292 23.7947 114.239
468 54.2467 37.6947 86.7522
469 44.4465 36.0685 106.22
470 22.2695 49.3385 107.691
471 63.7662 34.2855 118.91
472 43.3049 31.3859 113.718
473 45.2828 39.2171 110.575
474 29.5254 26.5536 122.487
475 45.4503 26.5418 122.401
476 42.0462 35.2457 122.639
477 45.2435 39.0919 108.178
478 48.3501 31.2289 122.354
479 38.0184 56.1509 122.705
480 34.5544 63.2104 -0.199421
481 40.0098 59.3522 16.7744
482 56.3097 67.1636 3.11714
483 45.6879 44.2061 17.1559
484 22.391 48.7678 19.7802
485 25.752 39.0866 18.6764
486 43.0613 72.0497 25.9631
487 35.5626 63.916 15.2496
488 61.7618 46.3952 34.412
489 43.3765 62.7064 27.4655
490 38.9485 67.9597 24.7866
491 35.543 66.8432 29.4291
492 42.8935 55.9762 35.7031
493 47.1417 42.1606 49.4712
494 67.8567 67.3825 26.0298
495 36.5933 66.5088 19.8493
496 56.9399 59.3182 46.6362
497 32.2509 76.5149 53.8832
498 49.3398 64.7511 43.8343
499 34.6028 63.6023 47.3478
500 50.6285 46.7684 64.9472
501 34.761 54.1897 46.4659
502 47.3448 69.5054 49.2084
503 48.0905 52.0401 63.0939
504 24.2492 63.0159 56.7899
505 45.0517 61.5227 63.77
506 64.6599 57.3935 59.9994
507 57.2671 73.8761 72.2121
508 30.5243 49.132 74.0256
509 38.5231 65.7236 53.8636
510 41.4108 40.2841 72.1495
511 36.6066 55.363 59.2843
512 52.7471 59.7217 69.1647
513 19.3512 63.3502 60.8088
514 49.8547 63.9236 94.4823
515 39.4764 51.1847 83.1118
516 43.9716 60.8368 86.066
517 34.9394 70.3235 91.5172
518 35.9049 68.1257 91.2399
519 44.9383 59.9447 80.3846
520 48.6596 57.6733 74.005
521 31.6259 56.7093 100.233
522 39.2835 62.5492 84.9585
523 61.3788 83.7111 75.9336
524 40.1276 54.4149 91.4268
525 49.3482 58.3764 98.7834
526 39.018 54.0901 114.674
527 42.5252 55.8703 106.848
528 36.8118 52.448 85.2317
529 30.4008 51.2053 94.4624
530 47.4556 55.73 93.1025
531 27.1789 64.7329 122.68
532 29.2889 65.0077 112.258
533 63.1649 48.9529 102.114
534 39.21 54.1712 117.249
535 41.5483 61.4577 120.017
536 62.1853 61.1855 117.237
537 37.8894 71.6385 -0.042079
538 47.1272 84.5133 0.042764
539 28.0859 71.3385 19.318
540 51.1236 63.4077 -0.150653
541 42.6521 95.9386 14.0857
542 28.3144 80.9425 -0.14117
543 31.5131 71.6399 -0.356557
544 47.283 79.9634 34.7896
545 38.4783 90.6876 27.8675
546 56.3489 86.88 32.8228
547 47.8086 86.6998 14.5286
548 40.27 71.607 17.1575
549 51.5567 80.7664 18.9358
550 47.763 81.0819 8.25467
551 57.2225 92.4184 25.0133
552 39.8968 67.8308 20.6287
553 40.1275 66.6366 50.6157
554 46.7138 88.919 30.0186
555 55.9452 75.0374 47.0481
556 34.7741 69.8627 27.926
557 45.9932 91.9965 33.941
558 49.2045 73.8756 31.0254
559 49.7953 76.9864 34.7363
560 26.3684 80.3079 48.1501
561 47.9944 78.7294 38.7029
562 53.9561 75.2958 33.087
563 48.8758 92.2797 27.4198
564 35.8295 50.5301 39.2212
565 41.7208 64.759 35.9434
566 38.2945 87.7941 45.1312
567 56.0283 88.6821 50.1173
568 40.2503 87.8239 64.0284
569 41.5963 76.0403 59.1024
570 59.4899 74.9128 51.9641
571 33.3156 78.5185 43.6926
572 45.4175 62.3366 48.2254
573 48.5372 66.2301 60.0588
574 56.7499 63.7878 45.5482
575 32.1453 68.0105 50.1131
576 29.9417 67.8386 47.3908
577 24.2689 84.6195 58.7573
578 28.2328 65.8285 46.4527
579 45.1395 59.791 66.6465
580 61.9974 82.7559 65.7557
581 36.7583 79.716 79.7266
582 37.9929 87.0774 84.2393
583 40.8177 70.6442 51.1536
584 28.0821 94.8184 75.2422
585 40.4035 74.3788 72.347
586 40.0851 90.78 78.6309
587 40.3638 87.4331 91.3073
588 33.1791 83.4612 98.1413
589 35.7027 86.6448 92.99
590 49.8729 73.9938 100.674
591 61.2572 71.8434 82.4657
592 41.6289 83.0676 78.7978
593 63.6771 78.1468 99.5771
594 27.8703 79.0311 82.6198
595 23.6911 77.3677 91.8886
596 55.5234 79.8707 89.8302
597 32.1241 75.4881 107.789
598 36.2751 61.5296 102.563
599 54.8932 83.4023 96.2072
600 40.1877 83.0685 100.768
601 58.1781 84.3231 105.347
602 54.5264 72.682 89.8119
603 63.2191 91.3593 105.441
604 54.5606 71.7089 99.8786
605 36.0985 83.4975 98.1075
606 56.9302 97.1557 106.136
607 35.3408 72.9679 101.017
608 42.8965 67.4127 108.713
609 30.0684 88.9557 107.058
610 47.3792 85.7023 117.448
611 59.2395 75.7071 122.501
612 49.6593 83.702 122.252
613 27.9053 68.6232 112.86
614 43.4249 88.2475 118.226
615 50.2535 77.3197 122.726
616 38.1898 104.853 -0.412854
617 44.7958 113.237 1.19716
618 57.1233 113.418 1.28345
619 28.79 111.037 8.21578
620 52.1067 113.622 2.62303
621 37.7451 109.079 11.0752
622 54.8763 105.144 19.9181
623 34.953 98.1784 12.3166
624 49.0764 90.05 13.4214
625 39.0977 112.498 0.140791
626 47.5156 103.174 19.3639
627 35.9358 113.265 20.669
628 34.6144 102.894 14.1612
629 38.559 102.323 21.7357
630 27.6602 106.175 28.7057
631 29.3854 96.4899 15.0772
632 25.8971 104.767 35.099
633 33.9901 112.86 28.9222
634 51.3651 90.481 30.2561
635 39.6651 104.154 30.2211
636 49.2544 112.882 42.5814
637 37.4696 89.9356 45.7923
638 50.0651 113.084 39.4164
639 35.645 99.3694 36.4238
640 53.7887 103.862 54.1115
641 52.5724 112.549 48.995
642 56.7056 96.3107 56.3214
643 36.2552 112.442 47.8381
644 41.7977 87.7795 55.7649
645 51.8366 112.683 44.7418
646 44.5384 112.042 46.1774
647 57.7403 90.4638 51.311
648 30.1707 112.312 53.2006
649 25.9773 112.372 71.976
650 47.7639 112.605 74.1512
651 31.96 112.144 61.3328
652 52.2202 99.9342 79.5572
653 51.8215 112.393 58.5334
654 34.8011 103.528 60.6573
655 35.8213 107.407 70.4994
656 67.2399 102.259 65.9199
657 24.0895 88.8576 80.1639
658 47.5912 98.8728 91.3854
659 38.0306 96.5502 73.9249
660 23.678 93.2915 87.6434
661 38.5561 99.9454 89.5034
662 28.8859 112.089 84.2661
663 37.838 112.67 80.2198
664 41.6518 103.46 95.7438
665 40.1393 104.713 89.5036
666 47.795 112.204 82.9158
667 37.3761 94.1826 75.2115
668 39.9315 98.0308 95.0153
669 33.0569 103.351 84.0066
670 53.7997 81.0124 75.0004
671 31.8512 95.892 77.0535
672 33.7717 96.8547 95.934
673 53.5652 112.637 88.3052
674 37.4282 92.8911 115.073
675 37.398 113.428 110.572
676 53.8062 102.718 96.4051
677 32.3082 112.889 103.619
678 57.7397 112.771 96.2521
679 41.1937 113.255 120.905
680 45.0847 92.7676 122.527
681 52.6519 94.7111 107.746
682 47.5335 112.586 123.022
683 37.411 93.1988 122.324
684 48.9872 113.259 118.805
685 33.4278 113.895 108.036
686 25.2489 113.659 108.083
687 35.5206 113.477 120.185
688 51.6777 103.305 120.065
689 53.1787 99.7448 122.741
690 53.4034 113.514 112.745
691 66.2615 9.02618 -0.0184502
692 62.6718 14.6087 0.246266
693 82.985 5.06469 9.15934
694 78.0561 20.8802 13.9276
695 64.9998 18.1188 -0.234678
696 57.47 24.9741 17.9042
697 80.1471 -0.281931 13.8073
698 55.8044 20.0724 25.3081
699 50.4301 23.4172 13.1222
700 62.7093 0.716979 23.4467
701 78.6626 7.1744 22.5807
702 78.0431 0.0966222 22.1188
703 56.0251 16.6033 25.1077
704 69.878 5.48775 28.9958
705 66.5807 5.37263 14.5532
706 71.7446 13.625 49.7422
707 62.4572 0.880508 39.7911
708 79.0051 14.6359 44.0002
709 80.4831 24.7721 41.3318
710 60.8195 16.4421 41.3344
711 55.6255 0.719789 32.4787
712 53.8253 25.8046 45.0907
713 65.9657 8.28626 40.191
714 87.5907 14.9876 26.2621
715 62.6952 9.98975 42.1587
716 57.9737 25.5901 67.5957
717 71.2956 6.56425 46.759
718 89.14 14.9105 51.4962
719 65.7448 13.7553 65.9896
720 85.4417 20.2368 69.0153
721 71.2094 0.994991 75.8661
722 69.39 10.6419 57.6077
723 67.4966 14.0915 62.9548
724 53.7615 0.972109 73.3346
725 74.3294 8.5619 58.4872
726 58.9105 24.1051 61.5902
727 79.2928 7.53447 79.1752
728 50.0848 23.5947 91.6067
729 69.5071 21.1844 87.2881
730 74.8126 42.4884 88.5964
731 68.0353 9.89959 82.3912
732 79.6841 0.373303 102.992
733 85.4964 8.49929 122.68
734 87.9739 10.5979 103.77
735 70.8301 7.08164 122.528
736 85.2452 24.7892 122.825
737 64.7447 19.985 103.557
738 60.4211 3.68933 115.185
739 81.9017 8.49605 112.906
740 73.6604 23.0371 122.708
741 67.3089 19.8248 122.458
742 67.7283 12.168 120.055
743 84.9373 12.4078 123.018
744 59.507 -0.524069 111.388
745 81.8904 12.8764 122.624
746 61.8445 -0.624321 109.013
747 61.4689 15.8422 122.518
748 72.9437 31.9774 0.0537296
749 80.5817 47.2713 0.162895
750 81.7552 40.7153 0.108477
751 82.1777 34.9981 18.8892
752 70.3015 37.0881 -0.0924752
753 61.7281 26.8132 -0.157155
754 80.6698 41.4872 35.0011
755 67.4075 50.8447 26.0841
756 61.7864 46.2927 26.5005
757 55.3443 32.6108 24.3334
758 66.9802 16.79 11.1509
759 64.7075 25.0252 44.0529
760 66.0027 32.577 34.3497
761 70.2819 44.3178 42.2274
762 57.483 24.5289 43.6884
763 74.7527 3.1573 77.676
764 84.5608 32.009 60.6446
765 60.3817 54.5764 61.2391
766 66.0163 31.4947 54.1479
767 78.1325 28.3049 60.4131
768 81.8029 30.6132 61.4167
769 88.1458 50.6244 54.7011
770 74.8954 36.0559 44.9742
771 85.0335 29.2627 62.2931
772 87.8189 39.7684 50.4517
773 74.3777 28.3618 88.1162
774 69.8569 41.4119 68.6967
775 68.0564 37.2969 63.1072
776 74.9143 30.6563 72.3942
777 83.1206 27.6137 71.547
778 81.2542 44.886 77.0331
779 86.5335 29.2202 77.9337
780 61.4483 42.5955 59.1927
781 65.3539 33.5525 83.0346
782 79.9285 39.843 72.5344
783 64.4507 34.1741 86.3035
784 69.8271 32.7839 87.0521
785 71.1077 44.1292 94.3769
786 81.1985 40.1051 77.9864
787 74.2694 30.8201 81.024
788 67.2637 57.4946 86.055
789 52.5945 36.9792 87.7061
790 68.8373 23.2814 79.6213
791 91.7925 45.3077 96.1737
792 46.6435 42.442 96.5609
793 65.2354 28.5855 87.1505
794 61.9435 20.4317 101.555
795 60.2981 34.6962 89.8047
796 61.1477 53.1828 99.7277
797 77.9118 19.8959 99.095
798 73.6302 42.9745 108.354
799 62.6108 39.638 103.628
800 72.0481 55.1335 113.907
801 76.5318 19.8778 108.28
802 75.3609 32.4465 95.1437
803 62.2158 37.2023 97.1549
804 57.3958 43.9654 122.578
805 67.2702 26.4694 122.331
806 61.553 23.0834 112.392
807 67.5571 24.9013 116.083
808 61.517 39.1837 110.854
809 88.618 38.3357 122.518
810 84.8747 47.4462 0.217272
811 81.0453 74.1786 0.180598
812 56.0071 54.3062 -0.0916543
813 58.5082 56.1874 7.54822
814 58.042 53.3894 5.75854
815 63.5712 54.3217 7.17773
816 57.8107 55.3779 3.91423
817 92.4632 71.6137 7.61029
818 69.327 57.5024 14.4054
819 72.652 62.1728 13.598
820 88.6532 47.6548 7.99398
821 61.6351 53.5887 15.5896
822 59.5338 63.3235 7.87261
823 61.2857 49.6983 21.6174
824 69.7154 79.208 17.3484
825 63.7267 63.7336 18.1222
826 67.4967 63.3186 18.135
827 57.5205 57.785 25.2613
828 80.5448 55.3157 32.2404
829 81.6421 71.7617 28.1246
830 75.3759 65.4692 26.8164
831 83.3882 65.8576 43.5252
832 61.0135 64.6122 46.3956
833 87.3135 45.3689 51.6062
834 59.0527 56.5294 28.4327
835 63.6453 57.1818 34.1503
836 81.5661 65.3704 30.5034
837 78.5865 65.7768 45.7765
838 75.6824 63.3262 39.9726
839 71.6474 49.0316 76.0613
840 60.4781 54.5429 69.5397
841 76.6874 75.4854 50.4314
842 71.0315 53.3831 75.7863
843 75.6643 56.0446 59.312
844 74.3862 54.1808 79.4909
845 81.0397 65.2123 68.4282
846 82.987 46.3989 67.6832
847 70.3164 56.4882 52.8868
848 69.4118 69.4953 68.0203
849 63.6987 70.183 75.543
850 72.384 46.1347 77.884
851 79.661 53.3562 97.4164
852 66.0693 52.0858 89.7997
853 79.8855 63.7509 75.9387
854 64.4353 47.8136 64.1362
855 96.4291 50.9344 76.9475
856 65.1552 63.9231 95.248
857 71.0145 49.7233 80.8107
858 77.8793 72.9064 101.109
859 65.2792 60.9904 99.6927
860 64.1985 66.238 98.8537
861 67.993 43.6252 112.36
862 65.1467 71.4911 101.573
863 76.7846 41.1147 100.527
864 72.7623 45.9185 102.325
865 76.3625 50.224 101.693
866 66.2174 29.0539 77.6671
867 65.0539 68.6316 113.111
868 82.8328 53.9076 116.816
869 75.61 48.9272 111.403
870 90.7925 27.8562 122.595
871 63.5528 65.1917 122.575
872 72.8 66.4215 122.633
873 88.2732 62.2674 111.304
874 81.8879 54.1916 122.837
875 82.6838 55.9405 122.666
876 94.1617 78.6202 0.319622
877 60.4465 73.9715 0.250643
878 80.403 82.6804 -0.11835
879 71.9886 82.2152 0.0558797
880 69.4303 85.78 12.1597
881 61.877 78.3886 -0.197132
882 59.7418 71.3135 0.136115
883 70.0796 74.9404 10.5527
884 62.9456 70.4054 0.117674
885 66.5547 89.1607 7.13041
886 70.0216 79.8439 37.6731
887 61.975 78.3586 20.5832
888 80.8696 75.6864 24.0188
889 59.8254 83.8789 32.0326
890 75.5877 65.9515 40.7202
891 58.7443 93.4754 21.3943
892 80.5284 87.406 39.3847
893 60.3198 69.1623 32.0937
894 95.7385 86.2546 33.2001
895 69.6847 57.4299 44.5311
896 79.9685 92.9277 33.1313
897 77.2294 72.6006 46.307
898 86.1929 94.3765 14.4235
899 87.0855 70.6175 47.7346
900 79.8209 89.7906 48.5375
901 73.0062 87.4058 47.4487
902 75.2497 83.434 65.0232
903 69.7398 92.1248 58.2265
904 68.6399 89.0488 50.4622
905 78.6194 70.1863 63.9681
906 67.4115 91.3221 55.7874
907 89.5902 69.1585 49.2783
908 70.6346 79.4835 70.5263
909 58.6069 94.6827 65.1489
910 74.4594 85.3279 55.8662
911 90.6899 76.3435 77.1698
912 79.8039 74.8684 86.2596
913 71.7003 85.7801 68.6688
914 72.876 88.8648 58.662
915 77.6345 77.7892 58.6159
916 74.1697 69.4187 77.144
917 46.5443 72.4798 70.3105
918 59.0702 79.3967 95.1862
919 66.67 76.9481 69.3544
920 69.6857 69.3227 79.5449
921 89.3005 88.9482 83.3433
922 72.0869 78.5488 82.6872
923 64.2751 80.4211 96.8481
924 60.8501 82.2886 94.4751
925 56.1112 89.2852 105.198
926 59.3032 70.5249 83.5664
927 81.5779 86.9601 98.4023
928 63.3892 89.4897 107.08
929 69.5924 75.5281 102.298
930 59.7239 89.7735 122.63
931 78.027 68.2223 122.549
932 79.1541 70.3829 107.831
933 79.1471 90.9029 109.745
934 66.9002 76.592 122.374
935 60.6179 101.579 112.502
936 62.79 77.061 110.133
937 69.5526 89.5104 117.658
938 86.163 93.8052 22.0157
939 57.3944 99.6766 9.46944
940 61.2111 96.6943 5.5134
941 78.6341 85.6579 0.0676325
942 73.9841 97.0474 27.6939
943 80.1352 113.183 21.1442
944 85.9772 113.09 29.5319
945 61.8551 103.986 41.1132
946 52.9381 113.39 11.2325
947 61.5639 113.279 18.697
948 64.2724 101.798 28.8686
949 64.4801 91.8748 29.9603
950 65.3402 98.2825 26.9292
951 64.4984 112.521 38.1202
952 65.3584 106.023 52.2592
953 74.7436 86.5919 24.0895
954 103.205 106.043 34.881
955 66.9053 103.851 46.7799
956 81.6892 92.0174 50.3469
957 101.105 104.467 62.2374
958 75.6936 112.652 50.5668
959 75.2163 89.6788 49.2431
960 70.2455 89.9146 52.2727
961 63.773 103.454 68.1044
962 71.077 102.375 68.6039
963 59.7676 112.649 42.3771
964 63.6701 82.5323 35.8995
965 87.1414 98.5431 56.0995
966 76.2429 100.322 57.9816
967 62.677 103.871 49.6267
968 89.2347 90.7314 40.3489
969 78.4039 94.2489 79.0317
970 84.2647 86.5294 71.7937
971 59.7646 112.305 69.4022
972 73.1022 93.0275 79.8119
973 85.0206 85.7062 77.5462
974 64.4015 112.183 65.0607
975 60.6642 98.0954 73.3931
976 65.5533 108.238 83.7893
977 83.6141 94.4049 72.8996
978 75.558 99.0497 96.9606
979 67.2694 103.353 76.594
980 81.2495 88.9726 97.272
981 84.58 112.374 92.3714
982 63.2856 112.566 82.8244
983 67.4908 112.476 77.5456
984 67.4034 101.211 98.0549
985 81.2124 112.354 83.199
986 81.2818 113.339 109.27
987 73.6899 88.6927 112.932
988 65.6693 98.0265 94.8634
989 87.8199 87.7485 100.668
990 57.5674 86.4895 101.271
991 91.4003 112.457 77.7888
992 73.7534 103.373 107.401
993 67.6814 102.964 107.9
994 59.738 95.2842 102.506
995 77.4403 102.631 93.984
996 49.8872 112.525 99.2429
997 59.1291 112.923 104.737
998 76.3992 93.0211 122.792
999 59.7612 113.74 115.462
1000 93.6701 103.566 122.735
1001 64.83 101.195 122.75
1002 88.5654 94.1818 122.466
1003 66.9707 97.5478 122.562
1004 80.5583 113.442 114.072
1005 62.4476 100.557 106.004
1006 71.7549 95.0987 111.11
1007 69.6462 100.417 117.084
1008 114.338 20.1958 6.38442
1009 101.551 17.9018 2.77163
1010 89.9449 21.0481 11.1772
1011 107.032 0.146039 2.7454
1012 96.0361 0.244204 0.866397
1013 100.179 16.8545 11.7292
1014 93.7958 20.5184 13.6006
1015 107.918 10.3671 22.2352
1016 102.094 19.5157 12.4491
1017 102.242 0.603984 22.4685
1018 85.8485 16.4073 19.8716
1019 102.578 16.0568 12.6278
1020 96.0426 4.1422 21.9205
1021 88.5683 18.0765 12.9766
1022 100.851 34.6381 29.8052
1023 87.7546 0.737426 41.053
1024 113.227 9.8585 36.3903
1025 103.29 29.0161 34.4234
1026 91.7512 34.1777 25.138
1027 107.213 14.0829 36.2931
1028 92.5751 18.7508 39.553
1029 105.795 15.4316 39.9078
1030 105.12 15.5051 46.0339
1031 86.7596 1.49278 53.2411
1032 112.801 5.24992 61.5575
1033 104.095 16.7581 52.6442
1034 113.181 20.625 47.693
1035 93.5483 0.764224 41.1085
1036 112.921 27.9298 51.2548
1037 95.5374 1.0142 43.5165
1038 98.8844 37.0384 64.3062
1039 90.5944 1.1198 80.2071
1040 112.346 27.455 72.6191
1041 106.686 0.929341 75.9305
1042 105.01 0.970329 70.4634
1043 87.1957 1.07739 65.0455
1044 97.3151 3.00871 69.0862
1045 87.3882 24.5004 66.0043
1046 94.2506 1.09249 83.1241
1047 74.5813 5.15867 95.1066
1048 96.8163 15.7548 101.533
1049 107.196 0.877499 86.5291
1050 98.4639 1.19888 83.044
1051 112.788 30.1831 77.0315
1052 102.559 26.8139 79.9115
1053 108.719 13.535 94.255
1054 110.35 0.626245 95.1608
1055 106.765 13.5607 79.6829
1056 90.1592 14.6683 88.2824
1057 112.873 6.4773 85.3029
1058 100.031 7.20675 103.373
1059 97.559 -0.527989 108.559
1060 101.05 17.6353 87.6507
1061 109.801 0.955369 88.1575
1062 87.211 8.82151 91.4706
1063 92.7889 20.8314 92.549
1064 94.5411 1.4272 122.964
1065 112.639 2.00576 83.829
1066 98.4964 0.227273 112.633
1067 113.855 5.76062 117.71
1068 112.343 4.62946 123.046
1069 101.95 8.16826 110.366
1070 93.2906 38.7575 0.0470041
1071 78.5186 29.3961 0.160617
1072 95.8632 16.3081 10.3533
1073 98.231 50.2812 15.5066
1074 93.32 46.0535 0.264479
1075 98.4947 47.0344 2.78026
1076 101.428 38.9757 -0.11187
1077 98.2317 43.8889 4.94213
1078 114.792 40.6925 5.40768
1079 89.7038 41.512 19.0774
1080 84.1139 28.5413 27.0035
1081 114.087 42.9493 19.5016
1082 69.0105 34.011 53.0072
1083 112.943 39.0256 39.795
1084 98.0357 24.3813 27.4271
1085 80.8073 57.0299 24.3271
1086 82.0574 31.7102 37.7446
1087 113.61 43.111 27.5751
1088 104.761 36.032 40.6495
1089 103.436 21.5725 43.7882
1090 88.2114 35.9073 26.9489
1091 85.7144 25.268 37.7019
1092 106.32 33.6417 57.9638
1093 97.9091 42.2788 60.7939
1094 102.492 38.4338 57.1189
1095 105.269 42.0895 46.4535
1096 91.0321 46.6298 56.8545
1097 113.377 22.9143 46.16
1098 108.066 27.7982 56.596
1099 105.13 47.1146 45.1464
1100 87.6308 30.959 60.7252
1101 113.116 29.4674 43.4569
1102 107.448 35.9961 57.0937
1103 112.976 39.0716 68.3397
1104 96.2002 45.7398 68.7557
1105 81.5235 25.1313 73.4779
1106 107.768 38.8779 74.4153
1107 90.1477 39.7054 70.767
1108 112.792 16.4152 63.1725
1109 112.848 39.3519 64.2556
1110 112.527 38.7515 73.9711
1111 104.032 36.6399 59.9164
1112 94.2571 19.6594 62.7904
1113 112.855 30.0541 58.36
1114 92.6541 27.6653 87.1096
1115 97.2485 27.6463 85.0597
1116 113.329 37.1313 95.9515
1117 89.7517 31.5541 87.4314
1118 96.3293 43.4757 76.4937
1119 85.2639 23.9587 90.8507
1120 79.4782 42.4472 92.7219
1121 97.5729 27.2964 88.0904
1122 98.2375 25.8251 89.9855
1123 96.026 46.11 94.4303
1124 87.8799 18.9319 96.9634
1125 113.557 47.8482 105.18
1126 108.493 47.9036 99.8639
1127 89.7714 30.1104 112.225
1128 97.9831 28.5997 108.307
1129 100.697 41.1855 106.196
1130 108.079 23.2006 122.435
1131 108.598 31.535 122.316
1132 114.158 36.0072 113.825
1133 114.025 39.1185 115.544
1134 102.19 33.3906 122.579
1135 102.073 35.6733 115.88
1136 85.0119 45.4132 112.421
1137 109.266 64.3622 7.14487
1138 114.48 52.0715 4.86002
1139 96.1447 50.2044 0.462577
1140 114.466 47.8241 18.2114
1141 113.673 66.3113 28.0918
1142 113.332 73.2139 37.0127
1143 103.749 61.7401 25.4442
1144 90.1096 60.1899 18.5801
1145 92.0868 54.7807 14.8986
1146 113.681 50.0679 24.8742
1147 113.699 64.6623 23.0861
1148 96.3096 63.594 16.1972
1149 95.3378 70.2508 0.267041
1150 89.1054 66.7283 34.2319
1151 114.041 61.5736 21.2044
1152 103.233 56.9393 39.9721
1153 97.6402 42.1488 35.1156
1154 92.4553 64.124 41.0088
1155 102.351 54.2903 28.0672
1156 100.005 59.8526 47.8047
1157 113.299 48.4034 41.1993
1158 113.294 73.1428 42.3056
1159 94.8337 57.8396 50.2812
1160 112.744 68.8183 64.9508
1161 113.01 52.5767 60.6761
1162 97.3995 62.2478 60.481
1163 85.2025 53.8635 58.5337
1164 98.1347 64.8044 53.3828
1165 112.976 59.9503 53.3676
1166 84.6196 68.6061 45.0883
1167 112.612 62.4658 57.2144
1168 81.5714 75.759 54.8098
1169 91.0629 66.2435 54.0755
1170 113.002 64.1774 64.4009
1171 100.658 59.0725 73.9531
1172 112.739 54.8424 56.353
1173 93.2623 59.8171 62.2551
1174 106.94 64.1509 75.3209
1175 87.7527 67.0746 72.5036
1176 106.84 71.5985 66.8135
1177 108.662 67.4594 80.5844
1178 95.4062 63.4659 73.2755
1179 96.561 46.373 58.7297
1180 100.458 46.1234 52.99
1181 112.863 42.3982 62.4235
1182 112.967 48.1032 82.7419
1183 112.597 43.8747 79.5396
1184 93.1805 61.1776 88.4517
1185 100.428 53.0399 99.948
1186 97.8237 49.6861 80.363
1187 112.82 66.4479 90.4476
1188 113.706 53.35 104.936
1189 113.2 53.3646 99.4933
1190 98.0366 55.4812 101.794
1191 107.259 72.0547 82.6013
1192 97.873 52.1638 92.4611
1193 94.4689 53.5822 92.4833
1194 96.2333 43.7868 93.6005
1195 112.752 41.627 89.761
1196 96.6662 52.9844 102.484
1197 93.8432 61.3407 107.58
1198 102.012 58.4522 107.371
1199 93.0634 61.491 97.0928
1200 86.6701 51.3877 108.228
1201 95.8222 66.3695 114.044
1202 96.087 51.1269 122.753
1203 109.002 59.4161 122.624
1204 110.464 68.2948 110.033
1205 101.788 50.2463 113.075
1206 112.677 65.339 122.473
1207 91.2098 91.1934 0.215561
1208 82.3332 78.6405 0.141141
1209 91.6164 90.7472 9.77017
1210 114.386 80.6026 12.729
1211 84.4834 91.9641 18.8767
1212 110.027 91.919 6.7646
1213 94.1115 74.925 0.310438
1214 85.6813 71.1119 11.3588
1215 92.3769 82.086 0.0956782
1216 98.1431 96.1401 0.380165
1217 114.454 92.5446 12.6943
1218 113.654 69.0646 24.9278
1219 86.1487 66.0848 14.4437
1220 91.8828 79.9204 21.9573
1221 107.816 92.944 18.4561
1222 113.695 80.0028 25.7286
1223 74.2642 97.5095 22.4642
1224 82.069 92.5347 12.9072
1225 100.601 80.0026 20.2151
1226 98.0268 69.2609 33.3175
1227 113.118 103.5 44.2577
1228 104.713 62.7664 54.2199
1229 90.7985 79.4422 43.0277
1230 98.2224 81.6241 38.6941
1231 79.8811 57.7875 41.3243
1232 113.169 83.1148 41.0693
1233 90.4743 86.2377 42.9048
1234 99.0181 74.7515 38.8118
1235 97.5396 71.0153 45.072
1236 88.8105 92.2012 60.6929
1237 89.72 77.5348 45.0764
1238 113.147 84.9474 52.918
1239 95.24 77.2952 42.446
1240 97.7296 96.5245 68.9885
1241 108.583 77.221 65.2557
1242 91.5348 69.9418 70.5633
1243 103.418 78.4792 66.3677
1244 96.2845 71.2544 60.4476
1245 112.64 88.696 72.6844
1246 112.529 69.0429 70.5483
1247 112.982 79.889 85.4257
1248 105.188 77.5934 72.7258
1249 112.923 85.2877 79.8674
1250 95.7998 75.3523 78.3176
1251 98.8593 74.493 95.426
1252 89.5796 77.2726 86.9206
1253 113.128 75.5726 91.0337
1254 83.3203 76.5135 81.9866
1255 106.516 70.4227 83.4788
1256 112.971 77.2165 81.6679
1257 89.4534 72.6302 93.4749
1258 113.496 75.5976 102.34
1259 89.6177 77.2495 103.409
1260 103.925 72.4533 98.935
1261 113.441 83.6447 98.0773
1262 96.1551 72.1521 107.311
1263 94.2616 68.2238 101.746
1264 87.3712 83.4959 93.33
1265 113.512 80.5144 101.685
1266 108.62 74.0995 110.71
1267 87.7761 68.5093 122.59
1268 114.151 71.134 113.849
1269 91.7007 68.6308 122.497
1270 106.281 82.3636 122.777
1271 114.149 83.2992 113.982
1272 95.9595 79.3461 119.795
1273 84.383 85.0574 111.314
1274 114.076 92.4037 116.944
1275 90.2526 72.0222 110.368
1276 110.924 84.4205 110.297
1277 90.2022 82.7017 122.58
1278 81.193 73.397 122.628
1279 96.2696 78.6878 107.603
1280 104.45 65.859 122.484
1281 114.461 95.1223 23.2417
1282 101.039 113.351 19.0323
1283 108.774 113.588 13.0391
1284 114.436 92.3626 10.1365
1285 91.9479 106.593 15.4001
1286 106.292 90.3066 31.0349
1287 113.47 110.412 22.1873
1288 90.2897 106.497 29.1867
1289 113.49 102.984 32.4182
1290 92.2385 98.1556 27.2871
1291 102.233 100.413 27.636
1292 89.4635 112.891 36.9255
1293 114.125 92.0266 24.414
1294 112.259 112.347 36.7262
1295 95.4641 112.804 37.5369
1296 94.945 102.397 25.2279
1297 87.3958 113.163 37.3582
1298 105.043 112.48 46.0884
1299 107.475 97.311 43.8373
1300 113.37 95.7794 34.7987
1301 96.5843 91.4641 35.3881
1302 79.0776 97.8717 36.8708
1303 112.698 107.632 54.1626
1304 113.391 90.1195 43.9597
1305 108.171 112.231 49.8319
1306 93.0572 112.49 50.7981
1307 101.092 90.4437 56.8794
1308 95.465 96.2342 60.0018
1309 113.125 102.85 73.5492
1310 94.6944 88.6778 71.8762
1311 92.4033 82.8281 76.3276
1312 103.454 85.0042 52.747
1313 108.862 112.142 61.9812
1314 84.6684 111.918 70.7256
1315 112.968 93.4845 74.5482
1316 92.8652 93.2437 74.3908
1317 104.462 112.476 92.3889
1318 113.287 106.908 74.5903
1319 105.05 99.194 80.0917
1320 91.2516 94.5366 98.2221
1321 113.027 92.3268 79.9744
1322 94.33 87.8366 76.4211
1323 113.223 88.986 83.4096
1324 99.1514 112.443 91.3545
1325 85.4704 86.9952 84.5668
1326 114.127 92.9903 112.292
1327 93.401 98.3351 97.9557
1328 98.5667 86.9393 113.97
1329 113.339 91.9896 97.8487
1330 95.9765 92.9999 104.861
1331 78.7884 113.604 99.3592
1332 92.8614 112.601 98.053
1333 97.9951 108.543 106.768
1334 106.007 100.547 112.34
1335 97.9435 89.9053 107.422
1336 113.829 103.852 120.804
1337 114.356 97.443 111.754
1338 112.646 113.611 119.624
1339 92.9565 110.747 113.44
1340 113.958 104.559 114.164
1341 90.2096 100.069 103.052
