0 11.2207 13.3835 -0.761166
1 2.78476 0.0561951 10.0132
2 -0.640337 36.2994 21.8914
3 18.548 -0.10044 9.72039
4 25.6662 -0.239793 1.10871
5 7.84911 12.7572 -0.281551
6 -0.511954 13.1346 10.8055
7 11.9084 8.89745 6.83291
8 11.1612 2.02142 -0.317316
9 -0.677519 15.5187 1.93727
10 0.593536 16.4873 33.998
11 23.7909 13.8146 16.3665
12 19.8827 11.6455 21.1455
13 14.1231 0.671579 27.4828
14 3.14812 0.729847 31.6115
15 19.1961 7.34926 22.6475
16 0.669743 21.205 46.6461
17 27.0053 1.39881 34.7702
18 0.747715 12.0152 40.522
19 24.0521 12.6844 26.1468
20 24.2337 1.19454 52.015
21 0.84096 2.15387 41.1923
22 18.9155 5.60234 43.8064
23 15.4227 8.72451 48.1463
24 0.407929 26.8034 32.0725
25 32.9333 7.77085 57.4512
26 8.41825 12.2485 57.2951
27 14.0184 14.6358 54.5528
28 30.9507 22.5821 53.5012
29 23.6302 12.4918 68.4288
30 0.7591 16.3536 52.7379
31 19.1981 1.40406 59.1101
32 22.823 8.49977 37.2879
33 25.0917 16.7785 41.685
34 0.572657 9.56066 82.0029
35 30.1053 10.6032 72.0176
36 20.5974 15.2524 76.4237
37 22.6275 18.7981 54.7034
38 10.5424 0.940045 65.4495
39 19.0421 1.12708 67.1161
40 26.3842 1.23124 62.8596
41 20.0429 25.3894 87.6032
42 19.9059 13.2146 94.3657
43 23.3287 1.1015 69.6689
44 14.6047 1.07012 79.4004
45 8.5753 1.56592 81.692
46 15.692 15.1104 71.9249
47 0.492759 7.02194 91.603
48 23.5531 21.7413 80.1809
49 29.7071 20.6344 115.099
50 21.0599 4.34565 111.102
51 12.7494 15.8589 101.834
52 21.2768 34.6876 98.7631
53 23.9032 0.371953 101.149
54 27.1014 0.408835 102.185
55 20.7048 4.47477 100.013
56 11.0964 6.21563 93.3085
57 9.07291 22.9368 110.331
58 10.9306 0.904811 99.7082
59 14.8193 9.7916 92.002
60 7.24797 4.19183 111.115
61 14.1409 0.270837 120.842
62 33.2342 16.1781 123.095
63 16.5898 9.19368 122.617
64 2.48555 0.147217 120.326
65 5.76311 5.11002 114.954
66 21.4677 44.7109 6.81062
67 22.1607 30.6911 16.0097
68 30.1706 39.4466 11.3251
69 -0.647554 45.592 12.0058
70 27.8999 22.6233 12.2931
71 6.94716 57.3189 -0.0408418
72 27.3126 37.1615 -0.0628974
73 8.37819 45.9074 0.0336879
74 23.668 44.1693 28.5066
75 0.261003 21.9656 24.628
76 11.9753 26.1454 23.3172
77 3.86713 29.587 11.9046
78 8.30016 29.8783 45.4852
79 -1.01449 37.8029 6.7814
80 13.9521 38.1997 35.9787
81 0.375591 46.2669 40.153
82 20.6185 46.7559 42.4746
83 12.2921 42.1703 46.7586
84 32.2577 45.2078 19.8245
85 0.377882 45.4265 41.9676
86 30.0209 40.0713 48.0463
87 18.6544 30.5397 45.2355
88 19.5743 49.1713 44.4539
89 0.567841 36.7459 54.3595
90 28.5195 38.4365 55.5458
91 20.6704 25.0466 63.3382
92 10.5888 35.5235 66.0157
93 5.39759 20.3402 42.7588
94 0.864357 23.5232 58.2007
95 23.8978 27.2909 74.9151
96 9.11126 45.753 74.9173
97 16.6114 29.2712 46.2377
98 14.1867 31.7894 55.4267
99 8.69119 28.9523 62.9269
100 16.2797 20.2959 74.7493
101 27.8071 29.9528 67.2874
102 0.966488 26.1222 75.4584
103 17.2967 45.8475 63.8483
104 24.158 35.1022 55.1989
105 0.677297 32.836 80.8954
106 22.985 37.7753 61.9027
107 21.7584 32.0508 82.8059
108 30.3522 21.4704 69.0869
109 19.5639 17.3934 70.2601
110 16.9624 29.8047 93.643
111 0.708294 34.7195 87.069
112 21.7161 37.5454 99.8025
113 0.313746 44.011 98.9795
114 22.759 26.1507 110.195
115 12.5459 29.2514 104.223
116 29.3689 36.216 93.1524
117 16.0465 47.2126 95.052
118 9.39586 32.1662 77.4727
119 29.4698 49.1092 109.218
120 19.902 26.5852 110.931
121 18.208 49.2514 99.9488
122 24.9967 45.0982 104.938
123 5.48225 43.4115 93.0228
124 3.26619 38.1953 98.1222
125 25.1523 36.8143 123.001
126 29.4076 40.6861 123.212
127 9.40669 41.6405 109.924
128 7.31816 34.6025 106.952
129 13.1248 44.6192 110.022
130 10.0657 34.6525 123.096
131 13.1285 43.8557 123.035
132 33.1902 27.4504 107.282
133 21.9312 40.0795 107.731
134 17.5267 69.4397 6.71225
135 2.1237 63.0464 -0.215717
136 33.8434 68.4127 2.05338
137 17.671 54.1151 12.1949
138 5.39631 59.5715 8.60608
139 -0.367515 82.7386 7.8549
140 19.2996 55.5651 11.8003
141 23.7284 57.7046 22.8715
142 -0.116716 59.2827 23.1484
143 17.8104 60.5278 26.098
144 29.543 49.5788 21.5689
145 0.376391 66.5064 31.841
146 27.625 74.9618 12.6844
147 22.0993 66.5485 29.66
148 14.0987 42.9416 40.5398
149 27.9913 56.8477 31.8581
150 26.2598 64.2788 45.2027
151 6.68821 56.5774 42.6734
152 4.67222 50.8879 36.2546
153 22.0306 62.317 54.7204
154 23.7412 51.0236 31.3944
155 13.3178 59.8827 44.8327
156 14.3912 41.1363 44.613
157 5.14131 66.3906 28.4386
158 12.1893 53.2926 40.3748
159 7.92334 58.9505 40.7263
160 26.0809 47.1616 53.5676
161 18.4634 60.1659 73.7604
162 17.8616 60.1279 56.3551
163 10.0245 41.9843 49.1131
164 21.7542 57.825 47.0498
165 15.5262 58.2615 45.4511
166 19.8748 60.2636 54.5238
167 0.36581 55.5483 82.0281
168 14.0671 49.8576 70.9758
169 11.9991 60.2349 71.021
170 16.6204 58.1196 72.2008
171 36.0197 56.8308 59.5291
172 17.6839 72.7302 72.0277
173 19.2866 53.7145 85.211
174 17.7685 60.6235 86.8146
175 0.234719 66.2291 93.4196
176 13.8978 62.9055 90.5612
177 21.8115 57.0489 79.3779
178 37.7551 44.3017 80.7237
179 25.6747 56.6917 76.7088
180 -0.0827917 43.5663 89.3739
181 -0.438846 64.8886 107.257
182 13.2281 50.4422 108.193
183 23.4686 45.4703 101.527
184 17.8211 62.6374 104.757
185 21.5019 60.1567 89.9311
186 4.93963 56.3343 116.714
187 5.7753 69.9018 104.516
188 -0.227258 64.9662 101.884
189 3.73388 66.7039 115.267
190 10.8141 44.8796 116.848
191 0.901979 67.8726 123.443
192 12.8728 58.4531 122.753
193 14.703 68.2593 123.217
194 -0.762248 59.9592 115.948
195 10.1367 56.0486 122.85
196 20.9769 50.591 115.705
197 33.4828 55.586 107.621
198 22.1307 62.7952 123.032
199 12.904 70.921 8.58058
200 6.98189 81.4322 8.47582
201 30.4775 93.229 7.96242
202 15.249 71.9787 7.5905
203 24.2387 75.9481 5.80439
204 18.288 84.3169 7.76951
205 2.74623 76.551 -0.804253
206 23.9571 80.0667 -0.731408
207 5.61289 71.9563 -0.0415502
208 16.1475 73.8451 -0.0643529
209 12.6279 80.1654 20.0915
210 24.7737 83.0498 24.2085
211 26.2598 97.8937 37.3032
212 28.3134 94.2817 20.0119
213 31.0089 68.091 19.6007
214 22.9514 87.9955 27.161
215 17.5478 62.0899 14.5627
216 1.4766 86.0154 -0.862372
217 13.9061 70.474 26.6694
218 20.0264 83.0513 38.5746
219 -0.22946 76.3039 16.3339
220 8.31343 69.9195 32.4732
221 16.0724 86.8027 40.7394
222 20.1656 79.5779 46.3208
223 17.6132 79.5229 25.1263
224 17.8879 84.0107 37.6961
225 19.0832 90.8915 37.1381
226 20.6537 73.8748 50.7793
227 4.56907 92.9108 44.5257
228 18.8535 65.7597 51.6728
229 4.44039 67.9893 58.619
230 34.0307 92.0654 47.4141
231 24.5059 67.53 42.4692
232 0.624028 93.0487 60.934
233 10.4385 77.8042 56.3265
234 15.8613 70.2448 56.2912
235 16.2584 83.3673 49.3596
236 10.3374 67.5598 50.7946
237 17.0619 69.1417 51.6682
238 0.840896 80.4583 51.1003
239 0.642154 69.2133 59.9646
240 18.842 72.805 57.2456
241 28.2835 67.7353 75.8625
242 14.647 54.4253 63.7348
243 18.9282 75.3487 58.1655
244 26.3963 96.2379 74.7675
245 0.322253 83.6402 68.158
246 38.8269 88.479 47.1216
247 18.5423 84.6541 75.8419
248 29.0423 102.947 79.1198
249 11.6337 85.3057 53.7176
250 26.7067 76.2005 80.6251
251 18.6264 78.0779 67.5393
252 32.8243 66.7723 84.1901
253 12.7877 80.0979 91.3801
254 10.3073 65.2445 75.0089
255 16.1789 81.712 86.579
256 20.6345 86.0643 69.0783
257 31.5493 74.9121 80.6336
258 32.3268 87.4789 102.844
259 0.315086 76.0689 90.0836
260 0.776673 70.7172 68.2961
261 12.862 96.7035 84.9844
262 0.48635 86.4411 79.9751
263 8.56302 64.5463 104.57
264 17.0103 80.8696 103.341
265 -0.0899588 68.6346 100.244
266 22.6307 72.7017 101.424
267 0.712176 74.0961 86.5757
268 33.5366 85.4355 100.297
269 13.8786 81.6789 86.5451
270 21.1386 92.175 97.1655
271 5.97586 83.8266 122.896
272 16.8696 70.8914 114.313
273 2.56147 70.8448 123.685
274 -1.1909 82.7544 113.383
275 23.7826 69.1554 109.35
276 31.3694 81.8374 108.587
277 26.8785 91.4452 123.824
278 24.3304 113.238 1.30759
279 16.43 101.685 2.64588
280 9.90979 99.9673 -0.0113635
281 13.6462 99.9857 14.9318
282 17.604 113.702 10.2285
283 2.73323 97.6836 -0.601264
284 22.2693 84.5193 23.4344
285 0.181343 94.7065 15.5105
286 13.9794 112.756 24.0065
287 6.40862 96.6116 33.7012
288 21.2193 112.006 38.5466
289 0.773972 107.699 54.0871
290 -0.752948 108.208 9.60846
291 21.6859 113.101 23.5566
292 0.574727 93.408 36.6
293 17.2745 102.399 17.987
294 22.4056 99.9831 18.4002
295 16.4261 113.541 13.7745
296 23.9511 112.537 29.376
297 15.8029 113.071 26.5696
298 32.2865 112.135 48.4103
299 18.8669 90.6908 19.8792
300 23.7387 113.371 18.2663
301 6.17842 112.308 37.3502
302 6.50688 107.208 41.2877
303 9.24883 112.173 47.0834
304 8.19474 112.237 40.0334
305 26.5151 92.3496 34.3852
306 12.7456 112.104 30.3486
307 16.9503 100.577 33.9404
308 25.7725 112.582 34.5922
309 35.9702 96.2394 44.1501
310 8.31208 103.516 44.4744
311 14.0858 92.6806 44.4602
312 26.4899 112.303 48.0285
313 21.9968 112.637 34.442
314 14.9047 83.7761 67.2738
315 0.535033 107.611 78.25
316 0.443703 97.567 49.1546
317 1.18645 110.079 73.9113
318 0.78167 91.0036 62.7135
319 9.64197 111.895 54.6967
320 22.022 103.786 76.5254
321 19.7879 112.739 94.9573
322 30.1958 111.946 78.0963
323 18.3606 112.172 77.9965
324 6.15526 105.716 77.3074
325 12.5659 86.3108 80.2038
326 0.230947 107.8 89.1305
327 1.2488 112.427 98.2805
328 24.2068 94.522 92.547
329 31.8272 112.569 100.413
330 35.8627 102.146 92.0596
331 4.33426 112.501 83.2662
332 22.068 100.83 95.8619
333 -0.724333 106.701 110.049
334 11.3688 103.086 102.762
335 24.3585 112.83 106.816
336 8.75969 113.331 112.099
337 21.0574 112.183 87.6756
338 25.3669 113.534 118.544
339 24.7188 100.986 123.074
340 -0.859041 104.292 117.219
341 7.61021 92.1502 106.897
342 1.62481 114.248 113.478
343 39.6777 13.0126 9.44338
344 20.1705 6.17723 13.4549
345 35.6987 12.4205 7.51613
346 41.1054 17.922 -0.0830328
347 51.4668 -0.114843 3.75882
348 37.5934 14.103 8.79625
349 35.9273 12.0643 0.09802
350 33.4544 15.0265 10.8156
351 34.8847 18.6952 8.89801
352 28.048 9.5212 22.8067
353 53.3715 11.7891 23.5701
354 38.4118 0.466915 15.4749
355 51.9382 0.666739 22.0475
356 41.8669 0.938319 24.5435
357 41.017 22.4081 32.5129
358 27.6358 25.4877 21.0603
359 52.2871 26.9422 25.9784
360 38.2192 10.9523 32.7248
361 51.9307 6.872 39.0792
362 45.6976 28.6317 54.4503
363 41.371 16.9954 39.0396
364 48.6272 12.0368 48.0856
365 36.4329 0.728181 38.2407
366 32.4199 27.4178 50.8448
367 34.5935 14.7064 47.2551
368 58.5756 10.9961 65.3744
369 35.2284 1.52298 67.2063
370 34.2892 15.8864 39.9535
371 41.5065 13.425 42.5655
372 31.3209 19.6783 65.7104
373 57.7527 1.00492 71.1315
374 39.2569 10.7843 59.8693
375 61.4891 26.7877 75.9202
376 31.9289 5.30892 73.6297
377 31.6068 1.03034 69.1618
378 53.0742 9.65398 91.3229
379 38.0969 25.4905 84.6537
380 44.7758 9.12463 99.5652
381 57.4461 0.825596 82.1806
382 35.7942 22.7414 81.4335
383 51.66 4.02211 90.7256
384 40.1986 22.4086 85.0762
385 39.78 0.652592 92.8575
386 20.2488 1.22193 76.4739
387 58.2854 0.0594991 108.509
388 41.5873 0.44911 98.5907
389 46.6603 19.4675 93.9462
390 45.5683 21.552 103.924
391 49.7812 18.3284 92.9791
392 46.3085 19.1554 104.865
393 53.4005 15.7642 123.13
394 27.0177 12.6089 122.963
395 45.3099 25.1143 113.968
396 53.4307 26.2763 108.369
397 33.9009 1.76827 123.503
398 46.5502 2.11502 123.898
399 47.3375 11.6466 103.802
400 56.4495 10.4846 123.059
401 46.1615 23.3243 118.96
402 34.03 29.8146 -0.164418
403 31.8599 42.8591 13.5065
404 32.7409 45.7986 -0.0988938
405 54.5516 35.8954 0.244355
406 55.7625 40.1094 -0.00656167
407 37.618 31.3077 16.4739
408 31.6163 41.4667 4.0327
409 46.5863 32.9978 14.164
410 32.4538 31.9843 -0.161226
411 59.6478 50.7989 0.126604
412 43.7229 47.904 4.7316
413 40.7767 48.2258 6.01331
414 41.6547 37.9348 30.6418
415 36.556 42.934 26.9932
416 55.2731 54.2817 38.7943
417 44.5932 50.1666 19.3971
418 31.9982 39.4398 23.7058
419 45.3919 26.6462 15.479
420 33.0634 59.3811 17.4404
421 39.4808 27.9306 22.3281
422 25.8128 37.819 30.6493
423 45.9038 29.1749 29.0934
424 49.0576 46.1595 33.9766
425 27.9543 37.0914 28.1121
426 47.6087 32.7473 37.6882
427 63.4117 16.6517 45.0869
428 31.5118 32.2804 21.2749
429 46.9645 37.539 34.2911
430 30.1327 30.1635 36.8937
431 61.6386 22.5054 43.3567
432 25.1204 36.2557 32.468
433 48.182 24.6669 38.7415
434 38.8177 29.3414 59.175
435 42.2529 25.6915 48.9033
436 46.0191 39.003 62.8811
437 33.3901 41.0608 51.0292
438 59.835 40.4675 59.0464
439 43.4674 30.3981 72.9416
440 54.4331 54.1763 49.7408
441 40.7638 25.8959 67.6109
442 49.9398 10.5069 72.1269
443 32.3086 44.7335 66.864
444 24.3044 28.4167 79.8077
445 37.4631 28.0549 87.893
446 33.6582 29.3552 68.2521
447 44.038 35.2572 71.4006
448 47.5369 27.178 88.7737
449 43.945 37.9741 72.2619
450 48.1758 31.8138 69.1446
451 41.8053 33.1357 61.9389
452 34.2628 45.8176 79.6846
453 54.9814 38.2278 68.5997
454 31.9806 36.8365 72.8874
455 50.9054 33.9614 64.0087
456 23.1037 62.8701 83.4308
457 52.4671 36.0171 101.559
458 37.211 31.7914 77.633
459 28.2427 56.3151 85.0462
460 55.2144 48.5757 86.1037
461 48.1184 45.1362 80.5284
462 68.6309 34.8899 87.9445
463 51.4261 50.1155 87.1723
464 62.3169 38.0251 87.9797
465 29.0308 37.0137 88.3259
466 53.74 24.9909 103.95
467 35.1486 23.9932 114.569
468 55.5282 37.0577 86.6492
469 43.9358 35.8606 106.619
470 22.2695 49.3385 108.417
471 63.7662 34.2855 119.636
472 43.3049 31.3859 114.444
473 45.2828 39.2171 111.301
474 29.5254 26.5536 123.213
475 45.4503 26.5418 123.127
476 42.0462 35.2457 123.365
477 45.2435 39.0919 108.904
478 48.3501 31.2289 123.08
479 38.0184 56.1509 123.431
480 34.5544 63.2104 -0.199421
481 40.0098 59.3522 16.7744
482 56.3097 67.1636 3.11714
483 45.6879 44.2061 17.1559
484 21.7011 47.8307 19.8962
485 25.9254 38.1202 16.4416
486 42.7334 72.2079 26.4337
487 35.7355 64.2913 15.1752
488 61.5186 47.182 34.2055
489 42.6038 62.6543 27.8896
490 38.6124 67.6105 24.547
491 36.3307 65.8489 30.6516
492 42.4304 55.9183 36.1555
493 47.7699 41.3694 49.7303
494 66.7001 67.3807 24.3452
495 36.9949 66.7397 20.1595
496 56.3018 58.7291 46.9325
497 32.7339 75.8448 54.4842
498 48.1296 65.6412 44.1889
499 35.103 62.8178 47.2276
500 49.4603 47.4069 64.5736
501 34.4548 54.6607 47.185
502 47.1521 68.0377 49.6509
503 48.9192 52.5081 63.8304
504 24.6939 63.2886 57.2709
505 44.4552 60.0969 64.9498
506 63.9003 57.9688 61.1813
507 56.4848 73.2586 73.0817
508 31.6355 47.9022 75.0853
509 38.7972 64.7723 53.8883
510 40.8302 39.3957 73.0956
511 36.3562 54.1114 59.1146
512 52.0058 60.8387 70.4495
513 20.7342 63.3988 59.9553
514 51.2487 63.4147 95.3189
515 39.443 52.1955 85.3816
516 45.5171 60.0287 87.2231
517 36.2309 71.5447 91.7624
518 36.3734 66.6961 92.5043
519 42.9759 60.318 82.857
520 48.1513 56.2116 73.9899
521 32.1238 56.776 101.516
522 39.7968 61.8968 86.1401
523 60.1536 82.6192 77.0482
524 40.0328 54.4532 92.3802
525 50.2192 57.9101 100.632
526 39.352 54.0595 115.908
527 43.4696 55.282 107.597
528 36.5195 53.1121 87.1656
529 31.2859 50.9788 95.0951
530 47.5505 54.9182 94.4004
531 27.1789 64.7329 123.406
532 29.2889 65.0077 112.984
533 63.1649 48.9529 102.84
534 39.21 54.1712 117.975
535 41.5483 61.4577 120.743
536 62.1853 61.1855 117.963
537 37.8894 71.6385 -0.042079
538 47.1272 84.5133 0.042764
539 28.0859 71.3385 19.318
540 51.1236 63.4077 -0.150653
541 42.6521 95.9386 14.0857
542 28.3144 80.9425 -0.14117
543 31.5131 71.6399 -0.356557
544 47.2303 80.9689 35.1983
545 38.3985 89.031 27.794
546 57.2362 87.7492 34.3224
547 47.5138 87.1432 13.8167
548 40.2042 73.2482 17.2196
549 51.5519 81.1279 18.77
550 47.8501 81.1431 8.20556
551 57.1638 92.1413 24.5663
552 40.6964 66.9714 20.4227
553 40.5396 66.9251 50.8774
554 47.0903 87.904 29.6891
555 57.3112 74.8347 47.814
556 34.2618 69.4803 27.7708
557 45.8589 91.8591 33.946
558 48.8788 73.7359 31.3394
559 49.4747 76.3156 35.1959
560 27.5579 80.8074 49.1717
561 47.3235 78.7499 39.5005
562 54.4701 76.4786 33.1764
563 50.7571 92.6968 28.9249
564 34.6121 51.1923 39.6974
565 41.7242 65.0547 36.1862
566 37.1567 87.2675 45.1787
567 55.9817 87.5011 50.9109
568 41.0267 87.031 64.623
569 41.7344 76.4194 60.0906
570 59.5156 76.0203 52.6902
571 32.7285 78.1314 44.3593
572 44.344 60.1817 47.9888
573 49.4896 64.4325 61.1994
574 55.8262 62.9526 46.0922
575 33.066 68.3278 50.9098
576 28.7885 69.2331 49.1047
577 22.9522 83.7136 58.9727
578 28.9068 65.9223 47.1621
579 46.0459 60.1157 68.1668
580 62.2891 81.5167 66.79
581 35.4243 79.3398 79.4292
582 37.5459 87.1153 84.429
583 42.3311 70.5527 50.8022
584 29.6653 95.1242 75.6894
585 38.3983 73.442 74.0512
586 40.3526 90.474 79.543
587 39.3793 87.5675 93.1553
588 33.4075 83.4874 98.9349
589 33.4897 85.2649 94.6688
590 48.5196 73.633 100.475
591 61.2964 71.9357 83.5839
592 41.6465 81.2829 78.6035
593 62.2247 78.8795 100.657
594 28.0284 79.1177 83.0174
595 23.6182 78.5604 92.2704
596 54.1794 79.4091 90.5687
597 32.7991 76.1267 109.149
598 35.8963 62.1708 104.13
599 55.9147 83.5925 96.158
600 41.3539 83.7951 101.636
601 58.1781 84.3231 106.073
602 54.9095 72.6896 90.7436
603 63.3745 92.187 106.066
604 53.8479 72.0438 100.495
605 35.2414 82.1306 99.8201
606 56.717 97.1238 106.662
607 35.5771 72.7481 102.079
608 42.8994 67.5603 109.525
609 30.0684 88.9557 107.784
610 47.3792 85.7023 118.174
611 59.2395 75.7071 123.227
612 49.6593 83.702 122.978
613 27.9053 68.6232 113.586
614 43.4249 88.2475 118.952
615 50.2535 77.3197 123.452
616 38.1898 104.853 -0.412854
617 44.7958 113.237 1.19716
618 57.1233 113.418 1.28345
619 28.79 111.037 8.21578
620 52.1067 113.622 2.62303
621 37.7451 109.079 11.0752
622 54.8763 105.144 19.9181
623 34.953 98.1784 12.3166
624 49.0764 90.05 13.4214
625 39.0977 112.498 0.140791
626 47.5156 103.174 19.3639
627 35.8434 113.489 20.9826
628 34.4361 102.835 14.2069
629 38.783 100.278 21.2186
630 27.548 105.932 29.0592
631 29.2142 96.5331 15.0505
632 26.0993 102.913 36.2898
633 34.0855 112.993 29.1746
634 51.0925 87.8911 29.78
635 38.9044 102.379 30.6784
636 48.931 112.002 43.9574
637 37.0989 91.8576 47.14
638 49.8667 112.505 40.0175
639 37.762 100.298 36.08
640 52.987 102.314 53.7562
641 53.1572 112.284 49.0199
642 56.0192 95.4163 56.2906
643 35.907 112.375 47.9778
644 41.5992 87.5974 56.2772
645 51.9027 112.413 45.597
646 44.8792 111.885 46.7807
647 56.6273 90.8955 51.8779
648 30.0793 112.253 53.5771
649 26.3938 112.256 72.602
650 47.9203 111.994 75.6218
651 32.3877 112.03 61.8578
652 51.6947 99.6861 79.9042
653 51.8041 112.018 59.4311
654 37.2065 102.429 59.5735
655 35.7587 107.603 71.0101
656 65.7659 102.612 66.735
657 23.8962 88.923 80.336
658 47.6623 100.338 93.3591
659 38.8617 96.5893 75.0674
660 24.1878 93.0304 88.5674
661 39.8063 100.659 90.6819
662 28.9752 111.801 84.9069
663 37.8378 112.286 80.9294
664 42.0545 103.641 96.6819
665 40.3117 104.932 90.3779
666 47.7145 112.299 83.577
667 38.3959 94.122 76.8917
668 38.6859 97.7313 94.9848
669 36.495 103.015 84.778
670 53.5318 81.3604 75.79
671 31.971 93.3174 76.843
672 34.1554 97.0781 96.9333
673 53.42 112.503 89.2317
674 37.59 92.94 115.873
675 37.4607 113.399 111.385
676 53.867 102.576 96.8569
677 32.7116 112.856 103.987
678 57.5704 112.649 97.2291
679 41.4642 113.364 121.33
680 45.0847 92.7676 123.253
681 52.6519 94.7111 108.472
682 47.5335 112.586 123.748
683 37.411 93.1988 123.05
684 48.9872 113.259 119.531
685 33.4278 113.895 108.762
686 25.2489 113.659 108.809
687 35.5206 113.477 120.911
688 51.6777 103.305 120.791
689 53.1787 99.7448 123.467
690 53.4034 113.514 113.471
691 66.2615 9.02618 -0.0184502
692 62.6718 14.6087 0.246266
693 82.985 5.06469 9.15934
694 78.0561 20.8802 13.9276
695 64.9998 18.1188 -0.234678
696 57.47 24.9741 17.9042
697 80.1291 -0.213792 13.7227
698 55.782 20.3479 25.4078
699 50.4301 23.4172 13.1222
700 62.9932 0.832654 23.5084
701 77.4661 7.46136 21.6293
702 78.3579 0.501516 22.0309
703 55.7487 17.4803 24.6883
704 70.8816 5.60341 30.4245
705 67.4013 5.44013 14.5508
706 72.4076 12.2256 50.7384
707 62.6214 1.58631 39.9669
708 78.429 14.8438 44.6773
709 79.4701 25.9656 40.4399
710 61.7 17.1647 41.9464
711 56.1897 0.748223 32.9238
712 52.981 25.8886 45.1386
713 65.3218 9.90778 39.0405
714 85.1075 15.7115 27.2017
715 62.4875 10.1878 42.7364
716 58.6901 26.3263 68.5313
717 70.2018 7.90475 47.1797
718 89.3235 13.7381 53.0156
719 66.1869 13.4844 66.436
720 86.5032 19.3666 68.3497
721 71.3374 0.911938 76.6608
722 68.4573 11.3519 58.3729
723 68.5008 14.2005 62.5601
724 53.7495 0.571688 74.0995
725 73.9228 8.92784 59.2685
726 58.7615 26.2498 62.9248
727 78.5851 6.36167 80.317
728 51.6906 20.8731 93.4782
729 68.6103 22.7027 88.147
730 74.3623 42.7199 89.9196
731 69.099 10.9753 82.9135
732 79.768 0.310503 104.141
733 85.4964 8.49929 123.406
734 87.9739 10.5979 104.496
735 70.8301 7.08164 123.254
736 85.2452 24.7892 123.551
737 64.7447 19.985 104.283
738 60.4211 3.68933 115.911
739 81.9017 8.49605 113.631
740 73.6604 23.0371 123.434
741 67.3089 19.8248 123.184
742 67.7283 12.168 120.781
743 84.9373 12.4078 123.744
744 59.507 -0.524069 112.114
745 81.8904 12.8764 123.35
746 61.8445 -0.624321 109.739
747 61.4689 15.8422 123.244
748 72.9437 31.9774 0.0537296
749 80.5817 47.2713 0.162895
750 81.7552 40.7153 0.108477
751 82.1777 34.9981 18.8892
752 70.3015 37.0881 -0.0924752
753 61.7281 26.8132 -0.157155
754 81.7019 42.73 34.7284
755 67.449 49.8871 26.2658
756 63.1989 46.6133 27.0017
757 57.0832 32.1957 23.2917
758 66.7779 16.7369 11.0962
759 65.5464 26.7589 45.2789
760 67.4945 34.3904 36.2316
761 71.4009 43.7268 42.6011
762 57.804 23.4531 45.1968
763 78.2733 0.936701 78.3551
764 84.2783 32.5603 61.6975
765 60.2057 54.3597 61.9102
766 64.5997 31.9871 55.4925
767 79.4139 29.7197 62.5258
768 81.939 29.3437 61.986
769 86.8119 49.8615 56.5183
770 76.6294 34.939 46.2317
771 85.6929 29.5651 62.0955
772 87.6581 40.0147 50.8778
773 75.7838 28.1283 87.9517
774 69.4967 40.9574 69.9393
775 68.4072 37.3714 63.9559
776 74.0745 30.714 73.1111
777 81.414 27.8481 72.2293
778 80.3412 45.7081 78.0198
779 86.0392 31.2007 78.822
780 60.3717 43.3898 60.2981
781 66.6866 32.9892 82.7061
782 80.6786 39.7124 73.1875
783 63.667 32.9453 87.1343
784 71.7783 33.4101 89.6685
785 70.9394 44.2194 95.3613
786 81.0185 40.2465 78.8009
787 75.1134 29.8536 81.4574
788 67.0032 57.942 87.1229
789 51.8838 37.3637 89.0753
790 69.8258 24.6194 79.7528
791 92.1791 45.4231 97.1131
792 45.7153 43.7369 97.8761
793 64.3299 29.8622 88.7068
794 62.1106 20.7065 102.348
795 61.3307 33.7877 89.5675
796 61.1261 52.8604 100.796
797 78.6989 18.8905 99.098
798 73.9312 42.7587 108.916
799 62.9873 40.1674 105.096
800 72.0481 55.1335 114.633
801 76.7171 19.9489 109.047
802 75.1286 32.4458 96.1529
803 63.6781 37.793 97.0945
804 57.3958 43.9654 123.304
805 67.2702 26.4694 123.057
806 61.553 23.0834 113.118
807 67.5571 24.9013 116.809
808 61.517 39.1837 111.58
809 88.618 38.3357 123.244
810 84.8747 47.4462 0.217272
811 81.0453 74.1786 0.180598
812 56.0071 54.3062 -0.0916543
813 58.5082 56.1874 7.54822
814 58.042 53.3894 5.75854
815 63.5712 54.3217 7.17773
816 57.8107 55.3779 3.91423
817 92.4632 71.6137 7.61029
818 69.327 57.5024 14.4054
819 72.652 62.1728 13.598
820 88.6532 47.6548 7.99398
821 61.9353 53.5515 15.7445
822 59.323 63.5445 7.77433
823 60.7914 50.1434 21.6195
824 69.8986 79.381 17.4065
825 63.8987 64.4304 17.8377
826 66.4468 63.583 18.0193
827 58.9399 58.8729 26.9135
828 80.4733 55.2282 32.6107
829 81.7132 72.8121 30.1897
830 76.495 66.5037 28.221
831 85.2548 64.9391 44.6356
832 59.9817 65.3289 47.1419
833 87.3194 47.0352 50.9504
834 59.4205 56.5579 29.0287
835 62.8539 58.1789 34.2369
836 81.1795 64.6231 30.6929
837 78.956 66.8553 46.3954
838 75.8908 62.975 40.6603
839 71.3574 48.9593 77.397
840 60.1221 53.398 70.5347
841 75.5449 76.5647 51.759
842 70.4237 53.4286 77.1178
843 76.3377 56.9911 60.1476
844 73.0637 53.5473 79.0405
845 80.8107 64.6039 69.4856
846 82.7181 46.7069 68.5411
847 70.9278 58.001 53.6668
848 68.1307 69.0671 68.5629
849 63.2062 68.4861 78.0711
850 71.3935 46.9764 78.8153
851 80.4765 53.0732 98.1026
852 66.1975 51.7196 90.9158
853 78.2971 63.4816 76.1666
854 64.2369 47.9387 64.8778
855 96.6854 52.2118 77.7623
856 65.4049 63.4562 95.999
857 71.1862 48.7 80.4932
858 77.6423 72.759 102.336
859 66.1407 61.1165 99.8174
860 63.4409 66.9523 98.7951
861 67.9728 43.6399 113.076
862 65.5042 71.8426 102.614
863 76.9907 40.9197 100.856
864 73.5215 44.9316 102.373
865 76.3625 50.224 102.419
866 66.3114 28.8148 78.6332
867 65.0539 68.6316 113.837
868 82.8328 53.9076 117.542
869 75.61 48.9272 112.129
870 90.7925 27.8562 123.321
871 63.5528 65.1917 123.301
872 72.8 66.4215 123.359
873 88.2732 62.2674 112.03
874 81.8879 54.1916 123.563
875 82.6838 55.9405 123.392
876 94.1617 78.6202 0.319622
877 60.4465 73.9715 0.250643
878 80.403 82.6804 -0.11835
879 71.9886 82.2152 0.0558797
880 69.4303 85.78 12.1597
881 61.877 78.3886 -0.197132
882 59.7418 71.3135 0.136115
883 70.0796 74.9404 10.5527
884 62.9456 70.4054 0.117674
885 66.5547 89.1607 7.13041
886 69.329 81.0227 37.2413
887 63.3016 77.3491 20.8045
888 81.1808 77.7121 24.4019
889 61.1046 84.4209 32.5703
890 75.8169 67.1621 39.847
891 59.8332 94.6209 21.4302
892 80.1404 87.6308 40.0785
893 60.3673 68.4476 31.6001
894 97.0221 86.631 33.7439
895 71.0379 57.9717 45.3265
896 81.1765 95.8031 34.5194
897 77.0458 72.411 47.1416
898 86.3225 94.5029 14.1487
899 87.0596 70.4721 48.3223
900 79.6788 89.828 49.2567
901 71.813 88.616 47.9032
902 75.0701 82.3279 66.8361
903 70.1789 92.999 60.0756
904 68.4306 88.6801 50.9583
905 79.6493 69.0023 65.7353
906 66.8658 90.8097 56.3771
907 89.3559 69.0907 49.9789
908 70.2225 80.8027 71.7336
909 59.314 96.0716 66.5798
910 74.5352 83.4536 56.1957
911 90.8079 75.2873 77.9189
912 81.665 77.2114 84.7675
913 73.2852 85.8872 69.3903
914 71.6473 88.1481 59.076
915 77.7381 79.3154 60.2869
916 73.6107 70.9216 78.8584
917 46.0909 72.7841 71.4614
918 59.1356 79.4898 96.2253
919 66.6424 78.3271 70.6533
920 69.8475 68.1522 80.9095
921 89.8559 89.879 83.2501
922 72.4431 78.1273 83.3625
923 63.7019 79.7308 96.6414
924 59.7002 81.5153 95.052
925 55.5133 89.443 105.386
926 56.9044 70.451 85.436
927 83.1205 86.6492 99.0508
928 63.3443 89.4187 107.831
929 69.5924 75.5281 103.024
930 59.7239 89.7735 123.356
931 78.027 68.2223 123.275
932 79.1541 70.3829 108.557
933 79.1471 90.9029 110.471
934 66.9002 76.592 123.099
935 60.6179 101.579 113.228
936 62.79 77.061 110.859
937 69.5526 89.5104 118.384
938 86.163 93.8052 22.0157
939 57.3944 99.6766 9.46944
940 61.2111 96.6943 5.5134
941 78.6341 85.6579 0.0676325
942 74.6954 97.1356 28.1653
943 79.979 113.148 21.2766
944 86.112 112.775 29.6009
945 61.9932 103.268 41.7053
946 52.8844 113.363 11.1898
947 60.4737 113.274 16.8492
948 62.9011 102.113 30.2679
949 65.3619 92.2199 30.7731
950 66.0631 96.8716 27.7663
951 64.5579 112.491 38.4475
952 65.4616 105.825 52.9357
953 75.6729 86.8622 24.4839
954 102.453 104.494 35.1319
955 67.4262 103.399 46.9975
956 81.9066 92.1058 50.986
957 101.917 104.054 62.0586
958 75.7231 111.995 51.202
959 73.4165 89.444 49.7809
960 70.0477 90.6595 53.6803
961 64.8489 104.514 68.5653
962 70.2634 101.082 68.637
963 59.8018 112.463 42.7704
964 62.7041 81.7358 36.2145
965 86.036 98.943 56.6485
966 75.4962 99.115 58.3782
967 62.1919 103.537 50.0682
968 87.6684 90.095 41.0434
969 77.0713 95.1526 78.7088
970 84.3154 84.6542 72.0722
971 59.2938 112.14 70.1926
972 71.5061 94.5439 81.7861
973 84.6645 86.1057 77.7515
974 64.9147 111.708 65.3584
975 59.845 98.965 75.0823
976 64.4602 107.375 83.6738
977 83.0053 93.5547 74.2753
978 75.9334 99.5499 96.9466
979 66.5408 104.144 78.4798
980 81.8073 89.1355 97.1789
981 84.7533 112.235 93.3698
982 63.9181 112.109 83.6562
983 68.0077 112.216 78.2153
984 67.3665 101.189 98.5142
985 81.3263 112.282 84.0445
986 81.3896 113.141 109.582
987 73.6339 89.0525 113.629
988 67.6031 98.1621 95.3643
989 87.8881 88.8027 100.706
990 57.8401 86.6879 101.951
991 91.3017 112.206 78.2545
992 73.7627 103.415 107.955
993 68.2439 103.43 108.773
994 60.3948 96.2499 103.247
995 77.7884 102.591 94.2969
996 50.6804 113.37 100.282
997 59.5252 113.155 105.662
998 76.3992 93.0211 123.518
999 59.7612 113.74 116.188
1000 93.6701 103.566 123.461
1001 64.83 101.195 123.476
1002 88.5654 94.1818 123.192
1003 66.9707 97.5478 123.288
1004 80.5583 113.442 114.798
1005 62.4476 100.557 106.73
1006 71.7549 95.0987 111.836
1007 69.6462 100.417 117.81
1008 114.338 20.1958 6.38442
1009 101.551 17.9018 2.77163
1010 89.9449 21.0481 11.1772
1011 107.032 0.146039 2.7454
1012 96.0361 0.244204 0.866397
1013 100.179 16.8545 11.7292
1014 93.7958 20.5184 13.6006
1015 107.687 11.364 21.8918
1016 102.179 19.3356 12.4479
1017 100.914 0.269423 22.3961
1018 86.1243 15.8678 20.6585
1019 102.684 16.1662 12.5996
1020 96.2031 5.93798 20.8307
1021 88.5683 18.0765 12.9766
1022 100.635 34.515 29.7522
1023 87.3278 1.04124 41.1905
1024 113.088 9.7664 36.8903
1025 102.921 30.595 34.4435
1026 91.8991 33.6507 25.9575
1027 107.472 14.6278 35.999
1028 91.4033 18.2055 41.421
1029 105.176 16.2343 40.4424
1030 104.696 15.825 46.4934
1031 86.3706 1.64275 53.8945
1032 112.235 5.16888 61.8405
1033 104.829 17.8733 53.106
1034 112.86 20.5216 48.7064
1035 93.5915 1.01942 41.4878
1036 112.838 28.2628 52.2593
1037 97.1825 1.15232 44.1737
1038 100.445 36.637 65.7867
1039 90.0379 1.64496 80.8493
1040 112.622 28.4679 74.2212
1041 106.307 1.20793 76.0532
1042 104.897 1.15522 71.1918
1043 86.8891 1.3223 65.6891
1044 97.1003 2.9085 70.1385
1045 87.4121 26.6779 67.4772
1046 94.0 1.32006 83.6806
1047 72.4251 4.69811 94.9086
1048 96.9905 16.1837 102.366
1049 107.237 0.732209 87.2524
1050 98.3302 1.33804 83.6976
1051 112.343 30.3614 77.7564
1052 100.788 27.3306 80.8872
1053 108.018 13.5889 94.8307
1054 109.808 0.982812 95.1657
1055 105.26 14.5249 80.1603
1056 89.5767 16.3697 89.4924
1057 112.776 6.94065 86.2224
1058 100.552 6.28666 103.487
1059 98.1072 -0.282681 109.524
1060 102.092 17.0485 89.3811
1061 109.683 1.47654 88.7669
1062 87.2703 9.6887 91.7264
1063 92.146 22.3674 93.3138
1064 90.4699 2.08779 123.778
1065 112.989 2.34135 84.0795
1066 98.4964 0.227273 113.359
1067 113.855 5.76062 118.436
1068 112.343 4.62946 123.772
1069 101.95 8.16826 111.092
1070 93.2906 38.7575 0.0470041
1071 78.5186 29.3961 0.160617
1072 95.8632 16.3081 10.3533
1073 98.231 50.2812 15.5066
1074 93.32 46.0535 0.264479
1075 98.4947 47.0344 2.78026
1076 101.396 39.0762 -0.060791
1077 98.2003 43.9377 4.77944
1078 111.144 40.2105 -0.113889
1079 90.2819 41.4902 19.8873
1080 83.9926 28.6737 26.9923
1081 113.574 42.5546 19.6336
1082 68.9164 34.0406 53.7158
1083 113.177 38.65 39.1955
1084 98.3776 24.6495 27.2078
1085 80.7091 57.1149 24.5876
1086 83.3138 32.1436 37.9543
1087 113.437 43.0192 27.8794
1088 107.05 36.3528 40.3783
1089 102.742 21.3249 44.8818
1090 87.7629 35.2649 27.2426
1091 84.7636 25.1132 39.1022
1092 104.96 34.1437 58.9275
1093 98.4397 40.8563 61.1011
1094 101.404 38.5477 57.3434
1095 104.994 40.3066 48.4057
1096 89.3505 46.1431 57.4409
1097 112.712 23.1194 47.0159
1098 110.042 29.4146 56.7063
1099 104.55 47.4743 45.6806
1100 87.4475 31.0002 61.1666
1101 112.848 29.7559 43.8699
1102 106.74 35.17 58.6594
1103 112.599 39.6269 67.422
1104 96.7881 45.3358 69.2975
1105 81.6227 25.2945 74.1118
1106 107.381 38.9415 75.0547
1107 89.5423 41.1409 72.3829
1108 112.771 13.0753 64.5712
1109 112.747 38.9436 64.3432
1110 112.535 38.7981 74.815
1111 104.647 36.2599 60.3124
1112 93.8715 20.4174 63.853
1113 112.931 30.2575 58.5393
1114 91.2757 28.8285 87.7937
1115 95.5322 29.4027 84.9983
1116 112.814 36.3972 95.6655
1117 90.3276 30.7993 86.9568
1118 96.1196 43.4785 76.9985
1119 86.9616 24.3928 90.7436
1120 80.6678 41.0066 92.7846
1121 97.4421 28.0481 88.5026
1122 97.3692 25.0694 90.5925
1123 96.5677 45.4997 94.4147
1124 87.7305 18.6671 98.0477
1125 113.263 47.6795 105.917
1126 108.058 47.6601 100.739
1127 89.7254 30.1243 112.927
1128 98.2346 28.6556 108.818
1129 100.697 41.1855 106.922
1130 108.079 23.2006 123.161
1131 108.598 31.535 123.042
1132 114.158 36.0072 114.551
1133 114.025 39.1185 116.27
1134 102.19 33.3906 123.305
1135 102.073 35.6733 116.606
1136 85.0119 45.4132 113.147
1137 109.266 64.3622 7.14487
1138 114.48 52.0715 4.86002
1139 96.1447 50.2044 0.462577
1140 114.466 47.8241 18.2114
1141 113.063 66.8859 29.5794
1142 112.776 72.7692 36.5717
1143 103.563 61.6041 25.7368
1144 90.2434 59.3689 19.1726
1145 92.4207 53.7897 15.5823
1146 113.497 50.0979 25.2734
1147 113.417 64.4228 23.2431
1148 96.6978 63.6163 16.4869
1149 95.0548 70.3198 0.460858
1150 88.6521 66.5905 34.1575
1151 113.693 61.2934 21.5206
1152 102.305 58.0144 40.1937
1153 97.0562 42.8978 35.3217
1154 93.6592 64.1104 42.8153
1155 101.909 54.4485 28.3486
1156 100.539 59.6824 48.0927
1157 112.752 48.3343 41.0759
1158 112.861 72.8642 41.8977
1159 95.5185 59.2491 49.6351
1160 112.83 66.361 67.0906
1161 112.553 52.7472 61.2249
1162 97.3074 62.1883 61.3667
1163 83.7906 54.6785 59.1336
1164 96.0629 64.5465 52.6704
1165 112.888 59.9374 54.2688
1166 83.6521 68.2375 45.1517
1167 112.729 61.9307 57.3917
1168 81.5766 75.6895 55.8022
1169 89.4801 66.7061 54.7405
1170 112.733 65.7367 64.0236
1171 100.333 59.1461 74.9985
1172 112.586 55.6003 57.7692
1173 93.5683 59.0725 63.0521
1174 105.324 63.8641 76.1185
1175 87.083 66.836 73.9696
1176 106.643 72.7403 65.9891
1177 108.581 69.5548 79.7095
1178 95.5074 63.6433 74.0675
1179 97.6316 45.3258 60.2664
1180 101.406 45.421 52.1022
1181 112.993 41.7896 60.5005
1182 113.066 48.4609 85.253
1183 112.532 44.2835 80.5546
1184 92.9421 61.478 89.7613
1185 99.5569 52.7745 101.434
1186 97.1335 50.4348 81.6526
1187 113.157 66.3122 91.1627
1188 113.509 52.987 105.988
1189 113.084 53.1264 100.438
1190 99.8501 55.4934 101.744
1191 107.195 71.9679 83.3564
1192 97.7847 52.3266 93.4987
1193 94.6903 53.8824 93.727
1194 97.3466 42.8916 93.067
1195 112.818 41.5178 90.151
1196 95.9657 53.0851 103.783
1197 93.6149 61.657 108.477
1198 102.012 58.4522 108.097
1199 92.568 61.9964 98.4461
1200 86.6701 51.3877 108.954
1201 95.8222 66.3695 114.77
1202 96.087 51.1269 123.479
1203 109.002 59.4161 123.35
1204 110.464 68.2948 110.759
1205 101.788 50.2463 113.801
1206 112.677 65.339 123.199
1207 91.2098 91.1934 0.215561
1208 82.3332 78.6405 0.141141
1209 91.6164 90.7472 9.77017
1210 114.386 80.6026 12.729
1211 84.4834 91.9641 18.8767
1212 110.027 91.919 6.7646
1213 94.1115 74.925 0.310438
1214 85.6813 71.1119 11.3588
1215 92.3769 82.086 0.0956782
1216 98.1431 96.1401 0.380165
1217 114.378 92.345 12.8257
1218 113.386 69.0234 24.9385
1219 84.6679 64.8501 14.7097
1220 91.4632 79.8592 21.9002
1221 106.94 93.2402 18.8394
1222 113.172 79.81 26.173
1223 73.8481 97.3228 22.151
1224 82.0643 92.6079 12.9099
1225 99.3797 79.8051 19.2829
1226 98.1556 67.6869 33.5783
1227 112.966 103.004 44.5904
1228 102.999 62.4489 55.3083
1229 90.3813 79.268 43.5459
1230 97.846 80.6852 38.4041
1231 80.2934 57.7505 41.5274
1232 113.048 82.7937 41.2245
1233 89.4736 86.9729 43.829
1234 99.1723 75.4897 39.0439
1235 97.4509 71.6164 45.4856
1236 89.2927 92.6114 61.0798
1237 88.8984 77.1326 46.5106
1238 112.965 85.0091 53.415
1239 94.8412 78.3736 42.7504
1240 98.9216 96.0255 69.6425
1241 107.194 76.4563 65.9122
1242 92.1731 70.3234 71.529
1243 103.479 78.3167 66.8117
1244 95.1051 72.621 60.773
1245 112.472 88.6944 73.2324
1246 112.815 70.9179 71.3244
1247 112.84 79.8714 85.9259
1248 105.089 78.3027 73.1052
1249 112.738 85.2587 80.5017
1250 96.8587 74.976 78.4848
1251 101.018 75.5509 95.1436
1252 91.1001 78.5215 86.7896
1253 113.198 75.7555 92.5432
1254 84.6878 76.2001 82.5269
1255 107.076 70.0047 85.3254
1256 112.884 79.8492 83.1877
1257 89.0072 72.9792 94.2843
1258 113.325 75.642 103.193
1259 89.6463 76.9249 104.284
1260 104.084 72.8549 99.6632
1261 113.167 83.2728 98.5869
1262 96.1133 72.6617 107.941
1263 93.6225 68.8542 102.85
1264 86.9451 81.8392 94.4078
1265 113.249 80.3103 102.227
1266 108.62 74.0995 111.436
1267 87.7761 68.5093 123.316
1268 114.151 71.134 114.575
1269 91.7007 68.6308 123.223
1270 106.281 82.3636 123.503
1271 114.149 83.2992 114.708
1272 95.9595 79.3461 120.521
1273 84.383 85.0574 112.04
1274 114.076 92.4037 117.67
1275 90.2526 72.0222 111.094
1276 110.924 84.4205 111.023
1277 90.2022 82.7017 123.306
1278 81.193 73.397 123.354
1279 96.2696 78.6878 108.329
1280 104.45 65.859 123.21
1281 114.461 95.1223 23.2417
1282 101.039 113.351 19.0323
1283 108.774 113.588 13.0391
1284 114.436 92.3626 10.1365
1285 91.9479 106.593 15.4001
1286 106.516 90.7926 32.1225
1287 113.817 110.16 19.5504
1288 90.1587 104.941 29.4792
1289 113.2 102.311 32.6702
1290 91.8084 97.5272 27.3258
1291 101.619 101.549 27.2726
1292 89.6373 112.784 37.6137
1293 113.69 91.8937 26.5552
1294 111.993 111.911 36.5936
1295 95.5436 112.378 37.5502
1296 95.7447 100.963 24.8898
1297 88.787 112.219 38.9621
1298 105.339 112.289 45.9292
1299 106.8 96.3175 44.9986
1300 112.843 96.337 36.1333
1301 96.3806 91.3072 35.8237
1302 77.7185 98.1328 37.3828
1303 112.788 107.739 54.7823
1304 112.847 89.5355 44.423
1305 108.511 112.255 49.6097
1306 93.0373 112.078 51.4671
1307 99.9148 89.3408 57.3863
1308 95.4029 96.5966 60.3794
1309 112.841 103.217 74.0596
1310 94.2261 90.0017 72.2842
1311 92.1839 84.3908 76.9926
1312 103.01 86.0019 53.0228
1313 108.72 112.12 62.223
1314 84.5805 111.608 71.2903
1315 112.702 93.2781 74.861
1316 93.1505 92.8774 74.9073
1317 104.625 112.386 93.0907
1318 112.912 109.854 74.6385
1319 103.172 99.7698 80.4069
1320 90.9351 95.1089 98.9971
1321 112.858 91.8038 80.6074
1322 97.2491 88.5918 75.6835
1323 113.025 89.382 84.036
1324 99.1097 112.848 92.3529
1325 85.6159 86.4814 85.4272
1326 114.188 92.8643 113.194
1327 94.034 97.2519 99.8267
1328 98.5268 86.9007 114.762
1329 113.086 91.862 99.0512
1330 95.8015 92.4876 106.194
1331 79.7149 112.797 100.019
1332 92.5432 112.842 99.3999
1333 97.9951 108.543 107.494
1334 106.007 100.547 113.066
1335 97.9435 89.9053 108.148
1336 113.829 103.852 121.53
1337 114.356 97.443 112.48
1338 112.646 113.611 120.35
1339 92.9565 110.747 114.166
1340 113.958 104.559 114.89
1341 90.2096 100.069 103.778
