0 11.2207 13.3835 -0.761166
1 2.78476 0.0561951 10.0132
2 -0.640337 36.2994 21.8914
3 18.548 -0.10044 9.72039
4 25.6662 -0.239793 1.10871
5 7.84911 12.7572 -0.281551
6 -0.511954 13.1346 10.8055
7 11.9084 8.89745 6.83291
8 11.1612 2.02142 -0.317316
9 -0.677519 15.5187 1.93727
10 0.952672 16.5762 35.3701
11 23.9712 17.0809 17.2179
12 19.9031 13.2835 21.9759
13 15.4716 1.34004 28.8981
14 1.86348 2.02756 31.0547
15 19.2271 10.4106 24.298
16 0.941505 20.8788 47.5441
17 27.091 1.8863 35.1067
18 1.02955 12.4154 41.7202
19 26.3553 14.6729 26.4315
20 26.717 1.33537 53.7276
21 1.12727 2.57684 41.8858
22 20.4121 3.27872 44.4047
23 12.8437 11.112 48.9952
24 1.37741 28.2204 30.8352
25 33.3037 9.4216 59.2116
26 8.15984 11.1756 59.0689
27 13.5584 16.8459 51.7523
28 31.2049 24.751 56.4265
29 22.1217 10.7772 71.0696
30 0.898471 15.8566 53.82
31 19.2387 1.3464 60.6781
32 23.2773 6.35336 40.3726
33 24.788 18.6667 43.641
34 0.79244 3.95202 78.6075
35 29.5427 11.6737 74.0322
36 21.6621 16.6683 79.5204
37 22.0635 22.6841 56.4008
38 10.5596 0.901389 67.2926
39 19.5262 1.24908 68.926
40 26.343 1.16294 64.945
41 19.8649 24.6481 89.6516
42 22.9069 14.005 99.1628
43 23.2883 1.51791 72.0336
44 14.1952 0.823884 81.6549
45 8.58112 0.788713 84.3572
46 17.2769 16.4194 73.9757
47 1.12995 7.15913 97.5367
48 23.0942 21.6809 82.4448
49 29.732 20.5688 118.093
50 21.1154 4.44626 114.07
51 12.8148 16.7995 104.947
52 20.8245 36.0217 101.232
53 22.2988 0.576194 105.959
54 27.2279 0.275451 106.802
55 21.1441 6.28586 102.246
56 14.6827 0.888026 92.7244
57 9.30227 23.3223 113.214
58 11.9525 1.29443 102.449
59 14.6808 8.48078 95.0936
60 7.24797 4.19183 114.095
61 14.1409 0.270837 123.822
62 33.2342 16.1781 126.075
63 16.5898 9.19368 125.597
64 2.48555 0.147217 123.305
65 5.76311 5.11002 117.934
66 21.4677 44.7109 6.81062
67 22.1607 30.6911 16.0097
68 30.1706 39.4466 11.3251
69 -0.647554 45.592 12.0058
70 27.8999 22.6233 12.2931
71 6.94716 57.3189 -0.0408418
72 27.3126 37.1615 -0.0628974
73 8.37819 45.9074 0.0336879
74 24.5399 44.2302 28.9382
75 1.83685 21.7572 26.1787
76 13.0677 25.419 26.4489
77 3.7388 29.5005 11.9328
78 5.52909 30.2685 45.9625
79 -0.954158 39.2007 12.8352
80 14.9878 38.591 36.4015
81 0.689263 47.9391 35.8672
82 21.8102 47.6672 43.9878
83 11.1904 42.0075 48.8251
84 31.6319 45.7596 21.9224
85 1.28116 46.5091 43.9885
86 28.6673 40.9717 49.7634
87 16.7721 31.1806 46.1375
88 19.1725 49.2927 46.0932
89 0.812402 34.5081 55.8053
90 28.9209 38.6964 57.3782
91 21.2621 25.086 65.9338
92 9.60849 34.2383 69.4198
93 6.03064 20.7363 44.6122
94 1.36993 23.4162 59.8737
95 26.5451 26.7202 76.5653
96 9.11615 44.1358 76.9043
97 15.7142 29.491 47.0235
98 13.1161 29.9299 56.5964
99 7.67273 31.4764 64.8281
100 15.2642 22.0006 77.274
101 27.9675 28.3498 68.4868
102 0.970405 24.9696 70.9488
103 15.2939 45.418 64.7635
104 21.4292 35.2576 56.21
105 0.750073 32.5361 83.601
106 21.2725 37.1184 62.4741
107 22.3636 32.1815 84.4484
108 30.4633 20.7568 71.1987
109 17.4781 14.3652 73.1125
110 18.4144 30.0358 97.1036
111 0.636216 34.6304 89.9131
112 23.9741 35.7421 103.688
113 0.285244 43.8271 101.732
114 22.004 26.1363 113.125
115 12.4055 31.7377 107.765
116 26.6506 37.5346 97.8837
117 16.39 47.2269 97.5524
118 9.82826 30.6992 79.6904
119 29.8728 49.5481 111.463
120 19.9216 26.5538 113.991
121 17.6437 48.6393 101.63
122 23.1489 44.9937 107.263
123 7.42068 44.4482 97.3958
124 0.159272 39.6836 99.8253
125 25.1523 36.8143 125.981
126 29.4076 40.6861 126.192
127 9.40669 41.6405 112.904
128 7.31816 34.6025 109.932
129 13.1248 44.6192 113.002
130 10.0657 34.6525 126.076
131 13.1285 43.8557 126.015
132 33.1902 27.4504 110.262
133 21.9312 40.0795 110.711
134 17.5267 69.4397 6.71225
135 2.1237 63.0464 -0.215717
136 33.8434 68.4127 2.05338
137 17.671 54.1151 12.1949
138 5.39631 59.5715 8.60608
139 -0.367515 82.7386 7.8549
140 19.2609 55.481 11.8379
141 23.931 55.4746 22.3878
142 0.358574 57.1983 18.5456
143 17.9248 61.0523 26.4297
144 31.0251 49.7313 21.1147
145 0.959104 64.3418 31.4994
146 27.565 74.9933 12.679
147 25.9959 65.8104 31.348
148 12.5096 44.815 40.4981
149 27.2534 53.5991 30.5214
150 27.1842 62.4696 45.7701
151 7.90408 58.1177 43.8713
152 6.29697 48.9962 36.6884
153 20.7923 63.6814 56.3341
154 24.4933 51.273 31.583
155 12.814 60.9697 46.5991
156 17.5963 40.0444 47.0444
157 4.71902 67.8193 29.6376
158 11.6478 53.6352 39.1424
159 8.73626 61.0416 43.403
160 26.5592 44.2671 55.2954
161 21.6439 59.3178 77.2061
162 18.9962 59.315 59.1278
163 8.27034 41.9562 51.5486
164 20.9859 58.2789 48.5894
165 15.4125 56.8231 49.6654
166 21.1952 61.6272 55.3076
167 0.789492 52.7535 85.2488
168 11.8459 47.4467 74.0804
169 14.3206 61.1212 74.9935
170 18.2688 58.4249 74.2578
171 38.0364 57.9065 60.4905
172 15.4081 71.8422 72.4725
173 18.9188 51.3827 86.4796
174 17.7254 59.0517 88.3613
175 0.461171 66.3086 96.193
176 12.6868 63.4557 92.8097
177 23.9503 55.199 79.9426
178 39.4487 45.3574 82.0054
179 26.205 57.9785 77.4732
180 0.644598 48.4308 87.6336
181 -0.508455 64.0936 109.072
182 12.9689 50.7268 110.34
183 23.4634 45.0134 104.622
184 14.9145 61.1149 107.641
185 18.9337 62.9189 91.4293
186 4.93963 56.3343 119.693
187 7.07404 70.4615 108.879
188 0.0756077 64.7138 104.576
189 3.73388 66.7039 118.247
190 10.8141 44.8796 119.828
191 0.901979 67.8726 126.423
192 12.8728 58.4531 125.733
193 14.703 68.2593 126.197
194 -0.762248 59.9592 118.927
195 10.1367 56.0486 125.83
196 20.9769 50.591 118.685
197 33.4828 55.586 110.6
198 22.1307 62.7952 126.012
199 12.904 70.921 8.58058
200 6.98189 81.4322 8.47582
201 30.4775 93.229 7.96242
202 15.249 71.9787 7.5905
203 24.2387 75.9481 5.80439
204 18.288 84.3169 7.76951
205 2.74623 76.551 -0.804253
206 23.9571 80.0667 -0.731408
207 5.61289 71.9563 -0.0415502
208 16.1475 73.8451 -0.0643529
209 12.8958 79.5247 20.4446
210 24.6903 83.0887 24.9353
211 31.8753 97.4105 35.8229
212 28.4664 93.6658 20.1764
213 28.1492 65.3727 20.0538
214 20.9879 89.996 30.8471
215 17.6446 62.3452 14.2912
216 1.39045 86.176 -0.787519
217 16.1891 71.2673 26.7598
218 17.984 81.828 41.0312
219 1.13178 75.409 17.0784
220 8.45067 70.652 35.3289
221 17.0376 86.3574 43.109
222 22.1387 78.4576 48.6586
223 19.4388 81.456 25.7145
224 16.8738 85.8219 40.1483
225 21.1634 92.0199 37.2845
226 21.2602 73.9502 52.32
227 6.25227 94.0652 46.8311
228 18.6476 66.968 53.1804
229 3.6534 67.8502 59.8463
230 33.336 93.2299 49.0406
231 25.1932 69.0811 44.7084
232 0.85389 93.3454 62.8701
233 11.367 78.499 58.0398
234 14.7409 70.9847 58.0271
235 15.4902 81.4638 48.5789
236 9.67007 68.9566 53.1149
237 17.4721 68.5407 52.5222
238 1.29068 80.559 52.2763
239 1.11597 68.7579 61.051
240 19.9872 70.5747 60.9671
241 30.0818 67.6706 78.0971
242 16.3872 53.0524 64.6284
243 18.6155 75.6212 60.0148
244 27.4712 95.1937 77.0385
245 0.726548 83.2389 70.41
246 39.8187 87.3136 50.353
247 18.5253 86.4044 79.0112
248 28.9597 103.059 81.8277
249 9.27166 84.263 56.331
250 27.5135 77.3062 83.6256
251 20.0624 77.4095 69.4294
252 35.8945 66.2454 87.7751
253 13.6509 79.6288 93.8567
254 8.9642 64.9221 76.9568
255 17.7801 78.5958 91.4882
256 21.84 86.2441 71.1936
257 29.019 72.7669 82.7962
258 31.0261 87.972 106.917
259 0.421727 76.3953 92.7171
260 0.896775 71.1966 71.4857
261 9.77739 99.149 85.605
262 0.831411 86.597 82.4894
263 7.27598 66.1393 107.111
264 16.6799 80.8998 108.724
265 0.0699737 69.2757 103.707
266 21.5725 74.0459 103.801
267 0.550543 73.9876 88.97
268 34.1055 86.8495 104.069
269 15.7581 81.1213 89.963
270 21.2093 89.934 101.688
271 5.97586 83.8266 125.876
272 16.8696 70.8914 117.292
273 2.56147 70.8448 126.664
274 -1.1909 82.7544 116.363
275 23.7826 69.1554 112.33
276 31.3694 81.8374 111.566
277 26.8785 91.4452 126.804
278 24.3304 113.238 1.30759
279 16.43 101.685 2.64588
280 9.90979 99.9673 -0.0113635
281 13.6462 99.9857 14.9318
282 17.604 113.702 10.2285
283 2.73323 97.6836 -0.601264
284 22.8639 84.3601 23.8538
285 1.7113 93.5235 16.2238
286 13.9936 112.256 23.3232
287 6.09586 98.0048 36.9049
288 21.4577 111.706 39.467
289 1.01353 107.86 55.5441
290 -0.787993 110.378 8.4377
291 22.0432 112.612 24.6221
292 1.15746 91.6409 34.4876
293 15.6596 105.111 19.0538
294 22.6796 99.929 18.4557
295 15.6519 113.894 12.5242
296 21.3466 112.048 31.4488
297 16.7485 112.188 27.3643
298 32.1847 111.869 49.5841
299 19.6714 92.5329 21.248
300 23.4034 113.05 18.7777
301 6.95163 112.406 38.6603
302 8.63008 107.624 42.7877
303 9.56235 111.809 45.2381
304 8.78811 112.324 41.502
305 28.3349 93.668 36.2614
306 13.9831 112.032 31.8803
307 18.387 101.12 35.6288
308 26.3675 112.091 35.4698
309 36.0665 95.9422 45.946
310 10.0214 101.004 47.1049
311 10.6006 92.9156 42.8686
312 26.5549 112.233 49.6429
313 22.9395 112.142 35.5817
314 15.495 81.5175 68.261
315 0.393421 106.857 80.0592
316 0.979636 101.243 52.7452
317 0.388678 109.446 76.5933
318 0.84544 90.9459 64.6737
319 9.81425 111.593 56.5783
320 20.6404 105.68 80.1856
321 19.7546 112.44 97.4624
322 30.0255 112.226 80.662
323 20.0375 112.49 80.46
324 5.81048 106.999 80.0616
325 8.75948 87.5388 80.8812
326 0.1063 110.385 95.4881
327 1.15569 112.182 101.519
328 24.097 97.9231 95.8001
329 32.1815 112.483 101.227
330 39.3332 100.358 96.0952
331 4.24543 112.094 86.0829
332 25.797 99.2145 100.436
333 -0.951201 107.03 113.218
334 11.4159 103.011 105.204
335 23.5139 113.444 111.37
336 11.9463 113.473 114.759
337 20.6973 112.181 90.3499
338 25.3669 113.534 121.524
339 24.7188 100.986 126.053
340 -0.859041 104.292 120.198
341 7.61021 92.1502 109.877
342 1.62481 114.248 116.457
343 39.6777 13.0126 9.44338
344 20.1705 6.17723 13.4549
345 35.6987 12.4205 7.51613
346 41.1054 17.922 -0.0830328
347 51.4668 -0.114843 3.75882
348 37.5934 14.103 8.79625
349 35.9273 12.0643 0.09802
350 33.4544 15.0265 10.8156
351 34.8847 18.6952 8.89801
352 28.6659 10.243 22.6625
353 53.6631 12.8365 25.1005
354 38.4625 2.11828 15.5041
355 52.0066 1.52929 22.9777
356 41.3079 1.94199 25.4769
357 40.6756 21.4755 30.9754
358 27.8375 24.9734 21.8316
359 53.5818 27.1512 26.6379
360 38.8265 10.8402 33.0402
361 50.1963 7.21782 40.2502
362 45.6894 29.4997 56.2896
363 40.9819 19.4629 41.1204
364 49.8685 13.5371 49.543
365 42.6405 1.85735 38.7553
366 32.5873 26.3577 52.6342
367 32.3397 13.2335 47.1117
368 57.8381 8.24502 65.1142
369 35.5072 1.70349 69.2378
370 35.7834 16.2802 41.4513
371 39.8904 11.9345 42.2624
372 31.1261 20.0092 68.1368
373 57.0628 1.27578 73.4805
374 40.3541 10.7108 62.9317
375 59.3704 29.6148 78.3561
376 30.4823 5.6148 75.3467
377 31.5363 1.53138 71.8417
378 53.4964 12.723 97.5749
379 36.4353 26.5347 88.9575
380 47.9695 7.88055 101.244
381 60.004 0.843818 87.2147
382 35.2766 19.6111 81.8438
383 52.1652 6.52263 94.5076
384 42.3531 23.4971 86.2181
385 39.8176 0.922858 95.4103
386 20.451 0.913704 78.6746
387 57.9631 0.121284 111.468
388 41.7526 1.00657 101.244
389 48.1782 16.76 94.0283
390 45.5683 21.552 106.904
391 47.9865 21.9982 98.7699
392 44.1151 17.8939 108.441
393 53.4005 15.7642 126.109
394 27.0177 12.6089 125.943
395 45.3099 25.1143 116.948
396 53.4307 26.2763 111.349
397 33.9009 1.76827 126.483
398 46.5502 2.11502 126.877
399 47.3375 11.6466 106.782
400 56.4495 10.4846 126.039
401 46.1615 23.3243 121.94
402 34.03 29.8146 -0.164418
403 31.8599 42.8591 13.5065
404 32.7409 45.7986 -0.0988938
405 54.5516 35.8954 0.244355
406 55.7625 40.1094 -0.00656167
407 37.618 31.3077 16.4739
408 31.6163 41.4667 4.0327
409 46.5863 32.9978 14.164
410 32.4538 31.9843 -0.161226
411 59.6478 50.7989 0.126604
412 43.7229 47.904 4.7316
413 40.7767 48.2258 6.01331
414 44.5732 36.3923 33.2945
415 40.0848 43.9964 26.264
416 53.5124 55.6273 38.9702
417 46.0272 49.582 18.4656
418 33.8367 38.2152 25.5976
419 43.5036 24.336 16.9495
420 33.7071 60.8532 18.1133
421 38.0852 26.848 23.4731
422 28.1596 39.9725 29.9335
423 44.5138 29.7621 30.7891
424 48.2609 47.4166 35.2202
425 27.6505 34.9818 28.779
426 46.1569 34.8975 40.3747
427 61.2838 17.3422 45.9424
428 31.0205 32.3897 22.4679
429 47.4668 37.4783 35.4562
430 32.1813 34.1925 35.5332
431 62.08 23.0041 44.1936
432 24.7329 35.2714 33.756
433 49.5501 24.0147 40.286
434 38.169 30.3602 61.063
435 43.7716 26.368 50.4663
436 42.4132 38.7281 67.5423
437 37.126 41.84 47.5889
438 61.3398 42.6207 62.1191
439 47.8057 30.2062 75.1232
440 54.3625 54.573 51.4664
441 41.557 24.0523 68.5939
442 48.3915 9.30048 73.4174
443 31.8949 43.5039 69.7711
444 27.9961 30.0679 80.6728
445 39.1289 26.8927 88.0495
446 34.3074 27.7406 68.5257
447 42.0857 37.3951 75.0117
448 46.8952 28.3772 91.2513
449 45.0227 41.1482 75.3814
450 48.381 31.9967 71.3227
451 41.3923 32.917 63.7437
452 36.3481 45.3507 82.6993
453 53.5565 40.6243 69.4903
454 30.1638 37.3339 74.7198
455 52.8413 37.1946 65.6179
456 25.4596 64.0421 87.6808
457 54.8897 34.7344 105.348
458 41.7625 28.9811 81.5685
459 29.1923 55.4839 87.467
460 55.0276 47.5806 88.6405
461 49.6197 45.0816 82.7772
462 68.5057 34.8311 90.2576
463 51.9881 49.6612 90.401
464 63.9661 39.8133 89.7463
465 30.9444 38.1922 90.1618
466 54.5859 26.063 107.617
467 35.3977 24.2485 117.633
468 55.9304 36.1573 90.2961
469 46.1361 33.1495 110.369
470 22.2695 49.3385 111.397
471 63.7662 34.2855 122.616
472 43.3049 31.3859 117.423
473 45.2828 39.2171 114.281
474 29.5254 26.5536 126.193
475 45.4503 26.5418 126.107
476 42.0462 35.2457 126.345
477 45.2435 39.0919 111.884
478 48.3501 31.2289 126.059
479 38.0184 56.1509 126.411
480 34.5544 63.2104 -0.199421
481 40.0098 59.3522 16.7744
482 56.3097 67.1636 3.11714
483 45.6879 44.2061 17.1559
484 21.8721 45.4406 19.2743
485 24.2344 38.3388 17.1807
486 44.8576 73.4299 26.0689
487 35.5399 64.0861 15.4454
488 61.9849 47.8876 34.4614
489 42.9367 60.8221 28.2885
490 39.9422 72.4262 25.6133
491 35.9189 61.6621 31.2366
492 45.8358 56.5381 35.9682
493 48.9865 41.7358 50.3851
494 66.1084 66.0565 24.7689
495 38.3522 68.1709 20.0098
496 53.6797 57.9662 46.0221
497 31.9688 75.6184 57.1534
498 49.4088 65.761 45.7222
499 34.1071 63.0181 47.6528
500 49.5994 47.2514 66.7202
501 33.8169 56.8036 47.6387
502 46.9779 69.5867 51.4976
503 48.5719 55.3553 67.7036
504 25.2839 64.777 59.9087
505 44.4525 62.394 67.9606
506 62.8475 56.5315 63.734
507 55.9366 72.7606 74.2408
508 30.4026 45.6456 76.3017
509 36.3834 65.5149 54.2717
510 42.2324 40.9844 74.5022
511 36.668 54.6498 60.7496
512 51.4284 62.3033 71.5427
513 22.5859 64.6727 60.8637
514 50.6619 63.4715 97.826
515 39.0417 52.0506 87.5312
516 46.9327 60.2338 90.4944
517 34.5757 71.8467 94.9973
518 36.334 68.497 94.9771
519 43.0014 60.4888 84.9309
520 48.859 59.1098 77.2897
521 33.1794 53.2987 103.389
522 40.1767 61.5001 89.3222
523 63.7457 83.2935 79.1904
524 40.6034 57.4402 93.8177
525 50.7304 60.4483 104.276
526 39.1902 54.0238 118.585
527 41.4465 56.5111 109.695
528 35.3591 53.5678 87.5611
529 31.9361 49.9227 98.5588
530 48.6496 52.8811 97.7371
531 27.1789 64.7329 126.386
532 29.2889 65.0077 115.963
533 63.1649 48.9529 105.82
534 39.21 54.1712 120.955
535 41.5483 61.4577 123.723
536 62.1853 61.1855 120.943
537 37.8894 71.6385 -0.042079
538 47.1272 84.5133 0.042764
539 28.0859 71.3385 19.318
540 51.1236 63.4077 -0.150653
541 42.6521 95.9386 14.0857
542 28.3144 80.9425 -0.14117
543 31.5131 71.6399 -0.356557
544 46.4923 82.9433 36.9673
545 38.399 87.0402 27.6166
546 56.6266 87.2929 35.0926
547 48.0219 86.8158 14.586
548 39.2456 71.9938 18.0518
549 50.8921 79.6195 19.0327
550 47.4607 81.2211 8.54288
551 57.9162 94.7189 27.0666
552 42.2499 66.3029 19.2607
553 38.6294 68.3086 54.5101
554 47.1338 87.8745 30.5629
555 56.6915 73.5545 49.3562
556 35.276 67.8697 28.3091
557 44.17 92.8486 36.8995
558 48.0147 72.615 31.0675
559 49.8898 71.9369 34.1695
560 25.4028 78.1649 48.5545
561 49.5272 81.0525 40.8588
562 54.5805 74.702 33.8588
563 50.8119 90.8324 29.3059
564 34.5305 52.8607 41.8599
565 44.8323 64.3781 34.1771
566 38.5227 88.7276 45.5624
567 54.9143 89.7635 51.4759
568 44.0635 88.0552 66.7026
569 42.3501 75.6401 62.788
570 62.6551 77.1417 55.3644
571 34.0201 79.041 45.6507
572 44.4405 58.506 48.5029
573 49.0994 64.2762 63.0137
574 53.6681 62.5698 44.9016
575 33.1314 66.7942 52.2862
576 29.5471 70.5549 50.5699
577 20.6353 85.3877 63.1031
578 26.6962 66.0501 47.7112
579 49.2874 59.8562 69.665
580 61.9501 82.2278 68.542
581 35.2545 81.1357 82.0564
582 41.5381 86.4332 85.6351
583 40.9417 72.7916 51.6362
584 30.8881 93.0693 79.244
585 35.7624 75.2284 74.3412
586 39.3171 92.1503 80.9252
587 39.3813 87.7351 95.8043
588 33.282 83.7944 101.5
589 33.4522 86.3874 96.7719
590 47.0595 75.0771 105.045
591 59.6147 67.5071 87.0289
592 41.5536 80.921 80.9555
593 62.1273 78.7662 103.462
594 28.578 79.7463 85.4352
595 26.6402 76.4241 96.8884
596 51.977 79.5882 93.9074
597 32.6558 75.5761 111.541
598 36.7087 64.5165 107.728
599 51.7003 83.9569 95.8117
600 42.026 84.3908 103.404
601 58.1781 84.3231 109.053
602 57.6461 73.7364 92.8642
603 62.3405 93.6046 109.716
604 54.5287 69.629 102.444
605 35.762 81.8063 103.287
606 55.4519 96.8729 110.508
607 35.9846 75.3957 103.465
608 42.8787 67.4436 112.44
609 30.0684 88.9557 110.764
610 47.3792 85.7023 121.154
611 59.2395 75.7071 126.207
612 49.6593 83.702 125.958
613 27.9053 68.6232 116.566
614 43.4249 88.2475 121.932
615 50.2535 77.3197 126.432
616 38.1898 104.853 -0.412854
617 44.7958 113.237 1.19716
618 57.1233 113.418 1.28345
619 28.79 111.037 8.21578
620 52.1067 113.622 2.62303
621 37.7451 109.079 11.0752
622 54.8763 105.144 19.9181
623 34.953 98.1784 12.3166
624 49.0764 90.05 13.4214
625 39.0977 112.498 0.140791
626 47.5156 103.174 19.3639
627 35.874 112.851 21.1388
628 34.7861 103.077 14.2991
629 39.6723 98.9402 21.0315
630 30.0563 103.938 30.8779
631 28.0716 96.3818 15.3304
632 30.1529 103.844 36.6517
633 34.2235 112.61 29.7621
634 52.6664 85.0884 34.1207
635 42.5855 103.303 31.62
636 48.7321 111.717 45.1884
637 36.29 92.5182 48.6368
638 50.004 112.206 41.0569
639 38.5663 97.9426 38.287
640 51.878 101.243 55.6313
641 53.1304 111.916 50.726
642 56.8109 95.7518 58.3604
643 36.2538 112.078 49.6854
644 39.4372 85.352 58.2362
645 51.7648 112.001 46.705
646 45.3031 111.72 47.9981
647 57.8149 93.1604 53.7226
648 30.073 111.934 55.2162
649 26.3678 112.213 75.0083
650 47.665 112.185 78.0804
651 32.2038 112.103 63.6546
652 49.5762 100.155 82.3011
653 51.6446 112.136 60.8073
654 36.0208 102.075 63.3509
655 34.5225 106.643 73.3979
656 70.9816 104.23 66.7046
657 23.4063 88.4267 82.6738
658 48.7323 101.192 94.9334
659 39.7302 95.4726 77.2557
660 27.3615 93.7738 90.3581
661 39.5199 101.258 92.8407
662 28.8537 111.912 87.7069
663 37.5423 112.39 83.1935
664 43.3025 101.103 101.465
665 42.9185 103.589 94.2614
666 47.5267 112.148 86.3419
667 37.7856 94.06 78.7394
668 35.3459 99.1553 94.8866
669 37.5562 103.73 87.6402
670 53.1415 81.1726 77.9962
671 29.9479 93.0489 77.0302
672 33.0429 97.2775 98.8391
673 53.3826 112.507 92.0192
674 37.4255 92.8562 118.785
675 37.4809 113.584 114.065
676 53.0953 103.848 98.5353
677 32.5981 112.547 106.991
678 57.2713 112.672 99.9818
679 43.5389 113.561 123.754
680 45.0847 92.7676 126.233
681 52.6519 94.7111 111.452
682 47.5335 112.586 126.728
683 37.411 93.1988 126.029
684 48.9872 113.259 122.511
685 33.4278 113.895 111.742
686 25.2489 113.659 111.788
687 35.5206 113.477 123.891
688 51.6777 103.305 123.771
689 53.1787 99.7448 126.446
690 53.4034 113.514 116.451
691 66.2615 9.02618 -0.0184502
692 62.6718 14.6087 0.246266
693 82.985 5.06469 9.15934
694 78.0561 20.8802 13.9276
695 64.9998 18.1188 -0.234678
696 57.47 24.9741 17.9042
697 81.2611 1.48033 14.5275
698 55.7761 21.8282 25.9702
699 50.4301 23.4172 13.1222
700 61.8861 1.80082 24.9213
701 77.1609 10.283 23.1602
702 77.9814 2.30159 22.5301
703 56.7943 19.0933 27.0379
704 71.2856 5.029 31.23
705 67.2774 4.64195 13.8332
706 70.3966 10.5369 52.6116
707 63.0152 2.01805 41.391
708 78.2575 13.6661 46.035
709 80.5374 29.7633 42.2613
710 61.8301 18.877 42.1921
711 57.633 1.65111 33.8781
712 55.5066 25.6056 47.8085
713 67.8311 11.1672 40.2808
714 85.4661 15.1067 28.7978
715 61.3507 10.6912 43.182
716 60.0002 29.3347 70.5416
717 70.3818 8.79098 49.4243
718 90.2218 13.4287 54.3279
719 68.358 12.3616 69.4443
720 85.7022 19.0902 70.5473
721 71.4322 1.50228 78.7881
722 68.1264 11.2604 60.1076
723 67.9362 15.074 64.9236
724 53.8987 1.43802 75.9796
725 75.3775 9.78829 61.0481
726 58.682 24.586 64.4663
727 79.0996 7.50263 82.5592
728 53.0719 20.0623 97.864
729 68.0812 21.2493 90.2444
730 75.5093 38.9179 90.5012
731 68.1461 10.075 85.448
732 79.6277 0.520174 106.511
733 85.4964 8.49929 126.386
734 87.9739 10.5979 107.476
735 70.8301 7.08164 126.234
736 85.2452 24.7892 126.531
737 64.7447 19.985 107.263
738 60.4211 3.68933 118.891
739 81.9017 8.49605 116.611
740 73.6604 23.0371 126.414
741 67.3089 19.8248 126.164
742 67.7283 12.168 123.76
743 84.9373 12.4078 126.724
744 59.507 -0.524069 115.094
745 81.8904 12.8764 126.33
746 61.8445 -0.624321 112.718
747 61.4689 15.8422 126.224
748 72.9437 31.9774 0.0537296
749 80.5817 47.2713 0.162895
750 81.7552 40.7153 0.108477
751 82.1777 34.9981 18.8892
752 70.3015 37.0881 -0.0924752
753 61.7281 26.8132 -0.157155
754 83.0718 43.4576 35.4372
755 66.5379 49.1012 25.9607
756 59.109 45.0049 27.8077
757 57.6336 32.9742 24.1136
758 66.8493 16.6891 10.9464
759 67.1744 24.8831 47.6965
760 69.0014 34.3159 38.4684
761 69.7459 43.8489 43.9379
762 56.1146 22.0614 48.0209
763 83.0694 1.09399 84.001
764 82.701 35.3144 66.0229
765 61.0459 51.5198 63.0273
766 66.4086 33.0841 56.4502
767 78.7873 31.7536 67.8383
768 85.0865 31.4013 63.1709
769 86.8949 51.0104 58.1984
770 72.2783 38.9597 45.912
771 88.661 30.6643 63.011
772 89.0618 40.1997 52.7768
773 74.0823 28.9063 92.2736
774 70.2885 38.6368 73.4982
775 69.0179 36.4328 67.5586
776 74.8036 31.8067 73.2949
777 76.4715 27.3617 75.1525
778 79.3775 42.4854 79.1329
779 90.8302 34.269 80.0201
780 59.428 43.4047 61.1469
781 72.0424 35.3761 84.8744
782 79.7719 39.7348 75.2992
783 64.6813 32.0244 88.7835
784 70.7866 35.2917 91.4578
785 67.7784 47.0382 97.9606
786 78.1858 39.8559 81.9014
787 75.0356 29.6763 83.9552
788 66.5257 58.1591 89.6596
789 53.3408 38.3954 91.1877
790 70.2123 24.8965 81.87
791 92.2354 45.8231 103.405
792 44.3752 43.7232 99.6169
793 64.4397 32.0018 91.8148
794 59.4845 21.812 106.307
795 62.0867 37.4148 92.2016
796 61.4293 51.9606 102.511
797 79.1599 17.2632 104.159
798 73.6905 42.9459 111.845
799 63.6331 41.5512 107.653
800 72.0481 55.1335 117.613
801 76.7185 19.8976 111.912
802 76.4009 32.2314 100.401
803 65.7105 41.0536 99.8195
804 57.3958 43.9654 126.283
805 67.2702 26.4694 126.037
806 61.553 23.0834 116.097
807 67.5571 24.9013 119.789
808 61.517 39.1837 114.56
809 88.618 38.3357 126.223
810 84.8747 47.4462 0.217272
811 81.0453 74.1786 0.180598
812 56.0071 54.3062 -0.0916543
813 58.5082 56.1874 7.54822
814 58.042 53.3894 5.75854
815 63.5712 54.3217 7.17773
816 57.8107 55.3779 3.91423
817 92.4632 71.6137 7.61029
818 69.327 57.5024 14.4054
819 72.652 62.1728 13.598
820 88.6532 47.6548 7.99398
821 60.333 53.1337 15.527
822 59.8932 64.239 7.75992
823 61.4313 50.1068 21.9949
824 70.9036 79.6536 16.3622
825 66.1552 62.5914 20.1228
826 68.0609 63.7285 19.0686
827 56.8939 60.0759 26.5293
828 79.0547 59.0015 33.365
829 78.3762 72.4432 30.2785
830 76.7026 68.2736 29.7117
831 86.1303 65.5516 47.6945
832 61.7951 63.8713 49.8482
833 88.1817 46.2733 52.549
834 58.2963 56.9711 29.6979
835 62.7669 58.0068 35.3124
836 82.1171 63.3776 29.6822
837 78.2691 67.2791 44.9438
838 74.5327 63.2464 40.7639
839 70.347 49.4057 80.458
840 60.6604 50.1062 68.012
841 76.4624 77.2661 53.47
842 71.3658 54.7316 80.4266
843 77.2665 56.0848 61.9137
844 73.4043 52.135 80.2122
845 79.979 65.9795 71.6379
846 85.008 42.9275 67.7027
847 69.6166 57.364 55.5507
848 68.8031 70.6544 70.6662
849 63.5487 67.9161 77.9697
850 70.384 45.2322 81.9689
851 80.8448 52.6031 99.9288
852 67.6047 52.7999 93.2848
853 77.5851 64.5607 78.2039
854 65.5878 48.2891 65.9278
855 97.6404 53.7239 79.2
856 65.3229 63.4319 98.8279
857 72.2057 48.8049 82.06
858 77.6459 72.9731 104.72
859 62.706 61.2601 102.697
860 63.2545 70.6845 97.9198
861 67.9747 43.616 116.035
862 62.4724 71.9812 103.614
863 75.4835 41.6418 104.914
864 73.6522 45.7034 104.232
865 76.3625 50.224 105.399
866 66.3324 30.846 81.1709
867 65.0539 68.6316 116.817
868 82.8328 53.9076 120.521
869 75.61 48.9272 115.109
870 90.7925 27.8562 126.301
871 63.5528 65.1917 126.281
872 72.8 66.4215 126.339
873 88.2732 62.2674 115.009
874 81.8879 54.1916 126.542
875 82.6838 55.9405 126.371
876 94.1617 78.6202 0.319622
877 60.4465 73.9715 0.250643
878 80.403 82.6804 -0.11835
879 71.9886 82.2152 0.0558797
880 69.4303 85.78 12.1597
881 61.877 78.3886 -0.197132
882 59.7418 71.3135 0.136115
883 70.0796 74.9404 10.5527
884 62.9456 70.4054 0.117674
885 66.5547 89.1607 7.13041
886 69.7179 82.5475 39.9218
887 61.3407 75.3669 21.0614
888 80.7369 79.8332 26.1139
889 62.4227 83.3101 31.0927
890 76.1481 68.2651 41.0189
891 60.8847 94.2156 20.5522
892 80.8685 88.4579 41.1522
893 58.5579 68.2008 31.3472
894 96.295 85.0564 34.7821
895 68.3387 57.5059 45.7941
896 79.8712 95.3818 35.502
897 76.3142 71.2105 48.5427
898 84.0517 95.3404 15.973
899 84.701 71.7298 48.7925
900 81.1855 89.8351 51.0176
901 69.4311 89.6413 48.113
902 75.2492 82.6563 68.4961
903 70.9056 92.8422 61.9812
904 69.5575 88.9662 51.506
905 82.4659 69.4922 68.8473
906 63.6777 92.582 57.1886
907 89.1618 70.5689 49.9094
908 70.6281 79.1217 73.3447
909 57.8454 94.0253 67.5536
910 73.7905 84.1797 58.4571
911 92.9971 79.1583 79.9798
912 79.7975 78.6786 88.5842
913 74.1875 86.2627 70.5479
914 73.0469 87.7673 61.1034
915 77.597 80.2537 61.769
916 74.6758 71.6334 81.0083
917 44.6521 73.7614 72.2047
918 56.0968 77.6538 95.8558
919 66.5718 76.9455 72.3506
920 68.9807 69.4712 84.8732
921 93.3047 91.3483 83.8235
922 73.7603 80.6072 84.7046
923 61.9092 80.1235 99.058
924 56.1056 80.8161 98.0227
925 54.4557 89.0059 107.817
926 57.83 74.1582 89.7625
927 85.3634 86.7216 99.6737
928 61.1118 87.0489 110.659
929 69.5924 75.5281 106.004
930 59.7239 89.7735 126.336
931 78.027 68.2223 126.255
932 79.1541 70.3829 111.537
933 79.1471 90.9029 113.451
934 66.9002 76.592 126.079
935 60.6179 101.579 116.208
936 62.79 77.061 113.838
937 69.5526 89.5104 121.364
938 86.163 93.8052 22.0157
939 57.3944 99.6766 9.46944
940 61.2111 96.6943 5.5134
941 78.6341 85.6579 0.0676325
942 76.0761 98.8536 31.7565
943 79.5201 112.696 21.515
944 87.8611 112.181 31.7793
945 60.077 104.411 42.0258
946 52.6761 113.271 11.0024
947 58.1755 113.105 18.6529
948 64.7945 98.6554 31.2688
949 64.2907 94.4739 32.5326
950 66.7163 93.1568 27.6362
951 64.8118 112.049 39.6578
952 64.2587 104.178 53.6172
953 78.6043 81.3056 28.3811
954 102.955 101.641 39.0628
955 67.9215 98.8071 48.7141
956 84.1144 93.0657 54.4708
957 103.04 106.207 63.323
958 76.1719 111.899 50.8003
959 73.111 92.5614 51.4999
960 69.8139 91.2099 55.2733
961 64.0666 104.214 70.5595
962 70.7014 97.5728 69.6019
963 59.7336 111.959 44.1027
964 59.4901 81.7008 37.175
965 84.6062 99.7171 57.5385
966 75.5793 96.4035 59.5751
967 63.4037 102.387 51.624
968 88.3264 91.8571 43.1973
969 78.3398 97.9988 78.2706
970 84.3789 82.5436 73.0493
971 59.8802 112.298 72.482
972 70.4441 92.2143 83.7613
973 83.0822 85.1312 80.5954
974 61.8327 111.76 69.5353
975 62.6262 101.37 79.1163
976 65.361 110.566 85.259
977 83.5952 92.3138 77.5686
978 76.6284 100.445 99.6773
979 64.735 107.314 80.4479
980 82.3892 88.1121 101.711
981 84.7015 112.293 96.0944
982 63.124 112.46 86.6239
983 67.8208 112.562 80.6634
984 68.0299 101.808 100.547
985 81.5754 112.44 86.5523
986 80.2887 113.083 112.416
987 73.5023 89.1678 116.7
988 67.2371 98.9545 97.6758
989 86.0825 86.4619 104.667
990 57.5393 89.0416 105.848
991 91.6285 112.308 80.6183
992 73.7289 103.189 111.032
993 67.8261 103.069 111.626
994 56.6071 94.0561 108.178
995 77.8438 102.575 97.1537
996 52.6002 112.379 101.441
997 59.3166 113.111 108.301
998 76.3992 93.0211 126.498
999 59.7612 113.74 119.168
1000 93.6701 103.566 126.441
1001 64.83 101.195 126.456
1002 88.5654 94.1818 126.172
1003 66.9707 97.5478 126.268
1004 80.5583 113.442 117.778
1005 62.4476 100.557 109.71
1006 71.7549 95.0987 114.816
1007 69.6462 100.417 120.79
1008 114.338 20.1958 6.38442
1009 101.551 17.9018 2.77163
1010 89.9449 21.0481 11.1772
1011 107.032 0.146039 2.7454
1012 96.0361 0.244204 0.866397
1013 100.179 16.8545 11.7292
1014 93.7958 20.5184 13.6006
1015 110.012 10.4641 25.7217
1016 102.116 19.6163 12.463
1017 98.2029 1.77838 24.3632
1018 85.7129 18.6172 18.5385
1019 102.599 16.0174 12.6963
1020 94.2247 6.89071 19.4919
1021 88.5683 18.0765 12.9766
1022 99.8161 33.121 30.0967
1023 87.5192 1.61782 42.5274
1024 113.017 9.87946 38.3212
1025 100.696 29.8162 36.7259
1026 93.5631 33.3653 27.1781
1027 108.046 13.9332 39.2138
1028 89.2121 20.2839 44.0685
1029 106.3 15.5915 41.685
1030 102.13 17.9223 48.0717
1031 86.4436 1.76117 55.5851
1032 112.622 5.13154 63.3924
1033 104.516 16.9509 54.7121
1034 112.636 21.3715 50.9832
1035 93.2048 1.19926 42.8058
1036 112.794 27.4553 52.9243
1037 95.0048 1.34031 45.2221
1038 100.633 35.1976 68.0069
1039 89.7358 1.19957 83.5371
1040 112.528 28.002 76.1306
1041 105.533 1.1673 77.7313
1042 104.89 1.03364 73.3505
1043 87.2991 1.22409 67.7773
1044 98.1786 1.31547 72.0675
1045 87.7636 27.2909 69.6305
1046 93.6001 1.38937 86.2298
1047 71.8078 7.31496 98.6063
1048 93.667 18.6464 106.09
1049 109.113 0.970423 90.6397
1050 98.0652 1.3076 85.832
1051 112.621 30.2271 79.7848
1052 102.346 28.3895 82.4748
1053 108.907 13.5592 96.3359
1054 109.494 1.08039 98.557
1055 106.152 9.98315 80.6558
1056 89.2777 19.044 92.2319
1057 112.628 6.73615 88.8147
1058 100.147 7.8005 106.457
1059 97.9344 -0.410875 112.422
1060 101.234 15.7635 91.7121
1061 112.54 2.93427 90.6255
1062 88.4029 8.8746 92.288
1063 93.4655 22.4885 94.5229
1064 93.9999 0.532877 126.249
1065 112.146 1.84765 87.378
1066 98.4964 0.227273 116.339
1067 113.855 5.76062 121.415
1068 112.343 4.62946 126.752
1069 101.95 8.16826 114.072
1070 93.2906 38.7575 0.0470041
1071 78.5186 29.3961 0.160617
1072 95.8632 16.3081 10.3533
1073 98.231 50.2812 15.5066
1074 93.32 46.0535 0.264479
1075 98.4947 47.0344 2.78026
1076 101.441 39.206 0.0282634
1077 98.1507 43.8278 4.80571
1078 114.635 44.274 7.37167
1079 89.8641 39.3843 21.559
1080 84.1311 29.7787 27.792
1081 113.663 42.88 19.9266
1082 67.9037 31.3058 54.5683
1083 112.833 38.7337 43.6063
1084 98.1851 25.0725 28.6437
1085 84.3352 57.0992 27.7184
1086 85.1753 31.0387 40.433
1087 112.804 43.1902 28.3802
1088 106.85 34.5347 43.5208
1089 103.562 20.6891 47.1066
1090 89.4239 35.7004 27.9302
1091 85.1013 26.666 41.4587
1092 104.678 31.694 62.9126
1093 96.3131 39.5778 63.914
1094 101.435 39.0218 59.3386
1095 103.846 41.2892 50.0536
1096 90.0569 46.6116 56.4501
1097 112.774 22.8772 48.2703
1098 112.713 38.833 65.56
1099 103.967 47.9215 47.1159
1100 87.8076 33.0394 61.2065
1101 112.668 29.6459 45.5521
1102 104.443 34.2204 61.1717
1103 112.717 37.1386 71.9908
1104 97.0209 42.0223 70.9957
1105 83.2175 25.2882 79.1785
1106 109.689 38.5825 75.9765
1107 90.0965 42.2059 74.5401
1108 112.795 11.923 69.6208
1109 112.866 39.9106 64.1288
1110 112.786 39.4657 75.254
1111 105.33 36.7015 61.2057
1112 92.943 19.4034 67.0368
1113 112.522 32.4654 58.4911
1114 93.1862 29.187 89.6954
1115 93.784 27.0661 88.0583
1116 112.931 37.0077 99.4494
1117 91.2352 31.8863 90.3538
1118 98.5882 45.5081 79.0837
1119 88.7214 23.7838 93.7179
1120 77.3333 42.6726 98.4998
1121 98.8485 27.4635 90.9502
1122 98.0099 24.581 92.6546
1123 96.4389 43.7088 96.8017
1124 88.7961 18.2201 100.537
1125 113.435 47.7098 108.745
1126 107.494 47.1982 102.928
1127 89.8372 30.3826 115.836
1128 97.9146 28.7209 112.087
1129 100.697 41.1855 109.902
1130 108.079 23.2006 126.141
1131 108.598 31.535 126.021
1132 114.158 36.0072 117.531
1133 114.025 39.1185 119.25
1134 102.19 33.3906 126.285
1135 102.073 35.6733 119.586
1136 85.0119 45.4132 116.127
1137 109.266 64.3622 7.14487
1138 114.48 52.0715 4.86002
1139 96.1447 50.2044 0.462577
1140 114.466 47.8241 18.2114
1141 112.98 67.0352 30.3408
1142 112.49 72.9229 37.9814
1143 103.624 60.9149 26.5078
1144 90.1954 60.3496 19.4031
1145 92.0738 54.5889 14.9152
1146 113.2 50.0766 25.3227
1147 113.352 64.5214 23.9895
1148 97.7351 64.9521 17.6908
1149 95.5155 70.1986 0.263065
1150 88.2568 66.8991 35.1311
1151 113.492 61.6402 21.6052
1152 99.062 56.3613 42.124
1153 93.7889 43.8273 35.2936
1154 93.553 67.9273 43.0193
1155 102.317 56.671 29.9186
1156 100.317 58.0598 48.6747
1157 112.76 48.8226 42.1942
1158 112.619 75.3507 41.671
1159 95.1564 59.4624 50.9355
1160 112.402 63.588 70.3951
1161 112.26 52.451 62.9645
1162 98.7331 64.798 60.9983
1163 86.3549 55.8151 63.0718
1164 96.6059 62.571 53.5259
1165 112.572 60.0283 55.3913
1166 83.922 68.1037 46.7584
1167 112.024 62.5343 59.3256
1168 80.6075 73.7895 58.1664
1169 89.5982 66.6938 56.1711
1170 111.957 66.8054 66.682
1171 99.2838 59.1661 77.4197
1172 112.378 55.5761 59.0036
1173 94.2955 62.5219 65.9385
1174 105.615 67.2491 76.0925
1175 86.6366 66.0506 76.5468
1176 108.117 72.7737 68.656
1177 110.01 72.4731 79.0483
1178 93.3891 64.5681 75.2337
1179 98.6328 45.3746 62.3695
1180 101.825 44.5442 55.7234
1181 112.814 41.8332 59.4519
1182 112.532 48.845 87.1826
1183 112.544 44.3976 82.6684
1184 89.4455 59.664 93.1662
1185 99.4419 53.4815 104.243
1186 96.3406 51.1175 85.7915
1187 112.856 66.4392 93.5414
1188 112.926 52.9693 111.451
1189 112.799 52.4111 101.987
1190 98.6696 56.1996 105.695
1191 105.777 72.5888 87.4048
1192 95.4688 53.8456 97.9011
1193 94.3811 53.7296 96.1437
1194 98.4755 42.2949 94.2821
1195 112.736 41.4422 95.5498
1196 95.2972 54.4076 108.058
1197 93.7687 61.5385 111.291
1198 102.012 58.4522 111.077
1199 95.2968 60.5071 101.117
1200 86.6701 51.3877 111.933
1201 95.8222 66.3695 117.75
1202 96.087 51.1269 126.459
1203 109.002 59.4161 126.329
1204 110.464 68.2948 113.738
1205 101.788 50.2463 116.78
1206 112.677 65.339 126.179
1207 91.2098 91.1934 0.215561
1208 82.3332 78.6405 0.141141
1209 91.6164 90.7472 9.77017
1210 114.386 80.6026 12.729
1211 84.4834 91.9641 18.8767
1212 110.027 91.919 6.7646
1213 94.1115 74.925 0.310438
1214 85.6813 71.1119 11.3588
1215 92.3769 82.086 0.0956782
1216 98.1431 96.1401 0.380165
1217 114.263 92.5271 12.6532
1218 112.929 69.101 25.6341
1219 83.6476 63.7136 15.6922
1220 91.3725 82.2706 23.2333
1221 106.12 91.7108 19.3638
1222 112.96 79.6653 26.2941
1223 74.9528 95.7218 22.674
1224 82.109 92.4446 13.0264
1225 99.9899 79.1431 20.3985
1226 96.7877 67.8512 35.3373
1227 112.536 103.338 45.7191
1228 101.671 62.7947 57.3575
1229 90.3829 81.911 45.9637
1230 100.5 81.6075 38.5587
1231 81.3817 58.6131 42.8195
1232 112.51 82.73 42.4386
1233 91.0212 87.2561 44.7426
1234 97.9841 78.5447 41.5066
1235 95.8842 72.6788 46.0416
1236 88.7508 92.8985 63.1724
1237 87.9737 77.3511 47.9482
1238 112.297 82.6704 53.6994
1239 92.3883 78.1439 45.9319
1240 96.1919 94.0466 72.7154
1241 106.325 78.1973 66.8051
1242 90.7494 66.9372 73.5592
1243 104.037 80.5088 69.7682
1244 94.1396 72.3013 64.6004
1245 112.524 90.6306 76.2456
1246 112.263 70.65 76.4372
1247 112.83 80.0576 88.6456
1248 106.95 77.118 73.3212
1249 112.572 85.233 82.8685
1250 94.965 75.3105 80.343
1251 98.0791 74.1812 98.9199
1252 90.9626 78.2018 89.6425
1253 112.893 75.6866 97.4651
1254 84.3627 75.2457 83.8831
1255 112.41 70.8659 90.1085
1256 112.811 85.0987 88.4543
1257 89.6206 73.5326 96.0911
1258 113.371 75.995 105.983
1259 87.7255 78.0267 106.312
1260 105.285 72.93 102.431
1261 113.022 83.5055 101.438
1262 95.9329 72.0042 111.067
1263 96.817 68.4293 103.501
1264 88.4647 82.9295 95.9648
1265 113.31 80.2476 105.126
1266 108.62 74.0995 114.416
1267 87.7761 68.5093 126.296
1268 114.151 71.134 117.554
1269 91.7007 68.6308 126.202
1270 106.281 82.3636 126.483
1271 114.149 83.2992 117.688
1272 95.9595 79.3461 123.501
1273 84.383 85.0574 115.019
1274 114.076 92.4037 120.65
1275 90.2526 72.0222 114.074
1276 110.924 84.4205 114.002
1277 90.2022 82.7017 126.286
1278 81.193 73.397 126.334
1279 96.2696 78.6878 111.308
1280 104.45 65.859 126.19
1281 114.461 95.1223 23.2417
1282 101.039 113.351 19.0323
1283 108.774 113.588 13.0391
1284 114.436 92.3626 10.1365
1285 91.9479 106.593 15.4001
1286 106.634 94.361 34.1155
1287 112.169 109.338 19.6754
1288 88.1842 104.757 31.6454
1289 112.499 102.543 33.3699
1290 90.8134 99.0707 30.4491
1291 99.0064 103.383 25.9758
1292 88.021 112.024 37.1552
1293 112.626 91.9071 29.5323
1294 111.2 111.865 37.5305
1295 94.8248 112.172 38.9392
1296 94.3474 98.0207 25.0443
1297 87.7507 111.947 39.8768
1298 104.683 112.309 47.3555
1299 107.729 96.3049 48.2282
1300 112.611 96.205 37.3971
1301 96.6369 89.5451 36.5497
1302 80.4985 99.9008 37.6192
1303 112.432 107.859 56.1704
1304 112.09 89.4495 50.9623
1305 107.389 111.989 51.4204
1306 92.8096 112.097 52.7535
1307 100.73 92.4159 60.5149
1308 95.6893 97.6427 62.3186
1309 112.586 102.958 76.2745
1310 95.4826 88.634 75.3041
1311 94.5637 85.195 78.3095
1312 103.026 85.9835 54.6347
1313 108.698 112.212 64.3512
1314 84.4652 111.666 73.6985
1315 112.687 93.3361 77.2299
1316 95.4758 88.6443 78.3448
1317 104.044 112.054 95.8189
1318 108.543 112.041 82.4199
1319 103.253 99.2067 83.1416
1320 95.33 97.0537 99.5969
1321 112.77 91.7356 82.949
1322 97.3522 87.323 79.1303
1323 112.816 89.601 84.6703
1324 99.2542 112.667 94.7797
1325 83.7361 87.629 86.8907
1326 114.057 92.9126 116.095
1327 91.8766 97.4696 104.403
1328 98.5267 86.9136 117.732
1329 113.352 92.4438 102.71
1330 95.588 94.8073 106.972
1331 80.7344 112.36 101.664
1332 95.867 112.548 100.417
1333 97.9951 108.543 110.473
1334 106.007 100.547 116.046
1335 97.9435 89.9053 111.127
1336 113.829 103.852 124.509
1337 114.356 97.443 115.46
1338 112.646 113.611 123.329
1339 92.9565 110.747 117.145
1340 113.958 104.559 117.87
1341 90.2096 100.069 106.758
