0 11.2207 13.3835 -0.761166
1 2.78476 0.0561951 10.0132
2 -0.640337 36.2994 21.8914
3 18.548 -0.10044 9.72039
4 25.6662 -0.239793 1.10871
5 7.84911 12.7572 -0.281551
6 -0.511954 13.1346 10.8055
7 11.9084 8.89745 6.83291
8 11.1612 2.02142 -0.317316
9 -0.677519 15.5187 1.93727
10 0.149858 15.0558 32.0989
11 21.683 10.095 19.2147
12 18.1283 10.2636 21.3362
13 11.9973 0.0542202 27.1426
14 15.0662 0.438594 23.3299
15 17.7373 7.8792 20.942
16 0.258389 20.4177 44.2946
17 29.3777 0.291415 34.7539
18 0.384859 11.6117 38.9797
19 21.4411 12.6379 25.6068
20 19.1271 0.649203 48.9134
21 0.0277103 2.53332 40.791
22 19.8613 9.06633 41.5059
23 14.2518 13.0961 41.0854
24 -0.0746736 29.0316 31.8799
25 30.5833 9.7873 57.2401
26 10.8174 12.6187 53.507
27 13.6828 13.0989 51.914
28 27.8494 26.6834 49.0472
29 23.1098 10.051 65.383
30 0.256876 16.3292 51.2192
31 19.0862 0.749697 57.0813
32 25.9185 7.20932 37.3823
33 22.3215 15.8872 41.6004
34 -0.371968 9.36734 76.8561
35 27.0423 12.2155 74.1772
36 21.5696 12.3883 72.7322
37 21.1131 15.6423 52.926
38 9.93322 0.209858 63.1775
39 20.9136 -0.454538 65.9019
40 26.1224 0.398517 60.8689
41 19.2796 21.8248 83.4143
42 21.5774 15.1868 88.2008
43 22.5398 0.565515 69.8236
44 13.7338 -0.134898 73.3947
45 7.51625 -0.1224 78.3731
46 11.8891 14.7425 73.5194
47 -0.439429 6.11572 87.8
48 25.1621 19.6644 75.4717
49 29.7289 20.6364 110.021
50 21.054 4.33435 106.013
51 15.2027 19.1726 100.294
52 18.0642 34.8523 92.3703
53 22.0574 -0.273968 98.1682
54 26.179 4.79739 99.8059
55 19.4299 6.81435 96.9595
56 14.4874 5.03489 89.2888
57 9.2396 22.6785 105.582
58 9.7183 0.21542 95.7824
59 13.1891 11.8774 93.2841
60 7.24797 4.19183 106.024
61 14.1409 0.270837 115.751
62 33.2342 16.1781 118.004
63 16.5898 9.19368 117.526
64 2.48555 0.147217 115.234
65 5.76311 5.11002 109.863
66 21.4677 44.7109 6.81062
67 22.1607 30.6911 16.0097
68 30.1706 39.4466 11.3251
69 -0.647554 45.592 12.0058
70 27.8999 22.6233 12.2931
71 6.94716 57.3189 -0.0408418
72 27.3126 37.1615 -0.0628974
73 8.37819 45.9074 0.0336879
74 19.5558 42.1958 29.1328
75 -0.33807 21.8438 24.1002
76 12.4062 24.393 22.2608
77 3.88784 29.4743 11.8871
78 6.65049 30.485 46.7881
79 -0.777795 36.5345 4.613
80 13.7577 33.4423 38.6643
81 -0.0983061 48.0186 32.1386
82 19.9334 46.8824 41.5631
83 12.0722 43.1052 44.7953
84 29.4845 39.5983 20.4915
85 0.0708135 45.354 40.8324
86 24.6151 40.8497 46.6828
87 19.7049 32.6316 44.9086
88 15.6642 45.556 42.5136
89 -0.390825 34.1973 61.7609
90 26.0948 38.8838 53.2109
91 18.9451 28.5516 62.1418
92 9.81553 36.1509 65.2336
93 6.29605 19.7746 43.594
94 -0.0285499 22.7372 56.4201
95 25.7074 28.5006 68.5255
96 9.47003 49.9489 73.0239
97 15.8459 29.7101 44.1159
98 11.4565 32.9057 52.989
99 9.87492 26.5999 59.6764
100 16.6364 22.8429 71.7449
101 27.7316 28.7798 65.7062
102 -0.0866621 24.5146 71.7834
103 16.6027 48.1776 63.1881
104 27.2066 35.3267 53.972
105 -0.524953 32.0228 80.2208
106 24.4526 38.6477 59.2633
107 18.3613 30.8964 81.3673
108 27.0862 21.6595 72.6911
109 22.3312 16.3731 70.2872
110 15.3111 28.0588 86.7047
111 -0.567813 34.1609 83.7346
112 22.8628 38.0695 94.1626
113 -0.693214 43.5 94.6572
114 22.7541 26.1693 104.996
115 11.5651 26.7127 97.7609
116 27.2203 39.518 89.0703
117 17.3184 49.0375 91.7947
118 7.71746 35.6662 76.2486
119 28.977 48.4379 104.338
120 19.8671 26.7761 105.905
121 15.8037 50.7065 94.9408
122 23.2829 47.6604 100.358
123 8.86773 42.6941 91.339
124 4.08161 33.7716 93.3261
125 25.1523 36.8143 117.91
126 29.4076 40.6861 118.121
127 9.40669 41.6405 104.833
128 7.31816 34.6025 101.861
129 13.1248 44.6192 104.931
130 10.0657 34.6525 118.005
131 13.1285 43.8557 117.944
132 33.1902 27.4504 102.191
133 21.9312 40.0795 102.64
134 17.5267 69.4397 6.71225
135 2.1237 63.0464 -0.215717
136 33.8434 68.4127 2.05338
137 17.671 54.1151 12.1949
138 5.39631 59.5715 8.60608
139 -0.367515 82.7386 7.8549
140 19.5805 55.4615 11.3863
141 21.6655 53.9691 25.514
142 -0.175441 62.3483 26.7138
143 19.2431 58.6647 26.3673
144 33.5263 47.2518 17.8983
145 0.0955586 66.1538 32.9101
146 27.5709 75.0001 12.6826
147 23.268 64.9299 30.9352
148 10.1424 39.7263 41.9523
149 22.3123 59.9056 31.9001
150 29.3208 59.8899 41.3095
151 8.93824 56.8923 39.9064
152 8.42134 52.0342 35.1987
153 24.0676 63.7269 52.5817
154 24.0521 52.9305 31.0583
155 11.3619 56.2439 43.8646
156 14.0651 43.8967 43.8656
157 5.24667 63.6861 29.3646
158 14.0657 52.2576 34.5289
159 12.4016 60.0756 41.4903
160 25.8038 49.2907 50.1902
161 19.5197 59.5235 71.3634
162 16.2129 61.1185 54.4545
163 11.6298 40.5521 48.458
164 20.2348 58.7294 45.7285
165 16.1115 56.0499 45.0165
166 18.6138 62.4748 53.667
167 -0.661967 55.1151 78.6257
168 14.5541 51.636 70.6902
169 8.07114 60.1641 67.4374
170 17.3999 57.6027 69.7847
171 34.3169 56.3553 57.0894
172 14.2111 69.6986 72.0141
173 23.8832 54.6084 83.2628
174 14.3455 60.7789 81.5977
175 -0.536023 66.2828 89.7613
176 13.5104 62.3153 84.7963
177 19.5397 59.4603 74.0834
178 34.9255 44.8864 79.0035
179 18.978 56.6838 72.8226
180 -0.592607 43.6419 84.7851
181 -1.00995 57.4404 102.661
182 12.5211 50.0644 99.0879
183 23.2926 47.6803 97.756
184 17.1733 61.0377 103.049
185 21.6045 61.2563 87.6885
186 4.93963 56.3343 111.622
187 7.43405 70.6395 101.683
188 -0.823132 63.9643 96.5367
189 3.73388 66.7039 110.176
190 10.8141 44.8796 111.757
191 0.901979 67.8726 118.352
192 12.8728 58.4531 117.662
193 14.703 68.2593 118.126
194 -0.762248 59.9592 110.856
195 10.1367 56.0486 117.759
196 20.9769 50.591 110.614
197 33.4828 55.586 102.529
198 22.1307 62.7952 117.941
199 12.904 70.921 8.58058
200 6.98189 81.4322 8.47582
201 30.4775 93.229 7.96242
202 15.249 71.9787 7.5905
203 24.2387 75.9481 5.80439
204 18.288 84.3169 7.76951
205 2.74623 76.551 -0.804253
206 23.9571 80.0667 -0.731408
207 5.61289 71.9563 -0.0415502
208 16.1475 73.8451 -0.0643529
209 11.4441 83.1495 19.4653
210 23.8841 81.5377 23.1909
211 28.8578 96.2416 36.732
212 31.5288 95.0258 18.6953
213 31.7954 65.5278 16.9434
214 26.2127 85.6238 23.2469
215 17.6533 62.5128 14.2836
216 1.50053 86.1664 -0.914591
217 15.5244 73.5366 23.9698
218 24.0406 81.3559 33.7527
219 -0.379572 75.8241 15.8421
220 8.78356 73.1479 32.9695
221 19.2867 86.0121 39.6171
222 21.5626 80.7271 44.4816
223 13.5741 77.4175 26.6747
224 13.9996 82.7127 37.9443
225 19.1726 92.5991 33.7157
226 23.9127 72.0634 46.0451
227 4.18458 93.2884 40.799
228 18.0279 65.0587 51.5509
229 3.92968 69.9918 57.9221
230 33.1838 91.4149 45.3452
231 24.4675 68.3483 41.499
232 -0.196812 93.5562 58.8563
233 11.0959 76.3843 53.8149
234 16.5412 73.0897 53.8008
235 16.9956 82.1168 46.8051
236 9.84966 65.3659 51.0026
237 15.9172 70.0399 49.9643
238 0.0423888 80.5604 49.5304
239 -0.203274 69.289 58.0269
240 15.7541 74.7301 56.9578
241 25.721 69.3436 71.7906
242 9.60064 61.3656 64.5282
243 14.5361 72.6874 58.0846
244 25.6349 96.3398 72.3682
245 -0.547306 78.9269 69.1025
246 36.4172 87.2163 44.0332
247 15.7286 81.3692 72.9728
248 31.688 100.126 77.2093
249 9.99524 83.4108 53.3085
250 29.629 78.0441 77.9924
251 17.2679 80.7412 65.3603
252 30.3112 70.357 80.5448
253 13.4479 85.7147 85.1788
254 9.69321 71.6323 72.7546
255 17.0129 80.8697 83.0288
256 20.133 87.6456 70.4558
257 31.462 75.6173 79.8772
258 33.1344 89.4387 98.5092
259 -0.568256 76.3786 86.5505
260 -0.409139 71.9141 66.5201
261 13.2609 97.0499 81.5595
262 -0.4949 87.97 78.0073
263 9.20974 67.0166 98.8091
264 16.426 83.5142 99.1313
265 -0.84698 75.4092 95.3051
266 23.575 70.636 99.1753
267 -0.402114 73.7268 82.4485
268 35.2083 84.5496 96.0337
269 15.1534 82.3108 82.274
270 21.3416 92.5483 92.9472
271 5.97586 83.8266 117.805
272 16.8696 70.8914 109.221
273 2.56147 70.8448 118.593
274 -1.1909 82.7544 108.292
275 23.7826 69.1554 104.259
276 31.3694 81.8374 103.495
277 26.8785 91.4452 118.733
278 24.3304 113.238 1.30759
279 16.43 101.685 2.64588
280 9.90979 99.9673 -0.0113635
281 13.6462 99.9857 14.9318
282 17.604 113.702 10.2285
283 2.73323 97.6836 -0.601264
284 22.1682 86.6565 21.4094
285 -0.347045 94.888 15.374
286 12.5242 112.944 21.9023
287 10.6835 101.681 32.1161
288 15.0632 113.599 36.2465
289 0.428588 107.58 51.2102
290 -0.715693 108.78 8.30406
291 22.0556 113.152 23.3022
292 0.0668904 87.5955 39.3134
293 17.6346 105.02 18.9566
294 21.696 95.649 17.8199
295 16.4877 113.442 13.9572
296 20.7014 112.991 26.8918
297 15.9771 113.115 25.7327
298 40.424 112.722 42.023
299 22.6293 91.119 20.278
300 23.7706 113.575 18.0779
301 6.08635 112.597 36.4092
302 7.41081 106.08 41.7739
303 6.18508 112.816 44.3424
304 8.28099 112.963 39.0134
305 24.9398 91.5999 34.8005
306 13.4532 112.687 29.7149
307 17.6864 99.7651 33.043
308 25.7929 112.836 33.9314
309 31.7906 93.9877 39.9915
310 7.7265 101.451 42.4201
311 13.1883 94.3052 44.3369
312 25.7249 112.708 46.6071
313 22.2024 112.977 33.7911
314 15.588 84.6524 62.654
315 -0.388757 106.59 74.5416
316 0.130787 105.118 52.6126
317 -0.164215 111.073 71.17
318 -0.106675 91.5253 60.3593
319 13.4715 112.879 53.637
320 21.8713 103.992 74.3933
321 19.63 113.346 90.7837
322 29.7511 113.599 75.5238
323 20.6801 113.037 76.4721
324 5.78706 106.445 75.112
325 9.47796 86.3107 77.0547
326 -0.539939 107.802 82.3422
327 1.69377 113.929 93.2137
328 26.8548 96.0214 90.0814
329 31.921 113.57 97.0914
330 33.907 100.587 89.1635
331 3.46531 113.432 80.4377
332 20.556 101.675 90.6813
333 -0.776595 106.796 105.149
334 9.92707 104.834 97.8397
335 24.5327 113.121 102.187
336 8.71706 113.436 106.879
337 22.6173 114.095 82.8848
338 25.3669 113.534 113.453
339 24.7188 100.986 117.982
340 -0.859041 104.292 112.127
341 7.61021 92.1502 101.806
342 1.62481 114.248 108.386
343 39.6777 13.0126 9.44338
344 20.1705 6.17723 13.4549
345 35.6987 12.4205 7.51613
346 41.1054 17.922 -0.0830328
347 51.4668 -0.114843 3.75882
348 37.5934 14.103 8.79625
349 35.9273 12.0643 0.09802
350 33.4544 15.0265 10.8156
351 34.8847 18.6952 8.89801
352 29.6175 9.49462 24.9203
353 53.9533 12.0321 23.4257
354 38.2636 0.361815 15.3052
355 52.0071 0.022508 21.7372
356 37.9423 0.297112 24.3721
357 44.7074 25.1115 28.1807
358 23.205 23.2823 22.9354
359 57.2444 24.8318 27.4752
360 39.8313 11.7922 29.0949
361 51.0414 7.77394 38.0552
362 43.0298 24.3028 50.0845
363 40.9904 18.1358 38.2506
364 51.7278 13.0699 43.6053
365 43.085 0.876758 46.4977
366 34.0458 22.1604 52.5048
367 34.6126 15.1943 46.6997
368 58.0553 10.9617 60.6605
369 34.4306 0.523605 65.1517
370 34.5243 15.1384 39.0254
371 39.093 10.4738 42.5002
372 29.6559 19.3741 62.5671
373 57.472 -0.27268 68.513
374 37.6478 9.42324 59.2822
375 61.7117 26.9185 72.2965
376 36.2879 4.41453 72.7488
377 27.6435 5.64783 66.9592
378 51.1424 10.019 86.6754
379 39.211 25.8192 79.1543
380 40.5327 6.00887 93.8461
381 54.3716 0.152064 77.4138
382 37.569 23.9589 77.0011
383 50.2727 4.38529 86.5815
384 39.66 20.0369 79.9067
385 39.6185 -0.284421 89.1207
386 19.6081 0.13648 73.7709
387 58.1154 -0.264805 103.365
388 38.5149 0.0178147 93.5359
389 44.2702 22.5245 89.707
390 45.5683 21.552 98.8327
391 51.3825 23.0851 92.8406
392 45.5078 19.856 100.222
393 53.4005 15.7642 118.038
394 27.0177 12.6089 117.872
395 45.3099 25.1143 108.877
396 53.4307 26.2763 103.278
397 33.9009 1.76827 118.412
398 46.5502 2.11502 118.807
399 47.3375 11.6466 98.7112
400 56.4495 10.4846 117.968
401 46.1615 23.3243 113.869
402 34.03 29.8146 -0.164418
403 31.8599 42.8591 13.5065
404 32.7409 45.7986 -0.0988938
405 54.5516 35.8954 0.244355
406 55.7625 40.1094 -0.00656167
407 37.618 31.3077 16.4739
408 31.6163 41.4667 4.0327
409 46.5863 32.9978 14.164
410 32.4538 31.9843 -0.161226
411 59.6478 50.7989 0.126604
412 43.7229 47.904 4.7316
413 40.7767 48.2258 6.01331
414 39.2107 34.5231 27.502
415 37.6706 42.2348 26.6059
416 56.1806 51.8931 35.2435
417 40.5006 52.8195 17.6686
418 33.8847 38.2935 24.3269
419 42.2165 26.3945 14.93
420 36.8423 59.448 16.9959
421 39.5247 26.8177 25.2516
422 25.6062 38.3507 29.7837
423 46.327 26.6064 27.5194
424 46.2327 44.9667 34.5172
425 28.1292 38.4846 27.7205
426 51.2507 33.5846 37.8909
427 63.3418 18.7817 42.3104
428 30.3995 30.4354 20.6593
429 44.7679 34.6702 34.3368
430 29.6653 29.0254 34.356
431 59.256 22.343 41.459
432 26.9683 35.4927 30.7559
433 48.1004 21.2237 39.82
434 36.6712 29.3015 58.1569
435 36.9453 25.0551 48.853
436 42.782 37.4296 62.9085
437 37.2649 38.6135 48.4113
438 57.5369 40.0433 57.1923
439 43.926 32.6107 67.7917
440 55.6719 52.65 50.2076
441 38.5978 28.7477 64.8954
442 47.6509 10.9065 68.4679
443 35.6477 41.567 64.1382
444 25.796 26.247 77.6117
445 37.6992 30.3428 82.706
446 32.794 27.3138 65.5119
447 46.6544 35.1246 67.0997
448 45.5742 24.0282 82.2637
449 48.2998 36.6603 69.4146
450 50.0456 34.4092 66.8172
451 41.6126 35.3366 58.1204
452 31.3447 48.4169 74.5464
453 52.2835 36.102 63.395
454 29.3279 40.1239 70.2448
455 49.4706 34.9558 60.9812
456 23.7617 60.2327 80.6482
457 50.7435 32.755 99.7291
458 35.6835 29.1366 75.6742
459 31.707 50.6654 80.2446
460 53.5065 46.5874 83.3681
461 47.1486 47.1734 77.3439
462 66.7617 32.959 82.0768
463 50.8679 48.939 85.0052
464 66.712 35.1531 82.8587
465 29.6277 37.2692 82.766
466 55.6147 26.0163 100.734
467 35.4081 24.285 109.636
468 56.5952 36.4938 84.8154
469 43.1528 39.569 101.456
470 22.2695 49.3385 103.326
471 63.7662 34.2855 114.545
472 43.3049 31.3859 109.352
473 45.2828 39.2171 106.21
474 29.5254 26.5536 118.122
475 45.4503 26.5418 118.036
476 42.0462 35.2457 118.274
477 45.2435 39.0919 103.813
478 48.3501 31.2289 117.988
479 38.0184 56.1509 118.34
480 34.5544 63.2104 -0.199421
481 40.0098 59.3522 16.7744
482 56.3097 67.1636 3.11714
483 45.6879 44.2061 17.1559
484 23.0481 53.6359 21.7598
485 27.7274 38.4151 19.1704
486 41.405 71.8615 24.9208
487 34.098 63.3264 17.7968
488 60.3089 49.9582 31.824
489 42.2587 62.9186 27.5026
490 39.8485 66.2004 24.424
491 35.6748 65.0396 27.6078
492 43.592 57.8775 38.6821
493 44.8167 43.4752 47.6698
494 69.4078 63.6557 29.1068
495 36.2012 66.4109 22.2522
496 55.6198 59.1335 45.1725
497 30.5381 71.9506 49.594
498 49.5291 62.9527 44.7841
499 37.8126 63.0455 47.6759
500 51.1271 42.5261 62.3203
501 29.6067 55.5947 45.149
502 50.1872 67.8854 45.7754
503 49.9342 48.691 61.4506
504 28.528 61.5511 57.325
505 49.6816 60.8667 62.4597
506 64.4205 59.2997 59.0517
507 59.6258 75.462 69.8716
508 35.7156 52.1357 74.4519
509 33.9722 64.2716 54.7252
510 42.064 42.7555 70.4691
511 36.3554 53.2156 57.3189
512 51.7904 60.4111 65.3594
513 17.1046 62.2762 60.7641
514 51.2251 63.3431 90.8681
515 36.8363 48.3519 81.3817
516 47.0806 61.1383 82.5166
517 33.4754 69.8837 86.6654
518 34.1298 67.6831 89.3429
519 45.5393 59.2873 79.3669
520 47.9573 56.9388 73.676
521 31.3462 54.3681 97.8769
522 39.3353 64.9787 80.5206
523 55.3457 84.602 75.8575
524 42.4438 53.8996 89.7941
525 50.2584 58.2627 96.0058
526 39.0912 54.2307 110.357
527 40.4227 55.2012 101.637
528 37.2032 50.8355 82.3546
529 29.4254 52.2649 91.9459
530 45.2856 57.5066 92.6579
531 27.1789 64.7329 118.315
532 29.2889 65.0077 107.892
533 63.1649 48.9529 97.7488
534 39.21 54.1712 112.884
535 41.5483 61.4577 115.652
536 62.1853 61.1855 112.872
537 37.8894 71.6385 -0.042079
538 47.1272 84.5133 0.042764
539 28.0859 71.3385 19.318
540 51.1236 63.4077 -0.150653
541 42.6521 95.9386 14.0857
542 28.3144 80.9425 -0.14117
543 31.5131 71.6399 -0.356557
544 46.3038 80.8625 34.4507
545 36.6254 91.6074 29.4308
546 57.1739 89.0575 33.5271
547 47.782 86.9242 14.2798
548 37.991 71.9063 17.7433
549 50.1106 81.2124 16.2978
550 47.4693 81.4492 8.48577
551 58.032 90.327 22.1886
552 39.7076 68.9153 19.5753
553 40.0143 65.9206 48.1115
554 49.7738 89.9452 27.2739
555 57.4542 74.7688 46.7099
556 33.8922 70.9528 28.4437
557 43.6895 93.4395 37.3815
558 47.6837 75.5491 29.9961
559 51.1617 76.9893 33.1542
560 29.7842 79.02 48.6636
561 49.8698 80.8265 39.1961
562 53.3967 76.1024 34.4238
563 51.8854 88.099 26.2833
564 35.7613 52.6589 39.6718
565 44.2817 64.9251 37.8974
566 36.0442 90.0311 45.3873
567 54.9332 86.0228 49.8795
568 41.6141 93.8097 61.3711
569 43.1192 77.2665 59.8909
570 57.8454 73.562 50.3132
571 36.2201 77.2968 45.0268
572 44.15 64.7248 48.5075
573 46.6736 70.0925 59.895
574 56.6356 61.5396 44.1911
575 33.8972 69.095 50.7847
576 32.9193 70.7224 47.7822
577 25.5718 85.5245 56.6237
578 30.943 71.8253 46.8063
579 45.6988 61.2256 64.7556
580 63.7804 83.5028 63.6523
581 40.37 78.1927 74.589
582 36.3319 89.6121 80.7812
583 44.315 71.0933 50.6988
584 27.5179 92.2976 72.8739
585 40.7551 75.5085 73.0146
586 39.1326 92.8528 75.6016
587 44.119 87.4187 88.0061
588 31.1975 84.3433 94.035
589 34.9749 85.8899 90.7764
590 51.8748 71.6514 95.1248
591 57.7148 73.5067 78.9696
592 39.2595 86.5 73.8761
593 64.0412 82.5665 95.9977
594 27.7152 79.4651 79.6215
595 23.2002 80.0989 89.2939
596 57.3729 77.4331 89.0608
597 31.8988 75.6948 103.618
598 36.8931 62.251 99.0089
599 52.2989 84.9544 91.7674
600 40.6698 82.9759 96.5458
601 58.1781 84.3231 100.982
602 56.1999 73.2191 85.1892
603 61.3798 95.3934 101.094
604 57.2449 71.6414 95.1969
605 35.687 82.4064 95.7965
606 55.2195 92.8688 100.997
607 38.4969 74.581 94.547
608 42.7161 67.5952 104.538
609 30.0684 88.9557 102.693
610 47.3792 85.7023 113.083
611 59.2395 75.7071 118.136
612 49.6593 83.702 117.887
613 27.9053 68.6232 108.495
614 43.4249 88.2475 113.861
615 50.2535 77.3197 118.361
616 38.1898 104.853 -0.412854
617 44.7958 113.237 1.19716
618 57.1233 113.418 1.28345
619 28.79 111.037 8.21578
620 52.1067 113.622 2.62303
621 37.7451 109.079 11.0752
622 54.8763 105.144 19.9181
623 34.953 98.1784 12.3166
624 49.0764 90.05 13.4214
625 39.0977 112.498 0.140791
626 47.5156 103.174 19.3639
627 35.713 113.157 20.8665
628 34.6342 102.94 14.2739
629 38.8969 102.683 21.87
630 29.3704 107.714 27.6001
631 28.4956 96.7277 15.5556
632 24.4833 105.55 32.4452
633 33.8579 113.26 28.8024
634 49.7256 89.4631 30.277
635 37.7544 103.115 27.9221
636 49.7094 112.919 41.6588
637 36.1388 92.3974 43.6021
638 49.7722 113.254 38.8501
639 38.3041 97.1228 35.321
640 56.1966 102.134 54.7888
641 52.2242 107.278 45.7399
642 59.2115 101.52 55.6237
643 35.4848 113.276 46.4531
644 43.5257 93.329 53.2048
645 52.079 112.974 44.3296
646 44.9169 112.76 45.4809
647 55.5109 89.9568 48.3352
648 29.9167 112.7 52.0338
649 25.5014 113.171 70.0595
650 48.006 113.434 72.6487
651 30.0427 113.203 59.521
652 49.7363 103.423 74.7381
653 49.6096 112.782 56.9039
654 32.2531 103.859 58.4036
655 38.1037 108.577 68.5486
656 65.546 105.976 64.7879
657 23.8249 91.4598 76.12
658 46.1791 95.7855 87.3683
659 40.2229 97.0131 71.1219
660 23.4405 93.8204 84.2621
661 37.6958 99.8824 88.2999
662 29.3471 113.556 82.7624
663 37.3801 113.298 77.9385
664 43.1288 103.189 92.6329
665 37.5215 104.676 87.0082
666 47.5551 113.408 80.4254
667 37.4468 94.8777 73.0987
668 45.4244 99.4672 93.1094
669 35.4221 105.585 80.8771
670 54.0979 84.4258 70.3664
671 31.434 99.1637 75.5327
672 32.8122 94.5295 93.0317
673 53.2342 113.402 85.3128
674 37.5853 92.9196 110.75
675 37.909 113.706 106.117
676 54.3954 102.573 94.3571
677 32.5623 113.388 99.5314
678 57.6695 113.511 93.3359
679 41.264 111.754 117.396
680 45.0847 92.7676 118.162
681 52.6519 94.7111 103.381
682 47.5335 112.586 118.657
683 37.411 93.1988 117.958
684 48.9872 113.259 114.44
685 33.4278 113.895 103.671
686 25.2489 113.659 103.717
687 35.5206 113.477 115.82
688 51.6777 103.305 115.7
689 53.1787 99.7448 118.375
690 53.4034 113.514 108.38
691 66.2615 9.02618 -0.0184502
692 62.6718 14.6087 0.246266
693 82.985 5.06469 9.15934
694 78.0561 20.8802 13.9276
695 64.9998 18.1188 -0.234678
696 57.47 24.9741 17.9042
697 80.1758 -0.112044 13.9588
698 53.8146 23.1066 25.1877
699 50.4301 23.4172 13.1222
700 64.0658 0.378757 24.2912
701 77.8424 9.89669 19.898
702 75.7556 0.155471 22.0868
703 59.6451 17.0193 24.3099
704 70.1518 10.7723 24.188
705 66.6687 4.82276 13.9921
706 69.7275 9.58095 49.2895
707 61.7215 0.799409 39.7626
708 80.1989 15.6107 42.5924
709 77.6606 25.7887 39.1647
710 62.2716 16.5658 41.5111
711 55.521 0.65074 32.4828
712 56.7272 24.8998 43.3041
713 66.4585 12.2702 37.171
714 88.1995 15.3521 29.3595
715 63.0688 14.6239 40.5636
716 59.2022 26.4528 66.9565
717 68.1458 6.46648 46.7648
718 89.4832 12.016 52.1991
719 65.9698 15.2781 65.2357
720 81.4762 22.0708 68.3915
721 71.5118 8.12878e-04 73.6145
722 72.2942 8.59397 58.2858
723 68.5982 11.0129 59.1579
724 53.6365 -0.112581 71.0276
725 77.2859 9.75518 58.9538
726 55.964 21.3716 60.8737
727 80.2353 4.36437 75.5107
728 49.7003 23.1085 87.8698
729 70.61 19.1936 87.3789
730 77.3147 40.5777 85.7227
731 67.6511 4.97504 83.1919
732 79.7125 -0.370254 99.5511
733 85.4964 8.49929 118.315
734 87.9739 10.5979 99.405
735 70.8301 7.08164 118.163
736 85.2452 24.7892 118.46
737 64.7447 19.985 99.1921
738 60.4211 3.68933 110.82
739 81.9017 8.49605 108.54
740 73.6604 23.0371 118.343
741 67.3089 19.8248 118.093
742 67.7283 12.168 115.689
743 84.9373 12.4078 118.653
744 59.507 -0.524069 107.023
745 81.8904 12.8764 118.259
746 61.8445 -0.624321 104.647
747 61.4689 15.8422 118.153
748 72.9437 31.9774 0.0537296
749 80.5817 47.2713 0.162895
750 81.7552 40.7153 0.108477
751 82.1777 34.9981 18.8892
752 70.3015 37.0881 -0.0924752
753 61.7281 26.8132 -0.157155
754 81.0437 43.0896 34.6449
755 65.3749 51.9413 27.4571
756 61.4693 48.5698 24.0788
757 55.9269 33.9152 25.3591
758 66.6917 16.7264 11.1133
759 67.8428 24.1308 43.1862
760 66.0544 34.9782 35.2316
761 69.7793 41.542 40.3272
762 63.6922 20.4792 43.403
763 75.6807 7.9373 75.5625
764 82.3689 30.8049 60.6947
765 63.3545 53.3185 60.737
766 65.4618 26.985 51.7999
767 78.4085 30.5546 60.0288
768 80.6077 29.5606 58.6209
769 90.6903 48.9835 51.4545
770 74.0405 38.9616 45.0652
771 83.8165 29.0874 60.7013
772 89.1048 39.5129 49.5054
773 74.8689 25.9549 84.6656
774 70.6387 39.8797 66.2318
775 66.1864 37.2705 59.9941
776 72.7371 32.1255 70.3478
777 82.076 26.8041 69.6013
778 81.696 44.1467 75.3029
779 83.7598 26.0637 72.8838
780 61.5472 40.066 57.3206
781 64.7621 34.3265 81.2333
782 79.0483 37.7415 71.1048
783 64.8405 33.8193 83.4534
784 70.1671 30.9749 84.2538
785 69.8012 42.1766 89.3419
786 82.2598 41.9975 77.3489
787 72.6667 29.3436 79.2108
788 64.2439 59.1424 79.8378
789 55.4177 42.7357 85.9909
790 68.1835 22.8523 77.2097
791 89.0024 46.0055 93.4839
792 49.1075 43.6352 92.5369
793 65.772 27.0927 84.8873
794 62.9609 20.7031 97.7045
795 58.2301 32.5921 84.1501
796 61.8807 52.1258 96.7887
797 81.7683 19.2875 98.2549
798 73.9909 42.8047 103.785
799 61.6657 38.1173 99.6921
800 72.0481 55.1335 109.542
801 76.4243 19.8859 103.884
802 74.2124 30.8542 91.866
803 62.213 39.6266 91.8587
804 57.3958 43.9654 118.212
805 67.2702 26.4694 117.966
806 61.553 23.0834 108.026
807 67.5571 24.9013 111.718
808 61.517 39.1837 106.489
809 88.618 38.3357 118.152
810 84.8747 47.4462 0.217272
811 81.0453 74.1786 0.180598
812 56.0071 54.3062 -0.0916543
813 58.5082 56.1874 7.54822
814 58.042 53.3894 5.75854
815 63.5712 54.3217 7.17773
816 57.8107 55.3779 3.91423
817 92.4632 71.6137 7.61029
818 69.327 57.5024 14.4054
819 72.652 62.1728 13.598
820 88.6532 47.6548 7.99398
821 61.1756 52.8819 15.5596
822 59.8645 63.9642 7.94727
823 62.7747 49.2572 22.7695
824 68.3261 78.6178 19.7025
825 66.8243 63.292 17.7041
826 67.8375 59.4183 18.8569
827 54.8544 58.6489 26.1535
828 83.9138 56.573 34.1535
829 80.3829 70.9256 26.839
830 78.2134 65.8286 26.8801
831 79.8321 64.8921 46.0583
832 60.6693 64.4044 42.9834
833 83.2508 45.2974 47.6937
834 55.5128 61.5739 27.3657
835 62.8421 60.507 34.4316
836 84.6018 62.0341 31.6987
837 79.6414 67.791 44.178
838 76.3388 63.8132 39.7493
839 75.7953 53.8431 70.4263
840 62.5905 53.5674 68.6106
841 79.8791 76.1501 53.2424
842 69.2066 55.4344 73.9461
843 78.4752 56.4667 57.3771
844 75.9197 51.8741 74.6445
845 78.0833 61.11 67.3277
846 83.7967 46.2955 65.7869
847 65.7669 59.2972 55.6976
848 73.7652 68.9014 66.8881
849 66.1806 67.4569 74.2773
850 70.1496 45.0373 76.4094
851 78.7153 49.2699 90.6834
852 63.6653 52.8229 86.4758
853 76.6932 62.3582 73.6297
854 64.2926 48.3998 63.3012
855 95.7035 51.9039 74.2553
856 69.7508 63.8528 86.2055
857 71.7522 50.577 78.0494
858 79.4677 70.121 94.7696
859 64.6553 61.9172 93.9908
860 66.9883 65.3317 96.1993
861 68.0046 43.6187 107.924
862 67.4827 70.8537 96.0306
863 78.3484 41.9206 95.4839
864 73.55 44.1213 97.8096
865 76.3625 50.224 97.3277
866 66.9886 28.3841 75.5075
867 65.0539 68.6316 108.746
868 82.8328 53.9076 112.451
869 75.61 48.9272 107.038
870 90.7925 27.8562 118.23
871 63.5528 65.1917 118.21
872 72.8 66.4215 118.268
873 88.2732 62.2674 106.938
874 81.8879 54.1916 118.471
875 82.6838 55.9405 118.3
876 94.1617 78.6202 0.319622
877 60.4465 73.9715 0.250643
878 80.403 82.6804 -0.11835
879 71.9886 82.2152 0.0558797
880 69.4303 85.78 12.1597
881 61.877 78.3886 -0.197132
882 59.7418 71.3135 0.136115
883 70.0796 74.9404 10.5527
884 62.9456 70.4054 0.117674
885 66.5547 89.1607 7.13041
886 71.9051 79.2579 35.6432
887 63.4174 75.2814 19.9051
888 81.6015 76.5399 24.5374
889 67.0362 81.3603 29.5738
890 73.5207 67.5873 38.7137
891 59.8058 91.8039 20.7591
892 80.3921 85.1024 38.0216
893 62.8009 67.5705 32.0508
894 95.4487 86.5825 32.5977
895 68.8446 56.9489 45.0312
896 81.9731 88.1758 28.7544
897 78.8159 76.3295 48.4199
898 83.9962 94.5926 13.9939
899 87.6026 67.4579 46.8533
900 79.9628 89.9088 48.2022
901 74.1115 87.7854 45.1086
902 73.9608 82.554 61.8628
903 71.9945 93.719 56.4608
904 65.979 89.02 48.7073
905 76.8271 70.8784 58.5454
906 66.011 94.636 55.5513
907 89.6834 70.7929 49.7729
908 71.6531 76.3196 69.0258
909 60.2115 93.6232 64.1865
910 71.7959 84.37 55.2719
911 87.8313 73.7968 76.1693
912 79.3447 76.358 82.3967
913 71.7327 85.5482 67.5615
914 73.3631 92.458 56.6638
915 79.7504 75.4446 59.4591
916 75.5524 71.9335 72.4296
917 50.7789 77.083 65.0155
918 59.8161 77.7658 91.4036
919 66.189 75.1283 69.779
920 71.6504 69.1824 76.9508
921 87.7919 88.0562 81.2708
922 71.7635 75.6816 80.151
923 62.7336 79.3487 93.6826
924 59.5132 80.0684 89.2991
925 59.7393 89.9892 100.064
926 57.8761 70.6191 81.0147
927 81.9701 86.5577 95.2922
928 63.7089 89.1883 103.339
929 69.5924 75.5281 97.9327
930 59.7239 89.7735 118.265
931 78.027 68.2223 118.184
932 79.1541 70.3829 103.466
933 79.1471 90.9029 105.38
934 66.9002 76.592 118.008
935 60.6179 101.579 108.137
936 62.79 77.061 105.767
937 69.5526 89.5104 113.293
938 86.163 93.8052 22.0157
939 57.3944 99.6766 9.46944
940 61.2111 96.6943 5.5134
941 78.6341 85.6579 0.0676325
942 72.5774 96.4416 26.043
943 80.0438 113.153 20.8538
944 85.2506 112.748 29.7627
945 60.3311 103.688 42.3613
946 52.8972 113.312 10.997
947 63.9398 113.511 17.6635
948 62.8378 102.294 29.5314
949 63.603 94.8509 29.1942
950 67.0999 100.169 28.9714
951 64.8927 112.758 37.4659
952 64.5308 108.011 52.0487
953 71.7929 89.4908 25.1431
954 103.251 102.974 33.4729
955 66.7863 104.326 48.9183
956 79.7055 92.3714 49.2807
957 99.0219 104.997 60.4347
958 70.8945 113.484 49.3231
959 77.751 93.428 48.3072
960 67.0439 92.3759 49.4095
961 64.2638 107.651 64.2439
962 69.7877 102.545 67.6385
963 59.767 112.934 41.478
964 62.5682 81.1159 34.5604
965 85.3193 96.9015 53.4114
966 70.9331 99.5919 57.6975
967 61.5891 102.841 49.2389
968 85.2697 91.3324 45.0225
969 75.3223 97.3318 74.6877
970 88.219 87.5853 68.0753
971 57.5048 113.39 67.6455
972 77.8011 95.7617 75.3756
973 87.6564 85.6198 75.2714
974 64.6744 113.073 63.5172
975 60.4051 101.605 72.914
976 67.4851 109.438 83.424
977 80.5236 96.8413 73.9573
978 73.2511 99.7023 92.7957
979 66.699 102.378 74.3235
980 83.8847 88.3714 93.7746
981 84.7049 113.137 89.3918
982 63.6657 113.285 80.2912
983 67.4018 113.684 75.1786
984 65.9543 102.076 91.838
985 81.4806 113.432 80.5641
986 81.1359 113.459 104.908
987 73.7104 89.0473 108.504
988 65.8291 99.8179 90.6288
989 87.7232 85.705 96.0723
990 58.2076 91.5023 98.5942
991 91.0347 113.821 75.5801
992 75.0887 103.096 102.915
993 68.5317 103.938 104.045
994 57.2907 96.7664 100.609
995 75.5405 105.768 88.6308
996 49.5463 111.762 96.9693
997 59.733 113.675 100.785
998 76.3992 93.0211 118.427
999 59.7612 113.74 111.097
1000 93.6701 103.566 118.37
1001 64.83 101.195 118.385
1002 88.5654 94.1818 118.101
1003 66.9707 97.5478 118.197
1004 80.5583 113.442 109.707
1005 62.4476 100.557 101.639
1006 71.7549 95.0987 106.745
1007 69.6462 100.417 112.719
1008 114.338 20.1958 6.38442
1009 101.551 17.9018 2.77163
1010 89.9449 21.0481 11.1772
1011 107.032 0.146039 2.7454
1012 96.0361 0.244204 0.866397
1013 100.179 16.8545 11.7292
1014 93.7958 20.5184 13.6006
1015 108.44 12.6463 20.2601
1016 102.288 19.3654 12.4378
1017 100.139 0.148751 21.6719
1018 85.5189 15.8279 19.7596
1019 102.724 16.1269 12.6988
1020 96.0845 8.84848 17.5693
1021 88.5683 18.0765 12.9766
1022 99.7763 31.5372 29.6046
1023 87.6454 0.484186 40.452
1024 113.472 8.57326 34.899
1025 101.6 26.0543 34.0274
1026 92.4404 29.9204 27.7641
1027 103.576 15.9248 36.4903
1028 91.1579 16.5049 41.5339
1029 105.74 11.1752 42.771
1030 103.878 15.5106 44.9636
1031 86.6463 0.660291 51.9407
1032 113.348 3.79606 58.8153
1033 104.152 16.3935 51.2615
1034 113.568 20.6222 49.0958
1035 93.4749 0.604893 40.2439
1036 113.272 27.8264 50.3458
1037 98.6866 0.727556 41.4564
1038 96.7423 31.9247 64.834
1039 90.5825 0.295421 77.9048
1040 113.634 28.0595 71.2119
1041 109.872 0.209458 73.3807
1042 105.58 0.28232 68.4923
1043 87.6171 0.433387 63.299
1044 100.045 6.8928 68.5729
1045 88.0229 24.6963 64.2451
1046 95.1447 0.164181 80.637
1047 75.7078 4.20676 93.8482
1048 97.8147 16.5509 94.8696
1049 107.652 0.1516 83.7978
1050 99.0351 0.214104 80.223
1051 113.917 28.417 79.1701
1052 105.752 29.0925 75.7037
1053 108.443 12.8473 90.6446
1054 111.258 -0.0612872 91.1913
1055 104.209 11.1352 74.9956
1056 91.015 11.975 87.162
1057 113.563 6.12219 82.822
1058 99.9002 7.60987 101.506
1059 97.973 -0.19481 104.44
1060 103.836 18.1819 83.4121
1061 113.543 1.65281 87.2591
1062 84.0942 6.56713 89.2476
1063 92.9563 20.2864 89.1773
1064 90.5532 -0.0389443 116.148
1065 112.894 -0.257288 81.1395
1066 98.4964 0.227273 108.268
1067 113.855 5.76062 113.344
1068 112.343 4.62946 118.681
1069 101.95 8.16826 106.001
1070 93.2906 38.7575 0.0470041
1071 78.5186 29.3961 0.160617
1072 95.8632 16.3081 10.3533
1073 98.231 50.2812 15.5066
1074 93.32 46.0535 0.264479
1075 98.4947 47.0344 2.78026
1076 101.469 38.9718 0.14222
1077 98.0995 43.8149 4.87073
1078 114.599 40.5232 8.2242
1079 90.1714 40.899 19.9806
1080 86.033 28.5989 26.533
1081 113.706 43.5391 20.1889
1082 70.4913 35.3123 51.2745
1083 113.648 38.4757 38.0603
1084 102.068 25.1189 26.6418
1085 81.943 57.7398 25.6281
1086 84.0013 31.2232 38.019
1087 113.972 42.594 26.8913
1088 102.192 39.651 39.8802
1089 100.847 22.3208 42.629
1090 87.7945 38.5169 29.4429
1091 84.1624 24.4845 35.4149
1092 106.944 33.5241 56.4795
1093 94.174 44.3097 57.5771
1094 101.842 34.8931 56.396
1095 103.466 44.604 46.4389
1096 91.3651 43.5139 57.2192
1097 113.61 22.4512 45.3088
1098 107.461 29.851 54.9097
1099 105.724 46.775 44.6959
1100 82.9582 26.6189 59.2474
1101 113.506 29.7736 46.8361
1102 106.367 37.4674 54.9949
1103 113.713 36.7955 57.4174
1104 95.792 45.1812 66.6534
1105 83.9251 25.3283 70.5757
1106 106.541 40.1674 72.0651
1107 89.4346 40.7259 70.2408
1108 113.546 20.4621 61.0663
1109 113.357 39.2657 62.7081
1110 113.622 38.2732 71.9524
1111 105.178 36.4308 58.2138
1112 95.5552 21.3436 63.7534
1113 108.299 29.5072 58.2313
1114 88.3823 27.4223 83.9271
1115 99.9296 28.5652 81.3957
1116 114.012 34.0469 90.6628
1117 90.0809 29.8081 83.0834
1118 97.2435 40.559 72.9986
1119 85.8089 24.9601 86.4161
1120 81.1801 43.6828 90.0754
1121 97.3393 27.454 83.9556
1122 97.3031 24.9407 87.752
1123 94.8745 44.3128 91.3051
1124 87.8273 18.3817 96.426
1125 113.869 48.4342 102.101
1126 108.393 43.841 92.5798
1127 89.8486 30.2413 107.948
1128 98.3444 28.7249 103.765
1129 100.697 41.1855 101.831
1130 108.079 23.2006 118.07
1131 108.598 31.535 117.95
1132 114.158 36.0072 109.46
1133 114.025 39.1185 111.179
1134 102.19 33.3906 118.214
1135 102.073 35.6733 111.515
1136 85.0119 45.4132 108.056
1137 109.266 64.3622 7.14487
1138 114.48 52.0715 4.86002
1139 96.1447 50.2044 0.462577
1140 114.466 47.8241 18.2114
1141 113.862 66.1351 28.2566
1142 113.34 73.6362 36.8472
1143 102.241 62.3791 25.1142
1144 90.1028 60.2159 18.3016
1145 92.1695 53.6034 15.5557
1146 113.877 49.9765 24.6555
1147 114.033 64.1872 22.7817
1148 100.371 61.6006 17.9456
1149 95.2232 70.3332 0.444409
1150 87.9045 65.8013 35.2303
1151 114.114 61.4557 20.9474
1152 104.315 57.6121 40.8545
1153 97.8742 44.0871 35.8698
1154 93.5522 63.6568 41.8525
1155 105.783 55.415 29.6891
1156 100.14 62.301 45.2793
1157 113.293 47.8119 39.5277
1158 111.201 69.4382 43.3752
1159 97.3487 58.7758 48.5894
1160 113.614 68.7067 59.6468
1161 113.471 52.2132 58.9533
1162 97.6263 63.5022 60.9915
1163 89.2555 55.7032 58.3984
1164 99.4833 61.7281 51.8271
1165 113.42 59.1394 51.3653
1166 81.9251 65.7316 42.6229
1167 113.619 62.4061 55.7663
1168 85.7933 72.9933 53.3324
1169 94.136 64.4827 54.9851
1170 113.964 62.4569 66.2605
1171 105.735 56.5892 71.0778
1172 113.49 54.6119 54.6785
1173 96.0528 58.1723 61.934
1174 107.267 63.0088 69.8845
1175 86.7193 65.1141 70.661
1176 105.84 72.0502 62.2177
1177 110.174 69.2578 77.1978
1178 95.7676 64.7807 72.8824
1179 91.6558 46.4525 57.9778
1180 96.4885 43.1923 53.1145
1181 112.018 48.7346 66.3788
1182 113.989 48.5128 81.7617
1183 113.667 43.2363 76.3772
1184 94.3987 61.4913 85.0996
1185 101.921 54.5404 95.5366
1186 98.3448 53.2787 76.4975
1187 113.949 66.7235 88.3929
1188 113.882 53.0021 98.5238
1189 114.13 52.2533 95.398
1190 100.192 55.5978 97.1318
1191 106.002 75.7558 80.2983
1192 97.9638 55.6084 89.8132
1193 95.5362 54.0318 90.0086
1194 93.9244 44.8471 89.7151
1195 114.06 41.0563 88.1752
1196 95.5272 53.9573 98.088
1197 93.5841 61.9461 103.49
1198 102.012 58.4522 103.006
1199 93.1719 59.9348 93.546
1200 86.6701 51.3877 103.862
1201 95.8222 66.3695 109.679
1202 96.087 51.1269 118.388
1203 109.002 59.4161 118.258
1204 110.464 68.2948 105.667
1205 101.788 50.2463 108.709
1206 112.677 65.339 118.108
1207 91.2098 91.1934 0.215561
1208 82.3332 78.6405 0.141141
1209 91.6164 90.7472 9.77017
1210 114.386 80.6026 12.729
1211 84.4834 91.9641 18.8767
1212 110.027 91.919 6.7646
1213 94.1115 74.925 0.310438
1214 85.6813 71.1119 11.3588
1215 92.3769 82.086 0.0956782
1216 98.1431 96.1401 0.380165
1217 114.314 92.4971 12.7619
1218 113.835 68.5065 23.8117
1219 85.9973 65.7377 14.6182
1220 89.8279 79.076 20.1262
1221 108.253 88.8159 18.0357
1222 113.767 79.816 25.6045
1223 76.6818 98.9373 21.9954
1224 82.0242 92.5081 12.9097
1225 103.404 77.1134 20.669
1226 96.6616 73.225 33.1908
1227 113.442 97.98 45.3452
1228 104.191 66.97 54.9218
1229 94.366 78.7501 44.5318
1230 97.0332 84.5127 37.4055
1231 81.1592 61.2634 38.9392
1232 113.439 82.8337 40.4104
1233 87.0983 87.7163 42.7611
1234 95.8444 73.9803 39.1397
1235 101.406 72.2497 43.5545
1236 91.6953 92.9588 59.3005
1237 91.746 73.879 44.4645
1238 113.492 85.3966 51.4788
1239 93.5674 78.0665 41.5614
1240 98.5368 97.4081 64.7796
1241 107.939 74.694 65.2758
1242 93.4563 70.6514 68.7906
1243 103.799 76.2883 64.0301
1244 97.5073 70.6181 58.1642
1245 113.849 90.4208 68.6967
1246 114.055 72.2538 72.1093
1247 113.818 76.3647 73.7454
1248 105.587 80.1313 72.2226
1249 113.878 84.856 76.5067
1250 95.8718 76.1075 77.0692
1251 99.9897 71.1617 91.1722
1252 89.3535 77.7775 84.2308
1253 113.91 78.5354 84.9439
1254 87.6462 75.8814 74.684
1255 105.728 68.2223 80.6414
1256 113.869 78.407 79.933
1257 89.618 74.169 91.4363
1258 114.009 75.7917 98.6669
1259 94.2161 82.152 95.62
1260 104.117 71.4504 93.6865
1261 113.987 83.3164 94.2347
1262 97.3867 73.4098 102.771
1263 95.48 70.0874 100.469
1264 89.1088 80.3392 90.2485
1265 114.063 80.4984 97.8194
1266 108.62 74.0995 106.345
1267 87.7761 68.5093 118.225
1268 114.151 71.134 109.483
1269 91.7007 68.6308 118.132
1270 106.281 82.3636 118.412
1271 114.149 83.2992 109.617
1272 95.9595 79.3461 115.43
1273 84.383 85.0574 106.948
1274 114.076 92.4037 112.579
1275 90.2526 72.0222 106.003
1276 110.924 84.4205 105.931
1277 90.2022 82.7017 118.215
1278 81.193 73.397 118.263
1279 96.2696 78.6878 103.237
1280 104.45 65.859 118.119
1281 114.461 95.1223 23.2417
1282 101.039 113.351 19.0323
1283 108.774 113.588 13.0391
1284 114.436 92.3626 10.1365
1285 91.9479 106.593 15.4001
1286 103.635 89.7415 27.8888
1287 111.175 113.376 24.2761
1288 87.0561 107.149 29.4486
1289 113.411 102.947 32.0647
1290 93.3564 98.5468 26.8366
1291 103.589 101.667 29.4245
1292 89.523 113.031 36.8517
1293 113.866 87.821 20.9894
1294 112.382 112.72 35.4527
1295 95.443 113.014 36.58
1296 95.0689 100.164 23.9704
1297 87.701 112.742 36.8594
1298 105.368 113.041 44.8101
1299 107.556 97.3051 43.038
1300 113.47 94.657 32.0149
1301 97.8638 89.2271 35.8937
1302 79.3328 94.2685 34.6664
1303 113.34 110.13 52.4744
1304 113.326 87.0645 41.5324
1305 108.386 112.715 48.4271
1306 92.8323 112.484 50.5713
1307 101.422 86.665 53.7449
1308 96.4567 96.1204 60.3086
1309 109.822 94.0008 66.4911
1310 95.8436 88.1744 68.0966
1311 91.3725 83.2575 72.0678
1312 103.75 86.1934 53.9053
1313 109.408 112.739 60.4188
1314 87.9968 112.999 67.5469
1315 113.873 94.7127 72.9772
1316 95.1347 91.3413 70.6271
1317 108.287 113.539 87.4261
1318 112.426 113.28 77.1288
1319 109.856 99.0398 75.6616
1320 89.6666 94.2729 94.8398
1321 113.677 92.4165 77.4393
1322 97.9849 89.1402 75.0451
1323 113.884 89.7609 80.5567
1324 101.854 113.518 88.3108
1325 86.0787 86.7459 84.1344
1326 114.281 92.2216 106.887
1327 91.7273 96.7968 95.454
1328 98.5408 86.8889 109.639
1329 113.639 92.1292 94.7248
1330 99.8686 94.9343 99.5571
1331 80.3106 113.347 96.2861
1332 92.502 113.265 94.9076
1333 97.9951 108.543 102.402
1334 106.007 100.547 107.975
1335 97.9435 89.9053 103.056
1336 113.829 103.852 116.438
1337 114.356 97.443 107.389
1338 112.646 113.611 115.258
1339 92.9565 110.747 109.074
1340 113.958 104.559 109.799
1341 90.2096 100.069 98.6872
