0 11.2207 13.3835 -0.761166
1 2.78476 0.0561951 10.0132
2 -0.640337 36.2994 21.8914
3 18.548 -0.10044 9.72039
4 25.6662 -0.239793 1.10871
5 7.84911 12.7572 -0.281551
6 -0.511954 13.1346 10.8055
7 11.9084 8.89745 6.83291
8 11.1612 2.02142 -0.317316
9 -0.677519 15.5187 1.93727
10 0.0213917 15.47 31.9507
11 22.1921 11.54 18.5884
12 17.5243 10.5411 22.1757
13 11.8484 0.427072 26.8661
14 13.8664 -0.11898 24.2383
15 17.7896 8.30649 20.5469
16 0.185098 20.4393 43.9148
17 30.1053 0.797785 34.3545
18 0.390433 11.4876 38.8623
19 22.1254 12.8073 25.0259
20 18.6526 0.635615 49.897
21 0.444272 2.39715 40.7003
22 19.4021 10.0512 41.6711
23 14.0245 12.8553 41.3838
24 0.065421 29.5824 32.8931
25 29.7186 9.93972 56.4576
26 10.7552 13.1092 53.7904
27 13.4689 13.6476 52.0729
28 30.0083 26.1086 49.9125
29 22.2872 10.5315 66.0708
30 0.315489 16.2402 51.3217
31 19.2542 0.911617 56.9617
32 26.1311 7.44803 37.6914
33 21.9613 15.3426 42.2585
34 -0.27241 8.88999 77.0936
35 27.1635 11.7482 73.7292
36 21.6242 12.1242 72.921
37 21.7027 15.6 52.948
38 10.137 0.413284 62.8985
39 20.512 -0.0633768 66.0868
40 26.0518 0.507922 60.5971
41 19.343 21.4494 84.066
42 21.4877 15.0955 88.6444
43 22.5174 0.307233 70.5271
44 14.5906 0.26197 74.873
45 7.59609 0.069887 78.701
46 12.7432 15.6013 74.167
47 -0.594875 5.76965 88.0818
48 25.5583 19.4808 75.4429
49 29.7273 20.618 110.489
50 21.0323 4.3198 106.449
51 15.1388 18.9248 100.843
52 18.8234 35.4166 93.5771
53 21.555 -0.0597855 99.6209
54 26.8825 5.00939 100.434
55 19.7264 6.34995 97.2483
56 14.484 4.73987 89.3273
57 9.47991 23.184 105.849
58 9.89681 0.0509618 96.041
59 13.0896 12.3506 93.389
60 7.24797 4.19183 106.48
61 14.1409 0.270837 116.206
62 33.2342 16.1781 118.46
63 16.5898 9.19368 117.981
64 2.48555 0.147217 115.69
65 5.76311 5.11002 110.318
66 21.4677 44.7109 6.81062
67 22.1607 30.6911 16.0097
68 30.1706 39.4466 11.3251
69 -0.647554 45.592 12.0058
70 27.8999 22.6233 12.2931
71 6.94716 57.3189 -0.0408418
72 27.3126 37.1615 -0.0628974
73 8.37819 45.9074 0.0336879
74 19.6601 42.0498 29.4102
75 -0.0934353 21.9033 24.0563
76 12.63 24.8497 23.0196
77 3.77163 29.4707 11.9246
78 7.23947 30.707 47.1471
79 -0.840584 36.4121 7.15651
80 13.8356 34.4339 37.9116
81 -0.282229 47.911 32.6393
82 20.4936 45.9054 41.5053
83 12.7713 42.871 45.1349
84 29.9181 39.684 20.9993
85 0.0259585 45.5917 40.8558
86 24.6931 41.0858 47.0058
87 19.2524 31.2878 45.188
88 15.7819 45.3038 42.6713
89 0.21571 34.0062 60.0689
90 25.8301 37.7972 54.0353
91 18.2921 27.8818 61.6299
92 10.6963 35.7369 64.9796
93 6.81008 19.757 43.2955
94 0.0388752 22.6537 55.3747
95 25.9323 27.9925 69.5392
96 9.55482 49.5369 73.5097
97 15.7647 29.4439 44.2274
98 11.8415 32.2473 53.2204
99 9.91494 25.711 60.2355
100 16.6797 22.8437 71.8377
101 27.8853 28.7159 66.2602
102 -0.0960685 24.7515 71.9236
103 16.3391 47.8226 62.9272
104 25.9487 34.9668 53.6533
105 -0.432617 31.87 80.3367
106 24.656 38.728 59.4563
107 18.1199 30.7429 81.2803
108 26.8815 21.6687 73.0052
109 22.1597 16.3403 70.4253
110 15.3437 27.0098 87.6093
111 -0.447282 33.5539 83.2698
112 23.3565 37.5172 95.3731
113 -0.646337 43.5145 95.2265
114 22.6932 25.9512 105.293
115 11.6744 27.2687 99.4824
116 27.3392 38.6604 89.327
117 17.3791 48.8661 92.2945
118 7.52337 35.1194 76.4336
119 28.9957 48.4384 104.82
120 19.9828 26.6745 106.354
121 16.0699 50.456 95.0682
122 23.9245 48.2811 102.026
123 8.21222 43.5144 92.5429
124 3.1595 34.5785 94.8359
125 25.1523 36.8143 118.365
126 29.4076 40.6861 118.576
127 9.40669 41.6405 105.289
128 7.31816 34.6025 102.316
129 13.1248 44.6192 105.387
130 10.0657 34.6525 118.461
131 13.1285 43.8557 118.399
132 33.1902 27.4504 102.647
133 21.9312 40.0795 103.096
134 17.5267 69.4397 6.71225
135 2.1237 63.0464 -0.215717
136 33.8434 68.4127 2.05338
137 17.671 54.1151 12.1949
138 5.39631 59.5715 8.60608
139 -0.367515 82.7386 7.8549
140 19.2306 55.5169 11.8374
141 22.6076 53.8249 24.4768
142 -7.16302e-05 61.754 26.7678
143 17.6247 58.5581 27.1586
144 32.7131 47.7716 17.938
145 -0.233718 65.7692 32.8028
146 27.6053 75.0315 12.666
147 22.4878 65.5151 31.7839
148 10.3088 39.2086 42.4487
149 22.158 58.8675 31.8434
150 27.3639 60.3133 42.3597
151 7.64996 56.8786 39.0691
152 8.2677 50.841 35.4423
153 23.1428 63.5491 52.0946
154 23.4204 53.153 31.7218
155 12.0068 56.7194 44.8567
156 14.2454 44.0678 44.1491
157 6.22249 63.4367 28.4364
158 13.6285 52.2904 34.7804
159 12.2674 59.935 41.5736
160 27.0767 49.201 49.1542
161 19.2908 59.044 71.7295
162 16.0595 61.001 54.6047
163 11.9718 41.7846 48.3643
164 19.6758 57.7698 46.3822
165 16.6477 55.219 44.8116
166 18.0801 62.4106 53.812
167 -0.683724 53.4784 78.2153
168 13.9311 51.004 70.4982
169 7.34471 59.9747 68.4803
170 17.0721 59.1316 69.7555
171 33.7289 57.231 57.5733
172 15.1084 69.5476 72.1037
173 23.4545 53.9352 83.6445
174 14.0026 60.6427 81.7151
175 -0.613657 66.1697 90.086
176 13.6013 62.7384 84.5791
177 19.4133 58.7755 74.4846
178 34.9972 44.969 79.3195
179 19.7449 56.5166 73.9833
180 -0.713486 41.1063 84.4817
181 -0.807416 62.0893 106.797
182 11.6937 50.8347 100.439
183 23.7096 47.8014 98.7934
184 16.6833 61.8826 104.001
185 22.0063 61.117 87.776
186 4.93963 56.3343 112.078
187 6.87907 71.1275 101.269
188 -0.883161 64.1841 97.127
189 3.73388 66.7039 110.632
190 10.8141 44.8796 112.213
191 0.901979 67.8726 118.808
192 12.8728 58.4531 118.118
193 14.703 68.2593 118.582
194 -0.762248 59.9592 111.312
195 10.1367 56.0486 118.215
196 20.9769 50.591 111.069
197 33.4828 55.586 102.985
198 22.1307 62.7952 118.396
199 12.904 70.921 8.58058
200 6.98189 81.4322 8.47582
201 30.4775 93.229 7.96242
202 15.249 71.9787 7.5905
203 24.2387 75.9481 5.80439
204 18.288 84.3169 7.76951
205 2.74623 76.551 -0.804253
206 23.9571 80.0667 -0.731408
207 5.61289 71.9563 -0.0415502
208 16.1475 73.8451 -0.0643529
209 11.4563 83.8276 19.1445
210 23.7456 81.482 23.2746
211 27.9757 95.1328 36.2941
212 30.8611 95.4831 19.2314
213 32.4587 66.2864 17.021
214 26.2487 84.344 22.9425
215 17.4394 62.243 14.089
216 1.391 86.2465 -0.751906
217 15.415 74.2918 23.7443
218 24.862 82.3171 34.0451
219 -0.318269 76.2257 16.2209
220 9.9795 72.5821 32.3352
221 19.8972 85.2082 38.8733
222 21.6314 82.0329 44.2654
223 14.8525 77.094 25.3953
224 15.1216 83.4234 38.3133
225 18.4106 92.2551 33.6869
226 24.4375 73.8075 46.9934
227 3.59759 92.3177 41.6753
228 18.6011 64.9584 52.0712
229 3.61788 70.7399 57.408
230 33.9882 91.2582 44.6749
231 24.3099 68.0402 41.6168
232 0.0783633 93.7721 59.0367
233 11.116 76.6049 53.7835
234 16.4396 72.8779 54.1062
235 16.1972 81.571 46.9585
236 9.84634 65.2959 51.2507
237 16.1378 70.6159 50.1942
238 0.0393594 80.5125 49.5654
239 -0.302554 69.1556 58.2216
240 15.9522 74.9892 57.0415
241 25.8063 69.8035 71.8799
242 10.245 61.0797 64.2171
243 15.4804 73.3669 58.3897
244 25.1912 97.0549 71.5658
245 -0.216055 78.026 68.7038
246 37.571 87.6641 44.75
247 15.7773 81.5417 73.0078
248 31.7452 100.779 77.1569
249 9.61059 83.2451 53.1901
250 29.2439 77.825 78.8341
251 17.4379 81.1488 65.3128
252 31.0185 70.3919 80.9372
253 13.562 85.906 85.7302
254 9.18785 72.2172 71.954
255 17.0903 81.0217 83.5084
256 20.4226 86.956 69.9233
257 31.5124 76.7766 79.4895
258 32.163 89.7264 99.1783
259 -0.560291 76.3788 86.6705
260 -0.538159 70.6316 66.0013
261 12.2148 97.3048 81.7137
262 -0.537884 87.7915 77.8243
263 9.53774 67.5026 99.5362
264 15.4079 83.1471 100.202
265 -0.913789 76.2273 97.3395
266 23.3928 70.2409 99.5933
267 -0.565094 73.9361 83.0557
268 35.684 84.8369 96.9321
269 15.3924 82.5211 82.7643
270 21.0279 92.881 92.927
271 5.97586 83.8266 118.26
272 16.8696 70.8914 109.677
273 2.56147 70.8448 119.049
274 -1.1909 82.7544 108.747
275 23.7826 69.1554 104.714
276 31.3694 81.8374 103.951
277 26.8785 91.4452 119.189
278 24.3304 113.238 1.30759
279 16.43 101.685 2.64588
280 9.90979 99.9673 -0.0113635
281 13.6462 99.9857 14.9318
282 17.604 113.702 10.2285
283 2.73323 97.6836 -0.601264
284 21.9509 86.6703 21.4759
285 -0.231399 94.8781 15.6649
286 13.5653 113.17 23.2954
287 10.267 101.199 31.9823
288 17.0283 112.428 37.7098
289 0.170547 107.506 51.1232
290 -0.767783 108.555 8.39514
291 21.8114 113.262 23.2395
292 -0.0371263 88.5552 39.041
293 17.1882 104.34 18.8275
294 21.7001 95.2508 18.0942
295 16.9046 113.108 13.8796
296 20.9008 113.046 27.2001
297 16.0495 113.211 26.1892
298 38.4375 113.46 41.6284
299 23.2216 90.5354 19.7217
300 23.6643 113.197 17.7815
301 6.14424 112.898 36.4532
302 7.94858 105.124 41.8326
303 6.11981 112.811 44.3248
304 8.13808 112.754 38.9989
305 23.9335 90.8763 34.3674
306 12.8575 112.557 29.835
307 16.9766 98.8895 32.8627
308 25.9701 112.969 33.6852
309 31.587 94.7926 39.349
310 7.72551 100.887 42.4262
311 13.2881 94.1129 44.2048
312 25.701 112.926 46.9719
313 22.2164 112.823 33.6528
314 15.7403 84.2627 63.0569
315 -0.255402 106.431 74.7808
316 -0.0846235 101.556 51.9717
317 -0.0281084 110.623 70.9635
318 -0.204754 91.6758 60.8783
319 12.2888 112.773 51.7747
320 21.5978 104.429 74.2009
321 19.1204 113.636 90.8766
322 29.6933 113.507 75.3032
323 20.3963 113.042 76.4768
324 5.65373 106.037 75.5769
325 9.47629 87.2086 76.8516
326 -0.333239 110.704 83.6458
327 1.41872 113.486 93.7504
328 27.5695 97.3079 89.7688
329 32.5885 113.196 97.4441
330 34.4231 100.686 89.5943
331 3.77629 113.198 80.4622
332 21.2941 102.112 91.5583
333 -0.910775 106.752 105.676
334 9.73084 105.345 98.8332
335 24.7378 113.144 102.543
336 5.77454 114.121 106.612
337 21.9716 113.719 83.0407
338 25.3669 113.534 113.909
339 24.7188 100.986 118.438
340 -0.859041 104.292 112.583
341 7.61021 92.1502 102.261
342 1.62481 114.248 108.842
343 39.6777 13.0126 9.44338
344 20.1705 6.17723 13.4549
345 35.6987 12.4205 7.51613
346 41.1054 17.922 -0.0830328
347 51.4668 -0.114843 3.75882
348 37.5934 14.103 8.79625
349 35.9273 12.0643 0.09802
350 33.4544 15.0265 10.8156
351 34.8847 18.6952 8.89801
352 29.7982 10.7707 24.2086
353 53.7562 12.1306 23.1673
354 38.7301 0.14132 15.144
355 51.6066 0.35269 21.7436
356 37.6429 0.178103 24.316
357 43.4752 25.6349 29.1617
358 23.7818 23.1985 22.3646
359 56.0142 24.6131 27.1399
360 39.4984 12.0922 29.3448
361 49.9007 7.68068 37.2781
362 41.9945 25.0876 50.3092
363 39.9475 17.7257 37.7641
364 52.2314 13.1356 44.03
365 42.4651 0.531172 45.9132
366 34.954 23.7844 52.2078
367 34.3722 15.139 46.8688
368 58.6736 10.116 60.7644
369 35.1341 0.645676 65.1826
370 34.0536 15.769 38.9563
371 39.6443 11.0337 42.5328
372 29.8154 18.7559 63.1648
373 58.0117 0.184893 68.3093
374 37.9352 9.71853 59.559
375 61.8027 26.9015 72.1671
376 35.8288 5.2577 72.9999
377 27.0365 5.19109 66.2673
378 50.1533 9.80872 86.8662
379 38.8114 26.136 80.1298
380 41.5359 7.21016 94.4354
381 54.2224 0.353784 78.2973
382 36.5825 24.8601 77.9096
383 49.5336 4.62441 86.0315
384 39.602 20.3658 79.9666
385 39.5651 -0.407215 89.3836
386 19.5513 0.254623 73.3325
387 58.254 -0.0659189 103.683
388 39.2362 -0.128248 94.5955
389 43.7776 22.8283 90.4731
390 45.5683 21.552 99.2884
391 51.5914 24.2196 92.5464
392 46.1946 19.1706 100.575
393 53.4005 15.7642 118.494
394 27.0177 12.6089 118.328
395 45.3099 25.1143 109.333
396 53.4307 26.2763 103.734
397 33.9009 1.76827 118.868
398 46.5502 2.11502 119.262
399 47.3375 11.6466 99.1669
400 56.4495 10.4846 118.424
401 46.1615 23.3243 114.325
402 34.03 29.8146 -0.164418
403 31.8599 42.8591 13.5065
404 32.7409 45.7986 -0.0988938
405 54.5516 35.8954 0.244355
406 55.7625 40.1094 -0.00656167
407 37.618 31.3077 16.4739
408 31.6163 41.4667 4.0327
409 46.5863 32.9978 14.164
410 32.4538 31.9843 -0.161226
411 59.6478 50.7989 0.126604
412 43.7229 47.904 4.7316
413 40.7767 48.2258 6.01331
414 40.7195 36.409 26.7814
415 37.62 42.4397 26.72
416 54.7899 51.8805 34.6811
417 41.3394 52.2321 17.1015
418 35.1675 37.9961 24.0493
419 42.2624 26.4365 14.6891
420 35.9788 58.6507 17.106
421 38.8142 26.197 24.5752
422 25.5169 38.3396 30.0333
423 45.9259 27.1585 27.6781
424 45.8767 45.8925 34.56
425 27.8187 37.1796 27.766
426 50.609 32.9776 37.4472
427 63.4005 18.1309 42.4955
428 29.7681 29.1068 20.785
429 43.8237 35.003 35.1449
430 29.5126 29.1252 34.4982
431 57.9123 22.6199 41.7317
432 25.8724 36.0485 31.4848
433 48.189 21.3724 39.9449
434 36.5886 27.985 58.4383
435 37.2865 25.059 48.9962
436 44.0397 37.8047 61.9322
437 35.861 38.788 47.967
438 57.4012 39.5575 57.5035
439 43.8577 32.6286 68.3046
440 55.0823 51.9483 50.5234
441 38.6787 29.069 65.4693
442 47.5945 10.522 68.899
443 34.6084 42.155 64.7554
444 25.717 27.2311 77.5357
445 37.3517 30.1478 82.8535
446 32.9444 27.7161 66.2054
447 46.9064 35.2551 67.3519
448 44.847 24.4935 82.6723
449 48.5805 36.8266 69.6086
450 49.5082 33.4198 67.8182
451 42.116 34.5348 59.0903
452 31.0938 47.0833 74.9109
453 52.1658 35.8191 63.6405
454 29.955 39.3748 71.4797
455 49.7453 34.054 61.9584
456 23.5132 61.0917 80.7626
457 51.7521 31.9112 99.5136
458 34.4639 30.5538 76.0767
459 30.9922 51.0906 81.1309
460 54.7913 46.626 84.5899
461 47.3545 47.289 77.7109
462 66.4155 32.7174 82.2625
463 51.4331 48.4494 85.1449
464 67.0125 35.0591 83.3203
465 29.5655 35.7378 83.9437
466 55.4789 26.1966 101.023
467 35.1183 23.8781 110.073
468 56.7808 36.0834 84.4335
469 43.3476 39.37 102.306
470 22.2695 49.3385 103.781
471 63.7662 34.2855 115.0
472 43.3049 31.3859 109.808
473 45.2828 39.2171 106.665
474 29.5254 26.5536 118.577
475 45.4503 26.5418 118.492
476 42.0462 35.2457 118.73
477 45.2435 39.0919 104.269
478 48.3501 31.2289 118.444
479 38.0184 56.1509 118.796
480 34.5544 63.2104 -0.199421
481 40.0098 59.3522 16.7744
482 56.3097 67.1636 3.11714
483 45.6879 44.2061 17.1559
484 23.3419 53.1553 21.5528
485 27.5294 38.9768 18.7859
486 42.1883 71.9333 25.8668
487 34.3764 63.3864 17.744
488 60.9935 50.3497 32.5789
489 41.7889 62.3192 27.4347
490 39.9298 66.0265 24.5332
491 35.5578 64.0664 28.4167
492 43.7727 58.1544 38.3748
493 45.9008 41.704 48.3833
494 68.1434 63.1773 29.3931
495 37.555 65.8343 22.0198
496 55.5684 59.37 45.1446
497 30.8108 72.3095 50.3818
498 49.0291 63.9306 45.235
499 37.7851 63.2128 47.7973
500 51.1421 42.1301 61.9883
501 30.5014 54.3685 46.1495
502 50.295 69.5182 46.0563
503 50.4375 47.1842 61.9506
504 28.0637 61.3345 57.3547
505 48.1499 61.5513 62.8028
506 63.9741 59.096 59.0215
507 59.9661 75.5008 70.4605
508 35.9158 51.8026 74.8736
509 33.9061 64.3284 54.7237
510 42.7085 42.3157 70.1739
511 35.5842 54.5968 56.8776
512 50.8348 60.4058 66.3321
513 18.0738 62.5036 61.6327
514 51.4069 63.4293 91.6626
515 38.1137 48.8032 82.8586
516 47.4554 60.8289 83.2997
517 33.1862 69.4323 87.0918
518 35.6414 67.114 89.158
519 44.5729 59.4909 80.4729
520 47.848 56.2821 74.1114
521 31.4485 54.9595 98.2248
522 39.6083 66.0475 79.593
523 56.6902 84.8158 76.8657
524 43.5638 52.9072 89.2053
525 49.6521 57.2864 96.327
526 39.4115 54.5941 110.796
527 40.1295 55.099 101.92
528 38.5735 51.4238 83.8708
529 30.1542 51.9648 92.2211
530 44.4553 56.7999 92.2321
531 27.1789 64.7329 118.771
532 29.2889 65.0077 108.348
533 63.1649 48.9529 98.2045
534 39.21 54.1712 113.34
535 41.5483 61.4577 116.108
536 62.1853 61.1855 113.328
537 37.8894 71.6385 -0.042079
538 47.1272 84.5133 0.042764
539 28.0859 71.3385 19.318
540 51.1236 63.4077 -0.150653
541 42.6521 95.9386 14.0857
542 28.3144 80.9425 -0.14117
543 31.5131 71.6399 -0.356557
544 45.9317 80.2246 34.6027
545 36.3426 91.558 29.1578
546 57.379 88.9457 33.6789
547 47.8833 86.8581 14.3214
548 37.4104 71.0485 18.4479
549 50.2928 79.7221 16.4363
550 47.7421 80.8464 8.33227
551 58.1654 90.3216 22.4026
552 39.2236 68.222 19.666
553 40.1962 65.9448 48.5134
554 49.9012 88.5694 28.2992
555 57.5442 73.8956 47.1759
556 34.4843 71.9957 28.4559
557 43.9295 94.7123 36.5238
558 47.4815 75.2298 30.1554
559 50.9483 77.1852 33.6262
560 29.5844 79.7766 48.6754
561 48.7328 80.4683 38.9268
562 53.1025 75.8953 34.4923
563 52.1159 87.9798 26.082
564 35.3012 51.6108 39.6268
565 43.8328 65.8605 37.8145
566 35.861 90.1921 45.3037
567 54.9766 85.4564 49.9301
568 41.4758 92.5423 62.0967
569 43.6759 78.2706 60.1542
570 58.1343 72.7822 50.5883
571 36.2773 77.4741 45.2343
572 45.0532 64.3809 48.4969
573 46.0872 70.5824 60.2871
574 57.0976 61.4717 44.3168
575 35.7456 71.1159 52.2307
576 32.7134 70.7664 47.7706
577 25.6335 85.8548 56.7178
578 30.131 71.526 46.7781
579 45.5511 60.2571 65.5665
580 62.7539 83.3702 64.6882
581 39.7305 79.0334 75.2106
582 36.0292 89.2982 80.8768
583 43.6339 71.2542 52.2418
584 27.6637 92.9539 72.3909
585 41.4666 75.2839 72.9534
586 39.5947 92.8287 75.6578
587 43.5027 86.4144 87.5553
588 31.5157 85.3413 93.8622
589 36.0159 85.85 90.401
590 51.358 70.5178 96.7021
591 57.9341 72.8072 79.4894
592 41.0406 87.0413 75.0261
593 63.4419 81.4435 97.1287
594 27.438 79.3801 80.1636
595 23.6875 80.195 90.1434
596 57.6765 77.2639 89.2846
597 32.2649 75.8216 104.455
598 36.907 62.334 99.8488
599 52.9481 85.0098 92.252
600 40.9826 82.9287 96.9776
601 58.1781 84.3231 101.438
602 56.0446 74.2111 86.2412
603 60.6024 94.7421 101.377
604 57.1705 71.6208 95.5425
605 35.285 82.5177 95.7048
606 54.6244 93.5815 102.35
607 38.0106 74.2375 94.6091
608 42.7983 67.6129 104.974
609 30.0684 88.9557 103.149
610 47.3792 85.7023 113.539
611 59.2395 75.7071 118.592
612 49.6593 83.702 118.342
613 27.9053 68.6232 108.951
614 43.4249 88.2475 114.316
615 50.2535 77.3197 118.816
616 38.1898 104.853 -0.412854
617 44.7958 113.237 1.19716
618 57.1233 113.418 1.28345
619 28.79 111.037 8.21578
620 52.1067 113.622 2.62303
621 37.7451 109.079 11.0752
622 54.8763 105.144 19.9181
623 34.953 98.1784 12.3166
624 49.0764 90.05 13.4214
625 39.0977 112.498 0.140791
626 47.5156 103.174 19.3639
627 35.8682 113.351 20.447
628 34.6451 103.06 14.2447
629 39.7806 101.902 21.0143
630 28.0697 107.153 27.6643
631 29.668 97.0415 14.6976
632 23.7886 106.205 33.5441
633 33.8335 113.225 28.479
634 49.8452 89.4982 30.1609
635 38.281 104.019 27.6833
636 49.685 112.675 41.7683
637 36.0615 92.8074 43.483
638 49.8336 112.64 39.006
639 39.4412 97.1772 35.6051
640 55.9091 102.103 54.7852
641 52.832 107.908 46.6079
642 59.1465 100.089 55.6562
643 35.7761 113.093 46.5895
644 43.0809 92.8629 52.6651
645 52.1123 112.968 44.0325
646 45.1813 112.531 45.1738
647 55.4361 89.3136 48.6662
648 29.9712 112.547 51.95
649 25.574 113.036 69.9794
650 47.6503 113.055 72.654
651 30.2556 113.29 59.8745
652 49.3955 103.004 75.6155
653 49.875 112.699 57.3735
654 32.8274 103.558 58.3771
655 37.4611 109.255 67.9182
656 65.7754 105.865 64.9324
657 24.0094 91.5581 76.6059
658 47.4293 96.6185 88.0417
659 39.1116 97.6391 72.3539
660 23.5648 93.2995 85.3117
661 37.2874 100.749 87.729
662 28.5698 113.253 81.377
663 37.6486 113.448 77.9545
664 43.5441 103.078 93.451
665 37.4816 105.527 86.3838
666 47.5651 113.466 80.7583
667 37.6151 96.0464 72.904
668 44.7519 99.3899 92.9625
669 34.6354 105.216 80.7503
670 53.8144 84.3305 70.9338
671 31.6827 98.059 76.5585
672 33.3595 94.3832 92.3735
673 53.8649 113.69 86.0409
674 37.4767 92.7999 111.176
675 37.4528 113.358 106.621
676 53.664 102.761 93.7346
677 32.1662 112.988 99.8035
678 57.7687 113.645 93.5193
679 41.2569 111.267 117.964
680 45.0847 92.7676 118.618
681 52.6519 94.7111 103.837
682 47.5335 112.586 119.113
683 37.411 93.1988 118.414
684 48.9872 113.259 114.896
685 33.4278 113.895 104.127
686 25.2489 113.659 104.173
687 35.5206 113.477 116.276
688 51.6777 103.305 116.156
689 53.1787 99.7448 118.831
690 53.4034 113.514 108.836
691 66.2615 9.02618 -0.0184502
692 62.6718 14.6087 0.246266
693 82.985 5.06469 9.15934
694 78.0561 20.8802 13.9276
695 64.9998 18.1188 -0.234678
696 57.47 24.9741 17.9042
697 80.1189 -0.087437 13.8474
698 53.6001 23.4023 25.1407
699 50.4301 23.4172 13.1222
700 63.9111 0.264451 24.1841
701 78.0131 9.82003 19.6792
702 75.9416 0.316779 21.8867
703 59.814 17.8935 24.0986
704 70.2752 10.5843 23.8809
705 66.7299 4.62561 13.6812
706 69.2293 9.69865 48.6388
707 61.6124 0.561162 39.889
708 79.5113 15.816 41.8264
709 77.8106 25.695 39.8144
710 61.1318 16.3014 40.7772
711 55.6943 0.432651 32.1139
712 55.0036 24.281 42.5331
713 66.3351 11.9831 37.3789
714 87.1647 15.0698 28.5466
715 63.3226 12.1348 39.9382
716 59.8143 25.608 68.0581
717 69.0177 6.38787 46.9195
718 89.3105 12.6383 52.0088
719 65.4283 14.7217 66.0876
720 81.4993 21.1702 68.7629
721 71.5185 0.164089 73.944
722 72.0136 8.54346 58.1426
723 67.7798 11.8573 60.068
724 53.5345 -0.174394 71.6033
725 76.5507 9.23865 59.084
726 55.9216 21.8801 60.7824
727 79.1162 5.35027 76.9847
728 49.6659 22.7461 88.6118
729 70.6683 18.8727 87.4448
730 77.759 39.7424 86.4213
731 66.3807 5.20986 82.3408
732 79.4 -0.0538806 100.078
733 85.4964 8.49929 118.77
734 87.9739 10.5979 99.8607
735 70.8301 7.08164 118.618
736 85.2452 24.7892 118.916
737 64.7447 19.985 99.6478
738 60.4211 3.68933 111.275
739 81.9017 8.49605 108.996
740 73.6604 23.0371 118.798
741 67.3089 19.8248 118.548
742 67.7283 12.168 116.145
743 84.9373 12.4078 119.108
744 59.507 -0.524069 107.479
745 81.8904 12.8764 118.715
746 61.8445 -0.624321 105.103
747 61.4689 15.8422 118.608
748 72.9437 31.9774 0.0537296
749 80.5817 47.2713 0.162895
750 81.7552 40.7153 0.108477
751 82.1777 34.9981 18.8892
752 70.3015 37.0881 -0.0924752
753 61.7281 26.8132 -0.157155
754 80.564 43.259 34.8066
755 64.6773 52.3397 27.6546
756 61.5162 48.7172 24.6323
757 55.9711 33.6615 25.5921
758 66.7398 16.7952 11.1965
759 67.9416 23.4873 43.5814
760 65.8084 34.0258 35.8111
761 69.5973 39.8092 41.862
762 63.3562 19.8784 43.674
763 77.2905 7.99625 76.6221
764 83.4892 29.7074 60.2747
765 61.9539 53.3133 60.9002
766 64.5059 27.3121 52.6451
767 77.9526 29.6853 60.0717
768 80.1974 29.9925 59.1653
769 90.0542 49.8794 52.3641
770 74.0886 38.2065 45.3168
771 84.2405 30.1554 62.0822
772 88.1377 39.4834 49.5028
773 74.5358 26.0623 85.0814
774 70.9136 40.2757 67.2879
775 66.6382 37.7088 60.5764
776 72.8219 31.7582 70.1857
777 82.0047 26.8118 69.8628
778 81.5835 45.225 74.5786
779 83.8125 26.8581 72.9243
780 61.5055 40.254 57.403
781 63.911 33.8664 80.5915
782 79.6165 36.5285 70.6294
783 64.5881 34.0719 84.2608
784 69.7797 31.5147 84.4304
785 68.7488 43.3152 90.5574
786 82.2318 40.4293 77.7322
787 72.9495 29.0865 79.1609
788 65.6391 60.3744 81.2024
789 54.1233 41.9356 85.1207
790 68.0019 22.9946 77.6055
791 89.5193 45.4646 93.0615
792 47.9854 43.8861 93.005
793 66.3188 26.3709 85.1807
794 63.5806 20.6244 97.5774
795 60.1937 31.9113 83.7274
796 62.0263 52.3634 97.3875
797 81.8917 20.5884 97.866
798 73.3889 42.7799 104.71
799 61.65 38.491 99.9471
800 72.0481 55.1335 109.998
801 76.5909 19.7642 104.233
802 74.1535 30.7542 92.0875
803 61.6574 40.2725 93.7122
804 57.3958 43.9654 118.668
805 67.2702 26.4694 118.421
806 61.553 23.0834 108.482
807 67.5571 24.9013 112.174
808 61.517 39.1837 106.944
809 88.618 38.3357 118.608
810 84.8747 47.4462 0.217272
811 81.0453 74.1786 0.180598
812 56.0071 54.3062 -0.0916543
813 58.5082 56.1874 7.54822
814 58.042 53.3894 5.75854
815 63.5712 54.3217 7.17773
816 57.8107 55.3779 3.91423
817 92.4632 71.6137 7.61029
818 69.327 57.5024 14.4054
819 72.652 62.1728 13.598
820 88.6532 47.6548 7.99398
821 60.5619 52.3496 14.6737
822 59.7154 63.9302 7.90429
823 62.0763 48.877 22.3306
824 68.7798 78.2252 19.4084
825 66.6727 63.2897 18.1612
826 67.7244 59.8253 18.8915
827 56.1153 57.8437 25.1951
828 83.8189 56.7296 34.2533
829 80.6874 70.7773 26.7657
830 78.5031 65.5871 26.5268
831 80.1554 64.5246 46.3174
832 60.1539 64.5103 43.3469
833 84.8122 45.67 49.1187
834 55.8462 61.2078 28.2581
835 62.4746 60.3171 34.6047
836 84.1039 62.611 32.168
837 79.4615 68.2658 43.5704
838 75.313 63.3025 38.8291
839 75.774 53.318 71.1948
840 61.6062 53.3338 68.6373
841 79.7744 77.2511 53.0192
842 70.6352 54.1652 74.8853
843 77.5517 56.417 58.1281
844 76.013 50.8213 75.2098
845 77.9909 62.3481 67.2253
846 82.7623 46.6858 66.3982
847 65.4894 58.861 56.3571
848 72.9165 69.0191 66.3587
849 67.5253 66.7565 74.0385
850 69.7981 45.0523 77.2854
851 77.7202 50.3795 91.2478
852 63.0231 51.8279 87.1285
853 77.6794 62.8847 74.2274
854 65.5357 47.32 62.6728
855 94.9705 52.095 74.0754
856 69.8878 62.3355 87.7751
857 71.7421 51.4429 77.6355
858 78.7951 70.3901 96.3865
859 65.4798 61.3978 93.6307
860 67.2477 65.2422 96.6819
861 68.0077 43.6342 108.429
862 67.6735 70.5149 97.1549
863 80.0269 42.8148 97.1376
864 73.8625 44.6262 98.1684
865 76.3625 50.224 97.7834
866 66.3933 28.0899 75.1173
867 65.0539 68.6316 109.201
868 82.8328 53.9076 112.906
869 75.61 48.9272 107.494
870 90.7925 27.8562 118.686
871 63.5528 65.1917 118.665
872 72.8 66.4215 118.724
873 88.2732 62.2674 107.394
874 81.8879 54.1916 118.927
875 82.6838 55.9405 118.756
876 94.1617 78.6202 0.319622
877 60.4465 73.9715 0.250643
878 80.403 82.6804 -0.11835
879 71.9886 82.2152 0.0558797
880 69.4303 85.78 12.1597
881 61.877 78.3886 -0.197132
882 59.7418 71.3135 0.136115
883 70.0796 74.9404 10.5527
884 62.9456 70.4054 0.117674
885 66.5547 89.1607 7.13041
886 71.3172 79.5447 34.8609
887 63.6826 76.252 19.7415
888 81.5487 76.5678 24.358
889 65.8668 82.2699 30.5145
890 73.3932 68.1735 39.0349
891 59.367 92.9423 20.3317
892 79.4 84.5347 36.6259
893 62.1275 67.3607 31.8482
894 94.619 86.1649 32.0128
895 68.9483 57.0885 45.2878
896 82.0995 86.7581 29.3875
897 77.9126 76.1443 48.814
898 84.0328 94.4365 14.1005
899 88.3873 68.5954 47.2371
900 79.9139 89.7381 47.9237
901 73.8449 87.725 45.0949
902 73.7497 81.58 62.4162
903 71.5576 91.9538 57.6027
904 65.8134 89.2317 48.9091
905 75.2409 71.7272 60.1825
906 65.8845 93.6819 55.9413
907 89.8522 70.5445 49.6888
908 71.8824 76.5507 69.2967
909 60.6327 93.9198 64.5657
910 71.6486 83.5118 56.17
911 87.8948 74.3685 76.0936
912 80.0019 76.5247 82.1045
913 71.7395 86.1587 67.0503
914 73.6649 90.7148 58.7234
915 78.2119 74.0407 58.5452
916 76.1738 71.4921 72.7624
917 50.363 77.2534 65.3965
918 60.3826 78.4874 92.7292
919 66.1853 74.9353 69.8944
920 71.5906 70.847 76.1155
921 87.7596 87.407 82.011
922 71.7464 73.9602 81.5779
923 62.8316 79.2991 94.1824
924 59.5449 80.3373 89.7874
925 59.1936 89.2103 100.841
926 58.8677 70.1607 80.8324
927 82.2632 86.2164 96.5516
928 63.0955 89.0836 103.347
929 69.5924 75.5281 98.3884
930 59.7239 89.7735 118.721
931 78.027 68.2223 118.639
932 79.1541 70.3829 103.921
933 79.1471 90.9029 105.835
934 66.9002 76.592 118.464
935 60.6179 101.579 108.593
936 62.79 77.061 106.223
937 69.5526 89.5104 113.749
938 86.163 93.8052 22.0157
939 57.3944 99.6766 9.46944
940 61.2111 96.6943 5.5134
941 78.6341 85.6579 0.0676325
942 71.9903 96.0075 25.847
943 80.0877 113.531 20.8792
944 84.4504 113.037 29.5919
945 60.3305 103.301 41.8774
946 52.8805 113.421 10.9927
947 63.931 113.491 17.9281
948 62.841 102.145 29.5222
949 63.4576 93.7328 29.326
950 67.1956 99.6637 28.5903
951 64.1862 112.797 37.6664
952 64.0056 108.885 52.1503
953 71.3885 90.5885 24.9444
954 102.458 102.476 33.2692
955 66.5519 103.749 48.7763
956 79.7761 92.4768 48.8058
957 98.9016 104.746 60.5235
958 71.9985 112.881 49.2108
959 76.8959 92.205 48.786
960 68.2076 91.0613 50.5676
961 63.7253 107.113 63.966
962 69.7921 103.329 67.0957
963 59.8887 112.868 41.5336
964 62.832 81.7239 35.5227
965 84.3519 96.3972 53.2128
966 72.0986 99.0254 56.8203
967 62.0878 102.475 48.7015
968 85.1574 92.4204 43.4791
969 75.8784 97.3804 74.1146
970 87.761 87.7633 68.5912
971 57.7014 112.91 67.7687
972 77.651 95.4723 76.0213
973 87.9943 85.8171 75.3757
974 64.5888 112.663 63.7078
975 59.9508 101.835 73.5976
976 67.3759 109.955 82.6234
977 80.7953 96.9727 74.4175
978 73.8549 99.5006 93.9709
979 65.3683 102.796 75.6524
980 83.6901 88.5299 94.3318
981 84.4757 113.22 89.7142
982 63.9038 113.201 80.8482
983 66.7298 113.715 75.5171
984 66.219 100.324 93.9661
985 81.8058 113.322 80.982
986 81.3182 113.326 105.156
987 73.5915 89.1731 109.019
988 65.5165 98.1219 92.238
989 87.8177 86.5442 95.2872
990 58.0463 91.4465 99.0848
991 91.8437 112.979 75.8663
992 74.1049 103.239 103.321
993 68.2725 103.807 104.438
994 58.7678 95.9502 100.372
995 75.6215 105.446 89.3131
996 47.6318 113.644 96.9235
997 59.5954 113.59 101.419
998 76.3992 93.0211 118.883
999 59.7612 113.74 111.553
1000 93.6701 103.566 118.826
1001 64.83 101.195 118.841
1002 88.5654 94.1818 118.556
1003 66.9707 97.5478 118.652
1004 80.5583 113.442 110.163
1005 62.4476 100.557 102.095
1006 71.7549 95.0987 107.201
1007 69.6462 100.417 113.174
1008 114.338 20.1958 6.38442
1009 101.551 17.9018 2.77163
1010 89.9449 21.0481 11.1772
1011 107.032 0.146039 2.7454
1012 96.0361 0.244204 0.866397
1013 100.179 16.8545 11.7292
1014 93.7958 20.5184 13.6006
1015 108.199 12.6164 20.5732
1016 102.323 19.0872 12.528
1017 99.7883 0.529119 21.9783
1018 85.8595 15.8456 20.2147
1019 102.696 16.1621 12.7959
1020 96.36 8.14384 18.4343
1021 88.5683 18.0765 12.9766
1022 99.2444 31.2056 29.5923
1023 87.5246 0.303472 40.0199
1024 113.586 8.45535 35.0899
1025 101.592 26.6598 33.6627
1026 91.5415 31.1626 26.9301
1027 103.209 15.3124 36.7272
1028 91.8845 16.7075 40.8099
1029 105.797 10.7107 42.6189
1030 103.437 14.4262 45.3774
1031 86.3941 0.868433 51.6937
1032 113.12 3.91132 58.8183
1033 103.378 16.8271 51.4688
1034 113.263 21.2999 50.7737
1035 93.4442 0.476536 40.0555
1036 113.342 27.3746 49.5275
1037 98.6236 0.928082 41.3841
1038 97.1813 31.7331 64.3509
1039 90.7849 0.178196 78.4888
1040 113.822 27.0983 70.0662
1041 108.586 -0.107342 73.604
1042 105.626 0.278586 68.6164
1043 87.5613 0.396698 63.6309
1044 98.377 7.44152 69.6302
1045 88.8919 24.7019 64.6653
1046 94.7215 0.253606 80.8545
1047 75.8316 5.55199 93.303
1048 97.8631 15.3173 96.4643
1049 107.814 -0.184924 84.1344
1050 99.2309 0.411408 80.6035
1051 113.637 29.3972 79.2934
1052 105.79 28.6703 76.182
1053 107.919 12.0529 90.9407
1054 111.657 -0.110673 91.9068
1055 105.142 11.0945 75.2266
1056 90.3407 11.6355 87.061
1057 113.667 5.93984 83.3531
1058 99.7646 8.90653 101.223
1059 98.1465 -0.373473 104.663
1060 103.827 18.8857 83.5712
1061 113.719 1.69728 87.2459
1062 83.7737 6.73902 89.7882
1063 93.8482 21.4009 89.2857
1064 90.5915 0.0212184 116.073
1065 112.502 1.10957 81.9001
1066 98.4964 0.227273 108.723
1067 113.855 5.76062 113.8
1068 112.343 4.62946 119.136
1069 101.95 8.16826 106.457
1070 93.2906 38.7575 0.0470041
1071 78.5186 29.3961 0.160617
1072 95.8632 16.3081 10.3533
1073 98.231 50.2812 15.5066
1074 93.32 46.0535 0.264479
1075 98.4947 47.0344 2.78026
1076 101.994 39.012 -0.030828
1077 98.2541 43.9883 4.9333
1078 114.756 42.6565 11.3104
1079 90.0472 41.7124 19.4504
1080 85.6728 29.1426 26.5149
1081 114.189 42.9146 19.4764
1082 70.4381 35.1829 51.4503
1083 113.269 38.9706 39.2058
1084 101.922 25.2089 26.4401
1085 82.1391 57.8119 25.7304
1086 83.5638 31.4533 37.6709
1087 113.626 42.8893 27.1436
1088 101.756 39.4235 39.8795
1089 101.218 21.3294 42.8829
1090 87.9353 38.7704 29.5075
1091 83.8999 24.0929 35.5534
1092 105.354 33.8131 56.8072
1093 95.0503 44.2949 57.7296
1094 102.127 35.8651 57.3508
1095 103.884 45.4618 46.2931
1096 90.2457 44.4845 57.74
1097 113.273 22.4587 45.5186
1098 108.044 29.8286 53.5959
1099 105.355 47.1491 44.4812
1100 82.995 26.5514 59.2579
1101 113.311 29.5643 48.3124
1102 106.414 37.5866 54.893
1103 113.276 34.6134 57.7651
1104 95.7884 44.9124 67.3817
1105 83.8926 25.8433 70.629
1106 107.766 38.8667 71.4821
1107 89.3425 40.8615 70.8368
1108 113.373 20.6161 61.4697
1109 113.4 39.5155 62.8466
1110 113.549 39.1556 73.3414
1111 105.466 36.0295 57.7637
1112 95.6758 21.3553 63.7061
1113 109.371 29.1649 58.0145
1114 90.7095 27.8564 85.2891
1115 100.431 29.3178 82.0038
1116 114.245 33.6663 91.3878
1117 90.0994 30.1111 83.203
1118 96.2287 40.9753 73.1537
1119 85.3647 25.3778 86.2354
1120 81.4047 43.5636 90.6054
1121 98.1998 27.9521 85.2203
1122 98.1235 24.5321 87.125
1123 96.1306 43.6048 91.0409
1124 87.8382 18.6969 96.5034
1125 114.086 48.4687 102.741
1126 108.346 44.1301 93.1854
1127 89.8593 30.4457 108.218
1128 97.8785 28.7955 104.494
1129 100.697 41.1855 102.287
1130 108.079 23.2006 118.525
1131 108.598 31.535 118.406
1132 114.158 36.0072 109.915
1133 114.025 39.1185 111.634
1134 102.19 33.3906 118.67
1135 102.073 35.6733 111.97
1136 85.0119 45.4132 108.511
1137 109.266 64.3622 7.14487
1138 114.48 52.0715 4.86002
1139 96.1447 50.2044 0.462577
1140 114.466 47.8241 18.2114
1141 113.689 66.4198 28.207
1142 113.612 73.1095 35.7511
1143 101.441 62.0585 24.4326
1144 89.4705 59.9551 18.1647
1145 93.6164 54.584 15.6322
1146 113.821 50.0262 24.5508
1147 113.964 65.0168 22.935
1148 99.9797 61.2714 17.6572
1149 95.322 70.3174 0.458481
1150 87.9336 65.6744 35.32
1151 113.945 61.4734 20.9993
1152 103.878 57.9119 41.1683
1153 96.7684 43.0094 34.7748
1154 94.0315 64.9421 41.6403
1155 105.497 55.456 29.5534
1156 99.8748 62.5134 45.3887
1157 113.318 47.5955 39.3454
1158 113.487 70.8025 42.8106
1159 95.8151 58.9586 48.6041
1160 113.568 68.5231 60.1756
1161 113.531 52.4592 58.9965
1162 97.3612 62.6592 61.1547
1163 89.5037 56.79 58.2998
1164 99.1855 62.5783 51.4395
1165 113.589 59.2372 51.4932
1166 82.188 65.7861 42.7323
1167 113.477 62.3298 55.8741
1168 85.8395 73.4581 53.3638
1169 93.1691 66.1703 53.8769
1170 113.492 61.2911 65.2993
1171 104.681 57.452 72.0839
1172 113.416 54.6523 54.9228
1173 95.779 58.7668 61.9993
1174 108.381 63.7477 71.7161
1175 87.3583 64.9726 70.8196
1176 105.715 71.363 62.9511
1177 109.933 68.247 78.3999
1178 96.6878 64.7847 72.6941
1179 91.4488 46.4383 58.3685
1180 97.5448 43.4281 52.3928
1181 113.489 46.1198 65.4608
1182 113.916 48.4206 81.8879
1183 113.797 43.3102 76.7158
1184 93.4382 62.3322 86.9406
1185 101.892 53.0428 96.9687
1186 97.6429 53.8618 76.0303
1187 113.86 67.1968 88.9663
1188 114.262 52.6333 100.63
1189 113.732 53.0405 96.698
1190 100.51 57.0545 97.2734
1191 105.881 76.8729 79.5913
1192 98.1677 54.9625 90.6123
1193 93.7706 53.0684 89.2088
1194 93.9316 44.6007 90.6108
1195 114.139 41.3928 86.9697
1196 95.8967 54.0485 98.7861
1197 93.545 61.8216 103.971
1198 102.012 58.4522 103.461
1199 93.4409 60.0767 94.0327
1200 86.6701 51.3877 104.318
1201 95.8222 66.3695 110.135
1202 96.087 51.1269 118.843
1203 109.002 59.4161 118.714
1204 110.464 68.2948 106.123
1205 101.788 50.2463 109.165
1206 112.677 65.339 118.564
1207 91.2098 91.1934 0.215561
1208 82.3332 78.6405 0.141141
1209 91.6164 90.7472 9.77017
1210 114.386 80.6026 12.729
1211 84.4834 91.9641 18.8767
1212 110.027 91.919 6.7646
1213 94.1115 74.925 0.310438
1214 85.6813 71.1119 11.3588
1215 92.3769 82.086 0.0956782
1216 98.1431 96.1401 0.380165
1217 114.374 92.4565 12.4554
1218 113.782 68.5384 23.4853
1219 85.5524 64.74 14.6811
1220 90.0623 78.4402 20.77
1221 107.955 89.0536 17.9776
1222 113.931 79.991 25.3128
1223 76.0168 100.496 22.4479
1224 82.0741 92.5426 12.9984
1225 103.591 77.4957 20.9498
1226 96.7245 73.2945 33.4984
1227 113.419 97.7927 45.2674
1228 105.43 67.4147 55.1667
1229 94.356 78.7534 44.6158
1230 96.6173 84.6002 37.6254
1231 81.417 61.0956 38.9105
1232 113.15 83.2422 40.2759
1233 87.1196 86.3908 42.8733
1234 96.5921 73.5959 39.2096
1235 101.756 71.4315 44.1921
1236 91.7666 93.2123 59.5067
1237 91.3215 75.0945 43.7229
1238 113.273 85.0717 51.302
1239 93.2881 78.3126 41.0261
1240 99.4557 98.225 65.7093
1241 107.789 75.3018 64.9244
1242 94.2506 70.4937 68.2421
1243 103.377 75.4496 64.675
1244 97.8009 71.0402 57.7324
1245 113.655 90.1001 69.0845
1246 113.828 71.3729 74.1516
1247 113.725 76.0132 74.3357
1248 105.464 79.3726 72.5215
1249 113.728 84.9308 77.0388
1250 95.5542 76.4696 77.6287
1251 99.8748 71.4888 91.2254
1252 89.9213 77.3114 84.5766
1253 114.071 78.079 84.6125
1254 86.6081 77.1967 75.8434
1255 106.264 69.8062 80.2676
1256 114.039 80.1892 80.3438
1257 90.4702 74.3824 92.0287
1258 114.061 75.8849 99.0796
1259 93.9812 82.4259 96.121
1260 105.231 71.0485 95.0312
1261 114.02 83.4072 94.8248
1262 97.9092 72.7246 103.212
1263 95.8441 68.9442 100.786
1264 88.5775 80.4045 90.6269
1265 113.897 80.7446 98.5006
1266 108.62 74.0995 106.8
1267 87.7761 68.5093 118.681
1268 114.151 71.134 109.939
1269 91.7007 68.6308 118.587
1270 106.281 82.3636 118.868
1271 114.149 83.2992 110.073
1272 95.9595 79.3461 115.885
1273 84.383 85.0574 107.404
1274 114.076 92.4037 113.034
1275 90.2526 72.0222 106.459
1276 110.924 84.4205 106.387
1277 90.2022 82.7017 118.671
1278 81.193 73.397 118.718
1279 96.2696 78.6878 103.693
1280 104.45 65.859 118.575
1281 114.461 95.1223 23.2417
1282 101.039 113.351 19.0323
1283 108.774 113.588 13.0391
1284 114.436 92.3626 10.1365
1285 91.9479 106.593 15.4001
1286 103.9 89.1198 28.5968
1287 109.909 113.076 23.5433
1288 87.1563 106.467 28.7791
1289 113.383 103.11 31.8995
1290 93.0053 98.7147 27.4156
1291 102.587 101.803 29.7897
1292 89.6043 113.193 36.6102
1293 113.721 90.338 22.0837
1294 113.068 112.023 35.4641
1295 95.2859 112.973 36.6557
1296 95.6913 101.029 24.5806
1297 87.6956 112.937 36.9521
1298 105.327 112.907 44.6985
1299 107.867 98.3547 42.9711
1300 113.681 93.8734 30.9496
1301 97.5225 90.1339 35.1987
1302 80.0096 93.5843 35.4812
1303 113.446 110.043 52.493
1304 113.347 88.5572 41.7104
1305 108.17 112.591 48.1403
1306 92.518 112.493 50.5984
1307 100.415 86.7368 54.4004
1308 96.0644 95.8509 60.3434
1309 110.168 94.9061 66.3229
1310 95.1437 88.1534 68.849
1311 92.0472 82.3292 73.1419
1312 102.79 86.1558 53.3412
1313 109.388 113.038 60.1527
1314 85.3071 112.958 67.8499
1315 113.706 94.671 73.395
1316 93.6671 91.5964 71.3821
1317 109.034 113.014 87.3093
1318 112.375 112.857 76.9234
1319 109.807 98.5063 76.5933
1320 90.0537 93.7799 94.8677
1321 113.682 92.3757 77.8393
1322 98.0519 90.4763 75.0111
1323 113.925 89.5643 81.3869
1324 101.625 113.724 88.5061
1325 87.2989 85.7048 83.5851
1326 114.233 92.1763 107.76
1327 92.34 96.4605 96.6628
1328 98.5648 86.8853 110.096
1329 113.825 92.1799 94.7732
1330 100.175 94.8556 99.3974
1331 79.7366 113.416 96.529
1332 92.6899 113.094 94.9782
1333 97.9951 108.543 102.858
1334 106.007 100.547 108.431
1335 97.9435 89.9053 103.512
1336 113.829 103.852 116.894
1337 114.356 97.443 107.845
1338 112.646 113.611 115.714
1339 92.9565 110.747 109.53
1340 113.958 104.559 110.255
1341 90.2096 100.069 99.1428
