0 8.03265 22.4071 -0.608005
1 4.37022 33.0791 44.555
2 7.77087 -0.730235 4.72557
3 34.5869 -0.126473 13.6323
4 67.1979 75.3372 35.5892
5 16.3543 26.9357 13.3078
6 43.5107 -0.216044 10.2548
7 30.1698 5.47186 -0.372028
8 19.6756 6.8733 -0.568274
9 11.1801 13.8797 -0.26777
10 4.31317 14.4982 33.7927
11 4.57794 9.66963 51.0827
12 28.0864 20.3037 11.5433
13 7.92323 -0.575579 14.7122
14 22.2635 89.4642 56.0615
15 24.5545 12.3033 -0.480831
16 3.78169 12.8899 -1.03946
17 4.03996 35.6581 21.8844
18 5.88548 4.65679 32.1966
19 47.5207 6.93477 25.1517
20 5.21361 4.28617 50.5456
21 55.8363 2.63725 20.9331
22 4.298 13.5788 61.8197
23 1.31347 0.61302 13.9133
24 22.8311 3.73706 50.0567
25 44.1155 3.46206 51.6886
26 26.3792 1.73018 69.9316
27 4.42839 15.9899 50.2833
28 4.32748 42.4672 32.3418
29 49.2844 112.931 36.2646
30 41.1502 2.20246 77.0635
31 2.19195 24.0019 84.0187
32 53.6771 5.84677 31.294
33 50.7329 3.82766 43.654
34 71.8436 53.6854 48.4529
35 2.29692 7.32232 76.5547
36 2.10694 21.1688 71.7676
37 55.3818 48.7027 51.5591
38 62.1844 0.226752 97.2089
39 42.3181 2.13378 70.284
40 12.3082 3.64038 45.5866
41 67.0635 0.521536 101.356
42 -1.12384 56.2477 114.849
43 -1.2676 37.1863 113.321
44 28.4298 1.71105 80.2994
45 1.73907 55.6799 79.5098
46 22.2249 14.5381 61.4358
47 22.3835 -0.473571 108.756
48 4.45386 21.8284 42.6251
49 23.6601 113.112 95.198
50 68.2292 2.09301 62.4293
51 2.15715 7.79982 87.7895
52 3.99743 53.6736 30.8703
53 2.65943 7.88919 74.8409
54 9.35339 5.2989 25.9073
55 22.3602 1.34767 72.469
56 16.687 3.57113 50.7506
57 73.9995 0.450028 97.3149
58 2.75431 15.4535 123.844
59 45.8141 1.62694 83.1837
60 14.9428 -0.462125 116.283
61 4.26155 1.58045 94.724
62 20.7948 17.0854 118.183
63 36.4394 1.49534 88.0893
64 1.49743 56.1828 90.897
65 27.2213 12.3144 123.466
66 22.0334 0.741604 101.224
67 25.2017 1.53796 89.7472
68 77.5168 30.2671 124.01
69 20.3505 10.0894 123.516
70 12.066 0.604906 92.9832
71 2.55165 -0.356413 121.213
72 31.3733 18.6743 118.586
73 9.45674 12.1554 103.274
74 -0.458975 10.4298 108.925
75 6.86814 0.283637 81.3588
76 13.5617 -0.656272 106.939
77 25.4913 40.8219 8.5905
78 24.2724 28.7392 12.8485
79 -0.140185 28.1612 13.1844
80 27.9411 43.6153 -0.372509
81 53.0055 42.0812 57.6047
82 4.29123 30.6335 24.4218
83 -0.0986754 32.9179 12.5255
84 33.078 73.1449 43.7515
85 95.0612 77.4544 17.8627
86 4.43026 66.0987 30.7378
87 -0.449729 47.1097 6.89696
88 8.02593 59.3665 10.1243
89 28.2295 29.3323 -0.348414
90 11.7939 33.0935 9.45774
91 4.13502 34.334 59.9412
92 -0.660919 54.808 99.3128
93 68.5213 53.4115 85.9775
94 1.13479 29.7379 123.299
95 4.08367 48.8832 46.9482
96 11.8272 3.70403 40.7102
97 4.33345 53.6567 54.8125
98 4.11714 62.8802 31.6854
99 60.752 45.0516 48.6528
100 4.41752 37.0258 58.5428
101 4.33263 35.438 37.2589
102 3.86812 76.668 52.2149
103 -0.147808 42.9237 11.5762
104 31.7171 49.6179 25.5619
105 4.00206 1.60745 100.082
106 46.657 64.8282 49.5738
107 31.4372 66.673 73.925
108 1.82172 66.6597 18.3332
109 0.0705357 28.2697 15.904
110 0.918065 24.3272 0.0560239
111 -0.225529 23.6457 11.25
112 1.89711 55.9924 64.4834
113 45.0894 40.5591 101.685
114 75.3358 7.19686 41.287
115 -0.380582 49.3731 10.5146
116 2.95765 49.6914 62.421
117 1.88186 32.505 97.2599
118 76.8972 42.0374 86.7784
119 3.79977 72.6233 123.449
120 35.0898 38.9575 29.4106
121 1.89951 70.6411 70.4314
122 2.26471 30.1751 75.4123
123 -1.01876 104.073 81.7899
124 -0.950668 56.2946 104.265
125 4.44347 30.5503 48.5415
126 3.13216 28.8373 64.8172
127 45.1007 -0.876791 107.477
128 61.1034 13.289 102.143
129 -1.35452 65.6054 110.63
130 -1.41245 73.217 109.011
131 79.6334 19.2587 89.4816
132 14.2938 51.4069 94.0317
133 2.03435 38.2838 66.2057
134 32.5974 76.8557 55.3818
135 1.70653 48.9079 81.9961
136 2.04687 44.5916 83.6331
137 35.4866 28.0798 109.975
138 13.3788 42.0704 114.294
139 2.0969 28.1175 93.5389
140 22.5709 34.8308 124.12
141 27.3725 35.419 109.408
142 5.90145 34.1703 123.306
143 -0.774056 42.3516 104.64
144 15.8591 45.215 108.709
145 28.0752 113.195 92.5636
146 4.84787 1.45878 73.2798
147 5.2822 57.921 116.928
148 10.6047 29.4231 124.041
149 11.1294 57.1983 123.692
150 3.28878 51.8438 123.427
151 22.7359 54.162 123.648
152 -1.01674 42.1864 117.236
153 -0.937804 75.9312 94.2737
154 18.396 53.1971 110.194
155 8.43801 59.2637 104.213
156 28.2433 57.0599 115.444
157 35.1389 50.2725 98.9442
158 19.709 27.1563 102.717
159 -0.618086 80.1253 82.3253
160 69.5081 36.8721 79.1117
161 -0.168288 17.1181 106.096
162 2.07521 11.5677 91.1988
163 -0.407432 68.4607 3.50972
164 22.4892 83.8815 -0.0562292
165 44.977 52.3865 25.2887
166 26.1171 69.1725 11.8548
167 6.44911 64.276 -0.388067
168 19.9379 70.5226 13.4214
169 33.1774 33.6706 31.3632
170 22.2609 64.6891 7.70942
171 2.29171 40.6227 74.6119
172 25.9364 67.1309 13.2069
173 29.7754 79.0162 4.55992
174 22.6065 97.886 -0.143502
175 3.66912 74.8317 44.814
176 64.9924 60.9998 51.6503
177 1.92111 64.4308 22.9291
178 1.73894 83.8863 64.6571
179 1.0438 73.1783 -0.199258
180 -0.746713 81.848 7.13767
181 20.0991 70.4655 8.4389
182 14.0286 67.3986 16.2805
183 29.7952 47.9058 24.048
184 19.4683 64.888 14.5413
185 17.6902 74.3643 14.8407
186 -0.807248 87.7526 10.0641
187 -0.494996 66.371 7.55756
188 22.232 61.8025 67.0027
189 3.84652 95.3603 35.9699
190 3.58362 100.358 46.7672
191 3.96296 72.3833 51.4791
192 1.80983 56.008 82.2002
193 29.6604 113.48 25.7898
194 1.74758 79.5554 65.1783
195 35.5955 92.1937 51.0715
196 25.8983 108.97 51.452
197 22.5275 54.8785 61.6824
198 3.86069 83.9968 31.2628
199 3.53026 40.1997 22.011
200 47.4678 73.6863 41.702
201 37.7184 109.251 48.5852
202 81.1994 85.4176 94.4552
203 -0.499371 90.37 66.5475
204 -0.160077 56.893 1.75816
205 2.20981 37.618 70.6174
206 18.7257 113.846 86.4887
207 4.05446 42.0312 58.0239
208 24.1025 113.515 66.805
209 4.33521 26.564 36.669
210 4.11377 39.7366 43.7374
211 3.77814 64.9612 50.4116
212 64.4026 55.3202 29.3929
213 1.94251 44.6784 67.7159
214 1.95918 43.9445 18.2713
215 -0.832449 87.8678 76.241
216 9.57337 37.3778 21.3871
217 73.0851 90.1069 98.6204
218 -0.617772 70.1561 96.8485
219 111.07 103.997 46.5452
220 -1.34135 72.7069 113.233
221 1.87652 68.4232 66.7475
222 3.93842 60.7641 54.6101
223 -0.936948 101.632 76.2247
224 3.60708 112.733 100.356
225 -0.991327 99.3786 69.9105
226 -1.10765 87.6525 98.7006
227 -1.5216 84.8675 107.954
228 49.0949 32.6168 80.6235
229 -0.613003 71.0609 87.4368
230 -0.451515 82.8931 67.4822
231 48.1351 43.9267 42.8102
232 40.9482 114.061 79.125
233 -1.15803 56.8615 110.856
234 -0.709093 47.8817 101.969
235 35.1059 69.3826 87.3914
236 21.589 48.9745 20.6825
237 64.5495 113.99 84.27
238 93.6456 62.7861 88.2804
239 35.1195 96.5547 45.3746
240 7.58381 58.0785 72.5407
241 24.3067 71.313 123.862
242 14.5961 60.8384 113.424
243 -1.40227 70.3573 109.556
244 0.221399 64.6412 123.552
245 -0.699975 49.5353 99.2549
246 6.28041 63.3267 124.127
247 20.9499 81.0124 112.287
248 -1.74913 85.2102 113.437
249 -0.883276 82.8628 94.6082
250 20.9696 60.9395 123.747
251 12.3393 82.9677 107.568
252 40.541 113.739 96.5411
253 24.0802 82.0371 114.122
254 -1.14415 93.7783 97.9521
255 -1.13105 109.869 93.9775
256 -1.08338 78.7672 92.4224
257 23.8852 58.764 123.636
258 9.3932 80.7201 10.3934
259 31.7696 112.827 16.0384
260 22.7596 113.44 20.7071
261 26.0358 112.078 -0.249535
262 26.4374 90.8207 -0.472852
263 -0.347642 74.8816 12.5454
264 3.9169 65.0007 45.425
265 13.1702 111.201 34.5736
266 15.4523 91.8973 12.7799
267 24.0171 101.371 -0.419619
268 49.3651 113.512 18.0549
269 -0.803742 107.567 19.2716
270 27.1794 112.725 28.4585
271 15.16 96.5501 11.8763
272 73.0164 66.0787 48.2949
273 10.8208 109.531 45.9022
274 16.9116 113.336 10.1729
275 3.39767 104.997 46.0405
276 39.4133 110.735 45.1565
277 23.2993 113.526 7.60139
278 2.87885 96.7063 -1.01939
279 5.21997 109.998 37.8658
280 43.493 93.7569 24.2686
281 15.1426 109.823 51.378
282 20.1274 109.263 57.7053
283 -0.603914 83.4052 76.5442
284 37.145 87.2694 77.0688
285 1.79189 73.5746 20.946
286 34.3632 69.1346 85.7268
287 3.52555 100.774 41.666
288 11.1994 113.795 68.7942
289 24.9716 95.8281 -0.226577
290 6.13069 111.059 30.3845
291 0.632371 112.771 10.3634
292 3.71506 72.4265 59.312
293 21.1298 110.274 40.7114
294 4.22041 18.7313 59.9259
295 12.6887 79.7546 17.4786
296 34.9202 113.188 25.8233
297 44.8053 91.7308 26.6517
298 -0.856965 110.689 73.767
299 9.11385 109.98 38.1676
300 3.59709 97.7559 48.2606
301 65.4979 59.5141 44.9674
302 19.0588 113.061 20.653
303 0.375286 113.228 96.7242
304 102.02 112.314 124.578
305 -1.04393 96.695 102.168
306 3.56202 83.8586 58.5368
307 15.0422 113.59 98.4729
308 47.2831 113.837 76.5345
309 10.5435 114.223 73.7456
310 -0.928444 106.085 74.3503
311 41.1719 112.902 33.3832
312 -0.953575 108.289 65.1548
313 3.54477 100.054 35.3883
314 3.66047 97.6486 50.6186
315 2.1756 39.9251 71.1401
316 67.6059 61.8445 44.9399
317 -0.818835 110.94 82.1897
318 -1.24031 91.9854 92.9155
319 32.6896 71.7252 66.4116
320 0.584411 113.134 93.998
321 -0.522991 78.4859 72.3154
322 44.1941 111.905 66.7321
323 28.5427 113.409 111.82
324 9.69656 89.965 123.643
325 24.4133 113.342 119.107
326 3.1846 113.445 76.2106
327 3.7876 112.791 92.5419
328 25.995 102.671 123.775
329 46.4987 113.607 101.782
330 -1.50798 103.553 117.624
331 2.26893 81.4475 118.668
332 50.9654 113.564 92.0094
333 6.86933 113.122 86.2554
334 -1.34046 108.505 101.499
335 8.52772 113.207 106.67
336 -0.494517 85.7237 69.627
337 20.4397 113.073 111.877
338 8.90608 96.0071 123.671
339 6.24569 108.859 112.275
340 30.1434 103.627 123.92
341 -0.863736 109.015 68.926
342 14.4296 98.992 106.693
343 36.3732 11.179 8.41066
344 34.3964 7.73479 23.0194
345 30.7133 -0.452264 13.4619
346 52.7384 9.2975 9.50177
347 40.9023 12.2448 -0.192644
348 51.7667 11.6125 8.76504
349 26.8192 -0.277515 8.38365
350 19.4443 3.85299 16.1615
351 43.5594 4.09703 44.8812
352 55.9754 0.213764 15.0738
353 46.6275 15.0787 10.2387
354 114.725 36.6116 16.9176
355 36.8808 12.4417 -0.318771
356 40.281 14.72 5.31034
357 49.8979 43.662 28.0522
358 53.2244 31.5359 19.6357
359 12.1359 52.6989 56.2067
360 9.12659 2.43405 58.7291
361 37.606 5.45707 20.4271
362 42.3517 2.27654 60.0449
363 78.784 4.11586 48.8953
364 69.2059 14.5865 42.2604
365 4.26181 35.3502 55.6937
366 73.6349 1.17272 16.7178
367 3.86018 58.3141 26.9295
368 64.4927 84.5478 53.4776
369 4.16834 28.0451 58.3477
370 60.5745 1.90657 75.5107
371 36.2033 2.18779 67.5264
372 72.3748 46.992 73.2622
373 4.20426 34.6317 46.7484
374 62.4746 0.468929 89.4458
375 40.5694 81.6917 62.7208
376 65.4707 76.2429 37.0407
377 20.3618 6.06284 34.0514
378 42.343 2.04375 67.7501
379 38.1775 3.46857 38.2929
380 77.3841 46.2095 82.5151
381 52.2305 1.713 80.6541
382 16.7526 1.63344 69.8769
383 36.2387 62.1466 84.1777
384 98.6416 4.23577 57.0196
385 82.3505 0.652574 94.6802
386 51.3703 36.8056 57.2349
387 6.13559 44.003 98.9693
388 61.8967 -0.304989 102.324
389 36.0902 -0.121707 99.6322
390 30.1978 1.79215 62.4017
391 21.2849 27.0978 86.2854
392 86.2275 0.0868513 107.598
393 53.903 2.87363 53.7288
394 2.02017 3.84484 98.9896
395 41.1211 1.69153 92.623
396 43.6783 0.188301 95.6161
397 41.9124 44.2041 96.059
398 21.9471 1.33864 93.4502
399 3.57705 2.70817 72.6773
400 53.8337 53.3159 105.092
401 40.071 1.2064 88.3944
402 54.2921 12.26 123.886
403 20.7195 1.171 97.5324
404 23.7464 27.0033 85.0571
405 31.5274 19.1791 121.144
406 39.8593 3.68322 124.56
407 41.8178 12.4437 123.72
408 53.5731 23.8186 101.096
409 41.6507 27.4531 123.64
410 32.7105 12.646 114.593
411 77.0084 31.8243 93.3952
412 34.5408 1.59771 124.288
413 46.443 -0.142725 121.541
414 47.6999 15.0932 104.482
415 57.8803 12.5602 124.054
416 22.8256 -0.21626 106.31
417 45.7858 10.4719 112.803
418 17.5696 48.2221 21.4892
419 55.924 28.3872 36.2083
420 21.8317 24.7772 5.18329
421 31.2901 35.0812 5.01255
422 1.50483 30.3961 99.5215
423 36.8847 4.92492 35.2161
424 37.3 38.7089 -0.212656
425 52.6957 32.9217 -0.144566
426 111.824 55.7529 51.2611
427 71.6591 13.2148 61.2653
428 57.0135 46.2248 0.243788
429 77.1268 41.0866 26.596
430 48.2126 39.2949 22.9909
431 29.3492 40.7464 8.04931
432 33.1947 47.4915 23.1371
433 35.2578 56.5109 -0.110155
434 27.5124 4.35075 34.526
435 29.9523 26.2599 -0.385174
436 4.08408 56.92 40.052
437 53.3988 38.8617 -0.124191
438 48.2972 57.5564 21.972
439 38.6852 56.4093 2.70626
440 31.936 44.8475 6.45487
441 30.5929 38.8375 53.1298
442 26.5994 54.7308 45.5033
443 67.8622 62.9406 49.0292
444 114.247 18.2618 72.6326
445 71.2042 10.6057 81.3631
446 70.1004 38.6362 41.1724
447 73.1741 54.1471 46.8645
448 68.5916 2.30568 67.4393
449 1.79585 62.8223 82.1664
450 73.769 65.824 45.2022
451 46.6219 60.0486 23.9004
452 70.5937 2.39052 60.1892
453 37.9857 24.5684 67.036
454 22.2117 60.0969 40.3799
455 32.0985 50.5843 22.4641
456 38.7891 0.427946 103.714
457 0.0700959 49.4366 16.0725
458 59.4853 65.9616 57.53
459 36.8079 47.4953 41.6974
460 60.8874 69.9547 57.8917
461 51.1571 73.115 92.5657
462 3.97907 67.6912 41.2196
463 65.9756 -0.231198 107.874
464 33.5139 2.24183 74.1494
465 4.50782 23.6526 53.6587
466 -0.459594 80.2815 74.6905
467 44.5739 4.09631 48.8148
468 2.05418 23.0959 88.0497
469 15.6054 47.5679 77.4134
470 1.70915 60.8931 81.7545
471 92.4089 0.239954 105.174
472 83.6425 70.9919 41.3738
473 44.9181 51.8133 59.1955
474 51.4499 20.5556 43.1017
475 54.2478 2.16984 67.8252
476 28.7091 79.0064 42.9865
477 1.66354 19.057 95.1354
478 2.07487 49.0538 77.4639
479 56.6271 41.1723 81.3612
480 2.10518 26.1287 82.0181
481 36.1202 37.8637 123.888
482 52.3309 41.1015 110.238
483 52.4322 38.6661 121.674
484 48.5401 31.2593 123.701
485 32.3392 33.6033 101.445
486 64.3909 0.275897 99.9444
487 50.8036 63.1646 114.353
488 44.9215 26.4407 124.303
489 54.5861 53.6389 113.139
490 47.75 -0.135516 104.934
491 113.804 46.7396 107.158
492 49.8697 42.2981 116.879
493 46.2406 35.189 109.193
494 37.4446 75.6458 83.5718
495 78.6339 80.0217 81.3683
496 41.8108 42.2893 116.852
497 24.5945 42.7748 112.59
498 47.3914 51.7331 115.807
499 30.4698 1.11329 93.4331
500 72.4572 113.131 29.699
501 49.4486 82.5514 -0.0950719
502 88.3592 113.703 16.7317
503 18.6926 62.728 30.568
504 27.4921 69.2752 9.01446
505 36.8939 73.5501 -0.11682
506 51.4592 113.244 28.6649
507 87.8813 81.7062 39.1571
508 41.4989 68.5949 -0.240932
509 29.6221 82.5818 4.33542
510 54.487 74.7274 13.8967
511 59.0759 95.7496 32.6229
512 53.748 85.245 10.5255
513 48.4565 84.3545 44.9949
514 29.0722 73.4283 -0.344194
515 24.9896 52.4572 22.5284
516 54.5376 72.5206 13.3613
517 88.4008 61.5717 52.5842
518 10.9736 112.712 17.9352
519 53.887 62.1513 16.8111
520 48.2051 53.5008 10.4526
521 45.9338 72.674 39.4365
522 38.5756 70.6299 64.6772
523 59.1313 85.8251 61.3171
524 33.9332 51.7524 23.9285
525 -0.753506 94.5368 80.8976
526 41.5641 23.9889 35.1148
527 42.8245 111.698 42.1652
528 14.3153 2.92085 61.156
529 74.5613 90.2572 45.9772
530 55.2538 22.9272 39.0419
531 82.5069 110.769 56.8304
532 31.1435 73.1905 41.9257
533 70.2122 50.7888 38.3988
534 15.6862 50.5292 91.2336
535 20.2838 65.059 50.663
536 59.2521 106.941 50.893
537 63.4147 53.8906 19.6026
538 38.627 113.666 99.2297
539 44.2904 112.986 21.7576
540 58.8332 109.531 61.7193
541 2.48275 84.8828 60.0364
542 38.0626 99.2136 36.1611
543 31.1609 39.5027 34.9541
544 3.82474 79.2944 54.2095
545 72.4572 32.6822 88.9279
546 4.06857 60.6052 33.3048
547 2.04806 66.6931 26.2571
548 52.2026 72.4444 56.3055
549 103.547 102.268 81.1368
550 40.8381 74.4373 81.2103
551 65.8093 62.03 44.7424
552 22.4798 64.5309 52.315
553 72.5892 41.5742 42.5197
554 55.1299 102.833 67.0275
555 44.5188 68.4765 106.969
556 51.543 91.3312 41.5377
557 56.8946 58.3192 58.4548
558 0.986211 70.3037 81.1504
559 62.2005 111.66 35.6549
560 72.5672 99.0753 102.83
561 4.22652 37.0636 40.101
562 -1.56674 108.509 109.463
563 70.6417 85.3389 70.5903
564 61.3451 63.3569 102.661
565 52.536 53.9477 54.389
566 3.75228 76.9447 55.5905
567 41.6716 66.4621 49.0397
568 1.77159 58.6924 86.6211
569 34.6988 67.2571 83.8984
570 33.6505 61.7042 86.0736
571 33.1769 77.2113 33.7923
572 29.8573 62.6351 90.0863
573 42.4384 96.6805 56.8195
574 50.5767 51.5091 86.3575
575 35.1896 113.612 86.344
576 26.5289 81.9779 123.841
577 24.5641 64.4734 123.85
578 37.5457 97.6384 124.272
579 21.0895 51.7127 105.301
580 56.2438 83.1193 112.734
581 64.9129 20.4213 102.49
582 20.8003 113.679 91.4086
583 72.2896 57.6607 103.187
584 32.8339 71.3317 121.489
585 56.8596 113.475 106.809
586 16.1748 52.1093 90.6267
587 36.1955 78.2222 118.251
588 86.1983 112.998 70.6712
589 31.134 59.7774 107.195
590 55.6155 80.2094 123.987
591 112.9 111.436 105.295
592 -1.1234 92.1706 103.13
593 37.6484 65.2974 110.02
594 50.9187 79.119 42.0446
595 59.5152 36.9596 101.712
596 18.7301 113.171 96.3366
597 36.2967 89.4236 0.0239681
598 20.5935 101.593 0.0979219
599 69.7449 113.886 18.1901
600 46.3353 112.273 -0.308642
601 56.5932 113.498 1.45916
602 16.7948 112.669 25.7633
603 28.7817 89.3794 20.0591
604 51.568 113.649 2.72988
605 37.3171 113.158 15.0936
606 28.2595 112.896 13.861
607 43.7236 86.9366 14.0643
608 40.4126 113.212 8.48848
609 51.6819 105.857 15.9499
610 44.8569 113.141 3.48832
611 42.8575 91.3193 -0.0468975
612 36.3717 112.446 34.6227
613 29.1008 112.357 36.2434
614 62.7899 91.4565 -0.190884
615 40.2163 89.6455 22.7334
616 33.0642 112.848 33.3557
617 28.2277 113.24 8.81467
618 42.3298 108.52 64.1553
619 47.449 102.168 15.6917
620 48.0307 109.46 65.5463
621 75.8862 112.117 32.0289
622 4.50228 109.054 46.9886
623 27.0336 110.048 45.8639
624 9.81766 110.505 62.4308
625 73.9777 69.3622 32.2924
626 15.7971 109.276 57.4508
627 58.9877 112.067 36.9713
628 37.2224 113.049 28.2185
629 18.8961 110.439 38.0237
630 19.3552 109.828 48.2572
631 102.039 111.746 46.7205
632 37.6695 73.5831 80.483
633 82.9441 114.168 96.792
634 40.8576 112.982 18.6279
635 51.2168 113.891 79.1978
636 26.5227 108.347 55.7257
637 40.0642 113.786 69.8684
638 14.9577 109.803 38.0279
639 62.7321 113.844 101.857
640 -0.765934 94.1035 77.7047
641 -0.894335 51.8991 100.18
642 35.3145 113.042 102.658
643 69.0463 112.024 65.2177
644 -1.11319 50.0469 113.016
645 87.6957 113.94 85.3474
646 79.2631 109.904 62.2703
647 58.5845 45.0279 83.928
648 -1.8007 109.779 112.004
649 23.4901 112.978 107.937
650 67.7254 113.581 100.406
651 2.92749 113.804 71.2788
652 32.4574 113.452 109.295
653 3.72998 112.913 84.9669
654 63.069 111.611 45.1967
655 35.9273 109.914 46.6739
656 15.9866 113.327 74.7073
657 55.1568 101.777 64.6454
658 31.4266 113.094 92.6974
659 28.1112 61.2715 20.1015
660 -0.874295 106.367 70.0695
661 1.7852 58.4669 72.7598
662 43.1103 108.505 57.3273
663 26.9836 113.555 89.3571
664 74.943 113.889 86.5596
665 71.9275 113.71 79.9842
666 32.098 113.289 67.2626
667 35.6546 100.965 124.041
668 46.5317 81.2769 117.747
669 36.6096 113.432 98.9827
670 50.2657 98.349 106.987
671 34.9477 113.781 78.8935
672 48.9679 91.585 119.598
673 58.9998 94.1647 113.255
674 30.6086 92.4785 123.656
675 14.3925 53.5708 92.2166
676 40.4713 113.648 114.299
677 44.7259 113.978 96.7096
678 24.4248 113.018 111.835
679 68.5766 113.606 104.263
680 45.7448 79.5927 107.571
681 49.0907 114.272 76.2927
682 77.951 110.816 64.6876
683 74.837 113.296 69.7064
684 24.4054 113.258 109.502
685 40.2142 106.154 124.242
686 63.8747 101.496 124.388
687 55.088 99.8573 124.065
688 47.8389 113.339 95.4627
689 52.5023 113.642 114.444
690 84.5967 114.16 112.199
691 87.8902 4.761 37.4898
692 93.5606 1.54654 16.7572
693 54.4331 18.8057 15.4021
694 73.5435 3.71219 25.4684
695 70.7682 -0.0531319 13.7133
696 66.9168 8.93379 -0.112273
697 90.1697 2.85727 65.2447
698 81.9425 25.6057 0.381174
699 67.3795 4.41503 24.0567
700 52.4521 26.0372 0.0340878
701 68.746 11.5335 8.16507
702 81.8972 8.65419 6.61966
703 78.4741 26.3957 0.283266
704 54.6838 12.6714 -0.190719
705 64.9143 17.0584 4.48353
706 64.7443 22.9562 -0.124173
707 68.381 33.3815 12.5166
708 26.8528 3.97399 37.5885
709 8.73279 37.9341 20.0235
710 109.806 1.84572 71.3735
711 72.0598 3.91231 49.4934
712 41.3048 54.453 20.4589
713 44.6297 13.6925 24.4133
714 111.88 41.8308 38.2726
715 44.4081 19.5412 57.6191
716 45.3656 2.11678 74.0614
717 114.542 66.8452 14.9078
718 84.4751 0.375146 10.3708
719 49.9388 53.8932 43.152
720 62.8473 40.3922 74.2146
721 57.442 3.07307 51.2648
722 62.8616 23.3921 104.504
723 0.0471625 22.0225 14.2437
724 46.9315 44.0436 26.1886
725 44.2876 2.14106 65.1493
726 36.6165 2.10963 62.4693
727 93.1336 3.25697 64.4044
728 64.5995 2.04009 80.5698
729 74.9637 113.945 94.3372
730 83.1827 1.4898 74.8577
731 70.0162 2.23091 73.1288
732 62.3434 2.11295 70.4754
733 61.553 2.57708 69.0996
734 46.356 1.81846 124.344
735 108.53 45.8935 124.335
736 88.2435 0.549199 102.52
737 51.9225 0.156083 99.8189
738 50.1637 0.189761 94.3638
739 103.747 2.15734 65.1283
740 107.877 2.70466 41.6079
741 56.2427 2.0139 75.7461
742 83.8464 48.1077 55.1777
743 76.0213 76.0194 99.3974
744 86.0015 4.39535 117.358
745 98.1123 0.0437411 107.86
746 73.2642 6.08073 112.515
747 94.8906 35.3914 124.199
748 81.031 13.093 114.972
749 93.8142 18.4819 109.803
750 61.8498 22.7951 119.064
751 67.1551 0.19759 116.975
752 96.1937 24.0657 108.76
753 71.0266 0.0136265 112.1
754 71.2799 30.8335 110.309
755 59.7681 22.1811 112.072
756 59.2152 19.3244 124.015
757 73.9675 12.4703 114.178
758 70.8181 28.6455 114.486
759 83.7117 14.717 112.157
760 60.1523 12.44 119.309
761 85.853 44.3714 86.2985
762 73.9077 16.0072 121.596
763 59.85 -0.480525 110.672
764 51.9922 15.718 123.807
765 77.1951 46.4049 0.228908
766 51.6922 48.9538 12.0242
767 72.8727 61.605 0.248936
768 88.9371 50.6772 29.8706
769 54.7123 57.9011 0.0129643
770 60.3863 43.524 10.3517
771 55.9934 53.3257 8.6449
772 49.1583 38.3462 27.8965
773 66.2035 48.9993 6.46086
774 72.7584 47.2743 -0.00930773
775 87.4483 49.9126 0.303204
776 33.7514 7.9214 24.6231
777 63.9184 44.3922 10.4498
778 48.854 36.2906 29.3642
779 86.9242 38.109 9.50558
780 74.5065 47.6615 2.56292
781 89.6342 52.8636 5.2862
782 28.6604 74.2353 62.1785
783 50.618 75.8792 40.4696
784 98.4809 32.7192 29.4458
785 75.4902 34.9585 38.2777
786 40.7985 57.0768 21.7609
787 41.4264 112.993 36.3144
788 46.8846 1.93038 62.3666
789 67.5732 76.3121 37.0435
790 58.5233 44.5314 99.5463
791 96.3064 61.2582 54.7397
792 109.104 74.8208 73.2007
793 100.877 75.9227 124.868
794 98.8161 10.8823 19.1337
795 111.679 72.5345 21.082
796 89.9643 33.3489 81.7997
797 87.7112 62.7833 32.4565
798 4.23004 4.83401 67.5397
799 4.54154 7.43913 49.909
800 95.5731 111.585 76.946
801 76.0954 47.8891 109.371
802 111.32 72.7702 47.8383
803 33.3594 114.245 73.858
804 82.6706 38.2026 81.1188
805 62.1374 1.79817 86.116
806 -0.770769 104.096 64.7097
807 37.9207 53.5381 102.622
808 53.2123 74.0272 94.5778
809 113.602 55.821 94.3274
810 110.196 17.0398 124.234
811 75.7763 65.7406 45.5749
812 79.2176 1.308 91.1768
813 45.2427 69.7648 43.7137
814 112.316 5.51416 50.6702
815 72.4812 2.45404 65.1769
816 48.783 36.6262 95.3642
817 72.7965 42.9215 47.3026
818 79.4827 111.839 48.0692
819 113.385 72.222 97.7988
820 1.81128 27.0514 18.3978
821 15.3253 80.4307 76.7794
822 26.5751 42.0642 85.2432
823 79.6449 56.4454 115.387
824 83.0634 81.2035 87.3482
825 83.82 78.8377 68.6618
826 72.3067 68.9143 104.779
827 101.071 48.3657 124.819
828 76.891 31.7694 114.126
829 110.098 0.515701 77.8166
830 68.0168 0.412779 97.1846
831 78.1506 51.3329 112.036
832 54.9408 34.7433 123.935
833 69.3653 30.0404 124.24
834 73.9908 40.0226 40.9981
835 75.2971 47.4401 116.413
836 66.6347 56.035 111.353
837 85.8292 39.0348 105.554
838 77.294 14.1573 75.9951
839 80.3272 50.9443 116.324
840 63.0404 37.6289 105.097
841 68.0685 0.587194 86.8453
842 72.5819 22.8173 123.966
843 76.7667 59.4549 123.912
844 -0.832323 87.4727 88.5177
845 47.4095 42.2078 27.7434
846 88.3839 75.0401 0.267811
847 68.118 79.6609 7.16986
848 62.0759 61.8331 9.84792
849 61.4814 64.255 16.3098
850 75.4213 66.6871 47.2948
851 83.2181 77.8457 0.332117
852 84.1176 92.9537 75.3495
853 66.6488 63.6588 8.11963
854 61.8385 91.0209 8.83942
855 81.7916 71.5018 13.7356
856 83.9452 113.901 18.5192
857 83.4286 52.4769 108.047
858 41.791 53.1068 26.1515
859 70.0654 82.0901 0.126485
860 57.0806 73.8121 0.222365
861 59.7697 67.5142 8.54452
862 60.2911 56.8649 11.041
863 32.1977 105.139 50.5824
864 79.1304 53.9872 14.3288
865 68.2597 68.2742 -0.115663
866 74.0859 86.0415 0.0221547
867 86.3505 73.0137 105.217
868 70.5417 69.8841 32.9778
869 89.5607 111.247 54.2468
870 48.5981 59.9844 99.117
871 109.336 77.2106 68.7331
872 84.7682 111.867 45.475
873 40.7013 68.5589 18.0997
874 96.4447 34.0313 30.8302
875 75.0002 79.5098 26.7196
876 76.4642 72.8444 48.5528
877 40.1004 76.2898 81.512
878 54.4863 111.064 48.6856
879 53.7957 78.5022 38.1291
880 92.0167 31.3951 32.471
881 112.154 66.2941 24.6899
882 111.768 66.1297 37.4852
883 64.4194 113.138 27.0517
884 83.3199 111.987 37.7867
885 50.7571 45.7907 31.4549
886 97.683 54.5761 66.3939
887 111.042 104.014 81.3469
888 73.9386 56.0811 106.046
889 110.933 88.2108 53.4678
890 83.1884 46.4442 66.5626
891 53.1877 75.8572 42.2852
892 111.737 53.8196 53.7493
893 93.0377 56.5467 50.305
894 35.2102 113.392 20.7423
895 113.136 53.5391 83.3904
896 52.6198 84.2906 44.9467
897 79.6432 87.4122 98.5111
898 102.395 1.20771 84.6109
899 77.11 111.266 60.9737
900 61.7416 47.835 85.9384
901 113.16 97.3086 102.428
902 24.5072 113.17 101.658
903 57.9201 112.816 73.5326
904 48.6415 113.209 21.6051
905 49.7279 108.601 53.2651
906 70.6263 77.4189 15.1131
907 30.7202 58.6313 89.2058
908 57.8228 83.7269 124.053
909 63.7101 87.4595 124.059
910 60.0564 62.657 92.2971
911 82.7254 114.108 106.972
912 70.7709 74.6754 115.393
913 62.1242 62.7471 124.095
914 71.7593 58.2975 124.231
915 80.707 74.3199 119.559
916 87.8853 69.6349 110.613
917 81.5151 86.8597 113.059
918 74.2087 77.0562 113.956
919 91.9447 113.969 93.1322
920 50.3362 1.99052 72.9627
921 78.7884 69.9877 124.214
922 62.8266 62.9615 106.081
923 97.6929 112.899 91.7259
924 67.489 56.1458 115.414
925 110.763 109.941 44.5099
926 62.0676 112.38 33.9787
927 82.0858 109.603 6.34429
928 53.5714 89.4214 10.2502
929 76.5433 113.272 19.411
930 15.1986 112.788 20.6153
931 79.5295 113.996 21.04
932 64.0876 88.4627 5.5953
933 63.6098 113.545 18.32
934 17.283 109.996 45.7335
935 37.2663 113.136 23.376
936 96.4686 75.2473 0.674141
937 73.9779 52.5163 47.5825
938 53.2858 113.822 12.6123
939 74.3235 93.4712 0.194047
940 111.107 102.879 49.1781
941 54.3191 111.313 43.4931
942 82.9149 114.35 84.4563
943 74.2019 51.5378 94.1814
944 56.9392 109.83 66.7383
945 111.465 77.5547 47.1786
946 109.833 111.207 65.2091
947 58.1044 39.8449 81.9126
948 42.8096 50.1744 59.8687
949 43.3013 113.098 25.7032
950 50.181 112.942 70.6838
951 55.1521 111.542 44.9718
952 84.9537 113.572 16.8228
953 67.2288 113.523 20.6452
954 86.2647 111.842 30.702
955 74.6953 24.3659 81.0134
956 52.1805 107.456 62.616
957 60.9487 110.251 53.4961
958 111.254 108.366 38.1245
959 73.7385 111.582 40.9811
960 61.7747 76.9516 87.951
961 97.932 111.974 36.3422
962 72.5862 113.638 109.62
963 62.1537 110.331 123.948
964 113.67 46.921 85.4662
965 50.6446 74.2628 42.3237
966 90.7116 111.55 58.2967
967 52.8324 113.934 76.4689
968 91.1775 111.875 40.3885
969 61.5774 86.9834 47.4434
970 55.6684 113.651 85.1739
971 60.9821 89.6997 123.978
972 64.7565 113.892 79.2
973 47.0971 108.912 60.0333
974 63.0608 112.086 67.7801
975 53.2098 109.101 54.6432
976 95.0044 114.49 109.895
977 111.406 71.7912 79.034
978 62.5764 110.708 61.7218
979 31.9046 113.447 82.5822
980 60.0975 113.376 87.7029
981 37.0455 95.7809 70.9227
982 64.7935 114.054 96.6249
983 67.849 101.82 124.354
984 76.2033 113.757 82.6909
985 58.5953 113.724 116.884
986 78.7517 96.6476 124.387
987 39.4415 113.248 102.757
988 61.4807 105.144 124.112
989 71.4702 96.9742 112.286
990 60.5668 113.603 99.118
991 79.1168 74.8975 35.5049
992 59.6658 71.4898 103.46
993 44.0655 84.15 39.4859
994 80.7823 90.559 103.119
995 53.4881 91.3334 111.909
996 93.9626 111.997 124.414
997 76.115 113.519 90.5017
998 72.6776 113.753 96.9505
999 63.2308 105.973 110.432
1000 75.7981 99.2767 98.2155
1001 61.2965 82.5266 124.071
1002 73.927 107.592 112.583
1003 35.8142 113.181 95.12
1004 65.0788 114.313 91.7912
1005 59.0207 113.743 79.0369
1006 57.8963 90.6331 123.931
1007 6.64873 113.381 108.761
1008 115.109 20.7754 6.74619
1009 92.5576 4.0376 51.4122
1010 97.879 32.0512 0.166716
1011 110.739 0.117366 37.3068
1012 61.1077 5.54713 -0.0259649
1013 35.4891 4.01315 47.5879
1014 104.082 22.0657 0.698793
1015 105.394 17.7928 -0.164205
1016 104.29 8.13366 0.119692
1017 94.6379 1.27387 1.04276
1018 105.204 10.0086 4.87365
1019 111.625 0.771446 33.663
1020 58.8428 78.6441 41.4199
1021 82.9677 18.3998 3.87352
1022 113.521 39.6406 83.0041
1023 81.6353 22.6838 21.7351
1024 72.9088 67.9921 46.7513
1025 112.763 3.93077 24.1535
1026 66.6706 4.83964 42.8138
1027 80.5131 1.07767 81.474
1028 94.5043 4.16038 46.6398
1029 114.662 34.8736 19.6739
1030 113.975 28.3795 76.0302
1031 112.061 11.6219 49.9726
1032 112.354 21.2067 60.1124
1033 104.237 2.55132 37.7873
1034 113.526 38.1268 85.7821
1035 78.4502 -0.105217 110.355
1036 74.3933 2.8482 62.978
1037 111.62 60.8214 56.9486
1038 81.9009 5.99533 37.0003
1039 104.241 3.14591 26.6338
1040 111.677 42.0382 59.3709
1041 108.619 1.85313 31.0115
1042 113.59 35.8184 82.3683
1043 115.195 25.3571 15.9403
1044 112.097 31.2367 39.8064
1045 69.4053 5.52521 41.6289
1046 55.8402 48.223 22.2934
1047 51.2227 43.8429 101.643
1048 106.23 1.5083 81.8988
1049 111.562 62.2075 82.8098
1050 95.2288 2.15231 73.161
1051 49.9741 2.70949 64.1243
1052 87.7695 4.3891 50.223
1053 113.651 69.4837 112.252
1054 113.824 17.4454 75.2585
1055 70.2688 2.23903 70.1696
1056 113.737 43.7459 84.6579
1057 113.781 18.379 98.1578
1058 106.104 1.23603 89.4386
1059 90.235 1.25575 84.2952
1060 113.707 26.6673 83.9285
1061 68.3261 2.08193 70.4314
1062 103.639 4.68728 53.1344
1063 113.459 21.9925 79.5087
1064 114.051 17.3666 82.5318
1065 94.4643 0.228541 105.293
1066 113.906 12.8956 75.664
1067 113.904 14.3441 78.3672
1068 112.127 9.52084 63.3989
1069 114.487 13.7907 114.598
1070 113.876 13.8238 93.7783
1071 113.69 31.3534 77.6674
1072 114.049 5.72805 88.8697
1073 82.4358 0.253814 105.159
1074 108.493 16.8694 113.933
1075 91.6922 2.02465 124.782
1076 114.17 19.6662 83.9773
1077 112.296 26.4056 125.222
1078 113.952 28.3407 105.358
1079 111.789 1.20643 95.1742
1080 55.5504 -0.436166 113.234
1081 98.5064 -0.0656159 113.0
1082 98.4216 1.50279 74.0935
1083 114.297 13.805 121.948
1084 113.44 9.16678 123.166
1085 102.919 5.31179 103.327
1086 114.192 14.0159 96.2673
1087 89.0951 40.877 0.161315
1088 102.863 39.986 11.0392
1089 80.5036 49.1662 14.1095
1090 52.3418 33.0063 27.9205
1091 94.6841 33.8562 12.9926
1092 111.882 39.5828 42.5132
1093 111.847 65.5927 33.6466
1094 115.076 49.1974 4.35826
1095 114.783 16.0609 22.8062
1096 102.775 41.981 22.2065
1097 102.943 47.312 0.523475
1098 114.763 38.9532 10.3074
1099 104.823 50.3506 8.92366
1100 87.9389 0.369497 15.7569
1101 98.9379 58.4919 0.157737
1102 114.524 58.3407 15.034
1103 111.778 65.9682 40.104
1104 41.2417 112.865 28.3788
1105 67.7175 61.3687 47.618
1106 113.778 24.1707 83.066
1107 111.489 77.5491 36.7045
1108 61.8833 2.19807 77.8227
1109 111.397 76.4708 80.7541
1110 113.035 29.3378 29.8777
1111 77.9413 71.0472 51.2929
1112 74.202 44.1482 30.7578
1113 111.479 58.0913 54.8913
1114 61.5026 89.9257 35.0384
1115 46.0529 18.4973 58.8026
1116 99.8205 4.95256 32.3593
1117 110.104 31.5211 48.5766
1118 71.4797 41.5479 75.0245
1119 112.798 21.1385 33.0708
1120 112.248 45.5198 27.1736
1121 112.485 7.848 38.9862
1122 111.999 46.3463 42.621
1123 113.78 28.8817 87.3476
1124 111.593 30.4172 57.7954
1125 113.348 31.1581 90.7565
1126 82.2631 0.855703 86.9633
1127 113.116 51.3133 82.5098
1128 74.5909 -0.534692 112.127
1129 111.76 67.6929 54.501
1130 109.868 12.7789 62.2631
1131 112.01 35.9589 46.9596
1132 56.9658 113.903 81.5556
1133 112.097 19.2308 56.1482
1134 113.893 35.5429 92.4747
1135 113.603 40.0801 89.0938
1136 79.8609 38.3218 62.8702
1137 113.942 37.7064 98.7809
1138 113.616 49.5709 95.0982
1139 72.7741 75.0757 68.1754
1140 113.739 53.8195 104.953
1141 112.024 36.7436 61.9088
1142 114.714 18.6901 26.6053
1143 114.594 25.7162 26.3253
1144 82.7861 35.9682 93.6837
1145 113.525 39.1989 103.721
1146 113.616 63.3 105.458
1147 113.966 33.0597 96.8129
1148 98.0053 111.995 41.8369
1149 111.464 74.1368 58.3686
1150 111.537 56.2602 41.7246
1151 84.2253 113.246 24.5272
1152 96.658 46.1443 114.255
1153 113.603 78.6539 110.603
1154 94.0454 29.8852 112.261
1155 97.3618 51.1888 124.689
1156 113.778 48.6063 104.462
1157 113.645 38.3123 90.9687
1158 101.997 41.6315 124.399
1159 105.62 67.3061 108.224
1160 113.976 37.4666 116.561
1161 113.58 62.7524 88.9089
1162 76.9852 50.4371 32.4876
1163 95.441 40.6977 124.367
1164 112.52 46.043 124.241
1165 93.714 55.4462 124.146
1166 91.3344 61.9938 124.289
1167 80.3824 43.3374 105.712
1168 80.0485 0.241203 105.08
1169 114.306 58.3342 20.4097
1170 114.45 69.7553 4.47847
1171 88.898 0.210473 14.0722
1172 115.208 20.3353 10.9042
1173 111.649 79.462 23.6748
1174 108.589 58.86 12.9953
1175 72.8133 99.2315 19.235
1176 114.476 78.2788 6.86312
1177 61.442 66.8069 41.8608
1178 82.3887 71.9884 0.257419
1179 73.2188 36.3863 40.324
1180 114.087 85.5176 14.4526
1181 21.3225 45.3622 -0.141253
1182 23.6949 113.08 18.9634
1183 114.424 86.2316 5.24556
1184 94.4193 79.2354 0.459772
1185 74.4039 78.8771 0.0386922
1186 90.2499 73.9807 6.92712
1187 28.7185 75.405 23.4007
1188 112.163 42.687 33.9254
1189 77.6586 65.1953 35.4125
1190 50.0065 73.8346 61.0155
1191 109.193 81.7346 62.6575
1192 97.1594 87.9989 52.8544
1193 97.7385 110.954 72.5554
1194 110.935 103.534 77.2662
1195 109.576 110.813 78.0409
1196 109.482 59.0638 63.5462
1197 89.2395 113.951 6.85434
1198 111.318 79.5504 81.9495
1199 87.6184 87.0733 32.5113
1200 109.448 54.5932 71.0424
1201 114.995 4.55933 10.5428
1202 113.197 57.3348 1.11432
1203 110.85 97.4146 54.2559
1204 111.337 79.9321 42.7527
1205 111.811 32.2142 63.0757
1206 113.493 58.0683 85.3185
1207 111.774 84.2514 31.1483
1208 109.205 70.3531 71.1218
1209 92.0001 57.9595 20.845
1210 83.9228 65.8135 67.0076
1211 114.138 80.9041 2.69218
1212 75.6308 6.95585 38.302
1213 113.676 71.8784 92.5754
1214 94.7166 57.8344 52.7702
1215 113.951 45.9646 113.974
1216 113.647 44.5944 79.5478
1217 109.033 88.4963 72.9746
1218 113.473 46.8117 82.9197
1219 73.0606 32.2737 85.6373
1220 113.476 77.2008 107.918
1221 105.467 85.3759 41.7334
1222 68.1914 85.3521 35.0372
1223 111.769 55.645 80.8152
1224 113.767 73.9342 111.524
1225 113.373 67.8986 94.5931
1226 111.517 60.0526 61.0342
1227 111.387 46.9464 61.4409
1228 104.106 110.278 63.5406
1229 91.2172 49.3258 103.87
1230 110.939 96.4989 77.289
1231 109.43 65.3903 72.0374
1232 87.5682 73.4999 85.624
1233 109.53 58.6347 74.523
1234 113.171 107.372 106.956
1235 113.754 57.8017 105.587
1236 101.996 1.77387 71.5499
1237 113.643 45.0211 88.5158
1238 113.553 77.1403 102.89
1239 103.786 72.1333 114.691
1240 114.03 47.9657 114.736
1241 83.6947 65.145 124.361
1242 113.591 71.8632 115.687
1243 84.4882 68.9883 109.862
1244 111.014 104.198 78.8557
1245 81.5496 87.2965 85.1175
1246 93.7335 76.0777 124.24
1247 109.436 61.3528 71.3711
1248 109.352 55.433 99.5393
1249 111.667 76.2145 86.3758
1250 110.148 57.6362 125.021
1251 113.718 71.5488 108.343
1252 114.072 19.1438 107.033
1253 90.7704 82.3686 113.77
1254 87.3854 67.8182 120.015
1255 107.804 79.8604 124.448
1256 102.391 64.0036 112.252
1257 113.693 44.1256 103.04
1258 95.6193 72.8707 124.256
1259 97.6503 76.162 124.36
1260 91.1791 112.203 81.235
1261 89.3237 77.1419 110.699
1262 103.964 58.312 124.489
1263 111.63 71.5397 57.2556
1264 110.294 71.3502 124.82
1265 114.801 53.5046 13.1794
1266 111.949 77.7035 23.6208
1267 114.164 95.3891 8.58193
1268 105.843 111.789 36.3433
1269 44.4636 113.008 16.4511
1270 114.453 74.0216 12.7802
1271 106.372 89.8564 5.49212
1272 92.6291 113.828 16.7182
1273 104.913 95.168 0.314701
1274 109.025 113.779 14.5445
1275 102.728 79.6875 15.8578
1276 88.9477 83.4629 16.5307
1277 74.8924 110.916 58.4855
1278 96.0728 85.649 8.36432
1279 114.124 99.5895 14.3545
1280 91.7593 106.423 15.8307
1281 111.231 105.271 28.5222
1282 110.738 93.5466 0.919675
1283 76.0557 113.3 27.0243
1284 111.155 104.624 43.8295
1285 79.0056 111.875 45.3352
1286 103.956 107.236 0.50882
1287 111.235 102.649 34.9984
1288 89.4381 64.984 38.3154
1289 111.763 69.4948 38.3185
1290 102.111 110.799 75.5325
1291 111.276 83.3365 88.2804
1292 56.2419 112.768 27.1555
1293 72.9282 111.84 37.6781
1294 93.1279 111.96 43.1047
1295 96.0351 112.199 85.0646
1296 111.46 91.4385 39.4505
1297 63.2805 110.149 56.3758
1298 109.443 112.703 25.1271
1299 -0.49916 84.6596 6.56731
1300 114.166 79.1487 15.2345
1301 109.006 99.0265 59.5317
1302 113.021 107.704 91.5159
1303 59.0996 111.674 42.3681
1304 108.637 113.996 99.9681
1305 107.03 111.992 86.3069
1306 30.8533 113.413 99.1343
1307 104.448 111.886 86.7033
1308 109.175 111.629 51.3185
1309 109.007 91.7702 72.2118
1310 111.416 74.0336 53.0608
1311 101.071 114.181 99.773
1312 83.8359 113.74 98.1873
1313 110.941 99.5965 52.3895
1314 -0.528782 22.0182 105.383
1315 113.001 90.5973 94.7821
1316 114.465 48.6967 19.5575
1317 112.761 105.182 85.3998
1318 111.513 110.012 81.7715
1319 77.846 110.689 67.3785
1320 89.6945 110.389 113.982
1321 107.479 102.012 111.207
1322 104.645 111.993 88.6837
1323 91.0779 104.278 111.526
1324 112.985 104.501 122.854
1325 52.5631 113.611 104.329
1326 100.991 103.701 112.304
1327 113.363 93.1525 95.8295
1328 113.689 67.7908 89.8458
1329 70.6417 114.032 89.3627
1330 112.93 104.833 120.931
1331 98.1365 91.3466 124.402
1332 112.946 104.977 118.56
1333 91.1078 101.755 110.944
1334 107.785 93.3047 111.622
1335 113.348 102.483 110.139
1336 109.312 85.8276 82.4728
1337 111.21 100.042 47.361
1338 88.7666 114.063 109.693
1339 88.3296 108.876 111.834
1340 113.246 86.3823 96.4416
1341 74.9423 113.879 112.27
