0 8.03265 22.4071 -0.608005
1 4.68723 26.676 47.9906
2 7.77087 -0.730235 4.72557
3 45.4024 5.79363 23.3837
4 67.8333 76.1055 37.8853
5 16.3543 26.9357 13.3078
6 43.5107 -0.216044 10.2548
7 30.1698 5.47186 -0.372028
8 19.6756 6.8733 -0.568274
9 11.1801 13.8797 -0.26777
10 4.03781 31.424 23.1697
11 4.60997 31.1589 44.4052
12 28.0864 20.3037 11.5433
13 7.92323 -0.575579 14.7122
14 4.03348 99.2288 55.0418
15 24.5545 12.3033 -0.480831
16 3.78169 12.8899 -1.03946
17 3.70554 35.0893 17.9061
18 4.56296 12.969 34.6635
19 52.1275 0.309196 15.1881
20 11.0381 4.02956 47.0611
21 52.148 2.03649 18.0146
22 5.8413 1.07386 77.4106
23 4.21496 16.385 24.3401
24 15.571 4.04522 61.5325
25 35.5681 3.65295 55.6563
26 48.214 2.42857 76.8855
27 4.6303 14.9706 53.9207
28 5.00433 44.4315 27.784
29 56.5612 112.513 27.4835
30 21.0843 2.01227 83.628
31 2.30197 28.7511 82.8919
32 51.0156 5.10931 24.8332
33 56.3245 4.34793 42.1801
34 71.5994 53.929 49.4692
35 2.26807 21.3522 83.8855
36 2.31971 33.104 75.6787
37 46.3975 40.1475 62.2967
38 66.9023 0.6971 103.707
39 23.5431 4.33226 56.6315
40 12.2671 3.78588 52.1685
41 30.0473 -0.481563 109.95
42 -1.12216 54.0845 111.72
43 2.36788 30.5215 85.1628
44 32.1614 2.184 85.0791
45 4.03457 55.6841 63.0601
46 20.7869 16.0008 64.3853
47 19.0317 0.161445 106.155
48 4.59362 31.4824 36.4753
49 6.64482 113.36 96.2186
50 62.2673 3.02978 58.7042
51 3.29383 2.08626 84.8081
52 1.48172 48.4572 18.7183
53 2.23851 20.1 78.8631
54 17.2944 5.81373 18.4005
55 44.3994 2.10443 82.7228
56 24.308 2.67212 66.2937
57 73.9292 2.41708 77.5957
58 2.75431 15.4535 126.616
59 40.1872 2.31854 74.0596
60 14.9428 -0.462125 119.056
61 2.11848 21.3429 98.0213
62 20.8784 17.3813 121.305
63 40.0481 1.99923 84.9334
64 -0.317042 61.1786 98.4357
65 27.2213 12.3144 126.239
66 35.1144 6.56365 126.805
67 55.8905 0.309648 96.9003
68 85.7057 30.2785 126.688
69 20.3505 10.0894 126.288
70 2.56302 15.0887 77.003
71 2.55165 -0.356413 123.986
72 31.3733 18.6743 121.358
73 9.45674 12.1554 106.047
74 -0.424279 2.72784 115.619
75 2.91035 8.00399 73.5656
76 -0.587761 15.1528 123.26
77 25.4913 40.8219 8.5905
78 24.2724 28.7392 12.8485
79 0.28406 7.29706 3.13406
80 27.9411 43.6153 -0.372509
81 84.3903 24.9091 50.3313
82 4.31568 28.3142 26.0145
83 -0.0986754 32.9179 12.5255
84 45.3785 69.0245 43.2772
85 104.979 74.4223 18.5377
86 3.75399 99.9386 30.5176
87 -0.449729 47.1097 6.89696
88 8.02593 59.3665 10.1243
89 28.2295 29.3323 -0.348414
90 11.7939 33.0935 9.45774
91 2.29342 21.8956 70.9896
92 -0.941758 66.4381 108.998
93 82.4286 52.5756 78.5688
94 -1.03577 31.0112 123.523
95 4.47552 51.1523 48.9721
96 23.9755 6.28196 32.9031
97 4.53113 43.9679 59.6266
98 4.13376 88.0884 34.1275
99 41.8154 64.886 48.8779
100 4.39333 30.4215 61.9154
101 4.63408 20.0386 39.7138
102 0.0733905 80.8048 72.2543
103 1.83366 43.1406 17.4451
104 33.8769 47.8762 24.5338
105 5.34037 0.89775 100.656
106 47.6274 66.2849 50.5648
107 37.5321 76.6125 81.6053
108 1.61246 83.5859 15.1645
109 0.0600075 28.5371 15.9189
110 0.0569086 23.6361 11.6533
111 9.09729 8.29943 -0.944885
112 2.31077 56.8148 74.66
113 30.5686 58.4136 91.4394
114 67.1874 7.27522 36.0318
115 -0.195777 44.6087 11.7318
116 2.50536 58.7637 66.7449
117 2.14165 49.7354 87.9134
118 91.3578 46.4738 97.4578
119 3.5887 72.786 126.188
120 32.5042 34.6518 26.5774
121 4.39735 67.9033 47.9764
122 2.32209 35.7762 85.4134
123 -0.456541 110.748 84.2583
124 -0.942939 47.713 112.433
125 4.42032 34.8258 45.2961
126 2.40142 24.2659 72.0001
127 38.0052 0.0339656 104.566
128 51.3807 0.57224 103.994
129 -1.39662 65.6674 113.322
130 -1.28288 92.2506 111.152
131 79.9247 0.773918 99.9728
132 14.4504 51.3222 96.1873
133 2.44943 38.6713 67.813
134 32.6936 77.6796 32.8129
135 2.14743 68.3115 76.5424
136 2.08741 44.1927 96.101
137 35.4866 28.0798 112.748
138 13.3788 42.0704 117.067
139 1.93639 32.9297 100.295
140 22.5709 34.8308 126.893
141 27.3725 35.419 112.181
142 5.90145 34.1703 126.079
143 -0.968294 44.604 115.8
144 15.8591 45.215 111.482
145 18.755 113.078 104.277
146 26.7165 1.88239 74.2195
147 5.2822 57.921 119.701
148 10.6047 29.4231 126.814
149 11.1294 57.1983 126.465
150 3.28878 51.8438 126.2
151 22.7359 54.162 126.421
152 -1.11032 39.818 119.345
153 -0.722633 77.4669 99.0109
154 18.396 53.1971 112.967
155 8.43801 59.2637 106.986
156 27.7975 56.8598 118.287
157 34.4254 63.2235 87.6118
158 19.709 27.1563 105.49
159 2.33267 66.2283 64.9868
160 81.5218 31.1595 44.0361
161 47.8152 -0.691859 115.669
162 2.15134 9.24743 98.3631
163 -0.407432 68.4607 3.50972
164 22.4892 83.8815 -0.0562292
165 47.3349 44.423 26.3573
166 26.1171 69.1725 11.8548
167 6.44911 64.276 -0.388067
168 19.9379 70.5226 13.4214
169 32.9816 38.2592 28.3674
170 22.2609 64.6891 7.70942
171 4.38869 49.3214 59.569
172 25.9312 66.6861 13.4331
173 29.7754 79.0162 4.55992
174 22.6065 97.886 -0.143502
175 4.32495 68.3581 37.338
176 68.6467 63.3459 48.8115
177 1.98828 62.5506 17.6683
178 1.59208 77.312 72.8057
179 1.0438 73.1783 -0.199258
180 -0.660997 87.3024 10.0386
181 20.0991 70.4655 8.4389
182 14.0286 67.3986 16.2805
183 34.0104 50.5153 23.0552
184 19.4683 64.888 14.5413
185 17.6902 74.3643 14.8407
186 4.48611 91.0967 33.1186
187 -0.494996 66.371 7.55756
188 35.6529 86.0669 77.3983
189 3.70695 102.806 29.7984
190 3.92704 97.5545 40.573
191 4.23853 65.4714 60.585
192 1.95829 60.333 88.8014
193 28.7693 112.733 21.6451
194 2.00701 72.1762 66.9382
195 36.5777 93.2124 52.8352
196 49.2744 112.441 31.5487
197 4.50825 53.7349 56.2527
198 4.29894 84.0581 41.0618
199 5.01583 52.1724 -0.386834
200 44.8478 70.7995 40.3831
201 26.6404 110.679 41.4361
202 73.4073 76.0062 109.017
203 0.0944673 85.5126 68.8288
204 -0.348025 57.0093 1.87616
205 2.41822 35.6074 73.7894
206 31.4738 113.566 73.2588
207 4.71871 35.641 51.7191
208 32.8805 113.24 68.9339
209 3.3265 27.1832 19.3677
210 4.54389 36.1925 27.6669
211 4.29487 71.6869 60.0087
212 70.9425 56.4364 18.0726
213 2.1249 44.4408 74.6729
214 -0.378784 50.1105 11.6338
215 -0.490438 82.4602 88.0784
216 4.25586 37.5886 22.5082
217 80.6682 113.937 107.153
218 -0.143106 56.5894 99.384
219 108.991 103.137 59.948
220 -1.61385 73.1755 124.088
221 0.0306857 82.7342 74.9356
222 4.25573 72.0182 49.0088
223 -0.950993 105.333 89.23
224 16.5905 113.136 111.872
225 4.00286 96.5822 59.4937
226 -1.14129 87.2499 103.966
227 -0.886688 80.6999 100.897
228 34.8217 68.005 106.101
229 -0.398361 87.1873 82.1988
230 -0.30317 90.0178 73.3819
231 49.0498 43.2963 29.6635
232 40.5571 113.25 71.8195
233 3.21047 43.1972 126.211
234 -0.52664 43.1323 107.782
235 34.4863 68.0227 89.6636
236 21.6357 49.1844 20.7759
237 44.842 113.311 94.249
238 76.7501 20.9995 77.8273
239 51.4712 59.3244 55.9546
240 21.3864 57.3707 62.2615
241 24.3067 71.313 126.635
242 14.5961 60.8384 116.197
243 -0.445127 64.0007 99.9639
244 0.221399 64.6412 126.325
245 2.23813 44.5439 91.5763
246 6.28041 63.3267 126.9
247 20.9543 81.0758 115.038
248 -1.74913 85.2102 116.21
249 -0.22778 80.3429 82.2948
250 20.9696 60.9395 126.52
251 12.3393 82.9677 110.341
252 26.9718 113.046 96.1476
253 24.0802 82.0371 116.895
254 14.5172 84.8301 127.139
255 -1.04561 96.7362 97.0628
256 -0.673067 90.1839 91.465
257 23.8852 58.764 126.409
258 9.3932 80.7201 10.3934
259 35.4538 113.184 17.8084
260 11.2302 113.127 7.38672
261 26.0358 112.078 -0.249535
262 -0.849442 110.594 8.56345
263 -0.367886 74.8832 12.3945
264 4.36185 69.3777 45.2198
265 4.89916 108.674 48.3142
266 15.4523 91.8973 12.7799
267 24.0171 101.371 -0.419619
268 56.4679 113.259 16.4611
269 1.49439 110.156 22.4903
270 10.0048 112.512 26.1975
271 15.1556 96.5134 11.8523
272 71.632 67.4649 49.4827
273 3.93976 105.041 38.8592
274 16.9116 113.336 10.1729
275 3.81116 106.209 44.1492
276 47.355 112.52 36.7475
277 23.2993 113.526 7.60139
278 2.87885 96.7063 -1.01939
279 13.6396 109.253 52.3215
280 48.3266 112.188 35.3286
281 24.6289 113.492 68.7361
282 -0.391413 99.2159 79.4913
283 -0.228263 95.0038 70.1869
284 35.6073 87.0353 78.9944
285 3.89793 84.2289 30.2991
286 32.3317 67.4316 88.1046
287 4.22452 93.1236 52.9529
288 -0.309586 108.456 75.2588
289 3.30102 108.521 -0.131528
290 1.89063 98.9195 23.19
291 5.83918 111.749 -0.117592
292 2.47437 61.654 65.7456
293 43.2139 113.254 18.1133
294 4.3076 21.4142 62.5612
295 9.47066 73.1766 16.0284
296 41.1421 110.627 45.7635
297 61.3827 97.5394 24.2987
298 1.47303 113.144 70.4843
299 16.1215 112.551 19.2848
300 3.90757 92.7212 41.0751
301 64.7879 61.2248 45.4197
302 17.0033 112.423 21.2286
303 5.63362 113.427 91.0238
304 112.556 111.66 125.544
305 -1.47598 75.5377 114.826
306 2.05714 77.7793 66.9947
307 14.8362 113.042 96.3475
308 11.3508 113.291 93.7175
309 23.1479 113.248 86.0729
310 -0.764854 107.608 92.7623
311 31.1644 108.864 49.4063
312 5.44737 113.503 78.2842
313 3.90448 99.4218 44.0407
314 4.33821 88.6711 45.2795
315 2.4174 39.9434 80.9038
316 66.6147 60.5055 48.9018
317 -0.296163 105.645 76.1844
318 -0.250039 77.7348 90.9681
319 86.5896 59.7028 73.1907
320 -0.387711 103.188 75.2204
321 1.29667 93.2578 63.8657
322 47.2235 110.067 68.6932
323 28.6955 113.542 114.459
324 9.69656 89.965 126.415
325 24.4133 113.342 121.88
326 35.481 113.563 75.8122
327 -0.990126 110.829 94.9717
328 25.995 102.671 126.548
329 64.6721 113.594 99.3543
330 -1.50798 103.553 120.397
331 2.26893 81.4475 121.441
332 29.0187 113.339 91.0574
333 -0.38086 111.002 79.1993
334 -1.02981 91.1722 102.068
335 26.6327 113.128 104.204
336 3.68932 70.0189 62.6974
337 16.1243 113.259 117.037
338 8.90608 96.0071 126.444
339 6.30163 108.832 115.077
340 30.1434 103.627 126.693
341 -0.371413 99.0005 71.0908
342 14.4296 98.992 109.466
343 36.3732 11.179 8.41066
344 39.2188 7.07111 28.5376
345 30.7133 -0.452264 13.4619
346 52.7384 9.2975 9.50177
347 40.9023 12.2448 -0.192644
348 51.5595 11.5879 8.72179
349 27.8318 -0.0237971 7.51031
350 5.91745 5.647 26.0083
351 8.32011 3.72788 54.8866
352 55.9754 0.213764 15.0738
353 46.6275 15.0787 10.2387
354 114.716 31.741 15.3813
355 36.8808 12.4417 -0.318771
356 40.281 14.72 5.31034
357 50.0354 45.85 31.5465
358 53.2244 31.5359 19.6357
359 2.17618 44.8395 66.8569
360 4.41599 12.9823 60.7998
361 37.5859 5.48075 44.6632
362 21.1631 2.82952 65.1462
363 83.8645 4.48636 52.572
364 69.3529 13.0164 44.8038
365 4.52227 33.4568 56.1425
366 94.6682 2.70056 20.0406
367 4.08196 65.374 30.4358
368 51.2328 108.719 55.8705
369 4.3341 21.3283 37.2729
370 63.8509 2.23598 77.3684
371 33.1226 3.15479 70.4834
372 80.3163 57.7524 84.2843
373 4.46964 44.9639 54.9777
374 69.2085 2.4304 84.4421
375 29.8284 64.5045 46.0629
376 66.903 74.419 37.8241
377 22.4368 6.54496 18.6946
378 29.9758 3.27619 60.0302
379 48.3444 6.75441 31.9718
380 93.1911 36.0412 68.2978
381 53.6967 2.41034 79.8927
382 16.3358 1.60216 85.0698
383 33.5724 62.9368 89.3563
384 77.1486 2.77191 79.0289
385 79.6942 0.919941 94.399
386 82.5356 34.2001 73.9209
387 2.20029 42.4163 76.3765
388 57.9261 0.0200418 110.391
389 33.9639 -0.266057 107.414
390 10.6764 3.82555 62.4723
391 75.1108 72.2204 91.2544
392 99.8253 0.607576 112.58
393 69.3048 5.87129 48.3236
394 22.5721 2.08667 76.8486
395 33.4328 1.73804 94.5302
396 34.2015 1.79564 87.4959
397 29.1081 48.8417 97.0972
398 21.0772 1.81599 96.9942
399 6.44342 2.46218 68.5068
400 45.4154 42.756 109.819
401 37.0592 2.21077 86.5695
402 54.2921 12.26 126.659
403 26.0476 1.87619 87.7863
404 12.9796 34.7125 83.2759
405 31.5274 19.1791 123.917
406 39.8593 3.68322 127.332
407 41.8178 12.4437 126.493
408 53.5731 23.8186 103.869
409 41.6507 27.4531 126.412
410 32.7105 12.646 117.366
411 68.5465 31.9293 101.121
412 34.5408 1.59771 127.061
413 46.443 -0.142725 124.314
414 47.6999 15.0932 107.255
415 57.8803 12.5602 126.826
416 22.7118 -0.133971 111.42
417 45.7858 10.4719 115.576
418 17.2775 48.6964 23.501
419 60.2926 27.4548 37.3814
420 21.8317 24.7772 5.18329
421 31.2901 35.0812 5.01255
422 -1.37082 49.8842 123.524
423 47.9292 6.91349 33.6253
424 37.3 38.7089 -0.212656
425 52.6957 32.9217 -0.144566
426 111.192 55.6005 46.7119
427 64.3116 3.14359 48.2522
428 57.0135 46.2248 0.243788
429 71.7439 30.8664 29.5743
430 48.2126 39.2949 22.9909
431 29.3492 40.7464 8.04931
432 30.7421 48.8156 23.1135
433 35.2578 56.5109 -0.110155
434 33.9594 5.43695 33.8547
435 29.9523 26.2599 -0.385174
436 4.4629 47.4838 34.6957
437 53.3988 38.8617 -0.124191
438 48.2972 57.5564 21.972
439 38.6852 56.4093 2.70626
440 31.936 44.8475 6.45487
441 46.6908 32.0018 42.5997
442 32.1532 31.5711 29.2317
443 67.5848 61.0487 44.5654
444 111.374 25.1843 67.1856
445 70.8065 9.62866 107.195
446 72.6277 36.9262 38.6655
447 72.9894 54.579 48.2064
448 60.1079 2.64747 77.5901
449 2.41649 61.1739 70.8005
450 73.434 67.1973 49.5543
451 66.7601 54.1161 19.6822
452 85.9826 4.64995 50.0894
453 44.0992 2.45421 74.3089
454 4.25072 61.1226 58.5129
455 31.9388 49.044 25.8274
456 41.9756 0.0966997 104.833
457 4.21724 41.9713 34.5749
458 65.8278 87.2203 71.0439
459 41.1521 70.4708 48.9512
460 56.0948 102.368 61.4261
461 38.7951 74.9066 87.2005
462 4.34149 62.8018 45.0783
463 75.1161 1.44391 93.3618
464 4.99037 7.8221 56.3013
465 2.44823 15.3832 82.0667
466 -0.29553 92.3046 77.005
467 34.5807 4.2801 36.6162
468 4.33674 21.4305 59.1938
469 2.16773 28.3439 78.7987
470 -0.462819 50.1687 105.376
471 99.7501 1.33261 94.4196
472 79.3944 69.9688 50.9068
473 47.098 47.3866 67.9082
474 79.1683 7.79431 39.0191
475 57.8993 2.80117 72.1488
476 42.8342 96.68 58.2574
477 -0.834142 23.6284 113.26
478 2.03043 37.3104 87.9204
479 37.2676 60.7428 86.2289
480 2.20232 23.4096 93.1146
481 36.1202 37.8637 126.661
482 52.3309 41.1015 113.011
483 52.4322 38.6661 124.447
484 48.5401 31.2593 126.474
485 50.752 0.0674874 109.158
486 58.9319 0.829038 101.071
487 50.7748 63.2387 117.073
488 44.9215 26.4407 127.076
489 54.5861 53.6389 115.912
490 10.2347 1.02986 97.8617
491 113.99 52.967 114.254
492 49.8697 42.2981 119.651
493 46.2406 35.189 111.966
494 38.3998 75.9351 85.1611
495 88.0695 94.923 80.7085
496 41.8108 42.2893 119.625
497 24.5988 42.7461 115.325
498 47.3914 51.7331 118.58
499 53.7934 0.637928 94.2547
500 69.3875 113.432 21.3801
501 49.4486 82.5514 -0.0950719
502 87.8692 113.813 18.3688
503 19.5836 61.2457 32.6721
504 27.4921 69.2752 9.01446
505 36.8939 73.5501 -0.11682
506 64.0729 112.306 32.7001
507 90.8965 111.442 43.8341
508 41.4989 68.5949 -0.240932
509 29.6221 82.5818 4.33542
510 42.101 101.513 38.0751
511 70.6313 96.0743 17.2085
512 53.7054 85.2058 10.4045
513 34.9872 74.3226 21.5848
514 29.0722 73.4283 -0.344194
515 24.9896 52.4572 22.5284
516 54.8522 72.3531 12.9183
517 84.4612 54.4197 61.6266
518 17.8531 112.711 31.6017
519 59.8869 14.4611 30.758
520 48.2051 53.5008 10.4526
521 45.8337 73.2431 42.3694
522 44.8541 51.0626 65.2214
523 58.6004 84.8052 63.8959
524 30.6601 46.4761 24.4216
525 20.5219 109.024 59.2822
526 49.9942 36.8643 27.7798
527 33.9053 110.671 44.2403
528 15.5751 4.17364 56.5709
529 81.7969 82.5982 60.2914
530 54.8546 21.6487 39.6492
531 95.9083 109.786 65.337
532 43.6193 76.7555 37.5213
533 68.9964 36.3823 37.7291
534 15.9912 51.0481 92.6455
535 4.40344 56.1375 29.158
536 71.1434 111.427 46.2289
537 64.7989 42.8632 34.8486
538 34.8202 112.902 96.6643
539 51.3335 112.336 36.6785
540 63.2383 111.258 45.9387
541 3.31885 84.902 61.7883
542 32.0744 111.875 38.0348
543 30.5253 33.0061 30.8018
544 4.22646 85.8668 49.0243
545 77.6555 22.5566 65.2686
546 4.28681 50.3717 43.6423
547 4.46168 71.9464 46.2025
548 46.7245 66.5624 48.6085
549 79.8182 111.677 71.1231
550 40.5936 74.17 85.1345
551 67.7397 60.8141 47.138
552 37.338 86.6211 79.2449
553 75.7326 41.1087 43.3053
554 54.1637 101.172 68.0566
555 29.5034 62.473 92.1642
556 44.6539 72.9923 38.6687
557 58.7112 18.0556 59.0209
558 -0.397755 73.4929 95.854
559 73.0715 111.659 38.2551
560 94.6753 72.8107 88.7724
561 4.65132 28.309 39.8623
562 7.93773 113.095 117.064
563 36.4158 109.101 64.9895
564 80.2857 44.7219 84.9943
565 47.3563 64.9115 48.4617
566 4.08367 75.7811 39.8486
567 43.4927 65.3267 48.4179
568 -0.283245 71.2404 92.1914
569 32.3867 70.9322 86.9855
570 35.4384 62.301 89.6395
571 31.6812 75.6734 32.8223
572 29.8479 61.8161 90.2305
573 43.046 94.6368 60.055
574 55.6573 73.2545 98.2023
575 35.3242 113.364 89.068
576 26.5289 81.9779 126.614
577 24.5641 64.4734 126.622
578 37.5457 97.6384 127.045
579 21.0895 51.7127 108.074
580 56.2438 83.1193 115.507
581 72.144 0.883005 86.5263
582 13.2652 113.576 88.4421
583 66.3734 30.9822 102.632
584 32.8339 71.3317 124.262
585 42.6461 113.148 104.233
586 14.434 53.5909 94.8311
587 36.1955 78.2222 121.024
588 85.6284 112.711 72.6171
589 31.134 59.7774 109.968
590 55.6155 80.2094 126.759
591 112.713 109.357 97.2856
592 -1.3026 103.371 104.704
593 37.6484 65.2974 112.793
594 47.6924 73.2967 42.1129
595 88.3704 46.2479 101.265
596 -0.593132 108.517 88.5802
597 36.2967 89.4236 0.0239681
598 20.5935 101.593 0.0979219
599 76.3958 112.844 22.2578
600 46.3353 112.273 -0.308642
601 56.5932 113.498 1.45916
602 37.07 112.975 20.6146
603 28.7817 89.3794 20.0591
604 51.568 113.649 2.72988
605 37.3171 113.158 15.0936
606 68.9367 113.75 1.74822
607 43.7236 86.9366 14.0643
608 17.2307 112.407 26.0515
609 51.6819 105.857 15.9499
610 44.8569 113.141 3.48832
611 46.5026 91.3778 -0.069762
612 27.2649 112.76 26.0681
613 9.89304 109.837 38.7508
614 56.3127 108.983 0.105045
615 40.2163 89.6455 22.7334
616 40.9523 112.862 26.2461
617 28.2277 113.24 8.81467
618 34.6509 107.798 59.9214
619 47.449 102.168 15.6917
620 57.953 108.324 63.0921
621 88.2581 111.853 48.8944
622 3.27324 93.3693 21.6378
623 30.9103 113.441 15.209
624 10.432 112.169 67.3225
625 61.3771 72.8707 25.2317
626 5.51022 110.025 59.8297
627 83.3112 111.734 30.1586
628 44.6627 112.572 30.0815
629 28.94 112.553 33.4805
630 32.3367 109.302 62.7087
631 106.843 112.075 33.5653
632 39.2291 75.7163 79.9647
633 95.9291 113.694 105.807
634 12.4289 112.566 16.674
635 82.8186 114.149 86.3422
636 18.7998 107.809 54.609
637 41.9871 110.511 67.2164
638 5.74503 109.126 44.4267
639 58.5847 113.538 109.586
640 -0.0959766 81.0232 77.5895
641 -0.408612 31.5935 106.222
642 36.0956 112.569 102.685
643 60.9111 111.586 69.8069
644 -1.18028 52.2954 116.796
645 81.8041 112.293 83.2204
646 71.7301 111.718 56.866
647 51.9623 60.9966 69.8624
648 33.9631 112.741 127.24
649 39.7214 112.736 105.537
650 48.5661 113.241 104.021
651 16.3931 108.824 56.2221
652 28.5294 113.433 112.034
653 -0.565276 98.8548 87.3613
654 77.3438 111.303 48.8866
655 41.4538 108.373 55.5488
656 20.1706 111.038 65.6425
657 56.3156 102.891 67.8806
658 11.8615 112.744 97.3337
659 18.1895 60.8498 17.263
660 -0.480595 98.7572 65.5253
661 2.14066 46.963 81.0676
662 47.5212 108.192 64.1897
663 26.7925 113.42 88.8321
664 75.0284 113.688 83.6309
665 80.3332 113.465 87.408
666 28.777 109.026 59.0176
667 35.6546 100.965 126.813
668 46.4942 81.225 120.476
669 35.4354 112.992 110.649
670 50.2657 98.349 109.76
671 33.0106 113.497 83.7185
672 48.9679 91.585 122.371
673 58.9998 94.1647 116.028
674 30.6086 92.4785 126.428
675 19.4926 53.6302 98.8158
676 40.4713 113.648 117.072
677 55.0476 113.662 80.977
678 24.4248 113.018 114.607
679 88.8279 113.715 102.22
680 45.7448 79.5927 110.344
681 47.3796 113.665 73.1549
682 67.982 111.311 79.1018
683 90.2685 112.893 88.9383
684 24.4054 113.258 112.275
685 40.2142 106.154 127.015
686 63.8747 101.496 127.161
687 55.088 99.8573 126.837
688 59.1968 113.605 78.2894
689 52.5023 113.642 117.217
690 76.8964 113.839 115.026
691 83.897 2.85846 21.1546
692 114.681 18.6535 21.403
693 54.4331 18.8057 15.4021
694 71.1278 7.02689 35.9484
695 58.1837 19.4394 -0.0162674
696 66.9168 8.93379 -0.112273
697 99.4838 4.70078 59.3652
698 81.9425 25.6057 0.381174
699 88.0984 2.66044 18.5152
700 43.6969 28.5023 0.110314
701 68.746 11.5335 8.16507
702 81.8972 8.65419 6.61966
703 78.4741 26.3957 0.283266
704 54.6838 12.6714 -0.190719
705 64.9143 17.0584 4.48353
706 64.7443 22.9562 -0.124173
707 68.3845 33.7092 12.309
708 38.57 6.62945 32.2913
709 11.9201 38.7751 23.4253
710 113.001 26.5325 80.5836
711 56.649 7.85614 33.6702
712 33.0095 52.4382 23.1409
713 45.966 14.8022 26.2325
714 111.417 35.786 45.2743
715 33.7957 20.814 61.1381
716 32.1007 2.30899 77.0395
717 114.387 72.1301 5.1277
718 99.9866 0.69355 0.804874
719 45.7204 69.7504 44.8114
720 73.5596 60.6442 60.161
721 46.3525 2.78529 61.043
722 75.0427 12.1874 111.162
723 4.48791 26.522 31.595
724 51.1213 44.3807 31.7765
725 44.3142 2.62225 71.6626
726 34.1039 2.57598 74.3638
727 94.8501 2.33535 69.6412
728 75.7171 1.19852 83.5569
729 82.4742 113.983 99.2863
730 106.156 2.20002 74.728
731 41.4453 2.17017 83.8041
732 72.891 3.1456 71.2179
733 57.074 2.6908 81.2431
734 46.6191 1.834 127.239
735 57.0096 5.35013 127.452
736 113.465 1.64592 126.627
737 39.3004 0.402268 100.934
738 41.7939 1.37415 98.2421
739 110.766 5.18748 51.4994
740 114.289 22.8732 28.3706
741 56.2753 3.39351 53.211
742 82.3715 48.4467 55.2872
743 84.5702 85.2271 108.217
744 86.0015 4.39535 120.131
745 114.519 2.30344 114.159
746 73.2642 6.08073 115.288
747 94.9965 35.7096 127.26
748 81.031 13.093 117.745
749 93.8142 18.4819 112.575
750 61.8498 22.7951 121.837
751 67.1551 0.19759 119.748
752 96.1937 24.0657 111.533
753 62.8676 0.114176 117.314
754 71.2799 30.8335 113.082
755 59.7681 22.1811 114.844
756 59.2152 19.3244 126.788
757 73.9675 12.4703 116.951
758 70.8181 28.6455 117.259
759 83.7117 14.717 114.93
760 60.1523 12.44 122.082
761 73.1579 36.3245 108.26
762 73.9077 16.0072 124.368
763 59.85 -0.480525 113.445
764 51.9922 15.718 126.58
765 77.1951 46.4049 0.228908
766 51.7193 48.8779 12.0437
767 72.8727 61.605 0.248936
768 74.9628 37.4582 37.473
769 54.7123 57.9011 0.0129643
770 60.4073 43.5189 10.3229
771 55.9934 53.3257 8.6449
772 49.3768 36.0612 29.5894
773 66.2035 48.9993 6.46086
774 72.7584 47.2743 -0.00930773
775 87.4483 49.9126 0.303204
776 29.8253 5.39636 17.7026
777 63.9184 44.3922 10.4498
778 49.8445 37.8394 30.0622
779 86.9242 38.109 9.50558
780 74.5065 47.6615 2.56292
781 89.6342 52.8636 5.2862
782 3.91418 93.4905 34.1389
783 50.125 74.5546 41.2964
784 96.3467 32.4052 29.5486
785 73.6239 37.6405 40.9261
786 41.6038 53.9362 28.136
787 50.0273 107.84 62.3548
788 50.4896 4.26028 44.4516
789 65.6231 76.0196 37.7677
790 53.5659 43.1847 101.819
791 78.1814 59.6008 64.6799
792 110.269 76.0825 80.2409
793 113.515 50.9189 105.286
794 99.875 8.18893 20.6008
795 111.386 73.1827 32.9571
796 94.1522 31.4721 83.2676
797 54.7917 12.5848 22.3068
798 5.77825 1.53441 82.5146
799 4.91114 4.90423 51.5252
800 109.053 84.9617 60.6358
801 64.6001 50.639 111.207
802 111.167 53.3488 63.1899
803 32.61 111.277 65.7601
804 57.9577 35.7389 109.698
805 44.1933 1.47345 93.2325
806 -0.442087 104.025 71.2378
807 96.1801 62.6454 91.5728
808 36.424 60.1458 87.7647
809 113.52 67.7079 109.912
810 91.9439 37.7464 126.783
811 77.5729 67.501 47.1822
812 84.395 -0.130581 113.202
813 47.3863 72.5236 40.3593
814 112.119 8.28065 36.7146
815 80.0782 2.78181 72.2947
816 41.0605 69.8207 84.0285
817 71.7966 43.7986 47.2096
818 87.4136 112.201 30.1304
819 113.277 97.9836 103.193
820 2.39987 43.5623 20.385
821 31.4797 64.6212 58.9126
822 48.4441 55.2975 91.4362
823 79.6449 56.4454 118.16
824 84.283 77.2638 70.7187
825 83.617 77.9269 68.6174
826 72.3067 68.9143 107.552
827 101.071 48.3657 127.592
828 77.024 31.7966 116.924
829 113.555 6.93577 98.724
830 79.9954 0.4561 105.199
831 78.1506 51.3329 114.809
832 54.9408 34.7433 126.708
833 69.3653 30.0404 127.013
834 73.0722 42.7588 43.4126
835 75.1741 47.4729 119.147
836 66.2269 55.9901 114.129
837 85.8292 39.0348 108.326
838 71.9183 2.51153 74.8978
839 80.3272 50.9443 119.097
840 63.0404 37.6289 107.87
841 65.8737 0.744145 96.7214
842 72.5819 22.8173 126.738
843 76.7667 59.4549 126.685
844 -0.313283 97.0561 76.1029
845 46.5022 42.2413 26.5159
846 88.3839 75.0401 0.267811
847 68.118 79.6609 7.16986
848 62.3156 61.4184 10.0135
849 61.4814 64.255 16.3098
850 74.4108 65.238 47.8979
851 83.2181 77.8457 0.332117
852 83.8663 92.9826 77.4177
853 66.6488 63.6588 8.11963
854 61.8385 91.0209 8.83942
855 81.7916 71.5018 13.7356
856 81.723 114.01 8.16332
857 108.089 55.1282 107.383
858 40.1149 52.5764 26.7519
859 70.0654 82.0901 0.126485
860 57.0806 73.8121 0.222365
861 59.7697 67.5142 8.54452
862 60.1512 56.8937 10.7797
863 22.5001 112.305 67.5354
864 79.1304 53.9872 14.3288
865 68.2597 68.2742 -0.115663
866 74.0859 86.0415 0.0221547
867 91.2622 61.1781 97.0323
868 78.3784 85.9371 34.6399
869 79.9686 109.412 61.9462
870 85.3659 57.5872 83.6102
871 112.895 72.588 95.759
872 98.1536 110.829 55.9658
873 17.2678 74.6096 23.0996
874 98.4175 33.5141 30.8582
875 57.2955 69.318 21.4859
876 78.4657 71.3843 51.0389
877 36.6714 73.7263 84.9883
878 34.6876 108.275 51.5513
879 56.537 104.673 60.1252
880 91.9367 32.4333 34.375
881 114.233 69.3081 16.1613
882 108.94 79.4089 68.2894
883 61.4149 112.759 26.2885
884 25.2488 112.44 36.6751
885 48.9074 45.1881 28.1235
886 111.082 57.7983 55.846
887 112.988 99.6706 92.4654
888 109.087 62.8809 69.9333
889 108.68 90.8361 59.7472
890 111.095 36.5235 69.3479
891 52.8062 77.0103 42.9593
892 111.097 53.4134 54.2194
893 111.208 46.5795 46.2616
894 7.69714 112.7 11.3048
895 113.132 57.8727 97.5613
896 50.8651 73.7696 42.9919
897 91.3417 79.2396 109.666
898 109.966 4.08648 72.1949
899 89.8499 112.542 72.705
900 36.4446 2.23072 79.4973
901 112.794 102.09 95.9974
902 19.9313 112.683 92.4847
903 63.7492 111.178 73.4758
904 41.4473 113.137 15.0957
905 56.2037 109.842 42.7601
906 72.4694 78.0843 19.076
907 29.7553 56.8972 91.5937
908 57.8228 83.7269 126.826
909 63.7101 87.4595 126.832
910 110.229 46.4761 79.2198
911 65.6319 112.109 126.877
912 70.7128 74.7254 118.307
913 62.1242 62.7471 126.868
914 71.7593 58.2975 127.004
915 80.707 74.3199 122.332
916 87.8853 69.6349 113.386
917 81.5151 86.8597 115.832
918 74.2087 77.0562 116.729
919 104.22 113.845 108.668
920 21.0625 2.45061 73.0153
921 78.7884 69.9877 126.987
922 62.8266 62.9615 108.854
923 85.8409 112.443 85.7829
924 67.489 56.1458 118.187
925 91.3371 111.326 35.6539
926 75.2874 111.876 35.5496
927 82.0858 109.603 6.34429
928 53.5714 89.4214 10.2502
929 35.5906 96.4083 -0.560641
930 23.2507 112.679 23.6129
931 67.4263 112.912 29.1154
932 64.0876 88.4627 5.5953
933 67.5284 113.232 21.1189
934 16.6106 108.978 59.0598
935 50.7435 110.741 44.0133
936 114.591 72.4517 2.80968
937 72.9413 52.2209 49.4642
938 53.2858 113.822 12.6123
939 74.3235 93.4712 0.194047
940 108.8 91.2889 66.0475
941 68.4739 110.704 35.1297
942 95.5994 111.566 87.0681
943 65.7434 50.5412 78.0377
944 52.1827 113.361 82.6268
945 111.22 63.2818 48.3069
946 110.774 103.822 55.2885
947 55.6778 36.0207 63.0825
948 32.064 54.847 58.9581
949 44.7536 112.536 21.9864
950 68.1951 111.526 65.3898
951 82.853 110.891 54.7398
952 90.4466 107.262 0.624061
953 63.3863 113.534 15.5312
954 86.0193 111.472 36.8161
955 77.79 43.5432 99.3343
956 39.3283 108.433 55.4852
957 66.5249 110.541 55.2131
958 111.051 102.575 25.0685
959 62.2151 110.61 47.1842
960 68.483 47.0597 72.1567
961 102.862 111.86 41.3791
962 60.7189 113.919 117.116
963 83.8154 113.79 116.319
964 112.942 69.711 96.5499
965 52.5174 75.199 44.7786
966 108.936 109.504 53.6608
967 66.8834 112.765 71.2682
968 94.4203 111.903 28.8544
969 36.5434 91.063 54.2096
970 39.4484 112.802 103.057
971 59.0526 99.5332 126.945
972 59.0814 113.464 99.0707
973 81.1266 111.565 41.1511
974 86.0282 110.674 58.2939
975 45.7263 112.877 70.0029
976 95.5795 113.825 100.206
977 111.124 65.3725 37.5555
978 51.6588 111.493 71.6754
979 39.6061 113.108 84.4675
980 71.8627 113.245 82.2696
981 78.0707 87.5018 65.4229
982 84.8739 113.823 96.6914
983 67.849 101.82 127.127
984 82.5794 114.211 104.432
985 58.5953 113.724 119.657
986 78.7517 96.6476 127.16
987 36.7925 113.092 106.826
988 61.4807 105.144 126.885
989 71.4608 96.9718 114.975
990 59.2104 113.45 89.1276
991 79.5651 57.513 34.3836
992 17.6467 39.3337 99.1311
993 39.9283 77.9602 39.1406
994 80.7823 90.559 105.892
995 53.4881 91.3334 114.682
996 93.9626 111.997 127.186
997 83.9071 111.346 81.6136
998 51.7339 113.029 97.7679
999 63.2308 105.973 113.205
1000 75.7981 99.2767 100.988
1001 61.2965 82.5266 126.844
1002 73.927 107.592 115.356
1003 32.8841 112.999 93.8632
1004 71.9088 113.353 87.6345
1005 28.2564 112.911 84.7758
1006 57.8963 90.6331 126.704
1007 -1.32524 110.681 117.765
1008 115.109 20.7754 6.74619
1009 84.4593 5.8304 43.9874
1010 97.879 32.0512 0.166716
1011 95.2867 5.03774 35.5877
1012 61.1436 5.74155 0.0466138
1013 42.5114 4.44823 41.9239
1014 104.082 22.0657 0.698793
1015 105.394 17.7928 -0.164205
1016 104.29 8.13366 0.119692
1017 94.6379 1.27387 1.04276
1018 105.204 10.0086 4.87365
1019 84.9447 4.92868 28.821
1020 62.8096 50.7987 50.1848
1021 82.9677 18.3998 3.87352
1022 111.326 23.6495 64.5172
1023 81.6353 22.6838 21.7351
1024 74.5113 66.6622 45.909
1025 112.122 3.52698 32.4184
1026 75.4868 5.20276 30.1262
1027 74.324 1.11539 88.9449
1028 61.7364 3.30911 49.7427
1029 114.578 34.9932 19.689
1030 113.322 14.8073 92.1871
1031 101.014 3.85271 46.8125
1032 111.804 30.3459 63.4041
1033 96.419 5.04038 31.438
1034 113.538 39.769 79.7913
1035 80.3079 0.058837 113.317
1036 65.2548 3.18908 68.3855
1037 111.998 57.0258 24.0413
1038 89.9502 5.75193 43.3517
1039 102.121 4.16425 32.0435
1040 111.105 41.3299 68.0858
1041 93.4788 1.91791 17.4426
1042 111.097 34.8045 69.0365
1043 114.604 38.4529 20.7163
1044 112.032 33.2135 34.05
1045 56.424 6.52344 37.1539
1046 52.0822 44.692 30.1988
1047 51.1015 44.0603 101.689
1048 98.424 1.60664 90.9839
1049 113.133 55.663 89.0734
1050 62.2076 2.43822 79.9859
1051 33.3315 1.83736 97.5282
1052 106.56 2.18233 63.9595
1053 113.305 59.7463 109.104
1054 113.179 42.2009 81.1598
1055 77.2067 3.16514 73.7465
1056 111.238 38.9438 72.6473
1057 113.419 28.5114 100.091
1058 87.8062 1.42926 86.6954
1059 76.0146 2.58903 74.999
1060 113.295 30.0385 89.3605
1061 85.0428 3.32764 62.9599
1062 109.008 6.63834 61.7327
1063 113.1 41.8968 91.2951
1064 113.502 5.10571 76.5438
1065 113.507 12.3681 98.9577
1066 111.399 9.36006 66.3593
1067 113.534 10.4623 82.2308
1068 111.635 12.3653 52.0768
1069 103.208 0.956868 103.811
1070 113.38 9.74668 88.996
1071 113.366 28.587 94.9221
1072 111.794 0.752593 79.3273
1073 72.0633 -0.099136 110.718
1074 108.526 16.7744 116.851
1075 91.7161 2.12716 127.405
1076 113.435 21.9798 73.6612
1077 112.296 26.4056 127.995
1078 113.387 20.5668 101.681
1079 103.913 1.39619 94.6125
1080 51.6888 -0.105392 120.522
1081 98.5064 -0.0656159 115.773
1082 101.553 1.70249 76.2139
1083 114.297 13.805 124.72
1084 113.44 9.16678 125.939
1085 102.919 5.31179 106.1
1086 110.685 0.605499 108.201
1087 89.0951 40.877 0.161315
1088 102.692 39.7058 11.0079
1089 80.5036 49.1662 14.1095
1090 58.4292 26.2419 36.5145
1091 94.9301 33.722 12.7472
1092 111.686 26.5217 38.7547
1093 111.5 62.8835 36.4612
1094 115.076 49.1974 4.35826
1095 115.125 10.9668 14.7912
1096 102.775 41.981 22.2065
1097 102.943 47.312 0.523475
1098 115.214 20.6133 9.58293
1099 104.823 50.3506 8.92366
1100 55.2235 7.25549 31.1172
1101 98.9379 58.4919 0.157737
1102 114.524 58.3407 15.034
1103 111.171 58.1286 45.1681
1104 59.0898 111.188 45.9662
1105 65.2601 58.7008 46.6999
1106 113.306 31.6398 74.8321
1107 110.827 70.0632 50.3654
1108 36.9852 2.1197 91.8966
1109 109.085 79.7656 77.6672
1110 114.28 25.6586 26.5594
1111 78.3154 69.5442 52.725
1112 64.4912 66.3789 33.5645
1113 111.894 44.3007 31.9626
1114 67.2903 75.333 35.897
1115 44.9267 37.5812 63.0006
1116 100.334 3.48628 42.8574
1117 109.663 30.0569 49.5435
1118 74.6835 25.0392 67.2829
1119 111.516 37.2929 37.2722
1120 114.23 43.759 22.4116
1121 105.822 1.67237 38.7748
1122 112.028 39.5944 30.3444
1123 113.704 7.57891 104.997
1124 111.514 15.0173 47.6709
1125 113.501 33.2121 90.8551
1126 89.9735 1.35576 89.344
1127 113.582 50.2847 85.0066
1128 96.2236 0.389541 111.204
1129 111.17 69.3492 46.7646
1130 112.031 9.89687 41.9419
1131 111.731 19.5382 41.4645
1132 53.6874 112.455 73.422
1133 111.233 21.3135 61.1688
1134 109.395 51.4435 76.1884
1135 113.22 40.2312 86.1582
1136 69.1665 69.199 64.424
1137 114.34 22.8801 112.85
1138 113.563 65.4495 114.317
1139 37.7015 76.4495 63.7822
1140 113.596 60.3873 122.207
1141 110.209 50.9484 66.347
1142 101.078 0.496703 14.071
1143 114.384 25.5012 23.8418
1144 75.6922 27.4731 103.531
1145 113.668 41.673 112.49
1146 113.515 62.5081 112.353
1147 113.443 26.0027 92.9189
1148 111.001 104.38 42.4321
1149 108.721 75.2094 72.7319
1150 114.123 50.5038 19.4078
1151 81.8182 112.241 26.6078
1152 96.658 46.1443 117.028
1153 113.662 67.4455 105.836
1154 94.0454 29.8852 115.034
1155 97.3618 51.1888 127.462
1156 113.568 48.9028 126.129
1157 113.186 26.6185 85.9116
1158 101.997 41.6315 127.172
1159 105.62 67.3061 110.997
1160 113.976 37.4666 119.334
1161 49.5364 50.6441 127.098
1162 76.696 55.4111 19.0635
1163 95.441 40.6977 127.14
1164 112.52 46.043 127.014
1165 93.714 55.4462 126.919
1166 91.3344 61.9938 127.062
1167 80.3824 43.3374 108.485
1168 46.54 0.851367 100.907
1169 114.095 59.6311 20.3532
1170 107.825 82.7487 0.0608359
1171 100.131 3.17435 24.453
1172 114.838 6.08665 13.1798
1173 111.45 87.0349 25.034
1174 108.589 58.86 12.9953
1175 61.4037 113.358 18.3619
1176 106.404 47.7196 0.398945
1177 60.3798 67.576 44.2052
1178 82.3887 71.9884 0.257419
1179 75.2192 36.268 39.1526
1180 114.087 85.5176 14.4526
1181 95.9495 69.9248 -0.247117
1182 3.94615 105.135 24.9349
1183 114.424 86.2316 5.24556
1184 94.4193 79.2354 0.459772
1185 74.4039 78.8771 0.0386922
1186 90.2499 73.9807 6.92712
1187 19.467 61.8805 19.2227
1188 111.898 37.5516 32.1743
1189 33.7265 75.6598 32.6411
1190 58.1714 87.1293 62.7029
1191 109.341 81.7756 60.6148
1192 97.2534 88.0918 55.3798
1193 98.9121 110.794 75.9899
1194 110.78 103.12 74.528
1195 92.1298 111.521 76.071
1196 111.185 55.6236 63.3818
1197 77.7719 113.816 15.7757
1198 109.016 75.8732 75.7505
1199 47.3081 113.435 15.0746
1200 110.184 78.9857 50.8286
1201 115.012 3.75294 9.90994
1202 113.174 57.1909 1.25738
1203 109.252 103.463 62.8709
1204 111.933 47.3734 33.979
1205 109.167 46.7276 74.3073
1206 109.284 61.6215 72.9875
1207 111.019 88.6539 36.4943
1208 108.969 65.8655 69.2425
1209 111.286 72.2187 36.9555
1210 90.4215 32.0334 67.3643
1211 112.962 92.7342 17.4912
1212 105.271 -0.0690867 3.69292
1213 110.826 99.1683 86.6744
1214 77.5729 74.9777 65.4861
1215 114.019 42.1014 118.646
1216 109.072 49.2979 69.9646
1217 108.908 88.9501 76.01
1218 113.275 51.2005 89.8663
1219 45.0678 3.13672 68.0136
1220 113.396 77.0206 108.311
1221 111.083 86.8325 40.8779
1222 90.4538 95.4984 41.9284
1223 113.176 44.7759 90.7693
1224 113.829 74.7563 115.34
1225 109.02 51.4901 78.8731
1226 109.674 60.855 65.4663
1227 111.283 42.2081 61.1331
1228 99.8356 109.832 65.3918
1229 65.9279 36.9056 93.895
1230 113.073 106.643 110.99
1231 108.993 83.7958 83.5925
1232 103.295 44.9085 78.1199
1233 111.613 52.873 82.6757
1234 111.587 111.466 94.7551
1235 113.681 57.5172 110.723
1236 111.967 0.767843 83.6372
1237 113.361 30.3767 81.5745
1238 113.078 58.5524 93.4073
1239 103.786 72.1333 117.464
1240 113.32 37.8901 82.6942
1241 83.6947 65.145 127.134
1242 113.591 71.8632 118.46
1243 84.4882 68.9883 112.635
1244 103.635 109.475 83.6547
1245 75.7505 55.7033 69.6168
1246 93.7335 76.0777 127.013
1247 109.121 58.0556 68.1205
1248 106.836 63.8568 127.455
1249 112.897 81.3101 93.84
1250 110.148 57.6362 127.794
1251 113.718 71.5488 111.116
1252 113.999 23.6587 111.422
1253 90.7704 82.3686 116.543
1254 87.3854 67.8182 122.788
1255 107.804 79.8604 127.221
1256 102.391 64.0036 115.024
1257 113.365 35.0327 102.149
1258 95.6193 72.8707 127.029
1259 97.6503 76.162 127.133
1260 90.7466 111.458 85.4879
1261 89.3237 77.1419 113.472
1262 103.964 58.312 127.262
1263 111.405 63.3789 40.114
1264 110.294 71.3502 127.593
1265 114.972 51.5681 12.7901
1266 111.27 67.6059 32.7599
1267 114.164 95.3891 8.58193
1268 89.3297 112.124 32.9594
1269 45.8935 114.126 10.0301
1270 111.425 96.2027 23.2917
1271 106.227 89.7467 5.76148
1272 92.6291 113.828 16.7182
1273 104.913 95.168 0.314701
1274 109.025 113.779 14.5445
1275 102.728 79.6875 15.8578
1276 88.9477 83.4629 16.5307
1277 106.268 110.367 66.7037
1278 95.8028 85.2308 8.44743
1279 114.124 99.5895 14.3545
1280 91.7593 106.423 15.8307
1281 94.9363 111.655 41.4821
1282 110.738 93.5466 0.919675
1283 71.8593 113.692 17.6436
1284 111.218 96.3604 28.5576
1285 94.8747 111.701 48.9776
1286 106.893 91.5442 0.28238
1287 110.713 112.19 18.4369
1288 110.776 95.1074 55.3166
1289 110.979 62.5214 52.2224
1290 103.263 111.3 78.6193
1291 112.907 86.1354 96.2819
1292 59.6288 112.49 34.422
1293 56.0399 112.376 30.1234
1294 104.804 111.397 46.7124
1295 99.6349 112.032 92.6609
1296 111.214 81.4206 30.3977
1297 60.442 109.219 61.4781
1298 109.905 112.044 26.7176
1299 -0.665531 82.3594 8.55273
1300 111.481 91.8772 21.5316
1301 108.947 83.6597 73.2059
1302 98.808 111.922 88.6045
1303 62.8639 111.176 41.767
1304 76.7118 113.459 104.274
1305 96.8422 111.715 80.3236
1306 44.9162 113.758 99.3316
1307 110.544 108.525 72.0306
1308 108.526 111.269 52.0757
1309 110.69 98.4056 77.7158
1310 108.719 86.8418 69.4863
1311 99.1755 113.863 99.3664
1312 87.0204 114.341 115.039
1313 110.843 97.142 49.9776
1314 2.35522 17.8089 85.8756
1315 110.739 94.2923 84.6077
1316 114.392 69.8493 11.7079
1317 112.975 102.912 86.7397
1318 93.1327 114.346 89.3673
1319 70.672 112.344 69.4653
1320 89.6945 110.389 116.755
1321 107.479 102.012 113.979
1322 107.534 111.732 92.4021
1323 91.0779 104.278 114.299
1324 112.985 104.501 125.627
1325 50.5711 113.366 112.095
1326 100.991 103.701 115.077
1327 111.012 114.221 107.81
1328 112.026 77.214 89.7987
1329 38.6925 108.166 63.6508
1330 112.93 104.833 123.703
1331 98.1365 91.3466 127.174
1332 112.946 104.977 121.333
1333 91.1078 101.755 113.717
1334 107.785 93.3047 114.395
1335 113.348 102.483 112.912
1336 109.117 88.9167 78.9386
1337 110.841 88.5976 49.7523
1338 107.335 111.817 94.1152
1339 88.3296 108.876 114.606
1340 113.296 90.5274 107.336
1341 51.0096 113.42 106.908
