0 8.03265 22.4071 -0.608005
1 -0.146842 26.0809 40.2976
2 7.77087 -0.730235 4.72557
3 22.5367 -0.723731 21.4563
4 34.5602 23.0177 20.2908
5 16.3543 26.9357 13.3078
6 43.5107 -0.216044 10.2548
7 30.1698 5.47186 -0.372028
8 19.6756 6.8733 -0.568274
9 11.1801 13.8797 -0.26777
10 11.8028 -0.448727 19.7818
11 10.2668 -1.19913 33.3701
12 28.0864 20.3037 11.5433
13 7.92323 -0.575579 14.7122
14 36.7508 42.9582 28.8292
15 24.5545 12.3033 -0.480831
16 3.78169 12.8899 -1.03946
17 -0.218694 25.9414 22.1836
18 27.4089 -0.352258 32.353
19 23.5083 -0.313494 37.5687
20 21.0193 17.39 32.2729
21 47.4244 0.0693004 30.0782
22 -0.131184 21.3497 38.2384
23 0.340253 10.1686 37.3694
24 16.0122 -0.404195 46.226
25 24.4947 12.2851 70.4592
26 19.7638 -0.413948 48.2469
27 -0.278776 15.1538 54.194
28 0.497779 0.17207 32.9435
29 24.331 26.1409 30.2816
30 23.6863 13.2333 49.397
31 -0.264131 7.58989 62.9883
32 26.3765 19.0508 41.832
33 22.4626 -0.59669 43.6233
34 13.7742 43.1428 37.3905
35 -0.298273 14.9262 71.9054
36 -0.0926728 12.6712 40.8755
37 27.634 15.7346 62.7002
38 54.5355 -0.271862 63.976
39 27.3846 -0.119643 65.6087
40 14.5934 25.8055 34.2605
41 31.8559 24.5123 96.0814
42 -0.583979 26.4986 78.4148
43 -0.388615 17.0069 82.6853
44 31.7799 -0.594462 76.4961
45 25.7835 22.6864 82.5196
46 8.06738 16.7407 84.607
47 27.1988 -0.226241 62.3996
48 -0.25181 26.1781 47.3002
49 38.8496 34.8499 70.0908
50 33.9901 -0.384133 76.621
51 10.0203 -0.751737 83.9125
52 12.3098 27.0872 33.5035
53 19.4552 -0.419827 67.9518
54 20.0708 -0.465427 53.4995
55 14.1469 -0.8615 58.9408
56 38.3623 -0.561985 58.9522
57 14.9166 25.5419 94.5915
58 2.75431 15.4535 115.429
59 41.4357 13.1529 94.4383
60 14.9428 -0.462125 107.869
61 30.1112 -0.719523 113.944
62 20.8078 17.0398 109.822
63 9.77828 23.1627 78.8417
64 -0.881929 21.3699 105.769
65 27.2213 12.3144 115.052
66 34.0049 -0.586649 103.926
67 25.4215 -0.92023 86.3518
68 22.761 6.72006 87.4993
69 20.3505 10.0894 115.101
70 31.3867 13.5006 72.1181
71 2.55165 -0.356413 112.798
72 31.3733 18.6743 110.171
73 9.45674 12.1554 94.8593
74 11.1805 17.6683 101.136
75 1.62477 -0.721665 78.3295
76 -0.17107 7.31506 81.0012
77 25.4913 40.8219 8.5905
78 24.2724 28.7392 12.8485
79 -0.0534737 19.3357 3.47946
80 27.9411 43.6153 -0.372509
81 34.8002 23.8141 13.5581
82 0.0155756 24.0861 5.12464
83 -0.0986754 32.9179 12.5255
84 13.2079 33.7614 13.3561
85 41.2785 61.2571 32.9204
86 -0.384738 49.301 35.5713
87 -0.449729 47.1097 6.89696
88 8.02593 59.3665 10.1243
89 28.2295 29.3323 -0.348414
90 11.7939 33.0935 9.45774
91 -0.0859906 24.2996 42.3511
92 29.4706 29.634 57.2616
93 43.9406 48.4484 51.7792
94 17.5847 15.6695 64.613
95 -0.355068 35.4265 38.3648
96 -0.218931 23.3847 43.8618
97 31.638 47.1525 50.0897
98 -0.199709 40.724 43.404
99 42.2763 34.2566 32.0258
100 -0.648106 44.4458 64.4099
101 -0.427252 47.6088 43.4214
102 -0.559507 54.6026 35.7144
103 -0.195898 42.9342 11.551
104 26.1961 30.0253 42.6164
105 25.8478 25.1572 48.0921
106 45.0251 41.2598 23.66
107 27.3845 30.524 53.9284
108 -0.68585 54.8251 43.8592
109 24.2435 52.1042 26.921
110 17.2079 54.1974 49.8101
111 -0.113007 31.3047 37.3789
112 -0.49097 49.4373 51.1409
113 22.0101 53.1186 63.8888
114 46.0324 55.705 42.2824
115 10.2706 55.7527 32.4766
116 -0.268663 33.0854 44.8615
117 -0.670352 37.2705 56.9705
118 39.8662 28.8497 63.3036
119 4.47125 56.0895 98.9428
120 35.9492 41.289 44.1106
121 10.1366 65.1099 66.0086
122 37.6654 20.6786 63.9016
123 -0.645928 54.1567 65.2308
124 6.78923 32.062 81.605
125 -0.216572 23.5324 36.3846
126 -0.70492 24.3481 85.6429
127 33.6841 92.7901 75.8562
128 15.1044 44.1281 79.5261
129 -0.796659 45.5232 92.9724
130 15.6193 50.1043 97.2864
131 71.7066 56.2366 64.55
132 13.2437 65.218 61.9308
133 -0.751892 44.7992 79.334
134 39.6414 21.9787 70.834
135 23.913 63.7552 89.2666
136 23.3698 41.0607 86.9668
137 35.4866 28.0798 101.56
138 13.3788 42.0704 105.879
139 13.1472 35.6285 100.862
140 22.5709 34.8308 115.705
141 27.3725 35.419 100.994
142 5.90145 34.1703 114.892
143 5.95144 32.763 87.0709
144 15.8591 45.215 100.294
145 21.9068 55.7262 92.7029
146 -0.345006 16.6321 86.8581
147 5.2822 57.921 108.514
148 10.6047 29.4231 115.626
149 11.1294 57.1983 115.278
150 3.28878 51.8438 115.013
151 22.7359 54.162 115.234
152 -0.754114 28.9054 79.3119
153 5.08232 76.7074 100.48
154 18.396 53.1971 101.78
155 8.43801 59.2637 95.7986
156 28.3898 56.6279 106.807
157 19.0712 16.1864 88.3962
158 19.709 27.1563 94.3024
159 9.12361 50.6282 97.5602
160 37.2874 38.0932 94.3845
161 -0.256628 9.58482 87.0885
162 -0.529768 26.2003 87.8552
163 -0.407432 68.4607 3.50972
164 22.4892 83.8815 -0.0562292
165 15.1036 90.4791 28.7546
166 26.1171 69.1725 11.8548
167 6.44911 64.276 -0.388067
168 19.9379 70.5226 13.4214
169 33.8944 47.6807 19.5604
170 22.2609 64.6891 7.70942
171 -0.276641 52.2669 15.0278
172 26.0932 67.101 13.3199
173 29.7754 79.0162 4.55992
174 22.6065 97.886 -0.143502
175 29.0709 92.4244 34.9509
176 10.0723 81.337 31.5808
177 -0.205833 61.015 24.7749
178 -0.880747 88.8317 37.9037
179 1.0438 73.1783 -0.199258
180 22.1317 74.0841 26.0441
181 20.0991 70.4655 8.4389
182 14.0286 67.3986 16.2805
183 17.7975 74.5616 37.1779
184 19.4683 64.888 14.5413
185 17.6902 74.3643 14.8407
186 -0.503539 59.2873 10.1194
187 -0.494996 66.371 7.55756
188 19.7386 55.181 38.7424
189 7.01393 81.0535 57.7256
190 -0.773721 86.409 31.7408
191 -0.723502 68.4806 40.5369
192 21.4459 67.1044 55.7037
193 73.3592 113.856 23.1454
194 -0.797196 63.5231 60.9904
195 15.5113 100.738 29.3783
196 41.5351 78.6481 24.7486
197 32.2613 73.324 29.7811
198 7.29212 86.6822 34.1356
199 -0.735008 63.3154 48.746
200 43.3961 72.8139 51.9519
201 18.6607 74.6894 69.936
202 36.1985 68.517 63.1428
203 -0.974837 74.4318 52.4838
204 -0.372951 49.4344 23.1923
205 6.53327 50.7361 53.0038
206 37.11 82.2394 55.3106
207 -0.775819 54.8471 48.2777
208 5.42261 85.9998 58.7064
209 12.7577 65.9044 56.9974
210 25.1063 45.5359 52.6533
211 -0.69575 63.6974 46.9276
212 33.1828 69.3141 46.6633
213 -0.716811 64.1434 64.5606
214 -0.748591 53.6351 37.692
215 14.4313 100.251 69.1215
216 22.6254 72.029 25.6741
217 31.248 74.7052 62.8238
218 -0.811802 63.5001 71.0096
219 51.1367 70.79 75.9323
220 17.1984 67.2078 73.0409
221 -1.08185 63.3509 81.3399
222 16.0232 68.0877 42.8317
223 6.64269 103.901 51.767
224 36.7405 84.2338 99.0373
225 -0.927031 70.3585 61.0548
226 -1.35937 87.3907 83.2896
227 8.63008 78.751 97.3767
228 33.7489 51.6421 66.6735
229 29.1634 82.2178 90.0097
230 6.97636 59.767 90.7353
231 33.4571 64.1383 48.0507
232 20.5189 94.6584 93.6339
233 -1.01457 77.8698 82.2698
234 13.5819 80.9908 66.4909
235 10.8665 76.8901 98.9519
236 18.817 69.9859 47.765
237 46.7054 94.9277 86.8436
238 33.3726 62.0749 79.5979
239 17.5222 71.5083 27.4461
240 5.12285 66.9339 93.5264
241 24.3067 71.313 115.447
242 14.5961 60.8384 105.009
243 -1.51552 78.0443 99.7618
244 0.221399 64.6412 115.138
245 -0.852314 58.4475 92.1992
246 6.28041 63.3267 115.713
247 21.1101 80.9754 103.999
248 -1.74913 85.2102 105.022
249 15.7029 65.7853 87.2376
250 20.9696 60.9395 115.333
251 12.3393 82.9677 99.1538
252 14.4184 73.7872 93.6755
253 24.0802 82.0371 105.708
254 -1.39066 87.1562 97.5597
255 -1.64295 92.1508 97.3585
256 -1.24086 61.7765 94.0413
257 23.8852 58.764 115.222
258 9.3932 80.7201 10.3934
259 31.4091 96.3994 37.641
260 -0.793947 98.2273 25.7535
261 26.0358 112.078 -0.249535
262 20.0809 113.124 23.3929
263 7.22722 69.9208 20.4134
264 -1.11405 96.9322 18.5961
265 -1.12825 105.737 19.5221
266 15.4523 91.8973 12.7799
267 24.0171 101.371 -0.419619
268 11.6312 113.125 21.4747
269 -0.844475 96.4993 13.483
270 28.3202 113.119 29.0089
271 15.4344 96.3675 12.2031
272 29.7786 58.0765 19.3279
273 -1.25487 102.879 47.5432
274 16.9116 113.336 10.1729
275 8.50858 112.983 32.7637
276 26.4717 72.1859 23.1659
277 23.2993 113.526 7.60139
278 2.87885 96.7063 -1.01939
279 37.2747 96.4707 -0.287036
280 14.694 86.4595 31.1544
281 -0.953853 98.3225 33.6729
282 39.0003 113.571 32.9976
283 -0.915826 89.5884 36.0565
284 34.0374 86.2431 40.9078
285 19.1969 96.9948 19.0871
286 33.1366 96.8291 54.6952
287 12.0952 112.72 36.126
288 12.6819 113.308 65.4517
289 17.8884 95.0709 20.8984
290 2.49904 112.677 35.2131
291 -0.81174 95.9458 29.6508
292 16.3403 82.7103 43.6115
293 16.8493 113.089 42.424
294 -0.791333 68.6252 45.707
295 49.4766 82.3161 45.3878
296 20.104 112.951 18.4663
297 46.3163 86.5759 38.4796
298 24.607 113.289 57.9854
299 12.2112 113.335 42.5903
300 4.64559 113.103 60.5355
301 24.9008 93.56 54.4343
302 15.8316 113.063 18.631
303 -1.21493 103.731 66.2035
304 29.6354 113.634 113.904
305 -1.63157 110.53 91.9637
306 16.173 94.4498 65.4819
307 2.58657 112.874 80.889
308 36.6479 113.485 70.636
309 -1.34174 105.257 78.7119
310 -1.47338 110.732 76.6001
311 24.7074 78.201 69.8107
312 12.6365 96.4953 66.8848
313 14.9993 90.3639 51.5842
314 -1.08544 102.977 60.2539
315 20.1682 61.589 85.8675
316 38.5489 79.3147 46.0157
317 7.57267 112.556 74.3183
318 3.26584 112.577 73.8953
319 28.7811 96.0547 97.8575
320 -1.45872 92.2838 92.3474
321 -1.36323 89.5772 78.967
322 28.9181 102.286 53.3263
323 22.6837 107.512 99.7465
324 9.69656 89.965 115.228
325 24.4133 113.342 110.692
326 38.732 105.741 88.5015
327 16.3976 113.246 78.0643
328 25.995 102.671 115.36
329 0.427994 112.896 93.26
330 -1.50798 103.553 109.21
331 2.26893 81.4475 110.254
332 44.9764 103.347 97.7604
333 18.701 113.04 73.0451
334 15.4161 112.917 99.4451
335 18.5787 113.302 103.612
336 13.0279 63.6785 75.3565
337 14.5781 113.086 95.9023
338 8.90608 96.0071 115.257
339 6.33588 108.82 103.813
340 30.1434 103.627 115.505
341 30.9576 113.361 83.3376
342 14.4296 98.992 98.2783
343 36.3732 11.179 8.41066
344 38.5879 -0.389473 23.6182
345 30.7133 -0.452264 13.4619
346 52.7384 9.2975 9.50177
347 40.9023 12.2448 -0.192644
348 51.5017 11.819 8.93091
349 35.5959 -0.0402267 14.7067
350 43.4128 0.0113939 22.9504
351 52.7994 0.00526041 16.0846
352 55.9754 0.213764 15.0738
353 46.6275 15.0787 10.2387
354 53.0882 8.42251 31.8007
355 36.8808 12.4417 -0.318771
356 40.281 14.72 5.31034
357 20.08 20.4649 33.6055
358 53.2244 31.5359 19.6357
359 54.3197 28.7786 30.6508
360 22.0258 21.0464 48.068
361 55.0414 14.8438 25.5539
362 28.8096 33.8364 45.8138
363 54.5703 -0.15646 46.2227
364 40.0504 22.8549 32.3485
365 48.4681 20.2986 56.6314
366 63.1842 -0.022866 26.317
367 29.3807 31.8107 42.8907
368 24.8899 19.2999 47.6537
369 39.029 48.939 35.1761
370 64.9415 31.6498 55.3562
371 32.7329 24.1572 49.7187
372 32.8788 19.5205 60.5687
373 32.771 28.9977 81.6495
374 37.1112 13.1746 56.0738
375 19.7346 30.3106 36.7067
376 23.7817 25.0197 25.8289
377 28.0397 -0.430681 53.7663
378 35.1338 20.9075 60.3547
379 23.8975 -0.772627 61.4688
380 45.749 16.0535 87.4429
381 45.5459 32.7863 100.853
382 31.0608 -0.206131 93.2561
383 39.3044 42.5947 73.1878
384 50.6766 -0.370982 61.7015
385 43.2345 -0.421622 83.0117
386 26.2027 32.8131 57.14
387 61.1815 20.0777 86.4713
388 38.1448 22.5504 60.2859
389 50.334 -0.422618 79.288
390 46.9966 -0.084675 63.0975
391 24.7465 8.06138 86.678
392 79.3213 25.9206 86.8654
393 60.618 13.5203 61.5777
394 43.1412 -0.274569 100.397
395 39.8418 12.0942 90.2962
396 26.8233 -0.0379298 82.9304
397 56.9445 31.4625 87.7135
398 51.1153 0.040378 70.5228
399 11.8801 -0.475653 66.2818
400 53.9944 30.4882 72.5183
401 46.1824 -0.279234 101.64
402 54.2921 12.26 115.472
403 31.9496 -0.478531 81.5862
404 78.2605 31.3005 84.4728
405 31.5274 19.1791 112.729
406 39.8593 3.68322 116.145
407 41.8178 12.4437 115.306
408 53.5731 23.8186 92.6817
409 41.6507 27.4531 115.225
410 32.7105 12.646 106.179
411 55.7491 22.5904 90.9509
412 34.5408 1.59771 115.874
413 46.443 -0.142725 113.126
414 47.6999 15.0932 96.0679
415 57.8803 12.5602 115.639
416 35.7642 -0.392312 89.367
417 45.7858 10.4719 104.388
418 36.2555 43.4792 17.003
419 45.9728 42.1514 41.1561
420 21.8317 24.7772 5.18329
421 31.2901 35.0812 5.01255
422 15.9187 18.9539 39.4186
423 35.735 47.5921 19.5621
424 37.3 38.7089 -0.212656
425 52.6957 32.9217 -0.144566
426 55.1213 20.7156 34.7475
427 46.0138 27.4153 34.1151
428 57.0135 46.2248 0.243788
429 56.3704 23.6314 19.5919
430 48.2126 39.2949 22.9909
431 29.3492 40.7464 8.04931
432 33.8124 56.4296 13.3621
433 35.2578 56.5109 -0.110155
434 14.3114 12.0741 41.7208
435 29.9523 26.2599 -0.385174
436 36.4927 50.4089 29.3724
437 53.3988 38.8617 -0.124191
438 48.2972 57.5564 21.972
439 38.6852 56.4093 2.70626
440 31.936 44.8475 6.45487
441 23.8379 39.3984 15.3214
442 26.5367 27.4937 44.6169
443 43.3812 88.3002 38.2528
444 83.9423 48.1174 60.125
445 44.6595 31.7018 55.6183
446 42.8063 37.5827 20.9355
447 47.0405 39.5562 74.0813
448 66.5433 30.8408 61.5554
449 50.3641 58.1436 65.7843
450 27.7633 58.9763 29.0825
451 52.3621 39.7558 17.9393
452 37.6842 20.1447 69.1889
453 39.002 32.3161 69.2641
454 42.9239 42.2137 42.7499
455 41.6606 35.5873 23.4862
456 54.7459 20.9268 69.9822
457 26.0087 26.3726 22.1543
458 40.8416 17.0591 34.5664
459 37.8634 22.5193 29.7213
460 25.6135 31.0504 71.7406
461 53.6548 57.4172 58.3975
462 60.0031 42.7921 60.9568
463 61.839 23.2846 97.7104
464 41.8995 14.6671 56.028
465 17.6287 21.0093 71.1153
466 12.1017 45.585 70.2044
467 22.5684 30.4834 58.533
468 40.7071 29.358 100.017
469 15.0745 45.4456 68.5705
470 -1.06515 66.257 70.5311
471 48.176 41.0078 91.2687
472 61.3076 26.6741 75.8836
473 61.0347 38.4974 72.5459
474 24.3169 30.9599 54.606
475 29.684 22.7987 69.8499
476 49.832 68.4102 52.4229
477 20.9069 17.151 84.9952
478 37.4217 55.3518 77.0811
479 59.9067 49.4821 74.1863
480 35.8596 42.4735 83.8011
481 36.1202 37.8637 115.473
482 52.3309 41.1015 101.824
483 52.4322 38.6661 113.26
484 48.5401 31.2593 115.287
485 15.0142 40.0405 87.1765
486 68.3759 10.1463 85.1956
487 50.6991 63.1447 105.835
488 44.9215 26.4407 115.888
489 54.5861 53.6389 104.724
490 45.6442 19.2246 95.6246
491 60.3002 61.8601 81.0948
492 49.8697 42.2981 108.464
493 46.2406 35.189 100.778
494 31.3558 61.8729 84.3554
495 51.389 47.0277 70.532
496 41.8108 42.2893 108.438
497 24.4315 43.122 104.691
498 47.3914 51.7331 107.393
499 61.4328 34.241 97.2399
500 58.1106 77.4842 28.2611
501 49.4486 82.5514 -0.0950719
502 39.5461 76.9568 18.2011
503 45.3646 76.1398 21.5206
504 27.4921 69.2752 9.01446
505 36.8939 73.5501 -0.11682
506 39.33 87.3436 23.8972
507 47.6532 83.9113 26.2728
508 41.4989 68.5949 -0.240932
509 29.6221 82.5818 4.33542
510 51.5631 55.6861 32.2815
511 58.7688 72.2877 23.0025
512 53.8187 85.3482 10.3342
513 47.9371 70.8383 53.9822
514 29.0722 73.4283 -0.344194
515 24.9896 52.4572 22.5284
516 54.7521 72.3378 12.9361
517 46.1213 58.654 28.6718
518 36.4832 87.1906 24.4476
519 15.5159 70.925 22.455
520 48.2051 53.5008 10.4526
521 48.0889 58.3476 19.2922
522 37.3128 90.9474 53.6939
523 45.6713 77.7262 55.7274
524 45.09 66.1245 42.1963
525 61.6569 67.2689 61.2486
526 39.8517 87.3012 52.3314
527 23.9954 68.8125 48.5905
528 44.0613 56.4497 28.3592
529 38.9729 72.2482 25.6797
530 34.6823 58.3706 25.7619
531 51.8412 62.5579 71.6775
532 29.3727 78.7886 42.1374
533 25.2381 63.422 53.7187
534 31.8366 78.3897 49.555
535 45.578 75.1658 32.6639
536 57.8466 56.7071 31.0863
537 51.3016 77.4008 25.545
538 37.2646 59.9113 53.3166
539 52.2628 113.382 18.6327
540 29.4428 60.8552 52.4866
541 43.3361 75.8855 62.2684
542 41.9246 70.6245 40.6477
543 37.4531 79.2454 44.4537
544 20.466 66.5495 45.2879
545 61.714 90.4095 19.5228
546 21.8783 81.1552 51.6242
547 20.7165 78.159 24.377
548 55.2345 77.589 43.2826
549 55.2964 82.2552 70.4442
550 41.3367 61.1713 90.3931
551 33.215 80.4384 59.0608
552 63.8908 50.0047 91.4673
553 37.3943 70.6432 43.4123
554 41.3619 65.0667 79.972
555 34.7963 84.971 100.98
556 55.267 79.2892 77.8373
557 30.1411 63.1185 68.0111
558 18.2684 79.1098 78.7923
559 35.1861 82.5394 55.0073
560 41.9162 71.9961 93.4431
561 73.1401 66.4397 75.0811
562 19.8625 82.3511 80.8686
563 73.1082 85.0153 54.0687
564 50.0612 67.6157 89.2488
565 65.4222 79.9564 57.126
566 35.1894 73.2254 74.1025
567 45.99 69.9173 59.8561
568 29.6777 51.434 66.6356
569 27.7313 68.4777 70.5996
570 52.5052 66.8039 90.8653
571 28.2284 61.5874 70.6913
572 40.6843 76.2388 96.7911
573 37.0503 71.8651 59.7884
574 62.28 56.4308 65.8929
575 27.471 94.199 90.5909
576 26.5289 81.9779 115.427
577 24.5641 64.4734 115.435
578 37.5457 97.6384 115.857
579 21.0895 51.7127 96.8861
580 56.2438 83.1193 104.319
581 43.4281 65.4485 92.431
582 53.0281 62.3578 87.0208
583 37.5863 58.5936 96.6375
584 32.8339 71.3317 113.074
585 70.9271 75.3091 98.03
586 47.5864 46.7773 88.4661
587 36.1955 78.2222 109.836
588 53.2615 93.3436 72.6287
589 31.134 59.7774 98.7804
590 55.6155 80.2094 115.572
591 65.5178 75.6813 100.385
592 28.9986 89.2544 85.0617
593 37.6484 65.2974 101.605
594 45.1446 85.7058 70.5085
595 44.9171 77.2703 94.1123
596 30.8943 60.0945 96.3338
597 36.2967 89.4236 0.0239681
598 20.5935 101.593 0.0979219
599 48.597 113.633 21.1671
600 46.3353 112.273 -0.308642
601 56.5932 113.498 1.45916
602 35.2788 89.9916 39.5529
603 28.7817 89.3794 20.0591
604 51.568 113.649 2.72988
605 37.3171 113.158 15.0936
606 35.7962 52.403 28.44
607 43.7236 86.9366 14.0643
608 31.1606 113.208 22.5385
609 51.6819 105.857 15.9499
610 44.8569 113.141 3.48832
611 28.2064 113.072 13.5906
612 47.4292 113.438 30.5194
613 21.2993 113.978 35.2249
614 57.1603 109.489 35.6463
615 40.2163 89.6455 22.7334
616 39.1554 113.23 28.031
617 28.2277 113.24 8.81467
618 38.1088 93.6113 26.1328
619 47.449 102.168 15.6917
620 24.0753 113.101 43.8907
621 34.5212 102.479 59.2655
622 45.4177 114.247 58.259
623 69.4117 98.7275 43.6658
624 44.2877 113.251 54.1385
625 55.8494 64.4994 45.7823
626 45.8305 114.367 45.3939
627 45.4202 102.224 41.035
628 57.2867 87.1133 67.0808
629 33.8011 88.1534 43.7277
630 40.9496 113.452 37.6156
631 68.6051 113.468 41.5689
632 61.3212 92.1986 68.5328
633 85.1422 114.056 58.4961
634 59.4819 93.7232 31.9558
635 50.1792 86.1136 48.0895
636 51.1388 113.453 47.9332
637 11.5159 112.836 51.659
638 33.6992 95.1302 51.4546
639 43.8894 103.884 76.223
640 12.1528 113.107 85.5756
641 29.4779 85.5591 78.3345
642 40.4794 113.461 100.917
643 57.0298 113.829 60.7927
644 50.3499 60.6711 46.6075
645 67.2525 113.956 70.628
646 76.0356 113.733 49.305
647 35.1009 93.5001 64.8027
648 32.1577 103.97 81.9246
649 34.8754 84.8261 85.816
650 71.3623 113.879 81.3327
651 34.994 113.501 78.3634
652 19.2142 112.912 84.0343
653 42.5856 113.605 88.2857
654 38.8207 99.6101 62.8893
655 48.9015 113.361 58.1647
656 25.0631 100.566 66.9563
657 47.2224 83.7116 71.7375
658 46.93 113.647 78.2938
659 29.2052 93.3344 74.4042
660 20.8215 99.325 83.1499
661 -1.28292 98.2956 76.2652
662 31.5981 113.245 61.6939
663 27.7998 113.205 79.2047
664 51.9937 80.3688 65.0622
665 44.7433 105.005 84.2541
666 29.6513 114.184 52.5198
667 35.6546 100.965 115.626
668 46.5709 81.2104 109.237
669 54.8501 113.924 83.274
670 50.2657 98.349 98.5723
671 54.7632 113.723 80.7272
672 48.9679 91.585 111.184
673 58.9998 94.1647 104.841
674 30.6086 92.4785 115.241
675 37.142 73.809 81.4046
676 40.4713 113.648 105.885
677 39.4779 113.176 96.9549
678 24.4248 113.018 103.42
679 55.4535 84.4498 71.5439
680 45.7448 79.5927 99.1567
681 35.4851 113.14 84.532
682 71.707 87.444 85.2962
683 44.686 113.716 85.8016
684 24.4054 113.258 101.088
685 40.2142 106.154 115.828
686 63.8747 101.496 115.973
687 55.088 99.8573 115.65
688 59.2717 96.4767 98.3693
689 52.5023 113.642 106.029
690 39.5162 107.872 115.506
691 84.949 0.279652 13.8767
692 75.9845 21.522 20.0258
693 54.4331 18.8057 15.4021
694 64.6023 0.233641 18.5546
695 66.801 0.111736 29.0311
696 66.9168 8.93379 -0.112273
697 75.1075 -0.0042339 16.4026
698 81.9425 25.6057 0.381174
699 60.4609 -0.439055 36.7464
700 64.8633 -0.0293328 13.7554
701 68.746 11.5335 8.16507
702 81.8972 8.65419 6.61966
703 78.4741 26.3957 0.283266
704 54.6838 12.6714 -0.190719
705 64.9143 17.0584 4.48353
706 64.7443 22.9562 -0.124173
707 68.522 33.3896 12.6884
708 55.8252 0.0813633 25.138
709 45.3772 12.8014 43.3314
710 82.4519 27.4668 45.0224
711 62.2812 12.1293 60.5659
712 73.4868 10.9677 25.1898
713 85.2721 8.31874 36.4575
714 91.051 40.1794 47.0133
715 44.3706 31.0946 29.2813
716 63.1572 16.8817 64.1247
717 85.3253 34.0767 40.8976
718 70.5436 -0.174761 16.2793
719 51.1206 35.169 25.0336
720 60.541 20.5659 58.9655
721 82.7176 0.146447 54.2291
722 78.9363 35.5709 65.6672
723 30.109 46.8806 32.3091
724 74.4223 24.3357 34.2048
725 67.8875 34.5132 72.4788
726 58.2733 -0.242931 72.1302
727 79.2357 0.206356 63.3756
728 79.825 0.111623 78.1814
729 74.1074 24.4315 94.4391
730 66.6347 -0.0411769 59.3051
731 76.1938 -0.0203704 71.9722
732 61.3215 10.4878 90.3863
733 66.3986 4.95791 58.0797
734 86.2232 -0.101663 97.3038
735 86.8296 35.4941 78.2245
736 99.2803 12.2526 84.9176
737 70.4836 -0.141204 84.4196
738 68.1826 12.8194 85.6479
739 72.5514 -0.432982 59.0003
740 75.6019 0.15741 53.0239
741 64.9686 -0.537664 69.2768
742 65.7018 53.2307 71.1246
743 57.5594 28.8941 84.1356
744 86.0015 4.39535 108.944
745 112.482 0.517094 97.5621
746 73.2642 6.08073 104.101
747 81.4949 23.113 115.773
748 81.031 13.093 106.557
749 93.8142 18.4819 101.388
750 61.8498 22.7951 110.65
751 67.1551 0.19759 108.56
752 96.1937 24.0657 100.346
753 79.8788 20.9944 92.2828
754 71.2799 30.8335 101.894
755 59.7681 22.1811 103.657
756 59.2152 19.3244 115.601
757 73.9675 12.4703 105.763
758 70.8181 28.6455 106.072
759 83.7117 14.717 103.743
760 60.1523 12.44 110.895
761 77.9746 27.4636 87.5329
762 73.9077 16.0072 113.181
763 59.85 -0.480525 102.258
764 51.9922 15.718 115.392
765 77.1951 46.4049 0.228908
766 51.7183 48.9654 12.0779
767 72.8727 61.605 0.248936
768 76.4787 37.9519 27.2296
769 54.7123 57.9011 0.0129643
770 60.3081 43.3804 10.3913
771 55.9934 53.3257 8.6449
772 58.2011 45.5454 29.0464
773 66.2035 48.9993 6.46086
774 72.7584 47.2743 -0.00930773
775 87.4483 49.9126 0.303204
776 59.9207 0.489286 17.7947
777 63.9184 44.3922 10.4498
778 57.6843 52.1178 17.073
779 86.9242 38.109 9.50558
780 74.5065 47.6615 2.56292
781 89.6342 52.8636 5.2862
782 74.2519 46.2041 41.4428
783 78.0216 25.628 40.7801
784 76.6205 38.4136 29.6497
785 66.752 51.8578 51.4184
786 56.8692 54.9348 20.6995
787 50.3934 49.2653 55.6704
788 91.0028 0.0853894 49.5033
789 31.4373 78.2869 32.8731
790 71.9313 57.9625 53.1399
791 70.191 71.0317 33.3181
792 86.6651 46.7169 39.3431
793 82.5084 35.6844 53.6744
794 70.7795 42.2045 45.1003
795 84.2464 26.6241 78.5363
796 60.8271 61.9597 51.0716
797 102.54 48.0535 57.8801
798 29.3983 15.2868 54.615
799 63.8376 45.8534 71.6851
800 92.9708 71.797 60.0551
801 59.6737 44.4851 67.6636
802 60.2577 61.7493 63.2438
803 52.9263 38.4646 82.7544
804 68.1942 23.4309 72.6443
805 70.0819 16.2955 83.0988
806 92.1742 72.1295 72.8596
807 54.8113 37.377 73.565
808 59.6515 39.1211 86.5647
809 75.2353 25.7784 86.8115
810 78.0282 31.366 82.2405
811 61.7201 39.4664 70.934
812 56.6215 36.1163 74.3564
813 67.3124 90.718 72.12
814 62.0125 36.3463 78.3723
815 84.1102 24.5308 79.7327
816 80.4996 27.5729 84.6542
817 77.406 63.9544 76.8484
818 66.1702 76.8415 67.5868
819 82.4206 42.784 76.0844
820 86.5846 60.6493 56.7896
821 62.8988 54.1503 79.957
822 50.0019 26.3884 64.9125
823 79.6449 56.4454 106.973
824 72.0589 38.4069 90.1512
825 69.6474 39.6479 83.8119
826 72.3067 68.9143 96.3642
827 101.071 48.3657 116.404
828 76.7687 31.6304 105.625
829 90.1432 35.5847 71.5411
830 62.1488 12.3031 85.287
831 78.1506 51.3329 103.622
832 54.9408 34.7433 115.521
833 69.3653 30.0404 115.826
834 75.8032 41.3163 85.1175
835 75.514 47.2768 108.303
836 66.5214 55.9401 102.891
837 85.8292 39.0348 97.1391
838 60.5387 55.4718 64.1889
839 80.3272 50.9443 107.909
840 63.0404 37.6289 96.6823
841 66.5938 19.1682 87.4303
842 72.5819 22.8173 115.551
843 76.7667 59.4549 115.498
844 43.1301 72.4548 28.7372
845 58.0008 62.5655 24.3272
846 88.3839 75.0401 0.267811
847 68.118 79.6609 7.16986
848 61.9446 61.8182 10.0203
849 61.4814 64.255 16.3098
850 81.8469 66.5298 17.0964
851 83.2181 77.8457 0.332117
852 92.4749 65.1833 22.7143
853 66.6488 63.6588 8.11963
854 61.8385 91.0209 8.83942
855 81.7916 71.5018 13.7356
856 50.6996 88.6106 21.4407
857 80.4307 94.7057 35.1374
858 71.2398 76.9581 39.9523
859 70.0654 82.0901 0.126485
860 57.0806 73.8121 0.222365
861 59.7697 67.5142 8.54452
862 60.2927 57.0354 10.7956
863 65.6878 64.7347 21.9031
864 79.1304 53.9872 14.3288
865 68.2597 68.2742 -0.115663
866 74.0859 86.0415 0.0221547
867 71.4921 76.8713 89.5362
868 94.1136 50.9483 40.6367
869 95.987 78.8763 20.7781
870 78.393 79.5601 48.7254
871 89.9781 59.5118 54.4292
872 60.7265 102.088 53.4749
873 42.8838 76.3243 24.5223
874 66.1122 70.6972 33.3095
875 58.541 89.0015 39.5441
876 62.5064 83.8643 29.6772
877 63.8676 52.9536 56.5484
878 67.8687 83.67 36.5725
879 86.7644 70.2108 25.0543
880 81.112 66.6096 35.0673
881 90.8307 74.9705 52.0889
882 94.4813 93.6329 43.5918
883 85.3569 114.097 25.7524
884 67.93 72.2725 29.9586
885 86.4197 82.6845 42.6215
886 77.0645 82.9939 48.6881
887 87.6788 78.0173 56.5267
888 89.4155 61.9582 93.5631
889 71.5937 68.0205 63.4743
890 75.3191 63.7428 50.7127
891 57.4666 67.2122 48.4611
892 56.5374 59.5765 47.2574
893 69.3903 63.9586 56.6312
894 54.7105 88.8346 41.8224
895 72.3004 61.983 86.3917
896 83.83 60.4023 81.6062
897 77.9689 44.6898 50.0469
898 79.9571 44.2439 53.1736
899 89.8319 80.0194 39.9485
900 63.2094 63.7297 83.5228
901 61.5348 54.7755 72.7406
902 54.8157 86.1282 70.6904
903 91.361 95.9477 76.4427
904 70.2608 77.7037 45.6281
905 56.3465 92.2026 51.6669
906 93.9199 68.3643 60.9977
907 75.1739 69.7017 97.6594
908 57.8228 83.7269 115.638
909 63.7101 87.4595 115.645
910 78.7687 65.7427 99.2379
911 69.1821 88.9044 80.8809
912 70.654 75.0726 107.621
913 62.1242 62.7471 115.68
914 71.7593 58.2975 115.817
915 80.707 74.3199 111.145
916 87.8853 69.6349 102.199
917 81.5151 86.8597 104.644
918 74.2087 77.0562 105.541
919 92.6793 71.6322 89.6925
920 73.267 64.8444 98.1388
921 78.7884 69.9877 115.8
922 62.8266 62.9615 97.6663
923 85.7432 88.7321 99.5659
924 67.489 56.1458 107.0
925 84.4612 113.853 16.5751
926 75.5905 114.057 27.7851
927 82.0858 109.603 6.34429
928 53.5714 89.4214 10.2502
929 73.5496 114.221 18.1264
930 36.8488 113.497 30.2608
931 93.1287 113.881 11.4597
932 64.0876 88.4627 5.5953
933 52.6234 90.0599 28.2548
934 38.7917 102.305 16.1194
935 51.9622 113.364 28.8194
936 77.3867 102.345 0.08268
937 57.3144 96.5702 28.026
938 53.2858 113.822 12.6123
939 74.3235 93.4712 0.194047
940 90.4851 102.938 46.9845
941 67.2438 113.856 37.9749
942 79.1373 113.876 68.3321
943 82.5145 91.3148 50.2983
944 72.1864 113.64 64.4963
945 89.4589 98.1659 64.5348
946 82.0329 93.9656 56.7159
947 47.6885 74.4195 53.3706
948 86.6558 79.8962 54.08
949 44.0124 113.357 59.1757
950 69.1792 113.807 58.1827
951 60.8858 92.5292 39.531
952 83.2114 101.178 41.8025
953 52.4942 113.427 34.1886
954 63.7679 94.7111 16.3053
955 56.105 59.0977 67.3513
956 63.7996 113.938 32.8015
957 59.36 113.561 45.3353
958 85.398 114.113 40.6479
959 79.357 102.077 41.5949
960 91.0315 77.2139 72.8614
961 84.1649 113.711 44.0476
962 61.1968 101.944 96.8489
963 76.3979 99.9163 85.3111
964 75.4921 78.8744 53.224
965 62.4095 82.3187 47.3117
966 96.1471 106.417 57.1099
967 75.0865 113.806 70.798
968 61.945 76.7264 59.6956
969 76.2976 80.651 62.7291
970 82.0435 114.755 83.7666
971 40.7944 113.338 85.864
972 57.1394 92.0867 83.4249
973 40.8475 113.82 60.5189
974 76.9914 113.922 73.5109
975 47.6509 103.654 75.9484
976 75.2404 113.734 76.3912
977 74.7954 82.0217 64.7636
978 77.3457 83.5421 79.8999
979 64.9352 113.953 65.9593
980 63.6816 113.4 84.5145
981 70.45 91.1323 47.7926
982 90.9076 113.94 106.693
983 67.849 101.82 115.939
984 81.0588 92.9734 98.4251
985 58.5953 113.724 108.469
986 78.7517 96.6476 115.973
987 60.81 98.0055 99.3654
988 61.4807 105.144 115.698
989 71.5455 97.3097 104.484
990 65.1721 89.0223 96.1341
991 81.3039 88.491 86.532
992 62.029 84.1284 100.667
993 58.2651 88.8642 84.8192
994 80.7823 90.559 94.7045
995 53.4881 91.3334 103.494
996 93.9626 111.997 115.999
997 78.9413 113.816 83.3028
998 65.7501 93.2505 88.4745
999 63.2308 105.973 102.018
1000 75.7981 99.2767 89.801
1001 61.2965 82.5266 115.657
1002 73.927 107.592 104.169
1003 68.4868 113.443 84.1926
1004 83.0643 83.7853 97.8636
1005 77.0318 85.1732 96.8533
1006 57.8963 90.6331 115.517
1007 40.6255 99.7537 115.584
1008 115.109 20.7754 6.74619
1009 114.826 23.0383 32.4856
1010 97.879 32.0512 0.166716
1011 113.303 -0.298836 29.1256
1012 92.8726 0.0225267 21.5505
1013 74.9703 17.3038 26.2555
1014 104.082 22.0657 0.698793
1015 105.394 17.7928 -0.164205
1016 104.29 8.13366 0.119692
1017 94.6379 1.27387 1.04276
1018 105.204 10.0086 4.87365
1019 114.609 6.44221 35.8134
1020 94.2808 31.6126 52.3444
1021 82.9677 18.3998 3.87352
1022 114.684 15.4074 36.7588
1023 81.6353 22.6838 21.7351
1024 84.2016 38.5025 62.144
1025 98.9307 0.344795 26.4119
1026 95.1596 19.5559 45.0306
1027 74.8594 18.6657 66.8156
1028 114.511 0.135119 59.0496
1029 104.516 29.3209 25.9112
1030 114.6 23.233 65.0556
1031 114.716 18.1864 47.5118
1032 114.45 41.9935 61.8297
1033 114.699 18.4895 18.1878
1034 114.382 37.2373 57.6451
1035 71.6383 14.0786 49.8512
1036 98.7453 -0.0133158 39.1481
1037 86.5667 23.7247 37.3469
1038 99.6066 0.651464 43.2715
1039 114.822 6.20811 43.342
1040 114.627 27.8954 47.0126
1041 114.74 15.6282 51.7436
1042 114.419 29.6488 54.4518
1043 94.8071 33.541 22.9701
1044 114.796 18.4021 35.832
1045 79.7377 0.371769 43.2346
1046 68.1098 40.3064 22.1456
1047 77.9735 44.405 73.0415
1048 92.2157 0.0405059 84.3188
1049 113.936 48.8184 69.6189
1050 102.594 0.317093 66.6742
1051 96.5627 12.1929 70.8462
1052 106.665 0.333942 69.7825
1053 114.245 34.2212 83.9724
1054 114.433 11.6087 71.0293
1055 93.0867 -0.156354 64.252
1056 106.787 28.4239 93.0441
1057 114.486 25.671 71.21
1058 114.538 1.82052 76.5878
1059 95.2756 0.653683 71.0119
1060 114.476 16.5307 92.8801
1061 96.8321 0.282469 51.9632
1062 76.3751 -0.143232 59.4488
1063 114.305 11.7883 78.5321
1064 114.535 11.6781 73.7552
1065 94.9862 12.6522 72.79
1066 114.642 10.9719 55.3937
1067 114.269 1.8169 94.6588
1068 114.466 23.2043 60.2404
1069 114.75 6.98954 92.2647
1070 114.398 20.9239 82.1634
1071 83.4734 28.2957 87.916
1072 88.5079 0.115015 89.3598
1073 114.508 4.43103 100.208
1074 108.61 16.62 105.675
1075 89.8941 -0.514815 92.1351
1076 110.026 15.814 94.4599
1077 112.296 26.4056 116.807
1078 114.216 23.447 97.9741
1079 80.1627 4.61461 86.5204
1080 69.2419 -0.792198 99.5689
1081 98.5064 -0.0656159 104.586
1082 103.589 0.73987 83.39
1083 114.297 13.805 113.533
1084 113.44 9.16678 114.752
1085 102.919 5.31179 94.9128
1086 114.484 7.24578 111.56
1087 89.0951 40.877 0.161315
1088 102.891 40.1638 10.9977
1089 80.5036 49.1662 14.1095
1090 86.3473 45.6139 24.3775
1091 95.1065 33.5478 12.6275
1092 114.499 39.5886 25.908
1093 114.458 55.1928 38.5498
1094 115.076 49.1974 4.35826
1095 114.717 27.447 25.6353
1096 102.775 41.981 22.2065
1097 102.943 47.312 0.523475
1098 114.58 53.5161 15.7722
1099 104.823 50.3506 8.92366
1100 86.3932 38.6527 31.6647
1101 98.9379 58.4919 0.157737
1102 114.524 58.3407 15.034
1103 115.286 28.3959 6.87991
1104 84.104 74.8093 35.8357
1105 78.665 13.9657 59.9174
1106 114.165 32.4938 71.3696
1107 114.157 71.5484 24.3805
1108 93.1097 39.2526 58.4817
1109 114.225 45.8281 50.2727
1110 114.026 46.2083 55.7257
1111 93.1923 64.6569 44.7913
1112 76.203 52.5702 29.2631
1113 114.449 43.5535 39.4306
1114 73.7737 41.2104 41.1767
1115 86.2194 29.7796 53.4344
1116 94.1445 66.367 32.3128
1117 114.283 48.3681 33.5719
1118 80.8516 48.3102 84.1736
1119 114.411 34.2596 35.8389
1120 101.222 43.9305 32.2652
1121 114.954 6.22879 20.4748
1122 114.584 48.9747 26.8972
1123 93.7079 70.9762 86.7244
1124 93.0331 30.2414 82.6795
1125 114.41 39.6336 88.9068
1126 84.3699 35.5959 51.6919
1127 114.103 52.9246 80.2219
1128 82.6401 14.8065 91.2265
1129 85.1516 43.284 76.9227
1130 91.3167 24.1451 49.0775
1131 114.316 53.0235 53.2042
1132 77.1864 55.5712 84.3105
1133 114.507 27.3144 61.0508
1134 114.007 43.711 89.722
1135 114.255 46.5342 68.7691
1136 83.0182 37.7813 76.3945
1137 102.182 45.3979 84.8979
1138 87.8313 54.9483 70.3748
1139 91.767 50.2831 73.7767
1140 114.093 46.501 81.5377
1141 114.072 43.4929 74.6047
1142 114.244 34.3403 73.7567
1143 114.108 60.6262 56.3106
1144 87.9204 19.7098 87.8794
1145 99.7421 38.5176 84.5128
1146 114.045 60.6574 89.3535
1147 113.921 51.3347 88.1442
1148 100.71 55.2422 73.7271
1149 114.273 49.0188 64.6845
1150 114.556 49.141 42.0994
1151 79.7889 53.4448 84.178
1152 96.658 46.1443 105.841
1153 101.404 50.7406 89.4529
1154 94.0454 29.8852 103.847
1155 97.3618 51.1888 116.275
1156 113.836 58.3368 98.5974
1157 114.204 30.4929 95.5098
1158 101.997 41.6315 115.985
1159 105.62 67.3061 99.8093
1160 113.976 37.4666 108.147
1161 113.835 55.4352 89.1906
1162 88.2497 12.6685 80.7815
1163 95.441 40.6977 115.953
1164 112.52 46.043 115.827
1165 93.714 55.4462 115.732
1166 91.3344 61.9938 115.875
1167 80.3824 43.3374 97.2978
1168 93.6342 32.6616 101.26
1169 114.122 70.0253 39.0589
1170 114.73 62.5128 13.4799
1171 84.4758 29.0772 38.6328
1172 104.376 70.5131 19.4643
1173 114.079 69.8592 21.88
1174 108.589 58.86 12.9953
1175 48.7012 94.6865 20.0351
1176 99.6096 92.8495 28.6787
1177 92.506 69.6286 31.8144
1178 82.3887 71.9884 0.257419
1179 100.584 57.5419 13.3762
1180 114.087 85.5176 14.4526
1181 114.044 86.425 27.8759
1182 81.7148 78.9572 17.697
1183 114.424 86.2316 5.24556
1184 94.4193 79.2354 0.459772
1185 74.4039 78.8771 0.0386922
1186 90.2499 73.9807 6.92712
1187 88.5027 71.9682 27.5633
1188 114.29 67.0823 28.1155
1189 86.3342 61.0487 18.2225
1190 90.5829 72.8054 51.5341
1191 114.064 81.8885 51.0485
1192 99.4278 75.0299 39.4788
1193 67.6653 62.6149 42.4335
1194 113.458 88.0446 72.8343
1195 113.619 83.4303 61.3483
1196 113.772 71.8499 62.2516
1197 98.7107 110.37 34.9761
1198 113.849 85.8191 49.9128
1199 85.6521 85.3353 21.444
1200 114.13 62.8707 67.116
1201 114.268 58.0481 39.8244
1202 98.2304 67.4958 39.1728
1203 114.484 81.3944 34.0952
1204 98.2651 67.831 66.9684
1205 114.222 60.9904 43.6537
1206 93.7885 50.319 44.0461
1207 114.03 83.7595 39.6105
1208 104.494 69.1042 38.2173
1209 89.8051 76.6939 49.7515
1210 85.7894 80.3993 59.5825
1211 113.945 67.1019 52.9659
1212 75.8553 45.9324 64.3003
1213 73.4727 81.298 94.42
1214 94.534 56.1281 57.8354
1215 92.3709 58.1329 65.3349
1216 113.664 77.0067 79.7872
1217 113.631 78.7522 62.064
1218 73.7567 38.049 74.8946
1219 100.217 62.8066 82.2143
1220 98.8362 71.1476 96.3072
1221 75.7719 63.8043 48.4647
1222 86.3297 70.7999 68.595
1223 113.639 73.9691 90.7381
1224 113.897 55.4112 71.4189
1225 106.576 51.6975 65.9797
1226 93.5238 62.7703 59.5195
1227 114.367 44.2579 62.9849
1228 113.705 67.5263 76.1838
1229 81.7538 60.8215 78.7612
1230 113.332 86.4391 90.5418
1231 114.319 69.8054 52.7357
1232 103.618 49.7997 73.9043
1233 113.882 66.9875 63.0003
1234 113.488 95.8127 81.5512
1235 95.9063 49.5649 97.1488
1236 80.1782 31.6082 77.2663
1237 113.9 62.3422 81.4786
1238 114.079 77.6558 97.1877
1239 103.786 72.1333 106.276
1240 113.848 53.6531 84.0198
1241 83.6947 65.145 115.947
1242 113.591 71.8632 107.273
1243 84.4882 68.9883 101.448
1244 100.934 114.21 96.4344
1245 88.2384 73.7238 88.0887
1246 93.7335 76.0777 115.826
1247 96.7115 50.8739 77.3085
1248 69.418 73.3406 97.31
1249 113.715 76.1634 83.695
1250 110.148 57.6362 116.606
1251 113.718 71.5488 99.9282
1252 94.7014 53.9261 97.1673
1253 90.7704 82.3686 105.356
1254 87.3854 67.8182 111.601
1255 107.804 79.8604 116.034
1256 102.391 64.0036 103.837
1257 88.8628 74.3903 101.334
1258 95.6193 72.8707 115.841
1259 97.6503 76.162 115.945
1260 78.0196 103.046 89.945
1261 89.3237 77.1419 102.285
1262 103.964 58.312 116.074
1263 113.66 84.0984 74.7664
1264 110.294 71.3502 116.406
1265 114.185 94.8989 20.1511
1266 114.181 85.5768 7.13583
1267 114.164 95.3891 8.58193
1268 113.799 109.751 29.0051
1269 56.208 113.476 16.6236
1270 114.468 91.6399 12.0616
1271 106.186 89.7207 5.74597
1272 92.6291 113.828 16.7182
1273 104.913 95.168 0.314701
1274 109.025 113.779 14.5445
1275 102.728 79.6875 15.8578
1276 88.9477 83.4629 16.5307
1277 95.2033 101.39 49.5404
1278 95.6314 85.0701 8.39249
1279 114.124 99.5895 14.3545
1280 91.7593 106.423 15.8307
1281 113.886 93.4206 32.9133
1282 110.738 93.5466 0.919675
1283 80.1272 113.971 20.5803
1284 113.642 100.153 43.117
1285 88.442 113.674 28.9824
1286 111.241 114.555 53.9806
1287 114.331 67.9857 33.5588
1288 75.5737 85.5756 50.6503
1289 113.853 95.6119 51.35
1290 108.546 113.836 57.2185
1291 103.404 107.183 68.3757
1292 79.5542 113.784 28.1386
1293 78.4221 105.106 40.2193
1294 95.3576 114.151 51.4127
1295 98.0317 114.847 46.1274
1296 113.888 97.8939 34.5512
1297 98.8262 100.879 51.3801
1298 96.4863 113.715 34.3439
1299 113.923 97.7489 16.917
1300 113.85 90.6947 29.1637
1301 113.676 101.882 47.8675
1302 113.846 85.9709 67.5195
1303 87.7266 114.246 38.2548
1304 113.087 107.096 90.8597
1305 98.0669 114.735 56.3889
1306 83.3804 90.998 67.3329
1307 95.8018 113.933 87.3724
1308 104.695 100.035 52.7355
1309 113.85 88.6607 61.4973
1310 111.725 114.122 61.2946
1311 113.445 90.479 78.9244
1312 87.9864 113.712 87.3482
1313 85.3135 113.976 56.0263
1314 72.2783 113.949 94.775
1315 113.739 79.4913 75.4979
1316 87.719 58.5123 45.8172
1317 113.328 93.0762 70.6647
1318 97.9095 102.803 54.3517
1319 93.193 114.261 71.0274
1320 89.6945 110.389 105.568
1321 107.479 102.012 102.792
1322 108.749 114.147 96.8004
1323 91.0779 104.278 103.112
1324 112.985 104.501 114.439
1325 98.6362 103.566 100.756
1326 100.991 103.701 103.89
1327 113.313 90.4745 94.1255
1328 78.9821 67.9704 74.8932
1329 53.7463 104.908 92.7819
1330 112.93 104.833 112.516
1331 98.1365 91.3466 115.987
1332 112.946 104.977 110.146
1333 91.1078 101.755 102.529
1334 107.785 93.3047 103.207
1335 113.348 102.483 101.724
1336 104.64 80.9588 80.6768
1337 113.486 95.9665 76.5258
1338 113.189 107.723 103.559
1339 88.3296 108.876 103.419
1340 102.73 105.908 101.843
1341 100.856 99.8384 88.1914
