0 8.03265 22.4071 -0.608005
1 -0.269216 28.1397 35.5098
2 7.77087 -0.730235 4.72557
3 21.4884 14.6676 15.8973
4 34.2162 26.7311 24.2109
5 16.3543 26.9357 13.3078
6 43.5107 -0.216044 10.2548
7 30.1698 5.47186 -0.372028
8 19.6756 6.8733 -0.568274
9 11.1801 13.8797 -0.26777
10 10.584 -0.938724 18.3336
11 12.481 -1.09414 30.6543
12 28.0864 20.3037 11.5433
13 7.92323 -0.575579 14.7122
14 19.8098 29.5572 24.5802
15 24.5545 12.3033 -0.480831
16 3.78169 12.8899 -1.03946
17 0.0234693 26.2715 25.1597
18 24.1687 7.816 52.2423
19 15.5473 -0.53261 41.9479
20 16.0093 20.2943 55.7079
21 32.7672 -0.918958 30.528
22 -0.0346721 11.9436 42.1633
23 17.9234 25.8886 32.0108
24 23.1223 -0.351788 44.4995
25 19.4824 11.5074 64.058
26 22.6759 -0.748753 53.3895
27 -0.168308 16.7829 51.427
28 4.61853 -1.77119 37.7117
29 25.7994 34.4382 35.7932
30 9.95739 15.1326 47.022
31 -0.357646 0.453276 54.2393
32 5.97095 12.9133 51.1819
33 20.0302 -0.893837 40.6845
34 9.4814 28.8227 32.0306
35 -0.235924 10.2358 64.3452
36 -0.263109 18.9012 41.8772
37 24.1959 29.1277 51.461
38 26.2067 -0.821452 68.5179
39 9.61909 15.1675 69.1003
40 18.4182 15.9319 62.3069
41 25.3874 15.4675 86.0852
42 15.1565 33.0517 76.5788
43 -0.870165 26.0152 79.2408
44 34.2228 -0.877226 72.8064
45 11.4941 24.2613 87.5235
46 21.4262 19.2459 79.2046
47 23.8797 11.2119 67.3203
48 -0.602518 28.6275 48.2547
49 31.525 34.2132 75.6067
50 22.0059 -0.74595 75.5527
51 19.6561 9.53748 85.4831
52 9.18298 29.138 56.0628
53 10.7399 -0.569094 71.8183
54 15.2405 -0.540441 61.8215
55 14.0392 -0.931165 57.9668
56 31.3953 3.99373 65.5041
57 19.4052 31.2777 92.7217
58 2.75431 15.4535 114.101
59 27.1556 14.1815 99.3381
60 14.9428 -0.462125 106.54
61 18.2443 6.85842 96.6046
62 20.8136 17.4757 108.988
63 15.1441 34.7346 95.5135
64 -0.767081 24.2694 91.656
65 27.2213 12.3144 113.724
66 33.9346 -0.800526 102.657
67 21.0749 10.1067 96.2626
68 19.7837 11.4497 86.9116
69 20.3505 10.0894 113.773
70 24.6236 12.744 84.9668
71 2.55165 -0.356413 111.47
72 31.3733 18.6743 108.843
73 9.45674 12.1554 93.5312
74 11.6052 17.6885 99.3658
75 13.0012 10.263 86.4291
76 9.75331 15.7099 86.6742
77 25.4913 40.8219 8.5905
78 24.2724 28.7392 12.8485
79 26.4077 44.2036 18.2447
80 27.9411 43.6153 -0.372509
81 33.905 36.4273 19.763
82 -0.170437 28.2116 15.813
83 -0.0986754 32.9179 12.5255
84 13.4376 33.1744 12.518
85 33.5315 47.899 18.6676
86 -0.677056 55.9536 32.9401
87 -0.449729 47.1097 6.89696
88 8.02593 59.3665 10.1243
89 28.2295 29.3323 -0.348414
90 11.7939 33.0935 9.45774
91 0.0304138 26.5612 40.3641
92 7.4526 43.3871 46.6114
93 29.5827 47.8129 43.9616
94 20.2333 26.3417 49.8697
95 11.6726 30.6761 43.2057
96 -0.305082 17.2386 44.7857
97 32.4157 41.0262 42.894
98 1.00216 46.9128 46.2534
99 30.0988 25.8042 37.3373
100 -0.545536 33.0296 44.4983
101 5.3197 45.8745 29.8996
102 1.79694 50.4571 39.7082
103 -0.522404 45.2039 29.9587
104 10.244 39.3964 36.4775
105 16.2996 31.6437 32.4396
106 33.2916 54.6383 27.8991
107 27.0119 32.545 33.4945
108 14.1793 41.2917 29.1534
109 22.9338 53.784 29.1897
110 10.7835 55.8875 42.2081
111 -0.472425 33.1554 32.3732
112 3.50008 49.2138 50.4864
113 21.2278 54.4902 61.5295
114 28.345 47.5178 50.3159
115 5.14226 55.4778 45.4785
116 19.0743 48.4392 41.2128
117 17.3548 42.6018 57.5381
118 28.5636 29.2324 49.0043
119 11.1066 51.19 78.3041
120 28.218 31.3455 69.361
121 25.115 63.9882 79.6715
122 27.2358 25.0207 65.439
123 -1.01055 53.7569 64.2278
124 19.6663 25.4902 74.6251
125 20.822 35.5834 48.0502
126 -0.877372 32.9655 81.6132
127 17.0409 54.8963 85.8258
128 25.5644 53.301 55.43
129 21.3693 44.0313 78.7585
130 21.2845 46.2277 86.7622
131 33.6493 42.7031 64.6813
132 13.4522 32.1297 67.293
133 -1.13769 46.9788 86.5672
134 31.1595 25.5001 70.8389
135 16.9521 52.8097 87.3686
136 16.3446 26.7466 75.2304
137 35.4866 28.0798 100.232
138 13.3788 42.0704 104.551
139 12.5145 33.9444 95.0632
140 22.5709 34.8308 114.377
141 27.3725 35.419 99.6655
142 5.90145 34.1703 113.564
143 12.8661 40.2935 81.9282
144 15.8591 45.215 98.9663
145 19.09 49.0404 89.8043
146 7.0955 31.3462 87.4637
147 5.2822 57.921 107.186
148 10.6047 29.4231 114.298
149 11.1294 57.1983 113.949
150 3.28878 51.8438 113.685
151 22.7359 54.162 113.906
152 15.5053 30.956 93.1309
153 20.4773 56.4912 85.4633
154 18.396 53.1971 100.452
155 8.43801 59.2637 94.4705
156 28.2434 57.1044 105.946
157 19.9569 19.6897 90.3915
158 19.709 27.1563 92.9744
159 20.4565 52.0925 88.9873
160 23.0969 45.8873 92.5548
161 5.69807 27.7904 94.0917
162 15.2046 31.4003 90.1001
163 -0.407432 68.4607 3.50972
164 22.4892 83.8815 -0.0562292
165 14.8067 76.2908 19.2775
166 26.1171 69.1725 11.8548
167 6.44911 64.276 -0.388067
168 19.9379 70.5226 13.4214
169 35.2446 58.1065 22.9182
170 22.2609 64.6891 7.70942
171 -0.311009 52.2591 15.0123
172 25.7928 67.0859 12.8461
173 29.7754 79.0162 4.55992
174 22.6065 97.886 -0.143502
175 17.3357 77.0775 15.6772
176 17.276 72.5703 16.8493
177 -0.489838 42.4267 20.4288
178 6.86406 87.0921 30.824
179 1.0438 73.1783 -0.199258
180 21.465 71.6982 17.0589
181 20.0991 70.4655 8.4389
182 14.0286 67.3986 16.2805
183 25.6407 85.5403 27.4733
184 19.4683 64.888 14.5413
185 17.6902 74.3643 14.8407
186 -0.53395 63.2217 23.2601
187 -0.494996 66.371 7.55756
188 21.7632 67.0167 20.7403
189 13.2106 79.874 28.5155
190 -0.887979 75.5754 30.927
191 9.29182 57.2828 39.2886
192 21.2671 69.6882 50.3526
193 38.677 105.309 22.5765
194 -1.14259 62.5187 57.9088
195 9.07429 78.6796 34.2064
196 33.0987 69.1187 33.5603
197 38.8066 74.3489 45.9953
198 21.6697 88.3935 28.7713
199 -1.06998 63.9601 48.8459
200 23.7607 87.3749 30.0193
201 23.9849 54.4116 47.6015
202 21.1244 70.6354 59.8358
203 -1.09117 70.5439 45.4131
204 15.9776 73.3222 24.892
205 33.4163 65.3777 44.049
206 27.4581 75.1069 62.3023
207 17.4966 64.6777 41.6855
208 10.7383 78.2513 59.3722
209 15.1641 69.1695 50.7902
210 10.6972 53.6508 41.4893
211 -0.774701 63.2798 40.661
212 23.5153 68.6803 51.1362
213 -0.849772 68.5998 65.3248
214 -0.865218 54.7193 45.7231
215 14.8371 81.0447 67.524
216 31.3433 65.0679 32.1056
217 31.6512 73.0084 69.0468
218 6.1445 65.0189 60.3431
219 37.2758 69.8181 63.4294
220 16.8005 76.7476 77.9828
221 -1.12713 60.8682 76.7875
222 12.3127 87.296 57.0764
223 9.01878 83.4358 63.6964
224 31.8898 77.643 80.7818
225 14.7591 64.7194 74.3384
226 -1.34353 81.7605 76.9154
227 17.2295 76.4032 91.2418
228 22.4151 49.0582 59.5552
229 26.86 90.189 66.1492
230 12.5089 75.7209 88.0794
231 20.9754 68.0058 57.0421
232 20.8137 84.8755 86.9938
233 6.31459 77.1364 86.972
234 12.7957 84.2185 70.1291
235 21.2015 70.2877 82.3473
236 23.0036 72.4396 68.7147
237 27.2779 84.8348 93.0839
238 12.8833 59.4933 69.6801
239 10.9505 86.124 43.7478
240 22.4601 72.692 95.4076
241 24.3067 71.313 114.119
242 14.5961 60.8384 103.681
243 -1.39294 77.3509 95.2392
244 0.221399 64.6412 113.81
245 6.62056 62.7932 90.0882
246 6.28041 63.3267 114.385
247 20.9138 81.0798 102.525
248 -1.74913 85.2102 103.694
249 13.0386 64.0023 89.3821
250 20.9696 60.9395 114.005
251 12.3393 82.9677 97.8257
252 12.1541 75.2379 92.293
253 24.0802 82.0371 104.38
254 -1.43319 65.5156 86.0475
255 -1.35972 89.9 95.4536
256 -1.20784 61.6499 95.2393
257 23.8852 58.764 113.894
258 9.3932 80.7201 10.3934
259 27.3743 100.614 19.0524
260 -0.774751 93.5157 14.2638
261 26.0358 112.078 -0.249535
262 23.5321 113.231 23.4596
263 25.294 77.4591 30.6108
264 7.11863 95.4164 19.8748
265 4.58734 113.16 27.2374
266 15.4523 91.8973 12.7799
267 24.0171 101.371 -0.419619
268 -1.22469 103.244 18.3181
269 -0.830175 96.5548 13.2517
270 23.7059 113.11 25.8219
271 15.2468 97.0377 11.5434
272 21.3676 73.751 18.0819
273 -0.768812 91.1332 25.881
274 16.9116 113.336 10.1729
275 12.4708 113.176 30.0567
276 22.0793 88.1183 13.597
277 23.2993 113.526 7.60139
278 2.87885 96.7063 -1.01939
279 12.9335 113.424 14.9512
280 23.1861 96.3922 32.096
281 19.1039 102.203 30.1366
282 26.5218 114.067 34.7355
283 16.1505 93.8135 44.0875
284 36.6726 99.1861 33.7636
285 31.2674 98.901 32.6091
286 13.5327 90.6997 45.0434
287 7.98404 112.887 33.2713
288 19.9375 112.996 53.253
289 31.2036 100.111 21.8818
290 2.49178 112.75 34.7212
291 14.4228 86.0077 38.2979
292 11.8791 91.5627 48.5768
293 18.6924 113.448 42.5342
294 -1.22657 72.7794 43.8979
295 23.1142 88.045 25.6061
296 16.8535 113.194 20.2272
297 22.8279 96.2556 34.5043
298 32.6973 113.498 47.261
299 11.3571 112.841 43.1263
300 20.15 113.109 38.5763
301 28.4357 91.7565 48.6178
302 15.2136 101.436 47.4461
303 -1.35836 105.63 70.625
304 38.0924 114.074 87.2091
305 3.74113 113.004 88.1482
306 25.0832 93.1611 63.939
307 26.8826 113.351 72.1401
308 31.6056 113.31 73.4857
309 -1.48727 105.524 75.2355
310 2.05733 113.867 79.57
311 14.765 79.9465 78.0234
312 23.651 87.5449 69.655
313 6.33655 88.6278 74.1786
314 4.92297 85.482 51.9676
315 12.6737 85.5698 81.3145
316 35.6615 91.9692 40.96
317 10.6549 113.442 67.0311
318 4.15737 113.199 67.1004
319 22.6144 90.9352 65.294
320 -1.45928 88.9552 89.3073
321 5.19481 97.7019 87.0613
322 33.6469 86.4492 70.4041
323 24.3931 98.8069 85.1012
324 9.69656 89.965 113.9
325 24.4133 113.342 109.364
326 28.8332 99.4495 91.9757
327 24.4443 109.492 89.6568
328 25.995 102.671 114.032
329 -0.258456 112.679 90.3762
330 -1.50798 103.553 107.882
331 2.26893 81.4475 108.926
332 30.9303 90.3072 93.2939
333 12.7296 91.0844 85.0765
334 12.8268 113.439 86.7408
335 11.4863 112.949 102.693
336 11.2455 82.3608 89.9576
337 12.2332 113.317 99.4409
338 8.90608 96.0071 113.929
339 6.19762 108.839 102.681
340 30.1434 103.627 114.177
341 24.1934 107.959 91.1871
342 14.4296 98.992 96.9502
343 36.3732 11.179 8.41066
344 38.6803 -0.59452 23.2788
345 30.7133 -0.452264 13.4619
346 52.7384 9.2975 9.50177
347 40.9023 12.2448 -0.192644
348 51.9881 11.7587 8.78056
349 38.3793 -0.623789 20.7627
350 35.6067 -0.126571 14.9926
351 47.4338 0.0233979 25.15
352 55.9754 0.213764 15.0738
353 46.6275 15.0787 10.2387
354 38.2751 17.6038 33.0487
355 36.8808 12.4417 -0.318771
356 40.281 14.72 5.31034
357 30.66 20.7458 26.6905
358 53.2244 31.5359 19.6357
359 43.6773 28.2381 25.3123
360 41.9392 17.6333 32.4323
361 54.4115 17.722 23.5113
362 52.029 30.163 44.6457
363 47.4495 0.0406151 45.0014
364 34.6174 19.3046 26.8513
365 40.3422 22.3638 61.7296
366 60.393 22.5348 35.0812
367 48.0797 11.7484 42.5599
368 32.1529 28.5341 45.578
369 42.1674 25.3548 52.742
370 54.5854 32.3649 45.9272
371 30.0783 21.6764 52.5391
372 44.1999 9.24557 61.6498
373 43.4352 13.791 64.2831
374 46.1327 16.4977 56.5389
375 34.5036 21.5341 30.2146
376 33.4827 17.1018 49.1509
377 30.1531 6.77987 55.918
378 44.2307 16.9128 51.5147
379 38.5634 -0.570916 46.167
380 57.1027 10.6393 89.3891
381 42.2844 27.7435 94.0367
382 49.4189 10.6776 82.1568
383 43.46 26.1056 71.3231
384 55.8517 6.77905 56.6168
385 31.1646 -0.389088 61.9758
386 43.7652 37.7798 66.0127
387 46.7026 16.4652 80.2752
388 41.9154 34.569 63.6753
389 54.2622 4.25632 75.2573
390 55.8766 15.8428 64.9851
391 39.7746 9.21707 96.1888
392 62.0642 34.5578 73.9661
393 42.2167 23.7178 58.4229
394 46.6995 0.0152096 91.8345
395 52.1145 14.9051 74.9676
396 29.933 -0.696986 83.0017
397 57.9815 34.5702 76.0949
398 35.2696 4.78196 66.3158
399 35.1241 -0.160797 59.7188
400 53.0628 36.3223 58.7289
401 58.4944 -0.58385 93.2068
402 54.2921 12.26 114.144
403 39.4069 -0.486491 82.8534
404 65.8637 38.1328 93.6482
405 31.5274 19.1791 111.401
406 39.8593 3.68322 114.817
407 41.8178 12.4437 113.978
408 53.5731 23.8186 91.3537
409 41.6507 27.4531 113.897
410 32.7105 12.646 104.851
411 59.4884 7.17584 94.5626
412 34.5408 1.59771 114.546
413 46.443 -0.142725 111.798
414 47.6999 15.0932 94.7398
415 57.8803 12.5602 114.311
416 41.962 4.5642 79.8637
417 45.7858 10.4719 103.06
418 23.6868 40.8706 24.0739
419 40.2827 38.8704 40.033
420 21.8317 24.7772 5.18329
421 31.2901 35.0812 5.01255
422 13.5837 33.6609 33.6105
423 36.1671 53.1143 15.1442
424 37.3 38.7089 -0.212656
425 52.6957 32.9217 -0.144566
426 44.2397 39.6052 30.2903
427 43.7943 35.147 20.3474
428 57.0135 46.2248 0.243788
429 30.7 27.6269 16.7047
430 48.2126 39.2949 22.9909
431 29.3492 40.7464 8.04931
432 34.2998 56.3629 12.8609
433 35.2578 56.5109 -0.110155
434 28.1173 28.1733 20.6551
435 29.9523 26.2599 -0.385174
436 42.2853 47.1358 16.9827
437 53.3988 38.8617 -0.124191
438 48.2972 57.5564 21.972
439 38.6852 56.4093 2.70626
440 31.936 44.8475 6.45487
441 34.2834 22.3413 24.8815
442 25.8299 34.4252 40.9597
443 59.5628 72.1899 22.5737
444 64.0449 51.4748 34.468
445 42.2221 37.9207 48.3672
446 24.0614 26.3764 29.2395
447 40.0204 33.1287 54.9355
448 66.2113 44.971 53.7082
449 53.1395 59.3744 46.8302
450 25.582 51.0703 43.9886
451 56.2573 23.3993 31.5461
452 39.3463 21.0295 64.3015
453 40.1082 27.9603 50.8404
454 39.6531 49.2296 47.9326
455 51.8134 34.6223 36.5312
456 51.8347 48.1666 56.6383
457 42.1234 31.9376 38.1252
458 48.001 27.544 39.0489
459 38.0549 43.9237 29.6789
460 33.6239 32.343 72.3044
461 38.127 42.3195 69.8884
462 68.0024 36.798 67.3414
463 54.9588 27.9802 81.901
464 20.7854 19.3073 62.3452
465 21.7481 32.9137 61.5351
466 33.9917 46.3121 68.0979
467 33.6646 33.6431 66.4278
468 59.6265 41.6951 76.3283
469 35.7593 43.6934 71.442
470 25.9559 53.2652 67.873
471 53.6383 44.9086 71.2952
472 55.345 32.7768 86.0867
473 54.0253 31.9649 73.0601
474 34.188 39.9845 51.8447
475 37.7 30.8218 73.4287
476 51.4073 44.6043 68.7755
477 33.0932 38.4157 69.6795
478 39.6773 42.9195 62.4623
479 49.8291 44.6106 56.6788
480 32.0939 36.045 68.6872
481 36.1202 37.8637 114.145
482 52.3309 41.1015 100.496
483 52.4322 38.6661 111.931
484 48.5401 31.2593 113.959
485 27.4742 48.4256 90.4137
486 55.81 25.6356 84.8107
487 50.7465 63.2754 104.576
488 44.9215 26.4407 114.56
489 54.5861 53.6389 103.396
490 41.6899 33.2947 91.443
491 43.1318 66.9417 90.0413
492 49.8697 42.2981 107.136
493 46.2406 35.189 99.4504
494 34.9361 53.1093 95.0965
495 57.8244 41.4303 81.2267
496 41.8108 42.2893 107.109
497 24.1545 43.0247 103.177
498 47.3914 51.7331 106.065
499 37.5411 35.5504 94.9104
500 49.6388 77.1066 31.0829
501 49.4486 82.5514 -0.0950719
502 47.6061 87.4791 13.7518
503 46.7959 70.0137 32.2167
504 27.4921 69.2752 9.01446
505 36.8939 73.5501 -0.11682
506 52.7224 83.0027 23.2125
507 37.0719 70.7329 35.8916
508 41.4989 68.5949 -0.240932
509 29.6221 82.5818 4.33542
510 33.4003 60.3352 24.9797
511 55.3614 60.7883 26.148
512 53.8862 84.9516 10.5017
513 57.9957 64.8427 40.2279
514 29.0722 73.4283 -0.344194
515 24.9896 52.4572 22.5284
516 54.726 72.7482 13.5293
517 45.373 63.6993 23.4716
518 41.5907 71.6781 29.6503
519 32.4701 66.2273 22.1112
520 48.2051 53.5008 10.4526
521 43.363 53.8754 21.7839
522 34.2903 74.1847 46.0126
523 59.108 81.6486 36.0476
524 53.6061 75.844 44.4446
525 42.0896 58.9313 50.9925
526 33.2979 76.5252 41.2233
527 45.6007 65.7374 36.7909
528 55.6479 72.6438 49.1776
529 46.4109 68.0228 31.8736
530 29.8642 50.2007 24.9378
531 46.1308 63.2436 52.261
532 39.2332 77.1404 43.022
533 25.8478 76.7513 47.2412
534 40.9886 75.5698 40.1837
535 43.9666 71.4697 39.3021
536 56.6873 76.0878 53.058
537 55.6106 63.853 35.474
538 38.8156 60.5535 38.7485
539 55.0122 81.5094 26.0085
540 36.9385 63.9435 50.667
541 27.9823 68.4702 40.327
542 39.9892 80.7113 37.4994
543 31.275 77.5797 30.3146
544 31.3521 62.4228 53.8839
545 47.0212 75.0798 29.2715
546 25.141 87.2072 50.8137
547 27.054 77.3715 40.0219
548 43.6087 61.1546 52.3654
549 51.6038 73.0953 66.3807
550 47.5065 51.7238 98.4685
551 43.2581 78.3289 67.228
552 55.0583 62.8287 78.826
553 45.869 68.112 59.3306
554 50.205 67.5013 85.9153
555 45.3984 83.6691 86.0858
556 41.561 74.2358 73.1398
557 32.3126 50.1963 73.8722
558 41.7287 69.3895 83.9137
559 40.854 55.2735 60.8005
560 45.1578 65.525 91.1925
561 44.9552 64.5287 66.5547
562 31.8713 78.1185 73.731
563 56.9069 83.237 56.0734
564 44.1859 80.7488 87.2007
565 53.6991 65.6394 56.6151
566 33.124 61.3024 69.3333
567 34.0004 56.0298 59.9033
568 31.2295 78.2244 76.6335
569 36.8673 63.8357 70.8434
570 37.6243 67.7245 91.1104
571 43.4171 62.9685 65.4924
572 45.008 65.7019 88.6191
573 51.2712 76.7377 65.9631
574 57.5015 61.1196 77.0331
575 29.3371 76.4157 88.9027
576 26.5289 81.9779 114.099
577 24.5641 64.4734 114.107
578 37.5457 97.6384 114.529
579 21.0895 51.7127 95.5581
580 56.2438 83.1193 102.991
581 45.3177 64.5449 97.1411
582 45.2514 69.2483 86.0104
583 41.4914 57.6814 91.9845
584 32.8339 71.3317 111.746
585 61.4335 79.1166 86.982
586 42.9719 75.5609 86.4035
587 36.1955 78.2222 108.508
588 47.2 70.0302 93.1102
589 31.134 59.7774 97.4523
590 55.6155 80.2094 114.244
591 63.307 74.3892 90.3139
592 27.0024 80.5479 92.5932
593 37.6484 65.2974 100.277
594 41.4346 72.2492 90.0592
595 44.3786 68.6057 82.3253
596 38.7835 72.7953 95.6817
597 36.2967 89.4236 0.0239681
598 20.5935 101.593 0.0979219
599 33.4321 113.89 17.6406
600 46.3353 112.273 -0.308642
601 56.5932 113.498 1.45916
602 42.5139 100.685 38.4544
603 28.7817 89.3794 20.0591
604 51.568 113.649 2.72988
605 37.3171 113.158 15.0936
606 34.7953 88.6943 16.5845
607 43.7236 86.9366 14.0643
608 33.097 113.714 27.5585
609 51.6819 105.857 15.9499
610 44.8569 113.141 3.48832
611 27.939 113.195 13.6199
612 41.0169 104.349 43.9644
613 18.6105 113.793 32.4632
614 53.6686 94.1837 26.3809
615 40.2163 89.6455 22.7334
616 35.7545 113.4 28.3667
617 28.2277 113.24 8.81467
618 41.3375 91.4607 23.5828
619 47.449 102.168 15.6917
620 34.4221 100.408 23.3522
621 32.2387 89.5348 50.1746
622 53.125 114.098 49.9625
623 64.683 78.5979 49.0887
624 51.0458 105.653 47.8028
625 48.7455 80.3135 59.2108
626 38.6289 98.1585 45.0431
627 35.3154 100.422 29.0313
628 55.5507 105.946 60.7158
629 39.4399 82.1884 24.792
630 32.4395 113.717 33.0273
631 61.1634 113.989 45.0536
632 51.078 99.0626 42.7771
633 68.9983 114.05 50.1229
634 49.4937 82.5412 29.6746
635 42.473 95.3171 43.4725
636 54.5055 107.588 40.6167
637 20.5194 113.142 49.8967
638 35.0526 104.802 40.9042
639 37.8177 90.8661 86.7407
640 22.8517 113.394 82.2123
641 36.3136 87.6801 72.3848
642 37.9536 102.608 75.9672
643 51.5109 113.496 55.9144
644 54.1885 81.8099 61.0855
645 48.6515 113.651 71.7462
646 58.999 113.889 60.0501
647 41.2886 92.6122 77.3647
648 45.537 102.395 70.7095
649 27.0042 87.9593 75.1554
650 33.4433 102.418 73.3669
651 43.3728 113.394 78.0836
652 32.2299 113.338 82.7813
653 43.5354 113.246 90.7133
654 37.8002 100.175 72.6336
655 41.0149 113.64 69.7928
656 39.8271 101.437 74.258
657 53.3228 85.0768 65.1503
658 53.1032 101.681 73.3447
659 28.4596 82.8305 75.5986
660 31.8108 101.267 74.177
661 20.7332 104.869 77.884
662 39.5108 94.9218 74.7433
663 37.7719 102.879 73.869
664 55.228 99.2061 67.8066
665 23.616 89.8024 77.8676
666 37.0492 104.711 68.5198
667 35.6546 100.965 114.298
668 46.4823 81.2125 107.947
669 45.433 92.972 86.9335
670 50.2657 98.349 97.2443
671 42.8383 113.44 82.0987
672 48.9679 91.585 109.856
673 58.9998 94.1647 103.512
674 30.6086 92.4785 113.913
675 28.6243 87.6384 90.1417
676 40.4713 113.648 104.557
677 32.287 113.515 94.5347
678 24.4248 113.018 102.092
679 54.917 95.7769 97.0229
680 45.7448 79.5927 97.8286
681 34.7361 113.293 92.0663
682 46.3576 86.5954 95.5746
683 49.2633 106.808 87.2343
684 24.4054 113.258 99.7596
685 40.2142 106.154 114.5
686 63.8747 101.496 114.645
687 55.088 99.8573 114.322
688 55.1229 92.7636 98.8978
689 52.5023 113.642 104.701
690 30.7488 113.159 99.5585
691 83.7798 0.575266 25.3054
692 67.8674 21.3264 27.1797
693 54.4331 18.8057 15.4021
694 70.6041 -0.136425 26.2169
695 68.5643 -0.185946 21.4451
696 66.9168 8.93379 -0.112273
697 75.8797 0.20966 15.114
698 81.9425 25.6057 0.381174
699 60.4532 -0.162122 30.8186
700 63.7046 0.203724 10.2597
701 68.746 11.5335 8.16507
702 81.8972 8.65419 6.61966
703 78.4741 26.3957 0.283266
704 54.6838 12.6714 -0.190719
705 64.9143 17.0584 4.48353
706 64.7443 22.9562 -0.124173
707 68.35 33.3181 12.5313
708 66.137 8.84302 24.4257
709 64.4406 19.1915 34.9956
710 77.2696 31.9121 49.9136
711 66.2915 21.1399 60.8893
712 64.4796 23.6614 29.5088
713 82.545 23.6273 29.4092
714 92.4515 14.0339 36.9424
715 68.2087 28.8066 33.3335
716 68.75 6.8312 53.4535
717 73.7861 30.0262 46.8226
718 67.9813 0.364225 17.7951
719 56.3507 13.0418 36.7534
720 55.4716 14.3101 42.4505
721 83.7829 0.303903 52.5211
722 75.404 23.8601 53.0791
723 50.7289 30.9234 40.979
724 60.388 22.4855 27.7167
725 76.145 30.6207 71.7847
726 68.4498 4.05951 61.0722
727 76.4285 10.6901 71.1251
728 78.1638 5.4817 72.4286
729 68.0861 22.8713 77.0704
730 72.2326 -0.17235 73.8016
731 72.3313 -0.362652 68.492
732 65.6361 25.1381 85.0558
733 68.2672 13.2956 66.4653
734 84.8639 10.7088 86.7779
735 57.9708 33.1692 84.3081
736 70.4527 20.1864 74.2766
737 59.6317 -0.242584 71.6667
738 65.8977 18.8748 89.8419
739 78.5913 -0.292628 63.3295
740 62.814 -0.506411 53.9646
741 60.7208 5.7261 69.776
742 63.9789 40.4778 72.0807
743 65.4898 29.6979 86.8788
744 86.0015 4.39535 107.616
745 99.164 0.291031 98.0025
746 73.2642 6.08073 102.773
747 86.8055 21.4215 114.274
748 81.031 13.093 105.229
749 93.8142 18.4819 100.06
750 61.8498 22.7951 109.322
751 67.1551 0.19759 107.232
752 96.1937 24.0657 99.0176
753 76.0057 22.304 97.4239
754 71.2799 30.8335 100.566
755 59.7681 22.1811 102.329
756 59.2152 19.3244 114.273
757 73.9675 12.4703 104.435
758 70.8181 28.6455 104.744
759 83.7117 14.717 102.415
760 60.1523 12.44 109.567
761 76.5028 24.7584 86.4091
762 73.9077 16.0072 111.853
763 59.85 -0.480525 100.929
764 51.9922 15.718 114.064
765 77.1951 46.4049 0.228908
766 51.606 48.9495 12.0254
767 72.8727 61.605 0.248936
768 70.6106 46.4912 16.2143
769 54.7123 57.9011 0.0129643
770 60.3157 43.3994 10.3699
771 55.9934 53.3257 8.6449
772 74.4013 45.9695 18.8537
773 66.2035 48.9993 6.46086
774 72.7584 47.2743 -0.00930773
775 87.4483 49.9126 0.303204
776 57.3536 29.4677 21.5261
777 63.9184 44.3922 10.4498
778 57.3609 52.4513 19.7511
779 86.9242 38.109 9.50558
780 74.5065 47.6615 2.56292
781 89.6342 52.8636 5.2862
782 65.5304 34.1712 45.4355
783 74.8488 25.9959 41.3392
784 68.4166 34.3913 36.6678
785 68.8798 27.4467 53.4664
786 68.3849 35.228 28.6624
787 55.2143 39.8907 53.6412
788 84.3635 25.3602 43.571
789 53.0403 76.2566 41.038
790 71.0369 32.7926 48.5653
791 78.6486 49.6261 32.9331
792 80.8003 43.8729 44.5523
793 71.3967 42.3862 59.8582
794 70.2123 32.7902 40.5328
795 85.5358 29.6135 61.3809
796 70.4705 37.7812 73.181
797 83.9961 52.5252 71.1579
798 48.7206 27.1812 60.5212
799 82.355 35.6607 80.3365
800 104.403 52.8683 71.9057
801 61.7588 40.3805 74.6247
802 57.3833 60.1284 70.3243
803 65.6133 33.5064 87.3898
804 67.8713 21.0476 56.8716
805 69.1671 31.9199 77.36
806 101.353 48.708 68.4334
807 63.2578 37.2965 75.1272
808 70.7252 39.855 93.6437
809 65.6663 44.898 78.9029
810 78.0808 28.5706 70.7398
811 55.9072 33.3207 74.5368
812 63.8914 42.8376 70.3502
813 75.9372 66.6792 63.8455
814 71.4095 30.8558 78.1123
815 71.2026 21.1748 77.1618
816 88.3143 42.2208 76.0645
817 76.9713 59.6105 64.3514
818 68.8935 62.362 75.6886
819 65.8419 44.1699 69.5323
820 68.9687 52.9852 64.9233
821 64.7544 55.105 73.0408
822 73.8291 39.1302 65.2168
823 79.6449 56.4454 105.645
824 73.2706 40.7703 92.3673
825 66.7429 49.1262 91.8715
826 72.3067 68.9143 95.0361
827 101.071 48.3657 115.076
828 76.8619 31.7506 104.406
829 69.9211 56.9615 80.1195
830 60.0158 36.1431 82.5755
831 78.1506 51.3329 102.294
832 54.9408 34.7433 114.193
833 69.3653 30.0404 114.498
834 70.0941 49.7447 87.4207
835 75.2784 47.4966 106.625
836 66.5109 56.0239 101.691
837 85.8292 39.0348 95.811
838 73.4899 58.2379 79.2833
839 80.3272 50.9443 106.581
840 63.0404 37.6289 95.3542
841 73.6881 38.646 93.2566
842 72.5819 22.8173 114.223
843 76.7667 59.4549 114.17
844 63.7865 79.5829 26.9879
845 62.6216 72.5915 23.085
846 88.3839 75.0401 0.267811
847 68.118 79.6609 7.16986
848 62.2205 61.62 9.96817
849 61.4814 64.255 16.3098
850 61.4684 68.8408 20.1647
851 83.2181 77.8457 0.332117
852 88.0836 73.469 24.4145
853 66.6488 63.6588 8.11963
854 61.8385 91.0209 8.83942
855 81.7916 71.5018 13.7356
856 71.8777 65.33 25.6708
857 69.5776 74.0996 18.0425
858 82.6105 75.5007 24.6447
859 70.0654 82.0901 0.126485
860 57.0806 73.8121 0.222365
861 59.7697 67.5142 8.54452
862 60.1079 56.846 10.6612
863 60.542 53.0512 18.044
864 79.1304 53.9872 14.3288
865 68.2597 68.2742 -0.115663
866 74.0859 86.0415 0.0221547
867 69.5891 78.4535 67.5634
868 84.2943 57.082 41.0865
869 83.9868 69.2985 24.7438
870 73.786 67.6148 53.0252
871 85.9299 82.0215 30.6959
872 64.0064 54.2289 49.9536
873 51.9655 83.3933 28.6957
874 80.9905 87.7252 39.8462
875 53.4706 77.475 45.8626
876 59.5628 76.3954 51.6847
877 73.341 64.7797 51.7369
878 74.4498 74.6891 38.6362
879 84.3756 78.3027 29.1512
880 73.7246 71.6445 40.5621
881 83.125 84.217 54.5818
882 83.8898 77.8683 60.9942
883 85.9643 105.997 30.7505
884 72.6151 67.0036 22.8395
885 92.0851 68.9742 45.0751
886 72.6568 87.7398 54.7278
887 84.4922 50.9764 42.1958
888 72.1533 55.4395 78.4897
889 81.4839 86.5387 82.3028
890 75.5209 67.7522 46.0059
891 67.3753 75.4439 62.2185
892 72.2573 71.7445 69.2086
893 68.7949 76.4225 66.0726
894 65.4014 85.1342 53.0812
895 62.3022 84.2397 74.786
896 82.5164 77.7076 70.0335
897 67.5596 55.4361 54.4128
898 79.9021 48.6393 61.6995
899 87.0805 80.1391 53.5448
900 69.0348 59.8443 72.5264
901 73.77 64.4002 62.6366
902 55.7374 64.3051 76.8146
903 80.3166 74.0903 80.0551
904 75.8416 68.1373 60.0426
905 76.689 92.3439 63.561
906 82.8351 73.0376 53.6583
907 60.0709 61.8372 95.0952
908 57.8228 83.7269 114.31
909 63.7101 87.4595 114.317
910 75.3676 65.825 93.7441
911 69.3144 77.9626 87.8319
912 70.458 74.787 105.93
913 62.1242 62.7471 114.352
914 71.7593 58.2975 114.489
915 80.707 74.3199 109.817
916 87.8853 69.6349 100.871
917 81.5151 86.8597 103.316
918 74.2087 77.0562 104.213
919 74.924 67.8397 86.0575
920 77.618 56.4073 98.3902
921 78.7884 69.9877 114.472
922 62.8266 62.9615 96.3382
923 70.9258 84.5699 87.543
924 67.489 56.1458 105.672
925 77.5681 100.008 17.5563
926 80.7879 113.56 19.1908
927 82.0858 109.603 6.34429
928 53.5714 89.4214 10.2502
929 76.7359 113.686 28.8319
930 44.1454 101.752 42.312
931 83.8533 114.193 18.0816
932 64.0876 88.4627 5.5953
933 61.0203 101.517 19.4829
934 53.4974 106.355 17.9991
935 65.0366 99.6097 16.8782
936 75.7809 102.768 18.1577
937 63.7049 94.8044 23.7797
938 53.2858 113.822 12.6123
939 74.3235 93.4712 0.194047
940 67.9017 89.5966 60.2669
941 73.1786 113.91 37.6696
942 71.9834 99.612 66.5322
943 69.9137 96.4093 44.6462
944 52.9417 114.047 55.2581
945 86.0938 95.9359 53.8325
946 69.3815 98.9343 43.2589
947 67.7163 83.5715 53.7904
948 87.4235 99.9543 52.9284
949 56.5933 113.759 48.2251
950 71.2927 104.293 41.9663
951 56.0212 97.5243 38.5432
952 77.9835 93.5878 40.3826
953 62.5467 100.377 30.4408
954 75.7297 106.137 33.1789
955 65.833 80.1838 63.619
956 53.1652 108.031 43.8735
957 65.4682 103.408 39.7831
958 72.0656 106.427 46.3898
959 74.0706 93.6272 50.2447
960 78.2823 93.4929 45.4824
961 79.6148 97.1181 67.0347
962 57.8881 96.0185 91.6817
963 76.9065 97.4511 73.6938
964 84.4637 106.683 56.8243
965 67.5638 75.4075 64.822
966 101.573 91.6308 68.8611
967 72.1933 101.871 82.2531
968 66.2135 95.9715 66.721
969 74.2785 93.5079 70.2616
970 80.8663 113.903 80.3126
971 51.202 113.547 80.0725
972 78.4362 91.1652 89.6775
973 50.9435 113.731 62.501
974 83.4423 114.163 77.3516
975 72.8787 89.622 77.5013
976 71.2297 114.273 62.4834
977 71.2652 96.4579 87.419
978 75.4212 91.7347 75.9364
979 59.1159 113.512 65.0714
980 62.9577 97.4449 89.0782
981 57.3312 88.2865 52.9939
982 80.0238 113.838 100.882
983 67.849 101.82 114.611
984 78.7459 100.265 90.0065
985 58.5953 113.724 107.141
986 78.7517 96.6476 114.645
987 56.737 100.25 89.1122
988 61.4807 105.144 114.369
989 71.6228 97.4231 103.138
990 66.0068 91.3456 82.1214
991 85.6479 101.108 95.8842
992 62.7124 84.2077 99.7509
993 68.7727 87.3731 81.5564
994 80.7823 90.559 93.3765
995 53.4881 91.3334 102.166
996 93.9626 111.997 114.671
997 60.458 106.611 89.0585
998 62.8083 88.1509 90.5022
999 63.2308 105.973 100.69
1000 75.7981 99.2767 88.4729
1001 61.2965 82.5266 114.328
1002 73.927 107.592 102.841
1003 79.2207 113.938 79.6307
1004 74.1815 95.8602 86.0956
1005 61.9801 105.486 89.8348
1006 57.8963 90.6331 114.189
1007 58.988 113.748 97.4953
1008 115.109 20.7754 6.74619
1009 109.237 13.8717 21.8576
1010 97.879 32.0512 0.166716
1011 110.323 -0.561561 28.9174
1012 98.8448 0.127347 21.3817
1013 88.8658 17.8549 13.8566
1014 104.082 22.0657 0.698793
1015 105.394 17.7928 -0.164205
1016 104.29 8.13366 0.119692
1017 94.6379 1.27387 1.04276
1018 105.204 10.0086 4.87365
1019 115.079 13.0389 30.7839
1020 107.119 25.1488 33.97
1021 82.9677 18.3998 3.87352
1022 114.867 15.9999 37.2055
1023 81.6353 22.6838 21.7351
1024 100.8 30.245 59.6125
1025 107.676 0.492576 20.109
1026 105.208 11.0149 59.4479
1027 86.6229 9.80253 54.3403
1028 114.626 6.92241 58.7841
1029 100.82 24.0068 24.8797
1030 114.587 23.3392 66.7128
1031 114.702 23.1483 52.3905
1032 114.957 25.2993 50.9535
1033 110.671 24.8969 29.4207
1034 106.294 26.795 43.1019
1035 88.4928 17.7208 38.7039
1036 91.3731 0.644893 35.6276
1037 95.4566 14.8233 35.1331
1038 100.676 0.254829 43.6753
1039 114.741 11.188 47.3308
1040 114.708 27.7444 51.1222
1041 104.092 28.2327 44.6506
1042 114.562 30.2096 52.0289
1043 92.7969 11.8672 30.5245
1044 114.796 22.503 36.5844
1045 79.6307 0.391788 40.2038
1046 80.0974 35.2012 27.1489
1047 91.2053 30.8315 55.6212
1048 103.997 0.538406 70.3478
1049 114.475 42.2138 63.7669
1050 100.363 0.212267 73.8038
1051 84.4816 8.66017 72.4608
1052 107.575 0.688573 70.0936
1053 114.303 32.877 87.7637
1054 114.866 6.21045 65.5704
1055 88.4052 0.304198 61.0639
1056 88.0375 35.6851 85.8469
1057 114.286 23.2992 71.8485
1058 110.715 0.150442 78.7758
1059 90.417 31.0518 76.7816
1060 108.448 7.18125 86.7747
1061 104.167 0.49359 55.4815
1062 90.3701 26.4402 60.265
1063 114.438 20.7285 75.8761
1064 105.116 18.2473 67.609
1065 104.602 12.3121 72.8157
1066 114.751 18.8993 70.378
1067 104.317 0.207311 80.9928
1068 114.656 23.6008 59.6006
1069 100.56 0.114812 83.6478
1070 114.73 15.7455 68.4153
1071 89.3521 29.5577 90.8183
1072 91.5386 7.69239 91.9851
1073 114.491 4.79483 100.066
1074 108.765 16.4628 104.254
1075 95.744 0.217413 85.1723
1076 96.8652 17.702 91.5399
1077 112.296 26.4056 115.479
1078 114.276 18.6695 95.2334
1079 95.7208 17.0967 85.681
1080 86.4709 10.3114 93.7017
1081 98.5064 -0.0656159 103.258
1082 94.4177 7.64619 90.8784
1083 114.297 13.805 112.205
1084 113.44 9.16678 113.424
1085 102.919 5.31179 93.5847
1086 114.697 1.00621 108.398
1087 89.0951 40.877 0.161315
1088 102.845 40.0577 11.0259
1089 80.5036 49.1662 14.1095
1090 83.2416 37.7422 18.3607
1091 94.6074 33.7771 12.9826
1092 114.752 44.0415 27.7092
1093 114.975 46.7218 43.3019
1094 115.076 49.1974 4.35826
1095 98.5416 22.5203 16.4835
1096 102.775 41.981 22.2065
1097 102.943 47.312 0.523475
1098 106.976 49.5064 14.6193
1099 104.823 50.3506 8.92366
1100 98.916 40.1721 36.0959
1101 98.9379 58.4919 0.157737
1102 114.524 58.3407 15.034
1103 115.046 36.1916 16.6095
1104 86.2537 58.0048 45.2107
1105 95.6875 19.1561 51.3118
1106 106.609 46.3569 53.7911
1107 98.7067 37.9917 24.9073
1108 98.7618 45.5131 48.8339
1109 108.462 46.8034 50.9372
1110 101.518 48.3959 50.6836
1111 104.389 56.3585 59.1011
1112 79.8805 45.0666 28.9811
1113 114.741 43.5809 38.908
1114 96.5491 32.7689 50.6107
1115 98.227 39.6526 57.9986
1116 94.5265 37.9952 34.617
1117 92.4598 38.4372 31.5941
1118 79.2436 35.3062 61.9996
1119 114.953 34.9707 34.1682
1120 92.6203 40.7829 32.7591
1121 102.109 32.1759 37.7828
1122 102.505 46.1208 31.4923
1123 99.8298 62.9137 89.3343
1124 84.8665 29.9977 81.6943
1125 102.749 35.8986 80.445
1126 92.7154 39.1925 67.3734
1127 114.028 55.2887 77.8724
1128 104.619 23.1301 75.0533
1129 92.0841 46.2598 76.0143
1130 100.473 27.7211 73.966
1131 114.477 48.2536 60.2656
1132 89.9721 66.3359 86.2707
1133 114.592 37.1152 79.3641
1134 108.462 39.3252 75.8684
1135 114.448 41.9406 61.3789
1136 84.3217 34.0477 57.2161
1137 92.0447 47.6188 77.4915
1138 79.2413 47.3652 76.8083
1139 93.5987 58.1533 69.6796
1140 114.373 42.0641 78.5438
1141 114.552 41.7904 66.988
1142 114.205 38.9536 69.6518
1143 110.639 38.7225 59.2766
1144 94.3013 20.6598 83.9308
1145 96.2296 46.8437 90.1164
1146 113.917 67.7972 82.5067
1147 113.996 48.5644 87.7785
1148 81.9183 57.9823 54.9763
1149 108.736 42.217 64.1003
1150 102.423 45.2843 56.9847
1151 89.6917 50.2309 78.6718
1152 96.658 46.1443 104.512
1153 105.874 48.4484 92.3795
1154 94.0454 29.8852 102.519
1155 97.3618 51.1888 114.946
1156 113.841 59.9128 99.5115
1157 114.194 41.8464 88.3476
1158 101.997 41.6315 114.657
1159 105.62 67.3061 98.4813
1160 113.976 37.4666 106.819
1161 113.789 51.3627 96.9078
1162 80.2211 23.6399 96.4882
1163 95.441 40.6977 114.625
1164 112.52 46.043 114.499
1165 93.714 55.4462 114.403
1166 91.3344 61.9938 114.547
1167 80.3824 43.3374 95.9697
1168 93.9568 32.4685 100.39
1169 114.475 67.6868 28.4627
1170 114.674 65.1919 20.1396
1171 86.895 51.8745 30.8418
1172 94.6321 61.1437 18.2055
1173 114.525 62.8771 21.9723
1174 108.589 58.86 12.9953
1175 71.795 73.4205 28.9961
1176 83.3792 72.7104 15.9895
1177 96.2764 76.4597 27.2662
1178 82.3887 71.9884 0.257419
1179 100.374 56.9963 13.5861
1180 114.087 85.5176 14.4526
1181 114.155 83.9398 26.7923
1182 88.5683 85.4866 16.8141
1183 114.424 86.2316 5.24556
1184 94.4193 79.2354 0.459772
1185 74.4039 78.8771 0.0386922
1186 90.2499 73.9807 6.92712
1187 89.9309 74.6946 25.8383
1188 107.346 63.6864 25.3444
1189 92.5073 62.734 16.9569
1190 100.118 67.6438 53.3627
1191 102.165 63.1228 51.5672
1192 102.324 82.0633 46.3577
1193 91.616 63.1356 47.0527
1194 106.162 73.036 42.3439
1195 114.143 71.5476 58.5339
1196 100.674 66.943 47.4358
1197 99.9089 81.7914 41.4033
1198 114.207 86.007 48.7195
1199 106.342 78.2562 43.399
1200 106.26 58.6924 54.5824
1201 114.483 67.1781 44.1668
1202 103.113 84.4121 37.542
1203 96.1997 60.88 36.3175
1204 86.5879 51.8092 55.2895
1205 114.516 56.0166 51.2697
1206 108.825 67.6972 25.955
1207 114.227 81.1214 34.6946
1208 90.1997 87.2832 38.9913
1209 88.1287 72.8997 37.1864
1210 80.7498 71.9099 54.37
1211 114.404 59.8953 47.129
1212 87.0075 51.6055 60.2953
1213 91.9709 74.8325 75.3421
1214 88.6141 71.6803 59.1724
1215 87.3895 61.5941 57.081
1216 96.0063 61.9256 65.0009
1217 114.098 83.9883 65.8436
1218 82.9098 56.6876 80.0246
1219 94.8847 72.8009 55.7531
1220 97.5884 79.0619 87.4021
1221 100.676 76.3927 80.5543
1222 85.8456 75.5033 84.4459
1223 114.054 69.5032 77.7919
1224 114.493 72.1188 65.1743
1225 92.6085 80.8818 77.1259
1226 91.6353 63.1216 69.3071
1227 94.1135 53.8792 57.9971
1228 113.879 64.9442 86.0146
1229 103.421 75.8574 64.647
1230 104.663 83.6422 90.8431
1231 114.038 73.8579 59.7525
1232 96.3311 67.3461 80.2641
1233 114.018 78.5473 68.9445
1234 108.387 78.6578 70.9869
1235 97.3291 55.4349 82.8162
1236 85.0059 55.1274 72.8118
1237 106.292 82.0064 88.676
1238 106.053 75.1495 83.2973
1239 103.786 72.1333 104.948
1240 114.101 60.0568 84.1627
1241 83.6947 65.145 114.619
1242 113.591 71.8632 105.945
1243 84.4882 68.9883 100.12
1244 90.9733 91.3603 74.2975
1245 90.7593 75.1102 91.3477
1246 93.7335 76.0777 114.498
1247 88.072 67.4611 80.4045
1248 80.0563 80.608 89.3635
1249 113.571 83.54 90.3212
1250 110.148 57.6362 115.278
1251 113.718 71.5488 98.6001
1252 87.4886 63.6958 98.2288
1253 90.7704 82.3686 104.028
1254 87.3854 67.8182 110.272
1255 107.804 79.8604 114.706
1256 102.391 64.0036 102.509
1257 87.8588 74.643 97.5845
1258 95.6193 72.8707 114.513
1259 97.6503 76.162 114.617
1260 79.1829 77.1407 82.0046
1261 89.3237 77.1419 100.957
1262 103.964 58.312 114.746
1263 113.79 81.7147 82.5799
1264 110.294 71.3502 115.078
1265 114.382 89.9049 16.2047
1266 114.371 85.4886 6.93742
1267 114.164 95.3891 8.58193
1268 103.699 100.58 28.4259
1269 91.282 96.213 14.7498
1270 114.329 95.4394 23.8036
1271 106.153 89.7441 5.82322
1272 92.6291 113.828 16.7182
1273 104.913 95.168 0.314701
1274 109.025 113.779 14.5445
1275 102.728 79.6875 15.8578
1276 88.9477 83.4629 16.5307
1277 90.0933 85.9443 25.5645
1278 96.1607 85.8884 8.44128
1279 114.124 99.5895 14.3545
1280 91.7593 106.423 15.8307
1281 113.894 99.6015 16.8976
1282 110.738 93.5466 0.919675
1283 85.6376 113.841 27.9854
1284 114.062 104.702 35.4359
1285 111.131 114.761 28.4531
1286 113.799 111.861 44.9322
1287 114.346 75.1613 38.4385
1288 95.4795 91.4348 54.2168
1289 113.626 102.513 50.3409
1290 112.888 114.084 49.0108
1291 99.4703 91.9107 58.22
1292 87.5154 114.086 32.8052
1293 108.088 97.8233 29.9718
1294 86.4374 114.79 50.5195
1295 106.447 114.853 43.2711
1296 114.153 91.1585 36.5898
1297 106.362 105.854 45.4805
1298 96.8334 113.978 39.2112
1299 105.784 101.703 27.4099
1300 106.215 100.712 43.0072
1301 91.2443 91.4238 39.8552
1302 97.6168 93.6979 54.7456
1303 81.6015 94.1584 46.8631
1304 104.262 113.937 86.2599
1305 97.1644 99.4849 63.7628
1306 78.4453 91.2153 64.6788
1307 105.443 114.509 80.0505
1308 77.8095 101.288 53.5777
1309 113.652 92.8337 63.9487
1310 108.353 114.224 61.8298
1311 113.725 86.1095 79.1458
1312 87.0315 114.2 77.6076
1313 87.5085 113.959 60.4467
1314 89.7012 108.219 86.1478
1315 113.667 91.2797 73.9618
1316 106.31 89.9157 57.2959
1317 113.641 98.0046 81.3143
1318 104.404 93.1934 52.2178
1319 104.461 114.179 73.886
1320 89.6945 110.389 104.24
1321 107.479 102.012 101.464
1322 103.163 110.041 93.3493
1323 91.0779 104.278 101.784
1324 112.985 104.501 113.111
1325 102.076 91.6827 89.585
1326 100.991 103.701 102.562
1327 113.663 90.5018 95.3177
1328 83.8082 90.7302 88.6597
1329 82.5793 89.5534 96.6654
1330 112.93 104.833 111.188
1331 98.1365 91.3466 114.659
1332 112.946 104.977 108.818
1333 91.1078 101.755 101.201
1334 107.785 93.3047 101.879
1335 113.348 102.483 100.396
1336 105.391 93.3618 94.7185
1337 114.23 82.5134 73.1807
1338 103.463 114.216 95.2014
1339 88.3296 108.876 102.091
1340 102.502 105.94 100.295
1341 85.9414 100.533 90.1639
