0 8.03265 22.4071 -0.608005
1 -0.553768 35.242 37.7388
2 7.77087 -0.730235 4.72557
3 14.1607 5.71809 18.6729
4 38.1735 26.9951 14.5526
5 16.3543 26.9357 13.3078
6 43.5107 -0.216044 10.2548
7 30.1698 5.47186 -0.372028
8 19.6756 6.8733 -0.568274
9 11.1801 13.8797 -0.26777
10 10.5792 -0.917683 18.4148
11 18.4552 -0.674559 30.7952
12 28.0864 20.3037 11.5433
13 7.92323 -0.575579 14.7122
14 20.3599 42.9308 33.851
15 24.5545 12.3033 -0.480831
16 3.78169 12.8899 -1.03946
17 -0.0681741 26.0621 24.8254
18 27.8856 9.68142 40.7729
19 11.8646 -0.827069 40.9962
20 31.4055 16.2486 53.3642
21 35.4403 -0.0568259 29.81
22 -0.119345 19.5081 48.3966
23 15.4355 20.8177 29.9804
24 27.8405 -0.791064 49.3109
25 22.1481 18.6464 66.4187
26 22.8396 -0.563412 52.5235
27 -0.414264 16.3996 53.851
28 0.289773 0.61529 33.1484
29 21.1875 24.3837 42.2229
30 11.7466 17.5833 45.4223
31 -0.183674 7.13642 62.8005
32 5.38763 16.8759 43.6979
33 18.091 -0.678935 40.5673
34 11.3819 31.96 40.4387
35 -0.492746 14.77 71.1853
36 -0.200559 19.3193 42.9316
37 31.6219 27.1882 53.9667
38 47.4951 -0.464885 62.0377
39 15.5717 9.12212 71.0259
40 19.9375 7.41532 57.6727
41 29.8542 9.52018 88.6807
42 7.71006 33.0669 77.2771
43 -0.649147 25.8107 79.523
44 26.1051 -0.584725 75.4805
45 9.36752 28.0989 82.3071
46 11.371 22.578 79.2355
47 31.932 -0.429267 65.7619
48 -0.556931 28.8735 43.9168
49 29.9038 28.2384 74.9334
50 36.0938 -0.415145 75.9034
51 25.701 3.8145 82.5339
52 10.1914 30.1076 47.7727
53 12.3072 -1.48087 73.2866
54 15.6695 -0.628556 60.4852
55 14.859 -0.90344 56.8905
56 40.0836 5.9389 66.5031
57 23.3517 36.8564 94.0413
58 2.75431 15.4535 114.491
59 31.4631 11.6217 94.7757
60 14.9428 -0.462125 106.931
61 17.602 -0.824942 90.6284
62 20.7671 17.0323 108.974
63 20.377 24.3476 82.1257
64 -0.817484 26.7722 92.9557
65 27.2213 12.3144 114.114
66 34.063 -0.529265 102.927
67 36.4921 6.19479 85.7665
68 19.5807 7.76484 82.2858
69 20.3505 10.0894 114.163
70 30.0941 11.9014 76.6018
71 2.55165 -0.356413 111.861
72 31.3733 18.6743 109.234
73 9.45674 12.1554 93.9217
74 11.3162 17.8242 100.001
75 7.65329 14.3696 82.4535
76 13.2608 12.2089 86.9388
77 25.4913 40.8219 8.5905
78 24.2724 28.7392 12.8485
79 10.0996 43.5558 27.4292
80 27.9411 43.6153 -0.372509
81 49.561 32.1544 17.7746
82 -0.123162 28.852 11.4151
83 -0.0986754 32.9179 12.5255
84 13.3926 33.2214 12.5816
85 51.9008 45.162 21.2197
86 -0.460735 49.0589 32.7694
87 -0.449729 47.1097 6.89696
88 8.02593 59.3665 10.1243
89 28.2295 29.3323 -0.348414
90 11.7939 33.0935 9.45774
91 -0.107322 19.3658 28.0654
92 23.5357 37.9095 51.1715
93 36.5621 45.6282 50.1109
94 17.9707 23.4134 55.7085
95 14.5784 32.0397 41.0234
96 -0.530655 24.5475 42.3366
97 36.0457 40.03 39.8466
98 -0.584537 37.9083 41.4599
99 30.2522 29.9095 24.7736
100 -0.350199 33.8113 45.4952
101 9.8426 45.9762 28.3171
102 -0.623199 50.1128 36.3785
103 -0.621784 44.5288 21.6561
104 24.2463 32.9853 34.958
105 32.0768 29.2322 37.2186
106 39.6789 61.1008 32.5414
107 27.9104 31.6368 28.2821
108 11.9889 43.2622 34.1704
109 41.9431 53.5152 30.3849
110 18.2579 53.4623 51.3849
111 -0.25179 33.7775 35.5678
112 -0.710349 53.8301 49.8273
113 22.7795 57.7683 62.2739
114 31.5995 54.4839 42.1781
115 10.5321 53.6155 36.5767
116 19.1815 46.6449 46.7787
117 13.3416 41.728 58.1814
118 28.5833 31.3323 52.3112
119 16.0904 52.0127 84.0496
120 43.6481 27.0255 64.1985
121 19.0235 69.3928 73.3949
122 23.494 26.6649 63.9795
123 -1.15057 53.7778 64.7282
124 19.3871 37.0054 73.8328
125 9.43359 39.4334 44.6783
126 -0.768848 33.2488 82.7213
127 16.0451 70.8699 81.0756
128 15.7125 61.1675 55.0522
129 11.0212 47.6102 76.2086
130 23.0455 46.5161 97.3184
131 45.6096 42.0533 65.9459
132 10.2078 53.1397 63.6177
133 -1.1687 47.0464 86.6703
134 33.6605 24.3434 80.7355
135 17.3255 55.0923 93.7336
136 17.0736 36.5043 74.1381
137 35.4866 28.0798 100.623
138 13.3788 42.0704 104.942
139 19.3642 38.4053 90.3355
140 22.5709 34.8308 114.768
141 27.3725 35.419 100.056
142 5.90145 34.1703 113.954
143 7.44343 30.3123 83.8595
144 15.8591 45.215 99.3567
145 31.3922 49.9842 82.3079
146 -0.522525 15.0331 86.206
147 5.2822 57.921 107.576
148 10.6047 29.4231 114.689
149 11.1294 57.1983 114.34
150 3.28878 51.8438 114.075
151 22.7359 54.162 114.296
152 15.196 35.5933 90.0709
153 12.6857 54.3549 89.4044
154 18.396 53.1971 100.842
155 8.43801 59.2637 94.861
156 27.7862 56.9968 106.468
157 16.6221 28.719 95.4972
158 19.709 27.1563 93.3648
159 16.8765 48.2632 95.7349
160 20.963 38.9611 84.9061
161 9.35999 26.6352 98.3676
162 5.32969 20.4464 97.888
163 -0.407432 68.4607 3.50972
164 22.4892 83.8815 -0.0562292
165 6.67868 85.3323 17.5154
166 26.1171 69.1725 11.8548
167 6.44911 64.276 -0.388067
168 19.9379 70.5226 13.4214
169 29.152 51.8822 31.6913
170 22.2609 64.6891 7.70942
171 -0.368452 52.2359 15.0436
172 25.7262 66.756 13.1851
173 29.7754 79.0162 4.55992
174 22.6065 97.886 -0.143502
175 19.5143 79.5508 19.1988
176 8.36937 77.5873 25.986
177 -0.378006 44.8253 16.5207
178 -0.979652 89.7735 35.5586
179 1.0438 73.1783 -0.199258
180 21.6266 71.1658 17.3776
181 20.0991 70.4655 8.4389
182 14.0286 67.3986 16.2805
183 29.1087 89.6897 29.155
184 19.4683 64.888 14.5413
185 17.6902 74.3643 14.8407
186 -0.476107 63.5132 18.1748
187 -0.494996 66.371 7.55756
188 18.3768 74.6408 29.0079
189 8.9669 78.0805 36.9917
190 -0.947435 74.8425 32.3802
191 5.20799 54.3503 46.4045
192 10.6969 68.9123 53.8137
193 45.1769 106.787 22.1881
194 -1.16889 63.8799 61.5556
195 8.86463 82.4639 29.5582
196 34.4409 81.6104 26.5202
197 31.4069 68.0552 42.5261
198 28.3624 87.5815 32.6778
199 -0.935986 65.5163 48.7604
200 31.0337 79.7561 41.2565
201 19.042 63.5128 55.3185
202 30.8162 71.8535 67.2158
203 -1.2497 75.8451 50.9297
204 17.6292 59.7385 25.772
205 22.3313 58.3465 53.4209
206 29.8002 81.6532 51.6456
207 19.2369 63.0758 40.3293
208 14.7351 84.9322 60.0115
209 13.4916 58.5299 43.3912
210 15.5377 46.8106 42.1544
211 -0.808735 58.5012 41.4303
212 21.194 72.4743 41.593
213 -1.14081 68.2612 69.0305
214 -0.836492 52.336 39.7798
215 6.6335 89.4964 71.581
216 33.2863 65.9717 34.3637
217 36.0002 78.3472 69.0552
218 -1.32402 64.0248 71.6167
219 42.4053 74.8136 69.118
220 16.8123 74.2969 79.7831
221 -1.24159 64.0905 81.3938
222 11.5523 89.326 54.8973
223 11.034 88.8607 67.4236
224 24.9148 81.1553 77.8471
225 15.1905 63.4172 65.398
226 -1.47556 82.7549 77.982
227 11.7677 72.9615 89.2962
228 26.6676 48.3119 66.5902
229 17.6524 86.1761 68.0718
230 10.538 71.9959 96.3005
231 22.9003 65.1164 51.9726
232 12.4004 80.0966 95.9123
233 10.7135 90.1196 88.3314
234 6.8504 78.2202 71.823
235 26.5284 70.2614 95.061
236 19.1202 71.6726 56.8976
237 30.9075 83.0446 98.5957
238 16.8609 66.5599 72.5593
239 8.57112 86.8695 43.582
240 10.7282 76.2595 88.371
241 24.3067 71.313 114.51
242 14.5961 60.8384 104.072
243 -1.54405 77.5723 97.847
244 0.221399 64.6412 114.2
245 8.09515 64.0042 86.2325
246 6.28041 63.3267 114.775
247 21.022 81.0786 103.081
248 -1.74913 85.2102 104.085
249 7.41423 65.7957 94.0113
250 20.9696 60.9395 114.395
251 12.3393 82.9677 98.2162
252 10.4603 67.9484 98.9549
253 24.0802 82.0371 104.77
254 -1.25609 66.1718 87.4161
255 -1.61021 89.6741 95.6111
256 -1.26435 60.8176 94.4183
257 23.8852 58.764 114.284
258 9.3932 80.7201 10.3934
259 28.4308 99.129 24.0996
260 -1.0255 96.5566 20.9098
261 26.0358 112.078 -0.249535
262 23.404 113.027 25.7631
263 23.6314 82.058 25.0343
264 4.9386 95.666 19.6947
265 0.169032 112.643 26.0806
266 15.4523 91.8973 12.7799
267 24.0171 101.371 -0.419619
268 -0.9204 105.942 19.0402
269 -0.760228 95.8072 12.5617
270 19.5534 112.926 26.0549
271 15.2704 95.4687 12.4739
272 32.2873 70.8219 16.0127
273 -1.13799 91.3662 30.5832
274 16.9116 113.336 10.1729
275 8.4965 113.081 32.4597
276 29.7003 79.9255 21.1472
277 23.2993 113.526 7.60139
278 2.87885 96.7063 -1.01939
279 13.6583 113.688 15.0113
280 23.275 87.7177 35.4809
281 12.8908 99.8878 39.067
282 31.0334 113.337 35.2092
283 7.15716 89.8881 38.4586
284 33.4096 104.876 36.8025
285 36.0041 96.8249 33.1778
286 19.0856 88.9343 54.8974
287 10.8062 113.047 35.4762
288 10.7067 113.33 64.8161
289 39.3472 97.5 21.3152
290 3.74494 112.88 33.7795
291 9.22448 88.5612 39.0545
292 17.4954 90.5215 49.3658
293 16.4642 113.133 42.2984
294 -0.818138 72.845 44.1662
295 35.0022 94.4777 35.7867
296 19.0873 113.35 19.8496
297 31.5841 91.7568 33.3201
298 28.2396 113.52 49.7262
299 10.2886 113.51 42.0938
300 6.58374 113.231 40.0605
301 24.5607 93.9086 48.938
302 10.857 91.9659 39.9273
303 -1.22381 106.135 71.6213
304 34.5474 113.504 102.818
305 -1.81727 109.806 89.9879
306 22.9292 91.2667 60.3143
307 15.5213 113.173 76.3125
308 32.3349 113.384 69.9687
309 -1.4202 103.533 77.9957
310 -0.28343 112.609 80.9048
311 6.57604 78.7624 69.3541
312 16.2056 80.4631 62.2629
313 10.6228 98.1834 67.8719
314 -1.22288 89.9827 53.158
315 13.9463 73.9678 88.1615
316 35.9141 87.2887 49.3614
317 11.4952 112.868 78.3916
318 14.4783 113.446 67.5398
319 24.786 90.8406 75.7374
320 -1.12669 89.651 90.5322
321 10.4872 91.1418 90.3032
322 25.4076 90.5897 66.8978
323 23.9168 96.7867 95.3246
324 9.69656 89.965 114.29
325 24.4133 113.342 109.755
326 34.4941 100.524 98.5923
327 14.2615 113.03 82.2849
328 25.995 102.671 114.423
329 0.157684 113.07 92.6253
330 -1.50798 103.553 108.272
331 2.26893 81.4475 109.316
332 39.1092 85.9266 89.1076
333 9.89239 93.0688 85.6261
334 6.15642 113.527 89.6986
335 14.6886 113.351 104.282
336 15.407 72.9631 81.7626
337 14.4066 113.271 99.8031
338 8.90608 96.0071 114.319
339 6.43501 108.818 102.855
340 30.1434 103.627 114.568
341 24.5964 107.939 88.6046
342 14.4296 98.992 97.3407
343 36.3732 11.179 8.41066
344 38.6806 -0.120161 23.7413
345 30.7133 -0.452264 13.4619
346 52.7384 9.2975 9.50177
347 40.9023 12.2448 -0.192644
348 51.8974 11.6134 8.65918
349 39.3318 -0.245602 14.8957
350 35.4499 -0.420135 14.9499
351 48.1699 -0.186506 20.7669
352 55.9754 0.213764 15.0738
353 46.6275 15.0787 10.2387
354 51.2744 11.7708 39.2424
355 36.8808 12.4417 -0.318771
356 40.281 14.72 5.31034
357 23.4544 6.68071 39.3672
358 53.2244 31.5359 19.6357
359 52.1309 34.9117 33.9126
360 40.5923 16.9513 39.1818
361 44.3767 8.82725 34.8607
362 40.4653 31.4723 47.3525
363 51.4417 -0.34714 45.3171
364 29.4314 15.1946 26.6371
365 43.6238 32.348 48.3395
366 59.0929 18.9654 21.955
367 36.2025 12.683 46.8896
368 26.7116 32.4297 38.7247
369 39.4052 23.2894 45.6336
370 60.3035 35.5629 48.6779
371 28.5709 19.2341 52.6939
372 33.7915 11.1981 65.0005
373 44.0306 16.194 71.8227
374 44.0158 14.3742 58.0518
375 39.8477 16.5223 33.3775
376 24.1291 31.4934 37.712
377 19.3368 -0.671051 56.9558
378 41.1917 12.4781 47.8465
379 32.119 -0.755427 52.9255
380 49.9449 9.18453 89.4623
381 41.7117 27.5723 98.7603
382 43.5546 20.8803 86.2007
383 35.6243 27.5394 68.8015
384 52.5196 -0.578471 66.3979
385 31.4712 -0.472089 57.1944
386 39.0086 39.6434 78.7189
387 47.6924 18.249 85.3415
388 51.9463 16.9097 61.0077
389 48.0504 -0.0954102 78.4228
390 47.8923 13.8426 66.3655
391 35.763 10.3187 93.2134
392 68.3974 26.9565 80.2029
393 41.9707 17.6914 71.0011
394 36.5736 -1.23915 93.2956
395 41.8908 15.442 69.7555
396 30.0033 -0.709182 83.3567
397 53.7716 31.0035 81.6194
398 50.237 -0.39758 68.4864
399 25.9832 -1.26157 60.8189
400 54.8224 42.3145 72.4657
401 49.8642 -0.254096 100.813
402 54.2921 12.26 114.534
403 37.8783 -0.729629 80.8699
404 73.1188 40.9853 88.1358
405 31.5274 19.1791 111.792
406 39.8593 3.68322 115.208
407 41.8178 12.4437 114.368
408 53.5731 23.8186 91.7441
409 41.6507 27.4531 114.287
410 32.7105 12.646 105.241
411 65.8038 10.934 95.7512
412 34.5408 1.59771 114.936
413 46.443 -0.142725 112.189
414 47.6999 15.0932 95.1303
415 57.8803 12.5602 114.701
416 45.2265 -1.03113 88.4165
417 45.7858 10.4719 103.451
418 29.7872 46.4256 27.8544
419 42.0862 38.0873 31.192
420 21.8317 24.7772 5.18329
421 31.2901 35.0812 5.01255
422 19.5163 34.8557 38.0183
423 38.1226 54.132 17.2037
424 37.3 38.7089 -0.212656
425 52.6957 32.9217 -0.144566
426 44.3718 45.8536 30.1368
427 46.3303 40.1751 22.2813
428 57.0135 46.2248 0.243788
429 37.4521 29.2175 16.4551
430 48.2126 39.2949 22.9909
431 29.3492 40.7464 8.04931
432 34.0902 56.6238 12.8227
433 35.2578 56.5109 -0.110155
434 23.7421 21.215 32.6111
435 29.9523 26.2599 -0.385174
436 38.0725 47.003 17.6105
437 53.3988 38.8617 -0.124191
438 48.2972 57.5564 21.972
439 38.6852 56.4093 2.70626
440 31.936 44.8475 6.45487
441 27.8112 18.1719 23.4841
442 24.8825 35.9557 38.7567
443 61.2394 71.0608 26.1831
444 67.0102 51.3539 48.0651
445 41.8125 38.8887 45.5801
446 39.7006 18.7161 24.0346
447 48.2152 45.1388 69.427
448 69.8292 38.5056 64.2834
449 49.5146 56.2604 53.2754
450 21.4675 56.438 40.2426
451 57.1274 36.5442 22.0535
452 41.6569 19.5028 69.7364
453 33.8356 19.6742 56.7034
454 37.8623 47.3465 47.0935
455 47.4257 35.0945 35.2128
456 50.4205 44.3999 58.1171
457 32.5823 24.569 32.6802
458 50.7206 21.3508 42.7061
459 36.3098 29.6266 31.997
460 26.0518 29.7975 79.7162
461 42.8935 39.9022 79.1264
462 58.0594 37.3684 70.1868
463 53.9987 25.8914 84.8349
464 29.6545 15.5134 74.3134
465 16.2956 21.8723 66.123
466 17.4057 53.4812 64.1436
467 25.0719 29.2061 61.5093
468 55.0615 39.6381 86.0249
469 35.5503 44.0735 64.2866
470 25.0816 52.4763 70.5049
471 51.0555 46.314 85.9379
472 56.3794 40.8682 72.8898
473 57.6479 36.5057 74.8379
474 23.5625 37.3595 53.9136
475 39.1731 25.49 71.422
476 47.3238 46.4058 63.2156
477 36.6135 29.1891 66.4246
478 33.4974 42.1784 70.6469
479 55.6407 48.6436 66.4201
480 35.4011 41.7185 68.4788
481 36.1202 37.8637 114.536
482 52.3309 41.1015 100.886
483 52.4322 38.6661 112.322
484 48.5401 31.2593 114.349
485 26.8134 42.1397 89.6754
486 62.3416 23.3178 80.0426
487 50.8259 63.1826 105.033
488 44.9215 26.4407 114.951
489 54.5861 53.6389 103.787
490 47.3601 30.5214 96.1007
491 45.8549 67.5672 86.0156
492 49.8697 42.2981 107.526
493 46.2406 35.189 99.8409
494 35.34 57.4505 96.9135
495 51.8666 43.6901 84.4381
496 41.8108 42.2893 107.5
497 24.5719 42.7073 103.04
498 47.3914 51.7331 106.455
499 45.1779 31.6419 94.8128
500 56.7786 75.6941 30.3864
501 49.4486 82.5514 -0.0950719
502 47.7434 87.2338 13.8668
503 43.2405 74.9018 26.9006
504 27.4921 69.2752 9.01446
505 36.8939 73.5501 -0.11682
506 55.6995 69.6529 21.5947
507 47.7791 73.0856 31.4961
508 41.4989 68.5949 -0.240932
509 29.6221 82.5818 4.33542
510 36.7835 61.9492 30.7989
511 59.5557 65.325 17.6962
512 53.3938 84.9853 10.968
513 69.825 58.162 52.367
514 29.0722 73.4283 -0.344194
515 24.9896 52.4572 22.5284
516 55.1963 72.6612 13.5897
517 45.4593 66.8265 25.6074
518 36.6876 80.3278 27.3156
519 21.7384 77.0731 20.4399
520 48.2051 53.5008 10.4526
521 47.9476 60.3487 17.996
522 33.4266 72.7467 46.539
523 55.6709 82.9314 39.5434
524 53.1086 74.0836 47.6597
525 57.6973 56.1165 48.7508
526 37.2309 78.4875 49.7519
527 41.8465 69.8021 39.1767
528 43.774 68.2408 44.9655
529 49.0658 71.199 24.0878
530 34.0452 55.2655 16.4674
531 58.2724 65.6554 53.5944
532 41.5095 71.0901 42.6847
533 22.9037 71.5688 49.8569
534 38.7355 72.0166 40.4063
535 46.166 67.9833 31.8302
536 55.9455 71.1012 53.3458
537 53.7382 69.9245 36.1919
538 38.2012 57.9293 45.3611
539 59.6978 90.0866 19.5561
540 39.3262 62.5311 58.867
541 31.8739 78.1862 43.8627
542 37.5282 76.7489 36.0868
543 31.9466 77.6861 35.9587
544 25.8281 64.9301 50.2864
545 48.9102 71.1521 21.6994
546 18.9216 88.0322 47.8416
547 18.6472 74.1306 40.9045
548 49.8348 65.4554 41.9809
549 51.1305 78.8719 62.6126
550 44.5641 59.7458 89.8903
551 41.2372 78.066 70.4388
552 61.5139 61.4222 84.809
553 46.6232 65.5152 51.0042
554 45.7377 63.2253 95.0418
555 50.0921 79.1065 92.7783
556 45.4386 75.8262 76.6704
557 30.6844 58.4433 63.1629
558 28.9213 71.1677 79.7745
559 37.0851 65.7719 61.6704
560 45.2568 67.8674 92.2208
561 55.1776 64.974 75.1191
562 19.1496 80.2616 79.1891
563 65.956 79.4864 52.3868
564 45.1858 70.8035 80.4432
565 55.1929 69.9308 59.0469
566 37.3307 67.9371 74.9471
567 34.4597 67.3787 56.1204
568 30.9408 72.9553 78.2535
569 37.1282 59.699 65.3044
570 29.0601 60.2968 92.6517
571 37.3961 59.5326 68.2563
572 39.5101 70.6621 93.2664
573 43.9551 73.5873 69.6412
574 59.0366 64.929 89.8366
575 23.7552 96.3924 92.6272
576 26.5289 81.9779 114.489
577 24.5641 64.4734 114.497
578 37.5457 97.6384 114.92
579 21.0895 51.7127 95.9485
580 56.2438 83.1193 103.382
581 45.3768 66.0959 96.1685
582 49.7056 63.5789 87.6395
583 43.4048 67.1049 95.2272
584 32.8339 71.3317 112.137
585 61.2452 63.4193 95.7921
586 45.1804 72.833 91.1897
587 36.1955 78.2222 108.899
588 50.3746 72.2544 87.5506
589 31.134 59.7774 97.8428
590 55.6155 80.2094 114.634
591 66.2844 77.3148 89.8936
592 28.4324 76.2241 98.3012
593 37.6484 65.2974 100.668
594 34.3497 76.7753 79.261
595 42.3161 69.7421 94.3897
596 33.0342 70.9021 94.7918
597 36.2967 89.4236 0.0239681
598 20.5935 101.593 0.0979219
599 32.774 113.212 17.6877
600 46.3353 112.273 -0.308642
601 56.5932 113.498 1.45916
602 38.4594 100.554 43.2762
603 28.7817 89.3794 20.0591
604 51.568 113.649 2.72988
605 37.3171 113.158 15.0936
606 37.9944 81.8594 16.904
607 43.7236 86.9366 14.0643
608 27.0334 113.487 27.9108
609 51.6819 105.857 15.9499
610 44.8569 113.141 3.48832
611 28.0302 113.182 13.6045
612 43.0485 105.583 40.2684
613 27.8072 113.311 36.3074
614 47.8199 91.8169 33.6453
615 40.2163 89.6455 22.7334
616 35.7182 113.272 28.2103
617 28.2277 113.24 8.81467
618 41.7198 80.7249 28.3258
619 47.449 102.168 15.6917
620 31.2412 108.402 28.6373
621 39.2434 92.1107 47.7364
622 52.3892 113.546 53.1913
623 66.9902 84.6697 50.4043
624 42.9585 113.432 52.4545
625 61.5128 73.4629 54.0522
626 39.2613 94.2074 48.9602
627 34.8534 96.2021 29.4132
628 59.0022 106.424 60.016
629 39.0583 79.4373 25.9187
630 31.8745 113.272 38.5401
631 60.0305 113.772 46.1103
632 55.2332 95.7039 55.371
633 73.1059 113.846 52.7098
634 55.149 81.4348 28.7307
635 41.8093 91.0456 52.3104
636 48.5445 113.968 44.4018
637 20.5347 113.336 49.9804
638 40.669 101.456 41.9761
639 36.6268 90.1669 75.9741
640 20.5145 113.559 82.2853
641 37.1479 92.5271 77.4577
642 42.9346 109.655 72.7794
643 46.9354 113.796 47.6922
644 53.4054 68.1961 59.8036
645 63.2209 113.892 72.5763
646 71.2338 113.954 60.1892
647 26.7095 92.8552 69.3982
648 42.267 95.5712 73.6737
649 30.892 88.3767 77.5893
650 44.9968 104.634 71.6212
651 39.9744 113.396 78.5919
652 27.3058 112.911 83.7414
653 50.6928 113.422 105.18
654 40.8261 100.456 71.7874
655 42.9581 113.499 65.1543
656 38.9492 101.074 81.4803
657 43.2829 77.3723 65.5666
658 51.0023 113.627 79.9037
659 22.1163 83.4623 79.0241
660 31.048 104.155 80.9654
661 19.6923 101.242 84.5504
662 36.0712 108.096 71.6334
663 47.8114 113.415 83.3329
664 59.4839 93.1324 62.0006
665 26.9584 94.8073 80.2881
666 40.971 113.851 60.2841
667 35.6546 100.965 114.688
668 46.6238 81.2306 108.243
669 46.6078 89.0653 89.508
670 50.2657 98.349 97.6347
671 56.7247 113.864 87.5602
672 48.9679 91.585 110.246
673 58.9998 94.1647 103.903
674 30.6086 92.4785 114.303
675 29.8676 91.2478 84.7321
676 40.4713 113.648 104.947
677 35.2584 113.061 96.1036
678 24.4248 113.018 102.482
679 61.4752 78.6366 85.1628
680 45.7448 79.5927 98.2191
681 35.8509 113.071 91.202
682 60.9273 85.9562 89.5754
683 42.67 113.651 85.1682
684 24.4054 113.258 100.15
685 40.2142 106.154 114.89
686 63.8747 101.496 115.036
687 55.088 99.8573 114.713
688 56.7277 96.5282 94.8103
689 52.5023 113.642 105.092
690 30.4932 113.429 99.6574
691 88.7385 0.0144471 16.3651
692 73.1637 24.4263 17.2084
693 54.4331 18.8057 15.4021
694 71.9233 0.445052 20.5266
695 67.7976 0.0238644 25.1132
696 66.9168 8.93379 -0.112273
697 72.7144 0.313533 16.2008
698 81.9425 25.6057 0.381174
699 62.4909 -0.678224 31.3226
700 63.9376 0.264765 10.1697
701 68.746 11.5335 8.16507
702 81.8972 8.65419 6.61966
703 78.4741 26.3957 0.283266
704 54.6838 12.6714 -0.190719
705 64.9143 17.0584 4.48353
706 64.7443 22.9562 -0.124173
707 68.326 33.4908 12.4671
708 61.3036 5.69819 25.3847
709 62.5897 15.1462 32.8484
710 74.6165 30.9538 41.7417
711 69.942 22.5358 64.9155
712 63.6662 18.8986 34.2146
713 78.8228 27.6251 36.8977
714 93.0511 25.3547 42.9056
715 71.54 25.6388 38.8502
716 60.9706 13.0852 55.9865
717 80.5658 26.6016 40.1342
718 68.1676 0.0703203 17.8311
719 59.9248 18.8671 26.5425
720 55.0188 13.9812 42.5341
721 82.7253 -0.0924156 53.9107
722 82.272 31.7485 61.3453
723 38.7141 25.9266 36.8942
724 62.4353 25.3018 30.8949
725 60.2797 34.2202 73.6596
726 66.6383 7.01635 72.0609
727 83.1836 9.32898 70.512
728 80.4037 -0.0162177 76.2016
729 71.036 23.5919 80.4847
730 68.0691 -0.312504 67.0343
731 78.7067 -0.193687 71.4179
732 68.1237 10.7305 88.5203
733 64.1454 11.2088 65.9917
734 88.0425 10.1734 99.0732
735 66.1349 34.6614 84.1657
736 88.3351 10.2604 73.9257
737 58.51 -0.243263 80.9327
738 67.9154 19.463 82.0947
739 78.8647 -0.037562 63.7664
740 58.6581 -0.605136 56.0538
741 63.4738 -0.0251548 67.3285
742 61.5435 51.8889 71.8103
743 67.6905 26.3658 77.1251
744 86.0015 4.39535 108.006
745 100.21 0.313173 93.9766
746 73.2642 6.08073 103.163
747 86.993 21.5196 114.872
748 81.031 13.093 105.62
749 93.8142 18.4819 100.45
750 61.8498 22.7951 109.712
751 67.1551 0.19759 107.623
752 96.1937 24.0657 99.408
753 80.4193 21.2617 86.3067
754 71.2799 30.8335 100.957
755 59.7681 22.1811 102.719
756 59.2152 19.3244 114.663
757 73.9675 12.4703 104.826
758 70.8181 28.6455 105.134
759 83.7117 14.717 102.805
760 60.1523 12.44 109.957
761 74.0047 26.5906 77.4045
762 73.9077 16.0072 112.243
763 59.85 -0.480525 101.32
764 51.9922 15.718 114.455
765 77.1951 46.4049 0.228908
766 51.6212 48.8398 12.0733
767 72.8727 61.605 0.248936
768 72.3144 52.5547 16.686
769 54.7123 57.9011 0.0129643
770 60.3724 43.4607 10.3296
771 55.9934 53.3257 8.6449
772 69.7569 48.1009 15.9326
773 66.2035 48.9993 6.46086
774 72.7584 47.2743 -0.00930773
775 87.4483 49.9126 0.303204
776 61.2097 13.4262 18.7844
777 63.9184 44.3922 10.4498
778 53.7759 55.5795 21.3539
779 86.9242 38.109 9.50558
780 74.5065 47.6615 2.56292
781 89.6342 52.8636 5.2862
782 70.6944 35.4833 47.814
783 76.3407 15.7947 32.904
784 74.5106 34.559 32.1142
785 64.0589 38.4843 58.7638
786 58.0657 44.2036 21.9986
787 58.0456 32.7249 60.3375
788 82.3305 15.1376 43.5021
789 35.4392 73.2991 41.0802
790 71.3011 40.1324 54.7105
791 81.044 57.5873 31.9313
792 80.3602 47.7121 37.7141
793 86.0099 36.8677 52.2901
794 68.4974 42.556 43.6378
795 80.5061 28.676 61.0012
796 75.837 45.1767 61.2128
797 88.0311 53.0953 71.1382
798 45.2253 24.0982 61.8433
799 76.0222 42.1389 68.9572
800 100.441 56.5678 66.3772
801 63.7883 37.8774 71.562
802 62.9845 63.351 69.9437
803 58.9925 30.6557 86.0624
804 64.1833 11.7781 58.0653
805 61.3015 34.003 77.6803
806 97.1729 58.1803 82.1003
807 72.1418 36.9002 72.3217
808 73.7199 44.4632 94.6143
809 70.1046 46.5327 75.9877
810 76.2885 26.1917 75.2889
811 47.2891 30.7396 75.8477
812 56.4555 40.9311 65.6554
813 71.6978 76.3445 59.5441
814 71.8839 24.0112 76.2664
815 68.1152 22.5733 80.1234
816 76.0557 37.1059 84.8088
817 77.3507 55.3715 71.228
818 69.98 62.9899 66.5612
819 74.0006 41.6329 71.2923
820 75.9152 53.1717 63.4061
821 49.052 55.3897 70.9023
822 69.9365 38.2435 56.7021
823 79.6449 56.4454 106.035
824 74.2569 46.7825 93.667
825 60.5615 45.8476 94.9922
826 72.3067 68.9143 95.4266
827 101.071 48.3657 115.467
828 76.916 31.7091 104.783
829 69.7085 49.2576 80.9999
830 45.4138 31.2754 84.0132
831 78.1506 51.3329 102.684
832 54.9408 34.7433 114.583
833 69.3653 30.0404 114.888
834 71.9291 43.9846 87.1583
835 75.6576 47.1758 107.498
836 66.0912 55.945 101.945
837 85.8292 39.0348 96.2015
838 71.7936 58.883 74.2599
839 80.3272 50.9443 106.972
840 63.0404 37.6289 95.7447
841 67.9562 30.9517 91.8051
842 72.5819 22.8173 114.613
843 76.7667 59.4549 114.56
844 62.4854 72.5443 33.5626
845 67.4552 67.9302 34.3421
846 88.3839 75.0401 0.267811
847 68.118 79.6609 7.16986
848 62.2741 61.6444 9.91233
849 61.4814 64.255 16.3098
850 69.3468 69.5009 18.7447
851 83.2181 77.8457 0.332117
852 88.1405 72.2551 20.3043
853 66.6488 63.6588 8.11963
854 61.8385 91.0209 8.83942
855 81.7916 71.5018 13.7356
856 65.9859 64.0327 26.0017
857 64.9489 73.8604 22.5394
858 73.2376 71.3214 31.4968
859 70.0654 82.0901 0.126485
860 57.0806 73.8121 0.222365
861 59.7697 67.5142 8.54452
862 60.3544 56.8447 11.0254
863 70.2624 55.3567 17.1019
864 79.1304 53.9872 14.3288
865 68.2597 68.2742 -0.115663
866 74.0859 86.0415 0.0221547
867 67.1935 70.0952 76.6623
868 84.6624 49.8595 38.7782
869 80.2458 69.1624 25.1044
870 81.9474 73.9409 48.8916
871 87.9387 73.9404 34.2455
872 69.3795 75.914 50.2372
873 45.6203 86.4988 31.7542
874 80.8701 78.6685 41.8676
875 55.8166 85.6888 49.4667
876 71.3245 86.6216 52.2926
877 64.088 62.6292 53.6152
878 73.4601 71.9852 42.2136
879 92.5503 75.9022 33.0784
880 73.1751 71.7269 36.9419
881 86.6826 82.432 62.1608
882 83.3328 82.7008 62.3309
883 77.8456 99.3349 30.8251
884 68.0042 80.0025 24.4002
885 93.3084 79.2023 42.4995
886 72.8217 87.8272 54.8016
887 83.5268 60.8577 44.1788
888 75.3786 58.5101 85.1458
889 71.2099 73.3524 83.6176
890 67.5359 68.4918 52.6554
891 69.3977 75.3961 57.7049
892 65.3492 70.4536 63.7848
893 63.7145 72.0829 64.7107
894 53.3487 83.6765 46.3502
895 71.3724 70.0153 74.2406
896 82.7006 73.1853 83.6095
897 60.3836 52.9412 52.7138
898 88.0988 43.9477 55.3595
899 94.015 78.6498 50.8285
900 67.4225 56.7097 75.4341
901 78.1579 59.0264 71.8688
902 46.775 70.4412 70.1186
903 85.6893 81.5582 76.2008
904 76.6275 80.8871 54.5937
905 67.8492 89.959 60.1105
906 84.07 75.2855 48.0404
907 61.1379 66.3058 96.55
908 57.8228 83.7269 114.701
909 63.7101 87.4595 114.707
910 77.5536 67.4616 95.5373
911 63.2621 84.1815 91.0153
912 70.7221 74.6551 106.097
913 62.1242 62.7471 114.743
914 71.7593 58.2975 114.879
915 80.707 74.3199 110.207
916 87.8853 69.6349 101.261
917 81.5151 86.8597 103.707
918 74.2087 77.0562 104.604
919 83.8178 66.4913 89.367
920 75.7221 59.1929 99.3146
921 78.7884 69.9877 114.862
922 62.8266 62.9615 96.7286
923 70.6171 86.9811 93.6606
924 67.489 56.1458 106.062
925 77.7488 102.399 18.3452
926 91.9944 114.096 20.768
927 82.0858 109.603 6.34429
928 53.5714 89.4214 10.2502
929 72.1574 113.825 26.6137
930 43.6832 105.921 53.308
931 85.527 113.895 17.9839
932 64.0876 88.4627 5.5953
933 59.469 93.7463 14.4243
934 45.3146 102.667 27.6355
935 58.6931 107.676 25.9226
936 71.7707 107.134 17.5614
937 59.7305 96.3828 27.6556
938 53.2858 113.822 12.6123
939 74.3235 93.4712 0.194047
940 77.6136 97.8994 54.2449
941 69.4082 113.758 37.8729
942 76.1301 113.464 68.9264
943 77.4564 92.5709 50.572
944 60.0439 113.636 61.063
945 94.4165 94.2676 61.3124
946 73.4834 89.115 57.8598
947 56.852 92.8796 56.8931
948 90.8551 96.623 57.3787
949 55.2728 113.899 47.7566
950 67.4668 102.597 48.2362
951 57.8269 95.2947 35.9681
952 83.6809 95.9075 40.8847
953 51.0038 104.638 29.3069
954 79.8947 86.1031 32.6936
955 61.6594 60.9041 65.2197
956 57.3304 113.928 37.6014
957 69.3531 105.311 38.7644
958 79.9327 104.818 48.9444
959 71.4337 96.5189 47.5132
960 81.015 92.8028 52.0163
961 84.0981 95.3097 58.1077
962 55.8764 99.6168 89.145
963 75.567 106.129 71.2175
964 90.3705 108.31 53.7893
965 79.3773 76.8564 64.5195
966 105.782 93.7652 72.5983
967 67.1325 114.144 79.9716
968 58.3605 84.2002 69.9127
969 80.3146 78.7154 76.7772
970 81.1486 114.173 82.7718
971 51.3689 113.537 83.4018
972 69.0838 90.7506 86.3798
973 48.8008 113.742 62.713
974 81.0096 113.931 77.8997
975 65.2617 80.4986 74.0256
976 74.7102 114.761 72.8635
977 79.8047 87.5687 82.0923
978 73.9817 88.8985 70.9447
979 63.6002 113.775 65.933
980 61.275 105.507 92.9033
981 57.7065 76.976 43.7621
982 79.9669 113.672 101.206
983 67.849 101.82 115.002
984 78.8149 104.504 92.0803
985 58.5953 113.724 107.532
986 78.7517 96.6476 115.035
987 64.115 99.1501 88.5961
988 61.4807 105.144 114.76
989 71.7297 97.3076 103.42
990 64.3391 92.5289 76.7036
991 82.9691 102.556 96.123
992 62.172 84.082 99.8138
993 62.7497 86.8626 91.1909
994 80.7823 90.559 93.7669
995 53.4881 91.3334 102.557
996 93.9626 111.997 115.061
997 66.0364 105.042 89.4026
998 61.1665 93.1061 85.0213
999 63.2308 105.973 101.08
1000 75.7981 99.2767 88.8633
1001 61.2965 82.5266 114.719
1002 73.927 107.592 103.231
1003 75.5281 113.786 83.9738
1004 78.922 94.3174 93.9494
1005 69.0789 98.3259 91.0903
1006 57.8963 90.6331 114.579
1007 58.7899 113.892 102.457
1008 115.109 20.7754 6.74619
1009 115.05 24.858 32.6021
1010 97.879 32.0512 0.166716
1011 110.968 -0.850989 29.7277
1012 99.6377 0.601592 20.7427
1013 89.168 20.0667 15.5418
1014 104.082 22.0657 0.698793
1015 105.394 17.7928 -0.164205
1016 104.29 8.13366 0.119692
1017 94.6379 1.27387 1.04276
1018 105.204 10.0086 4.87365
1019 114.858 8.82879 37.0719
1020 107.114 37.6866 40.5352
1021 82.9677 18.3998 3.87352
1022 114.871 16.1028 37.0887
1023 81.6353 22.6838 21.7351
1024 92.4462 28.0169 56.6532
1025 103.203 0.18512 21.5936
1026 104.131 9.72369 55.7569
1027 78.3854 12.2595 60.2464
1028 114.045 0.971073 61.1809
1029 96.9647 30.1381 20.1813
1030 114.727 22.3985 63.9453
1031 114.634 22.9034 51.819
1032 114.813 37.4266 59.6655
1033 115.118 17.61 17.2912
1034 114.733 36.5846 51.5726
1035 80.1805 20.94 39.368
1036 99.9727 0.390753 37.8128
1037 84.4309 21.0019 42.1103
1038 101.091 0.14645 44.0933
1039 114.835 11.2659 47.7828
1040 114.793 27.7139 51.2061
1041 115.007 15.7346 41.5367
1042 114.508 29.4691 54.0693
1043 91.0562 14.8195 25.9278
1044 114.777 21.2518 36.3584
1045 78.7385 -0.20701 41.2487
1046 72.02 33.3687 22.2886
1047 88.3322 30.6961 67.477
1048 103.644 0.755863 73.158
1049 114.431 55.5031 68.2735
1050 111.07 0.165348 68.6907
1051 88.0888 9.30837 77.7717
1052 104.888 0.270706 69.0412
1053 114.52 31.888 82.2248
1054 114.956 6.21356 65.0236
1055 91.1302 -0.170109 61.476
1056 89.8453 35.0976 91.2547
1057 114.446 22.6586 68.7765
1058 106.762 0.100771 71.6852
1059 93.1835 22.8714 79.5522
1060 114.62 15.4362 78.7374
1061 99.951 0.516621 57.6076
1062 88.6526 16.3845 62.3518
1063 114.789 15.1479 71.2658
1064 104.788 12.1747 70.4939
1065 109.051 12.8129 77.8571
1066 114.948 13.4697 65.1381
1067 111.5 0.373983 80.3904
1068 114.793 22.5974 58.779
1069 106.566 0.0743174 88.9728
1070 114.722 20.0154 70.5394
1071 82.405 35.1097 86.8043
1072 91.4602 5.33128 84.4706
1073 114.425 4.9421 100.199
1074 108.711 16.6096 104.716
1075 96.4833 0.132306 86.5476
1076 96.7358 20.1791 85.276
1077 112.296 26.4056 115.87
1078 114.427 18.199 94.6328
1079 95.9372 25.7994 95.789
1080 80.4245 4.22061 98.0841
1081 98.5064 -0.0656159 103.648
1082 102.867 0.28706 89.0687
1083 114.297 13.805 112.595
1084 113.44 9.16678 113.814
1085 102.919 5.31179 93.9752
1086 114.587 9.27732 112.585
1087 89.0951 40.877 0.161315
1088 102.821 39.8314 11.1624
1089 80.5036 49.1662 14.1095
1090 81.0255 39.3808 15.8571
1091 94.9153 33.9413 12.5934
1092 114.696 42.0606 26.9075
1093 114.554 48.6268 35.7964
1094 115.076 49.1974 4.35826
1095 109.297 17.5487 17.1035
1096 102.775 41.981 22.2065
1097 102.943 47.312 0.523475
1098 103.75 44.7888 21.224
1099 104.823 50.3506 8.92366
1100 96.7818 34.5702 42.1128
1101 98.9379 58.4919 0.157737
1102 114.524 58.3407 15.034
1103 114.822 39.4092 18.4131
1104 86.0579 70.8277 36.2016
1105 94.3541 12.8382 55.4049
1106 114.395 43.531 66.4526
1107 106.846 37.9172 27.7965
1108 97.4227 41.3723 60.7818
1109 114.513 46.4953 50.317
1110 106.49 48.5241 52.5285
1111 101.662 60.4588 50.4682
1112 79.1971 49.525 30.3458
1113 114.315 46.4203 40.8326
1114 93.7912 34.183 45.5191
1115 92.5864 34.1032 62.4407
1116 92.6663 37.3667 29.9384
1117 112.383 47.7776 34.9422
1118 75.6387 46.2996 68.7426
1119 114.61 34.1869 35.8347
1120 94.5864 43.0394 31.0225
1121 106.743 34.7377 37.5198
1122 108.708 49.0196 27.0494
1123 99.9527 70.1157 84.0611
1124 87.4186 21.5454 77.7951
1125 113.854 38.9274 79.6799
1126 80.488 34.5811 51.6872
1127 114.163 55.6429 78.9167
1128 100.527 15.1076 75.6993
1129 81.9779 35.8046 81.1961
1130 92.6009 31.6414 69.1371
1131 114.542 51.2031 62.3548
1132 91.6217 57.8454 87.9997
1133 114.457 34.9848 81.2409
1134 114.381 43.5725 76.5185
1135 114.382 41.2395 58.159
1136 85.2523 26.9113 65.5792
1137 96.4501 46.4513 82.9733
1138 78.3899 47.2034 62.1886
1139 88.075 49.8069 76.1347
1140 114.318 41.4485 80.5602
1141 114.247 44.2963 74.759
1142 114.475 38.8666 72.1907
1143 102.731 45.2436 64.1585
1144 88.5241 14.2067 88.8842
1145 100.421 40.9563 95.2867
1146 114.084 65.0162 76.84
1147 113.908 48.8555 91.1847
1148 88.2828 62.0976 60.5224
1149 114.44 51.5736 64.814
1150 108.729 47.5161 55.7636
1151 92.4032 51.1706 79.6479
1152 96.658 46.1443 104.903
1153 105.765 53.0388 91.9631
1154 94.0454 29.8852 102.909
1155 97.3618 51.1888 115.337
1156 114.041 58.0943 97.5365
1157 114.216 34.8859 83.695
1158 101.997 41.6315 115.047
1159 105.62 67.3061 98.8717
1160 113.976 37.4666 107.209
1161 114.071 50.9765 95.4151
1162 82.6172 21.1782 89.5274
1163 95.441 40.6977 115.015
1164 112.52 46.043 114.889
1165 93.714 55.4462 114.794
1166 91.3344 61.9938 114.937
1167 80.3824 43.3374 96.3602
1168 93.9632 32.6784 100.683
1169 114.384 67.6985 28.239
1170 114.715 60.7393 15.9041
1171 86.5177 35.6206 26.416
1172 100.631 64.4758 18.684
1173 114.544 67.5391 21.2569
1174 108.589 58.86 12.9953
1175 75.9471 80.1511 26.9111
1176 87.7495 79.4712 20.5853
1177 96.7377 69.7605 21.7083
1178 82.3887 71.9884 0.257419
1179 100.722 57.3188 13.7764
1180 114.087 85.5176 14.4526
1181 114.204 83.3423 25.7127
1182 85.1529 83.5759 18.746
1183 114.424 86.2316 5.24556
1184 94.4193 79.2354 0.459772
1185 74.4039 78.8771 0.0386922
1186 90.2499 73.9807 6.92712
1187 88.0348 71.2682 28.3909
1188 114.322 64.748 26.7947
1189 88.8267 71.3486 16.6
1190 105.046 69.8448 61.1958
1191 96.258 74.0645 51.7067
1192 105.671 83.1581 40.7367
1193 84.0492 57.7857 45.5007
1194 106.913 89.8245 57.2934
1195 114.26 71.7647 61.521
1196 101.893 68.7298 53.1791
1197 103.494 86.7641 40.6951
1198 113.806 86.0819 49.2152
1199 97.8993 86.98 37.3246
1200 114.271 63.1164 61.9969
1201 114.221 65.175 42.4039
1202 94.2735 79.7237 40.3424
1203 97.7984 67.4721 38.3148
1204 81.7652 58.0673 52.4085
1205 114.471 57.7443 51.6568
1206 106.374 55.0138 40.3751
1207 114.1 81.6054 35.9047
1208 96.1767 80.2584 37.2471
1209 81.8431 77.4255 38.9274
1210 84.5558 76.4578 51.265
1211 114.29 67.6384 53.5264
1212 88.0484 57.1107 65.9049
1213 89.5925 76.8775 86.9251
1214 87.1989 53.9462 54.0821
1215 86.0312 66.6307 51.6393
1216 98.8669 63.8221 70.1192
1217 113.97 79.7615 57.6721
1218 90.3736 42.0169 76.7587
1219 99.1216 70.9267 62.8906
1220 90.4956 70.8117 100.295
1221 93.783 69.0911 62.7926
1222 83.9159 72.5378 77.0867
1223 114.153 69.6263 77.8664
1224 114.239 60.6601 75.8276
1225 97.8997 73.8484 76.8283
1226 98.2947 63.1269 77.0653
1227 97.9058 58.0267 65.0747
1228 113.887 71.6558 86.3676
1229 94.041 69.8384 74.6437
1230 113.414 87.7763 92.3154
1231 114.198 72.6419 57.4821
1232 93.8842 58.2959 82.7389
1233 114.247 67.5243 68.4128
1234 113.777 92.5812 76.6058
1235 99.4642 58.6128 88.0447
1236 94.656 49.5435 77.3179
1237 107.378 85.2127 90.8366
1238 114.121 67.1174 89.5095
1239 103.786 72.1333 105.339
1240 114.09 60.1399 84.5676
1241 83.6947 65.145 115.009
1242 113.591 71.8632 106.335
1243 84.4882 68.9883 100.51
1244 91.4186 97.2436 85.045
1245 98.1307 70.3609 94.6517
1246 93.7335 76.0777 114.888
1247 90.5432 67.9146 83.8012
1248 77.1326 83.4029 94.1101
1249 113.728 78.6586 86.5043
1250 110.148 57.6362 115.669
1251 113.718 71.5488 98.9906
1252 88.2605 59.7946 92.0666
1253 90.7704 82.3686 104.418
1254 87.3854 67.8182 110.663
1255 107.804 79.8604 115.096
1256 102.391 64.0036 102.899
1257 87.3623 74.1768 101.371
1258 95.6193 72.8707 114.904
1259 97.6503 76.162 115.008
1260 83.837 86.0832 82.3024
1261 89.3237 77.1419 101.347
1262 103.964 58.312 115.137
1263 114.002 79.3436 75.1261
1264 110.294 71.3502 115.468
1265 114.351 87.8876 17.7442
1266 114.326 85.3358 6.9549
1267 114.164 95.3891 8.58193
1268 104.535 101.671 20.0457
1269 82.5882 100.782 21.1058
1270 114.312 90.4417 18.4816
1271 106.254 89.7833 5.6245
1272 92.6291 113.828 16.7182
1273 104.913 95.168 0.314701
1274 109.025 113.779 14.5445
1275 102.728 79.6875 15.8578
1276 88.9477 83.4629 16.5307
1277 89.9541 93.4972 32.711
1278 96.0836 85.5745 8.39455
1279 114.124 99.5895 14.3545
1280 91.7593 106.423 15.8307
1281 114.136 98.0592 19.5172
1282 110.738 93.5466 0.919675
1283 84.8581 113.75 28.9764
1284 113.517 106.781 37.1089
1285 108.096 114.491 28.5716
1286 108.7 114.056 51.8875
1287 114.244 67.7242 35.7808
1288 91.3235 84.6278 55.1481
1289 113.636 102.102 47.6511
1290 112.262 114.116 52.116
1291 103.954 91.2754 49.3797
1292 81.5393 114.197 30.2073
1293 91.1647 91.4022 34.7862
1294 88.1782 113.848 51.6037
1295 113.878 109.262 37.8368
1296 113.973 90.6819 36.4397
1297 102.341 99.0489 48.2819
1298 97.6165 114.096 33.2204
1299 108.092 100.195 23.3957
1300 109.952 95.1005 39.8119
1301 97.4087 94.9378 39.9931
1302 103.87 91.2037 56.9756
1303 78.3661 105.773 45.245
1304 112.053 114.046 89.501
1305 95.3669 100.482 60.4935
1306 81.3966 103.127 63.1019
1307 112.195 114.115 79.5639
1308 92.8787 97.5848 46.3288
1309 113.89 93.4085 65.1085
1310 112.391 114.378 62.0513
1311 113.77 98.3811 86.5792
1312 88.0961 114.051 81.2943
1313 83.4903 114.216 55.5931
1314 80.7961 114.106 93.3477
1315 113.762 86.5337 77.3503
1316 95.8775 81.4256 51.4952
1317 113.598 95.7085 75.821
1318 101.674 90.1009 60.6276
1319 100.454 113.946 71.6945
1320 89.6945 110.389 104.63
1321 107.479 102.012 101.854
1322 111.472 114.662 90.9988
1323 91.0779 104.278 102.174
1324 112.985 104.501 113.502
1325 108.871 95.4502 95.5505
1326 100.991 103.701 102.952
1327 113.334 90.4116 95.8249
1328 82.2085 84.1865 84.5305
1329 83.1472 100.135 97.6716
1330 112.93 104.833 111.578
1331 98.1365 91.3466 115.05
1332 112.946 104.977 109.208
1333 91.1078 101.755 101.592
1334 107.785 93.3047 102.27
1335 113.348 102.483 100.787
1336 108.046 92.7478 91.5179
1337 113.726 90.5341 70.7155
1338 112.889 112.429 99.5573
1339 88.3296 108.876 102.481
1340 100.924 106.468 101.009
1341 89.3308 99.2375 93.4236
