0 9.3698 18.867 -0.118501
1 7.78232 -0.0121157 5.46097
2 11.5477 23.6157 15.0222
3 37.4179 0.145379 12.1979
4 27.3486 3.86291 -0.0967674
5 11.2458 13.6824 -0.230826
6 2.83312 5.82264 7.48102
7 14.2736 -0.0985074 14.2553
8 21.637 11.418 -0.0895483
9 -0.883831 14.9749 1.52753
10 0.817033 10.3364 41.3017
11 8.47075 13.0531 18.072
12 13.3242 16.3351 18.3795
13 10.5696 0.171653 19.8431
14 17.9357 0.784345 23.9913
15 9.41386 20.5098 28.0228
16 0.917802 20.71 58.7093
17 26.23 1.33021 42.7437
18 1.00353 27.7947 49.0921
19 19.3021 17.8888 27.0147
20 29.1902 0.900466 41.5887
21 14.695 1.02732 22.3732
22 26.3918 21.4212 44.9311
23 24.2155 0.849392 26.248
24 0.690649 40.1638 49.1633
25 23.6031 15.2619 57.7552
26 25.1569 10.6037 48.8491
27 1.22639 22.9956 56.51
28 17.4475 16.7339 67.1301
29 20.9101 0.992642 58.192
30 1.02492 22.8885 61.916
31 9.67587 0.542541 64.1634
32 27.9263 24.1077 44.8998
33 21.3929 12.6319 62.014
34 0.989144 18.2044 71.7139
35 27.3956 16.6421 78.6096
36 13.8696 0.971163 56.7738
37 19.7812 18.1858 60.2321
38 19.2732 0.991525 84.186
39 13.2673 1.14574 79.9009
40 39.3675 15.7876 83.9006
41 11.6527 22.1663 80.8484
42 29.301 13.1441 79.6946
43 16.7276 1.1552 87.7339
44 21.3608 1.04932 87.8646
45 25.2601 1.15865 80.271
46 11.3844 6.08236 83.5054
47 7.02263 1.04417 91.2645
48 30.9074 11.7293 88.8597
49 21.5793 16.7827 113.482
50 25.244 9.95756 122.251
51 24.5119 6.25564 105.375
52 -0.0518562 15.3997 99.7236
53 27.1947 11.6593 94.0483
54 22.9402 9.70759 106.187
55 22.7128 15.0557 98.8504
56 18.4747 16.2065 101.66
57 17.0584 22.863 102.951
58 0.856624 20.4996 69.5342
59 9.39778 15.0662 92.5535
60 -0.81294 15.8039 96.4164
61 16.1121 0.0189457 117.133
62 27.4612 15.1386 122.24
63 20.6105 8.5404 121.793
64 1.44934 0.321492 114.849
65 11.2143 8.7334 117.141
66 24.9419 46.8057 15.704
67 25.2723 45.8671 25.0313
68 19.2567 38.6514 6.99552
69 -0.9113 36.7223 2.00544
70 15.2677 31.6721 20.2287
71 -0.875642 46.4847 1.90101
72 25.551 31.1463 -0.209556
73 22.2291 29.6013 -0.221642
74 17.7745 41.9337 19.6464
75 -0.406868 44.33 16.1807
76 0.199083 45.611 36.2113
77 4.1303 40.3629 13.0679
78 0.905684 31.1489 46.3293
79 0.149509 35.3047 35.6994
80 11.3641 33.56 47.4492
81 15.2337 40.0514 44.7492
82 14.7869 36.6152 26.8542
83 1.13203 34.8405 56.1128
84 5.93331 39.8107 27.7084
85 0.778445 35.4745 49.8464
86 27.1494 31.8311 49.6203
87 22.0619 44.0767 43.6273
88 21.923 32.6889 50.9995
89 1.05758 24.9044 46.7966
90 27.1393 37.4529 52.1892
91 27.1526 38.3007 54.8494
92 1.04651 30.9706 81.6781
93 15.3066 31.1083 55.0518
94 17.1838 31.1905 51.2109
95 25.3019 39.9077 56.073
96 9.05665 45.1128 51.0721
97 20.8166 43.9118 45.9508
98 19.4847 27.6013 52.3398
99 1.06759 26.0289 59.0888
100 21.4803 23.2661 82.1436
101 9.695 37.9536 64.304
102 1.18101 12.9342 71.5235
103 21.3066 45.7312 74.3604
104 31.1894 43.4668 62.695
105 0.987794 35.5705 71.7729
106 21.5626 37.6042 56.2736
107 17.45 31.5105 82.3163
108 23.1645 30.2529 91.2406
109 30.901 26.9037 81.0653
110 13.4465 27.1345 77.1447
111 0.875367 31.4679 84.134
112 25.6345 40.114 79.8605
113 0.477481 30.716 96.3208
114 20.3895 31.3591 107.635
115 23.1523 41.6507 99.0904
116 23.2199 47.3433 91.4763
117 25.1784 42.8838 87.8159
118 0.438415 39.2456 99.2791
119 37.741 47.816 111.23
120 27.1899 26.177 94.0093
121 0.667879 44.3766 94.1249
122 16.2394 30.6928 105.217
123 13.2701 47.4422 95.0884
124 17.5272 22.6247 108.312
125 18.1063 38.4148 109.331
126 24.0838 41.1586 114.828
127 22.313 44.6733 113.717
128 11.6639 39.3773 115.225
129 22.7851 46.3571 118.585
130 8.0494 36.1347 122.0
131 16.5734 46.1027 122.187
132 31.7154 17.7914 122.231
133 29.2522 32.622 117.804
134 32.556 61.3319 8.44984
135 10.0452 57.1492 0.166686
136 19.6582 67.5101 17.9789
137 29.2402 61.904 12.8209
138 1.78091 51.3662 18.9001
139 -1.03066 65.7462 13.341
140 22.2273 37.9941 16.8131
141 13.7283 52.0346 19.5937
142 -0.189092 57.2706 20.1579
143 18.4473 51.5278 19.4202
144 28.2917 45.7906 28.2029
145 12.6099 65.7798 22.8483
146 13.2099 60.2828 11.2118
147 18.9181 63.6078 34.2036
148 14.9282 36.006 32.1984
149 30.7693 50.2826 39.175
150 29.1449 58.9407 45.924
151 4.96001 50.9582 38.2352
152 3.91964 60.8498 57.4996
153 31.2639 55.3718 47.1518
154 35.0347 54.6706 29.258
155 19.0743 62.453 39.5154
156 15.5506 45.757 47.2298
157 0.300419 50.2035 35.9371
158 9.60675 54.8017 48.5325
159 0.973788 69.2979 48.9446
160 23.045 68.7303 36.4616
161 17.6744 59.4906 71.5127
162 21.3403 65.3166 58.8863
163 5.5105 45.8998 59.1738
164 29.2283 62.58 50.8327
165 21.3505 44.9469 56.2476
166 27.4963 60.7112 57.499
167 0.658389 32.9977 41.6792
168 1.27707 58.9112 71.6037
169 27.218 62.0969 67.8739
170 21.5112 58.986 77.0033
171 33.4348 65.2106 66.2755
172 1.23547 56.5278 76.9871
173 27.1059 63.4065 80.7016
174 33.6757 36.9167 90.567
175 0.83472 67.3787 87.1236
176 15.6179 54.1217 88.3735
177 29.3695 58.1131 74.3559
178 23.2596 43.1457 85.9188
179 23.4139 58.4491 80.6124
180 0.950345 50.4598 87.1143
181 7.0361 66.082 101.449
182 7.36691 71.5243 96.2074
183 33.2017 48.2745 82.2036
184 13.3735 59.6295 94.7064
185 19.3113 56.5461 96.5236
186 -0.768226 50.1536 103.476
187 11.6327 65.3077 99.0158
188 -0.0518661 75.355 103.502
189 12.173 63.0974 122.11
190 4.2578 53.7707 122.19
191 1.11713 67.5904 122.306
192 19.4314 66.2298 113.587
193 19.6684 69.8851 122.468
194 -0.693943 55.0214 110.828
195 7.46786 57.4639 122.476
196 20.4761 48.5826 122.044
197 23.5335 47.1267 115.388
198 28.7077 63.4368 122.315
199 -0.589166 68.7253 8.54576
200 -0.659406 88.7484 8.66152
201 15.1709 78.5851 20.9183
202 22.1599 79.2477 14.2194
203 23.5747 81.0169 6.39386
204 18.0654 84.4007 0.151028
205 10.0102 77.1224 -0.0236078
206 23.8334 78.9049 3.41716
207 2.15905 75.7112 11.7321
208 19.3065 63.3674 -0.510002
209 0.733425 84.8885 44.718
210 26.7476 72.3003 31.6405
211 10.7595 88.7051 14.0975
212 31.9676 77.8092 22.8245
213 25.2038 68.2486 22.8697
214 11.4335 80.4547 18.1239
215 30.3542 72.5069 23.9639
216 16.4442 82.326 20.2459
217 15.0404 80.5671 26.7564
218 12.7107 82.8679 20.5797
219 10.7769 63.9333 21.6555
220 12.9862 72.2668 35.6035
221 18.208 84.2417 38.0255
222 15.5273 83.9871 52.5586
223 0.53023 90.8771 31.4117
224 11.7504 85.4074 42.2356
225 13.1591 82.2143 28.1282
226 26.9828 77.772 41.7602
227 15.6458 94.9486 41.8931
228 21.4857 71.9703 43.0485
229 1.12232 82.4689 59.6373
230 21.2891 90.5501 63.7066
231 21.2031 69.1525 40.762
232 1.04965 97.3674 76.3418
233 21.6909 79.9009 61.2578
234 27.1605 60.8815 49.5473
235 15.8113 62.0233 70.1657
236 10.1691 64.4367 58.4369
237 7.71024 70.8903 57.5764
238 1.37304 71.8524 59.0001
239 1.10071 56.2041 61.6443
240 11.6312 66.6512 44.3909
241 33.1949 66.2133 69.046
242 19.8746 62.6232 70.3848
243 27.3145 73.6752 75.5833
244 23.4478 100.912 83.3907
245 1.03212 84.8799 74.4801
246 25.5348 90.5775 63.7214
247 21.4991 62.6273 66.4643
248 29.0973 91.3923 56.2059
249 0.99903 96.7897 60.9236
250 29.3326 66.6874 79.382
251 1.13324 78.7894 73.9543
252 21.3643 61.4285 84.8617
253 13.4758 91.5189 81.8216
254 9.95456 64.9203 74.0676
255 17.5576 84.3014 87.5907
256 22.8564 87.8863 86.3325
257 19.1007 68.7497 96.2874
258 13.0226 92.5687 92.154
259 0.617673 87.9933 91.5737
260 1.09521 76.8902 79.2452
261 5.46643 89.1542 79.7081
262 9.61393 93.1144 92.485
263 19.5957 76.0985 88.7274
264 9.20011 69.3726 94.678
265 0.728333 73.5491 97.3413
266 21.2135 85.736 92.6888
267 0.971062 75.8252 91.8144
268 33.2858 98.0339 92.6781
269 9.37611 75.2487 97.3419
270 0.62166 81.1 94.3661
271 18.1079 86.5259 113.574
272 20.7929 77.9988 122.287
273 -0.49389 72.5364 119.498
274 4.81099 86.6957 117.185
275 19.6309 74.269 105.383
276 24.9753 72.4125 105.492
277 40.6599 83.1426 122.191
278 26.3003 111.977 -0.0549938
279 29.5816 100.617 -0.312797
280 18.7072 92.0886 0.0322506
281 3.13931 113.719 9.22213
282 19.607 114.742 4.27563
283 1.24147 97.7096 -0.165075
284 18.6415 89.5884 31.9486
285 -0.91101 95.5627 13.3571
286 22.9024 113.661 21.5326
287 19.1576 104.179 31.8821
288 7.29188 107.826 37.3573
289 5.45914 106.908 12.076
290 -0.204771 101.933 18.8725
291 20.481 113.814 17.7568
292 0.0129583 97.5269 21.2108
293 29.5 113.104 40.5766
294 26.8748 95.5867 26.8985
295 7.51736 113.607 20.7827
296 29.2817 113.539 16.5241
297 26.6589 93.2639 26.8249
298 20.3842 112.972 43.0697
299 28.7601 85.2399 30.1624
300 21.8741 105.567 56.0115
301 9.10131 113.01 33.2886
302 19.0241 101.762 31.9678
303 7.25537 112.97 37.5694
304 0.817938 108.588 41.8535
305 25.2873 104.308 35.7208
306 19.1668 113.042 36.5442
307 18.4976 101.815 24.2352
308 19.2392 109.091 32.0063
309 13.7527 105.026 46.2403
310 11.4704 109.761 42.3843
311 15.8024 95.722 44.6977
312 21.7493 102.937 48.6049
313 27.336 101.672 47.0954
314 1.03948 89.2444 53.7555
315 5.57796 114.325 87.1876
316 13.6621 103.144 63.909
317 0.888003 105.767 73.6863
318 7.87505 104.391 64.9715
319 9.79208 100.204 76.8717
320 17.4526 113.074 70.9508
321 26.871 106.995 93.4583
322 29.762 112.721 77.2779
323 19.0031 113.218 80.339
324 14.6544 108.014 96.5222
325 23.1686 84.4455 93.8759
326 1.44605 109.233 86.8514
327 1.13454 92.539 91.8346
328 21.3338 87.9146 84.7577
329 26.446 97.6328 116.268
330 18.112 99.4086 74.297
331 16.8784 113.405 92.8962
332 6.93405 101.495 111.78
333 1.27024 105.028 91.0443
334 23.7549 113.634 104.482
335 24.9404 113.804 102.188
336 3.32962 114.017 106.719
337 17.2775 101.317 95.1759
338 26.0601 114.729 121.296
339 31.7428 109.34 122.366
340 -0.511742 102.007 110.677
341 16.7655 105.632 121.978
342 -0.935519 110.741 106.034
343 36.791 13.9565 8.18976
344 26.4898 4.66874 7.09991
345 51.3396 -0.174922 8.90563
346 45.757 16.3189 -0.0246536
347 58.7585 -0.130019 14.2066
348 44.7971 21.5416 1.2056
349 34.5451 12.6846 -0.0590795
350 47.563 20.4901 8.24573
351 40.9247 26.1965 8.10593
352 23.3468 0.426997 23.5559
353 54.2611 0.192278 22.1479
354 43.2349 0.165994 16.7567
355 52.434 0.523688 26.0586
356 48.6444 0.798889 26.093
357 40.9081 18.9103 35.8435
358 33.7834 25.9981 11.4291
359 56.3501 14.191 22.8391
360 34.94 23.8243 16.8136
361 34.1616 0.851804 29.9882
362 25.2514 13.9788 43.2771
363 60.2881 14.029 43.5234
364 52.9098 22.1928 45.8634
365 45.1501 1.0313 57.1168
366 29.2233 15.9317 56.5341
367 29.077 15.0555 38.5509
368 38.5915 9.90601 57.5541
369 41.1339 0.709996 72.2149
370 36.8013 23.7542 59.0174
371 27.2399 13.5504 52.6419
372 31.0994 17.5118 57.8233
373 59.1161 13.0751 50.3352
374 39.3405 11.2774 70.6453
375 62.466 22.5822 67.8274
376 33.9133 19.018 72.1322
377 38.9147 1.10353 76.4801
378 60.5004 14.5727 84.6308
379 43.8446 6.1685 88.9197
380 29.5748 9.95079 85.2152
381 77.8366 0.699264 86.1191
382 41.069 25.3541 79.675
383 41.0658 7.97914 87.6409
384 40.8661 11.4286 89.9683
385 22.1517 0.955278 84.9538
386 31.4472 8.40245 83.6627
387 56.9373 0.402513 102.844
388 29.8728 0.397546 90.2252
389 48.9136 22.9457 97.5452
390 50.4268 21.9965 99.5136
391 52.3747 20.2924 105.151
392 41.8593 0.610649 96.9858
393 53.3679 12.6563 122.309
394 39.4964 5.24114 122.346
395 39.5459 15.1357 122.494
396 43.0906 14.2817 118.591
397 36.1748 1.33617 121.967
398 37.4835 -0.166302 115.355
399 43.7027 17.5108 105.249
400 55.8186 12.4029 122.174
401 44.5898 8.96779 122.068
402 30.3573 32.4969 -0.0414141
403 33.4582 42.9845 18.2138
404 33.3683 41.5049 -0.597589
405 47.624 35.9082 -0.463579
406 53.5407 41.3441 -0.398785
407 45.7066 35.7005 14.4953
408 23.446 48.5554 6.8406
409 45.4729 30.463 11.7418
410 31.3539 28.7326 -0.256933
411 51.5045 39.0435 -0.366897
412 32.1992 44.4584 3.52404
413 37.4649 45.6125 7.81874
414 37.2578 50.2731 18.4173
415 34.7307 33.5199 24.4164
416 48.3267 44.8166 25.4473
417 46.5323 53.1053 16.7885
418 27.652 34.8812 23.6059
419 36.8134 37.5123 25.5492
420 24.5083 40.692 20.318
421 34.7483 20.3099 29.4279
422 30.9913 31.8455 49.7472
423 54.8726 26.6114 39.5197
424 52.6837 45.7972 28.0429
425 38.7834 36.7204 26.733
426 56.6622 30.4285 40.9227
427 58.6401 27.0647 42.039
428 40.3101 31.2251 22.6121
429 48.8765 45.4299 43.0625
430 40.6854 42.7713 35.4051
431 60.343 27.6615 40.7005
432 31.0517 28.8006 34.2011
433 50.7814 36.3003 47.1423
434 33.2671 24.0817 58.9928
435 37.0387 21.1384 50.8261
436 48.8697 48.7605 68.9517
437 33.0257 31.0422 51.1154
438 42.9182 53.9113 81.0916
439 39.0219 42.5489 75.9034
440 61.6186 48.3955 67.4412
441 41.1528 27.7019 63.7932
442 46.6233 28.6326 62.5633
443 29.3601 36.2702 66.8759
444 37.0574 31.9663 77.2363
445 36.9585 31.3901 66.8472
446 43.0116 19.7576 73.3061
447 50.9659 25.8804 62.6126
448 46.9 19.5947 73.051
449 35.0865 39.1005 73.0412
450 45.022 39.172 53.5855
451 39.0535 35.8473 70.4053
452 37.4051 53.3488 84.6001
453 47.0464 54.5282 75.4194
454 29.18 38.5122 58.8047
455 48.8549 21.9632 77.0708
456 23.3519 44.2747 73.2526
457 52.2046 34.1881 66.8552
458 37.0897 22.4317 77.4251
459 32.9444 47.9151 89.9551
460 62.698 54.5004 91.148
461 44.8324 40.3476 71.943
462 54.8192 30.9822 86.1291
463 45.2807 47.7502 89.7886
464 56.6065 29.9139 87.5306
465 38.8422 33.7895 96.4332
466 52.4096 29.3389 100.413
467 38.5457 21.8095 104.281
468 44.7964 42.6452 97.624
469 38.6707 24.8227 106.573
470 24.1057 43.7963 115.02
471 39.2179 46.8086 99.525
472 51.6272 38.8797 113.186
473 40.8798 39.9244 117.457
474 31.667 27.6163 122.483
475 40.6185 28.7091 122.019
476 50.3356 49.78 106.998
477 53.6874 46.4641 112.919
478 56.6405 28.4985 121.916
479 43.242 44.9638 108.631
480 33.9106 55.0998 0.0336452
481 46.1203 51.8514 14.1136
482 54.4849 69.7161 0.125301
483 41.4792 58.1268 21.8205
484 24.6607 42.9126 27.5864
485 28.9748 42.67 33.2894
486 32.5497 62.708 35.4314
487 36.4607 68.5183 30.5548
488 50.7852 57.6646 24.2391
489 54.5954 62.5898 24.0677
490 38.5092 64.239 29.1965
491 42.9792 72.0981 21.6987
492 40.5581 62.169 25.6944
493 46.524 54.4746 44.3386
494 38.7042 42.2315 29.0872
495 43.729 58.9278 31.8065
496 52.9251 49.8481 48.3783
497 36.4997 63.4962 30.457
498 29.0643 69.1291 40.6924
499 28.8966 67.7007 35.4812
500 48.8704 57.3712 58.3916
501 37.1084 53.4064 61.1616
502 40.7817 52.4341 42.7803
503 39.0477 58.7583 57.4801
504 39.1441 59.0242 51.8788
505 42.891 58.4971 49.6231
506 60.6396 74.2045 63.8881
507 46.9669 63.423 72.83
508 31.5732 58.4637 65.0811
509 49.105 57.0085 79.5022
510 23.603 55.5249 70.4139
511 33.4402 60.9765 76.7384
512 38.7399 55.8508 55.1867
513 39.1952 55.4551 70.2961
514 39.1686 60.2099 78.1473
515 31.0489 60.8912 80.7845
516 43.0269 61.6742 83.5226
517 44.8657 70.1581 89.7711
518 43.1248 64.8558 70.2154
519 52.8196 55.9748 92.4667
520 43.0517 58.5922 81.1031
521 42.7735 60.1477 101.483
522 70.1934 57.6906 70.2166
523 66.4743 57.0602 67.5173
524 38.6495 51.1014 104.053
525 45.2031 50.4463 122.049
526 35.8817 53.883 105.51
527 51.2198 62.5279 106.966
528 38.575 58.9599 98.9418
529 29.3757 57.3313 107.917
530 42.6346 60.9674 96.3919
531 31.5457 62.4135 122.615
532 35.7366 67.0592 112.418
533 49.0619 65.7999 122.135
534 27.0071 53.1336 102.353
535 45.6123 60.9323 110.128
536 56.5175 49.5251 117.404
537 41.4816 88.1446 -0.110412
538 45.6864 83.3002 -0.27265
539 37.8937 71.8674 19.2868
540 49.9483 56.1212 16.9794
541 54.9089 87.2872 9.13043
542 25.0285 79.7675 12.8006
543 27.3757 73.144 -0.539911
544 46.5173 74.8834 24.0579
545 42.8369 82.1365 31.3145
546 55.0307 76.1594 26.6126
547 41.6297 102.926 17.7989
548 34.9188 74.8538 23.9004
549 50.76 73.8346 19.3196
550 50.721 86.7016 21.5891
551 52.9264 96.4428 17.9254
552 42.698 91.9121 21.679
553 45.0681 87.8622 37.8844
554 56.6419 74.9299 20.211
555 48.9811 68.4337 37.9632
556 24.9517 64.0233 32.8233
557 32.6249 88.8169 40.6499
558 44.9973 81.3265 32.5565
559 62.679 75.4631 26.3312
560 35.1505 77.9194 41.6844
561 37.2628 81.3445 40.5666
562 50.7019 72.7737 31.7696
563 62.6145 92.1241 31.5881
564 36.5474 84.9529 43.3064
565 52.8497 65.7205 37.9149
566 32.6519 86.3944 40.6123
567 42.9763 94.5245 47.236
568 46.9772 90.8163 67.936
569 41.1075 74.1876 40.635
570 56.4604 67.3721 58.5971
571 27.0661 63.3157 41.9596
572 56.8257 65.0469 50.6848
573 48.9342 79.6679 35.3601
574 41.2096 59.5914 48.3384
575 34.3673 78.4265 54.8007
576 37.5163 59.0296 55.9545
577 29.0154 88.9328 40.6419
578 36.7679 78.4087 48.2557
579 64.3678 79.856 61.1365
580 60.2591 91.3423 66.1934
581 54.7604 92.4611 65.0149
582 41.2122 92.5372 69.021
583 46.8774 72.172 62.4079
584 31.2942 86.5573 67.9575
585 31.3183 68.0076 72.8894
586 37.524 92.2871 68.9091
587 56.792 72.7003 90.1062
588 21.0917 90.7433 92.6338
589 29.1405 79.8781 97.8894
590 45.2882 84.0769 74.1773
591 40.9327 71.0626 92.466
592 57.1945 76.3579 84.7867
593 52.558 93.1023 85.1006
594 17.5838 87.5741 84.4753
595 33.0033 64.23 95.0497
596 49.3807 87.1298 103.335
597 35.9564 73.9945 115.618
598 40.6164 77.2579 97.5826
599 62.3337 76.7865 99.2383
600 42.7607 75.0895 93.9588
601 50.719 89.5163 100.08
602 44.1329 72.7563 107.603
603 48.9523 100.735 107.746
604 68.1733 78.4397 92.7316
605 34.5902 69.2766 93.5766
606 58.6847 81.2284 104.365
607 48.7326 53.8303 100.434
608 40.8158 76.3245 94.9778
609 34.0592 75.6564 117.838
610 42.2415 94.685 108.933
611 56.2278 80.5168 114.765
612 45.3918 93.8986 108.516
613 42.3922 74.7863 116.053
614 42.2429 77.7468 116.251
615 64.8079 78.0666 122.31
616 35.474 102.84 -0.145708
617 36.3012 113.537 0.712212
618 54.8385 114.759 2.03774
619 30.3456 91.7619 14.1293
620 51.2613 114.004 5.24053
621 42.5669 102.162 -0.013205
622 59.4228 103.732 20.5839
623 44.5375 114.364 10.4855
624 43.9315 95.4042 22.0015
625 30.397 114.687 2.12313
626 41.1386 99.8308 11.0049
627 42.6912 114.087 13.7593
628 35.1015 87.9142 33.9986
629 31.0652 104.085 31.3727
630 38.4934 108.243 19.2483
631 34.3761 80.2007 16.6601
632 26.3923 103.634 21.5595
633 47.776 113.265 31.6719
634 36.8417 92.4159 20.3846
635 42.9118 103.598 29.1958
636 62.0791 113.295 24.1813
637 26.7193 92.134 31.8202
638 60.6378 103.909 43.1458
639 51.121 109.062 39.2225
640 57.7039 112.799 54.3955
641 36.9571 86.8315 35.355
642 61.3363 113.542 56.2177
643 33.4022 108.606 42.971
644 43.1906 102.564 42.0136
645 38.3817 112.711 50.8244
646 39.1123 100.613 44.4369
647 45.1184 102.01 43.276
648 30.4381 112.765 58.1547
649 36.1044 113.038 77.4461
650 32.4824 113.188 61.0794
651 25.4572 112.867 63.1936
652 52.7242 95.102 76.8488
653 49.6716 112.985 53.4467
654 23.8976 100.82 67.7524
655 33.2607 97.409 76.9161
656 72.5594 101.803 66.608
657 21.4193 90.1931 77.0016
658 50.6501 95.3268 80.9813
659 49.0774 106.352 81.8417
660 19.3522 94.3371 85.9706
661 39.3761 109.675 80.278
662 35.3681 112.845 82.5931
663 49.4847 113.405 86.6404
664 41.1589 113.299 93.9392
665 35.161 93.4166 83.6077
666 48.7416 113.246 94.4941
667 48.9422 84.1547 82.0346
668 51.3105 102.26 88.2997
669 31.5143 102.885 67.4346
670 41.2472 91.0384 79.6211
671 39.0148 100.988 90.9483
672 36.9068 103.254 100.311
673 44.9388 113.134 94.0577
674 35.2838 82.7379 103.943
675 43.8908 109.02 108.245
676 56.9631 103.159 94.8326
677 32.3069 114.21 103.196
678 56.9833 95.5489 92.605
679 28.6332 114.315 109.938
680 33.6103 87.194 122.555
681 48.8189 95.8161 107.972
682 40.7269 104.788 119.353
683 43.6292 87.0249 122.532
684 48.1954 114.558 118.848
685 24.9854 105.619 121.841
686 20.7281 114.208 116.834
687 41.8671 109.573 122.303
688 64.0822 101.052 109.632
689 57.7548 96.8419 122.104
690 50.7642 113.999 113.418
691 68.8077 0.0541085 4.15075
692 70.6687 15.1777 0.101972
693 83.6841 16.0348 11.281
694 83.8887 25.4736 7.73081
695 61.806 13.7778 -0.259326
696 55.8326 22.5523 22.5413
697 62.8808 0.381863 14.6704
698 64.4201 19.7226 17.7157
699 62.2538 21.5437 11.7857
700 56.9077 0.886096 33.9707
701 70.8741 14.2189 32.3601
702 85.6875 0.595831 19.8681
703 59.9695 12.7136 15.8651
704 69.2006 15.5268 20.1256
705 74.1283 20.9769 -0.117737
706 62.4283 14.6187 42.2119
707 66.5259 11.2225 45.1055
708 76.5594 26.3876 35.7052
709 87.9074 24.9188 54.0445
710 60.6146 31.1184 43.2193
711 54.8006 0.8111 37.5743
712 56.9626 18.8575 43.2809
713 71.8156 0.871654 38.9424
714 74.475 17.5751 34.5168
715 66.5571 15.4362 52.4243
716 60.8277 16.9957 45.9729
717 54.3586 1.0097 60.5372
718 78.2557 22.6886 44.5991
719 62.7921 1.10585 68.3339
720 78.5377 22.4857 81.2444
721 79.2484 1.1237 77.6543
722 67.2889 0.92963 65.707
723 64.2384 12.9643 64.1423
724 76.2936 1.00809 82.0126
725 78.389 23.8884 70.7084
726 64.6632 13.7927 66.5982
727 68.4961 14.7832 84.8027
728 50.7948 17.8039 91.4101
729 72.5079 1.12452 80.2594
730 62.6153 18.1917 83.6066
731 51.7842 0.972079 81.0657
732 86.7514 0.300032 106.731
733 74.4855 0.123032 114.031
734 89.3641 0.208431 112.064
735 87.7856 20.0857 122.7
736 84.5792 29.9528 117.362
737 59.3125 22.6712 108.981
738 67.3193 -0.0600475 108.562
739 90.1907 17.4812 97.4891
740 67.052 27.5405 123.175
741 61.6167 12.7555 122.364
742 70.0739 10.6133 111.129
743 87.1715 18.0038 108.776
744 56.9261 1.42181 122.083
745 80.6218 6.2327 122.052
746 63.9231 -0.0674631 104.879
747 63.8439 14.9845 122.363
748 75.784 26.4587 -0.54642
749 73.8555 43.5279 -0.343082
750 96.1842 43.4351 -0.828117
751 81.929 32.4154 15.8629
752 71.6903 31.2008 -0.501885
753 61.7648 23.8591 -0.442384
754 67.7242 46.7781 20.3782
755 54.5491 39.846 21.6358
756 56.7881 41.5745 22.7404
757 42.973 23.4716 24.2645
758 65.7146 18.2389 26.8286
759 72.8498 42.3706 32.9457
760 56.4157 28.5206 51.0476
761 74.2441 33.7631 31.8506
762 58.2885 33.8691 33.9956
763 80.0469 19.9706 61.7808
764 82.2874 53.7182 41.6087
765 56.8529 34.8993 55.9526
766 60.9334 34.2648 53.4081
767 64.9671 38.8126 53.2538
768 89.8107 9.58307 50.0333
769 80.6418 43.0146 43.0983
770 90.4066 43.2679 54.6607
771 78.3458 24.588 49.6876
772 88.0438 37.795 64.2938
773 74.5385 29.7722 75.4829
774 70.5141 45.5303 78.1148
775 56.6606 30.3358 56.411
776 66.4552 25.3242 67.8668
777 66.5173 39.1365 80.695
778 78.653 45.6945 62.5199
779 80.5726 35.2014 56.3193
780 76.5545 26.3649 58.9451
781 72.2579 25.1468 79.6748
782 66.5996 39.9847 67.8417
783 60.7062 43.0843 89.9165
784 68.4818 13.8433 82.1443
785 76.2587 34.8056 77.4279
786 66.6344 23.4082 78.0048
787 72.9429 36.7068 92.6718
788 58.6951 42.1713 91.0886
789 58.565 47.6182 83.7968
790 70.4001 25.0169 83.2126
791 82.0386 58.1267 78.2762
792 62.556 50.5865 78.1274
793 66.2555 20.4976 83.6023
794 56.5902 28.3082 105.464
795 57.1423 39.3115 102.653
796 62.1859 36.7821 118.803
797 96.7733 20.5745 102.63
798 70.9847 36.9946 106.269
799 63.0961 52.6203 106.843
800 87.4914 30.9821 102.171
801 76.4884 21.2003 98.01
802 72.6974 24.3506 92.6397
803 64.6326 39.9141 87.4427
804 53.4487 35.0334 122.205
805 72.4948 31.2792 122.1
806 49.0514 30.2536 98.4011
807 71.879 29.346 109.083
808 57.0464 33.5833 107.836
809 80.2663 32.2809 122.468
810 78.9719 44.9059 -0.109276
811 67.704 53.5346 -0.435062
812 75.7525 53.6394 -0.487501
813 61.3063 56.8035 22.6604
814 59.874 59.9277 12.2994
815 69.1684 52.6282 5.63762
816 72.0797 63.7826 17.2061
817 90.5077 65.5178 18.5459
818 71.3216 57.6231 7.56962
819 77.7672 60.2114 7.65071
820 83.3051 46.8121 13.7242
821 63.3773 53.9977 13.8707
822 59.5415 58.0655 14.4885
823 58.5572 64.9928 31.5981
824 63.5923 77.1783 22.8438
825 62.3853 62.7801 31.6162
826 61.7249 58.5485 14.138
827 61.9346 55.384 14.7498
828 80.2468 72.4477 43.0787
829 86.5954 54.4491 36.7739
830 76.3077 50.5063 43.3541
831 82.2576 54.0343 44.2204
832 58.8044 70.7872 34.121
833 82.4773 52.4666 31.3759
834 64.7938 64.797 35.1998
835 62.0037 76.0988 31.6028
836 80.741 66.7651 25.1891
837 82.0457 59.3314 44.2744
838 76.6456 55.366 42.9843
839 86.0826 48.8357 80.7249
840 62.6702 57.8449 54.8762
841 66.4852 71.4166 59.9129
842 62.6478 50.9353 64.8502
843 62.3618 54.7065 70.039
844 76.3375 60.0768 66.2579
845 82.3192 61.3201 51.9117
846 74.0523 57.4393 67.9647
847 64.8081 53.1983 66.4072
848 78.0976 61.4032 59.7126
849 62.5552 48.3265 78.2098
850 84.2801 55.1993 89.8186
851 76.0178 68.7384 77.1148
852 74.4088 62.9504 86.05
853 70.6403 54.1993 75.6024
854 58.7845 38.2032 70.3023
855 72.2212 57.772 74.025
856 74.68 46.7179 96.5625
857 74.3198 53.6754 88.4872
858 86.2824 61.4708 88.8757
859 70.4877 49.2993 98.7602
860 55.4353 67.9194 103.789
861 66.2854 52.077 101.344
862 69.7904 68.921 108.8
863 68.61 45.0295 112.268
864 60.5554 54.917 89.56
865 87.9471 47.9312 107.286
866 72.3146 56.0115 84.6511
867 66.6132 65.1648 101.965
868 89.3324 63.1389 112.649
869 91.1856 55.18 108.842
870 84.9533 45.8306 122.068
871 68.6669 65.6097 122.008
872 73.9907 59.7435 122.231
873 89.886 65.1604 107.745
874 92.1567 59.7828 122.398
875 84.1298 54.6729 122.403
876 84.2951 82.8798 7.79909
877 67.9684 72.0102 8.61828
878 91.0792 84.4448 -0.00138289
879 64.3622 91.3774 15.614
880 65.9352 90.6113 -0.267985
881 68.1776 80.709 -0.626815
882 62.0025 84.9857 11.6144
883 69.6732 71.0917 10.3825
884 65.9975 73.6021 -0.36199
885 66.9399 95.8111 11.7143
886 67.0488 73.7124 26.4976
887 65.9235 69.2975 9.13745
888 89.1833 65.8044 8.11291
889 68.9724 78.1513 22.6058
890 79.0159 72.6496 24.0691
891 67.9061 93.7979 9.22198
892 68.6005 73.1432 38.1538
893 66.3944 73.5541 34.4341
894 88.3226 73.0849 38.1284
895 70.2662 72.3211 31.5561
896 82.7113 71.5298 36.8032
897 78.477 71.8182 44.4993
898 88.9852 84.8221 20.1763
899 72.6533 65.9324 30.2947
900 80.5095 87.2929 45.7231
901 74.2958 93.4467 44.4495
902 68.3949 72.6257 50.9502
903 68.0531 91.245 66.0898
904 77.9666 84.2854 46.8256
905 78.5125 66.7218 52.133
906 58.8419 98.1987 59.8073
907 76.3076 70.3144 60.9669
908 64.5884 85.1041 53.3991
909 58.6289 93.9376 70.0317
910 66.4291 86.7316 54.6791
911 78.4954 70.1325 86.0611
912 64.3057 79.42 81.9134
913 72.4556 94.8953 69.0782
914 63.0272 76.2881 65.301
915 95.9225 83.2064 76.8119
916 58.9798 73.6954 75.2918
917 56.7745 53.0583 89.9362
918 74.4122 97.229 94.2383
919 64.7236 74.0676 87.4467
920 84.0986 68.6864 84.8564
921 84.0322 93.736 72.0017
922 72.252 74.858 82.4262
923 65.0055 74.6154 105.203
924 62.8812 79.3901 93.6142
925 68.4493 87.543 99.9332
926 58.4053 67.7861 86.3291
927 76.7691 84.9302 105.234
928 65.3655 82.0838 112.403
929 81.1756 70.8273 122.163
930 59.9873 81.9814 122.372
931 72.0751 76.8352 122.271
932 88.9484 73.3138 122.289
933 77.8097 72.342 122.335
934 71.9068 79.8443 122.431
935 61.5042 89.421 122.2
936 66.045 78.3541 102.862
937 60.3978 88.5885 108.216
938 86.9008 97.0359 7.3787
939 59.8845 97.4558 11.1108
940 51.7175 98.4495 9.8116
941 75.9494 90.5465 -0.176132
942 78.4941 98.9453 39.0218
943 75.8067 114.353 12.2595
944 69.6005 113.192 39.2541
945 60.6729 91.2923 32.9814
946 73.8372 114.082 8.97695
947 72.1893 113.542 24.0039
948 64.0138 103.461 10.3292
949 56.9309 99.7485 20.2975
950 54.7614 96.9741 31.5564
951 67.1296 113.665 29.3171
952 62.8126 105.504 51.9676
953 70.6797 92.1985 31.7608
954 84.302 89.9329 37.6985
955 64.3709 89.3882 43.0527
956 74.3818 94.2469 54.8345
957 75.1269 112.921 65.8247
958 51.0315 100.519 59.6896
959 91.981 96.0438 48.4609
960 64.427 87.0136 43.1891
961 74.5269 96.8836 62.6731
962 85.7308 112.9 57.479
963 59.8695 112.919 46.7566
964 53.059 80.4823 53.3802
965 85.9533 97.092 57.2783
966 64.6349 96.562 58.3513
967 58.7511 110.349 51.7462
968 78.7514 94.8967 41.3561
969 86.1249 103.875 54.5919
970 97.6389 94.052 70.3179
971 57.7634 113.033 76.9722
972 70.6658 112.767 67.1892
973 84.1879 98.8889 66.5267
974 62.3966 112.829 59.1647
975 68.4987 84.8378 74.6064
976 75.4441 113.001 89.4173
977 81.886 99.7803 65.1145
978 72.8021 90.5723 92.6116
979 74.4564 100.004 80.8975
980 74.4797 95.9014 91.041
981 78.298 112.801 82.6732
982 65.6421 112.851 81.2733
983 76.4247 112.744 78.9713
984 59.0267 93.3969 91.0715
985 79.5599 112.816 69.4081
986 85.0771 114.024 116.78
987 65.9672 100.122 98.801
988 73.3797 103.795 97.1017
989 76.6195 95.4048 92.4383
990 58.8226 92.7506 88.341
991 70.6864 113.391 98.0992
992 69.1727 95.3178 105.461
993 73.5159 107.975 105.407
994 58.5409 87.898 96.3666
995 56.1592 113.489 99.7949
996 54.8833 97.9495 96.3703
997 46.6456 113.84 106.041
998 69.0715 100.391 121.905
999 60.8834 113.975 117.044
1000 81.7926 104.464 122.205
1001 62.0903 102.016 122.426
1002 105.074 81.0359 122.181
1003 68.5161 95.6395 122.172
1004 80.1762 114.117 108.648
1005 57.7422 106.91 107.882
1006 92.0738 99.4813 111.433
1007 60.5594 100.625 122.034
1008 114.087 21.1117 6.11458
1009 102.056 15.2699 8.40809
1010 94.8338 24.1103 4.59313
1011 105.562 13.5749 8.01292
1012 93.2992 0.924307 0.673829
1013 97.9611 7.58676 12.3315
1014 78.3267 18.7148 18.5322
1015 100.954 13.7868 20.4944
1016 94.4246 14.6921 27.05
1017 102.927 0.250342 21.4436
1018 93.02 10.1226 10.8566
1019 80.5146 0.384731 18.6182
1020 90.5695 6.87172 26.7018
1021 86.4544 15.3762 14.4255
1022 92.9948 16.4747 20.7987
1023 96.0602 7.46013 38.9081
1024 112.007 1.80777 26.1193
1025 96.2791 29.8037 33.0301
1026 86.2966 17.6675 36.9705
1027 100.217 14.5975 31.077
1028 98.0717 13.7283 32.0094
1029 94.0706 18.2179 44.9873
1030 95.7781 24.2949 53.5537
1031 97.551 0.830776 61.0534
1032 111.986 4.64765 61.6352
1033 101.565 17.0065 65.5399
1034 112.447 15.4806 42.0811
1035 97.476 0.983298 45.8637
1036 103.919 29.6024 38.5442
1037 80.2574 13.632 48.8179
1038 107.404 14.0305 59.307
1039 99.004 0.840129 84.856
1040 112.22 18.2359 71.988
1041 87.2944 1.05787 74.55
1042 110.349 0.0928763 70.6364
1043 99.7043 1.12141 66.7904
1044 95.5626 15.5482 72.0601
1045 100.516 28.439 61.1047
1046 101.286 0.58311 88.5578
1047 76.4889 21.448 82.3943
1048 112.905 30.8107 94.5104
1049 105.563 1.15057 85.3997
1050 109.746 0.274428 98.0413
1051 112.445 22.8207 74.2548
1052 103.893 25.2551 79.4148
1053 112.762 18.1308 94.7311
1054 103.936 0.836142 87.3638
1055 108.973 -0.0284227 75.2523
1056 86.5474 20.118 98.9314
1057 111.806 0.850866 94.6171
1058 96.8426 11.276 105.411
1059 94.2493 0.829282 101.09
1060 98.4493 11.5033 93.8819
1061 112.516 9.06079 81.6646
1062 90.7501 13.2066 99.1126
1063 98.8434 15.4171 106.646
1064 90.0611 0.126345 107.736
1065 112.923 9.23897 91.1416
1066 90.723 -0.0191075 120.864
1067 105.995 7.82448 122.049
1068 112.351 5.31673 122.01
1069 108.251 0.0791501 118.1
1070 90.7693 44.7705 -0.0936665
1071 93.3352 44.1425 8.57213
1072 96.9087 24.8046 3.47899
1073 101.749 39.4648 17.2766
1074 99.155 45.068 -0.233623
1075 99.5399 36.0212 -0.238735
1076 100.972 40.0926 20.2786
1077 104.696 42.489 12.5524
1078 97.4692 17.8678 23.6263
1079 95.807 39.5673 12.2993
1080 96.4976 39.6432 33.0511
1081 112.981 41.071 36.1993
1082 88.6383 39.9288 25.4365
1083 113.079 33.438 28.3351
1084 101.906 21.3636 47.4597
1085 79.0697 54.9936 29.3193
1086 96.2008 50.5846 43.3945
1087 112.639 34.8118 35.6082
1088 104.291 37.3712 53.983
1089 88.2148 25.5557 27.8478
1090 94.3157 33.0317 31.7515
1091 86.0814 27.2373 50.2293
1092 91.969 23.2137 56.7349
1093 95.6899 26.4616 45.6449
1094 99.8177 36.31 53.4226
1095 112.577 32.9273 43.1963
1096 97.7674 41.0477 57.4064
1097 105.929 21.0285 47.5319
1098 97.7807 32.691 52.3519
1099 112.833 26.1335 38.2617
1100 89.945 37.0938 65.7174
1101 103.419 19.5963 54.2282
1102 107.458 26.3132 66.88
1103 103.688 22.1145 53.9503
1104 89.9008 41.5577 65.1811
1105 81.9734 40.1313 75.57
1106 101.809 32.2613 80.7947
1107 97.7269 35.9118 62.788
1108 95.9421 32.5573 71.9431
1109 112.576 38.3591 60.294
1110 112.492 37.6687 73.7394
1111 103.969 46.2264 61.4138
1112 107.654 35.041 71.7427
1113 97.572 32.9323 60.2958
1114 82.1443 27.8968 83.7845
1115 89.7573 24.8271 67.8928
1116 112.732 38.8162 91.4863
1117 90.1929 16.3894 78.2985
1118 112.344 50.2185 81.1566
1119 84.6001 30.1692 87.5904
1120 90.374 35.6385 86.0432
1121 82.4385 43.5285 78.5439
1122 88.0832 33.3609 82.2218
1123 90.2614 52.4208 83.5325
1124 88.5302 31.5896 100.058
1125 105.979 38.2649 93.3744
1126 90.8222 31.3069 96.1787
1127 90.8346 36.4229 111.233
1128 92.8101 25.0587 95.1302
1129 108.99 31.4511 122.156
1130 108.272 27.7589 122.095
1131 99.7298 47.4674 122.721
1132 102.053 40.9223 110.332
1133 114.237 36.0082 114.473
1134 112.108 32.4459 122.429
1135 100.92 35.9329 112.709
1136 93.7415 38.552 105.983
1137 96.3995 59.7897 19.4502
1138 101.843 42.9523 11.1329
1139 103.031 47.0608 -0.210449
1140 106.054 56.4846 12.9201
1141 113.437 61.5114 23.6039
1142 105.225 64.1036 23.393
1143 104.566 76.0487 23.1223
1144 104.702 60.658 22.7426
1145 89.0087 48.6362 15.2751
1146 113.419 51.1927 25.5393
1147 113.031 53.7467 23.5089
1148 96.6708 67.6501 20.4069
1149 94.0231 73.3824 13.9722
1150 89.1682 57.3153 25.5565
1151 90.804 57.6916 24.1693
1152 90.2326 51.9951 44.4155
1153 94.7136 56.7002 36.735
1154 102.143 63.3215 34.228
1155 98.179 61.1063 42.1566
1156 90.4275 50.9538 49.7137
1157 113.225 49.5305 18.2047
1158 101.739 61.3899 52.1944
1159 99.3141 73.8243 43.0027
1160 112.522 67.8477 61.2321
1161 112.57 60.7285 53.2015
1162 92.1682 52.4364 48.5245
1163 83.9888 56.2481 61.2157
1164 99.8422 60.4833 45.568
1165 112.923 48.6142 56.2831
1166 84.665 65.652 37.7366
1167 112.813 65.7914 43.7551
1168 88.1285 50.7784 45.4263
1169 88.3633 57.5897 58.5395
1170 101.471 55.0717 83.4156
1171 112.039 69.6213 79.2856
1172 112.546 63.1693 74.4743
1173 95.6127 57.819 74.0438
1174 86.1355 50.5819 62.5535
1175 94.2308 62.5896 85.6629
1176 99.9623 77.4448 74.3385
1177 98.2202 63.9117 72.9257
1178 87.9016 70.9791 76.8792
1179 84.1674 60.6519 82.0224
1180 88.0879 59.9394 66.1516
1181 97.8132 54.4348 67.7777
1182 97.6998 56.832 75.3099
1183 104.652 40.8607 102.617
1184 68.5477 63.593 84.7611
1185 93.9994 50.915 85.9067
1186 101.505 47.1655 83.125
1187 112.52 64.172 84.7689
1188 112.323 62.5957 81.6607
1189 96.0916 60.2216 89.6839
1190 101.745 52.7579 77.7813
1191 103.661 61.131 84.1945
1192 86.6082 53.6764 96.4966
1193 88.2727 60.0536 89.7551
1194 88.442 47.2019 87.3994
1195 112.729 59.2751 99.388
1196 96.0306 72.1337 81.9004
1197 93.0627 61.9338 102.689
1198 106.738 58.3421 102.483
1199 84.7544 67.1465 95.2004
1200 86.6237 54.1318 111.521
1201 86.0681 64.8411 122.473
1202 96.3506 41.8007 102.752
1203 107.706 59.9542 122.869
1204 96.0252 78.5637 106.136
1205 96.2355 57.393 122.189
1206 110.188 64.9449 122.137
1207 94.27 87.7366 -0.320314
1208 87.6765 67.8298 -0.267024
1209 102.23 86.2981 12.9626
1210 114.19 86.8753 19.7573
1211 83.3663 97.1034 9.14481
1212 114.134 78.7313 8.51926
1213 90.18 78.1751 -0.238201
1214 83.9056 70.0315 7.48458
1215 102.08 78.7183 9.69766
1216 106.338 87.7113 -0.129478
1217 113.429 83.4994 23.7489
1218 113.514 69.4979 20.6127
1219 98.4082 84.7603 31.867
1220 84.5904 86.838 17.9448
1221 112.826 68.3173 38.5892
1222 114.219 81.9225 12.7213
1223 84.857 93.9085 25.585
1224 98.7463 91.1247 21.8597
1225 84.9733 81.0478 15.6297
1226 94.1461 77.8183 41.8451
1227 113.012 87.8199 33.2522
1228 94.1805 72.9697 41.6073
1229 97.9407 67.6419 47.0661
1230 85.6345 82.283 47.1342
1231 76.6425 67.5774 43.2845
1232 112.59 82.0363 41.2052
1233 99.8165 92.4072 38.1231
1234 99.8973 77.6095 53.4373
1235 101.651 74.9225 47.3437
1236 99.632 94.2987 66.3779
1237 88.1855 77.4313 50.9931
1238 112.496 82.9194 48.549
1239 93.157 87.7094 54.9967
1240 89.7678 90.7026 59.9521
1241 102.267 79.631 75.8332
1242 92.0247 67.1472 74.0073
1243 93.8903 78.9411 44.5826
1244 92.5631 67.8008 58.7414
1245 112.296 87.9099 71.1684
1246 112.557 56.6107 69.2393
1247 91.934 61.4964 71.3834
1248 112.419 88.7023 61.6175
1249 101.735 68.3321 80.4347
1250 101.656 72.6054 78.1452
1251 97.9604 82.4001 86.1271
1252 79.9357 83.3063 90.0584
1253 112.379 71.6964 81.236
1254 84.5942 70.5206 74.5161
1255 101.308 76.9511 96.9663
1256 112.385 75.4266 82.1334
1257 92.0917 81.6463 87.3734
1258 112.663 80.4481 81.955
1259 92.5621 80.4499 97.8487
1260 100.694 86.295 94.7642
1261 113.227 94.4184 94.7342
1262 96.7543 84.6481 110.284
1263 98.0886 81.6346 108.43
1264 74.7536 72.9781 96.1358
1265 112.938 85.8056 89.3656
1266 109.11 72.1111 117.228
1267 88.2833 69.6818 122.196
1268 114.21 73.0538 112.927
1269 92.2523 72.1241 122.401
1270 114.161 93.232 114.768
1271 114.289 79.8489 105.341
1272 94.1339 87.1629 122.374
1273 102.392 84.2594 101.942
1274 112.293 94.5182 122.479
1275 78.802 74.4049 113.876
1276 114.372 83.9039 108.41
1277 92.1876 81.9211 122.458
1278 92.246 66.6306 116.009
1279 98.5301 82.9631 110.88
1280 104.889 58.7555 122.05
1281 114.174 99.2576 4.09608
1282 99.9759 113.902 26.3615
1283 110.703 114.791 14.581
1284 114.214 97.8329 13.4929
1285 90.4917 100.138 11.4116
1286 108.926 93.8548 18.2556
1287 94.589 100.673 29.1721
1288 96.5696 95.9655 25.5633
1289 112.841 99.9654 33.1814
1290 101.93 87.1129 18.9242
1291 92.9128 103.103 15.2635
1292 81.186 94.2476 25.4394
1293 102.106 101.518 32.0591
1294 111.267 112.845 32.417
1295 89.5648 113.479 44.6146
1296 98.2784 102.89 36.8979
1297 94.1969 106.443 39.537
1298 101.955 112.358 50.117
1299 112.585 101.03 43.9424
1300 108.071 101.235 36.0912
1301 96.026 101.861 15.4499
1302 92.1986 87.0583 35.8154
1303 107.724 113.556 50.6907
1304 112.602 91.7935 45.7612
1305 112.601 108.427 49.3995
1306 100.131 112.559 53.8135
1307 86.3194 94.9854 57.3727
1308 93.8456 102.283 49.6799
1309 107.913 107.402 61.2904
1310 87.9981 91.5391 58.7498
1311 90.5538 90.8308 90.9142
1312 103.367 91.8244 66.6329
1313 106.73 112.805 62.1961
1314 97.5587 112.954 82.0612
1315 103.69 96.5266 66.5461
1316 99.5893 95.1739 69.1973
1317 112.492 101.505 86.7903
1318 103.831 99.9142 84.4983
1319 88.4463 95.8504 87.2896
1320 93.7524 79.4105 62.4461
1321 112.544 92.2546 76.1313
1322 112.417 93.7712 81.4534
1323 112.382 111.011 86.3193
1324 112.877 84.6718 94.7861
1325 92.8646 100.741 100.28
1326 106.787 90.3818 101.366
1327 83.6995 82.5828 95.4964
1328 112.538 90.2376 122.335
1329 113.614 101.376 102.586
1330 98.9749 113.864 106.165
1331 86.0854 101.65 104.254
1332 84.8199 104.709 105.091
1333 82.1344 114.178 105.141
1334 100.129 101.47 115.215
1335 90.1697 100.551 106.589
1336 114.062 103.306 120.147
1337 114.395 65.966 106.054
1338 114.56 110.918 102.915
1339 100.894 111.898 110.385
1340 114.207 104.618 112.249
1341 94.1185 99.949 110.856
