0 9.3698 18.867 -0.118501
1 7.78232 -0.0121157 5.46097
2 11.5477 23.6157 15.0222
3 37.4179 0.145379 12.1979
4 27.3486 3.86291 -0.0967674
5 11.2458 13.6824 -0.230826
6 2.83312 5.82264 7.48102
7 14.2736 -0.0985074 14.2553
8 21.637 11.418 -0.0895483
9 -0.883831 14.9749 1.52753
10 -0.72591 10.0119 38.4421
11 11.1738 16.2496 17.4667
12 9.31844 14.9302 19.328
13 8.75025 0.170135 19.2851
14 18.8704 0.0921551 22.9488
15 9.13876 19.3934 27.5637
16 -0.89667 20.4713 54.5489
17 24.9701 -0.0162044 40.4698
18 -1.10931 23.9994 48.2534
19 17.5929 18.6112 25.4777
20 28.8979 0.109682 40.1525
21 13.7539 0.246995 23.052
22 29.3936 22.4852 43.9772
23 22.7226 0.224098 22.8512
24 -0.785282 39.3282 45.4853
25 20.7512 11.9829 52.3229
26 24.9049 9.81424 43.5645
27 -0.877998 22.2872 52.5818
28 17.7926 14.1243 61.0218
29 25.1997 0.410961 53.7992
30 -0.679358 22.2042 57.756
31 10.5214 0.184637 56.4466
32 24.1492 21.7798 43.4112
33 19.3616 9.48485 55.4036
34 -1.00877 15.6161 71.5135
35 25.1416 13.1775 74.735
36 12.1499 0.207446 53.0731
37 21.1461 20.572 57.2994
38 20.9992 0.0831511 82.8102
39 13.0447 0.293278 71.9515
40 38.2789 14.8341 77.4522
41 10.6387 17.5375 77.5666
42 25.4059 9.22733 73.2657
43 19.0766 0.307738 78.8394
44 17.2631 2.56176 86.2367
45 24.548 0.0331493 74.0684
46 10.8927 7.29464 75.5032
47 8.76136 0.233092 82.6686
48 28.9257 18.0633 83.0945
49 21.6506 16.5804 105.856
50 25.4053 10.1138 114.928
51 25.5281 8.02904 96.5384
52 -0.860693 14.6483 93.2567
53 27.0556 11.3203 87.4796
54 19.3025 9.61046 98.0164
55 21.6588 13.9603 91.6905
56 15.322 15.4424 93.1248
57 17.0304 22.5689 97.7023
58 2.73616 21.6814 70.049
59 8.4338 16.6821 85.7605
60 -0.81294 15.8039 88.7518
61 16.1121 0.0189457 109.469
62 27.4612 15.1386 114.575
63 20.6105 8.5404 114.128
64 1.44934 0.321492 107.185
65 11.2143 8.7334 109.477
66 24.9419 46.8057 15.704
67 25.2723 45.8671 25.0313
68 19.2567 38.6514 6.99552
69 -0.9113 36.7223 2.00544
70 15.2677 31.6721 20.2287
71 -0.875642 46.4847 1.90101
72 25.551 31.1463 -0.209556
73 22.2291 29.6013 -0.221642
74 21.1637 42.9629 18.0153
75 -1.0267 45.7548 21.8927
76 -1.10823 44.1216 24.2317
77 3.97592 40.185 12.9428
78 -0.768523 28.1548 36.1387
79 -0.944108 32.2676 33.8199
80 9.10509 35.2411 43.5573
81 11.0356 37.8867 43.0055
82 13.1527 35.3406 29.3424
83 -1.05573 35.4443 52.9416
84 6.56669 41.6243 26.1125
85 -1.10696 32.428 45.5429
86 24.5828 33.006 47.9378
87 17.1425 43.7573 45.3031
88 21.5476 33.9726 48.7359
89 -1.03473 24.0239 43.1599
90 24.9373 36.0332 49.8626
91 26.8343 38.5541 51.7583
92 -0.807724 30.1532 76.1692
93 15.2308 28.1786 53.3547
94 14.5583 28.9893 46.7611
95 25.3391 37.2133 54.5613
96 8.59118 49.2921 50.7488
97 21.4351 38.2816 42.5056
98 15.4936 29.6215 50.7766
99 -0.90844 33.693 57.141
100 19.1078 20.8563 77.6826
101 11.2191 34.302 58.6279
102 -0.72343 12.2597 66.6326
103 19.7683 46.0175 69.4219
104 28.1189 41.4758 57.2161
105 -0.887099 35.128 66.9309
106 23.0735 36.1883 51.8379
107 16.5133 29.167 78.7568
108 23.2694 34.5253 83.5335
109 30.6269 29.529 75.4099
110 13.6464 25.1986 70.7337
111 -0.680534 31.2096 78.6494
112 28.7384 35.9289 76.6106
113 -0.50081 30.8575 90.7306
114 18.4911 30.109 99.1539
115 21.4501 41.7244 90.7548
116 22.0855 46.0333 81.8223
117 24.0942 42.0796 80.9426
118 -0.574439 32.6602 90.2495
119 37.6058 47.5057 103.712
120 24.303 25.1774 88.2447
121 -0.632213 44.537 88.0634
122 14.2586 33.255 94.2712
123 12.5237 43.8153 85.8354
124 17.5029 22.3072 100.916
125 18.1063 38.4148 101.666
126 24.0838 41.1586 107.164
127 22.313 44.6733 106.052
128 11.6639 39.3773 107.561
129 22.7851 46.3571 110.92
130 8.0494 36.1347 114.336
131 16.5734 46.1027 114.522
132 31.7154 17.7914 114.566
133 29.2522 32.622 110.139
134 32.556 61.3319 8.44984
135 10.0452 57.1492 0.166686
136 19.6582 67.5101 17.9789
137 29.2402 61.904 12.8209
138 1.78091 51.3662 18.9001
139 -1.03066 65.7462 13.341
140 21.3859 39.5585 15.9893
141 15.1338 52.5428 15.3848
142 -0.96358 57.5346 19.7149
143 16.9857 54.6253 19.7582
144 27.4511 45.0178 25.7005
145 13.3179 68.7098 20.6095
146 13.4768 60.6511 11.1372
147 18.6875 61.7404 33.3376
148 16.7539 39.2136 31.5154
149 29.6522 50.1684 36.986
150 27.3084 59.5774 44.1536
151 3.60079 51.5199 36.6655
152 3.55705 66.7389 52.5068
153 27.4964 57.0939 43.7266
154 33.7641 50.0833 28.6203
155 15.5356 65.0927 38.928
156 15.0698 45.3051 42.9925
157 -0.877169 51.2362 34.1581
158 8.60848 55.7515 42.8884
159 -0.80872 69.7729 45.9981
160 21.4515 66.2349 37.9058
161 17.1657 59.9335 68.0393
162 20.5011 65.3916 54.9583
163 5.12999 43.3573 53.1776
164 29.0509 63.3174 48.3333
165 20.9855 45.433 53.0744
166 25.7991 61.8359 54.0702
167 -0.892228 34.417 38.3686
168 -0.902013 58.9337 66.7452
169 23.7171 61.0298 62.151
170 20.8 58.9057 71.6904
171 33.5616 65.1887 60.8339
172 -0.757096 59.0095 71.7919
173 24.9975 65.8379 76.5064
174 33.1683 34.9217 83.3203
175 -0.658112 66.5284 80.9436
176 13.9977 59.0457 82.5409
177 27.8642 58.4784 69.4444
178 18.5127 43.7881 82.2788
179 21.3865 57.6986 75.2503
180 -0.545914 50.1392 81.5226
181 3.25904 63.6448 98.2482
182 6.48936 68.8067 89.7164
183 32.3139 51.9797 80.9571
184 14.6396 61.0934 89.364
185 20.1143 55.4581 90.8034
186 -0.768226 50.1536 95.8116
187 9.5567 68.3388 92.0488
188 -0.247448 74.9205 95.8099
189 12.173 63.0974 114.445
190 4.2578 53.7707 114.525
191 1.11713 67.5904 114.642
192 19.4314 66.2298 105.923
193 19.6684 69.8851 114.803
194 -0.693943 55.0214 103.163
195 7.46786 57.4639 114.811
196 20.4761 48.5826 114.379
197 23.5335 47.1267 107.724
198 28.7077 63.4368 114.651
199 -0.589166 68.7253 8.54576
200 -0.659406 88.7484 8.66152
201 15.1709 78.5851 20.9183
202 22.1599 79.2477 14.2194
203 23.5747 81.0169 6.39386
204 18.0654 84.4007 0.151028
205 10.0102 77.1224 -0.0236078
206 23.8334 78.9049 3.41716
207 2.15905 75.7112 11.7321
208 19.3065 63.3674 -0.510002
209 -1.2886 82.347 33.3125
210 27.3405 74.2765 26.7291
211 10.2103 88.8516 13.9454
212 33.3705 78.3201 24.8594
213 23.4152 67.8422 21.6764
214 14.0024 78.8078 18.9558
215 24.8125 74.0919 22.7581
216 17.2032 79.6939 19.4048
217 14.8211 80.5037 25.7344
218 17.9075 85.6066 16.9028
219 9.20332 65.6246 21.277
220 13.0225 71.9704 33.2949
221 19.2895 81.969 36.9338
222 16.6643 83.0409 48.1152
223 -0.656372 90.6877 29.0509
224 11.1478 84.842 39.7989
225 13.3049 81.5269 27.1773
226 23.1844 76.1785 38.3094
227 15.1526 95.7133 41.9624
228 19.0939 74.0043 41.5403
229 0.204792 82.1385 54.4089
230 20.8046 93.2274 57.177
231 21.455 68.388 38.2223
232 -0.847576 95.974 66.7588
233 22.112 79.0764 56.0568
234 24.5335 62.4834 45.8908
235 15.0993 60.2273 64.0006
236 7.61554 65.5583 57.2201
237 9.04314 69.8518 53.9238
238 -0.972272 73.0667 57.0806
239 -1.17484 68.222 55.6533
240 9.10692 67.9076 42.8495
241 29.8722 69.2998 63.1628
242 18.735 63.351 65.9492
243 22.7692 72.2241 70.5101
244 19.4876 99.6763 74.6407
245 -0.66031 85.6663 69.4113
246 25.3353 89.5056 61.1359
247 21.3348 67.3889 64.5961
248 28.7189 91.5192 52.4206
249 -0.895793 101.466 59.5857
250 25.3723 68.4025 74.0606
251 -0.495944 79.997 68.957
252 21.5839 64.2509 80.0258
253 10.3469 93.8619 75.3419
254 6.13609 67.4664 72.5511
255 16.1349 78.9703 80.976
256 21.3296 88.6736 80.63
257 19.8341 71.3451 88.0226
258 12.7918 93.5148 86.1304
259 -0.623742 89.0274 86.3231
260 -0.747456 74.7443 69.2856
261 3.37116 85.9307 73.8432
262 6.23406 94.9407 87.1155
263 18.4703 73.3589 82.1431
264 10.7081 71.222 89.5197
265 -0.441357 72.5601 90.4341
266 20.3076 86.1216 86.2863
267 -0.505098 75.8702 86.0501
268 30.3476 97.0151 85.0279
269 10.4621 74.0772 91.7636
270 -0.432293 81.8155 88.1205
271 18.1079 86.5259 105.909
272 20.7929 77.9988 114.622
273 -0.49389 72.5364 111.834
274 4.81099 86.6957 109.521
275 19.6309 74.269 97.7183
276 24.9753 72.4125 97.8277
277 40.6599 83.1426 114.527
278 26.3003 111.977 -0.0549938
279 29.5816 100.617 -0.312797
280 18.7072 92.0886 0.0322506
281 3.13931 113.719 9.22213
282 19.607 114.742 4.27563
283 1.24147 97.7096 -0.165075
284 22.9281 86.4183 27.7277
285 -1.04682 95.3893 13.4679
286 22.8134 114.11 20.6318
287 19.1379 106.657 30.4497
288 3.24988 110.695 34.4056
289 5.31267 106.813 12.341
290 -0.592766 100.276 20.4086
291 19.8507 114.856 25.0674
292 -0.900785 96.8767 18.0582
293 28.5773 114.25 38.4936
294 23.1642 94.1993 26.574
295 7.04977 114.139 19.7314
296 27.847 113.96 15.7721
297 25.0985 94.3871 26.6107
298 19.0703 114.167 40.8439
299 26.7998 88.1273 30.7522
300 21.5343 106.269 51.6367
301 2.97794 111.417 30.468
302 15.7841 104.725 31.9677
303 4.60099 114.234 37.4158
304 -1.05791 109.919 39.2059
305 25.0696 105.575 34.511
306 17.6103 114.212 33.4103
307 19.3437 101.72 23.2252
308 19.7622 108.603 29.6163
309 13.1337 105.129 42.7802
310 8.21965 106.177 36.5878
311 15.3481 98.3353 41.5413
312 21.3131 101.762 47.2899
313 21.3967 105.536 45.7452
314 -0.894138 92.0867 47.6365
315 2.30779 115.406 81.8212
316 12.1223 106.673 59.6837
317 -0.972638 105.534 66.5797
318 7.06666 108.07 59.7863
319 8.23973 101.449 71.8781
320 25.6023 114.327 68.5413
321 24.9449 105.721 85.9477
322 28.4591 114.166 73.6401
323 17.6915 114.17 75.7275
324 13.2568 105.876 87.884
325 21.7015 86.0982 84.3643
326 -0.340925 109.192 81.3118
327 -0.243282 93.2795 85.8021
328 19.538 87.9827 77.9697
329 26.6064 97.9271 108.766
330 17.3898 99.4976 71.8423
331 13.4153 113.868 86.8283
332 6.97604 101.405 104.0
333 5.06504 107.685 92.7341
334 17.1118 114.603 96.1603
335 23.3676 114.403 96.6983
336 1.17576 114.494 96.88
337 17.5325 102.34 89.1142
338 26.0601 114.729 113.631
339 31.7428 109.34 114.702
340 -0.511742 102.007 103.013
341 16.7655 105.632 114.313
342 -0.935519 110.741 98.3691
343 36.791 13.9565 8.18976
344 26.4898 4.66874 7.09991
345 51.3396 -0.174922 8.90563
346 45.757 16.3189 -0.0246536
347 58.7585 -0.130019 14.2066
348 44.7971 21.5416 1.2056
349 34.5451 12.6846 -0.0590795
350 47.563 20.4901 8.24573
351 40.9247 26.1965 8.10593
352 31.0966 0.0913633 22.806
353 59.6896 2.66264 15.7448
354 41.4941 -0.19392 19.1346
355 52.5929 0.0615906 24.8919
356 47.6679 -0.3648 23.0561
357 41.2187 24.5436 36.8715
358 33.9218 26.1564 11.4118
359 56.3366 14.4529 24.5781
360 35.0569 22.7452 14.5779
361 37.3505 -0.296774 26.3752
362 25.4376 13.2989 42.3871
363 59.6746 13.2379 42.3881
364 53.937 20.4453 42.4206
365 42.9373 0.140385 51.0699
366 27.2891 13.9554 52.1049
367 26.5764 15.107 35.3505
368 38.8764 8.57131 53.4801
369 41.7341 -0.193931 65.0688
370 35.5502 23.2719 56.5427
371 28.6191 14.1372 50.0446
372 30.6117 14.0816 53.6606
373 56.9778 11.1809 49.9817
374 39.4753 7.11276 65.3639
375 60.0714 23.5355 62.2322
376 33.7967 14.5932 68.2453
377 38.4297 -0.0477376 70.6735
378 59.8427 15.1687 78.6498
379 41.5123 9.19873 80.5409
380 28.4033 8.92611 78.5071
381 72.9201 0.194212 81.725
382 38.4975 23.9522 75.0412
383 39.433 8.30953 81.5104
384 40.0361 11.1828 83.7374
385 25.4053 0.173013 79.2125
386 31.6609 6.68161 76.3472
387 56.8194 0.16372 95.5921
388 30.9584 -0.413418 82.6798
389 49.0245 23.0854 90.6325
390 50.4268 21.9965 91.849
391 51.4376 16.8279 98.5181
392 38.1651 0.0013453 91.9163
393 53.3679 12.6563 114.644
394 39.4964 5.24114 114.682
395 39.5459 15.1357 114.829
396 43.0906 14.2817 110.927
397 36.1748 1.33617 114.302
398 37.4835 -0.166302 107.69
399 43.7027 17.5108 97.584
400 55.8186 12.4029 114.509
401 44.5898 8.96779 114.403
402 30.3573 32.4969 -0.0414141
403 33.4582 42.9845 18.2138
404 33.3683 41.5049 -0.597589
405 47.624 35.9082 -0.463579
406 53.5407 41.3441 -0.398785
407 45.7066 35.7005 14.4953
408 23.446 48.5554 6.8406
409 45.4729 30.463 11.7418
410 31.3539 28.7326 -0.256933
411 51.5045 39.0435 -0.366897
412 32.1992 44.4584 3.52404
413 37.4649 45.6125 7.81874
414 45.1555 48.4016 21.8796
415 37.4434 35.5804 25.2701
416 48.9131 44.9362 24.869
417 44.2492 54.7624 17.9269
418 27.9622 35.3156 19.5996
419 36.9617 39.3273 24.388
420 23.8847 43.726 15.1844
421 31.4081 18.0993 29.0847
422 31.3552 29.974 47.1226
423 55.8974 23.0368 36.1462
424 51.5668 45.0625 25.7315
425 40.8309 34.6645 24.6448
426 59.0884 34.176 40.071
427 60.9169 26.7134 43.5759
428 42.5286 26.726 25.9676
429 46.4447 46.0536 39.5989
430 40.7295 42.817 34.0254
431 57.8238 27.2346 37.1125
432 28.8995 33.6903 29.1648
433 51.7277 35.1977 46.9539
434 33.6919 22.5752 57.8321
435 37.2964 21.5992 45.1446
436 48.3945 48.532 64.1168
437 32.773 29.2205 50.4482
438 41.7787 53.9531 76.991
439 38.6492 39.7025 70.3477
440 62.4946 47.0606 63.2267
441 39.3561 28.8813 58.9064
442 44.0126 30.9865 56.9859
443 27.1888 35.0463 60.9094
444 36.6533 28.8961 71.3303
445 36.8575 30.8518 62.2237
446 42.0514 21.0085 67.5804
447 49.7403 25.9231 60.0131
448 45.8457 21.1676 66.1623
449 34.4057 36.7828 68.2202
450 45.7098 39.7848 50.9748
451 36.9443 36.7837 66.4345
452 38.0688 51.8699 77.1855
453 45.5145 53.6666 70.1725
454 25.9812 35.0337 56.4695
455 47.8831 20.9936 71.163
456 21.8855 44.2438 68.2397
457 53.5958 38.6733 63.0254
458 40.2927 23.458 69.3188
459 30.9842 46.796 82.6542
460 63.6261 56.041 84.6341
461 44.8437 39.6017 66.5712
462 53.4921 31.6523 80.5176
463 42.1101 46.4025 82.4458
464 55.685 30.9438 81.1668
465 37.5131 33.2051 88.8652
466 54.8889 27.1049 91.9018
467 40.0598 22.855 97.5353
468 44.545 43.3531 90.9559
469 38.4989 22.1023 98.8546
470 24.1057 43.7963 107.356
471 39.2179 46.8086 91.8604
472 51.6272 38.8797 105.521
473 40.8798 39.9244 109.793
474 31.667 27.6163 114.818
475 40.6185 28.7091 114.354
476 50.3356 49.78 99.3339
477 53.6874 46.4641 105.254
478 56.6405 28.4985 114.252
479 43.242 44.9638 100.966
480 33.9106 55.0998 0.0336452
481 46.1203 51.8514 14.1136
482 54.4849 69.7161 0.125301
483 41.4792 58.1268 21.8205
484 25.1681 43.7823 27.6516
485 29.3138 44.73 29.563
486 35.236 64.2018 34.5474
487 35.4415 71.4623 30.7091
488 53.6415 56.6795 23.5916
489 51.7776 67.0774 26.9217
490 37.4596 65.5511 24.9959
491 43.8311 68.606 20.4303
492 41.8713 63.6311 23.8147
493 51.6202 56.8176 44.2127
494 41.4512 40.1179 25.8816
495 43.0616 61.6697 33.2466
496 53.533 52.864 46.303
497 35.4546 65.3677 32.2928
498 28.9132 66.4857 38.3051
499 29.1134 65.5966 35.7101
500 49.1387 57.424 54.54
501 35.6182 55.1925 57.3537
502 43.3585 54.1396 41.3785
503 41.5046 59.137 55.2479
504 39.2415 60.0825 49.2818
505 42.1855 59.1922 47.2064
506 59.15 71.8574 55.9371
507 46.2851 63.2973 67.7523
508 25.172 54.6257 57.5157
509 49.4657 56.4725 73.1454
510 21.9957 52.663 65.5314
511 32.4013 61.6047 71.8269
512 39.4273 57.2963 54.1888
513 36.1365 57.5572 66.8731
514 38.6846 60.635 72.7204
515 34.461 58.7704 75.2397
516 46.5989 64.4269 77.2811
517 47.1367 70.08 84.9037
518 43.1774 67.4696 65.0639
519 52.6725 56.3825 85.9029
520 41.828 60.846 74.5799
521 42.3879 59.9587 94.0837
522 69.6509 56.2037 66.4336
523 61.8291 61.1002 63.0682
524 35.875 51.3537 95.3174
525 47.9436 47.3275 114.648
526 38.7708 57.237 99.1444
527 53.4308 60.9425 98.4876
528 40.2766 60.3076 90.6139
529 29.6562 57.2131 101.185
530 42.1808 61.8962 91.7617
531 31.5457 62.4135 114.95
532 35.7366 67.0592 104.753
533 49.0619 65.7999 114.471
534 27.0071 53.1336 94.6882
535 45.6123 60.9323 102.463
536 56.5175 49.5251 109.74
537 41.4816 88.1446 -0.110412
538 45.6864 83.3002 -0.27265
539 37.8937 71.8674 19.2868
540 49.9483 56.1212 16.9794
541 54.9089 87.2872 9.13043
542 25.0285 79.7675 12.8006
543 27.3757 73.144 -0.539911
544 44.9131 73.9183 22.3226
545 42.9698 83.0599 30.8177
546 55.4893 79.2005 26.4532
547 41.4375 101.556 15.7626
548 35.8265 79.1414 22.7489
549 50.3164 73.0937 16.663
550 52.6385 83.8944 22.5529
551 51.6255 93.0075 17.407
552 40.5526 90.4056 20.2919
553 45.186 90.7338 34.3661
554 58.155 77.401 21.5847
555 51.7392 65.6531 35.136
556 25.563 63.902 34.9583
557 35.8141 89.9833 39.0854
558 44.7179 82.061 31.5291
559 62.1439 73.883 27.8671
560 35.8492 80.1658 40.6088
561 35.0714 80.8923 38.1222
562 49.6446 70.3305 29.0009
563 61.4149 91.6554 29.6985
564 36.0299 83.2733 41.137
565 51.6288 62.3356 36.4419
566 29.8386 85.5823 39.4946
567 44.5701 95.7973 43.1262
568 46.9251 89.0025 62.9536
569 38.9043 76.2812 39.8759
570 53.8472 68.9079 55.394
571 27.071 61.017 38.4711
572 53.3605 66.6697 45.3308
573 49.6679 79.1217 33.7965
574 41.0715 56.9155 45.4782
575 33.9049 74.9893 51.3039
576 37.4868 59.1851 51.1574
577 27.337 88.7865 38.1571
578 34.1925 78.2024 44.7004
579 62.4576 84.0268 56.0523
580 59.6209 91.4235 62.2681
581 57.8601 95.6732 59.5644
582 39.334 90.2855 67.5455
583 46.1524 72.0925 56.2185
584 31.2139 87.1413 63.6664
585 33.4645 69.752 68.456
586 37.7311 95.4817 63.426
587 57.2553 69.6148 83.1535
588 19.5496 89.7154 86.1217
589 31.5418 81.4191 90.8518
590 44.6738 85.1023 69.19
591 40.3839 73.6885 86.0368
592 56.3437 78.2963 78.4097
593 54.3001 93.942 77.4429
594 16.2083 88.7914 79.1222
595 33.5086 59.6948 93.3159
596 45.4416 81.418 93.1738
597 35.7762 74.1913 107.982
598 41.5754 76.6572 90.867
599 63.0783 76.6345 91.6507
600 42.5661 75.1741 86.9923
601 50.719 89.5163 92.4156
602 43.5995 71.4816 101.624
603 48.8416 100.981 100.392
604 71.6748 78.3658 84.6252
605 39.3096 70.975 84.6139
606 62.8471 80.1248 93.9586
607 46.5422 56.396 89.5186
608 40.4895 74.577 88.5763
609 34.0592 75.6564 110.173
610 42.2415 94.685 101.269
611 56.2278 80.5168 107.101
612 45.3918 93.8986 100.852
613 42.3922 74.7863 108.388
614 42.2429 77.7468 108.586
615 64.8079 78.0666 114.646
616 35.474 102.84 -0.145708
617 36.3012 113.537 0.712212
618 54.8385 114.759 2.03774
619 30.3456 91.7619 14.1293
620 51.2613 114.004 5.24053
621 42.5669 102.162 -0.013205
622 59.4228 103.732 20.5839
623 44.5375 114.364 10.4855
624 43.9315 95.4042 22.0015
625 30.397 114.687 2.12313
626 41.1386 99.8308 11.0049
627 33.4608 114.051 16.4893
628 35.562 87.6609 32.4754
629 31.4129 106.519 26.6032
630 37.403 108.539 17.139
631 33.9742 82.1505 16.0885
632 23.1696 103.91 20.1786
633 46.9332 114.083 28.0138
634 35.7621 92.0876 19.3064
635 43.6204 103.207 24.3707
636 61.4781 114.292 22.6816
637 27.03 94.3869 30.3566
638 59.6112 108.572 41.9667
639 50.0082 107.577 35.4299
640 60.4325 114.272 50.9994
641 37.4372 86.9265 33.6991
642 64.0157 114.502 57.6673
643 32.3733 110.173 40.9359
644 45.0789 104.863 40.6502
645 38.9137 114.278 46.9841
646 37.9861 101.763 42.179
647 39.8317 99.6193 40.7011
648 28.9036 114.291 51.6376
649 38.8125 114.199 69.9125
650 31.9987 114.245 59.1119
651 29.9723 114.324 54.1298
652 50.7341 99.427 70.5148
653 49.634 114.578 51.2414
654 23.7796 103.08 62.4432
655 32.2442 99.0308 71.7561
656 71.7407 103.171 63.1463
657 24.2396 91.5178 73.8051
658 50.9646 94.4682 77.4954
659 47.2672 103.987 75.383
660 18.1467 95.3821 80.1193
661 37.4495 111.772 75.9833
662 35.5328 114.37 79.7553
663 38.3572 114.556 77.9669
664 40.2709 113.942 88.1122
665 35.1317 95.0067 77.8952
666 44.0114 113.966 87.0753
667 47.9778 84.8647 75.7985
668 50.6535 103.415 82.2853
669 33.3839 104.288 61.3602
670 41.4544 92.6536 74.6786
671 37.925 104.826 85.1705
672 39.2331 100.306 89.2454
673 45.5818 113.871 93.6444
674 37.7126 87.2101 96.7787
675 43.76 109.571 100.407
676 56.8904 104.546 88.32
677 33.532 114.383 95.5369
678 56.743 96.1701 85.8357
679 28.7435 114.263 102.349
680 33.6103 87.194 114.891
681 48.8189 95.8161 100.308
682 40.7269 104.788 111.688
683 43.6292 87.0249 114.867
684 48.1954 114.558 111.183
685 24.9854 105.619 114.176
686 20.7281 114.208 109.169
687 41.8671 109.573 114.638
688 64.0822 101.052 101.967
689 57.7548 96.8419 114.439
690 50.7642 113.999 105.753
691 68.8077 0.0541085 4.15075
692 70.6687 15.1777 0.101972
693 83.6841 16.0348 11.281
694 83.8887 25.4736 7.73081
695 61.806 13.7778 -0.259326
696 55.8326 22.5523 22.5413
697 62.5231 0.141763 14.6674
698 66.09 21.8538 20.8794
699 62.2538 21.5437 11.7857
700 59.9176 -0.086274 33.0855
701 71.9377 16.6109 30.894
702 85.832 -0.188746 18.8614
703 63.0315 10.8144 16.5833
704 67.9316 11.7002 20.3148
705 70.8756 22.6016 -0.186202
706 63.8596 14.1416 37.9853
707 66.2636 12.8804 42.4932
708 78.7283 27.4942 35.4324
709 90.4161 23.7405 51.8398
710 62.123 30.8559 39.1665
711 53.3259 -0.427009 36.3593
712 56.5357 18.3727 41.064
713 64.2433 -0.254069 40.4833
714 75.2407 15.6739 30.6369
715 68.0685 12.6616 47.6099
716 57.4552 15.4642 43.041
717 60.0064 -0.273467 54.5349
718 77.3429 21.2161 41.1235
719 63.0086 -0.0106684 63.1205
720 80.1064 18.0521 74.1938
721 80.8558 -0.00285673 74.3508
722 69.3506 -0.479308 58.7371
723 65.0804 9.21234 59.5625
724 75.0137 -0.126074 77.5959
725 77.9367 25.4215 63.8984
726 64.7463 13.5652 62.3018
727 69.4124 12.0681 78.9962
728 49.7703 15.8181 84.746
729 72.8843 0.12584 74.2549
730 64.6803 18.5999 78.262
731 51.7697 0.0255221 75.6627
732 86.9567 0.236753 99.2975
733 74.4855 0.123032 106.366
734 89.3641 0.208431 104.399
735 87.7856 20.0857 115.035
736 84.5792 29.9528 109.698
737 59.3125 22.6712 101.316
738 67.3193 -0.0600475 100.897
739 90.1907 17.4812 89.8245
740 67.052 27.5405 115.51
741 61.6167 12.7555 114.699
742 70.0739 10.6133 103.465
743 87.1715 18.0038 101.111
744 56.9261 1.42181 114.418
745 80.6218 6.2327 114.387
746 63.9231 -0.0674631 97.2149
747 63.8439 14.9845 114.698
748 75.784 26.4587 -0.54642
749 73.8555 43.5279 -0.343082
750 96.1842 43.4351 -0.828117
751 81.929 32.4154 15.8629
752 71.6903 31.2008 -0.501885
753 61.7648 23.8591 -0.442384
754 69.4854 47.5305 19.7013
755 53.8511 41.6839 20.3676
756 54.9776 40.9564 23.7036
757 45.7374 23.144 21.7204
758 67.088 19.3464 25.993
759 69.52 44.0396 31.2808
760 57.7552 26.2369 48.3701
761 73.7739 33.344 28.2822
762 58.5263 29.4178 34.9491
763 79.7824 21.5845 55.5085
764 79.8016 48.7632 41.6186
765 58.9613 36.2222 53.7084
766 59.5541 34.332 47.5252
767 65.9729 40.7264 49.3177
768 96.1184 13.2962 49.4403
769 79.8597 41.6941 41.1102
770 91.9238 41.8328 54.2428
771 80.0118 27.4957 47.0053
772 89.3902 36.8084 59.2068
773 75.7494 30.9765 70.3738
774 71.7162 45.4938 70.8369
775 54.458 28.3227 51.8293
776 65.0692 26.6859 64.5611
777 65.7545 40.3253 75.0705
778 81.9257 44.9045 57.3833
779 84.4312 32.6759 53.0328
780 74.0719 28.0508 56.5931
781 74.0925 28.1474 74.4522
782 67.2463 40.9336 65.8656
783 63.8982 41.0114 84.6362
784 72.2035 16.2049 76.7366
785 78.3697 36.1792 73.1924
786 69.5987 23.9593 73.7624
787 74.096 31.3972 84.5025
788 57.8554 42.9817 85.4032
789 59.5174 46.4545 77.013
790 72.0244 27.1249 76.0668
791 81.7442 55.0497 74.3871
792 61.7217 48.184 70.8449
793 67.8668 23.0803 77.9978
794 57.8585 30.0317 97.007
795 57.7515 40.4984 96.0612
796 61.9599 37.0922 111.089
797 94.5016 18.7356 96.212
798 70.9265 36.9341 98.854
799 64.4937 49.3157 95.212
800 87.4914 30.9821 94.5066
801 75.3337 21.8983 89.6166
802 76.7164 21.4301 85.6242
803 65.3186 40.1374 81.279
804 53.4487 35.0334 114.54
805 72.4948 31.2792 114.436
806 49.0514 30.2536 90.7365
807 71.879 29.346 101.419
808 57.0464 33.5833 100.171
809 80.2663 32.2809 114.803
810 78.9719 44.9059 -0.109276
811 67.704 53.5346 -0.435062
812 75.7525 53.6394 -0.487501
813 61.3063 56.8035 22.6604
814 59.874 59.9277 12.2994
815 69.1684 52.6282 5.63762
816 72.0797 63.7826 17.2061
817 90.5077 65.5178 18.5459
818 71.3216 57.6231 7.56962
819 77.7672 60.2114 7.65071
820 83.3051 46.8121 13.7242
821 63.5154 53.8641 13.8507
822 59.311 57.575 14.4807
823 59.429 65.0286 30.0502
824 65.434 74.28 22.9161
825 63.6409 65.982 30.9021
826 61.6274 58.4331 14.0818
827 61.7946 55.2105 14.9541
828 78.6647 73.4765 39.4664
829 87.1764 55.1886 30.237
830 73.8207 57.7308 43.0039
831 82.0685 51.4513 41.646
832 54.0986 69.0421 34.8485
833 81.9787 52.4606 29.2903
834 63.7486 66.8836 33.2662
835 63.6704 75.8242 31.1872
836 81.9099 66.3279 23.7607
837 83.8974 56.7837 40.5432
838 77.6614 55.3882 43.0
839 84.0882 53.2912 77.8357
840 61.7981 58.8154 51.8848
841 71.1262 73.6192 53.7746
842 64.6103 49.8463 59.9229
843 62.3142 55.0978 65.0058
844 75.6533 61.4363 62.7747
845 82.4175 61.4951 48.627
846 80.0792 54.805 61.2303
847 63.967 56.2767 62.2761
848 77.4565 59.887 54.7813
849 63.4072 46.0193 73.0184
850 84.6877 53.3548 83.6627
851 77.9146 66.4259 72.8447
852 76.7639 64.1954 81.0877
853 71.8071 55.7227 70.2178
854 61.8372 34.3817 69.1717
855 73.5006 54.0756 66.6085
856 74.0182 50.7126 88.5186
857 72.1844 55.9411 80.9667
858 86.0125 61.4543 83.438
859 69.7088 50.7652 92.0276
860 55.5832 71.2965 98.6368
861 69.9354 51.0703 95.0846
862 69.3361 68.9744 100.574
863 68.3247 44.9535 104.573
864 61.6543 53.7303 83.8785
865 87.9471 47.9312 99.6214
866 69.9008 56.6757 80.1921
867 66.6132 65.1648 94.3003
868 89.3324 63.1389 104.985
869 91.1856 55.18 101.177
870 84.9533 45.8306 114.404
871 68.6669 65.6097 114.344
872 73.9907 59.7435 114.566
873 89.886 65.1604 100.081
874 92.1567 59.7828 114.733
875 84.1298 54.6729 114.739
876 84.2951 82.8798 7.79909
877 67.9684 72.0102 8.61828
878 91.0792 84.4448 -0.00138289
879 64.3622 91.3774 15.614
880 65.9352 90.6113 -0.267985
881 68.1776 80.709 -0.626815
882 62.0025 84.9857 11.6144
883 69.6732 71.0917 10.3825
884 65.9975 73.6021 -0.36199
885 66.9399 95.8111 11.7143
886 69.9723 75.4145 25.2538
887 65.7579 69.6251 8.61877
888 89.3376 65.733 8.06108
889 67.1737 76.5194 21.0625
890 82.0156 77.7328 25.4221
891 68.1556 93.8512 8.6208
892 68.1622 70.7402 35.7758
893 63.2363 76.6187 32.9473
894 89.3197 76.0153 36.2276
895 70.3443 71.7489 34.9979
896 83.9138 79.6486 36.8437
897 80.1649 73.3971 41.8434
898 87.301 85.579 18.5425
899 73.6458 67.5697 32.0831
900 84.5823 87.0333 45.7429
901 75.2826 92.9916 39.3721
902 70.1116 74.9653 49.7886
903 66.3127 91.5781 61.0989
904 80.8399 85.6322 43.2355
905 82.848 68.0909 51.8655
906 59.789 98.6652 55.1117
907 75.1598 72.6247 58.4474
908 64.8628 85.6922 49.9558
909 58.3454 94.4011 63.1265
910 67.2342 87.9589 51.6448
911 82.0086 71.7085 76.533
912 63.8564 84.2734 72.305
913 73.4379 96.2256 64.4678
914 63.8448 81.3797 58.8641
915 96.5925 82.9853 71.2707
916 57.9602 74.0138 69.6528
917 57.6181 56.6504 83.5627
918 75.1526 97.2596 86.6445
919 65.1826 74.251 80.8259
920 85.683 70.6561 78.4854
921 86.2774 92.3342 68.1027
922 72.4179 75.0818 76.0403
923 66.0743 74.1496 97.4037
924 61.2671 78.5867 85.7986
925 68.7991 85.5793 90.7937
926 58.7004 67.8124 79.8884
927 76.9921 85.3481 98.137
928 65.2877 82.1089 104.801
929 81.1756 70.8273 114.498
930 59.9873 81.9814 114.707
931 72.0751 76.8352 114.607
932 88.9484 73.3138 114.624
933 77.8097 72.342 114.671
934 71.9068 79.8443 114.767
935 61.5042 89.421 114.535
936 66.045 78.3541 95.1973
937 60.3978 88.5885 100.551
938 86.9008 97.0359 7.3787
939 59.8845 97.4558 11.1108
940 51.7175 98.4495 9.8116
941 75.9494 90.5465 -0.176132
942 78.056 99.9297 35.471
943 78.3278 114.089 12.6253
944 71.9611 114.561 37.0518
945 59.6547 91.139 30.8481
946 73.6197 113.924 8.7573
947 66.2827 114.277 26.0339
948 64.0716 103.513 10.3074
949 55.398 103.669 20.3478
950 54.7646 94.6518 28.1834
951 70.6075 114.394 34.7355
952 64.4819 105.708 48.4284
953 67.599 91.9847 30.0324
954 82.7251 91.7335 35.0661
955 63.4225 91.4528 41.7956
956 78.2504 95.1472 49.3744
957 79.8347 114.087 61.5424
958 50.1227 103.036 53.5262
959 92.4765 94.8113 45.9332
960 66.9803 89.1926 41.6
961 74.4063 98.0012 58.7915
962 86.2091 114.035 54.9496
963 59.8722 114.405 47.9286
964 49.6597 86.7788 51.2511
965 86.8032 98.5663 53.9017
966 64.5632 97.9582 55.3039
967 59.9244 111.843 47.3583
968 77.0063 97.898 40.944
969 83.4783 103.197 53.8103
970 98.7988 94.7425 65.5907
971 57.6941 114.096 72.2207
972 71.3524 114.331 63.0834
973 85.5433 100.131 62.4649
974 67.0495 114.569 56.0025
975 69.1931 84.195 66.7094
976 73.8714 114.033 83.3427
977 86.0527 103.986 58.0187
978 75.0407 94.2285 84.5018
979 74.0923 102.858 74.3044
980 74.8481 96.7391 84.5252
981 79.2009 114.352 77.2079
982 66.3586 114.012 75.5625
983 77.0159 114.212 73.6888
984 58.7321 94.4092 84.6824
985 80.5436 114.015 65.163
986 85.2455 114.097 109.325
987 68.0124 96.5489 90.4627
988 71.4058 104.231 91.8895
989 77.0208 95.8145 85.6847
990 58.7823 93.5943 82.3572
991 82.183 114.369 93.8854
992 69.2044 92.7089 97.9126
993 72.2225 107.202 95.609
994 59.2127 90.289 89.3664
995 67.9918 114.044 93.5638
996 54.5099 101.17 89.7896
997 46.6993 114.339 99.0057
998 69.0715 100.391 114.241
999 60.8834 113.975 109.379
1000 81.7926 104.464 114.54
1001 62.0903 102.016 114.761
1002 105.074 81.0359 114.516
1003 68.5161 95.6395 114.508
1004 80.1762 114.117 100.983
1005 57.7422 106.91 100.218
1006 92.0738 99.4813 103.768
1007 60.5594 100.625 114.37
1008 114.087 21.1117 6.11458
1009 102.056 15.2699 8.40809
1010 94.8338 24.1103 4.59313
1011 105.562 13.5749 8.01292
1012 93.2992 0.924307 0.673829
1013 97.9611 7.58676 12.3315
1014 78.3267 18.7148 18.5322
1015 98.5322 12.0711 18.9478
1016 98.7831 9.22391 25.6619
1017 102.91 -0.0429873 21.2147
1018 93.2245 9.84916 10.4515
1019 84.3086 2.55239 17.9285
1020 89.9436 3.94017 24.4767
1021 86.4544 15.3762 14.4255
1022 96.1588 16.1144 24.6293
1023 96.535 8.80242 34.2623
1024 114.379 2.83783 24.6534
1025 96.21 30.5119 31.7012
1026 90.0802 20.559 35.5034
1027 102.448 14.8392 30.3325
1028 99.6155 13.219 30.4404
1029 96.3976 16.0974 42.3001
1030 95.463 22.7095 49.1019
1031 98.4266 0.0116129 57.7904
1032 114.008 3.68661 56.7238
1033 100.569 16.0621 57.1217
1034 114.346 14.1034 38.3599
1035 99.255 0.125044 42.068
1036 104.464 31.4534 38.2844
1037 81.5045 12.6359 45.6795
1038 106.148 16.9319 51.8923
1039 100.205 -0.0387101 79.0324
1040 114.4 18.5197 69.3552
1041 98.5739 0.13114 71.7239
1042 112.4 -0.763324 65.0921
1043 94.3522 -0.0861986 65.0829
1044 99.8702 9.46619 69.6844
1045 100.122 29.7946 57.8868
1046 101.812 0.0704687 83.0029
1047 77.449 20.1753 75.8881
1048 114.019 30.449 89.0591
1049 109.579 0.190923 81.0408
1050 110.448 -0.646894 91.2563
1051 112.829 21.3712 69.1294
1052 103.494 23.4444 72.8172
1053 113.958 17.7453 88.3853
1054 104.822 -0.0400659 81.2129
1055 110.808 -0.6486 69.4141
1056 85.8082 18.2812 92.5463
1057 112.836 -0.0288588 88.0696
1058 97.9351 9.38483 98.2127
1059 95.7885 0.0353751 93.4766
1060 96.1094 16.4363 84.483
1061 114.294 7.16927 79.169
1062 91.2226 15.0899 91.6124
1063 99.6752 13.129 99.4065
1064 90.7881 0.135023 100.789
1065 114.121 6.36817 85.1761
1066 90.723 -0.0191075 113.199
1067 105.995 7.82448 114.384
1068 112.351 5.31673 114.346
1069 108.251 0.0791501 110.435
1070 90.7693 44.7705 -0.0936665
1071 93.3352 44.1425 8.57213
1072 96.9087 24.8046 3.47899
1073 101.749 39.4648 17.2766
1074 99.155 45.068 -0.233623
1075 99.5399 36.0212 -0.238735
1076 100.024 42.2333 18.8473
1077 104.58 42.5304 12.5937
1078 100.597 21.8494 24.2725
1079 96.0627 39.7404 12.5875
1080 91.566 36.5388 27.7615
1081 114.168 40.8044 34.1795
1082 86.5923 38.2809 23.5129
1083 114.417 32.4462 26.7221
1084 106.68 19.3908 41.5979
1085 79.721 53.8297 27.6402
1086 97.9599 47.2004 40.3675
1087 114.239 33.8753 29.1874
1088 104.671 35.9443 49.9049
1089 90.3934 26.7548 27.9903
1090 93.9712 31.513 30.9233
1091 87.09 28.8825 46.9028
1092 94.0441 23.9705 52.3293
1093 100.144 27.2226 43.5977
1094 100.42 35.5091 50.0576
1095 114.531 36.0915 40.9437
1096 100.865 42.8099 54.8015
1097 106.356 25.2082 43.0979
1098 94.1192 35.578 45.925
1099 114.298 25.6306 35.8778
1100 91.4164 36.2111 60.6044
1101 104.263 18.0342 49.7938
1102 108.694 28.8809 62.038
1103 105.135 22.2206 52.5039
1104 92.1066 39.2027 61.9752
1105 83.6378 39.2855 69.5961
1106 102.306 31.0475 73.7599
1107 96.0618 38.2396 60.2632
1108 97.6859 32.6514 66.9982
1109 114.327 37.6418 54.5574
1110 114.31 38.3735 69.274
1111 104.193 44.5981 57.906
1112 105.052 31.8216 66.352
1113 100.157 32.2696 57.95
1114 85.472 28.4729 78.289
1115 92.3544 25.8869 63.6938
1116 114.204 39.2547 87.6571
1117 91.4305 13.4457 72.8796
1118 114.05 48.3182 78.1921
1119 85.4996 29.9214 81.1419
1120 92.0067 35.5924 82.1522
1121 83.6809 40.9539 74.4699
1122 88.2956 31.9771 75.9325
1123 91.8171 51.3371 76.8822
1124 89.9986 30.8165 91.9169
1125 104.544 40.2971 88.4718
1126 93.5811 30.3847 88.4233
1127 90.8447 36.7571 103.75
1128 93.9888 23.3727 88.4029
1129 108.99 31.4511 114.492
1130 108.272 27.7589 114.43
1131 99.7298 47.4674 115.056
1132 102.053 40.9223 102.668
1133 114.237 36.0082 106.808
1134 112.108 32.4459 114.764
1135 100.92 35.9329 105.044
1136 93.7415 38.552 98.3183
1137 96.3995 59.7897 19.4502
1138 101.843 42.9523 11.1329
1139 103.031 47.0608 -0.210449
1140 106.054 56.4846 12.9201
1141 114.182 60.9321 22.1878
1142 106.214 61.017 24.3366
1143 103.714 72.2101 21.2427
1144 104.785 59.7943 17.8275
1145 89.3467 48.9012 15.3374
1146 114.371 52.5204 24.9364
1147 114.187 53.3514 21.9963
1148 99.0238 66.412 19.1128
1149 94.1027 73.6203 13.7209
1150 87.8904 55.9668 24.2421
1151 88.427 59.1669 22.9858
1152 92.2178 53.1186 42.5383
1153 94.2593 58.8837 34.8432
1154 102.141 63.5969 31.2829
1155 99.183 60.9636 39.6911
1156 91.6923 51.7993 47.1352
1157 114.392 50.3634 21.625
1158 102.475 61.6356 48.6368
1159 100.685 75.4053 43.0545
1160 114.691 68.8968 57.6259
1161 114.509 60.624 52.71
1162 93.8439 52.8759 45.9547
1163 86.4932 52.2827 56.4961
1164 99.2628 61.8117 41.9146
1165 114.453 54.8558 53.1317
1166 88.0842 70.5991 35.19
1167 114.304 63.8695 45.397
1168 87.3253 52.5217 49.3597
1169 90.947 50.4998 58.4272
1170 100.235 54.9311 75.0556
1171 114.122 69.4444 73.815
1172 114.303 59.2874 64.4261
1173 96.2858 57.4067 67.9732
1174 88.5718 48.3833 56.9849
1175 91.477 62.3274 77.5974
1176 98.8071 73.6769 68.1131
1177 98.6543 65.4347 67.5708
1178 88.8058 70.7586 71.3655
1179 85.3014 58.2687 71.2898
1180 90.0876 61.0778 62.3512
1181 102.143 53.9837 62.1655
1182 100.881 53.8703 71.5161
1183 106.799 40.1667 94.1664
1184 68.8997 64.0094 78.8738
1185 94.2549 50.5202 77.6662
1186 101.081 45.8956 78.4192
1187 114.445 66.9753 83.0015
1188 114.363 64.8837 76.0828
1189 98.1 59.1972 83.2948
1190 106.777 51.6025 69.8322
1191 105.831 61.5438 80.5874
1192 84.1386 51.5053 90.6948
1193 89.0149 60.0741 83.2558
1194 89.5999 49.0104 80.6853
1195 114.026 59.1024 93.4195
1196 96.1981 73.9687 76.2756
1197 92.5427 62.4223 95.7384
1198 106.738 58.3421 94.8186
1199 80.863 66.5066 86.0629
1200 86.6237 54.1318 103.856
1201 86.0681 64.8411 114.809
1202 96.3506 41.8007 95.0871
1203 107.706 59.9542 115.204
1204 96.0252 78.5637 98.4717
1205 96.2355 57.393 114.525
1206 110.188 64.9449 114.472
1207 94.27 87.7366 -0.320314
1208 87.6765 67.8298 -0.267024
1209 102.23 86.2981 12.9626
1210 114.19 86.8753 19.7573
1211 83.3663 97.1034 9.14481
1212 114.134 78.7313 8.51926
1213 90.18 78.1751 -0.238201
1214 83.9056 70.0315 7.48458
1215 102.08 78.7183 9.69766
1216 106.338 87.7113 -0.129478
1217 114.291 82.9954 22.0543
1218 114.326 69.4484 19.5999
1219 100.377 81.1375 31.3259
1220 86.0565 85.9423 17.0179
1221 110.545 76.2737 34.4737
1222 114.3 82.0393 12.6943
1223 87.3434 92.3295 23.3706
1224 98.5092 89.8287 21.7866
1225 85.3772 81.1852 15.6832
1226 96.3177 76.4471 40.9354
1227 114.463 89.5981 32.1743
1228 96.1646 72.773 39.3322
1229 100.422 70.0489 42.9824
1230 88.3651 83.0991 42.6263
1231 78.0551 68.6672 41.5209
1232 114.542 81.1651 38.469
1233 101.922 91.2872 36.6393
1234 99.0463 77.1272 49.3239
1235 100.812 76.4535 45.3198
1236 103.664 93.1663 60.7233
1237 90.4166 75.8325 44.8465
1238 114.563 86.5224 50.63
1239 94.3685 86.6843 51.3628
1240 90.1108 90.0377 56.9247
1241 101.152 77.4861 69.0286
1242 92.4282 65.8918 69.4435
1243 96.2322 79.8514 43.5801
1244 92.6696 67.446 54.702
1245 114.304 89.6613 67.3118
1246 110.355 62.7433 63.957
1247 93.4654 64.3409 66.6695
1248 114.123 88.527 57.676
1249 104.488 69.43 76.0947
1250 102.052 74.8898 74.6441
1251 97.5734 84.665 81.2236
1252 82.3049 80.2418 85.017
1253 114.052 74.2793 73.7591
1254 85.7216 70.82 69.713
1255 99.4394 75.8337 89.4733
1256 114.142 74.7435 76.2465
1257 96.1488 78.9096 80.0586
1258 114.251 83.0851 78.4386
1259 92.7529 77.592 90.6239
1260 102.902 87.9847 89.18
1261 114.276 84.9601 90.2115
1262 96.7298 84.727 102.709
1263 98.049 81.6478 101.157
1264 75.0777 72.8799 94.2931
1265 114.333 83.6727 86.1823
1266 109.11 72.1111 109.563
1267 88.2833 69.6818 114.531
1268 114.21 73.0538 105.263
1269 92.2523 72.1241 114.736
1270 114.161 93.232 107.103
1271 114.289 79.8489 97.6769
1272 94.1339 87.1629 114.71
1273 102.392 84.2594 94.2771
1274 112.293 94.5182 114.814
1275 78.802 74.4049 106.211
1276 114.372 83.9039 100.745
1277 92.1876 81.9211 114.794
1278 92.246 66.6306 108.344
1279 98.5301 82.9631 103.215
1280 104.889 58.7555 114.386
1281 114.174 99.2576 4.09608
1282 99.9759 113.902 26.3615
1283 110.703 114.791 14.581
1284 114.214 97.8329 13.4929
1285 90.4917 100.138 11.4116
1286 110.296 93.379 16.9144
1287 98.2857 104.899 28.6633
1288 96.2683 96.6707 22.674
1289 114.537 101.898 32.2357
1290 100.469 90.9371 20.3069
1291 93.3698 103.358 15.4543
1292 83.6664 96.6608 26.1285
1293 102.64 102.893 31.1639
1294 109.256 113.993 31.6065
1295 90.9729 114.473 42.295
1296 100.014 102.045 35.5334
1297 95.2871 105.153 37.5107
1298 105.282 114.222 45.623
1299 114.579 98.6067 37.8653
1300 108.533 105.262 32.1455
1301 97.9774 101.704 15.3318
1302 92.4177 89.7274 32.2611
1303 110.633 115.043 47.1846
1304 114.333 93.5393 43.8074
1305 114.496 109.526 46.3233
1306 97.0885 114.024 52.5669
1307 88.4644 93.8952 52.1667
1308 96.7105 104.431 47.7125
1309 108.244 110.178 56.5656
1310 90.1297 92.6142 56.5728
1311 90.0208 92.1472 81.9185
1312 105.889 94.7279 61.7489
1313 108.442 114.044 58.3216
1314 94.6079 113.94 75.9184
1315 105.196 97.1756 61.8524
1316 100.353 95.1786 63.9854
1317 114.158 99.3251 81.2169
1318 107.13 100.362 80.1172
1319 89.1508 97.1014 81.5884
1320 95.7611 82.9034 60.6852
1321 114.328 93.9173 71.9212
1322 114.202 94.779 76.2542
1323 112.552 113.762 79.7944
1324 114.359 91.0369 95.0329
1325 93.2914 103.404 93.0569
1326 107.288 94.7714 94.1797
1327 80.8627 87.5438 90.6241
1328 112.492 89.7785 114.561
1329 114.134 101.206 95.128
1330 96.2764 114.065 100.882
1331 87.7029 103.565 98.6802
1332 84.6843 102.681 97.8193
1333 82.1344 114.178 97.4766
1334 100.129 101.47 107.55
1335 90.1697 100.551 98.9246
1336 114.062 103.306 112.483
1337 114.395 65.966 98.3894
1338 114.56 110.918 95.2509
1339 100.894 111.898 102.721
1340 114.207 104.618 104.584
1341 94.1185 99.949 103.192
