0 9.3698 18.867 -0.118501
1 7.78232 -0.0121157 5.46097
2 11.5477 23.6157 15.0222
3 37.4179 0.145379 12.1979
4 27.3486 3.86291 -0.0967674
5 11.2458 13.6824 -0.230826
6 2.83312 5.82264 7.48102
7 14.2736 -0.0985074 14.2553
8 21.637 11.418 -0.0895483
9 -0.883831 14.9749 1.52753
10 4.07199 9.68068 43.7754
11 6.60261 11.4556 16.8297
12 13.1885 17.0109 16.9564
13 7.46152 -0.835915 22.677
14 19.6537 1.39959 24.6097
15 10.4259 20.3315 29.0049
16 2.85973 20.0976 60.8374
17 28.0754 0.247794 48.1906
18 2.24246 25.1996 51.3141
19 21.7974 20.3235 27.1394
20 31.1338 -0.190298 44.8265
21 14.11 0.92486 22.4892
22 28.3934 20.834 46.1349
23 24.0425 1.33244 27.5361
24 2.31269 39.9551 50.9881
25 25.6152 14.7716 60.2706
26 27.9569 10.8264 51.8145
27 2.38981 22.8065 59.0424
28 19.2464 16.3077 69.113
29 22.9038 0.311938 62.8621
30 2.67183 21.9302 63.7952
31 11.737 0.607127 69.4428
32 28.0211 23.342 46.2535
33 23.2006 12.4656 64.5644
34 2.37194 17.6502 73.3821
35 29.0187 16.5074 80.7522
36 16.3288 0.545886 60.3353
37 21.1546 18.2054 62.3182
38 19.0683 -0.221765 87.4372
39 13.6232 0.506717 81.9663
40 38.3064 14.5298 87.4398
41 13.2198 22.4291 82.7123
42 29.4796 12.7715 83.2295
43 16.4839 0.282483 91.5312
44 20.4255 0.488335 91.6714
45 25.1275 0.30854 83.8627
46 12.2886 5.82782 85.5959
47 6.49884 0.701009 94.3334
48 29.8585 11.2235 92.41
49 21.3527 16.7575 115.753
50 25.2581 10.0734 125.299
51 24.5131 5.76761 108.015
52 2.11806 15.8159 101.856
53 25.1409 11.6402 98.1408
54 23.2641 8.84886 109.452
55 22.389 17.4562 102.15
56 17.7371 15.6141 104.312
57 16.3584 22.6154 105.914
58 2.38871 21.6817 70.8009
59 12.11 14.1439 93.782
60 -0.81294 15.8039 99.2428
61 16.1121 0.0189457 119.96
62 27.4612 15.1386 125.066
63 20.6105 8.5404 124.619
64 1.44934 0.321492 117.676
65 11.2143 8.7334 119.968
66 24.9419 46.8057 15.704
67 25.2723 45.8671 25.0313
68 19.2567 38.6514 6.99552
69 -0.9113 36.7223 2.00544
70 15.2677 31.6721 20.2287
71 -0.875642 46.4847 1.90101
72 25.551 31.1463 -0.209556
73 22.2291 29.6013 -0.221642
74 19.6146 41.6685 20.7389
75 -0.937875 42.438 12.2431
76 2.48287 48.2378 37.4981
77 4.59592 40.4734 13.1957
78 2.1067 30.1817 47.4576
79 2.34177 34.9897 37.0529
80 12.3315 33.2985 49.4706
81 16.3628 39.6147 46.6676
82 16.3582 35.5716 28.0671
83 2.04442 33.1846 55.4166
84 8.73737 41.244 28.4299
85 1.63435 33.6929 50.4378
86 28.4577 31.9478 51.4681
87 24.2885 43.8387 44.1447
88 22.4075 33.0653 52.6239
89 2.32714 22.9685 47.9889
90 28.434 37.3494 53.9856
91 28.2682 38.6399 56.6283
92 2.36654 31.8496 83.9492
93 16.7106 30.8319 56.6104
94 18.8233 30.638 52.7528
95 26.1972 37.6977 58.1111
96 10.3662 45.7684 53.274
97 21.5736 44.6961 48.1425
98 20.5253 27.5637 54.0941
99 2.28846 25.0492 61.0037
100 23.1656 24.035 84.2365
101 10.8637 37.5656 65.9221
102 2.45023 13.0181 73.4844
103 22.9576 45.8476 76.2058
104 32.268 43.3198 64.4777
105 2.3405 34.6447 73.3092
106 22.5711 37.5313 58.0778
107 18.9633 31.4461 83.9091
108 24.8005 30.1538 92.7126
109 32.9071 27.3192 82.5486
110 15.1819 24.7471 78.8309
111 2.29748 33.8526 89.018
112 26.6975 40.2922 81.5235
113 2.16612 31.8459 99.2533
114 20.1847 31.8412 110.939
115 21.4593 41.4645 100.683
116 22.7744 46.8397 94.2297
117 27.0392 43.0183 89.3224
118 2.18381 38.6324 98.73
119 37.5947 47.5031 114.405
120 27.2786 24.4789 96.7662
121 2.39665 45.6857 96.8435
122 17.1617 31.4088 108.361
123 15.5326 49.2792 96.7256
124 17.6337 22.579 111.461
125 18.1063 38.4148 112.157
126 24.0838 41.1586 117.655
127 22.313 44.6733 116.543
128 11.6639 39.3773 118.052
129 22.7851 46.3571 121.411
130 8.0494 36.1347 124.827
131 16.5734 46.1027 125.013
132 31.7154 17.7914 125.057
133 29.2522 32.622 120.63
134 32.556 61.3319 8.44984
135 10.0452 57.1492 0.166686
136 19.6582 67.5101 17.9789
137 29.2402 61.904 12.8209
138 1.78091 51.3662 18.9001
139 -1.03066 65.7462 13.341
140 18.068 35.2658 16.3731
141 12.5139 53.1393 20.65
142 2.06793 57.7214 22.6597
143 19.2195 51.5139 21.6264
144 28.361 43.9864 28.6621
145 14.6359 65.8766 24.7803
146 13.3732 60.5313 11.0796
147 20.5687 63.4863 36.3964
148 16.4461 35.8903 33.749
149 31.8924 50.9383 41.3879
150 30.255 58.319 47.4622
151 7.01818 51.0936 40.0734
152 1.69819 63.4692 61.428
153 32.1366 55.6472 49.1547
154 35.1133 56.6495 29.304
155 20.5925 62.2567 41.4033
156 16.3219 45.2877 49.1666
157 2.47985 50.6044 37.394
158 10.098 54.7835 50.7964
159 1.85979 69.7373 50.9413
160 23.5188 67.8976 38.8455
161 18.7536 59.5367 73.5447
162 23.0231 63.8445 60.6299
163 6.51416 45.8952 61.116
164 30.1624 62.6954 52.9614
165 22.5172 45.0178 58.232
166 28.3317 61.0929 59.325
167 2.99057 33.6842 39.983
168 2.39278 60.4292 74.2565
169 26.7087 60.2912 68.2828
170 22.4622 60.9578 78.5782
171 34.4814 65.3231 68.2983
172 2.40062 56.2254 78.7936
173 28.5419 63.4483 82.6005
174 32.5968 37.8465 92.848
175 2.13049 67.5438 89.4868
176 14.9347 52.6793 89.2693
177 30.4799 57.7607 75.944
178 25.0933 43.1955 87.9008
179 24.8793 58.6922 82.6679
180 2.24344 50.4444 89.3531
181 9.03294 68.0494 102.961
182 9.05772 72.1493 98.5801
183 34.8103 48.2483 83.9722
184 14.72 60.3835 97.0147
185 18.113 58.8483 99.7778
186 -0.768226 50.1536 106.303
187 13.9186 67.7003 99.0759
188 1.57522 73.1572 106.485
189 12.173 63.0974 124.936
190 4.2578 53.7707 125.016
191 1.11713 67.5904 125.133
192 19.4314 66.2298 116.414
193 19.6684 69.8851 125.294
194 -0.693943 55.0214 113.654
195 7.46786 57.4639 125.302
196 20.4761 48.5826 124.87
197 23.5335 47.1267 118.215
198 28.7077 63.4368 125.142
199 -0.589166 68.7253 8.54576
200 -0.659406 88.7484 8.66152
201 15.1709 78.5851 20.9183
202 22.1599 79.2477 14.2194
203 23.5747 81.0169 6.39386
204 18.0654 84.4007 0.151028
205 10.0102 77.1224 -0.0236078
206 23.8334 78.9049 3.41716
207 2.15905 75.7112 11.7321
208 19.3065 63.3674 -0.510002
209 2.11002 85.0411 47.299
210 28.1937 74.4368 33.8051
211 10.7444 88.7027 14.032
212 32.8926 78.8354 23.4227
213 24.7415 69.242 23.451
214 12.0461 81.4425 17.8377
215 31.0153 72.8302 24.6578
216 16.3614 82.8164 20.6282
217 16.7582 80.614 28.5563
218 13.0535 83.3404 20.7572
219 12.7264 62.7564 20.4439
220 14.867 69.8254 37.6217
221 18.5982 83.1653 40.5929
222 16.585 84.0524 54.2079
223 2.62196 89.6819 32.0401
224 12.9187 85.051 44.0715
225 15.1718 82.1942 29.8895
226 28.6392 78.698 44.7003
227 16.763 95.2722 43.7009
228 22.2698 72.2476 45.5193
229 2.12779 82.6315 60.6264
230 23.6692 91.8965 64.8877
231 22.0045 69.3218 43.2315
232 4.22675 98.8151 77.8978
233 22.4526 80.8363 63.1405
234 28.2384 61.2225 51.865
235 16.7335 62.6918 72.2904
236 9.56377 64.1676 61.068
237 10.4163 72.7935 61.0386
238 2.10887 72.5937 59.088
239 2.23056 52.7005 58.9669
240 13.3267 65.7781 46.6903
241 34.0662 66.402 71.0411
242 20.5107 63.2059 72.353
243 28.2258 74.2294 77.661
244 24.2726 101.094 84.9593
245 3.45715 85.5097 75.5777
246 27.3054 91.9324 64.9857
247 22.2052 63.1899 68.4412
248 31.0448 91.8353 57.724
249 3.12181 98.3174 62.6164
250 29.5987 65.9364 81.2986
251 3.3908 80.5194 76.0854
252 23.0629 59.0981 86.6981
253 15.2854 94.1208 83.3684
254 11.0566 62.7631 76.1361
255 18.1252 84.8559 90.0614
256 25.9168 88.6204 87.1538
257 21.0346 66.8133 100.482
258 14.4294 95.2347 97.7008
259 2.78163 89.0825 94.9113
260 3.11189 78.568 84.8511
261 9.098 90.6601 80.4183
262 11.2685 95.9799 97.0892
263 18.16 72.9604 89.6472
264 10.2312 71.8358 96.915
265 1.77658 73.6317 99.7626
266 22.6687 86.7191 94.9009
267 2.02207 76.8774 95.016
268 32.1547 97.7006 95.6637
269 13.3505 72.4995 98.6487
270 1.5853 81.8779 96.7849
271 18.1079 86.5259 116.4
272 20.7929 77.9988 125.113
273 -0.49389 72.5364 122.325
274 4.81099 86.6957 120.012
275 19.6309 74.269 108.209
276 24.9753 72.4125 108.319
277 40.6599 83.1426 125.018
278 26.3003 111.977 -0.0549938
279 29.5816 100.617 -0.312797
280 18.7072 92.0886 0.0322506
281 3.13931 113.719 9.22213
282 19.607 114.742 4.27563
283 1.24147 97.7096 -0.165075
284 20.955 89.273 33.5486
285 -1.12166 95.4228 13.8389
286 23.1554 114.344 20.334
287 20.5732 103.759 32.7455
288 8.88847 107.852 38.2066
289 5.60089 106.599 12.1782
290 1.6485 100.472 19.1661
291 20.6893 113.829 17.27
292 1.90054 96.1637 21.5555
293 29.2273 113.973 40.317
294 26.2648 96.0935 26.704
295 7.43796 113.645 20.5714
296 31.2456 114.612 15.4106
297 24.289 94.9441 27.6579
298 21.5236 113.195 43.6101
299 28.7681 85.8792 30.8899
300 22.9687 105.908 55.966
301 12.6854 113.326 32.6066
302 20.4474 101.319 33.1588
303 8.71445 112.879 37.5459
304 2.23635 108.618 42.3318
305 26.1052 103.816 36.0637
306 20.2785 113.676 38.0096
307 18.1879 102.628 23.9222
308 19.6252 109.109 32.2096
309 14.5825 105.358 47.1177
310 11.9452 110.504 43.2804
311 17.0951 96.3156 46.2858
312 23.1363 103.439 48.98
313 28.6901 101.582 47.263
314 2.2944 91.5689 55.8101
315 10.5145 116.212 87.3603
316 15.8928 104.574 64.3197
317 4.51261 110.598 74.7657
318 8.87462 105.076 65.1188
319 12.691 101.269 76.8508
320 21.0494 114.386 69.874
321 26.3669 106.741 96.545
322 32.253 114.31 75.9477
323 22.9303 115.257 79.5776
324 15.5566 107.023 98.5816
325 24.5466 83.087 95.7994
326 6.20762 111.14 87.5196
327 3.98736 94.7704 94.5451
328 21.285 87.5403 86.954
329 26.9804 97.3505 118.868
330 21.1012 100.777 74.0139
331 19.379 114.103 95.3208
332 6.85733 101.335 114.512
333 6.59275 105.223 92.1739
334 21.8092 113.672 107.751
335 24.6589 113.375 104.805
336 3.37169 114.186 111.319
337 16.4674 101.415 98.6805
338 26.0601 114.729 124.122
339 31.7428 109.34 125.193
340 -0.511742 102.007 113.504
341 16.7655 105.632 124.804
342 -0.935519 110.741 108.86
343 36.791 13.9565 8.18976
344 26.4898 4.66874 7.09991
345 51.3396 -0.174922 8.90563
346 45.757 16.3189 -0.0246536
347 58.7585 -0.130019 14.2066
348 44.7971 21.5416 1.2056
349 34.5451 12.6846 -0.0590795
350 47.563 20.4901 8.24573
351 40.9247 26.1965 8.10593
352 21.6336 1.42311 24.3828
353 53.598 0.626019 19.9369
354 42.8389 0.38794 16.7747
355 52.807 1.20741 26.1295
356 48.3388 1.28884 26.2243
357 40.5527 19.6207 35.9433
358 33.8923 26.2516 11.5111
359 57.5817 15.7645 23.2891
360 37.2015 24.9449 15.6597
361 34.8125 2.11482 32.1675
362 26.7311 14.1945 45.6357
363 61.6541 14.918 44.0331
364 53.1654 22.3886 46.8038
365 45.9857 1.00527 62.4306
366 31.5401 15.5672 58.8579
367 31.7531 13.0468 38.1074
368 39.7152 9.54791 61.1417
369 41.1759 0.383274 77.4499
370 38.5024 22.28 59.9539
371 29.6711 12.9653 55.2665
372 33.3821 17.0565 59.8804
373 60.2613 15.5512 50.6942
374 39.4686 11.4847 74.4896
375 62.3372 22.3881 69.9986
376 34.6959 18.181 73.838
377 39.4556 -0.456762 81.1889
378 60.1006 14.326 89.4685
379 42.6089 3.92185 92.8307
380 28.8009 9.04112 88.8248
381 75.804 -0.155149 89.7907
382 40.7896 24.2449 82.2776
383 40.626 7.46432 91.8965
384 40.339 10.3958 93.8939
385 19.3395 0.165436 89.1266
386 30.9564 7.79064 88.2247
387 56.6722 0.159669 106.171
388 26.5956 -0.113231 94.9846
389 48.416 22.973 100.908
390 50.4268 21.9965 102.34
391 52.5627 18.2602 108.455
392 41.1065 0.319857 100.833
393 53.3679 12.6563 125.135
394 39.4964 5.24114 125.173
395 39.5459 15.1357 125.32
396 43.0906 14.2817 121.418
397 36.1748 1.33617 124.793
398 37.4835 -0.166302 118.181
399 43.7027 17.5108 108.075
400 55.8186 12.4029 125.0
401 44.5898 8.96779 124.894
402 30.3573 32.4969 -0.0414141
403 33.4582 42.9845 18.2138
404 33.3683 41.5049 -0.597589
405 47.624 35.9082 -0.463579
406 53.5407 41.3441 -0.398785
407 45.7066 35.7005 14.4953
408 23.446 48.5554 6.8406
409 45.4729 30.463 11.7418
410 31.3539 28.7326 -0.256933
411 51.5045 39.0435 -0.366897
412 32.1992 44.4584 3.52404
413 37.4649 45.6125 7.81874
414 36.6531 49.3659 17.9162
415 33.6514 35.202 24.2933
416 48.7818 45.072 25.5336
417 46.2877 53.4324 17.0567
418 28.2524 38.9697 23.106
419 36.0877 37.6586 25.8607
420 24.1009 41.6682 20.8935
421 35.2501 19.9475 29.5137
422 32.6942 31.6362 50.997
423 55.2523 29.2754 39.4267
424 52.9414 46.3463 28.3055
425 39.3717 35.731 26.8886
426 57.2429 30.4828 40.3219
427 59.3549 27.4895 42.0435
428 41.4616 28.2485 22.9457
429 48.3606 46.3208 43.6452
430 40.2242 43.8041 36.4129
431 61.4675 28.0313 40.6776
432 31.4736 28.6927 35.2257
433 51.4075 36.0133 47.3667
434 33.6544 22.7919 59.2497
435 38.8316 21.1842 51.6549
436 50.2158 49.1982 69.8821
437 34.4445 31.2 52.3064
438 44.67 52.015 84.939
439 40.8328 42.5116 77.104
440 62.1049 50.4188 70.3411
441 42.7826 27.0385 65.2717
442 47.4653 28.0657 63.7167
443 30.1438 35.1547 67.7917
444 38.6477 31.983 78.2709
445 38.686 30.7713 67.5791
446 43.7248 18.8888 76.2265
447 50.2812 24.9712 64.0221
448 47.3824 18.9758 76.5109
449 37.3847 40.086 74.7369
450 45.9466 39.0611 54.4527
451 41.1781 36.2904 71.9049
452 37.4895 52.4421 87.5235
453 49.5779 53.7876 76.7235
454 30.7185 37.8265 60.2527
455 48.9468 21.1632 80.6526
456 26.8218 46.0591 76.1462
457 52.7917 33.4236 68.4442
458 37.7971 21.5551 79.2755
459 33.6177 48.5141 93.201
460 63.1528 52.4466 94.2255
461 46.6878 40.2972 72.6852
462 54.6495 30.4091 88.9358
463 43.4823 46.1114 93.9924
464 56.5088 29.7852 90.5559
465 38.6269 33.601 99.2719
466 52.6383 28.6084 103.044
467 38.716 21.6972 106.88
468 46.7718 44.8535 101.996
469 38.7086 24.9385 109.458
470 24.1057 43.7963 117.847
471 39.2179 46.8086 102.351
472 51.6272 38.8797 116.012
473 40.8798 39.9244 120.284
474 31.667 27.6163 125.309
475 40.6185 28.7091 124.845
476 50.3356 49.78 109.825
477 53.6874 46.4641 115.745
478 56.6405 28.4985 124.743
479 43.242 44.9638 111.457
480 33.9106 55.0998 0.0336452
481 46.1203 51.8514 14.1136
482 54.4849 69.7161 0.125301
483 41.4792 58.1268 21.8205
484 23.3186 43.5793 30.9204
485 29.9467 41.0641 32.5209
486 33.1415 62.852 35.6081
487 37.3037 68.1632 30.754
488 50.9139 58.7548 24.7096
489 54.8263 63.3033 24.6764
490 38.2288 64.3072 29.5264
491 42.6486 72.607 22.481
492 39.7556 66.088 26.1757
493 47.0215 53.6993 45.1838
494 38.1269 42.9073 29.8952
495 42.1604 58.8826 32.5084
496 53.2453 49.4186 48.7755
497 35.8068 63.485 30.9032
498 29.4666 68.601 42.4097
499 30.5009 67.3155 37.5325
500 48.4577 57.5392 58.8257
501 38.3498 54.2455 63.1574
502 42.0228 53.5852 44.8674
503 39.7989 58.9421 58.9014
504 37.9894 61.5782 55.1391
505 43.7612 58.8013 51.1514
506 60.3798 74.4047 65.7015
507 48.9225 63.7545 74.9431
508 32.2522 58.5431 67.1714
509 47.829 57.3848 82.7695
510 22.7985 57.1706 73.4781
511 34.6428 61.3026 78.5896
512 39.7701 58.1647 56.107
513 40.6577 55.8228 72.2366
514 39.7626 59.5647 79.534
515 32.751 61.5099 82.6619
516 42.8617 61.7984 86.611
517 42.6776 70.5248 91.6207
518 44.1921 65.03 72.2584
519 53.8926 56.4263 96.4488
520 44.832 59.6731 84.9308
521 43.5459 61.4007 104.313
522 68.8835 57.936 72.3933
523 65.4582 56.3147 69.5685
524 38.9448 50.5777 106.551
525 44.7487 53.5216 124.866
526 36.1871 54.974 105.911
527 50.9995 59.9363 109.486
528 38.6076 58.9325 101.641
529 29.2497 57.8086 110.48
530 42.4427 60.6479 98.9523
531 31.5457 62.4135 125.441
532 35.7366 67.0592 115.244
533 49.0619 65.7999 124.962
534 27.0071 53.1336 105.179
535 45.6123 60.9323 112.954
536 56.5175 49.5251 120.231
537 41.4816 88.1446 -0.110412
538 45.6864 83.3002 -0.27265
539 37.8937 71.8674 19.2868
540 49.9483 56.1212 16.9794
541 54.9089 87.2872 9.13043
542 25.0285 79.7675 12.8006
543 27.3757 73.144 -0.539911
544 46.5289 75.5888 25.2158
545 42.5877 82.6619 32.1263
546 54.6311 76.3426 27.2515
547 41.015 101.834 18.0347
548 35.0136 75.6942 25.1023
549 50.3974 73.5358 19.4353
550 50.9556 86.3818 21.1391
551 52.1436 96.5002 17.4432
552 42.4287 91.8422 21.4019
553 44.8394 88.4097 37.8483
554 57.0338 74.9445 20.5406
555 49.2986 68.1028 38.9913
556 26.5279 64.3241 34.8933
557 34.5949 88.7978 41.9986
558 45.0079 81.8311 33.7269
559 62.3813 76.5917 27.3301
560 35.8584 78.7699 44.735
561 37.9993 82.1061 43.1914
562 50.9308 70.9882 33.0279
563 62.5205 92.6041 30.7735
564 38.265 85.1398 45.4775
565 52.757 67.1331 39.1479
566 34.4673 86.4783 42.7975
567 44.3075 94.9547 46.8863
568 47.7778 91.4907 70.8661
569 41.5051 73.4296 42.9408
570 56.7756 68.3696 60.2368
571 28.1382 65.8568 44.008
572 57.0553 65.283 51.7636
573 49.0876 80.4246 36.7355
574 41.9275 57.217 49.9094
575 35.7989 77.5083 57.0225
576 37.6406 59.5603 57.9412
577 30.9292 88.9349 42.7424
578 37.1972 82.6212 51.2877
579 64.0308 80.7698 63.3505
580 60.7038 92.5774 69.6153
581 54.6483 93.2079 68.1964
582 40.5885 94.1645 72.4872
583 47.1838 72.5765 63.6399
584 31.8413 86.0375 70.1516
585 32.8036 69.1425 75.0792
586 37.7472 93.7866 72.4214
587 56.8066 71.266 90.1302
588 20.1221 92.9775 96.1951
589 28.3979 79.3264 100.647
590 46.0302 84.9121 76.7181
591 40.4778 73.2984 95.6376
592 57.555 74.1009 87.8336
593 53.7843 93.4003 89.0705
594 18.1509 88.1491 87.0649
595 31.6226 65.6328 97.5805
596 49.4751 88.1689 105.142
597 35.8371 74.2151 118.473
598 40.9847 77.4635 100.521
599 64.1007 76.4643 103.357
600 42.6606 74.2336 96.6385
601 50.719 89.5163 102.907
602 43.6064 71.5434 112.042
603 48.9243 101.02 111.002
604 68.7721 78.187 95.6416
605 34.9263 70.1605 97.1369
606 59.7817 80.9998 104.378
607 46.8176 52.5775 104.304
608 40.7166 76.3221 97.93
609 34.0592 75.6564 120.664
610 42.2415 94.685 111.76
611 56.2278 80.5168 117.592
612 45.3918 93.8986 111.343
613 42.3922 74.7863 118.879
614 42.2429 77.7468 119.077
615 64.8079 78.0666 125.137
616 35.474 102.84 -0.145708
617 36.3012 113.537 0.712212
618 54.8385 114.759 2.03774
619 30.3456 91.7619 14.1293
620 51.2613 114.004 5.24053
621 42.5669 102.162 -0.013205
622 59.4228 103.732 20.5839
623 44.5375 114.364 10.4855
624 43.9315 95.4042 22.0015
625 30.397 114.687 2.12313
626 41.1386 99.8308 11.0049
627 42.106 114.282 13.8132
628 35.044 88.2341 34.359
629 30.3509 104.665 31.339
630 38.0161 108.399 19.0103
631 34.2314 80.0769 16.6071
632 26.3123 103.784 21.2135
633 48.9741 114.13 29.6087
634 36.6609 92.3066 20.0412
635 43.0273 104.555 28.4313
636 60.1852 114.032 22.8629
637 27.6542 90.8964 32.8878
638 60.5882 105.196 40.6473
639 50.5857 110.069 37.2727
640 57.1582 113.427 52.4182
641 36.9939 87.1385 36.0025
642 63.1126 114.063 53.6105
643 33.7143 108.994 42.3586
644 43.4149 103.023 40.3533
645 38.0262 113.332 46.717
646 40.1634 101.1 43.5983
647 45.5126 102.629 41.6126
648 34.2392 113.544 56.6868
649 36.8767 113.498 76.7999
650 38.8106 113.944 59.6109
651 27.4769 114.633 62.9445
652 53.0269 95.0599 80.429
653 51.8219 113.881 51.445
654 26.093 101.919 67.2658
655 31.8291 100.984 80.1961
656 72.6038 101.703 68.0186
657 21.692 90.2914 79.0629
658 50.7778 95.3666 84.5477
659 49.9714 103.791 84.0959
660 18.0762 93.8697 87.3788
661 39.1742 109.412 80.379
662 35.5956 113.072 82.8466
663 48.2631 111.46 86.025
664 40.7602 112.054 94.7059
665 35.4658 93.7235 85.4267
666 48.3876 112.127 94.6958
667 47.6494 84.0449 85.0378
668 49.5704 100.528 93.2902
669 33.6091 104.123 66.1947
670 40.4684 92.257 82.7281
671 37.9904 100.547 94.178
672 37.4319 101.974 102.827
673 45.7106 112.256 97.5942
674 34.1 82.9566 106.578
675 43.9342 109.069 110.919
676 58.7672 102.636 99.4216
677 28.7237 113.092 104.6
678 56.7534 95.3984 95.8449
679 28.8227 114.391 112.81
680 33.6103 87.194 125.382
681 48.8189 95.8161 110.799
682 40.7269 104.788 122.179
683 43.6292 87.0249 125.358
684 48.1954 114.558 121.674
685 24.9854 105.619 124.667
686 20.7281 114.208 119.66
687 41.8671 109.573 125.129
688 64.0822 101.052 112.458
689 57.7548 96.8419 124.93
690 50.7642 113.999 116.244
691 68.8077 0.0541085 4.15075
692 70.6687 15.1777 0.101972
693 83.6841 16.0348 11.281
694 83.8887 25.4736 7.73081
695 61.806 13.7778 -0.259326
696 55.8326 22.5523 22.5413
697 62.453 0.290432 14.7377
698 59.342 20.3029 16.3577
699 62.2538 21.5437 11.7857
700 59.0578 2.57151 35.1302
701 70.9103 13.7829 31.8202
702 84.7038 0.582342 18.3757
703 57.7236 12.3891 16.7213
704 68.0207 15.3441 20.3593
705 66.4936 17.8188 -0.0721316
706 62.2758 14.3485 41.812
707 67.4886 11.3291 44.9521
708 76.3778 26.385 35.9124
709 85.3219 24.1151 56.9325
710 61.2329 31.141 43.06
711 54.9211 2.86091 40.5114
712 56.3504 17.7721 44.1095
713 70.7447 2.45505 41.0061
714 75.0801 17.8546 34.8834
715 67.034 17.1313 53.7653
716 60.8848 17.4853 46.5208
717 54.5106 0.477853 65.2331
718 80.342 24.6872 47.0952
719 60.8613 -0.362631 73.5526
720 77.2436 21.8549 83.6641
721 78.2051 0.41793 81.912
722 66.4188 0.290251 70.331
723 62.6773 12.8909 67.9248
724 76.482 0.193111 86.4199
725 76.664 23.5352 73.1248
726 62.9473 13.1874 70.9353
727 68.4279 14.0539 88.8629
728 50.436 17.4744 95.011
729 72.1506 -0.409251 83.6526
730 62.2634 17.2652 87.7471
731 51.5936 -0.249467 86.7857
732 86.8789 0.145237 109.762
733 74.4855 0.123032 116.857
734 89.3641 0.208431 114.89
735 87.7856 20.0857 125.526
736 84.5792 29.9528 120.189
737 59.3125 22.6712 111.807
738 67.3193 -0.0600475 111.388
739 90.1907 17.4812 100.316
740 67.052 27.5405 126.001
741 61.6167 12.7555 125.19
742 70.0739 10.6133 113.956
743 87.1715 18.0038 111.602
744 56.9261 1.42181 124.909
745 80.6218 6.2327 124.878
746 63.9231 -0.0674631 107.706
747 63.8439 14.9845 125.189
748 75.784 26.4587 -0.54642
749 73.8555 43.5279 -0.343082
750 96.1842 43.4351 -0.828117
751 81.929 32.4154 15.8629
752 71.6903 31.2008 -0.501885
753 61.7648 23.8591 -0.442384
754 67.9009 44.6654 20.5934
755 54.8665 40.3386 21.8866
756 57.0691 41.1525 22.6498
757 41.7141 24.4574 24.7559
758 66.8866 20.1699 26.9786
759 73.974 43.6549 33.6911
760 56.5253 28.1967 52.0043
761 74.1954 32.4625 31.9683
762 59.5027 34.6682 36.4694
763 77.7372 19.4294 64.9954
764 81.6477 53.0053 43.1521
765 57.2252 34.7003 55.9312
766 60.3666 34.0644 54.0989
767 64.0928 36.7739 54.3443
768 86.5882 9.2188 54.6901
769 79.5538 43.8415 44.8255
770 89.2118 43.5157 56.6524
771 78.0127 24.6809 50.978
772 86.5348 37.3528 65.6861
773 72.5292 30.1843 77.5765
774 68.7806 45.1716 79.6726
775 56.342 29.8107 57.3169
776 65.0057 25.2022 70.5346
777 67.5039 37.2071 83.9325
778 76.4661 45.7881 64.2521
779 79.4921 34.2698 57.4336
780 75.0409 27.193 60.6931
781 71.968 24.6881 82.8748
782 64.1183 40.6444 69.442
783 60.9014 43.0215 92.9593
784 68.14 13.2559 86.3877
785 74.5276 34.1594 78.5609
786 65.8339 23.0909 81.9069
787 73.5333 39.7187 95.3351
788 58.6315 44.0166 93.8101
789 57.6631 46.1549 85.3679
790 70.6277 24.6911 86.9497
791 80.9584 57.9559 79.9613
792 63.7362 50.1494 78.9163
793 66.1193 19.679 87.2703
794 56.594 28.4524 108.407
795 56.6067 39.37 105.352
796 62.0877 36.8918 121.706
797 96.336 20.2393 107.816
798 70.8611 37.003 109.123
799 63.6096 53.2895 109.234
800 87.4914 30.9821 104.998
801 77.2262 21.1472 101.216
802 72.6413 24.0039 95.8889
803 61.5523 38.5466 89.5581
804 53.4487 35.0334 125.031
805 72.4948 31.2792 124.927
806 49.0514 30.2536 101.228
807 71.879 29.346 111.91
808 57.0464 33.5833 110.662
809 80.2663 32.2809 125.294
810 78.9719 44.9059 -0.109276
811 67.704 53.5346 -0.435062
812 75.7525 53.6394 -0.487501
813 61.3063 56.8035 22.6604
814 59.874 59.9277 12.2994
815 69.1684 52.6282 5.63762
816 72.0797 63.7826 17.2061
817 90.5077 65.5178 18.5459
818 71.3216 57.6231 7.56962
819 77.7672 60.2114 7.65071
820 83.3051 46.8121 13.7242
821 63.3974 53.7341 14.1206
822 59.8071 57.7022 15.5484
823 58.6757 65.4319 32.0907
824 64.5921 76.1887 23.0889
825 62.3029 64.0679 32.382
826 61.714 58.3505 14.225
827 61.5829 55.4564 15.1252
828 79.2647 72.4953 45.1916
829 85.6979 54.1218 38.1828
830 75.3048 51.639 44.4981
831 81.4158 56.501 45.8723
832 58.1968 71.1078 35.0023
833 82.1267 52.7 32.0945
834 64.6872 65.6208 36.0073
835 62.4875 78.1704 32.5676
836 81.7034 67.8827 25.9184
837 80.9902 59.2438 45.7186
838 76.8482 56.4576 44.6402
839 84.694 48.9256 82.4204
840 63.2824 56.9238 55.7261
841 65.9205 72.169 62.3022
842 61.8774 50.0315 66.2546
843 61.4695 54.2575 72.0812
844 75.19 60.1445 68.2628
845 81.527 61.6397 53.785
846 72.9749 56.8263 69.581
847 63.4509 52.7764 68.0519
848 77.1464 62.6199 61.9505
849 63.2465 46.815 81.0738
850 83.4068 57.7663 91.3512
851 74.9129 69.0034 78.8767
852 74.1612 63.171 89.2859
853 66.4158 58.1345 76.3282
854 57.4287 37.5947 72.5056
855 71.0053 58.0656 76.2142
856 74.9541 45.9028 99.0552
857 74.8562 53.4717 91.77
858 86.0326 61.9762 91.6696
859 71.7243 50.6029 101.51
860 54.4963 68.2381 106.695
861 69.5755 53.0052 105.576
862 69.0582 68.9839 110.92
863 68.5333 45.0388 115.099
864 60.264 54.9307 92.5938
865 87.9471 47.9312 110.112
866 71.8837 56.4577 88.2097
867 66.6132 65.1648 104.791
868 89.3324 63.1389 115.476
869 91.1856 55.18 111.668
870 84.9533 45.8306 124.895
871 68.6669 65.6097 124.835
872 73.9907 59.7435 125.057
873 89.886 65.1604 110.572
874 92.1567 59.7828 125.224
875 84.1298 54.6729 125.23
876 84.2951 82.8798 7.79909
877 67.9684 72.0102 8.61828
878 91.0792 84.4448 -0.00138289
879 64.3622 91.3774 15.614
880 65.9352 90.6113 -0.267985
881 68.1776 80.709 -0.626815
882 62.0025 84.9857 11.6144
883 69.6732 71.0917 10.3825
884 65.9975 73.6021 -0.36199
885 66.9399 95.8111 11.7143
886 64.1289 71.8163 25.7325
887 65.9068 69.6514 8.99634
888 89.3284 65.8109 8.10235
889 68.6834 78.5288 22.9837
890 79.238 73.1419 24.6601
891 68.1332 93.8072 8.82056
892 68.3135 74.5762 39.2813
893 66.5565 71.851 35.04
894 86.6739 73.1204 40.1501
895 71.0044 72.7597 32.1939
896 81.6089 72.3152 39.0794
897 77.1137 71.9621 46.2905
898 88.4481 85.5667 20.6651
899 73.1868 66.5309 30.7181
900 78.8862 88.4689 47.053
901 72.6151 93.7796 44.7133
902 68.3848 73.1128 52.6585
903 68.1017 92.2426 69.478
904 77.4275 84.915 49.2224
905 77.675 67.3809 54.3729
906 58.7839 99.0562 62.793
907 75.5393 70.9676 63.3357
908 64.4497 86.0908 56.2017
909 59.0852 94.4555 73.8688
910 66.2567 88.0752 57.5778
911 78.162 70.406 89.645
912 65.8689 80.5866 85.0026
913 72.0248 96.3354 72.8189
914 62.1488 75.952 67.0091
915 95.8733 82.5292 78.8318
916 58.6779 73.7781 79.0869
917 55.9937 52.99 95.3087
918 75.3814 97.0698 96.8958
919 67.1553 75.5108 91.5192
920 83.2502 66.7326 87.0732
921 83.7752 93.9565 74.1944
922 72.5072 76.2986 85.1032
923 64.8692 75.3067 108.314
924 63.0809 81.5962 96.3855
925 69.4746 87.4882 102.862
926 57.8652 66.2571 88.7911
927 77.3365 85.3085 108.416
928 65.3388 82.1655 115.152
929 81.1756 70.8273 124.989
930 59.9873 81.9814 125.198
931 72.0751 76.8352 125.098
932 88.9484 73.3138 125.115
933 77.8097 72.342 125.162
934 71.9068 79.8443 125.258
935 61.5042 89.421 125.026
936 66.045 78.3541 105.688
937 60.3978 88.5885 111.042
938 86.9008 97.0359 7.3787
939 59.8845 97.4558 11.1108
940 51.7175 98.4495 9.8116
941 75.9494 90.5465 -0.176132
942 77.1195 99.3579 39.4536
943 76.0152 114.151 12.6419
944 72.3959 113.517 36.755
945 60.4605 91.8761 32.1758
946 73.9985 114.056 9.10543
947 72.4857 113.856 22.7879
948 64.0575 103.385 10.3142
949 56.4244 100.315 19.9655
950 54.3068 97.6219 30.4779
951 67.6594 113.8 27.7033
952 61.8216 106.078 50.2587
953 71.054 92.709 31.1625
954 82.9602 90.3893 39.3927
955 64.2491 89.9912 44.3219
956 72.9815 94.9756 55.9146
957 72.8078 113.765 63.8723
958 50.0239 101.141 61.9416
959 90.6138 96.232 49.2865
960 63.7797 87.0654 44.0726
961 73.9765 97.011 64.578
962 85.6154 113.789 61.5735
963 60.9042 114.872 45.1563
964 53.3694 81.8259 56.2346
965 83.9123 97.9451 57.4537
966 64.497 97.5232 61.3872
967 58.6477 114.325 50.2052
968 76.2727 93.3515 42.4116
969 84.4101 104.599 54.1561
970 94.9148 95.3008 71.0005
971 58.307 111.738 75.1971
972 69.8816 113.538 66.3016
973 82.605 99.2591 67.5709
974 62.2348 113.495 58.2021
975 68.2741 85.1467 77.0995
976 76.1406 111.908 89.6753
977 80.3982 100.231 66.1268
978 69.7719 91.142 95.8421
979 74.702 100.511 84.247
980 75.1883 95.4111 93.8353
981 78.6083 112.516 82.9111
982 65.6478 111.54 80.5602
983 76.2708 112.633 78.3257
984 58.2517 93.6191 94.4974
985 77.725 113.705 67.2542
986 85.0368 113.88 119.618
987 67.2432 103.235 101.631
988 74.9451 102.23 99.2356
989 77.2837 94.8914 95.2792
990 58.4416 92.4856 91.8692
991 70.8803 113.105 101.234
992 68.4975 94.2903 107.814
993 71.5398 106.08 107.092
994 59.1675 87.4912 99.0825
995 55.5388 112.484 101.801
996 56.8745 99.08 100.503
997 46.8602 113.408 108.455
998 69.0715 100.391 124.732
999 60.8834 113.975 119.87
1000 81.7926 104.464 125.031
1001 62.0903 102.016 125.252
1002 105.074 81.0359 125.007
1003 68.5161 95.6395 124.999
1004 80.1762 114.117 111.474
1005 57.7422 106.91 110.709
1006 92.0738 99.4813 114.259
1007 60.5594 100.625 124.861
1008 114.087 21.1117 6.11458
1009 102.056 15.2699 8.40809
1010 94.8338 24.1103 4.59313
1011 105.562 13.5749 8.01292
1012 93.2992 0.924307 0.673829
1013 97.9611 7.58676 12.3315
1014 78.3267 18.7148 18.5322
1015 98.9754 11.7159 18.5793
1016 93.7942 15.1619 28.1542
1017 101.158 -0.733923 23.5099
1018 92.9861 10.1458 10.799
1019 81.0937 0.599663 18.4183
1020 92.1735 7.20072 28.7631
1021 86.4544 15.3762 14.4255
1022 92.1133 15.8344 18.5182
1023 91.2688 6.16846 43.3342
1024 106.544 0.19076 29.8744
1025 96.826 30.9273 35.1835
1026 87.3126 19.7834 39.3651
1027 97.104 14.7615 33.1571
1028 96.3274 12.1664 33.344
1029 90.0998 17.113 48.3857
1030 93.3539 24.2669 56.7464
1031 95.4848 0.61637 64.4463
1032 110.355 4.0317 62.7037
1033 100.26 17.2627 68.0434
1034 108.885 15.1144 46.3992
1035 93.7945 -0.0382403 49.8091
1036 103.948 30.3556 38.8631
1037 78.0621 12.9186 52.1755
1038 105.712 13.4484 61.1472
1039 97.8675 1.14377 88.1559
1040 111.589 18.5777 74.6547
1041 88.284 0.421916 77.4509
1042 111.233 1.41418 73.7834
1043 95.9444 0.136488 69.2995
1044 94.7058 15.0286 74.2641
1045 99.7401 27.6202 62.4873
1046 102.211 1.03686 93.667
1047 75.7012 21.6229 85.8167
1048 111.082 31.4712 96.8346
1049 107.211 1.44785 86.9528
1050 109.881 0.821974 100.09
1051 111.218 24.3279 76.4791
1052 102.608 25.8777 81.7179
1053 111.684 19.0401 96.8377
1054 104.134 1.42872 89.6963
1055 108.93 0.491417 77.4097
1056 87.2604 19.8322 102.009
1057 111.717 1.96525 96.7088
1058 97.1239 10.996 108.035
1059 96.0513 0.400484 103.111
1060 97.2753 11.7099 95.949
1061 112.116 11.0163 87.0175
1062 91.2012 12.5803 101.853
1063 99.0628 15.3512 109.527
1064 90.267 0.0479954 110.959
1065 111.738 11.749 96.8615
1066 90.723 -0.0191075 123.69
1067 105.995 7.82448 124.875
1068 112.351 5.31673 124.837
1069 108.251 0.0791501 120.926
1070 90.7693 44.7705 -0.0936665
1071 93.3352 44.1425 8.57213
1072 96.9087 24.8046 3.47899
1073 101.749 39.4648 17.2766
1074 99.155 45.068 -0.233623
1075 99.5399 36.0212 -0.238735
1076 101.479 39.0748 20.5336
1077 104.456 42.5366 12.5091
1078 97.776 17.9791 22.7701
1079 96.1563 39.5754 12.5486
1080 95.5277 41.7246 34.1972
1081 111.159 40.3815 37.2775
1082 89.4168 38.4191 25.5857
1083 110.254 32.2854 29.1324
1084 98.4851 20.0097 50.0961
1085 78.2313 54.4376 29.4539
1086 95.0674 47.4218 44.8788
1087 109.18 34.0293 37.5527
1088 102.2 36.3021 55.5644
1089 89.5516 28.3639 27.8115
1090 94.997 31.7959 33.953
1091 84.738 26.9193 51.4967
1092 89.5775 22.5342 59.4853
1093 92.9466 26.0831 48.7531
1094 98.2038 36.5962 55.3373
1095 109.648 31.5764 45.084
1096 97.1183 40.5792 59.0776
1097 102.557 19.9636 49.8395
1098 95.8678 32.2653 54.5527
1099 108.718 24.7285 40.5383
1100 88.5626 36.6554 66.9751
1101 101.111 19.4615 56.6074
1102 105.838 26.0591 68.6526
1103 101.059 21.3343 56.0393
1104 88.57 40.9925 66.6782
1105 80.339 40.1679 77.4995
1106 98.3662 30.5627 81.7411
1107 96.1681 35.7657 64.6544
1108 94.1991 33.1095 74.1285
1109 110.427 38.4747 62.9685
1110 110.907 38.8231 76.5041
1111 102.539 44.0959 63.3359
1112 106.345 35.6243 73.763
1113 95.8557 32.2986 62.2156
1114 80.617 28.1219 85.5889
1115 88.6389 24.8545 70.3465
1116 111.218 39.9504 94.3929
1117 88.9793 16.7318 81.1311
1118 111.311 51.2181 84.2926
1119 82.8437 30.0034 89.1718
1120 88.7132 36.2542 87.9786
1121 80.5958 43.3378 79.9921
1122 86.1713 34.0728 84.1665
1123 88.026 52.9187 85.4003
1124 88.6405 34.2134 103.319
1125 102.587 37.6389 96.4071
1126 91.2829 31.0289 98.9261
1127 90.8587 36.5772 114.186
1128 92.5291 24.3056 98.0128
1129 108.99 31.4511 124.983
1130 108.272 27.7589 124.921
1131 99.7298 47.4674 125.547
1132 102.053 40.9223 113.159
1133 114.237 36.0082 117.299
1134 112.108 32.4459 125.255
1135 100.92 35.9329 115.535
1136 93.7415 38.552 108.809
1137 96.3995 59.7897 19.4502
1138 101.843 42.9523 11.1329
1139 103.031 47.0608 -0.210449
1140 106.054 56.4846 12.9201
1141 110.913 60.9417 24.915
1142 102.444 63.5498 24.3756
1143 102.602 75.4807 24.5378
1144 102.469 60.8294 24.7209
1145 88.8744 49.1861 15.652
1146 111.232 52.2629 27.759
1147 111.521 53.8375 25.4393
1148 98.6331 64.5468 21.6154
1149 94.139 73.3368 13.9308
1150 88.7951 57.614 26.0314
1151 90.7113 58.3663 24.3981
1152 90.0899 52.8861 47.0055
1153 93.1677 57.1457 39.159
1154 100.813 63.6037 36.6164
1155 96.704 58.2216 44.1992
1156 88.8775 51.3122 51.6767
1157 111.714 48.4403 18.9981
1158 100.88 62.1316 54.5114
1159 98.3739 75.3431 45.739
1160 111.039 69.0936 63.9297
1161 111.443 60.5292 55.6048
1162 90.8987 52.0411 50.07
1163 83.1635 55.8569 62.8257
1164 99.2908 58.6508 48.1066
1165 111.363 50.0234 59.0784
1166 84.377 66.4434 41.2262
1167 111.63 64.5049 44.0653
1168 87.068 51.4073 47.5837
1169 87.0655 57.6458 60.5489
1170 100.523 52.7331 85.6012
1171 111.294 69.778 81.689
1172 111.15 61.7707 73.606
1173 94.8464 58.0538 76.2276
1174 84.917 47.7672 64.1163
1175 92.8527 62.694 87.5028
1176 98.851 77.6598 76.4275
1177 96.8594 63.6684 74.9048
1178 86.916 70.6178 78.7344
1179 82.5047 60.8071 84.3397
1180 86.964 60.5654 68.6613
1181 96.7751 55.0019 70.0803
1182 96.7068 57.4252 77.5879
1183 104.681 42.0497 105.355
1184 69.1658 63.6476 87.7686
1185 93.472 50.121 87.3103
1186 100.469 47.3795 85.1857
1187 111.35 64.3797 86.8956
1188 111.151 63.5914 84.0433
1189 95.2009 63.7401 91.9835
1190 100.276 52.9028 79.804
1191 102.568 60.9206 86.2407
1192 89.1296 48.9573 97.8367
1193 87.017 58.6671 91.8729
1194 86.7478 47.4773 89.0721
1195 111.734 59.8493 102.139
1196 96.5077 71.8062 83.0018
1197 93.1937 62.2363 105.761
1198 106.738 58.3421 105.31
1199 87.4825 64.3611 96.57
1200 86.6237 54.1318 114.347
1201 86.0681 64.8411 125.3
1202 96.3506 41.8007 105.578
1203 107.706 59.9542 125.695
1204 96.0252 78.5637 108.963
1205 96.2355 57.393 125.016
1206 110.188 64.9449 124.963
1207 94.27 87.7366 -0.320314
1208 87.6765 67.8298 -0.267024
1209 102.23 86.2981 12.9626
1210 114.19 86.8753 19.7573
1211 83.3663 97.1034 9.14481
1212 114.134 78.7313 8.51926
1213 90.18 78.1751 -0.238201
1214 83.9056 70.0315 7.48458
1215 102.08 78.7183 9.69766
1216 106.338 87.7113 -0.129478
1217 111.415 83.1308 25.2769
1218 111.282 68.8595 21.7678
1219 96.52 84.3428 33.2987
1220 84.7193 86.3785 17.701
1221 111.384 66.1649 40.0676
1222 114.115 81.9684 12.5356
1223 85.3389 93.8186 25.0685
1224 99.177 91.7781 21.6245
1225 84.695 80.6811 15.4325
1226 92.7842 77.965 44.2194
1227 110.733 88.7787 35.2347
1228 93.0916 72.9373 43.9249
1229 97.4898 67.9635 49.4262
1230 85.3072 82.8628 49.785
1231 75.4869 67.7631 45.0628
1232 111.155 80.7206 42.0963
1233 98.8618 92.4566 39.569
1234 98.6491 80.704 55.442
1235 101.351 75.3157 49.468
1236 97.2596 95.0977 67.2981
1237 86.7393 78.0832 53.4394
1238 111.238 82.1173 47.3682
1239 92.3012 89.5049 56.0462
1240 88.2808 91.6525 61.1671
1241 101.123 79.6456 78.1731
1242 91.021 67.3379 76.1363
1243 92.6852 78.7525 46.7162
1244 91.3311 67.2123 60.4683
1245 109.921 90.2624 73.154
1246 111.012 56.7053 71.2925
1247 90.8596 64.4471 73.5807
1248 110.882 88.1375 62.8507
1249 100.812 68.5205 82.7812
1250 98.8663 72.3804 81.7868
1251 97.0006 79.9593 88.1735
1252 79.4822 83.8112 94.2815
1253 111.568 71.3227 86.7872
1254 83.3645 70.0559 75.9736
1255 97.737 79.3079 98.71
1256 111.337 75.7407 84.6407
1257 90.9922 79.9028 89.7564
1258 111.547 80.9198 86.7572
1259 94.2695 77.8028 101.985
1260 97.0504 89.0856 98.6732
1261 109.834 98.1986 99.0845
1262 96.7798 84.7635 113.15
1263 96.3589 81.8858 110.9
1264 74.6985 73.1391 99.3402
1265 111.735 85.9845 92.6686
1266 109.11 72.1111 120.054
1267 88.2833 69.6818 125.022
1268 114.21 73.0538 115.754
1269 92.2523 72.1241 125.227
1270 114.161 93.232 117.594
1271 114.289 79.8489 108.168
1272 94.1339 87.1629 125.201
1273 102.392 84.2594 104.768
1274 112.293 94.5182 125.305
1275 78.802 74.4049 116.702
1276 114.372 83.9039 111.236
1277 92.1876 81.9211 125.285
1278 92.246 66.6306 118.835
1279 98.5301 82.9631 113.706
1280 104.889 58.7555 124.877
1281 114.174 99.2576 4.09608
1282 99.9759 113.902 26.3615
1283 110.703 114.791 14.581
1284 114.214 97.8329 13.4929
1285 90.4917 100.138 11.4116
1286 109.271 94.1234 18.0377
1287 92.8918 100.8 30.4092
1288 97.1249 96.9488 25.6345
1289 111.383 100.409 33.8755
1290 103.431 88.0708 19.1208
1291 93.5196 103.342 15.3239
1292 81.0004 94.4229 25.3727
1293 101.037 101.571 33.0097
1294 108.779 114.246 34.6652
1295 85.169 113.427 44.1164
1296 97.1313 103.056 37.9141
1297 93.0451 106.473 40.0463
1298 102.977 112.912 48.8682
1299 111.786 99.7418 41.3149
1300 107.022 101.53 36.9208
1301 96.9576 100.933 15.5365
1302 91.1917 86.7179 36.9802
1303 106.657 113.801 51.4797
1304 111.087 92.3149 47.5002
1305 111.471 107.572 49.549
1306 100.489 113.65 52.6683
1307 83.7504 95.4519 58.3447
1308 92.8718 102.329 49.933
1309 105.594 107.729 61.9305
1310 86.6044 92.267 59.5786
1311 89.368 89.5584 93.3833
1312 101.646 93.0622 67.6836
1313 104.541 113.657 62.8249
1314 93.2005 115.343 81.016
1315 100.871 97.9297 67.2823
1316 97.0991 96.2014 69.7354
1317 107.913 103.6 87.2393
1318 99.8517 102.777 84.5705
1319 88.9729 95.4888 88.772
1320 92.8803 82.8953 64.7525
1321 109.319 94.2734 77.5941
1322 108.722 95.797 82.2246
1323 107.133 113.665 87.2213
1324 111.916 84.302 96.9323
1325 93.3634 100.244 102.902
1326 106.326 89.4937 102.74
1327 85.2258 83.4174 98.288
1328 114.058 90.8554 122.76
1329 111.986 102.511 104.531
1330 101.91 114.316 107.929
1331 88.2576 101.991 105.811
1332 85.4754 104.259 107.706
1333 82.1344 114.178 107.968
1334 100.129 101.47 118.041
1335 90.1697 100.551 109.416
1336 114.062 103.306 122.974
1337 114.395 65.966 108.88
1338 114.56 110.918 105.742
1339 100.894 111.898 113.212
1340 114.207 104.618 115.075
1341 94.1185 99.949 113.683
