0 9.3698 18.867 -0.118501
1 7.78232 -0.0121157 5.46097
2 11.5477 23.6157 15.0222
3 37.4179 0.145379 12.1979
4 27.3486 3.86291 -0.0967674
5 11.2458 13.6824 -0.230826
6 2.83312 5.82264 7.48102
7 14.2736 -0.0985074 14.2553
8 21.637 11.418 -0.0895483
9 -0.883831 14.9749 1.52753
10 9.51993 9.63435 46.9771
11 7.48265 9.61314 17.5474
12 13.1797 17.2938 15.938
13 6.55007 -0.864454 24.8388
14 18.0507 1.45257 24.6799
15 12.5176 18.3462 29.9844
16 8.28279 20.5041 61.9744
17 31.7254 -0.501282 49.5593
18 8.65245 24.3841 54.9137
19 23.347 18.2475 26.3631
20 33.7927 -0.590181 46.1511
21 14.3018 0.423252 22.2488
22 32.2049 20.7286 46.9523
23 24.1462 1.78421 28.0667
24 8.83627 39.4806 52.4754
25 29.4843 14.9655 61.7193
26 31.4142 12.5873 53.9501
27 8.68219 22.8083 60.1631
28 24.5217 16.8264 71.175
29 28.1011 0.406975 65.0431
30 8.04706 22.2008 64.9385
31 15.3709 0.963786 70.7589
32 29.9235 21.1437 45.5511
33 30.5628 13.9311 68.0607
34 7.05133 18.8404 75.079
35 32.2699 16.8939 84.1111
36 19.1299 0.0108073 64.1035
37 28.0986 20.0247 63.7113
38 20.4547 -0.474273 88.8738
39 14.4852 1.33284 85.4715
40 36.8367 12.0545 89.618
41 16.9211 22.3446 83.2803
42 32.062 13.7758 85.1281
43 22.06 -1.27714 93.3338
44 22.604 -0.635803 91.8781
45 25.0908 -0.412507 87.9447
46 16.2511 6.65409 87.4975
47 9.42153 0.412952 94.8269
48 28.3398 12.3554 96.0839
49 21.633 16.7552 118.349
50 25.2721 10.1067 127.394
51 25.4204 7.18909 110.016
52 2.2668 15.33 101.071
53 20.675 13.5194 100.964
54 21.2062 11.1445 112.047
55 23.1356 20.6754 104.816
56 17.4158 17.2872 109.666
57 19.2815 22.9992 108.694
58 7.62898 25.344 72.1265
59 15.1259 12.0461 94.384
60 -0.81294 15.8039 101.333
61 16.1121 0.0189457 122.05
62 27.4612 15.1386 127.156
63 20.6105 8.5404 126.709
64 1.44934 0.321492 119.765
65 11.2143 8.7334 122.058
66 24.9419 46.8057 15.704
67 25.2723 45.8671 25.0313
68 19.2567 38.6514 6.99552
69 -0.9113 36.7223 2.00544
70 15.2677 31.6721 20.2287
71 -0.875642 46.4847 1.90101
72 25.551 31.1463 -0.209556
73 22.2291 29.6013 -0.221642
74 23.0017 42.6016 21.4451
75 -0.929053 42.4764 12.409
76 2.28003 47.2181 35.3488
77 4.05592 40.1694 12.8335
78 8.99306 30.187 49.5558
79 4.74089 34.7818 37.6319
80 17.5438 34.4162 50.4241
81 16.5975 39.8365 46.9234
82 15.6424 34.4629 27.9468
83 8.65496 33.0843 56.6664
84 7.8498 41.7912 27.2955
85 8.84357 33.9939 51.7584
86 28.7958 33.1113 50.2693
87 23.9441 44.5883 42.9837
88 26.2551 32.4599 53.4859
89 9.20792 22.9567 50.0306
90 28.6531 39.3712 52.4931
91 28.1668 40.53 55.2895
92 6.25648 31.7036 84.4052
93 25.6023 33.0348 57.7549
94 23.8892 32.3831 54.6047
95 30.3362 37.212 59.2147
96 18.3363 44.607 52.6967
97 22.5432 47.0647 46.7158
98 26.5977 29.0236 56.2969
99 8.41763 26.1208 62.3124
100 26.7408 25.1104 85.5746
101 17.0623 38.4038 67.7407
102 7.29626 13.245 74.5781
103 27.5808 47.1646 79.2827
104 35.4628 43.5225 64.8263
105 6.77427 35.4085 74.3122
106 27.9372 35.3578 59.3412
107 21.829 31.0281 84.1383
108 26.0243 28.677 95.2976
109 35.7938 28.3069 85.9893
110 20.7174 26.2158 80.7817
111 6.13858 32.8937 88.7657
112 29.9713 43.0895 80.6571
113 5.53783 32.3759 98.5266
114 19.5258 30.6485 112.621
115 17.426 42.8563 104.7
116 24.4564 47.0508 95.5525
117 28.2173 42.7671 90.9377
118 4.62253 39.6101 99.687
119 37.7659 47.9 116.25
120 24.6583 26.5654 100.655
121 4.09977 45.7911 97.1842
122 14.5059 29.4324 109.329
123 16.7841 48.3056 97.9458
124 17.2804 22.2459 113.694
125 18.1063 38.4148 114.247
126 24.0838 41.1586 119.745
127 22.313 44.6733 118.633
128 11.6639 39.3773 120.142
129 22.7851 46.3571 123.501
130 8.0494 36.1347 126.916
131 16.5734 46.1027 127.103
132 31.7154 17.7914 127.147
133 29.2522 32.622 122.72
134 32.556 61.3319 8.44984
135 10.0452 57.1492 0.166686
136 19.6582 67.5101 17.9789
137 29.2402 61.904 12.8209
138 1.78091 51.3662 18.9001
139 -1.03066 65.7462 13.341
140 16.9842 32.8518 18.2513
141 11.6471 49.0896 20.7705
142 2.09214 57.5976 21.9318
143 17.6428 52.4299 19.5737
144 30.085 43.2414 29.462
145 15.5162 66.1672 24.2445
146 13.4232 60.4923 11.2609
147 23.0779 62.1152 34.8572
148 19.7811 34.2691 32.3894
149 32.7693 50.8897 40.8
150 31.397 56.7744 47.5324
151 6.29513 51.6548 38.7208
152 8.45525 60.0111 58.1655
153 34.3809 56.809 48.4575
154 33.1543 53.9033 30.0948
155 23.2569 59.1845 39.4866
156 17.1768 44.0089 47.746
157 2.96937 50.9399 37.8566
158 14.1478 54.8407 51.0748
159 6.4576 67.7803 49.4414
160 25.7872 69.8989 38.6429
161 20.5995 59.2731 74.9091
162 24.5281 61.7784 62.1506
163 13.4087 46.5869 62.5712
164 33.0526 62.6486 51.8162
165 28.0009 45.7298 60.5302
166 31.3192 60.1867 60.497
167 6.3157 33.6803 39.9575
168 5.30444 60.778 75.753
169 29.2401 62.2228 70.0524
170 25.2353 62.4785 81.7723
171 35.6356 66.2941 71.198
172 4.68295 55.9301 79.3036
173 29.9955 64.6547 85.2823
174 32.306 37.8119 96.2553
175 2.99096 67.6767 91.5581
176 15.7132 51.9431 89.6324
177 32.4568 57.8793 78.1306
178 26.9262 44.2107 89.9263
179 27.3097 60.2697 85.3135
180 4.33498 49.4734 89.3134
181 9.2127 65.7406 104.984
182 6.12063 74.2006 98.6644
183 36.3867 52.5457 86.5798
184 15.6895 60.6805 98.758
185 18.6913 57.9552 100.801
186 -0.768226 50.1536 108.393
187 14.9584 68.1302 101.39
188 1.68698 74.337 109.168
189 12.173 63.0974 127.026
190 4.2578 53.7707 127.106
191 1.11713 67.5904 127.223
192 19.4314 66.2298 118.504
193 19.6684 69.8851 127.384
194 -0.693943 55.0214 115.744
195 7.46786 57.4639 127.392
196 20.4761 48.5826 126.96
197 23.5335 47.1267 120.305
198 28.7077 63.4368 127.232
199 -0.589166 68.7253 8.54576
200 -0.659406 88.7484 8.66152
201 15.1709 78.5851 20.9183
202 22.1599 79.2477 14.2194
203 23.5747 81.0169 6.39386
204 18.0654 84.4007 0.151028
205 10.0102 77.1224 -0.0236078
206 23.8334 78.9049 3.41716
207 2.15905 75.7112 11.7321
208 19.3065 63.3674 -0.510002
209 7.045 84.9443 47.9337
210 30.0426 75.1953 33.8721
211 11.4164 88.1779 13.8562
212 33.9539 77.5067 22.1247
213 24.0562 71.544 24.7673
214 13.5151 81.1092 16.8725
215 31.4122 73.4797 23.9641
216 17.6475 81.5322 19.9542
217 19.2102 80.2761 28.5327
218 12.8189 84.0862 22.2336
219 11.8324 61.6597 20.414
220 15.5604 70.4914 37.4055
221 22.1253 80.353 37.0133
222 22.9048 84.1719 53.1015
223 3.96168 90.2723 32.3076
224 17.1287 85.1922 44.1275
225 15.2994 85.0997 30.555
226 30.9977 77.687 42.09
227 18.9392 95.9922 42.769
228 24.0429 72.1305 45.2246
229 8.02159 81.4733 59.9789
230 28.7251 91.4051 62.769
231 26.0835 68.0349 40.8377
232 10.0491 100.066 78.8489
233 28.7029 80.7349 62.1159
234 31.7004 60.7152 50.4612
235 18.2214 62.3113 73.3649
236 17.204 62.8765 60.9214
237 18.2095 71.6904 59.1835
238 8.21743 70.8252 57.5577
239 7.72155 53.8666 63.6882
240 16.1849 65.5545 44.422
241 32.8779 69.8502 74.0673
242 24.8981 64.6933 75.4241
243 28.2051 73.6474 79.3213
244 27.4667 102.886 85.0066
245 9.7808 85.2563 74.6306
246 32.8612 90.0158 61.9015
247 24.3965 61.9111 69.4689
248 34.937 91.8418 55.1537
249 7.50131 98.4195 62.5551
250 31.7927 64.6613 83.5442
251 9.74394 80.2014 74.6365
252 25.0767 57.8709 88.8656
253 18.5967 94.3443 84.5304
254 13.3599 64.0171 78.5089
255 18.3193 84.0238 91.3559
256 27.5565 88.9049 89.4494
257 20.7893 70.123 103.074
258 16.6857 96.7047 98.103
259 5.48476 90.3592 95.7158
260 5.80071 79.2414 85.4649
261 12.7736 89.1987 81.0499
262 14.4889 96.0747 98.2388
263 18.542 74.0546 91.4143
264 9.94098 74.1694 98.2649
265 2.23873 73.7697 101.768
266 21.7052 85.4603 96.012
267 2.20204 77.1719 97.06
268 33.3248 99.3894 98.0222
269 12.2521 73.1372 100.192
270 2.34153 82.1935 98.8609
271 18.1079 86.5259 118.49
272 20.7929 77.9988 127.203
273 -0.49389 72.5364 124.415
274 4.81099 86.6957 122.102
275 19.6309 74.269 110.299
276 24.9753 72.4125 110.409
277 40.6599 83.1426 127.108
278 26.3003 111.977 -0.0549938
279 29.5816 100.617 -0.312797
280 18.7072 92.0886 0.0322506
281 3.13931 113.719 9.22213
282 19.607 114.742 4.27563
283 1.24147 97.7096 -0.165075
284 25.5612 89.197 31.188
285 -1.06173 95.6378 13.4138
286 22.9544 114.414 18.8761
287 23.4528 103.706 30.8416
288 11.172 107.847 38.3132
289 5.43583 106.742 12.0203
290 3.6291 99.6281 19.9994
291 20.3168 114.281 17.2458
292 3.64979 95.5475 22.4313
293 30.9423 114.768 39.6068
294 26.1217 96.5659 25.9802
295 7.72679 113.464 21.241
296 29.6461 113.99 12.7797
297 24.3936 95.186 26.9067
298 23.967 113.255 42.4349
299 29.9272 87.9862 28.9775
300 30.4658 107.115 54.8528
301 13.4674 112.888 32.7353
302 23.8386 101.293 30.9173
303 11.3022 112.889 38.2004
304 4.42704 107.327 42.2672
305 28.7134 103.942 35.3207
306 22.7194 113.895 37.7199
307 17.7064 102.041 23.1976
308 19.6601 108.687 31.2395
309 17.1424 105.824 46.6009
310 15.4875 110.229 43.0857
311 20.6158 95.1345 44.4836
312 27.2207 102.956 46.6007
313 31.2355 102.55 46.8435
314 7.1811 90.2218 55.4427
315 14.2046 116.103 85.4195
316 20.5646 104.431 62.8506
317 9.2028 111.455 73.5291
318 11.3266 103.361 62.7461
319 17.8326 101.743 75.8612
320 25.601 114.469 68.0409
321 28.3408 105.753 100.358
322 34.5712 113.232 75.8742
323 28.9038 114.925 77.0144
324 16.8069 106.078 100.383
325 24.6539 85.7491 98.3947
326 11.3293 112.105 85.1588
327 7.14324 95.5237 94.8197
328 22.8943 90.7983 89.2425
329 27.0523 97.8717 121.334
330 23.4534 97.9146 74.2903
331 19.8716 114.16 100.319
332 6.95635 101.439 116.633
333 9.71375 105.743 92.5259
334 22.1386 113.698 109.225
335 24.2581 113.748 107.16
336 2.84658 114.664 113.657
337 17.3605 99.9642 100.179
338 26.0601 114.729 126.212
339 31.7428 109.34 127.282
340 -0.511742 102.007 115.594
341 16.7655 105.632 126.894
342 -0.935519 110.741 110.95
343 36.791 13.9565 8.18976
344 26.4898 4.66874 7.09991
345 51.3396 -0.174922 8.90563
346 45.757 16.3189 -0.0246536
347 58.7585 -0.130019 14.2066
348 44.7971 21.5416 1.2056
349 34.5451 12.6846 -0.0590795
350 47.563 20.4901 8.24573
351 40.9247 26.1965 8.10593
352 21.1892 0.532754 23.2503
353 54.3416 2.03176 25.2019
354 41.6044 2.39499 20.6438
355 52.3682 2.62732 29.7845
356 48.7952 2.35382 29.8126
357 41.6665 20.6552 34.6493
358 33.8021 26.1105 11.3916
359 58.2397 15.6837 21.719
360 37.1421 24.6848 15.8524
361 35.0596 2.47715 33.043
362 31.2047 13.1405 47.5144
363 63.2158 13.9724 44.8497
364 51.9549 24.0892 44.6946
365 48.4751 -1.08677 61.9041
366 36.5146 15.3717 61.292
367 31.3329 12.9134 40.1326
368 46.1755 10.557 62.1697
369 41.785 -1.60307 79.7764
370 43.5392 23.1987 62.4823
371 34.0594 14.058 57.6711
372 38.56 18.7577 62.5267
373 57.9928 16.07 51.0286
374 41.7321 10.7206 79.694
375 59.7345 24.5055 73.2272
376 39.5434 20.3618 76.3126
377 39.7117 -2.04548 84.4204
378 58.471 14.4944 93.4651
379 43.3769 4.29693 96.7861
380 28.9654 8.6899 92.1077
381 74.9897 -1.07142 93.0098
382 42.6353 23.5691 85.9459
383 39.6631 6.09323 94.4688
384 40.7919 9.45872 96.5462
385 19.6874 -0.159174 91.224
386 33.2569 4.25691 89.3458
387 56.7317 -0.146278 108.939
388 25.739 -0.627379 98.2833
389 48.9983 22.2685 103.082
390 50.4268 21.9965 104.43
391 51.4876 18.9842 111.051
392 41.1481 -0.901941 103.664
393 53.3679 12.6563 127.225
394 39.4964 5.24114 127.263
395 39.5459 15.1357 127.41
396 43.0906 14.2817 123.508
397 36.1748 1.33617 126.883
398 37.4835 -0.166302 120.271
399 43.7027 17.5108 110.165
400 55.8186 12.4029 127.09
401 44.5898 8.96779 126.984
402 30.3573 32.4969 -0.0414141
403 33.4582 42.9845 18.2138
404 33.3683 41.5049 -0.597589
405 47.624 35.9082 -0.463579
406 53.5407 41.3441 -0.398785
407 45.7066 35.7005 14.4953
408 23.446 48.5554 6.8406
409 45.4729 30.463 11.7418
410 31.3539 28.7326 -0.256933
411 51.5045 39.0435 -0.366897
412 32.1992 44.4584 3.52404
413 37.4649 45.6125 7.81874
414 36.628 49.3397 17.6023
415 34.5897 37.9301 23.9113
416 47.4125 43.5701 26.2684
417 48.7303 54.7075 17.8583
418 28.096 39.9458 23.034
419 36.6081 37.1684 25.0699
420 23.7747 43.0987 18.3572
421 38.3606 22.0037 26.3341
422 33.3176 32.536 50.6165
423 55.308 27.0517 39.311
424 52.7691 48.318 27.7681
425 37.8105 34.2263 24.5417
426 56.7785 33.1772 40.2119
427 56.6554 26.9385 42.7505
428 42.639 28.1351 21.8774
429 47.9027 46.9853 44.0389
430 41.6428 45.292 35.3365
431 61.3389 26.0359 40.1816
432 31.9054 27.3136 35.3148
433 51.0777 38.0982 44.1051
434 37.7511 23.8162 61.4035
435 41.3937 21.7288 53.1147
436 51.2663 48.6184 71.2577
437 33.918 30.1172 51.0827
438 44.1029 52.4705 89.4128
439 44.9909 44.0385 79.7592
440 60.3234 48.4314 72.905
441 44.3629 26.7574 66.3324
442 47.8683 30.5325 63.4473
443 35.842 36.5786 70.9409
444 42.9474 32.2621 80.8551
445 43.6519 31.6867 70.6173
446 44.8676 17.6446 80.1449
447 53.4299 25.7186 62.3324
448 48.1684 19.8185 80.3799
449 42.9392 39.8118 78.8314
450 46.8361 42.2848 54.9896
451 43.4338 34.7884 73.0635
452 36.3111 51.2558 88.728
453 49.6687 55.1125 79.8566
454 33.8643 39.3729 60.9763
455 49.0362 22.0185 85.1386
456 31.8162 44.6556 78.6574
457 53.7519 29.6104 70.3072
458 40.9393 23.6682 82.2905
459 31.1441 48.3085 96.5678
460 62.1756 54.4521 97.5563
461 48.6949 39.109 79.1089
462 52.8336 31.2813 93.6294
463 41.5906 47.4607 97.7344
464 56.6844 28.478 94.3406
465 40.3868 32.1633 101.478
466 53.6128 27.607 105.506
467 38.041 21.4781 109.54
468 44.4813 46.4236 105.85
469 37.5296 23.9659 111.339
470 24.1057 43.7963 119.937
471 39.2179 46.8086 104.441
472 51.6272 38.8797 118.102
473 40.8798 39.9244 122.374
474 31.667 27.6163 127.399
475 40.6185 28.7091 126.935
476 50.3356 49.78 111.915
477 53.6874 46.4641 117.835
478 56.6405 28.4985 126.833
479 43.242 44.9638 113.547
480 33.9106 55.0998 0.0336452
481 46.1203 51.8514 14.1136
482 54.4849 69.7161 0.125301
483 41.4792 58.1268 21.8205
484 27.0201 48.9069 31.5607
485 28.9492 42.7744 32.8357
486 33.8868 62.1285 35.0736
487 37.9409 70.5632 29.1941
488 50.8629 58.1499 23.9432
489 54.6601 60.2466 23.8149
490 38.8386 65.0638 28.8097
491 42.9601 72.1887 21.3732
492 41.5402 67.6965 25.1152
493 47.4541 55.0346 44.1772
494 39.4165 43.4779 29.5208
495 43.038 60.961 31.2473
496 55.2363 49.3918 48.9152
497 36.3625 64.4572 30.1862
498 31.1343 67.6985 40.3636
499 32.1827 64.7855 36.3441
500 51.1222 56.3897 60.8067
501 38.5695 56.6512 63.7641
502 43.6222 52.548 44.5653
503 40.0592 58.4383 61.4899
504 39.6874 61.8505 55.7125
505 47.1059 58.2361 52.814
506 60.7733 73.4455 66.7778
507 50.1596 64.3031 77.827
508 33.0194 59.5373 67.7885
509 48.8848 54.0344 88.6602
510 25.0587 59.8952 75.7374
511 36.4444 62.4074 81.3969
512 41.6598 58.4303 56.6897
513 41.8273 57.7423 73.7075
514 41.1271 62.6711 82.155
515 34.2005 64.558 85.2228
516 42.9351 62.9055 89.6065
517 42.6322 70.7378 94.4023
518 45.5627 62.568 74.1418
519 51.1001 60.6957 101.861
520 44.2022 59.6875 88.6953
521 44.5942 61.7494 107.749
522 66.889 56.0329 76.8779
523 63.1319 55.8012 74.1417
524 38.1786 51.1774 109.34
525 44.6674 53.384 127.055
526 33.5293 56.1135 107.264
527 52.9767 57.7309 110.515
528 38.9036 58.8711 104.189
529 29.398 57.4899 112.89
530 41.2875 64.5843 102.591
531 31.5457 62.4135 127.531
532 35.7366 67.0592 117.334
533 49.0619 65.7999 127.051
534 27.0071 53.1336 107.269
535 45.6123 60.9323 115.044
536 56.5175 49.5251 122.321
537 41.4816 88.1446 -0.110412
538 45.6864 83.3002 -0.27265
539 37.8937 71.8674 19.2868
540 49.9483 56.1212 16.9794
541 54.9089 87.2872 9.13043
542 25.0285 79.7675 12.8006
543 27.3757 73.144 -0.539911
544 44.6492 76.6778 24.4382
545 42.9159 82.7733 30.3395
546 55.2595 75.7074 25.6652
547 41.6595 103.122 21.1496
548 33.8521 76.032 24.486
549 50.3791 73.3121 18.612
550 49.4512 88.0834 21.6519
551 53.716 99.6354 18.8985
552 41.638 92.2854 19.0727
553 45.3653 89.1616 35.9266
554 55.0086 73.7757 18.8818
555 51.3526 67.0788 35.8155
556 27.9685 63.8442 33.9364
557 36.9681 88.839 41.0846
558 45.0964 82.1889 31.7936
559 62.5374 75.9805 25.4998
560 41.8971 73.354 41.199
561 40.4187 78.9093 39.4785
562 51.3482 72.3961 30.3875
563 62.6991 93.2023 30.1867
564 41.9058 84.6281 43.4986
565 55.2794 69.5846 35.5393
566 37.7109 86.232 40.8916
567 47.4844 96.0495 46.4127
568 49.2837 92.538 73.38
569 45.562 68.1328 41.5197
570 56.7692 67.2273 63.9221
571 32.0364 64.7243 41.9691
572 57.2249 63.3949 53.6256
573 49.2598 80.6321 35.4259
574 45.2114 59.4518 51.0712
575 38.8468 78.4653 54.7811
576 40.661 57.3193 58.4385
577 34.2409 86.7994 40.7666
578 40.7582 82.4734 48.5863
579 65.0858 79.3081 63.8265
580 62.616 90.3447 68.9282
581 51.466 91.0116 64.8379
582 41.3999 95.0154 74.7588
583 47.4777 71.7237 63.1092
584 33.7216 85.9234 72.5042
585 35.1261 70.0936 78.3762
586 39.4391 92.8564 73.5825
587 55.5663 72.6702 93.9852
588 20.5866 93.2075 98.2831
589 30.0794 80.8719 104.034
590 47.0712 82.5337 79.2575
591 40.969 73.5564 98.1886
592 56.6465 75.5738 90.8756
593 55.1541 94.4973 92.06
594 19.3749 88.6899 89.2972
595 30.7491 65.2887 99.1835
596 48.9467 88.8432 107.778
597 35.7751 74.3481 120.489
598 41.0434 77.5262 103.136
599 63.6444 79.3038 106.159
600 42.8114 75.0849 99.3174
601 50.719 89.5163 104.996
602 43.6994 71.5055 114.216
603 48.9808 101.024 112.94
604 66.3762 80.2481 99.5311
605 34.6483 70.3938 99.3605
606 58.4031 82.7783 106.876
607 47.6732 49.3902 106.316
608 40.8338 76.7839 100.464
609 34.0592 75.6564 122.754
610 42.2415 94.685 113.85
611 56.2278 80.5168 119.681
612 45.3918 93.8986 113.433
613 42.3922 74.7863 120.969
614 42.2429 77.7468 121.167
615 64.8079 78.0666 127.227
616 35.474 102.84 -0.145708
617 36.3012 113.537 0.712212
618 54.8385 114.759 2.03774
619 30.3456 91.7619 14.1293
620 51.2613 114.004 5.24053
621 42.5669 102.162 -0.013205
622 59.4228 103.732 20.5839
623 44.5375 114.364 10.4855
624 43.9315 95.4042 22.0015
625 30.397 114.687 2.12313
626 41.1386 99.8308 11.0049
627 43.7062 114.091 15.7722
628 36.1981 88.7007 34.4335
629 31.0966 105.788 30.2431
630 35.5944 106.358 19.8386
631 37.4306 80.1033 18.1146
632 25.5151 102.711 21.4469
633 49.8722 115.331 28.9418
634 37.3601 92.0156 19.2007
635 41.9225 105.364 28.5975
636 59.9639 114.976 22.6052
637 30.3445 91.9634 31.85
638 60.5894 105.649 39.9998
639 51.0471 111.353 36.7257
640 62.5414 115.097 50.9384
641 38.6895 89.5428 34.9445
642 63.3665 115.861 45.3197
643 37.0788 111.904 40.7199
644 44.3002 102.613 39.4665
645 39.0153 115.444 44.0416
646 43.2167 100.158 43.3225
647 47.1399 101.422 40.3768
648 38.1762 114.161 54.8642
649 39.7768 112.433 77.6767
650 42.7814 114.057 59.237
651 34.0524 114.129 62.4537
652 52.8585 97.7682 83.1721
653 51.5325 114.672 50.6279
654 29.6019 101.123 65.7532
655 33.6576 100.716 78.7493
656 72.2908 101.001 67.3728
657 24.8076 90.0298 80.7841
658 49.5808 95.7639 88.2064
659 50.2729 103.402 84.1995
660 20.0402 92.2481 88.5284
661 39.9096 109.948 80.93
662 36.1246 112.526 83.8265
663 49.5011 110.947 86.5037
664 41.2351 111.445 94.7958
665 35.3393 95.1183 89.2161
666 48.4301 111.118 94.5191
667 48.8697 84.8393 88.4374
668 48.8626 101.806 95.5944
669 36.561 104.508 66.1731
670 41.8479 97.7244 84.7232
671 38.4341 98.7014 96.7852
672 36.4165 102.969 105.347
673 45.9308 111.702 97.7671
674 35.0219 82.8889 109.097
675 46.1485 111.974 111.167
676 60.2561 102.04 101.007
677 31.973 113.161 105.243
678 54.7703 96.4509 97.0219
679 28.6112 114.29 114.898
680 33.6103 87.194 127.471
681 48.8189 95.8161 112.889
682 40.7269 104.788 124.269
683 43.6292 87.0249 127.448
684 48.1954 114.558 123.764
685 24.9854 105.619 126.757
686 20.7281 114.208 121.75
687 41.8671 109.573 127.219
688 64.0822 101.052 114.548
689 57.7548 96.8419 127.02
690 50.7642 113.999 118.334
691 68.8077 0.0541085 4.15075
692 70.6687 15.1777 0.101972
693 83.6841 16.0348 11.281
694 83.8887 25.4736 7.73081
695 61.806 13.7778 -0.259326
696 55.8326 22.5523 22.5413
697 62.7374 0.301017 14.5886
698 58.1384 19.0936 16.782
699 62.2538 21.5437 11.7857
700 58.8928 3.50223 36.7768
701 73.8621 13.667 30.0042
702 83.6781 1.1338 18.1085
703 59.9424 12.3131 15.8212
704 68.0333 15.3428 20.1263
705 62.2819 15.5282 5.66032e-04
706 63.1902 15.1171 41.0913
707 66.3963 12.709 45.4474
708 76.8869 21.3168 34.8146
709 80.9887 26.285 59.0029
710 60.4469 28.6657 42.2516
711 55.1311 2.75764 41.4597
712 55.9578 17.4613 43.0237
713 70.085 3.00996 42.3632
714 75.2344 17.3837 33.924
715 64.5547 17.7379 53.6992
716 61.9281 20.1153 46.6481
717 53.3081 0.543347 67.4517
718 77.6607 24.3382 47.2248
719 59.2551 -2.02597 77.8445
720 73.1616 22.8151 88.3539
721 77.6986 -1.0388 85.5936
722 63.7068 -0.46427 73.6271
723 58.2682 11.0462 70.1587
724 78.4542 -0.258645 88.0139
725 72.8262 23.382 77.2692
726 61.0418 15.1546 74.0688
727 66.9765 11.5757 93.1515
728 47.1685 18.7098 100.924
729 71.1414 -1.8814 87.1795
730 62.6044 17.8276 88.0055
731 51.9756 -1.37324 88.5757
732 86.5011 -0.125241 111.715
733 74.4855 0.123032 118.947
734 89.3641 0.208431 116.98
735 87.7856 20.0857 127.616
736 84.5792 29.9528 122.278
737 59.3125 22.6712 113.897
738 67.3193 -0.0600475 113.478
739 90.1907 17.4812 102.405
740 67.052 27.5405 128.091
741 61.6167 12.7555 127.28
742 70.0739 10.6133 116.045
743 87.1715 18.0038 113.692
744 56.9261 1.42181 126.999
745 80.6218 6.2327 126.968
746 63.9231 -0.0674631 109.796
747 63.8439 14.9845 127.279
748 75.784 26.4587 -0.54642
749 73.8555 43.5279 -0.343082
750 96.1842 43.4351 -0.828117
751 81.929 32.4154 15.8629
752 71.6903 31.2008 -0.501885
753 61.7648 23.8591 -0.442384
754 69.8848 44.2686 23.6038
755 54.7232 37.1828 21.2499
756 56.6561 41.9567 22.8685
757 38.8666 24.2447 26.3436
758 67.4912 17.6835 26.7136
759 73.0861 45.1478 32.2394
760 56.272 30.1215 50.5926
761 72.3801 29.7126 32.2863
762 61.0865 37.573 37.6352
763 74.1545 19.4495 69.0975
764 81.2376 52.193 42.2447
765 57.5262 35.3331 58.8603
766 62.7161 33.0385 55.6955
767 64.1009 37.5553 54.0037
768 82.4623 8.10628 57.5522
769 79.8314 40.0802 43.0535
770 83.6214 41.9624 59.4021
771 75.6464 24.7439 52.1217
772 81.7967 37.287 69.9948
773 69.2596 30.9622 82.8164
774 67.2914 46.0111 84.6578
775 58.3944 29.2213 57.7238
776 62.8441 26.9105 73.6651
777 65.2374 38.4618 88.6468
778 74.6757 47.196 69.2684
779 75.6331 33.6918 59.252
780 73.1558 27.8989 63.8163
781 69.0274 24.4987 85.6301
782 64.0351 43.9764 75.7286
783 61.1545 41.9624 96.1775
784 66.6358 13.2586 90.9281
785 72.8611 34.5711 83.4473
786 64.5771 23.7898 86.0605
787 71.2127 41.4502 99.862
788 57.6454 44.1718 97.6431
789 56.1423 45.2202 89.7879
790 69.4636 23.9279 90.9163
791 79.0105 58.0194 83.9388
792 62.6105 50.2354 83.9167
793 66.1387 19.6045 91.7548
794 55.5479 27.1666 110.053
795 56.8139 39.3318 107.945
796 62.1355 36.8739 123.707
797 97.2923 18.7369 110.12
798 70.7188 37.1383 111.611
799 62.2067 54.8533 111.89
800 87.4914 30.9821 107.087
801 77.6743 19.271 103.098
802 72.3359 23.3203 98.9222
803 60.0705 38.9246 94.2455
804 53.4487 35.0334 127.121
805 72.4948 31.2792 127.017
806 49.0514 30.2536 103.317
807 71.879 29.346 114.0
808 57.0464 33.5833 112.752
809 80.2663 32.2809 127.384
810 78.9719 44.9059 -0.109276
811 67.704 53.5346 -0.435062
812 75.7525 53.6394 -0.487501
813 61.3063 56.8035 22.6604
814 59.874 59.9277 12.2994
815 69.1684 52.6282 5.63762
816 72.0797 63.7826 17.2061
817 90.5077 65.5178 18.5459
818 71.3216 57.6231 7.56962
819 77.7672 60.2114 7.65071
820 83.3051 46.8121 13.7242
821 63.4973 53.9133 13.8664
822 59.6369 58.0084 14.2891
823 59.4764 63.7063 31.4833
824 63.6475 74.5967 23.2609
825 62.5466 65.4071 30.874
826 63.1534 59.3116 13.9358
827 61.6492 55.2716 15.0465
828 78.9556 73.4875 43.1793
829 86.623 45.5238 35.7976
830 76.0049 50.1264 43.5175
831 81.7222 54.9638 45.1499
832 56.9914 70.1752 34.5786
833 81.5937 51.8413 31.3784
834 65.067 65.5959 34.7782
835 62.578 78.0453 30.626
836 79.9543 67.8197 24.9304
837 80.871 57.7578 44.8793
838 76.889 55.6453 44.7384
839 82.1677 47.4766 86.6856
840 59.3177 53.4469 57.6866
841 66.9929 73.116 62.5361
842 60.1641 49.9245 68.2345
843 59.5851 54.2409 77.3847
844 72.9243 61.068 72.8957
845 80.1943 60.2919 53.9547
846 69.1633 55.9339 75.1318
847 63.0025 51.9788 71.3809
848 73.7643 61.9359 63.935
849 63.8016 48.7679 84.7029
850 83.9445 56.6855 93.5813
851 73.8053 68.9665 82.5535
852 74.0738 62.7618 92.8899
853 62.9512 56.9473 79.6275
854 59.6562 37.1326 76.3548
855 71.1114 57.6024 81.7409
856 73.5045 46.9364 102.717
857 74.2294 55.5069 94.9918
858 86.9561 61.9377 94.6527
859 69.5628 51.4943 103.53
860 55.7744 67.4559 109.178
861 69.7122 55.7647 108.117
862 69.3064 69.0027 113.219
863 68.4366 45.0509 117.176
864 60.0394 55.1713 96.1521
865 87.9471 47.9312 112.202
866 70.1054 60.5277 92.9189
867 66.6132 65.1648 106.881
868 89.3324 63.1389 117.566
869 91.1856 55.18 113.758
870 84.9533 45.8306 126.985
871 68.6669 65.6097 126.925
872 73.9907 59.7435 127.147
873 89.886 65.1604 112.662
874 92.1567 59.7828 127.314
875 84.1298 54.6729 127.32
876 84.2951 82.8798 7.79909
877 67.9684 72.0102 8.61828
878 91.0792 84.4448 -0.00138289
879 64.3622 91.3774 15.614
880 65.9352 90.6113 -0.267985
881 68.1776 80.709 -0.626815
882 62.0025 84.9857 11.6144
883 69.6732 71.0917 10.3825
884 65.9975 73.6021 -0.36199
885 66.9399 95.8111 11.7143
886 65.5869 74.1216 23.5826
887 65.7875 69.453 8.94449
888 89.3426 65.7199 8.06523
889 68.6963 79.1528 22.4163
890 77.4276 71.9178 22.8495
891 68.3258 93.7944 8.60161
892 67.9427 72.4103 37.3282
893 65.0204 73.4299 34.5107
894 87.2107 72.0435 38.5871
895 71.4053 70.518 28.95
896 78.9752 70.9051 35.957
897 75.6999 71.3598 44.3762
898 91.6902 84.979 18.4951
899 71.5485 67.9956 28.8509
900 76.6644 87.8409 44.8454
901 68.8949 94.7781 43.7549
902 69.4695 73.7545 53.7028
903 63.1066 93.2695 71.3428
904 74.1627 83.7713 45.7827
905 77.8658 69.0565 50.2086
906 58.7115 98.0225 62.6387
907 74.063 71.4892 66.241
908 62.7814 85.7727 56.3817
909 56.7767 92.9147 75.6223
910 65.5596 85.1545 58.3265
911 76.0618 66.9301 93.9226
912 64.7197 81.8028 88.2239
913 70.8509 94.8837 72.898
914 61.9322 77.2196 68.7804
915 94.3778 82.1367 79.3533
916 59.7668 74.5282 83.5963
917 55.4655 54.2305 99.6579
918 75.0237 97.6057 99.6501
919 65.7356 79.2628 94.9275
920 82.3923 66.9998 89.9109
921 80.7401 92.6204 75.4596
922 72.4243 77.0366 88.3056
923 62.4963 74.2581 111.679
924 62.812 82.5675 99.4816
925 69.7151 88.7279 102.94
926 59.2869 64.6213 91.7399
927 79.7516 82.3579 109.028
928 65.3364 82.1376 117.232
929 81.1756 70.8273 127.079
930 59.9873 81.9814 127.288
931 72.0751 76.8352 127.188
932 88.9484 73.3138 127.205
933 77.8097 72.342 127.252
934 71.9068 79.8443 127.348
935 61.5042 89.421 127.116
936 66.045 78.3541 107.778
937 60.3978 88.5885 113.132
938 86.9008 97.0359 7.3787
939 59.8845 97.4558 11.1108
940 51.7175 98.4495 9.8116
941 75.9494 90.5465 -0.176132
942 75.2715 99.6844 39.6027
943 75.4598 114.11 12.2139
944 72.0072 115.363 35.9784
945 60.5809 92.385 31.3049
946 74.0784 114.152 9.17694
947 72.1818 114.771 22.0157
948 64.0208 103.401 10.2836
949 54.0866 98.4474 24.4898
950 53.9302 99.033 30.112
951 67.773 115.072 25.661
952 60.0094 104.65 50.6187
953 68.4642 93.8175 28.656
954 80.3752 89.5963 36.8192
955 64.5085 87.3372 38.8615
956 70.8081 94.335 54.078
957 70.4199 113.426 62.9599
958 50.3595 99.6715 63.1027
959 88.0404 96.3826 47.4299
960 64.2431 86.6349 41.8561
961 71.2462 95.5521 64.5659
962 80.366 113.797 56.3304
963 60.2789 116.069 44.665
964 54.5637 81.986 55.2696
965 80.5335 97.9553 55.5509
966 63.3829 95.7421 60.4955
967 52.5693 115.384 48.961
968 73.1974 89.3218 40.6992
969 81.1742 104.763 52.4704
970 90.9478 96.0112 69.1164
971 58.9131 112.188 77.6021
972 68.387 113.626 65.7652
973 78.8754 97.0716 68.1904
974 61.3394 114.297 58.2343
975 68.4571 86.4918 80.0526
976 75.8201 111.471 91.2524
977 78.2725 99.2308 65.2774
978 69.8293 90.3306 96.6031
979 73.3613 103.617 85.6171
980 75.003 96.3926 96.7325
981 77.2882 111.982 84.5846
982 65.248 111.29 82.609
983 74.3923 112.526 78.9964
984 56.5174 93.5429 98.3374
985 75.1162 113.391 66.8254
986 85.0309 113.929 121.88
987 66.9008 106.654 104.416
988 76.1526 103.831 102.209
989 76.9083 95.4253 98.1255
990 58.8679 91.0544 94.6664
991 71.0817 113.784 103.568
992 68.4847 92.1175 110.206
993 73.262 106.055 107.716
994 56.798 86.1397 100.313
995 56.0639 112.752 104.192
996 56.7772 99.2778 102.803
997 46.1161 112.612 107.841
998 69.0715 100.391 126.821
999 60.8834 113.975 121.96
1000 81.7926 104.464 127.121
1001 62.0903 102.016 127.342
1002 105.074 81.0359 127.097
1003 68.5161 95.6395 127.089
1004 80.1762 114.117 113.564
1005 57.7422 106.91 112.799
1006 92.0738 99.4813 116.349
1007 60.5594 100.625 126.951
1008 114.087 21.1117 6.11458
1009 102.056 15.2699 8.40809
1010 94.8338 24.1103 4.59313
1011 105.562 13.5749 8.01292
1012 93.2992 0.924307 0.673829
1013 97.9611 7.58676 12.3315
1014 78.3267 18.7148 18.5322
1015 98.1793 11.19 18.1985
1016 94.3589 14.3925 29.1864
1017 100.72 -0.327102 24.3825
1018 92.9975 10.1548 10.7564
1019 79.6428 1.37584 17.7611
1020 91.8849 7.28113 28.5866
1021 86.4544 15.3762 14.4255
1022 91.1882 16.212 16.8347
1023 87.7939 7.1013 45.5241
1024 101.793 -0.961714 33.6001
1025 94.0567 27.0371 35.8962
1026 85.865 17.9889 39.6939
1027 94.1048 14.3628 34.2449
1028 93.4843 11.5109 34.9944
1029 87.0117 18.5539 49.9555
1030 88.2793 24.0621 60.0468
1031 91.2067 0.197991 67.2478
1032 105.657 3.74808 66.0594
1033 95.6935 16.8109 70.568
1034 103.701 13.8433 48.7214
1035 89.034 -0.704158 53.9926
1036 100.063 29.3505 39.8535
1037 75.8141 15.1055 54.2559
1038 101.263 13.2426 63.8768
1039 94.135 0.852789 90.2237
1040 107.625 18.4369 77.5954
1041 83.8063 0.150553 80.2053
1042 106.419 1.15624 76.3043
1043 90.6131 0.3046 72.1178
1044 90.5208 14.7235 74.9295
1045 94.6682 27.0097 64.9932
1046 98.9007 0.979935 96.4715
1047 73.2656 22.0604 90.8027
1048 110.067 31.296 97.9447
1049 103.068 1.16488 88.6966
1050 106.525 0.681526 101.697
1051 107.845 23.9434 77.82
1052 99.7113 25.4666 83.3563
1053 110.215 17.8818 97.2573
1054 100.669 1.1785 91.7503
1055 104.409 0.317164 79.3666
1056 85.0214 21.2232 105.224
1057 108.458 1.25444 98.2364
1058 97.6013 11.5612 110.575
1059 98.1203 -0.0340856 106.469
1060 95.7072 10.7012 97.6602
1061 109.025 10.5647 88.0868
1062 91.4019 13.0149 104.693
1063 98.7653 14.8018 111.409
1064 90.1277 -0.0305804 112.885
1065 110.008 10.4521 97.5691
1066 90.723 -0.0191075 125.78
1067 105.995 7.82448 126.965
1068 112.351 5.31673 126.927
1069 108.251 0.0791501 123.016
1070 90.7693 44.7705 -0.0936665
1071 93.3352 44.1425 8.57213
1072 96.9087 24.8046 3.47899
1073 101.749 39.4648 17.2766
1074 99.155 45.068 -0.233623
1075 99.5399 36.0212 -0.238735
1076 102.258 39.1699 20.4815
1077 104.373 42.3664 12.6209
1078 97.5688 21.4522 20.5232
1079 95.8017 39.497 12.2988
1080 94.1051 41.0074 32.6162
1081 107.723 38.4104 37.2183
1082 89.2963 37.9067 25.1552
1083 108.157 30.6877 30.3138
1084 94.9477 18.6116 52.1452
1085 77.667 54.3321 27.0591
1086 94.2286 43.576 43.329
1087 105.409 34.0153 40.8769
1088 95.1107 36.6031 59.0046
1089 85.5693 25.7051 25.683
1090 92.6574 31.2717 34.711
1091 81.233 28.5114 53.2687
1092 84.9618 22.5836 63.1926
1093 89.2471 27.5636 50.26
1094 90.1835 37.4929 58.1668
1095 103.52 31.3563 47.8266
1096 91.3679 40.1377 62.1811
1097 98.6161 18.2111 51.7201
1098 88.5639 32.6695 58.666
1099 103.132 24.8694 43.8605
1100 84.2147 36.4998 71.3317
1101 94.582 20.73 60.6745
1102 101.532 25.9228 70.4871
1103 95.9846 21.4176 59.1197
1104 83.9828 41.4362 71.4719
1105 79.5869 38.4827 80.7528
1106 95.8974 30.5634 83.8978
1107 91.1445 35.2507 67.6156
1108 89.1589 34.4054 78.2652
1109 105.682 38.4914 64.0367
1110 107.978 38.5937 76.9758
1111 96.8786 44.1361 66.0398
1112 102.896 35.098 75.1412
1113 89.1527 33.8708 66.7304
1114 78.086 28.1616 89.9536
1115 84.3874 25.3703 74.2574
1116 110.091 39.3269 94.347
1117 86.8357 15.365 82.7066
1118 109.37 51.0847 84.7509
1119 81.546 30.6586 92.5391
1120 87.3979 35.7304 90.6711
1121 78.9647 42.863 83.6349
1122 84.0182 34.3256 87.7165
1123 86.9373 52.8736 88.6222
1124 89.1262 33.8468 105.356
1125 102.166 38.8121 98.237
1126 91.4305 32.2445 101.47
1127 90.6178 36.5199 116.219
1128 92.2193 24.8646 100.248
1129 108.99 31.4511 127.073
1130 108.272 27.7589 127.011
1131 99.7298 47.4674 127.637
1132 102.053 40.9223 115.248
1133 114.237 36.0082 119.389
1134 112.108 32.4459 127.345
1135 100.92 35.9329 117.625
1136 93.7415 38.552 110.899
1137 96.3995 59.7897 19.4502
1138 101.843 42.9523 11.1329
1139 103.031 47.0608 -0.210449
1140 106.054 56.4846 12.9201
1141 111.904 60.8595 24.0679
1142 101.43 61.9894 22.8201
1143 104.045 76.1518 24.555
1144 102.216 59.4632 23.5418
1145 88.8701 48.8807 15.326
1146 111.728 51.7837 26.3093
1147 111.865 53.3515 23.9842
1148 100.408 65.8206 22.1545
1149 94.0988 73.3525 13.9295
1150 87.7305 56.0678 24.7416
1151 91.7878 55.6438 21.5579
1152 87.0601 50.6884 45.9345
1153 89.3073 57.9473 36.4103
1154 101.663 61.8544 34.8928
1155 92.9909 58.1703 43.9089
1156 85.3886 49.6072 55.8516
1157 111.958 48.3852 18.5167
1158 93.4978 60.7362 54.6874
1159 97.0728 73.7534 43.4977
1160 104.25 68.7703 63.9108
1161 103.486 59.664 56.576
1162 89.4045 52.9678 51.3251
1163 79.2028 55.8161 66.9206
1164 92.8913 55.7612 50.4055
1165 105.089 50.0235 59.8256
1166 84.6899 70.8864 39.0538
1167 105.147 62.6249 46.5798
1168 86.9164 48.482 49.1682
1169 82.3617 58.0039 63.8297
1170 98.1318 51.1611 87.3421
1171 109.67 70.3403 83.4869
1172 108.36 62.5185 75.1273
1173 91.7896 54.9911 78.9809
1174 80.4594 47.8439 68.0835
1175 91.8859 60.708 90.3702
1176 96.0106 78.7323 78.1108
1177 92.4871 62.4262 77.872
1178 85.3896 71.1894 82.3131
1179 82.4477 62.109 86.9054
1180 82.2035 63.4557 72.9446
1181 92.3227 54.4031 72.6866
1182 94.1028 57.1722 80.2412
1183 104.59 43.7064 107.573
1184 67.7443 61.4729 91.8593
1185 90.6349 51.8787 90.6763
1186 99.0375 47.8893 87.2652
1187 110.271 64.469 87.9434
1188 109.69 62.4293 84.6817
1189 94.1681 63.2316 93.9493
1190 98.4047 53.3592 82.3248
1191 100.794 62.2795 88.6503
1192 87.6504 50.3544 100.8
1193 87.5369 57.0074 93.5217
1194 86.6929 46.8423 90.8176
1195 111.042 59.6996 103.603
1196 96.5433 72.4566 84.6993
1197 94.7037 64.9085 106.347
1198 106.738 58.3421 107.4
1199 90.2976 66.2978 96.5977
1200 86.6237 54.1318 116.437
1201 86.0681 64.8411 127.39
1202 96.3506 41.8007 107.668
1203 107.706 59.9542 127.785
1204 96.0252 78.5637 111.053
1205 96.2355 57.393 127.106
1206 110.188 64.9449 127.053
1207 94.27 87.7366 -0.320314
1208 87.6765 67.8298 -0.267024
1209 102.23 86.2981 12.9626
1210 114.19 86.8753 19.7573
1211 83.3663 97.1034 9.14481
1212 114.134 78.7313 8.51926
1213 90.18 78.1751 -0.238201
1214 83.9056 70.0315 7.48458
1215 102.08 78.7183 9.69766
1216 106.338 87.7113 -0.129478
1217 111.359 83.3141 24.6275
1218 111.904 68.9588 21.007
1219 95.5213 83.3202 34.6796
1220 84.3581 87.2295 17.8384
1221 105.799 63.0475 40.5244
1222 114.223 81.9377 12.516
1223 84.8021 95.811 21.9394
1224 96.707 93.6797 22.6622
1225 84.3932 80.4956 15.0472
1226 90.7234 79.3877 41.6287
1227 110.193 88.6955 34.8688
1228 91.5009 72.9915 41.29
1229 91.5677 68.1574 48.4568
1230 83.1489 82.1182 45.7913
1231 73.6395 67.3315 43.9594
1232 107.154 79.7672 42.9891
1233 98.1582 90.9229 39.3045
1234 92.6237 80.4921 54.7945
1235 96.1573 75.49 48.5147
1236 92.9223 94.5666 64.8532
1237 83.2316 76.3815 51.0544
1238 106.314 81.8043 48.0278
1239 88.4785 89.7287 53.8423
1240 83.9314 91.4235 58.9245
1241 98.1356 77.7991 79.4114
1242 88.9849 67.4456 79.4238
1243 91.9112 78.9289 43.4352
1244 88.0062 66.7459 62.1618
1245 104.255 90.6672 72.3149
1246 107.322 55.3838 71.786
1247 88.1748 65.7662 76.4871
1248 105.34 87.8189 62.6092
1249 98.2811 69.3206 85.7972
1250 98.2989 70.8252 83.3478
1251 97.3906 79.2316 89.8245
1252 78.0973 84.5998 96.8717
1253 110.714 71.6967 88.6953
1254 81.3342 70.3953 79.864
1255 97.7911 79.4065 102.022
1256 108.86 76.0542 86.03
1257 92.2741 77.1157 90.1617
1258 108.966 80.5276 90.9273
1259 95.7887 78.1934 103.555
1260 96.8743 89.0274 100.9
1261 106.997 98.8993 99.1934
1262 96.7602 84.5189 115.184
1263 98.134 81.869 113.46
1264 76.735 74.2468 100.777
1265 108.58 87.15 95.5469
1266 109.11 72.1111 122.144
1267 88.2833 69.6818 127.112
1268 114.21 73.0538 117.844
1269 92.2523 72.1241 127.317
1270 114.161 93.232 119.684
1271 114.289 79.8489 110.258
1272 94.1339 87.1629 127.291
1273 102.392 84.2594 106.858
1274 112.293 94.5182 127.395
1275 78.802 74.4049 118.792
1276 114.372 83.9039 113.326
1277 92.1876 81.9211 127.375
1278 92.246 66.6306 120.925
1279 98.5301 82.9631 115.796
1280 104.889 58.7555 126.967
1281 114.174 99.2576 4.09608
1282 99.9759 113.902 26.3615
1283 110.703 114.791 14.581
1284 114.214 97.8329 13.4929
1285 90.4917 100.138 11.4116
1286 109.168 93.9339 18.2363
1287 91.2215 99.5784 29.4722
1288 96.3226 96.8295 25.0625
1289 110.472 100.348 34.5921
1290 102.562 87.8891 18.8204
1291 93.4888 103.223 15.3394
1292 79.9444 97.8861 21.4598
1293 100.145 101.552 32.3741
1294 108.525 113.754 35.4371
1295 82.8291 113.736 42.615
1296 94.5054 102.779 36.0663
1297 88.0644 110.267 39.0522
1298 99.3001 113.166 47.8845
1299 109.281 100.481 42.2981
1300 105.292 101.812 36.8727
1301 98.0453 102.438 14.9041
1302 90.6405 87.9238 36.2962
1303 103.064 113.861 50.6689
1304 108.097 91.412 47.1366
1305 108.344 107.61 49.4404
1306 98.4188 113.367 54.9012
1307 79.9717 94.9114 55.6437
1308 89.9219 100.515 48.78
1309 102.154 109.021 61.593
1310 82.1215 91.8042 56.9276
1311 90.5579 90.2803 94.5052
1312 96.5983 95.0795 65.4304
1313 100.164 113.955 60.983
1314 88.8426 114.861 78.1811
1315 96.5542 98.0364 65.6123
1316 90.2863 91.0833 68.7145
1317 102.89 103.789 86.0126
1318 96.2454 103.61 84.2844
1319 87.0181 96.7852 91.9126
1320 87.6859 83.478 63.8832
1321 103.793 95.3737 76.9172
1322 103.259 97.2199 82.0221
1323 101.795 114.402 84.2881
1324 109.765 85.7702 98.6033
1325 92.3965 101.166 105.904
1326 104.119 88.9732 106.701
1327 83.1023 83.5519 101.934
1328 114.013 91.0329 124.839
1329 110.131 102.451 105.033
1330 99.9389 113.924 109.86
1331 88.9738 104.186 108.03
1332 85.4272 106.68 109.858
1333 82.1344 114.178 110.058
1334 100.129 101.47 120.131
1335 90.1697 100.551 111.506
1336 114.062 103.306 125.064
1337 114.395 65.966 110.97
1338 114.56 110.918 107.832
1339 100.894 111.898 115.302
1340 114.207 104.618 117.165
1341 94.1185 99.949 115.772
