0 9.3698 18.867 -0.118501
1 7.78232 -0.0121157 5.46097
2 11.5477 23.6157 15.0222
3 37.4179 0.145379 12.1979
4 27.3486 3.86291 -0.0967674
5 11.2458 13.6824 -0.230826
6 2.83312 5.82264 7.48102
7 14.2736 -0.0985074 14.2553
8 21.637 11.418 -0.0895483
9 -0.883831 14.9749 1.52753
10 0.180306 10.0526 40.0883
11 9.21735 14.3478 17.6316
12 9.24269 12.719 20.0146
13 8.95345 0.624511 20.2897
14 17.4774 0.667684 23.6049
15 8.90023 18.3257 27.785
16 0.440091 21.6406 57.5216
17 25.6209 1.04464 42.1696
18 0.443816 24.1515 50.2505
19 20.4995 17.7376 25.0589
20 30.0794 1.09625 41.9272
21 15.0383 0.926821 24.1496
22 27.3393 21.1004 44.1891
23 24.6263 0.678582 25.643
24 0.0806276 39.6241 47.1348
25 21.0745 12.7477 54.8392
26 25.2308 10.7761 47.5883
27 0.248366 22.6106 54.3537
28 16.7731 16.3777 64.7852
29 25.8911 0.803638 57.006
30 0.255662 22.4553 60.1466
31 8.95675 0.576877 62.5365
32 26.6488 23.5844 44.0101
33 19.2738 10.2382 58.4966
34 0.155705 16.0697 71.7497
35 24.278 15.0836 76.9184
36 13.1107 0.804526 55.2003
37 21.4025 19.3067 57.4794
38 19.1747 0.819335 82.3787
39 13.7526 0.520259 74.6174
40 38.5076 15.1619 80.5142
41 9.9287 21.4068 77.6354
42 27.7782 9.56898 76.4306
43 16.5615 0.398895 84.6023
44 19.9766 0.567113 85.6549
45 24.2427 0.658804 77.3474
46 10.6723 5.47877 80.5792
47 9.36262 0.429904 85.8273
48 31.3772 16.0899 85.2293
49 21.6836 16.7383 108.734
50 25.4231 10.2079 117.572
51 22.5193 7.08054 99.816
52 -0.820038 14.7946 96.1775
53 27.3168 12.5473 89.9351
54 22.1083 9.98209 102.064
55 22.2334 15.4617 95.0372
56 17.0705 15.0076 96.3642
57 17.4918 22.9928 99.8182
58 -0.308334 28.2802 71.0271
59 7.51192 13.598 88.4294
60 -0.81294 15.8039 91.769
61 16.1121 0.0189457 112.486
62 27.4612 15.1386 117.593
63 20.6105 8.5404 117.145
64 1.44934 0.321492 110.202
65 11.2143 8.7334 112.494
66 24.9419 46.8057 15.704
67 25.2723 45.8671 25.0313
68 19.2567 38.6514 6.99552
69 -0.9113 36.7223 2.00544
70 15.2677 31.6721 20.2287
71 -0.875642 46.4847 1.90101
72 25.551 31.1463 -0.209556
73 22.2291 29.6013 -0.221642
74 20.5885 42.8316 20.171
75 -0.211633 44.8739 19.9662
76 -0.369008 49.2413 30.2537
77 4.48398 40.0637 12.8689
78 -0.0204509 29.791 39.929
79 -0.0272138 35.6533 34.8544
80 10.8633 34.1409 46.3992
81 13.2274 38.5771 42.5958
82 14.5133 34.6574 28.6867
83 0.21448 34.7051 54.6424
84 5.61621 40.1855 27.1256
85 0.109273 33.2344 41.8031
86 25.242 33.826 50.0865
87 20.1661 44.4609 42.7702
88 21.9388 34.7897 50.3455
89 0.361896 24.2124 44.7546
90 25.9693 36.4976 51.1293
91 26.9919 38.2404 53.5341
92 -0.357889 30.4246 78.6004
93 14.6656 31.0318 53.768
94 16.5426 30.7821 49.7434
95 25.1274 40.2569 55.043
96 9.13856 48.1651 49.8719
97 22.0797 41.5087 43.5616
98 18.8348 27.781 51.0246
99 0.398553 28.371 57.0017
100 20.4372 23.9025 79.6353
101 11.2715 35.5949 60.8005
102 0.0833339 13.3278 69.8092
103 20.9199 46.2347 72.3024
104 31.068 41.1843 61.1636
105 0.0797256 35.0858 69.4639
106 22.9852 38.8096 53.8523
107 15.1042 31.9888 80.2318
108 21.0955 32.9109 86.2944
109 30.5683 26.916 78.0816
110 12.5195 26.7639 74.5027
111 -0.533285 31.3415 81.0751
112 25.6796 37.8039 78.583
113 -0.646969 31.2737 94.4394
114 20.0041 31.8678 103.226
115 22.3703 42.3816 95.068
116 22.9597 46.504 85.3928
117 24.6294 42.4845 84.3799
118 -0.542665 41.2259 95.8665
119 37.4948 47.8197 106.527
120 26.2105 25.5868 89.8769
121 -0.392337 45.1574 91.6318
122 16.8849 31.3762 101.128
123 13.5941 44.0339 90.7249
124 17.2563 22.4222 103.757
125 18.1063 38.4148 104.684
126 24.0838 41.1586 110.181
127 22.313 44.6733 109.07
128 11.6639 39.3773 110.578
129 22.7851 46.3571 113.937
130 8.0494 36.1347 117.353
131 16.5734 46.1027 117.539
132 31.7154 17.7914 117.584
133 29.2522 32.622 113.156
134 32.556 61.3319 8.44984
135 10.0452 57.1492 0.166686
136 19.6582 67.5101 17.9789
137 29.2402 61.904 12.8209
138 1.78091 51.3662 18.9001
139 -1.03066 65.7462 13.341
140 21.2764 39.5685 15.7214
141 15.2232 50.1709 18.7049
142 -0.463913 58.5864 20.7528
143 17.3551 54.8625 19.3383
144 28.4925 45.5552 27.4902
145 12.5901 68.4855 22.9808
146 13.4355 60.5168 11.1478
147 21.7138 63.0568 32.7227
148 15.0684 37.9559 31.111
149 30.9764 50.6549 38.6924
150 27.1996 60.7239 46.365
151 5.36681 52.0513 37.6568
152 5.81905 63.2938 54.8335
153 31.0103 55.0807 45.9017
154 32.7418 50.9735 29.8898
155 18.9911 62.9793 38.9112
156 13.878 45.115 45.3628
157 -0.192896 49.9638 34.6696
158 9.61633 56.961 45.3046
159 0.290003 69.8418 47.8399
160 22.8611 69.7734 36.585
161 17.726 60.6399 70.0501
162 20.5174 65.3301 57.4056
163 6.9241 44.6237 56.2561
164 28.9315 63.1668 50.1239
165 21.7624 46.3773 54.7712
166 26.8954 61.442 56.2802
167 0.0577018 34.8051 39.6654
168 -0.275781 59.3114 69.2192
169 23.9251 61.489 64.8065
170 20.3965 59.2002 74.6636
171 33.0485 65.4556 64.7918
172 -0.634745 59.7406 78.9815
173 27.5577 62.4997 78.1325
174 32.3533 35.4425 86.3975
175 -0.221227 66.7567 83.9176
176 15.5609 54.3327 86.3532
177 28.7463 58.1699 72.228
178 21.8694 44.1199 83.1322
179 22.1977 58.7431 78.1816
180 -0.198076 50.2953 84.5976
181 5.32671 66.1842 98.3962
182 6.44059 68.7841 92.5484
183 31.5493 50.3985 81.4237
184 12.3311 59.8259 91.6485
185 18.4956 56.2859 92.588
186 -0.768226 50.1536 98.8288
187 10.6282 67.1842 95.01
188 -0.656776 75.7676 101.313
189 12.173 63.0974 117.462
190 4.2578 53.7707 117.542
191 1.11713 67.5904 117.659
192 19.4314 66.2298 108.94
193 19.6684 69.8851 117.82
194 -0.693943 55.0214 106.18
195 7.46786 57.4639 117.828
196 20.4761 48.5826 117.396
197 23.5335 47.1267 110.741
198 28.7077 63.4368 117.668
199 -0.589166 68.7253 8.54576
200 -0.659406 88.7484 8.66152
201 15.1709 78.5851 20.9183
202 22.1599 79.2477 14.2194
203 23.5747 81.0169 6.39386
204 18.0654 84.4007 0.151028
205 10.0102 77.1224 -0.0236078
206 23.8334 78.9049 3.41716
207 2.15905 75.7112 11.7321
208 19.3065 63.3674 -0.510002
209 0.316613 83.5114 38.1706
210 29.1678 71.4081 30.2464
211 10.8965 88.7484 13.9968
212 33.1258 79.0489 25.0358
213 24.5591 68.6669 22.6718
214 13.3982 80.6903 17.7882
215 30.5646 72.9556 24.0858
216 15.3304 81.1721 20.8631
217 14.6628 81.0909 26.5836
218 15.5628 85.5491 17.9158
219 8.32298 65.9225 22.552
220 12.779 72.5396 35.0593
221 17.1421 83.5136 37.8157
222 15.6246 84.6259 51.5807
223 0.250924 91.2138 30.7691
224 11.0414 85.9163 41.5807
225 13.0888 82.1778 27.4722
226 27.3464 77.7276 40.9806
227 15.2489 95.5143 41.3259
228 21.0764 72.294 42.3687
229 1.62816e-04 81.8798 56.8642
230 20.9252 91.8636 62.5039
231 20.9971 69.3833 40.0645
232 0.274716 99.5856 71.27
233 21.4175 81.1602 60.1479
234 27.1842 61.4741 48.9697
235 16.7156 61.6257 67.4538
236 6.49322 67.3385 59.0985
237 8.11129 70.2898 55.5038
238 0.0881395 73.2916 59.6064
239 -0.290149 64.9557 56.2904
240 11.2247 67.0787 43.7827
241 32.9606 68.3605 67.0394
242 18.3203 62.5444 68.3447
243 26.9937 74.5513 73.3586
244 21.9995 99.5655 78.0927
245 -0.210177 85.7736 72.0939
246 23.7859 90.9093 61.278
247 21.5763 66.8298 64.7637
248 29.2174 91.0099 54.6666
249 0.0596802 99.2419 62.6688
250 30.4187 65.7419 76.0345
251 -0.190789 80.7479 72.3081
252 21.5321 64.9462 82.2397
253 13.0168 95.3973 79.523
254 8.65105 65.4608 72.1043
255 15.6642 79.2777 86.0726
256 21.573 90.8583 83.5987
257 21.0783 71.734 91.0839
258 12.8437 93.355 88.7726
259 -0.299236 88.1657 88.6506
260 -0.221803 76.5969 76.7995
261 4.42803 87.047 76.897
262 6.62327 94.987 90.0698
263 17.5399 73.7206 86.9809
264 10.01 71.0357 92.4654
265 -0.475367 72.6956 93.7096
266 20.4239 86.0182 89.0666
267 -0.547721 75.7798 88.7429
268 31.6608 97.047 88.4811
269 7.65633 74.4938 93.6174
270 -0.216415 84.1736 90.8419
271 18.1079 86.5259 108.926
272 20.7929 77.9988 117.64
273 -0.49389 72.5364 114.851
274 4.81099 86.6957 112.538
275 19.6309 74.269 100.736
276 24.9753 72.4125 100.845
277 40.6599 83.1426 117.544
278 26.3003 111.977 -0.0549938
279 29.5816 100.617 -0.312797
280 18.7072 92.0886 0.0322506
281 3.13931 113.719 9.22213
282 19.607 114.742 4.27563
283 1.24147 97.7096 -0.165075
284 20.5059 88.0579 29.9127
285 -0.977514 95.5491 13.3662
286 22.6279 114.003 21.2323
287 20.9629 105.465 30.2068
288 6.37812 108.873 37.7271
289 5.74427 106.344 12.2973
290 -0.00269629 99.4744 20.3425
291 18.6293 113.966 21.4168
292 -0.466428 96.7756 19.1425
293 29.2161 113.668 39.7648
294 24.3403 94.743 25.5023
295 7.37107 113.681 19.8762
296 28.5797 113.724 17.4319
297 25.7199 93.681 27.667
298 19.9871 113.486 42.0179
299 26.5799 87.3822 31.2418
300 21.2786 106.316 54.8634
301 7.27086 112.209 31.5133
302 17.0201 103.582 32.708
303 6.02185 113.406 38.3141
304 0.389949 109.263 40.3723
305 25.2424 104.622 35.1589
306 19.9348 113.448 34.807
307 18.8779 102.579 23.9904
308 19.8587 108.48 31.1225
309 13.4167 105.408 45.2005
310 10.2587 110.631 38.5787
311 15.0705 96.5439 44.0006
312 21.8189 100.488 47.2794
313 25.1771 102.439 44.7545
314 0.414462 91.9586 49.6756
315 3.89066 114.591 84.9198
316 15.0334 105.205 63.4255
317 0.339945 108.418 68.9925
318 7.40959 105.86 63.5774
319 9.33451 100.842 74.5804
320 25.2933 113.864 69.4673
321 26.6268 106.876 89.9275
322 28.8023 113.805 76.7484
323 18.2662 114.025 78.1046
324 12.2366 106.962 91.4073
325 24.6605 85.8094 88.852
326 -0.185701 108.629 83.5235
327 -0.0883659 93.3471 88.5674
328 20.7355 88.2502 81.6922
329 26.919 97.6121 111.527
330 17.8233 98.3999 72.3457
331 13.4203 113.926 89.188
332 7.00496 101.57 107.086
333 -0.585715 107.55 95.9384
334 22.1751 114.091 100.244
335 24.9248 113.743 98.197
336 1.10603 113.301 101.496
337 17.0675 101.162 91.0023
338 26.0601 114.729 116.649
339 31.7428 109.34 117.719
340 -0.511742 102.007 106.03
341 16.7655 105.632 117.33
342 -0.935519 110.741 101.386
343 36.791 13.9565 8.18976
344 26.4898 4.66874 7.09991
345 51.3396 -0.174922 8.90563
346 45.757 16.3189 -0.0246536
347 58.7585 -0.130019 14.2066
348 44.7971 21.5416 1.2056
349 34.5451 12.6846 -0.0590795
350 47.563 20.4901 8.24573
351 40.9247 26.1965 8.10593
352 30.1423 0.671547 24.1806
353 57.8247 2.4491 16.4422
354 45.031 -0.108055 17.9271
355 52.402 0.822268 25.661
356 48.4516 0.529157 25.8332
357 39.2867 22.4338 35.6853
358 33.8275 26.0246 11.4461
359 55.9847 15.0188 22.8975
360 37.1254 23.7319 15.1942
361 33.4895 0.536678 28.2246
362 26.1453 14.3085 44.0454
363 60.419 14.1748 42.5915
364 52.578 22.578 45.1295
365 43.4782 1.0268 53.2692
366 28.9912 15.6609 55.0286
367 29.0148 17.5726 37.8043
368 39.0404 9.59283 55.9723
369 42.0472 0.695767 67.3913
370 37.083 23.5361 57.2688
371 26.7595 13.2317 51.4068
372 31.2445 16.9626 56.129
373 58.8322 14.4076 48.5522
374 38.8823 11.6026 68.5786
375 62.2653 23.1295 66.09
376 33.0919 18.2964 69.8766
377 38.8818 0.574161 73.5151
378 60.8001 14.2967 81.701
379 42.5327 6.92202 85.4593
380 28.5921 9.39049 81.6746
381 72.4497 0.455516 84.8529
382 40.6098 25.067 77.074
383 40.6952 7.6999 84.1244
384 38.4882 12.7624 87.8461
385 24.1664 0.151686 84.3921
386 30.8014 7.69141 80.3683
387 56.8061 0.140661 98.7936
388 29.1213 0.335731 85.733
389 48.6595 23.4844 94.0217
390 50.4268 21.9965 94.8662
391 52.3331 17.8032 100.745
392 41.3385 0.260262 92.8228
393 53.3679 12.6563 117.661
394 39.4964 5.24114 117.699
395 39.5459 15.1357 117.847
396 43.0906 14.2817 113.944
397 36.1748 1.33617 117.319
398 37.4835 -0.166302 110.707
399 43.7027 17.5108 100.601
400 55.8186 12.4029 117.526
401 44.5898 8.96779 117.42
402 30.3573 32.4969 -0.0414141
403 33.4582 42.9845 18.2138
404 33.3683 41.5049 -0.597589
405 47.624 35.9082 -0.463579
406 53.5407 41.3441 -0.398785
407 45.7066 35.7005 14.4953
408 23.446 48.5554 6.8406
409 45.4729 30.463 11.7418
410 31.3539 28.7326 -0.256933
411 51.5045 39.0435 -0.366897
412 32.1992 44.4584 3.52404
413 37.4649 45.6125 7.81874
414 41.5088 51.2233 21.1788
415 36.4291 35.4768 25.5862
416 49.1382 45.4281 25.2287
417 45.0516 54.1998 17.6248
418 29.0262 33.8712 22.5989
419 36.8514 39.8727 25.223
420 23.9263 44.4095 15.5921
421 31.194 21.8145 31.7749
422 30.9355 32.1006 48.708
423 56.8877 24.2279 37.2018
424 52.2305 45.2681 27.1393
425 40.6394 34.6708 24.8386
426 55.5993 31.5787 39.5279
427 61.9461 28.0061 41.3737
428 40.7375 27.4801 22.9441
429 48.7884 46.0366 42.3938
430 41.473 42.4001 34.8681
431 57.6654 29.7318 39.1093
432 30.8902 34.5743 34.0578
433 50.7894 35.9048 46.0529
434 32.8925 23.8374 57.3997
435 37.1258 21.6012 49.9554
436 48.4142 49.4608 67.2605
437 32.936 30.8455 49.7617
438 42.9227 53.7622 78.0727
439 38.2838 41.9571 73.0127
440 61.8403 49.0506 65.4464
441 41.2238 28.3238 62.4298
442 44.4045 31.8802 59.8061
443 28.8077 33.5862 64.7327
444 35.9566 31.4168 74.5426
445 36.2245 30.4615 64.5509
446 42.2554 20.212 71.093
447 50.4562 26.6388 61.1066
448 47.1851 18.9983 70.6606
449 34.8857 38.8982 70.7313
450 44.5719 39.6814 52.53
451 38.5854 35.9655 68.5026
452 36.9925 54.2414 81.9721
453 47.2748 55.1845 73.392
454 25.8857 37.6524 57.0507
455 48.2923 21.5442 74.3852
456 22.4496 44.1993 70.8646
457 51.2497 37.3534 63.9364
458 40.6183 24.4159 74.561
459 32.6587 48.2329 86.6133
460 62.747 57.1882 87.8823
461 44.5257 39.7877 69.5715
462 54.8942 30.8794 83.1364
463 44.391 48.0596 86.6441
464 57.6697 30.7048 84.8074
465 37.1681 32.6274 91.7518
466 53.03 28.5513 96.1188
467 40.1826 22.782 100.807
468 44.9456 43.4289 93.9785
469 39.9902 23.925 103.046
470 24.1057 43.7963 110.373
471 39.2179 46.8086 94.8776
472 51.6272 38.8797 108.538
473 40.8798 39.9244 112.81
474 31.667 27.6163 117.835
475 40.6185 28.7091 117.372
476 50.3356 49.78 102.351
477 53.6874 46.4641 108.272
478 56.6405 28.4985 117.269
479 43.242 44.9638 103.983
480 33.9106 55.0998 0.0336452
481 46.1203 51.8514 14.1136
482 54.4849 69.7161 0.125301
483 41.4792 58.1268 21.8205
484 24.9936 45.4682 27.4331
485 28.8011 42.048 32.5308
486 32.8366 62.3318 34.812
487 37.257 71.6442 30.294
488 50.2788 58.2674 24.1842
489 51.4673 63.4404 24.5621
490 38.5971 63.8429 26.2949
491 41.7035 70.3001 22.1676
492 40.4816 64.198 24.8601
493 45.9819 55.8109 43.6876
494 39.153 42.0456 26.6203
495 42.738 63.3093 31.2747
496 52.7063 50.0535 47.1742
497 37.8374 62.749 29.7335
498 26.2887 67.8182 40.9981
499 30.9682 64.2784 36.102
500 48.7441 57.7416 56.9633
501 35.9995 54.4474 60.2949
502 42.5951 54.5151 43.3891
503 38.8899 58.7927 56.052
504 39.6815 60.6034 51.0991
505 42.7034 58.7102 48.5089
506 60.465 73.8512 62.0987
507 46.2768 66.4322 71.1916
508 30.3968 58.7095 63.3445
509 48.7247 57.2633 77.0686
510 22.4678 56.051 68.6257
511 33.3105 60.7934 74.0582
512 39.0045 57.8326 53.5039
513 36.8142 57.379 69.7274
514 38.5718 60.7701 75.8161
515 31.6922 59.7783 78.7007
516 44.8431 63.8302 82.2018
517 45.1054 70.5728 86.8764
518 44.5405 66.7342 67.3554
519 52.7789 56.3011 89.2683
520 42.7415 58.7454 78.1926
521 41.5751 59.1616 96.9847
522 71.4349 58.9048 68.5164
523 65.6626 59.1193 64.6235
524 38.1471 50.7907 99.3631
525 45.5514 47.444 117.64
526 37.1361 54.9083 100.819
527 52.3387 60.7196 101.132
528 38.7804 61.9641 94.9412
529 29.9198 57.5735 104.125
530 42.295 61.8497 94.8363
531 31.5457 62.4135 117.968
532 35.7366 67.0592 107.77
533 49.0619 65.7999 117.488
534 27.0071 53.1336 97.7054
535 45.6123 60.9323 105.48
536 56.5175 49.5251 112.757
537 41.4816 88.1446 -0.110412
538 45.6864 83.3002 -0.27265
539 37.8937 71.8674 19.2868
540 49.9483 56.1212 16.9794
541 54.9089 87.2872 9.13043
542 25.0285 79.7675 12.8006
543 27.3757 73.144 -0.539911
544 46.5142 73.0517 24.0558
545 42.8168 82.2643 31.0795
546 54.465 75.6809 25.9401
547 41.5741 101.904 15.5382
548 34.8499 77.4092 23.9115
549 48.211 73.8432 17.5751
550 50.6024 86.9369 21.4691
551 52.8331 94.0043 17.7026
552 41.964 93.4231 21.074
553 44.8403 88.0338 37.3189
554 56.7467 75.3301 20.0549
555 50.8061 65.5301 38.5778
556 24.9744 61.8753 32.2932
557 33.0914 88.9275 40.0187
558 44.9326 81.5052 32.2424
559 61.5955 74.1037 27.3714
560 35.1941 78.1416 41.0959
561 36.3219 81.0222 39.6893
562 48.7304 71.2472 29.8683
563 62.4182 94.5337 30.8877
564 36.8255 84.7271 42.4366
565 52.6836 63.7263 37.3239
566 33.1073 85.9782 39.8082
567 42.881 94.5232 46.1011
568 46.6928 91.2918 65.9122
569 40.7378 74.4194 39.8621
570 55.2409 68.369 56.0275
571 26.8883 60.4003 38.9073
572 54.9142 66.1365 48.4525
573 48.4068 80.2459 35.1491
574 40.6404 59.5096 47.1585
575 34.8852 75.063 53.7792
576 36.7599 60.114 55.0631
577 26.9282 87.3246 38.7117
578 34.7711 77.7488 46.5212
579 64.6441 83.3168 59.8465
580 60.4217 92.2387 64.7081
581 57.2999 94.1822 64.5468
582 38.7332 92.5111 68.3289
583 45.3693 71.5611 60.1785
584 31.0087 89.2327 66.0353
585 31.9503 66.9311 71.613
586 37.0618 93.3729 67.3076
587 56.6865 70.0871 86.5549
588 21.8892 88.9725 90.0827
589 29.8284 81.2545 94.7086
590 44.5213 84.7832 71.9047
591 40.8358 73.2253 88.7718
592 57.4716 75.468 81.5385
593 55.1026 91.35 80.4479
594 17.0377 88.0957 81.4585
595 32.0049 60.893 96.1378
596 46.0269 78.95 100.16
597 35.9613 74.0401 110.714
598 41.174 77.2239 93.6495
599 63.0094 77.0825 95.1185
600 42.4684 75.3055 90.1498
601 50.719 89.5163 95.4328
602 43.7916 71.5182 104.534
603 49.112 101.095 103.452
604 71.3784 76.3092 87.4109
605 38.555 71.7994 87.924
606 62.9144 82.7651 97.3732
607 47.8029 53.3025 94.5085
608 40.0774 74.1523 91.319
609 34.0592 75.6564 113.191
610 42.2415 94.685 104.286
611 56.2278 80.5168 110.118
612 45.3918 93.8986 103.869
613 42.3922 74.7863 111.406
614 42.2429 77.7468 111.603
615 64.8079 78.0666 117.663
616 35.474 102.84 -0.145708
617 36.3012 113.537 0.712212
618 54.8385 114.759 2.03774
619 30.3456 91.7619 14.1293
620 51.2613 114.004 5.24053
621 42.5669 102.162 -0.013205
622 59.4228 103.732 20.5839
623 44.5375 114.364 10.4855
624 43.9315 95.4042 22.0015
625 30.397 114.687 2.12313
626 41.1386 99.8308 11.0049
627 33.2985 113.996 16.2185
628 34.562 87.8087 33.5776
629 30.9298 107.135 31.4716
630 36.2667 106.624 17.9104
631 34.3398 80.2753 16.4477
632 26.6585 101.536 21.3625
633 46.1987 114.089 29.1345
634 37.0406 93.092 20.4637
635 42.7141 104.001 28.9273
636 61.4846 113.72 23.0231
637 26.6986 92.18 31.0859
638 60.4462 104.563 42.1684
639 50.6082 109.133 38.3753
640 57.7382 113.421 52.8288
641 36.541 87.2652 34.7959
642 60.4816 113.488 54.1238
643 33.0472 109.421 42.3791
644 42.9224 103.355 41.2493
645 38.1443 113.462 49.8479
646 38.9758 100.915 43.6674
647 42.8473 100.256 40.9119
648 31.8754 113.411 56.6516
649 35.8303 113.684 75.267
650 31.3524 114.082 58.7001
651 25.8189 113.596 60.8564
652 50.7862 98.8894 73.0601
653 49.2769 113.386 52.3799
654 23.9303 102.736 65.9593
655 33.0585 98.0122 74.3262
656 72.7161 102.48 64.7443
657 23.4346 92.9396 76.0346
658 51.4387 93.1777 80.5843
659 47.6768 104.15 78.0846
660 18.414 94.8027 82.8225
661 37.7646 110.868 79.2881
662 34.9751 114.064 80.1851
663 40.5757 114.584 85.965
664 40.7581 113.954 90.9428
665 34.4644 94.4161 80.8312
666 44.0262 114.095 89.38
667 48.1864 85.4688 79.6488
668 50.4593 103.002 85.0743
669 31.1603 104.223 66.0729
670 40.9141 93.622 76.5736
671 39.0447 101.781 87.8054
672 38.0455 100.1 92.1703
673 44.1405 114.043 97.655
674 36.3832 87.3971 100.756
675 43.4965 109.467 104.179
676 56.7716 101.459 91.1441
677 32.5062 114.029 98.0533
678 57.0671 95.6647 88.9307
679 28.5515 114.14 105.184
680 33.6103 87.194 117.908
681 48.8189 95.8161 103.325
682 40.7269 104.788 114.706
683 43.6292 87.0249 117.885
684 48.1954 114.558 114.2
685 24.9854 105.619 117.193
686 20.7281 114.208 112.186
687 41.8671 109.573 117.656
688 64.0822 101.052 104.984
689 57.7548 96.8419 117.456
690 50.7642 113.999 108.77
691 68.8077 0.0541085 4.15075
692 70.6687 15.1777 0.101972
693 83.6841 16.0348 11.281
694 83.8887 25.4736 7.73081
695 61.806 13.7778 -0.259326
696 55.8326 22.5523 22.5413
697 62.397 0.326116 14.6669
698 65.327 21.6496 20.5488
699 62.2538 21.5437 11.7857
700 61.6353 0.895706 34.1078
701 70.7797 16.7776 31.7209
702 85.5607 0.3743 20.2183
703 61.8403 10.0596 16.0161
704 70.4419 12.5267 21.2726
705 72.5371 25.7346 -1.06721
706 62.7743 14.6247 41.2288
707 66.458 10.9481 43.7271
708 76.3864 25.8698 35.0643
709 88.8562 25.0041 54.7343
710 59.2295 30.2324 41.5632
711 55.4882 0.924839 38.0638
712 56.5092 19.3415 42.6383
713 64.4368 1.25445 40.663
714 72.4281 18.1204 32.6543
715 66.3748 15.4556 51.1287
716 58.4808 15.4773 43.4791
717 59.5812 0.558901 56.3097
718 78.5287 22.5692 43.5183
719 62.6946 0.562418 66.1032
720 78.9225 21.6003 78.1053
721 80.4094 0.823931 77.132
722 67.6018 0.545443 63.8674
723 66.2509 8.48961 60.7656
724 74.1756 0.495187 82.4928
725 78.5399 23.5644 68.3391
726 64.7611 13.547 64.5814
727 68.4444 11.8884 81.7991
728 51.0308 18.0213 88.1498
729 72.8233 0.0472767 76.7423
730 62.4862 18.0497 80.7879
731 51.9194 0.340162 78.5089
732 86.6568 0.280924 102.32
733 74.4855 0.123032 109.383
734 89.3641 0.208431 107.417
735 87.7856 20.0857 118.052
736 84.5792 29.9528 112.715
737 59.3125 22.6712 104.334
738 67.3193 -0.0600475 103.914
739 90.1907 17.4812 92.8417
740 67.052 27.5405 118.527
741 61.6167 12.7555 117.716
742 70.0739 10.6133 106.482
743 87.1715 18.0038 104.129
744 56.9261 1.42181 117.436
745 80.6218 6.2327 117.404
746 63.9231 -0.0674631 100.232
747 63.8439 14.9845 117.716
748 75.784 26.4587 -0.54642
749 73.8555 43.5279 -0.343082
750 96.1842 43.4351 -0.828117
751 81.929 32.4154 15.8629
752 71.6903 31.2008 -0.501885
753 61.7648 23.8591 -0.442384
754 69.4133 48.5878 20.5092
755 54.3565 39.763 21.2896
756 56.962 41.0986 22.2914
757 42.4646 26.3945 24.1219
758 67.1952 18.9569 25.9631
759 72.5718 42.3946 32.4648
760 56.7042 28.7499 49.935
761 73.1598 31.9404 30.1895
762 57.9766 32.7933 33.9294
763 80.0248 22.5155 59.9422
764 80.3694 50.5837 42.2518
765 57.0588 35.4183 54.8236
766 60.7044 34.3615 52.4334
767 64.6563 41.7629 52.2056
768 92.5555 14.3129 50.2696
769 80.1885 43.167 42.2547
770 90.572 44.1591 56.0328
771 78.5919 26.7888 48.4789
772 88.4136 37.4246 62.1591
773 76.2275 31.8507 74.8543
774 71.5482 44.169 75.849
775 56.7314 30.5889 54.9682
776 66.9657 25.4506 66.0199
777 66.8839 39.2741 78.1901
778 80.7402 44.1408 59.6473
779 80.7688 35.3832 54.9903
780 76.9189 26.1806 57.1908
781 72.0021 28.1097 77.3889
782 66.861 40.0338 65.8405
783 61.0366 43.1499 86.707
784 69.486 15.6997 77.8979
785 77.1057 34.2368 74.664
786 68.0157 24.5033 76.832
787 71.7636 37.4098 89.4768
788 58.4073 42.5456 88.0091
789 61.3529 45.8874 81.3866
790 71.0483 25.0426 80.7134
791 83.3492 57.2868 75.4146
792 63.092 50.7093 75.8418
793 67.2132 23.0789 80.794
794 56.4031 30.3766 100.709
795 58.0309 40.4379 99.4947
796 61.9988 36.9861 114.294
797 96.9973 19.8955 98.3379
798 70.6003 37.0153 101.898
799 63.0406 49.9896 102.353
800 87.4914 30.9821 97.5238
801 77.5488 19.8393 93.6204
802 74.9823 22.8998 88.0567
803 64.8679 40.0334 84.2428
804 53.4487 35.0334 117.557
805 72.4948 31.2792 117.453
806 49.0514 30.2536 93.7537
807 71.879 29.346 104.436
808 57.0464 33.5833 103.188
809 80.2663 32.2809 117.82
810 78.9719 44.9059 -0.109276
811 67.704 53.5346 -0.435062
812 75.7525 53.6394 -0.487501
813 61.3063 56.8035 22.6604
814 59.874 59.9277 12.2994
815 69.1684 52.6282 5.63762
816 72.0797 63.7826 17.2061
817 90.5077 65.5178 18.5459
818 71.3216 57.6231 7.56962
819 77.7672 60.2114 7.65071
820 83.3051 46.8121 13.7242
821 63.3448 53.9396 13.9535
822 59.5311 58.1014 14.4281
823 59.1349 64.8825 30.8209
824 64.921 75.9753 22.5286
825 61.9698 63.317 31.6591
826 61.8104 58.5591 14.0746
827 61.573 55.3968 15.0796
828 80.4831 72.3202 42.2557
829 86.7958 54.3786 35.9624
830 74.8055 56.6335 43.1777
831 82.2912 54.6926 43.5346
832 56.6553 70.4255 34.8784
833 82.5656 53.1521 31.2582
834 64.1813 64.4917 34.6284
835 63.2599 74.9123 30.8526
836 80.706 66.5299 24.927
837 83.2126 61.1929 43.4213
838 76.5718 55.2283 42.1351
839 86.1288 49.7277 78.2281
840 62.6818 58.22 53.6756
841 65.9385 73.3638 58.2037
842 62.494 51.2826 63.3359
843 61.926 56.2636 68.7637
844 75.8945 59.6146 64.3221
845 82.473 62.4738 51.3782
846 75.9535 57.1289 64.3708
847 64.8288 52.6974 64.3108
848 78.7614 59.6742 58.5671
849 62.775 45.6925 75.6062
850 85.1696 53.4816 86.7714
851 76.6116 68.2684 74.224
852 75.5743 62.5819 81.0437
853 72.97 52.9901 72.059
854 59.9783 35.82 69.9028
855 71.2719 56.9649 71.1961
856 75.4783 51.0682 92.2249
857 73.6925 52.194 86.0812
858 85.7929 62.092 86.2535
859 70.4967 49.3567 94.5761
860 57.6498 68.9796 100.878
861 68.9511 54.0571 96.4046
862 69.7932 68.9389 104.381
863 68.3581 45.0326 107.623
864 60.6318 55.3216 86.6316
865 87.9471 47.9312 102.639
866 71.1133 55.9907 83.2062
867 66.6132 65.1648 97.3175
868 89.3324 63.1389 108.002
869 91.1856 55.18 104.194
870 84.9533 45.8306 117.421
871 68.6669 65.6097 117.361
872 73.9907 59.7435 117.583
873 89.886 65.1604 103.098
874 92.1567 59.7828 117.75
875 84.1298 54.6729 117.756
876 84.2951 82.8798 7.79909
877 67.9684 72.0102 8.61828
878 91.0792 84.4448 -0.00138289
879 64.3622 91.3774 15.614
880 65.9352 90.6113 -0.267985
881 68.1776 80.709 -0.626815
882 62.0025 84.9857 11.6144
883 69.6732 71.0917 10.3825
884 65.9975 73.6021 -0.36199
885 66.9399 95.8111 11.7143
886 68.6174 75.0482 27.4161
887 65.7977 69.5174 8.94362
888 89.2772 65.8127 8.14046
889 69.2722 78.0838 22.3199
890 80.7021 74.5942 25.5488
891 68.2368 93.7719 8.80689
892 67.6217 72.0426 37.8102
893 64.4543 75.4472 35.0752
894 88.592 73.6943 37.64
895 68.5797 71.6787 32.31
896 82.4819 77.0365 36.2623
897 78.5852 71.8212 43.764
898 87.2604 84.7665 16.5699
899 73.0468 65.8459 29.7925
900 81.898 86.7477 45.9448
901 74.3311 93.924 43.6476
902 67.9073 73.1257 50.061
903 68.8468 92.5196 64.7767
904 78.2166 87.1946 46.2246
905 79.2795 66.3214 50.7442
906 58.5761 95.8376 58.2554
907 76.9652 70.9097 59.5701
908 64.2464 86.1318 52.5698
909 59.2906 94.26 67.9214
910 66.6578 87.6231 53.8095
911 80.2889 70.8196 79.7044
912 65.7898 78.8114 79.3557
913 72.0963 96.3263 67.4464
914 62.6102 78.017 63.2528
915 97.0145 83.7159 74.6841
916 57.0565 73.0476 72.3314
917 55.3571 54.0913 85.9076
918 75.3831 97.3928 89.6694
919 64.4729 74.2267 84.2626
920 85.13 68.2169 81.2675
921 84.9837 91.3681 69.5749
922 72.431 75.6287 79.6245
923 67.3768 73.926 100.131
924 60.7801 78.7015 89.1451
925 66.4055 84.8033 95.3194
926 58.2656 67.0856 82.7338
927 76.6552 85.443 101.193
928 65.3605 82.1356 107.638
929 81.1756 70.8273 117.516
930 59.9873 81.9814 117.724
931 72.0751 76.8352 117.624
932 88.9484 73.3138 117.641
933 77.8097 72.342 117.688
934 71.9068 79.8443 117.784
935 61.5042 89.421 117.552
936 66.045 78.3541 98.2146
937 60.3978 88.5885 103.569
938 86.9008 97.0359 7.3787
939 59.8845 97.4558 11.1108
940 51.7175 98.4495 9.8116
941 75.9494 90.5465 -0.176132
942 78.718 99.1773 38.4381
943 78.3544 114.194 12.1537
944 69.4643 113.428 38.5237
945 58.5882 90.0044 31.2916
946 73.7904 114.208 8.82785
947 69.2167 114.18 25.4533
948 64.0665 103.504 10.314
949 56.7502 99.6682 19.8403
950 52.728 95.4315 29.7603
951 67.7806 113.472 31.1903
952 62.6756 105.743 50.6419
953 69.9727 91.8161 30.7285
954 84.7838 90.5693 37.7055
955 64.7636 89.6351 42.2005
956 75.2015 95.5069 53.8828
957 78.7854 113.815 63.7429
958 51.1108 102.987 55.9571
959 92.1066 96.2441 47.394
960 64.832 87.4515 42.2474
961 74.7487 96.7551 60.7104
962 85.4259 113.506 56.6589
963 60.0267 113.379 44.6719
964 52.4274 83.613 52.3693
965 86.6746 98.2855 56.2701
966 64.1476 96.4063 56.941
967 58.67 110.858 50.6797
968 76.5111 96.043 39.9219
969 85.7739 104.951 53.8654
970 98.3398 94.7615 68.5256
971 57.2222 113.631 74.6266
972 70.9231 113.785 65.0801
973 84.8392 99.9324 64.6966
974 64.9885 113.525 59.8681
975 69.2177 83.0556 72.2544
976 74.3397 114.242 85.306
977 81.7359 102.188 63.0959
978 75.0218 94.3039 87.8958
979 73.0962 101.405 76.6217
980 74.615 96.9994 87.8788
981 78.8307 113.94 80.0101
982 67.9352 113.941 78.7598
983 76.8955 113.651 76.2313
984 59.0098 94.414 87.9493
985 81.7214 114.018 67.1712
986 85.1577 113.917 112.27
987 66.4156 98.8633 94.4982
988 72.8355 104.567 93.2323
989 76.9261 95.8231 88.8063
990 59.3519 92.8514 85.0602
991 79.7015 114.294 96.5842
992 69.3937 92.8406 101.249
993 71.3823 105.88 101.79
994 59.603 89.9657 92.3098
995 61.0773 113.728 96.229
996 55.7194 99.6328 92.5127
997 47.0796 114.074 101.672
998 69.0715 100.391 117.258
999 60.8834 113.975 112.397
1000 81.7926 104.464 117.557
1001 62.0903 102.016 117.779
1002 105.074 81.0359 117.533
1003 68.5161 95.6395 117.525
1004 80.1762 114.117 104.0
1005 57.7422 106.91 103.235
1006 92.0738 99.4813 106.785
1007 60.5594 100.625 117.387
1008 114.087 21.1117 6.11458
1009 102.056 15.2699 8.40809
1010 94.8338 24.1103 4.59313
1011 105.562 13.5749 8.01292
1012 93.2992 0.924307 0.673829
1013 97.9611 7.58676 12.3315
1014 78.3267 18.7148 18.5322
1015 100.843 13.3351 20.1456
1016 95.6443 10.5393 27.0498
1017 103.015 0.464242 21.94
1018 93.0768 10.2215 10.7014
1019 85.0696 2.64582 17.8614
1020 89.4171 6.42899 25.478
1021 86.4544 15.3762 14.4255
1022 93.8394 18.8412 21.4579
1023 95.49 9.19889 37.4975
1024 113.092 2.4802 25.3233
1025 96.2994 30.0067 32.6063
1026 86.8873 18.3381 36.537
1027 100.798 14.4427 30.1339
1028 98.3354 13.6986 31.343
1029 94.9182 16.0879 44.2269
1030 94.484 25.3031 51.1872
1031 98.423 0.893865 59.0614
1032 113.291 4.39943 59.201
1033 100.947 15.9146 62.4854
1034 113.328 14.8135 39.6856
1035 98.1034 0.918823 44.1944
1036 104.178 32.0507 37.7505
1037 80.4976 12.8612 47.4505
1038 107.367 15.6832 56.8438
1039 99.7491 0.265508 82.1128
1040 113.621 19.5819 71.9801
1041 89.5587 0.433721 71.362
1042 111.532 -0.348689 68.2155
1043 93.1755 0.655306 67.3602
1044 99.0439 14.1543 68.7179
1045 100.509 29.1947 59.6609
1046 101.507 0.342417 85.9386
1047 76.6742 21.021 79.5723
1048 113.862 29.9856 91.0362
1049 105.858 0.659158 81.9809
1050 110.377 -0.361667 94.0824
1051 113.68 21.2898 72.4443
1052 104.187 24.474 76.3012
1053 113.427 17.9482 91.262
1054 104.588 0.563183 84.4676
1055 109.826 -0.177415 72.8501
1056 87.4266 20.4534 95.0887
1057 112.641 0.496212 91.0236
1058 97.434 11.1633 100.848
1059 95.6652 0.372429 96.2835
1060 97.8579 13.9477 87.9877
1061 114.028 12.7597 84.0303
1062 90.59 15.5931 94.9386
1063 99.085 12.787 101.935
1064 90.3346 -0.0332466 103.788
1065 113.701 7.50746 88.6265
1066 90.723 -0.0191075 116.216
1067 105.995 7.82448 117.401
1068 112.351 5.31673 117.363
1069 108.251 0.0791501 113.452
1070 90.7693 44.7705 -0.0936665
1071 93.3352 44.1425 8.57213
1072 96.9087 24.8046 3.47899
1073 101.749 39.4648 17.2766
1074 99.155 45.068 -0.233623
1075 99.5399 36.0212 -0.238735
1076 101.337 40.1749 19.8356
1077 104.132 42.3937 11.9229
1078 97.3302 19.8914 22.8307
1079 96.1852 39.5458 12.5871
1080 92.417 39.0844 29.9986
1081 113.12 41.1139 35.2971
1082 86.7801 38.1687 23.8303
1083 113.479 33.3889 28.0213
1084 104.501 19.9112 45.1795
1085 78.8478 54.5434 28.7275
1086 97.6246 48.0072 44.0697
1087 113.75 33.6719 29.722
1088 104.458 36.9901 52.3609
1089 89.5427 25.4734 27.1355
1090 94.1956 30.5163 31.0738
1091 86.4143 29.359 48.5771
1092 92.4503 25.4469 55.1205
1093 96.2994 27.0854 44.9416
1094 101.323 37.8554 52.3766
1095 113.256 34.0001 42.8458
1096 98.2466 43.9775 55.9683
1097 105.118 23.9912 47.5792
1098 95.2309 35.5601 48.6533
1099 113.054 27.2622 38.0877
1100 90.5238 36.8652 63.4623
1101 104.671 20.034 52.7283
1102 107.303 27.3276 65.2593
1103 104.571 22.4813 52.6052
1104 90.2646 39.434 63.4562
1105 82.4283 39.5104 73.0414
1106 101.816 30.4857 77.8373
1107 97.5944 39.2119 61.7765
1108 97.687 34.0083 69.2883
1109 113.395 38.5504 57.3928
1110 113.696 38.7319 72.1075
1111 104.399 44.0116 59.6023
1112 106.753 36.6351 70.5333
1113 98.2695 32.5279 58.4064
1114 82.725 27.5542 80.34
1115 90.7381 25.6437 66.1066
1116 113.986 39.4806 88.972
1117 90.7416 13.3034 75.5768
1118 113.972 48.1965 81.0782
1119 85.3565 29.7892 83.9837
1120 89.3211 36.0905 81.3521
1121 82.1887 42.51 75.5268
1122 88.2927 33.0371 79.161
1123 90.5825 52.6913 80.6492
1124 89.151 31.5655 96.0258
1125 106.438 37.7886 89.6081
1126 91.7102 30.946 91.8639
1127 90.7326 36.735 106.825
1128 92.8926 25.3008 91.59
1129 108.99 31.4511 117.509
1130 108.272 27.7589 117.447
1131 99.7298 47.4674 118.073
1132 102.053 40.9223 105.685
1133 114.237 36.0082 109.826
1134 112.108 32.4459 117.782
1135 100.92 35.9329 108.061
1136 93.7415 38.552 101.336
1137 96.3995 59.7897 19.4502
1138 101.843 42.9523 11.1329
1139 103.031 47.0608 -0.210449
1140 106.054 56.4846 12.9201
1141 113.535 60.8262 22.8741
1142 104.668 61.0051 22.7191
1143 104.578 74.0065 22.8397
1144 102.764 59.5838 21.5334
1145 88.9122 48.5248 15.2734
1146 113.628 51.7381 25.0888
1147 113.542 53.1013 22.6642
1148 97.8412 66.626 20.0599
1149 94.2154 73.4371 14.1159
1150 89.1421 54.0917 24.9273
1151 88.3088 57.9071 22.3584
1152 91.319 53.3292 43.9184
1153 94.0871 56.5283 36.1601
1154 102.554 63.4685 33.6033
1155 98.4079 58.4945 41.1068
1156 90.7069 51.1517 48.4281
1157 113.885 48.866 17.8769
1158 102.392 61.8854 51.1518
1159 99.2834 73.0443 43.1158
1160 113.387 68.6502 59.3974
1161 113.301 60.7003 51.6532
1162 92.2199 52.4185 47.5195
1163 84.2372 56.7012 59.9303
1164 99.8254 61.934 45.235
1165 113.514 55.2675 55.1607
1166 85.552 66.5881 35.0725
1167 113.313 63.9713 46.6829
1168 89.4474 52.0456 45.6873
1169 90.5963 51.8023 58.2561
1170 101.943 53.4197 80.514
1171 113.877 69.9254 77.1802
1172 113.914 59.2638 67.7163
1173 96.146 58.4402 72.314
1174 86.273 48.4723 61.1239
1175 93.3075 63.6405 81.7116
1176 100.545 74.9314 71.8948
1177 97.1423 64.2268 69.2455
1178 89.2632 70.8786 74.1426
1179 84.9789 59.6609 76.7022
1180 88.9214 60.7326 64.8039
1181 102.78 55.046 66.1567
1182 99.8559 55.8523 73.2146
1183 107.631 38.069 96.9429
1184 68.5516 63.5053 81.6394
1185 94.9276 51.0265 83.0807
1186 103.538 47.8745 80.5053
1187 113.986 67.1655 88.7778
1188 113.93 62.6717 78.6969
1189 97.4879 60.8229 86.8797
1190 104.823 54.0691 74.2855
1191 105.132 61.2454 81.5756
1192 85.7469 49.7362 93.5737
1193 88.9322 59.7923 86.3532
1194 90.301 48.4808 84.8188
1195 114.018 59.1991 96.2913
1196 96.3333 72.3149 78.8313
1197 91.3571 63.3318 99.4448
1198 106.738 58.3421 97.8358
1199 80.5873 66.3695 89.1111
1200 86.6237 54.1318 106.874
1201 86.0681 64.8411 117.826
1202 96.3506 41.8007 98.1043
1203 107.706 59.9542 118.221
1204 96.0252 78.5637 101.489
1205 96.2355 57.393 117.542
1206 110.188 64.9449 117.49
1207 94.27 87.7366 -0.320314
1208 87.6765 67.8298 -0.267024
1209 102.23 86.2981 12.9626
1210 114.19 86.8753 19.7573
1211 83.3663 97.1034 9.14481
1212 114.134 78.7313 8.51926
1213 90.18 78.1751 -0.238201
1214 83.9056 70.0315 7.48458
1215 102.08 78.7183 9.69766
1216 106.338 87.7113 -0.129478
1217 113.722 82.953 22.6273
1218 113.868 69.4753 20.3108
1219 98.758 85.0941 31.3915
1220 84.7036 86.5302 17.6456
1221 111.306 77.4652 36.7076
1222 114.307 81.8113 12.6247
1223 84.6449 94.0926 25.2907
1224 98.86 91.2208 21.5487
1225 85.2709 81.1203 15.672
1226 94.4847 77.9031 41.2053
1227 113.146 88.4268 32.6373
1228 94.5954 73.2694 41.0959
1229 98.2175 67.8945 46.336
1230 86.7289 81.915 45.9012
1231 76.9474 65.127 42.1583
1232 113.147 81.0316 39.9417
1233 100.161 92.7225 37.5926
1234 98.5317 76.8153 51.2012
1235 101.764 74.5048 45.7313
1236 100.588 94.4385 64.3451
1237 91.3094 74.6556 48.8695
1238 113.052 84.2375 49.4566
1239 94.1919 87.1533 53.5968
1240 90.4608 91.4266 58.5205
1241 103.329 77.4209 73.3354
1242 92.4497 67.8854 72.0263
1243 94.1547 78.9834 43.8521
1244 93.1496 69.4856 57.0303
1245 113.694 89.8274 69.8024
1246 113.765 57.679 66.9307
1247 92.107 63.8938 69.4781
1248 113.401 88.5802 59.6826
1249 103.048 68.7112 78.013
1250 102.039 73.7863 75.734
1251 99.5728 83.1514 83.2595
1252 80.6224 83.1924 86.7931
1253 113.991 72.3851 78.4332
1254 84.2898 70.8817 72.2997
1255 100.409 77.3595 93.226
1256 113.767 74.9776 78.9415
1257 93.2321 81.5634 83.9614
1258 113.705 83.4923 81.3695
1259 94.5773 79.0131 92.8019
1260 100.684 86.3102 91.0033
1261 114.103 84.7344 92.9098
1262 96.7438 84.6346 105.617
1263 98.0385 81.6975 103.737
1264 76.2211 73.0768 95.1141
1265 113.915 83.2455 87.9777
1266 109.11 72.1111 112.58
1267 88.2833 69.6818 117.548
1268 114.21 73.0538 108.28
1269 92.2523 72.1241 117.753
1270 114.161 93.232 110.12
1271 114.289 79.8489 100.694
1272 94.1339 87.1629 117.727
1273 102.392 84.2594 97.2943
1274 112.293 94.5182 117.831
1275 78.802 74.4049 109.228
1276 114.372 83.9039 103.762
1277 92.1876 81.9211 117.811
1278 92.246 66.6306 111.361
1279 98.5301 82.9631 106.232
1280 104.889 58.7555 117.403
1281 114.174 99.2576 4.09608
1282 99.9759 113.902 26.3615
1283 110.703 114.791 14.581
1284 114.214 97.8329 13.4929
1285 90.4917 100.138 11.4116
1286 109.218 93.6916 17.8899
1287 96.693 102.521 29.97
1288 96.8479 96.0722 25.0503
1289 113.24 100.683 32.6268
1290 101.151 89.7442 20.3066
1291 93.0707 103.13 15.4868
1292 82.7528 95.4249 26.1098
1293 102.232 102.063 31.4494
1294 107.842 113.342 32.3614
1295 90.3336 113.531 43.5988
1296 97.9123 103.054 36.1311
1297 92.6991 105.424 39.7141
1298 104.039 113.878 47.1057
1299 113.077 101.624 42.1142
1300 108.351 102.125 35.3523
1301 96.9203 100.815 15.4536
1302 92.6336 90.0083 35.0982
1303 108.3 114.225 48.9759
1304 113.104 93.3177 45.2496
1305 112.924 108.843 47.2381
1306 98.1916 113.896 50.878
1307 86.231 95.8183 56.2655
1308 96.3329 104.589 49.7034
1309 108.285 107.922 59.5646
1310 87.4405 92.8484 58.1842
1311 91.9265 90.3971 87.6899
1312 104.41 94.5633 64.3866
1313 107.513 113.642 60.3662
1314 97.9622 113.9 78.2844
1315 104.154 97.3508 64.7041
1316 100.563 95.301 66.9906
1317 113.904 101.21 83.3976
1318 105.051 100.9 81.4572
1319 89.2316 96.2713 83.7958
1320 94.4819 82.2348 60.8696
1321 113.636 92.9525 74.0113
1322 113.762 94.8061 78.876
1323 112.266 113.764 82.3973
1324 114.146 86.7164 96.4413
1325 93.5437 106.055 96.1269
1326 107.563 95.2334 97.4227
1327 82.5175 83.6594 92.6248
1328 112.233 89.7047 117.795
1329 113.962 101.258 97.9062
1330 99.4628 114.286 102.085
1331 88.0861 104.347 99.5793
1332 84.4346 103.118 101.025
1333 82.1344 114.178 100.494
1334 100.129 101.47 110.567
1335 90.1697 100.551 101.942
1336 114.062 103.306 115.5
1337 114.395 65.966 101.407
1338 114.56 110.918 98.2681
1339 100.894 111.898 105.738
1340 114.207 104.618 107.601
1341 94.1185 99.949 106.209
