0 9.3698 18.867 -0.118501
1 7.78232 -0.0121157 5.46097
2 11.5477 23.6157 15.0222
3 37.4179 0.145379 12.1979
4 27.3486 3.86291 -0.0967674
5 11.2458 13.6824 -0.230826
6 2.83312 5.82264 7.48102
7 14.2736 -0.0985074 14.2553
8 21.637 11.418 -0.0895483
9 -0.883831 14.9749 1.52753
10 0.48822 10.5369 40.4595
11 8.99259 14.5317 17.3211
12 9.55233 10.6705 19.2275
13 9.19911 0.292637 19.7667
14 18.3782 0.667506 23.8781
15 8.91929 18.808 28.0939
16 0.491704 20.8453 57.2373
17 25.8082 0.858906 41.7911
18 0.298965 25.1994 49.8144
19 19.632 18.9278 25.1991
20 29.5342 0.867012 42.1492
21 14.2682 0.599441 23.7423
22 27.0081 20.2628 43.6729
23 23.934 0.669903 26.5714
24 0.448692 39.779 47.6011
25 22.1981 14.2848 55.4065
26 26.0748 11.9804 47.4474
27 0.368276 22.3365 54.5848
28 16.6304 16.3777 65.0224
29 24.0759 0.690653 56.9904
30 0.339043 22.63 60.2142
31 9.07061 1.05663 62.7026
32 27.0215 23.1218 43.8844
33 21.3113 12.439 60.1118
34 0.139344 19.0634 72.3192
35 25.0732 14.9668 77.1852
36 13.2958 0.815012 54.9666
37 21.4341 18.765 57.4509
38 19.3272 0.55294 82.3516
39 15.4016 0.847274 75.6068
40 38.9501 15.5788 81.3247
41 10.9759 21.8724 78.5177
42 28.9769 10.4851 77.3315
43 16.8976 0.371983 84.8002
44 19.9556 0.435259 85.5674
45 24.9139 0.515973 77.6806
46 10.5066 5.28062 80.8175
47 9.78105 0.399947 85.8937
48 30.5707 14.3766 86.0562
49 21.5705 16.7654 109.923
50 25.5824 10.1742 118.996
51 23.7671 7.83808 101.416
52 -0.4683 17.1469 97.0082
53 26.804 10.8517 90.7781
54 22.5183 9.90917 102.856
55 22.4038 15.2155 95.7759
56 18.2536 15.7713 97.9465
57 15.6733 23.5489 99.5792
58 0.322728 22.4102 67.584
59 8.98879 14.5125 89.5522
60 -0.81294 15.8039 92.8453
61 16.1121 0.0189457 113.562
62 27.4612 15.1386 118.669
63 20.6105 8.5404 118.222
64 1.44934 0.321492 111.278
65 11.2143 8.7334 113.57
66 24.9419 46.8057 15.704
67 25.2723 45.8671 25.0313
68 19.2567 38.6514 6.99552
69 -0.9113 36.7223 2.00544
70 15.2677 31.6721 20.2287
71 -0.875642 46.4847 1.90101
72 25.551 31.1463 -0.209556
73 22.2291 29.6013 -0.221642
74 19.6918 41.9455 20.3315
75 -0.511216 45.1792 18.6484
76 -0.0774712 48.5653 29.8036
77 3.80817 40.6284 13.1162
78 0.209256 30.5636 42.5069
79 0.122085 35.5828 34.7109
80 11.0813 33.5734 46.4896
81 13.3379 38.6399 42.9676
82 14.6292 35.1707 29.0086
83 0.387193 35.1388 55.0503
84 4.49644 40.5584 27.9426
85 0.264191 31.9573 45.4367
86 25.1973 33.5932 50.0776
87 21.7118 42.9671 42.2026
88 21.056 33.5494 50.1403
89 0.318007 24.7889 45.4162
90 26.8057 37.243 50.9091
91 26.8618 38.5371 54.0464
92 0.0734227 30.4965 79.1387
93 15.0911 31.0564 53.8069
94 17.1608 30.8786 49.9101
95 25.0565 40.1065 55.1519
96 8.16477 47.3539 50.1727
97 22.3652 43.2359 44.2838
98 19.3971 28.1205 51.2758
99 0.495269 26.6322 57.853
100 20.7099 23.1506 79.6216
101 11.9295 37.4372 61.2922
102 0.430161 12.9281 69.5434
103 21.0001 45.4838 72.3524
104 30.8719 40.3106 61.1817
105 0.292869 34.6314 69.4723
106 22.2946 36.8034 54.1256
107 16.8743 30.9031 79.9605
108 20.9993 32.724 86.8468
109 30.4881 26.6741 78.7613
110 13.3926 27.2195 75.0439
111 0.327797 31.3101 81.7207
112 25.2607 40.1747 77.7569
113 -0.442979 31.5321 94.8134
114 20.8028 31.8788 104.438
115 22.2161 42.2734 95.6127
116 23.4427 47.1345 86.5456
117 24.791 42.201 84.8568
118 -0.441969 39.1439 96.7994
119 37.7177 47.8333 107.724
120 26.6489 26.1139 91.1105
121 -0.100431 44.421 91.6166
122 15.9556 31.2459 102.055
123 12.0438 45.2341 92.4072
124 17.2728 22.161 105.063
125 18.1063 38.4148 105.76
126 24.0838 41.1586 111.257
127 22.313 44.6733 110.146
128 11.6639 39.3773 111.654
129 22.7851 46.3571 115.014
130 8.0494 36.1347 118.429
131 16.5734 46.1027 118.615
132 31.7154 17.7914 118.66
133 29.2522 32.622 114.233
134 32.556 61.3319 8.44984
135 10.0452 57.1492 0.166686
136 19.6582 67.5101 17.9789
137 29.2402 61.904 12.8209
138 1.78091 51.3662 18.9001
139 -1.03066 65.7462 13.341
140 21.5199 39.7577 15.8447
141 15.2231 50.6678 18.4891
142 -0.516412 57.4219 20.2442
143 17.6638 54.7489 19.4472
144 28.6018 45.2572 27.4321
145 12.0081 67.1112 23.0661
146 13.4755 60.6224 11.0964
147 20.6329 62.337 32.7873
148 14.87 36.2849 31.7058
149 30.8288 50.63 38.8536
150 26.5527 60.3469 46.2689
151 4.90232 51.1487 37.5696
152 5.61227 62.5803 55.6527
153 30.8227 55.6593 46.449
154 32.5328 51.7084 30.4382
155 18.6513 62.717 38.8417
156 15.0601 45.8949 46.3303
157 -0.267432 49.8911 35.1492
158 8.7985 56.9298 47.387
159 0.0536808 69.9114 48.0589
160 22.0315 70.6703 36.5866
161 16.9628 59.4343 69.7255
162 20.9058 65.2131 57.5137
163 6.52402 43.3468 56.1995
164 28.6082 63.1155 50.1425
165 20.8446 45.234 55.2142
166 27.5495 60.9059 56.1568
167 0.124816 35.3833 40.6837
168 0.296239 60.4354 70.007
169 26.9156 61.9103 66.2895
170 20.7657 58.6974 74.8535
171 32.8547 65.5537 65.1527
172 -0.306789 57.626 79.5358
173 26.4948 63.58 78.6528
174 32.5327 35.8149 87.3444
175 0.12364 66.6059 84.242
176 14.9148 54.0252 86.2289
177 28.8594 57.9118 72.6077
178 22.6554 43.0539 83.6706
179 22.6875 58.4279 78.5718
180 -0.202205 50.191 84.6911
181 6.01413 64.9971 97.9049
182 7.27155 69.8709 93.3114
183 30.6879 49.7924 81.1886
184 12.4401 59.8298 92.1579
185 17.2973 55.5164 92.6497
186 -0.768226 50.1536 99.9051
187 10.0914 67.4235 96.033
188 -0.454887 75.0199 101.05
189 12.173 63.0974 118.539
190 4.2578 53.7707 118.619
191 1.11713 67.5904 118.735
192 19.4314 66.2298 110.016
193 19.6684 69.8851 118.897
194 -0.693943 55.0214 107.256
195 7.46786 57.4639 118.905
196 20.4761 48.5826 118.473
197 23.5335 47.1267 111.817
198 28.7077 63.4368 118.744
199 -0.589166 68.7253 8.54576
200 -0.659406 88.7484 8.66152
201 15.1709 78.5851 20.9183
202 22.1599 79.2477 14.2194
203 23.5747 81.0169 6.39386
204 18.0654 84.4007 0.151028
205 10.0102 77.1224 -0.0236078
206 23.8334 78.9049 3.41716
207 2.15905 75.7112 11.7321
208 19.3065 63.3674 -0.510002
209 0.298091 84.4976 42.5154
210 26.9696 73.0556 31.6442
211 10.8404 88.6422 13.9407
212 31.8381 78.5644 24.6356
213 24.1322 68.9205 23.1971
214 13.0776 78.7079 17.5977
215 30.738 72.8528 24.068
216 16.4182 83.0312 20.614
217 15.0398 80.9147 26.5607
218 15.1232 84.2098 19.4678
219 8.87029 66.5709 22.9816
220 12.9843 72.5566 34.9874
221 16.9695 83.3235 37.4395
222 15.5431 83.5094 51.0566
223 0.0974091 91.174 30.7584
224 10.7534 86.0546 41.6257
225 12.5887 82.3111 27.6516
226 26.8572 78.2239 41.2578
227 15.1754 95.6104 41.1639
228 20.9307 72.9306 42.8133
229 0.0454361 79.747 56.4976
230 21.053 91.7811 62.7594
231 20.8974 69.6664 40.2607
232 0.197862 95.92 72.5423
233 21.1566 80.8951 60.0382
234 27.0712 61.1885 48.9505
235 16.0654 62.4111 67.8341
236 8.2137 66.328 58.0395
237 7.47577 71.1975 56.4006
238 0.472595 73.2893 59.9637
239 0.17824 63.5905 58.2522
240 10.7153 66.6593 43.7383
241 31.914 67.4099 67.5687
242 18.9957 63.4826 69.0858
243 26.7059 74.0517 73.4243
244 22.6035 98.9547 81.0585
245 0.174361 84.5408 71.9103
246 24.9272 91.1783 62.5701
247 21.8461 66.6768 65.03
248 29.2486 91.6541 55.1052
249 0.248105 98.7141 61.3822
250 29.3751 66.5752 77.2925
251 0.408904 79.8279 72.0545
252 21.6723 65.0216 82.427
253 12.4895 92.492 79.7055
254 8.5364 65.5623 72.2633
255 14.9955 81.1821 86.1258
256 22.6799 92.3188 83.4006
257 19.3322 70.3541 93.3472
258 13.0504 93.2114 89.6924
259 0.08399 88.0002 89.0072
260 -0.213714 74.9158 78.9222
261 5.88849 88.0753 77.1305
262 6.97685 95.2438 90.8023
263 17.7047 74.6933 86.1436
264 10.0444 71.9329 93.5843
265 -0.328721 72.5669 93.9425
266 20.6665 86.202 89.9576
267 -0.0243682 75.8115 89.1079
268 32.3361 98.6126 90.0444
269 8.65591 75.3506 94.5366
270 -0.142483 83.3192 89.3141
271 18.1079 86.5259 110.003
272 20.7929 77.9988 118.716
273 -0.49389 72.5364 115.927
274 4.81099 86.6957 113.614
275 19.6309 74.269 101.812
276 24.9753 72.4125 101.921
277 40.6599 83.1426 118.62
278 26.3003 111.977 -0.0549938
279 29.5816 100.617 -0.312797
280 18.7072 92.0886 0.0322506
281 3.13931 113.719 9.22213
282 19.607 114.742 4.27563
283 1.24147 97.7096 -0.165075
284 20.8176 88.2311 30.2052
285 -0.983789 95.6664 13.4661
286 22.432 113.558 21.2879
287 20.7891 105.526 30.256
288 6.20342 109.805 36.4929
289 5.12637 106.9 12.439
290 0.147185 99.3223 20.4569
291 19.0891 113.741 19.5247
292 -0.14234 96.9467 20.36
293 29.5211 113.219 39.5798
294 25.0355 94.1157 25.2542
295 7.24748 113.581 20.2042
296 28.9701 113.974 15.7522
297 26.888 93.4761 26.5862
298 19.6901 113.531 41.6033
299 27.9671 86.6658 30.4178
300 21.4157 106.163 54.8172
301 7.22208 111.713 31.378
302 18.1044 103.554 31.5349
303 7.04893 113.658 36.1663
304 0.421997 109.102 40.66
305 24.9448 104.711 35.0566
306 19.3828 113.481 34.0535
307 18.7692 102.659 24.2967
308 19.9438 108.611 30.6361
309 12.7522 105.976 45.5061
310 10.1252 111.098 38.734
311 15.5347 96.0254 43.5614
312 21.0723 103.58 47.5442
313 26.3252 103.274 46.1774
314 0.382627 90.6272 52.545
315 4.05809 114.642 85.552
316 14.426 104.331 63.3934
317 0.990895 108.465 69.3091
318 6.93992 104.88 63.2071
319 8.82859 100.216 74.4815
320 25.0328 113.648 69.3199
321 27.012 107.337 90.8631
322 28.0712 113.762 75.653
323 18.3401 113.682 78.7344
324 14.9577 108.555 93.5334
325 24.1616 86.4867 90.1026
326 0.311005 108.495 84.0623
327 -0.104116 92.8871 88.9788
328 20.9112 88.1554 82.3692
329 26.5938 97.8837 112.776
330 17.1743 99.5071 72.2268
331 13.9087 113.91 90.2617
332 6.87533 101.278 108.048
333 -0.165906 107.945 94.8029
334 21.6333 114.106 101.52
335 24.4019 113.856 98.8813
336 1.41538 113.558 102.697
337 16.8073 101.501 92.1038
338 26.0601 114.729 117.725
339 31.7428 109.34 118.795
340 -0.511742 102.007 107.106
341 16.7655 105.632 118.406
342 -0.935519 110.741 102.463
343 36.791 13.9565 8.18976
344 26.4898 4.66874 7.09991
345 51.3396 -0.174922 8.90563
346 45.757 16.3189 -0.0246536
347 58.7585 -0.130019 14.2066
348 44.7971 21.5416 1.2056
349 34.5451 12.6846 -0.0590795
350 47.563 20.4901 8.24573
351 40.9247 26.1965 8.10593
352 27.0895 0.620048 23.9337
353 58.4058 3.06069 16.4583
354 44.2771 0.244557 18.3653
355 53.1526 0.440243 25.8577
356 49.3932 0.574949 25.9309
357 40.4004 20.9562 34.8219
358 33.9341 26.2343 11.4607
359 56.3641 13.9839 22.6284
360 35.6477 22.9056 15.4918
361 31.9885 0.522786 27.9083
362 25.2318 14.49 42.7852
363 60.8168 13.912 42.5719
364 52.8123 22.0148 45.0895
365 43.7184 0.726393 52.7899
366 29.3088 15.6918 55.1219
367 28.9542 17.3772 37.8761
368 38.5378 9.68999 56.2643
369 43.1628 0.708915 68.1421
370 37.1576 23.2894 57.3371
371 27.2004 13.0017 51.2066
372 30.9787 17.3471 56.38
373 58.259 14.858 48.9518
374 39.0148 11.1048 68.6538
375 62.6017 22.5968 66.2258
376 32.9242 18.0072 70.3486
377 38.9724 0.543842 73.9468
378 60.85 14.719 82.5302
379 43.1359 6.8272 86.0324
380 28.9256 9.38286 82.2801
381 73.3303 -0.224324 83.8308
382 40.1455 25.8756 77.7669
383 40.3127 7.95222 84.8594
384 38.5252 12.7145 88.3173
385 25.8665 0.311413 82.8548
386 30.63 7.71397 81.1633
387 56.672 0.225837 99.6182
388 29.0186 0.185399 86.5017
389 48.7678 23.1758 94.742
390 50.4268 21.9965 95.9425
391 52.6922 17.8711 101.712
392 41.097 0.359267 94.2996
393 53.3679 12.6563 118.738
394 39.4964 5.24114 118.775
395 39.5459 15.1357 118.923
396 43.0906 14.2817 115.02
397 36.1748 1.33617 118.396
398 37.4835 -0.166302 111.784
399 43.7027 17.5108 101.677
400 55.8186 12.4029 118.603
401 44.5898 8.96779 118.497
402 30.3573 32.4969 -0.0414141
403 33.4582 42.9845 18.2138
404 33.3683 41.5049 -0.597589
405 47.624 35.9082 -0.463579
406 53.5407 41.3441 -0.398785
407 45.7066 35.7005 14.4953
408 23.446 48.5554 6.8406
409 45.4729 30.463 11.7418
410 31.3539 28.7326 -0.256933
411 51.5045 39.0435 -0.366897
412 32.1992 44.4584 3.52404
413 37.4649 45.6125 7.81874
414 40.064 49.8793 20.2794
415 37.3911 34.3231 24.7601
416 49.0428 44.9439 25.3533
417 44.3756 55.0082 17.9931
418 28.1053 35.0164 23.0915
419 36.6475 39.9707 25.2619
420 23.4966 45.086 15.6182
421 32.2158 20.2839 30.2808
422 31.2482 32.3566 49.1161
423 57.4805 23.1485 37.7814
424 52.4431 45.5147 27.7185
425 40.7313 34.6551 25.1295
426 56.8979 29.8338 39.9069
427 60.8249 28.6705 42.6683
428 40.9589 29.8388 23.0747
429 47.7791 44.5192 42.7443
430 40.7254 43.0996 35.0128
431 58.7156 28.2859 38.7827
432 30.097 32.6282 34.3608
433 51.6108 37.0493 46.508
434 33.2067 23.4798 57.4629
435 36.9407 21.5943 50.2424
436 48.3176 49.1936 67.8831
437 32.5662 30.9405 50.1217
438 42.9395 53.9989 78.7341
439 39.5594 43.111 74.3064
440 61.7053 48.1742 66.3496
441 40.8389 27.9264 62.6021
442 45.2192 32.2355 60.4624
443 29.2767 34.0502 65.4972
444 37.125 31.2095 74.9661
445 36.8515 30.7643 65.1322
446 42.8401 19.6088 71.3886
447 50.6962 25.8684 61.2974
448 46.9422 19.1766 71.0853
449 34.6658 39.1119 71.3252
450 44.6745 38.8712 52.5191
451 38.7101 35.9085 68.9843
452 36.6512 53.7598 82.4529
453 46.7982 54.7682 73.7536
454 27.2136 39.4756 56.6536
455 48.7201 21.5099 74.7257
456 23.0109 44.1409 71.355
457 52.9889 36.1679 65.1845
458 39.9119 23.6846 74.3447
459 32.5505 48.1924 87.2537
460 63.548 55.7072 88.3086
461 44.665 39.7825 70.0773
462 54.5242 30.6358 83.491
463 45.1002 48.2084 87.1093
464 56.5867 29.8722 84.7547
465 38.0744 33.3383 93.1334
466 52.6397 28.652 96.9032
467 40.7066 23.5293 101.923
468 44.0218 43.4534 94.7041
469 38.5746 22.2823 103.041
470 24.1057 43.7963 111.449
471 39.2179 46.8086 95.9539
472 51.6272 38.8797 109.615
473 40.8798 39.9244 113.886
474 31.667 27.6163 118.912
475 40.6185 28.7091 118.448
476 50.3356 49.78 103.427
477 53.6874 46.4641 109.348
478 56.6405 28.4985 118.345
479 43.242 44.9638 105.06
480 33.9106 55.0998 0.0336452
481 46.1203 51.8514 14.1136
482 54.4849 69.7161 0.125301
483 41.4792 58.1268 21.8205
484 23.8702 44.2398 27.8582
485 29.2147 42.1245 32.3437
486 32.3234 62.5496 34.9712
487 37.0922 71.0043 29.9275
488 51.1716 58.498 24.3428
489 52.6038 64.6956 25.3583
490 38.3904 64.2027 26.7655
491 41.8224 70.8959 21.638
492 40.1022 62.4892 25.6864
493 46.479 54.4899 43.9196
494 37.4628 42.2474 27.7124
495 43.0176 62.5894 31.4189
496 52.5146 50.0217 47.9757
497 36.2723 64.5416 30.5535
498 26.8163 68.7036 41.4458
499 29.3465 64.9179 34.8344
500 48.6615 57.9781 57.8138
501 35.467 54.7816 61.2904
502 42.754 54.543 44.0304
503 38.5994 58.9214 56.6566
504 38.0495 60.6779 52.0049
505 42.6596 59.2819 49.2493
506 60.7497 73.7548 62.5906
507 47.448 64.2827 71.6184
508 30.6218 58.7081 63.9518
509 48.8027 56.8497 77.2057
510 22.8459 55.5321 69.0482
511 32.893 61.0347 75.0517
512 38.6996 58.1643 54.007
513 36.6859 56.9324 69.9622
514 38.403 60.1143 76.1226
515 31.391 60.7318 78.2068
516 42.3943 61.7019 80.9073
517 44.9515 70.52 87.7036
518 42.3258 67.4263 68.8951
519 52.7666 56.3121 89.7045
520 42.4862 58.3099 78.4768
521 42.6606 60.4627 98.2833
522 70.7308 58.1296 69.2723
523 64.8026 58.1843 65.224
524 39.439 50.4042 100.42
525 46.2554 47.5154 119.527
526 36.981 55.3646 102.038
527 52.0001 60.7741 102.338
528 39.5366 60.7511 95.6152
529 29.6991 57.3697 105.016
530 42.0738 61.6703 93.7616
531 31.5457 62.4135 119.044
532 35.7366 67.0592 108.847
533 49.0619 65.7999 118.564
534 27.0071 53.1336 98.7817
535 45.6123 60.9323 106.557
536 56.5175 49.5251 113.833
537 41.4816 88.1446 -0.110412
538 45.6864 83.3002 -0.27265
539 37.8937 71.8674 19.2868
540 49.9483 56.1212 16.9794
541 54.9089 87.2872 9.13043
542 25.0285 79.7675 12.8006
543 27.3757 73.144 -0.539911
544 46.3966 73.1139 24.2813
545 42.6842 82.5007 31.2954
546 54.7389 75.6046 26.4192
547 41.4943 103.324 17.04
548 34.9235 77.4372 23.7257
549 48.8332 74.3321 17.8728
550 50.6454 86.8233 21.4397
551 52.5586 93.9319 17.4842
552 42.4499 92.239 21.6505
553 44.674 88.1765 37.4458
554 56.3214 75.5784 20.3962
555 49.5462 66.8613 38.3595
556 24.3432 61.9004 32.502
557 32.6678 89.1646 40.0051
558 44.7157 81.6704 32.8432
559 63.0226 75.733 26.1668
560 35.3996 79.0567 41.7822
561 37.036 81.4947 40.0543
562 49.2595 71.601 30.5931
563 62.9055 94.49 31.227
564 36.6764 84.4241 42.5031
565 52.7903 65.9001 37.5795
566 33.0248 86.5657 40.2123
567 42.6107 94.9708 46.7227
568 46.6677 91.4149 66.4255
569 41.0403 74.6305 40.251
570 55.022 68.531 56.6478
571 27.7071 62.2188 38.1715
572 56.9411 65.0503 50.2387
573 48.8621 79.9155 35.3234
574 41.0333 60.1235 47.9479
575 34.9494 74.8975 53.7582
576 36.6872 59.8525 55.206
577 26.991 87.2539 38.7822
578 36.2411 78.8419 47.6335
579 64.9939 83.5364 60.5495
580 60.7664 92.0132 64.9643
581 55.6339 94.0433 63.8596
582 40.2131 92.2293 67.4931
583 44.9951 70.6236 60.0047
584 31.7222 87.4793 66.4199
585 31.5346 68.1468 70.9206
586 36.4374 92.6368 67.2025
587 56.7811 70.289 87.3854
588 21.2726 88.7037 90.3674
589 29.2845 79.356 94.347
590 44.835 84.982 72.6962
591 40.5837 71.3941 89.9845
592 56.2921 76.3229 82.5526
593 52.6076 93.0898 82.3692
594 18.0504 89.307 83.1065
595 31.395 63.3989 96.0096
596 47.3366 81.4643 100.827
597 35.9991 74.0568 112.004
598 40.9087 77.7595 94.8297
599 62.4563 76.4872 95.6248
600 43.5386 76.0989 91.1476
601 50.719 89.5163 96.5091
602 43.7035 71.669 105.66
603 49.0939 100.702 104.226
604 69.0718 78.113 89.5074
605 37.8495 70.6051 88.5671
606 61.6432 82.9708 99.587
607 48.4913 50.9135 96.521
608 40.6823 74.6948 92.5081
609 34.0592 75.6564 114.267
610 42.2415 94.685 105.362
611 56.2278 80.5168 111.194
612 45.3918 93.8986 104.945
613 42.3922 74.7863 112.482
614 42.2429 77.7468 112.68
615 64.8079 78.0666 118.739
616 35.474 102.84 -0.145708
617 36.3012 113.537 0.712212
618 54.8385 114.759 2.03774
619 30.3456 91.7619 14.1293
620 51.2613 114.004 5.24053
621 42.5669 102.162 -0.013205
622 59.4228 103.732 20.5839
623 44.5375 114.364 10.4855
624 43.9315 95.4042 22.0015
625 30.397 114.687 2.12313
626 41.1386 99.8308 11.0049
627 35.7302 113.81 16.574
628 34.7226 88.603 34.0525
629 30.7637 106.758 31.1227
630 38.8272 108.415 19.3662
631 34.7444 80.5136 16.725
632 27.5956 102.272 21.6846
633 47.7242 113.877 31.6268
634 36.3333 92.6821 20.4759
635 42.7887 104.143 28.9935
636 61.5002 113.719 23.5564
637 26.922 92.3392 31.4657
638 60.7268 104.326 42.4471
639 50.725 109.345 38.6037
640 57.8157 113.497 53.5121
641 36.8722 87.0784 34.899
642 60.4635 113.495 54.9667
643 32.9846 109.014 42.2801
644 42.8537 102.796 40.9657
645 38.5347 113.386 49.1351
646 38.8072 101.803 44.0053
647 42.4791 100.352 41.043
648 32.2706 113.85 56.1188
649 36.6622 113.508 74.8955
650 32.42 113.293 60.6287
651 29.0938 113.397 60.376
652 50.7652 98.5937 73.558
653 49.7927 113.489 53.6986
654 22.2088 102.353 66.2565
655 32.9163 98.0078 74.9788
656 72.6612 101.967 65.009
657 21.2243 91.0105 75.0736
658 51.4835 94.8943 78.3414
659 49.8101 106.019 79.4309
660 19.1194 94.8561 83.4245
661 38.1577 111.071 79.1025
662 35.1503 113.517 80.511
663 43.2164 113.491 86.4416
664 41.0914 113.849 91.3966
665 35.4475 93.2538 80.8858
666 45.0339 113.618 90.0466
667 48.7967 84.7425 79.9355
668 50.8785 102.825 85.6932
669 31.0426 103.368 66.055
670 40.8885 93.8522 77.1427
671 39.2908 101.266 88.4289
672 36.9105 99.883 94.6332
673 45.8421 113.693 97.5352
674 34.4218 86.0841 100.79
675 43.5314 109.005 105.186
676 57.0881 101.541 92.0044
677 32.3321 113.753 98.8993
678 56.9571 95.8898 89.7296
679 28.8223 114.218 106.341
680 33.6103 87.194 118.984
681 48.8189 95.8161 104.401
682 40.7269 104.788 115.782
683 43.6292 87.0249 118.961
684 48.1954 114.558 115.277
685 24.9854 105.619 118.27
686 20.7281 114.208 113.263
687 41.8671 109.573 118.732
688 64.0822 101.052 106.061
689 57.7548 96.8419 118.532
690 50.7642 113.999 109.846
691 68.8077 0.0541085 4.15075
692 70.6687 15.1777 0.101972
693 83.6841 16.0348 11.281
694 83.8887 25.4736 7.73081
695 61.806 13.7778 -0.259326
696 55.8326 22.5523 22.5413
697 62.6706 0.301268 14.5443
698 66.0284 22.5336 19.026
699 62.2538 21.5437 11.7857
700 61.6677 0.614355 35.1454
701 70.756 16.4929 31.6602
702 85.748 0.260599 19.6449
703 61.6813 10.5059 15.6368
704 71.5272 13.8167 21.6555
705 70.7254 22.7949 0.0704245
706 62.7018 14.6802 41.2624
707 66.7018 10.1287 43.733
708 76.7248 26.0499 35.0001
709 88.5935 25.3918 55.0033
710 60.3534 31.3448 42.9978
711 54.5505 0.713847 37.041
712 56.8871 18.7689 42.5898
713 66.3029 0.809768 38.2703
714 74.2347 15.3812 34.14
715 66.3258 15.1814 51.1991
716 58.6748 15.8479 44.0471
717 59.6413 0.49401 56.7569
718 78.4486 23.0803 43.7197
719 62.7478 0.579172 66.5906
720 78.4866 22.1356 78.7794
721 80.4228 0.616109 77.7608
722 65.8136 0.476435 63.978
723 66.6678 9.00582 61.5146
724 74.9825 -0.0387229 80.6301
725 78.5983 23.7732 68.8634
726 64.3854 13.7845 64.992
727 68.4742 11.7903 82.3611
728 50.8273 17.7368 88.4571
729 72.5615 0.596681 77.9358
730 62.6182 17.7424 81.2167
731 51.8032 0.351158 79.0212
732 86.6726 0.207972 102.98
733 74.4855 0.123032 110.46
734 89.3641 0.208431 108.493
735 87.7856 20.0857 119.129
736 84.5792 29.9528 113.791
737 59.3125 22.6712 105.41
738 67.3193 -0.0600475 104.991
739 90.1907 17.4812 93.918
740 67.052 27.5405 119.604
741 61.6167 12.7555 118.793
742 70.0739 10.6133 107.558
743 87.1715 18.0038 105.205
744 56.9261 1.42181 118.512
745 80.6218 6.2327 118.481
746 63.9231 -0.0674631 101.308
747 63.8439 14.9845 118.792
748 75.784 26.4587 -0.54642
749 73.8555 43.5279 -0.343082
750 96.1842 43.4351 -0.828117
751 81.929 32.4154 15.8629
752 71.6903 31.2008 -0.501885
753 61.7648 23.8591 -0.442384
754 69.442 47.4768 19.8342
755 54.9589 39.753 21.4248
756 56.691 41.5334 22.7703
757 42.8524 25.6643 23.7298
758 67.4906 20.4603 26.669
759 73.1359 41.9408 32.5061
760 56.8768 28.2597 50.152
761 72.3631 31.6383 29.9392
762 57.7495 32.959 34.1347
763 80.716 22.1736 60.2625
764 80.0326 51.3894 42.89
765 56.8336 35.3299 55.3996
766 60.5677 34.4383 52.747
767 64.7248 41.4505 52.601
768 92.3793 14.2247 50.1462
769 80.8434 43.7348 42.6884
770 90.4956 43.8315 56.218
771 78.6575 27.1186 48.7344
772 88.6817 37.3505 62.328
773 75.8537 30.5785 74.8558
774 71.2714 44.2831 76.3358
775 56.5448 30.0664 55.1524
776 66.1462 25.4572 66.4243
777 66.8592 38.3872 78.3341
778 80.5895 43.7919 59.8981
779 80.6884 34.9572 54.8711
780 76.5983 25.8898 57.5194
781 72.2187 27.2433 77.2028
782 66.3217 39.4399 66.1524
783 60.7073 43.2055 87.3459
784 69.9433 15.058 78.9973
785 76.2922 34.4285 75.2577
786 67.29 24.1045 76.5226
787 72.983 36.1018 89.2299
788 58.2957 41.9597 88.6348
789 60.5569 44.1107 82.4878
790 70.9038 25.0097 81.1097
791 82.3232 58.3503 76.3409
792 62.5668 50.6939 76.3658
793 66.4428 22.5652 80.9782
794 57.1718 28.1152 101.896
795 56.9629 39.6126 99.3593
796 61.909 36.9302 115.455
797 96.5893 20.1876 99.2043
798 71.2097 36.9303 102.904
799 63.458 50.8917 103.029
800 87.4914 30.9821 98.6001
801 76.2882 20.4078 94.3678
802 72.8597 24.1695 89.822
803 64.1446 40.0949 85.0955
804 53.4487 35.0334 118.634
805 72.4948 31.2792 118.529
806 49.0514 30.2536 94.83
807 71.879 29.346 105.512
808 57.0464 33.5833 104.265
809 80.2663 32.2809 118.897
810 78.9719 44.9059 -0.109276
811 67.704 53.5346 -0.435062
812 75.7525 53.6394 -0.487501
813 61.3063 56.8035 22.6604
814 59.874 59.9277 12.2994
815 69.1684 52.6282 5.63762
816 72.0797 63.7826 17.2061
817 90.5077 65.5178 18.5459
818 71.3216 57.6231 7.56962
819 77.7672 60.2114 7.65071
820 83.3051 46.8121 13.7242
821 63.5599 53.842 14.0027
822 59.6348 57.939 14.7269
823 58.9268 65.5895 31.7049
824 64.6465 75.9833 22.5331
825 62.6301 63.2434 31.6825
826 61.798 58.5217 14.1452
827 61.4982 55.4967 15.1109
828 80.4315 72.6242 42.6478
829 86.3042 55.009 36.5557
830 74.9129 54.3955 43.9475
831 82.3814 54.8315 43.816
832 56.5395 70.2058 35.2225
833 82.4404 52.9251 31.3133
834 64.8187 65.2565 35.1754
835 62.7352 75.2959 31.7445
836 80.1091 67.6428 25.4325
837 82.4976 59.9007 43.9366
838 76.4445 55.2439 42.4798
839 86.1187 49.4185 79.1296
840 62.7998 58.2116 53.9608
841 66.9203 72.0538 59.088
842 62.9949 51.0534 63.9775
843 62.5544 57.733 68.6562
844 76.6828 59.8763 64.7752
845 82.51 61.7172 51.1913
846 76.3376 57.7195 64.9898
847 64.4383 52.8138 65.0521
848 78.3149 61.6712 58.6168
849 61.5477 44.3081 76.2765
850 83.6276 53.785 87.9702
851 76.2334 68.6709 75.0133
852 75.6722 61.3212 83.6698
853 70.8696 54.5298 73.8519
854 59.9149 35.736 70.2204
855 71.8897 57.118 72.2367
856 74.6789 49.044 93.4874
857 73.9943 52.6684 85.9132
858 86.7147 61.5102 86.332
859 71.1081 49.8564 95.8376
860 57.6911 68.9313 101.814
861 68.8152 54.0147 97.3206
862 69.8549 68.8816 105.495
863 68.6071 45.0401 108.725
864 60.4585 55.5447 87.432
865 87.9471 47.9312 103.715
866 71.8192 54.9059 82.5211
867 66.6132 65.1648 98.3938
868 89.3324 63.1389 109.078
869 91.1856 55.18 105.271
870 84.9533 45.8306 118.497
871 68.6669 65.6097 118.437
872 73.9907 59.7435 118.66
873 89.886 65.1604 104.174
874 92.1567 59.7828 118.827
875 84.1298 54.6729 118.832
876 84.2951 82.8798 7.79909
877 67.9684 72.0102 8.61828
878 91.0792 84.4448 -0.00138289
879 64.3622 91.3774 15.614
880 65.9352 90.6113 -0.267985
881 68.1776 80.709 -0.626815
882 62.0025 84.9857 11.6144
883 69.6732 71.0917 10.3825
884 65.9975 73.6021 -0.36199
885 66.9399 95.8111 11.7143
886 68.4834 75.2295 27.709
887 65.8735 69.5742 8.84138
888 89.3536 65.8155 8.12096
889 68.6506 78.2199 22.452
890 81.0516 74.0039 25.0623
891 68.035 93.8529 8.97096
892 68.3714 70.7842 37.6091
893 64.6059 75.0191 35.3142
894 88.4662 73.742 37.871
895 68.6988 72.0961 32.721
896 81.6712 75.6653 36.1758
897 78.8311 72.081 44.1448
898 87.0712 85.2154 16.839
899 72.8222 66.6897 30.3457
900 82.4424 87.3127 46.5604
901 74.6003 93.9695 43.6415
902 69.0411 72.9468 50.4661
903 68.8859 92.1549 65.0886
904 78.6776 87.3884 46.4312
905 78.5011 67.2182 51.5657
906 59.3426 97.0404 58.908
907 76.5666 70.8642 60.0382
908 64.7365 85.6914 52.8237
909 59.0095 95.0386 68.9178
910 67.19 87.953 54.2415
911 79.1141 69.2677 80.8749
912 65.5966 79.1008 79.8359
913 72.4531 95.4934 67.6633
914 63.1782 78.6611 64.2247
915 96.4455 83.2408 74.7821
916 57.6153 75.0997 74.7465
917 55.5381 52.7338 85.9292
918 74.8757 97.4302 91.0512
919 64.9618 74.4585 84.9001
920 84.7708 68.2498 82.1192
921 85.3561 93.0612 69.7003
922 72.1103 75.889 80.0838
923 67.4854 72.9092 100.32
924 63.2952 79.3705 90.5856
925 67.6272 85.0058 96.0795
926 58.7771 67.8446 83.7027
927 77.2918 84.9004 101.727
928 65.4027 82.1175 108.676
929 81.1756 70.8273 118.592
930 59.9873 81.9814 118.801
931 72.0751 76.8352 118.7
932 88.9484 73.3138 118.718
933 77.8097 72.342 118.764
934 71.9068 79.8443 118.86
935 61.5042 89.421 118.628
936 66.045 78.3541 99.2908
937 60.3978 88.5885 104.645
938 86.9008 97.0359 7.3787
939 59.8845 97.4558 11.1108
940 51.7175 98.4495 9.8116
941 75.9494 90.5465 -0.176132
942 78.7903 99.6139 38.7509
943 78.3127 114.183 12.165
944 69.9277 113.643 38.5046
945 58.8934 89.7421 31.3672
946 73.617 114.057 8.81008
947 68.4408 113.809 24.6721
948 64.009 103.474 10.2929
949 56.878 99.7715 20.0424
950 52.7432 98.3014 30.3477
951 67.4395 113.801 31.152
952 62.5663 106.188 51.3882
953 70.7764 92.6157 31.5172
954 84.8285 90.4913 37.5649
955 64.6164 89.5706 42.7125
956 74.75 94.7141 53.9084
957 75.428 113.395 64.2708
958 50.9345 102.63 56.3662
959 92.3338 96.2724 47.3466
960 64.5987 86.7925 42.4797
961 74.5097 97.3381 61.4998
962 85.5706 113.483 56.5434
963 61.5183 113.554 45.6422
964 52.5405 83.088 52.7086
965 86.3976 97.9734 56.0561
966 64.5048 97.3639 57.7315
967 58.7151 110.861 50.9105
968 77.5462 97.6015 39.9396
969 86.1924 104.838 53.9116
970 98.702 94.8337 68.7431
971 57.3444 113.543 75.0914
972 70.6554 113.507 65.8626
973 84.7596 99.2886 64.7952
974 63.7654 113.436 60.7554
975 68.5132 85.2339 72.8566
976 75.8547 113.611 86.7324
977 82.4589 99.8657 63.4962
978 74.8694 93.9812 88.2704
979 74.1867 101.198 78.6466
980 74.9393 96.5777 88.5552
981 78.9746 113.566 80.2785
982 67.0627 113.463 78.6209
983 76.9321 113.693 76.9931
984 58.8 94.0702 88.81
985 79.9915 113.704 67.6232
986 84.7948 114.025 113.265
987 66.7054 99.3594 95.9045
988 73.0945 104.752 94.1954
989 76.6968 95.2983 89.6418
990 58.8424 93.138 86.0577
991 76.4265 113.874 97.5255
992 69.0064 92.784 101.904
993 71.9622 105.566 102.672
994 58.1563 91.5012 93.8064
995 57.7894 113.953 97.8044
996 55.8398 98.692 94.5592
997 46.9183 113.935 102.505
998 69.0715 100.391 118.334
999 60.8834 113.975 113.473
1000 81.7926 104.464 118.634
1001 62.0903 102.016 118.855
1002 105.074 81.0359 118.609
1003 68.5161 95.6395 118.601
1004 80.1762 114.117 105.077
1005 57.7422 106.91 104.311
1006 92.0738 99.4813 107.862
1007 60.5594 100.625 118.463
1008 114.087 21.1117 6.11458
1009 102.056 15.2699 8.40809
1010 94.8338 24.1103 4.59313
1011 105.562 13.5749 8.01292
1012 93.2992 0.924307 0.673829
1013 97.9611 7.58676 12.3315
1014 78.3267 18.7148 18.5322
1015 100.824 13.0823 19.8717
1016 94.5556 12.43 26.5732
1017 102.634 0.150248 21.7685
1018 93.1803 9.86519 10.6268
1019 84.817 2.87041 18.122
1020 90.8044 6.65595 26.3936
1021 86.4544 15.3762 14.4255
1022 94.3992 17.8668 21.6178
1023 96.2677 7.38547 37.927
1024 113.341 2.31812 25.0863
1025 96.5675 30.5841 32.8549
1026 86.2566 17.9474 36.2462
1027 100.441 14.7452 30.2281
1028 98.1967 13.8125 31.4011
1029 94.5184 15.6417 43.9659
1030 95.0823 24.5916 50.5005
1031 98.2108 0.771362 58.9377
1032 113.027 3.94429 59.5345
1033 101.187 15.8674 63.5345
1034 113.255 15.9237 41.0008
1035 98.1736 0.733461 44.2004
1036 103.655 32.5737 37.8761
1037 80.5003 13.2428 47.5738
1038 108.11 16.3311 57.4236
1039 98.9431 0.431399 82.9234
1040 113.013 18.1251 71.731
1041 87.6505 0.500808 72.045
1042 111.273 0.0816406 68.4782
1043 94.9107 0.747491 67.963
1044 98.3382 13.9064 68.5798
1045 100.257 28.9561 59.694
1046 101.369 0.410357 86.0725
1047 76.5793 21.2674 80.0415
1048 113.677 29.4873 91.5597
1049 105.962 0.779353 82.6315
1050 110.606 -0.228379 95.2135
1051 113.477 21.7477 72.4728
1052 104.471 25.0047 76.9809
1053 113.868 17.4519 91.2499
1054 104.501 0.675768 84.8401
1055 109.518 0.119931 72.9989
1056 87.3754 20.2785 95.9236
1057 112.42 0.576235 91.7561
1058 96.6151 11.484 101.829
1059 95.4958 0.444855 97.2382
1060 97.5949 12.7115 89.8189
1061 113.214 8.49333 79.2882
1062 91.8149 14.227 95.1688
1063 98.8362 14.706 102.786
1064 90.6123 0.0721333 104.874
1065 113.776 7.81225 89.1945
1066 90.723 -0.0191075 117.293
1067 105.995 7.82448 118.478
1068 112.351 5.31673 118.439
1069 108.251 0.0791501 114.529
1070 90.7693 44.7705 -0.0936665
1071 93.3352 44.1425 8.57213
1072 96.9087 24.8046 3.47899
1073 101.749 39.4648 17.2766
1074 99.155 45.068 -0.233623
1075 99.5399 36.0212 -0.238735
1076 101.051 37.8256 20.1184
1077 104.475 42.6336 12.5479
1078 97.3234 18.7715 22.4159
1079 95.8509 39.5625 12.0393
1080 93.1615 39.6947 30.4418
1081 113.28 41.2215 35.8965
1082 86.7429 38.5503 23.9892
1083 113.483 32.7292 27.302
1084 104.136 19.6093 44.8766
1085 78.2464 54.9632 29.0178
1086 96.3811 50.9894 42.5732
1087 113.246 34.6145 32.3847
1088 104.986 35.8312 52.3306
1089 89.2795 25.5139 27.0592
1090 93.7451 29.9504 31.1228
1091 86.3112 29.6404 48.8131
1092 92.2922 25.467 54.9775
1093 96.0614 26.6418 44.8515
1094 100.564 36.4257 52.4332
1095 112.932 32.9194 42.5223
1096 97.5665 42.6512 56.3886
1097 104.967 22.3036 46.8812
1098 96.5811 36.3584 50.2523
1099 113.228 27.4654 38.1451
1100 90.4745 36.6956 63.8763
1101 104.346 19.2073 52.2896
1102 108.346 25.6189 64.5292
1103 103.88 21.5682 52.3213
1104 90.4523 39.4508 63.9109
1105 82.5405 39.9972 73.6851
1106 101.919 30.8369 78.47
1107 98.3044 38.8151 61.4774
1108 96.7807 32.8688 70.2129
1109 112.789 38.6179 57.8346
1110 113.329 38.9015 72.5617
1111 104.26 44.4393 60.1688
1112 107.488 36.1601 69.8792
1113 97.7573 33.1135 58.9774
1114 82.884 27.0597 81.0201
1115 90.3259 25.1194 66.2638
1116 113.224 39.2958 89.5724
1117 90.088 14.2144 76.5954
1118 113.304 48.4056 79.7728
1119 84.8679 30.0086 84.6477
1120 88.6423 36.4906 82.0725
1121 83.2334 42.5301 75.7877
1122 88.8112 32.8403 79.5714
1123 90.6862 52.1232 80.9583
1124 88.9352 31.6943 97.0798
1125 106.801 38.6752 90.8942
1126 90.4433 31.4618 93.0903
1127 90.7435 36.4926 107.722
1128 92.0521 26.5212 91.8796
1129 108.99 31.4511 118.585
1130 108.272 27.7589 118.524
1131 99.7298 47.4674 119.149
1132 102.053 40.9223 106.761
1133 114.237 36.0082 110.902
1134 112.108 32.4459 118.858
1135 100.92 35.9329 109.138
1136 93.7415 38.552 102.412
1137 96.3995 59.7897 19.4502
1138 101.843 42.9523 11.1329
1139 103.031 47.0608 -0.210449
1140 106.054 56.4846 12.9201
1141 113.439 60.7531 22.5064
1142 104.781 63.4894 22.766
1143 104.445 73.6336 22.7671
1144 102.845 59.6701 21.7694
1145 88.4838 49.1511 15.5263
1146 113.353 51.8246 25.0596
1147 113.701 53.274 22.2117
1148 98.8418 66.7536 21.6089
1149 94.1581 73.5079 13.8609
1150 88.5863 54.8666 25.4125
1151 89.1742 58.9718 22.7881
1152 91.6498 53.2675 44.0586
1153 95.0402 57.6945 36.8007
1154 102.034 64.2135 34.1693
1155 98.8255 58.4542 41.1724
1156 90.3919 51.2836 48.5206
1157 113.686 49.1943 17.793
1158 102.202 61.8344 51.049
1159 100.522 73.1978 42.6019
1160 113.098 69.3155 59.9947
1161 113.357 61.6729 53.2104
1162 92.323 52.5737 47.5859
1163 84.4826 56.2951 59.9978
1164 101.12 62.6488 45.002
1165 113.38 52.6839 55.9616
1166 84.4323 66.3346 37.5845
1167 113.063 66.9753 47.6777
1168 89.6434 52.7236 45.0546
1169 91.3244 51.5306 58.5133
1170 102.014 53.1127 81.3671
1171 113.683 68.7925 76.9114
1172 113.098 59.0933 69.368
1173 95.9557 58.4189 72.7085
1174 86.6636 48.351 61.3371
1175 93.5656 62.0896 82.4538
1176 99.6412 76.5596 72.1721
1177 97.0844 65.1922 70.1253
1178 89.037 71.475 75.0724
1179 84.1979 59.7371 79.6525
1180 88.5913 60.4434 65.0541
1181 100.404 56.1718 67.3826
1182 98.3139 56.8384 73.4548
1183 106.864 37.9925 97.9029
1184 69.5665 62.7896 81.8465
1185 94.7145 50.7909 83.631
1186 102.311 47.6708 81.1982
1187 113.676 64.4285 84.1403
1188 113.404 63.4012 79.8127
1189 96.8876 60.4224 86.9797
1190 104.18 54.3266 74.8806
1191 104.814 61.2693 82.1865
1192 85.2588 50.0474 94.2607
1193 88.9796 60.3153 87.2429
1194 88.6844 47.2461 84.7423
1195 113.949 58.5016 96.3262
1196 96.7075 73.1721 79.912
1197 91.8897 63.0705 99.7735
1198 106.738 58.3421 98.9121
1199 80.5028 66.1756 89.7845
1200 86.6237 54.1318 107.95
1201 86.0681 64.8411 118.902
1202 96.3506 41.8007 99.1806
1203 107.706 59.9542 119.298
1204 96.0252 78.5637 102.565
1205 96.2355 57.393 118.618
1206 110.188 64.9449 118.566
1207 94.27 87.7366 -0.320314
1208 87.6765 67.8298 -0.267024
1209 102.23 86.2981 12.9626
1210 114.19 86.8753 19.7573
1211 83.3663 97.1034 9.14481
1212 114.134 78.7313 8.51926
1213 90.18 78.1751 -0.238201
1214 83.9056 70.0315 7.48458
1215 102.08 78.7183 9.69766
1216 106.338 87.7113 -0.129478
1217 113.589 82.4778 22.5614
1218 113.589 69.4456 20.143
1219 99.0249 85.2745 31.7235
1220 84.8285 86.7609 17.9315
1221 113.469 75.6807 37.3108
1222 114.179 81.8644 12.8642
1223 84.3411 93.6053 24.9481
1224 98.674 91.126 21.2437
1225 85.1005 80.5944 15.3052
1226 94.6837 78.0882 41.0679
1227 113.494 88.6074 32.3957
1228 94.6038 73.2956 41.2004
1229 98.2718 67.3542 46.0662
1230 86.8089 82.1255 46.1332
1231 76.4789 65.2648 42.5663
1232 113.214 82.2935 40.5291
1233 100.32 92.8338 37.437
1234 98.34 77.2077 51.4019
1235 102.412 74.7604 46.2444
1236 100.732 94.568 64.7898
1237 90.9209 74.1242 49.0584
1238 113.363 84.5698 48.1862
1239 94.5642 87.369 53.8876
1240 90.6835 91.537 58.6723
1241 102.304 79.501 73.7143
1242 92.5005 67.5806 72.3817
1243 94.0643 78.9334 43.6596
1244 92.5527 70.0874 57.3531
1245 113.436 89.6744 69.8116
1246 113.179 58.2447 66.769
1247 92.3084 62.0851 70.0208
1248 113.293 88.3646 60.1104
1249 102.004 67.979 78.1144
1250 102.599 72.8097 75.9577
1251 98.2071 83.2445 83.572
1252 80.9929 82.4729 87.1801
1253 113.591 72.5286 79.5155
1254 84.2532 70.4104 72.5817
1255 100.686 78.0278 94.4567
1256 113.693 75.6768 79.9939
1257 92.4211 81.982 84.8535
1258 113.542 83.0659 81.3912
1259 93.7764 79.3651 93.9706
1260 101.107 86.7008 92.187
1261 113.956 88.0298 94.4292
1262 96.7314 84.6537 106.776
1263 98.1356 81.9045 104.896
1264 75.7305 74.7287 93.2783
1265 113.804 86.4679 89.441
1266 109.11 72.1111 113.657
1267 88.2833 69.6818 118.625
1268 114.21 73.0538 109.356
1269 92.2523 72.1241 118.83
1270 114.161 93.232 111.197
1271 114.289 79.8489 101.77
1272 94.1339 87.1629 118.803
1273 102.392 84.2594 98.3706
1274 112.293 94.5182 118.908
1275 78.802 74.4049 110.305
1276 114.372 83.9039 104.839
1277 92.1876 81.9211 118.887
1278 92.246 66.6306 112.437
1279 98.5301 82.9631 107.309
1280 104.889 58.7555 118.479
1281 114.174 99.2576 4.09608
1282 99.9759 113.902 26.3615
1283 110.703 114.791 14.581
1284 114.214 97.8329 13.4929
1285 90.4917 100.138 11.4116
1286 109.43 93.6159 17.9192
1287 94.1976 101.558 29.2422
1288 96.1956 95.8463 24.8866
1289 113.22 101.654 33.138
1290 100.814 89.7501 20.1511
1291 93.242 103.258 15.3076
1292 82.519 95.3036 26.3331
1293 102.093 101.706 31.05
1294 108.286 113.634 32.4256
1295 90.3784 113.596 43.2512
1296 98.5287 103.996 36.4282
1297 92.9934 106.726 40.2155
1298 105.112 113.495 45.5142
1299 113.398 101.739 41.5538
1300 108.225 102.124 35.1971
1301 97.6226 101.203 15.4429
1302 92.5753 90.2766 35.4474
1303 108.479 114.081 49.4118
1304 113.143 93.6011 45.1202
1305 113.069 108.81 47.7903
1306 98.3443 113.469 50.5804
1307 86.4355 95.3759 56.1668
1308 97.0359 103.636 49.6308
1309 108.256 107.54 59.5164
1310 88.3201 92.3064 57.5874
1311 90.5515 91.7935 88.6089
1312 104.759 92.8814 64.9491
1313 107.473 113.377 60.3197
1314 97.4918 113.653 79.0688
1315 104.691 97.3166 64.6943
1316 100.199 95.3143 67.2031
1317 113.371 100.969 84.045
1318 104.707 100.745 82.0984
1319 88.3091 97.0898 85.0338
1320 94.9998 80.3806 61.4915
1321 113.504 92.9607 74.1295
1322 113.548 94.597 79.0595
1323 111.703 113.636 82.9764
1324 114.023 85.7728 96.806
1325 92.4604 103.512 97.1521
1326 106.364 93.3521 98.5307
1327 82.9169 83.39 93.3322
1328 112.133 89.6841 118.926
1329 113.987 101.5 98.6275
1330 99.048 114.195 103.051
1331 87.3374 103.564 100.912
1332 83.8812 103.228 102.411
1333 82.1344 114.178 101.57
1334 100.129 101.47 111.644
1335 90.1697 100.551 103.018
1336 114.062 103.306 116.576
1337 114.395 65.966 102.483
1338 114.56 110.918 99.3444
1339 100.894 111.898 106.814
1340 114.207 104.618 108.678
1341 94.1185 99.949 107.285
