0 9.3698 18.867 -0.118501
1 7.78232 -0.0121157 5.46097
2 11.5477 23.6157 15.0222
3 37.4179 0.145379 12.1979
4 27.3486 3.86291 -0.0967674
5 11.2458 13.6824 -0.230826
6 2.83312 5.82264 7.48102
7 14.2736 -0.0985074 14.2553
8 21.637 11.418 -0.0895483
9 -0.883831 14.9749 1.52753
10 0.0878337 9.65389 40.2324
11 8.09607 12.3825 17.6421
12 11.3786 13.5807 18.4815
13 8.94891 0.280315 20.0244
14 18.0064 0.675364 23.7606
15 8.52249 18.1912 27.7083
16 0.310896 20.6261 57.3514
17 25.8626 0.480253 41.6357
18 0.0372628 27.4778 50.052
19 19.226 18.6472 25.9252
20 29.8371 0.38446 42.1221
21 14.5216 0.665063 22.1843
22 26.4759 19.8993 43.8995
23 24.3622 0.528772 25.74
24 0.342968 40.3579 48.1722
25 22.6149 14.4693 56.4527
26 24.2188 10.7172 48.1559
27 0.0723323 22.1109 54.9292
28 16.9003 16.2043 65.1527
29 21.9525 0.529898 56.981
30 -0.00572219 22.3932 60.5683
31 8.73734 -0.038677 62.7811
32 26.4755 22.3901 43.9244
33 20.9941 11.6169 60.1283
34 0.281289 17.5373 69.8433
35 26.1218 14.4739 77.1241
36 12.6017 0.183121 55.6204
37 20.2182 18.7948 58.038
38 18.9088 0.812191 82.1473
39 14.7451 0.690028 76.3821
40 38.7546 15.3473 81.7798
41 11.0629 21.7551 78.953
42 29.0246 10.2316 77.6638
43 16.6841 0.948081 85.5177
44 20.7079 0.963325 85.6176
45 24.9569 0.712211 78.2248
46 11.2814 5.94915 81.7563
47 8.31006 0.927023 87.4936
48 30.971 14.2876 86.6874
49 21.8167 17.0974 111.39
50 25.0629 10.4429 120.171
51 24.2589 6.16069 103.166
52 0.274092 15.0003 98.1397
53 26.6466 11.3486 91.785
54 23.0981 9.95893 104.272
55 22.6625 15.2186 96.6676
56 18.6781 16.337 99.3689
57 16.9276 22.1367 100.574
58 0.168519 22.3054 68.6554
59 8.76685 14.4221 90.2972
60 -0.81294 15.8039 94.2538
61 16.1121 0.0189457 114.971
62 27.4612 15.1386 120.077
63 20.6105 8.5404 119.63
64 1.44934 0.321492 112.686
65 11.2143 8.7334 114.979
66 24.9419 46.8057 15.704
67 25.2723 45.8671 25.0313
68 19.2567 38.6514 6.99552
69 -0.9113 36.7223 2.00544
70 15.2677 31.6721 20.2287
71 -0.875642 46.4847 1.90101
72 25.551 31.1463 -0.209556
73 22.2291 29.6013 -0.221642
74 20.3771 43.2693 20.4797
75 -0.783538 44.4535 15.7964
76 -0.138958 47.686 30.2898
77 4.64887 40.7541 13.4334
78 0.185451 30.2987 42.4577
79 0.0564981 36.1378 35.7292
80 10.8367 33.0493 46.4425
81 14.5515 39.3608 43.8897
82 14.5588 36.2785 26.5759
83 0.138116 35.3167 55.9239
84 4.89144 40.2669 27.8724
85 0.195117 35.702 45.2239
86 25.9562 32.5788 48.9078
87 21.0711 43.0553 42.6015
88 20.6958 33.3579 50.3615
89 -0.0630075 24.5696 45.8526
90 27.0933 37.315 51.4433
91 26.9912 38.3097 53.9467
92 0.371565 30.3747 80.1233
93 15.0279 30.7712 53.9418
94 17.2073 30.86 50.312
95 24.6592 39.9058 55.093
96 9.1568 45.3278 49.9255
97 20.6718 43.6468 45.0116
98 18.6226 27.0393 51.0969
99 0.395171 25.5575 57.6678
100 20.8121 23.5709 80.1275
101 8.66492 37.7974 62.8049
102 0.53095 12.5466 70.0955
103 20.9534 45.7875 72.9704
104 30.9002 42.7275 61.0906
105 0.313139 34.6636 70.038
106 21.0898 37.4882 55.317
107 17.4803 30.9954 80.3723
108 23.471 33.0517 89.4333
109 31.0783 26.9561 79.2269
110 13.4255 27.1794 75.4628
111 0.618721 31.3798 82.4126
112 25.6629 40.6462 78.1925
113 0.11195 30.7887 94.8786
114 20.2546 31.8619 105.841
115 23.0621 41.9063 96.8529
116 22.6801 47.2965 89.4679
117 25.154 42.3264 85.451
118 -0.021665 39.5708 98.2576
119 37.4582 47.7613 108.9
120 26.6563 25.9057 91.6739
121 0.264181 45.4478 93.1196
122 16.3555 31.2178 103.171
123 13.198 47.5238 93.4447
124 17.02 22.2638 106.084
125 18.1063 38.4148 107.168
126 24.0838 41.1586 112.666
127 22.313 44.6733 111.554
128 11.6639 39.3773 113.063
129 22.7851 46.3571 116.422
130 8.0494 36.1347 119.837
131 16.5734 46.1027 120.024
132 31.7154 17.7914 120.068
133 29.2522 32.622 115.641
134 32.556 61.3319 8.44984
135 10.0452 57.1492 0.166686
136 19.6582 67.5101 17.9789
137 29.2402 61.904 12.8209
138 1.78091 51.3662 18.9001
139 -1.03066 65.7462 13.341
140 22.1088 37.6872 16.4064
141 14.3721 50.9489 19.0357
142 0.281589 58.1409 20.7625
143 17.8018 53.3815 18.9045
144 28.2284 45.0675 27.584
145 12.4565 66.3348 23.0775
146 13.2221 60.2367 11.2027
147 18.6196 63.2092 33.8419
148 13.7522 34.5636 31.2283
149 30.8942 50.6835 39.0028
150 26.9148 60.2999 46.4531
151 5.24391 50.9019 37.7398
152 3.05303 63.4479 56.4693
153 30.8431 55.8107 46.7625
154 33.1461 50.4529 30.0806
155 18.9422 62.141 38.9849
156 15.1712 45.2862 46.2771
157 0.056671 51.261 35.939
158 7.10134 55.3854 46.5917
159 0.26486 69.7017 48.0014
160 23.8027 70.4961 36.621
161 17.1894 59.8395 70.4664
162 21.3018 65.2697 57.7494
163 5.26145 43.5522 57.8218
164 28.9297 62.9772 50.354
165 20.8446 44.709 55.2742
166 27.5648 60.845 56.4392
167 0.145025 35.3855 40.4602
168 0.25803 58.9957 69.9908
169 27.2283 61.9059 66.4351
170 21.279 58.4493 75.5255
171 33.2912 65.3972 65.1969
172 0.427582 57.0861 75.8132
173 26.9786 63.2397 79.2711
174 32.4301 35.3144 87.768
175 0.410305 67.2407 85.8906
176 15.8016 54.6314 87.0803
177 28.8951 57.7542 73.0272
178 22.9726 42.882 83.9393
179 23.0331 58.9123 79.4322
180 0.617439 50.2053 85.8034
181 6.69564 65.5035 99.4629
182 7.02107 70.8048 94.1298
183 32.7665 47.7879 80.4596
184 13.0286 59.8769 93.4151
185 19.0736 56.6849 94.8687
186 -0.768226 50.1536 101.314
187 10.7206 67.4386 97.1767
188 -0.321609 75.1219 102.602
189 12.173 63.0974 119.947
190 4.2578 53.7707 120.027
191 1.11713 67.5904 120.144
192 19.4314 66.2298 111.425
193 19.6684 69.8851 120.305
194 -0.693943 55.0214 108.665
195 7.46786 57.4639 120.313
196 20.4761 48.5826 119.881
197 23.5335 47.1267 113.226
198 28.7077 63.4368 120.153
199 -0.589166 68.7253 8.54576
200 -0.659406 88.7484 8.66152
201 15.1709 78.5851 20.9183
202 22.1599 79.2477 14.2194
203 23.5747 81.0169 6.39386
204 18.0654 84.4007 0.151028
205 10.0102 77.1224 -0.0236078
206 23.8334 78.9049 3.41716
207 2.15905 75.7112 11.7321
208 19.3065 63.3674 -0.510002
209 0.341662 84.5119 42.728
210 26.525 72.3138 31.3997
211 11.1654 88.538 13.8233
212 31.4923 79.025 24.0051
213 24.5518 68.7061 22.9212
214 12.3246 79.1685 17.9025
215 30.5673 72.4517 23.7505
216 16.5677 82.3435 20.4499
217 14.5773 80.586 26.4327
218 14.2204 83.073 18.7427
219 11.0028 64.0574 21.5931
220 13.3566 72.1563 35.1847
221 17.1553 83.7305 38.0407
222 15.1586 84.0591 51.3666
223 0.00243217 91.141 30.521
224 11.0557 85.5132 41.4961
225 12.9882 82.2339 27.5593
226 27.0978 78.0676 41.258
227 14.9463 95.7212 41.47
228 20.6974 72.8263 42.8887
229 0.280843 82.3596 57.0531
230 21.0961 91.3361 62.5543
231 21.0045 68.8278 40.0914
232 0.428636 95.1445 73.1113
233 21.245 81.1388 60.2927
234 27.0187 61.1635 49.0777
235 16.3529 62.3779 67.9594
236 8.87794 65.0554 57.8121
237 6.99908 70.6421 56.1156
238 0.398576 73.9663 60.781
239 0.233166 58.19 60.158
240 10.8524 66.7943 44.0581
241 32.9688 66.2126 67.7509
242 18.8454 62.2484 68.7166
243 27.1999 74.194 73.9919
244 22.7945 101.315 81.4338
245 0.647133 84.4368 72.1592
246 24.8832 91.4686 62.8131
247 20.8612 62.6195 65.0744
248 28.8885 91.7364 55.1612
249 0.469581 98.7988 62.591
250 29.3912 66.6008 77.8197
251 0.618711 79.6108 72.8791
252 20.9502 63.4839 82.9545
253 13.2069 92.2987 80.2684
254 9.63095 64.784 72.8158
255 17.158 84.552 85.7064
256 22.1903 91.0827 84.0323
257 18.5961 68.7956 94.5135
258 13.1327 93.1506 90.5062
259 0.26213 88.621 90.8003
260 0.250093 75.6955 80.7194
261 5.18582 88.7331 77.6691
262 7.21079 95.0469 91.8435
263 18.9555 75.6385 86.7648
264 10.006 70.5914 93.4583
265 0.649527 72.4776 95.1904
266 20.9593 85.6628 90.5694
267 0.36778 75.481 90.0441
268 32.096 96.9018 90.2507
269 9.13121 75.4604 95.7415
270 0.291954 80.9801 92.6257
271 18.1079 86.5259 111.411
272 20.7929 77.9988 120.124
273 -0.49389 72.5364 117.336
274 4.81099 86.6957 115.023
275 19.6309 74.269 103.22
276 24.9753 72.4125 103.33
277 40.6599 83.1426 120.029
278 26.3003 111.977 -0.0549938
279 29.5816 100.617 -0.312797
280 18.7072 92.0886 0.0322506
281 3.13931 113.719 9.22213
282 19.607 114.742 4.27563
283 1.24147 97.7096 -0.165075
284 20.8826 88.5603 30.2976
285 -0.962223 95.7515 13.415
286 22.6842 113.905 21.1504
287 18.9013 104.956 31.6115
288 7.84953 109.755 37.1429
289 5.58309 106.579 12.1502
290 -0.0852959 101.842 18.3279
291 20.7237 114.148 17.695
292 -0.376219 98.1946 20.7611
293 29.1507 113.834 39.6173
294 26.8314 96.1866 26.6257
295 7.23376 113.857 19.9981
296 30.6015 114.682 16.4536
297 26.7525 93.3148 26.4838
298 19.765 113.753 42.1836
299 28.5467 85.4611 30.0365
300 20.9515 106.465 54.8619
301 6.99678 114.194 31.4616
302 19.0678 102.291 31.544
303 6.31468 113.796 35.9184
304 -0.154045 109.239 40.4186
305 24.4446 104.539 34.9485
306 19.1362 113.592 35.6007
307 18.7085 102.224 23.8047
308 18.9589 109.925 31.5691
309 13.8068 106.55 45.5594
310 9.75877 109.458 41.3355
311 15.0614 96.8063 44.1005
312 20.7785 104.056 47.6992
313 25.9681 101.251 45.9264
314 0.314251 88.0158 52.3369
315 5.14939 114.235 86.9784
316 13.448 103.444 62.1931
317 0.21332 108.472 69.8976
318 7.2171 105.633 63.779
319 9.37218 100.353 74.979
320 19.7942 113.521 72.5634
321 26.9093 106.623 91.5876
322 28.6141 113.27 75.693
323 18.5515 113.313 79.1926
324 15.0819 107.518 94.1449
325 23.073 85.0582 91.9531
326 0.547648 108.354 84.8794
327 0.369147 93.6784 90.6002
328 21.3252 88.0683 82.8291
329 27.0582 97.5718 114.091
330 17.1997 99.9052 72.695
331 13.9206 113.437 91.1606
332 6.86037 101.367 109.606
333 0.225223 104.852 92.8077
334 23.6651 113.533 102.679
335 25.3121 113.336 100.309
336 1.58279 113.067 104.153
337 16.6586 100.858 92.7293
338 26.0601 114.729 119.133
339 31.7428 109.34 120.203
340 -0.511742 102.007 108.515
341 16.7655 105.632 119.815
342 -0.935519 110.741 103.871
343 36.791 13.9565 8.18976
344 26.4898 4.66874 7.09991
345 51.3396 -0.174922 8.90563
346 45.757 16.3189 -0.0246536
347 58.7585 -0.130019 14.2066
348 44.7971 21.5416 1.2056
349 34.5451 12.6846 -0.0590795
350 47.563 20.4901 8.24573
351 40.9247 26.1965 8.10593
352 25.8197 0.420125 23.2937
353 58.0899 2.73067 16.368
354 44.1126 0.253643 18.7131
355 53.1477 0.131134 25.7134
356 48.3641 0.293173 25.7963
357 40.4012 18.883 35.5342
358 33.8561 26.1415 11.5177
359 56.862 14.2378 22.7083
360 35.4681 23.5132 14.6203
361 33.5503 0.0614877 28.0952
362 24.0898 13.8618 43.0119
363 60.9025 13.489 42.5833
364 52.5588 21.8082 45.1978
365 43.5405 0.742365 53.1179
366 28.5981 14.9389 55.3297
367 28.787 17.1649 37.9687
368 38.6669 9.4223 56.5939
369 41.7675 0.204421 69.877
370 37.0913 23.7042 57.8329
371 26.7294 12.9229 51.6516
372 30.8458 17.0764 56.7778
373 58.2678 14.9823 49.2665
374 38.8097 11.3924 68.9796
375 62.7674 22.8345 66.5568
376 32.8595 17.9373 70.3387
377 39.0548 0.812535 74.6033
378 60.3906 14.9357 83.3954
379 42.4649 6.5719 86.7007
380 28.9676 9.42712 82.8233
381 75.9118 0.550653 86.8257
382 40.7848 25.4529 78.0217
383 40.5188 7.97362 85.3538
384 40.9112 10.9179 87.8077
385 23.6876 0.708523 83.5042
386 31.2112 8.23256 81.8487
387 56.5254 0.323202 100.73
388 29.5313 0.613114 87.1267
389 48.7495 23.3 95.7106
390 50.4268 21.9965 97.351
391 53.4405 19.6765 103.369
392 41.1037 0.787709 95.5306
393 53.3679 12.6563 120.146
394 39.4964 5.24114 120.184
395 39.5459 15.1357 120.331
396 43.0906 14.2817 116.429
397 36.1748 1.33617 119.804
398 37.4835 -0.166302 113.192
399 43.7027 17.5108 103.086
400 55.8186 12.4029 120.011
401 44.5898 8.96779 119.905
402 30.3573 32.4969 -0.0414141
403 33.4582 42.9845 18.2138
404 33.3683 41.5049 -0.597589
405 47.624 35.9082 -0.463579
406 53.5407 41.3441 -0.398785
407 45.7066 35.7005 14.4953
408 23.446 48.5554 6.8406
409 45.4729 30.463 11.7418
410 31.3539 28.7326 -0.256933
411 51.5045 39.0435 -0.366897
412 32.1992 44.4584 3.52404
413 37.4649 45.6125 7.81874
414 38.5866 48.7871 19.0042
415 35.7932 34.2843 24.9247
416 48.2328 44.3809 24.8772
417 44.5573 54.9766 18.0999
418 26.4601 35.754 24.1379
419 36.5585 39.9612 25.233
420 25.6397 44.4339 16.3585
421 32.3923 21.4976 30.1984
422 30.9792 31.3515 48.8129
423 56.0098 24.8763 37.95
424 52.671 45.245 27.3732
425 37.5902 35.4142 26.243
426 56.5852 29.855 40.038
427 60.0887 27.843 42.2554
428 40.4868 29.4204 23.0052
429 48.4068 45.9565 42.6557
430 40.7924 43.1084 35.3411
431 59.3691 29.0448 39.3009
432 28.5947 30.6733 35.137
433 50.8437 35.755 46.3258
434 32.8355 23.2072 57.5238
435 36.7213 20.7178 49.8906
436 49.3614 49.4667 68.0518
437 33.1127 30.2271 49.9828
438 42.6925 53.8239 79.356
439 38.9471 42.522 74.0839
440 62.7735 49.234 66.5005
441 40.8735 27.2481 62.5297
442 46.7603 30.6621 61.4985
443 29.3858 35.2615 64.8461
444 36.8855 31.6413 75.3725
445 36.6987 31.6911 65.293
446 42.8117 19.567 71.6475
447 50.6273 26.4086 61.7122
448 46.7067 19.4117 71.5004
449 34.9744 39.1299 71.5362
450 44.8931 39.0104 52.7193
451 39.0165 35.624 68.9186
452 36.8235 53.924 83.2443
453 46.8035 54.4924 74.2268
454 28.5343 38.4829 57.986
455 48.5814 21.9306 75.6236
456 22.935 43.7577 71.5526
457 53.0029 35.6639 65.1881
458 38.154 21.101 74.4944
459 32.998 47.8978 88.1871
460 62.6426 54.7637 89.6454
461 44.9356 40.1335 70.4215
462 54.7386 30.8458 84.364
463 44.3625 47.9928 88.1983
464 56.6318 29.9367 85.4847
465 38.2604 33.9898 94.0743
466 52.8861 28.5175 97.9265
467 39.2402 22.801 101.95
468 44.9743 43.3672 96.0007
469 39.1926 21.6366 104.309
470 24.1057 43.7963 112.858
471 39.2179 46.8086 97.3624
472 51.6272 38.8797 111.023
473 40.8798 39.9244 115.295
474 31.667 27.6163 120.32
475 40.6185 28.7091 119.856
476 50.3356 49.78 104.836
477 53.6874 46.4641 110.756
478 56.6405 28.4985 119.754
479 43.242 44.9638 106.468
480 33.9106 55.0998 0.0336452
481 46.1203 51.8514 14.1136
482 54.4849 69.7161 0.125301
483 41.4792 58.1268 21.8205
484 22.1898 43.9087 26.7079
485 28.6908 42.1563 32.7773
486 32.5626 63.0809 35.3719
487 36.8283 68.7052 30.1472
488 50.202 57.7198 23.9627
489 52.8147 64.4451 25.147
490 38.8648 64.2096 29.0137
491 42.7148 71.5084 21.1496
492 40.6365 61.7856 25.1211
493 47.0597 54.4456 43.7511
494 38.453 42.099 28.8798
495 43.0526 60.6324 31.6299
496 52.4912 49.3364 47.5018
497 36.9 63.8228 30.2652
498 27.7163 68.2369 39.982
499 28.2175 66.4841 35.2727
500 48.6371 58.1829 57.7563
501 34.5693 53.4806 61.8965
502 42.0737 53.483 43.9767
503 39.1262 58.953 56.5625
504 38.103 60.2759 51.8663
505 42.6895 59.2403 49.0232
506 60.6753 74.0119 62.6339
507 46.9671 63.7905 71.8341
508 31.1587 58.7953 64.1261
509 49.0035 56.9919 78.0443
510 23.2427 55.6513 69.1756
511 33.0137 61.1939 75.4612
512 38.627 57.9529 53.8815
513 39.7834 56.2783 69.4842
514 39.0882 60.1071 76.6811
515 31.0416 61.1287 79.3796
516 42.8582 61.9577 82.0338
517 44.8143 69.8272 87.9815
518 42.7299 67.2875 68.8258
519 53.057 56.6451 90.9249
520 42.8133 59.2203 79.632
521 42.6023 60.3632 99.679
522 70.4164 58.1464 69.33
523 66.8238 59.1656 66.6224
524 38.9973 51.2403 101.896
525 44.6152 48.3094 119.923
526 36.0281 54.6818 103.113
527 50.4544 59.88 104.493
528 38.0708 61.3028 96.6132
529 29.309 57.2829 105.914
530 43.1465 60.5592 94.5119
531 31.5457 62.4135 120.452
532 35.7366 67.0592 110.255
533 49.0619 65.7999 119.973
534 27.0071 53.1336 100.19
535 45.6123 60.9323 107.965
536 56.5175 49.5251 115.242
537 41.4816 88.1446 -0.110412
538 45.6864 83.3002 -0.27265
539 37.8937 71.8674 19.2868
540 49.9483 56.1212 16.9794
541 54.9089 87.2872 9.13043
542 25.0285 79.7675 12.8006
543 27.3757 73.144 -0.539911
544 47.1758 74.4742 23.6826
545 42.4018 82.2801 31.0982
546 54.8342 76.1871 26.5587
547 42.6658 102.928 16.8343
548 34.8843 77.4839 23.8564
549 49.796 72.7561 18.5145
550 50.6215 86.6403 21.3404
551 52.5735 94.3298 17.9593
552 42.5808 91.7006 21.5928
553 44.3834 87.9392 37.3722
554 57.161 75.0145 20.1288
555 48.5037 69.0702 37.8175
556 23.7512 63.1851 32.8885
557 32.8108 89.4569 40.2285
558 44.9868 82.0007 32.6453
559 62.4652 76.2625 26.5537
560 35.3928 77.4955 41.2109
561 36.5062 81.5065 40.1699
562 51.1577 72.3937 31.0602
563 62.3084 94.4866 31.234
564 36.7334 84.5709 42.4468
565 52.6591 66.1393 37.6659
566 32.9157 86.7286 40.2878
567 42.6834 94.6938 46.1173
568 47.0454 91.2178 66.329
569 40.5211 73.9048 40.044
570 56.0291 66.9126 57.6175
571 28.2729 60.2633 40.6279
572 55.9955 64.7416 49.5989
573 48.6149 79.6642 35.0151
574 40.9651 59.4634 47.632
575 34.8119 75.4024 54.1466
576 37.201 59.5757 55.1682
577 28.6198 89.3026 40.2996
578 36.5401 79.4951 47.8634
579 64.9444 83.1286 60.1774
580 60.7747 92.382 65.2782
581 54.7046 93.2412 63.9167
582 40.6777 92.8804 67.5142
583 44.826 71.0554 60.1249
584 31.011 86.6079 66.5626
585 31.8427 66.85 71.6624
586 36.6988 92.7791 67.4924
587 57.0218 72.4032 88.2317
588 20.583 90.9037 90.858
589 28.8754 79.8079 95.5006
590 44.9512 85.0607 72.8975
591 41.007 70.8319 90.9301
592 56.8574 75.77 83.1447
593 52.8436 92.6578 82.9329
594 17.099 88.4209 82.9561
595 33.0706 63.8405 92.8934
596 48.0563 83.4401 100.243
597 35.9015 74.0832 113.276
598 40.9889 77.7101 95.9495
599 62.4015 76.7486 97.0093
600 42.9139 74.8624 91.752
601 50.719 89.5163 97.9175
602 43.7345 71.3555 106.963
603 48.8744 100.875 105.814
604 68.7416 78.3139 90.7302
605 36.1874 68.7918 91.0109
606 60.3209 81.1458 100.546
607 48.0551 53.1295 97.9756
608 41.0442 73.9792 93.3012
609 34.0592 75.6564 115.675
610 42.2415 94.685 106.771
611 56.2278 80.5168 112.602
612 45.3918 93.8986 106.354
613 42.3922 74.7863 113.89
614 42.2429 77.7468 114.088
615 64.8079 78.0666 120.148
616 35.474 102.84 -0.145708
617 36.3012 113.537 0.712212
618 54.8385 114.759 2.03774
619 30.3456 91.7619 14.1293
620 51.2613 114.004 5.24053
621 42.5669 102.162 -0.013205
622 59.4228 103.732 20.5839
623 44.5375 114.364 10.4855
624 43.9315 95.4042 22.0015
625 30.397 114.687 2.12313
626 41.1386 99.8308 11.0049
627 37.3038 114.083 16.1858
628 34.8127 88.3393 33.8627
629 31.2788 106.869 31.1068
630 38.1747 107.899 18.7335
631 34.4503 80.1521 16.5423
632 25.9803 103.616 21.3369
633 48.2398 113.734 30.2651
634 37.005 92.7036 20.3577
635 42.9593 104.076 29.0182
636 60.6222 113.687 23.0131
637 26.9629 92.698 31.8601
638 60.9512 104.901 42.7789
639 50.487 109.861 38.9723
640 57.949 113.403 53.4948
641 37.0003 87.4609 35.1979
642 60.5999 113.64 54.9283
643 32.9644 109.365 42.6458
644 43.2597 103.396 41.47
645 38.3166 113.595 49.3998
646 38.613 101.839 44.0636
647 43.2733 101.197 41.4707
648 29.9605 113.836 56.968
649 36.0082 113.115 76.1954
650 32.0322 113.586 61.0026
651 29.319 113.605 62.1026
652 52.2188 95.8229 75.7809
653 49.7803 113.584 53.0861
654 22.7128 101.424 66.1586
655 32.9887 97.9432 75.1208
656 72.7788 102.017 65.0365
657 21.0204 90.4159 75.0975
658 51.0276 95.0774 78.9948
659 49.16 106.314 80.2206
660 18.9903 94.6084 83.9807
661 40.2978 111.037 79.7563
662 35.1518 113.142 81.3646
663 45.9412 113.203 87.619
664 40.7955 113.47 92.8403
665 34.9901 93.155 81.5177
666 49.51 113.075 91.289
667 48.6173 84.2302 80.3184
668 50.5451 102.348 86.526
669 30.2195 104.579 66.425
670 40.9041 90.8362 77.7572
671 39.0929 100.782 89.2107
672 35.3328 100.448 96.6565
673 45.2081 113.714 97.9859
674 35.1198 86.1661 102.411
675 43.6875 109.123 106.322
676 57.9221 102.243 92.6477
677 33.281 113.84 100.145
678 57.0101 95.2928 90.6045
679 28.6898 114.32 107.566
680 33.6103 87.194 120.392
681 48.8189 95.8161 105.81
682 40.7269 104.788 117.19
683 43.6292 87.0249 120.369
684 48.1954 114.558 116.685
685 24.9854 105.619 119.678
686 20.7281 114.208 114.671
687 41.8671 109.573 120.14
688 64.0822 101.052 107.469
689 57.7548 96.8419 119.941
690 50.7642 113.999 111.255
691 68.8077 0.0541085 4.15075
692 70.6687 15.1777 0.101972
693 83.6841 16.0348 11.281
694 83.8887 25.4736 7.73081
695 61.806 13.7778 -0.259326
696 55.8326 22.5523 22.5413
697 62.3239 0.305399 14.794
698 66.6354 21.4412 19.1241
699 62.2538 21.5437 11.7857
700 60.9868 0.476003 33.3523
701 71.5819 14.3791 31.9847
702 85.5117 0.117362 20.1243
703 61.1658 9.70046 15.8412
704 70.5986 14.8848 21.561
705 74.1693 21.6746 -0.235296
706 62.8896 14.9906 41.6956
707 66.7072 10.465 43.9788
708 76.2924 25.8012 35.1293
709 88.2372 27.0473 52.6419
710 61.0638 30.2782 42.3729
711 54.4063 0.439135 36.8337
712 56.7101 18.5305 42.4987
713 65.8917 0.505747 38.6832
714 74.8518 14.2606 34.0088
715 66.6406 15.2653 51.4495
716 61.1949 16.5903 44.9226
717 54.2388 0.209455 59.1183
718 78.3263 21.9725 43.7596
719 62.7786 0.575848 67.0286
720 78.7977 22.2029 79.3142
721 79.2857 0.664061 76.0663
722 68.2092 0.644043 65.0287
723 65.7737 9.79128 61.9444
724 74.3542 0.658879 81.9857
725 78.6132 23.6307 69.0403
726 64.492 13.6697 65.3386
727 68.2769 14.5608 83.0492
728 50.5574 17.7232 89.4556
729 72.9056 0.375535 78.0234
730 62.9601 17.9138 81.8742
731 51.784 0.54932 79.3311
732 86.8462 0.13024 104.734
733 74.4855 0.123032 111.868
734 89.3641 0.208431 109.901
735 87.7856 20.0857 120.537
736 84.5792 29.9528 115.199
737 59.3125 22.6712 106.818
738 67.3193 -0.0600475 106.399
739 90.1907 17.4812 95.3265
740 67.052 27.5405 121.012
741 61.6167 12.7555 120.201
742 70.0739 10.6133 108.966
743 87.1715 18.0038 106.613
744 56.9261 1.42181 119.92
745 80.6218 6.2327 119.889
746 63.9231 -0.0674631 102.717
747 63.8439 14.9845 120.2
748 75.784 26.4587 -0.54642
749 73.8555 43.5279 -0.343082
750 96.1842 43.4351 -0.828117
751 81.929 32.4154 15.8629
752 71.6903 31.2008 -0.501885
753 61.7648 23.8591 -0.442384
754 68.8609 45.5637 20.2646
755 54.6644 40.205 21.577
756 57.2003 41.3078 22.4579
757 44.303 24.1885 22.8426
758 66.995 19.0459 26.3296
759 72.7012 41.7657 32.5667
760 56.8877 28.1792 50.1326
761 72.7142 31.5256 30.0881
762 58.3901 31.3328 33.7871
763 79.7482 20.0559 60.4503
764 82.7822 53.7573 41.4253
765 56.6323 34.6032 54.9834
766 60.471 34.1729 52.5171
767 64.5783 39.8729 52.7708
768 90.4321 9.33022 48.8011
769 81.4721 44.225 42.6207
770 90.4658 43.1145 53.9758
771 79.0976 24.9934 49.0092
772 88.3836 37.6667 62.6449
773 74.5536 30.0772 73.9845
774 70.2568 45.2085 76.7552
775 56.9735 30.1998 55.3137
776 66.3105 25.6011 66.7642
777 66.5982 38.9331 79.11
778 78.8298 45.6994 61.6116
779 80.7401 34.889 55.0218
780 76.6146 25.5905 57.4368
781 72.6233 25.1671 77.7719
782 66.7876 39.7769 66.3946
783 61.0619 42.6535 88.0447
784 68.4993 13.6496 80.3272
785 76.8922 34.6763 75.3848
786 66.9904 23.5736 76.5573
787 72.8096 36.6756 90.4912
788 58.8055 42.3139 89.4505
789 59.3356 44.2534 81.5291
790 70.8443 25.3968 81.8283
791 82.5328 57.7576 76.6374
792 62.6984 50.7546 77.1344
793 66.6222 22.8014 81.8153
794 56.7734 28.0723 103.246
795 56.7514 39.3826 100.508
796 61.8816 37.1437 116.755
797 96.941 20.3285 100.786
798 70.697 37.2441 104.33
799 62.5463 51.9277 104.386
800 87.4914 30.9821 100.008
801 77.2099 20.5316 95.4885
802 72.6285 24.4741 90.6503
803 64.3 39.5914 85.5804
804 53.4487 35.0334 120.042
805 72.4948 31.2792 119.938
806 49.0514 30.2536 96.2385
807 71.879 29.346 106.921
808 57.0464 33.5833 105.673
809 80.2663 32.2809 120.305
810 78.9719 44.9059 -0.109276
811 67.704 53.5346 -0.435062
812 75.7525 53.6394 -0.487501
813 61.3063 56.8035 22.6604
814 59.874 59.9277 12.2994
815 69.1684 52.6282 5.63762
816 72.0797 63.7826 17.2061
817 90.5077 65.5178 18.5459
818 71.3216 57.6231 7.56962
819 77.7672 60.2114 7.65071
820 83.3051 46.8121 13.7242
821 63.6268 53.7322 14.0694
822 59.8191 58.1774 14.7654
823 59.07 64.8912 31.0362
824 64.7394 75.9222 22.577
825 62.4014 62.8292 31.3234
826 62.1731 59.1321 14.0618
827 61.4488 55.2637 15.056
828 80.7256 72.7803 42.8232
829 87.0375 54.9852 36.6861
830 77.4257 52.4772 42.3693
831 82.8391 54.5072 43.8244
832 58.7238 70.8199 33.6783
833 82.798 52.8069 31.1624
834 65.0953 65.503 35.2083
835 62.5571 75.4555 31.5932
836 80.9735 67.1036 25.1172
837 82.475 59.5043 43.9769
838 76.8825 55.4729 42.635
839 85.9335 48.9813 79.2792
840 62.6513 58.0613 53.8356
841 66.5449 71.7724 58.9671
842 62.7482 51.4715 64.0217
843 62.9072 55.3808 69.2617
844 77.297 61.0799 65.3083
845 81.995 62.6357 51.6726
846 76.4686 58.0167 65.4954
847 64.5255 52.553 65.221
848 78.6443 61.6515 58.6793
849 62.55 45.2008 76.7829
850 84.6264 55.1742 87.9651
851 76.3495 68.4816 75.6397
852 74.7804 62.8989 84.3111
853 70.8134 54.5113 74.2938
854 58.6661 38.3526 69.1512
855 72.4072 57.3588 72.5645
856 75.0938 48.871 94.5525
857 74.7473 53.5904 86.6123
858 86.8027 61.3863 87.0443
859 70.397 49.4456 97.0392
860 55.9269 68.8473 103.255
861 66.8473 52.7545 99.3583
862 69.9379 68.9034 106.941
863 68.421 45.0638 110.146
864 60.4134 55.4149 88.2111
865 87.9471 47.9312 105.123
866 73.4158 55.242 82.8577
867 66.6132 65.1648 99.8022
868 89.3324 63.1389 110.487
869 91.1856 55.18 106.679
870 84.9533 45.8306 119.906
871 68.6669 65.6097 119.846
872 73.9907 59.7435 120.068
873 89.886 65.1604 105.583
874 92.1567 59.7828 120.235
875 84.1298 54.6729 120.241
876 84.2951 82.8798 7.79909
877 67.9684 72.0102 8.61828
878 91.0792 84.4448 -0.00138289
879 64.3622 91.3774 15.614
880 65.9352 90.6113 -0.267985
881 68.1776 80.709 -0.626815
882 62.0025 84.9857 11.6144
883 69.6732 71.0917 10.3825
884 65.9975 73.6021 -0.36199
885 66.9399 95.8111 11.7143
886 67.7166 74.2368 27.344
887 65.9631 69.5443 9.08821
888 89.3991 65.7574 8.07326
889 69.7645 77.6135 22.2272
890 78.6757 72.8435 24.1131
891 68.3556 93.745 8.63797
892 68.661 73.5664 37.392
893 65.1251 74.7721 34.8883
894 88.6978 73.6829 37.8979
895 69.6242 73.6673 32.1723
896 83.4478 73.6562 35.9286
897 78.5831 71.6913 43.9809
898 87.9531 85.3164 18.2715
899 72.745 65.8483 29.9127
900 82.9061 87.6576 46.2982
901 74.5548 94.2076 43.8811
902 69.1067 72.3269 49.9545
903 68.777 92.2249 65.363
904 77.823 86.2689 46.5132
905 77.6455 65.7319 51.4817
906 58.9566 98.7569 58.7749
907 76.5816 70.9578 60.3236
908 64.5246 86.3156 52.7707
909 58.2502 94.3209 68.7071
910 66.848 87.8109 54.0459
911 78.6614 69.8466 84.3113
912 64.9504 79.7189 80.3919
913 72.6241 95.7022 67.6837
914 62.6287 78.5536 64.184
915 96.2694 82.8904 74.9055
916 58.5529 74.2563 74.3349
917 57.1651 52.6567 88.1356
918 75.1791 96.6937 91.6626
919 64.7716 73.9194 85.7876
920 84.578 68.2031 82.8911
921 84.7231 93.6448 69.9207
922 73.079 74.66 80.369
923 64.4414 74.5595 103.031
924 63.4648 79.1546 91.6184
925 69.1534 85.4113 98.0313
926 58.7353 67.5065 84.4612
927 77.4378 84.8087 103.016
928 65.3254 82.1303 110.16
929 81.1756 70.8273 120.0
930 59.9873 81.9814 120.209
931 72.0751 76.8352 120.109
932 88.9484 73.3138 120.126
933 77.8097 72.342 120.173
934 71.9068 79.8443 120.269
935 61.5042 89.421 120.037
936 66.045 78.3541 100.699
937 60.3978 88.5885 106.053
938 86.9008 97.0359 7.3787
939 59.8845 97.4558 11.1108
940 51.7175 98.4495 9.8116
941 75.9494 90.5465 -0.176132
942 78.6205 100.394 38.974
943 78.1661 113.978 12.5274
944 69.6062 113.458 38.1408
945 58.4649 89.7865 31.1643
946 73.7978 113.941 9.03324
947 68.7052 113.712 25.06
948 64.0652 103.381 10.3277
949 56.7842 99.64 20.0886
950 53.5804 96.4603 30.6235
951 65.9785 113.904 31.0
952 62.5278 106.355 51.3201
953 71.2003 92.1562 31.2393
954 84.2197 90.146 37.3502
955 65.1123 90.2457 42.7121
956 74.1148 95.5554 53.8417
957 74.8261 112.83 63.5537
958 49.6035 100.524 57.8171
959 92.5135 96.6392 47.6785
960 64.6118 87.1687 42.4387
961 74.9457 97.3382 61.3728
962 86.0724 113.507 56.5856
963 60.4177 113.694 45.2322
964 52.8091 83.317 52.5756
965 86.5612 97.7648 56.0916
966 64.7845 97.4681 57.7589
967 58.6553 111.287 51.0121
968 78.0321 97.4337 40.7381
969 86.5251 104.904 53.6408
970 98.6243 94.8852 68.9723
971 57.378 112.871 75.5966
972 70.5736 113.332 66.1571
973 84.5909 99.389 64.8089
974 62.769 113.766 58.5238
975 68.4743 84.8043 72.8679
976 75.661 113.143 87.6298
977 82.5153 100.578 63.7661
978 74.5982 93.2116 88.9302
979 74.8122 100.208 78.8399
980 74.7875 96.1081 89.1592
981 78.5385 113.018 81.2437
982 67.1962 113.016 79.1984
983 76.9814 113.203 77.7346
984 58.5194 93.5795 89.2435
985 80.8434 113.104 67.7066
986 85.1573 113.995 114.645
987 66.9993 98.84 96.9395
988 72.8984 104.839 95.6358
989 76.7973 95.1524 90.454
990 59.0438 92.6013 86.6292
991 73.6967 114.081 97.4296
992 68.1785 93.283 103.434
993 73.2151 106.73 102.932
994 58.0782 88.752 94.996
995 57.8018 113.404 98.9564
996 55.1078 97.4079 94.2194
997 46.6732 113.767 103.947
998 69.0715 100.391 119.743
999 60.8834 113.975 114.881
1000 81.7926 104.464 120.042
1001 62.0903 102.016 120.263
1002 105.074 81.0359 120.018
1003 68.5161 95.6395 120.01
1004 80.1762 114.117 106.485
1005 57.7422 106.91 105.72
1006 92.0738 99.4813 109.27
1007 60.5594 100.625 119.872
1008 114.087 21.1117 6.11458
1009 102.056 15.2699 8.40809
1010 94.8338 24.1103 4.59313
1011 105.562 13.5749 8.01292
1012 93.2992 0.924307 0.673829
1013 97.9611 7.58676 12.3315
1014 78.3267 18.7148 18.5322
1015 100.432 12.7801 20.0685
1016 95.7685 13.0028 26.5701
1017 102.587 -0.286206 21.293
1018 93.1761 10.1232 10.5914
1019 84.5888 2.65821 18.1238
1020 90.8752 7.1675 26.5019
1021 86.4544 15.3762 14.4255
1022 94.6549 17.5669 21.4935
1023 96.6013 6.93048 37.7032
1024 113.275 2.08929 25.1419
1025 96.2817 29.4603 32.464
1026 86.6904 17.5796 36.5507
1027 100.942 14.5308 30.3657
1028 98.7043 13.4901 31.7885
1029 93.8894 16.5896 43.7173
1030 96.2084 23.7456 52.6677
1031 98.5085 0.600253 59.2265
1032 113.319 4.3701 59.906
1033 102.39 16.8958 63.799
1034 113.007 14.6458 40.1682
1035 98.3897 0.490236 44.0676
1036 104.27 31.2173 37.4188
1037 80.5752 12.77 47.765
1038 107.944 15.0355 57.5956
1039 98.9246 0.81759 83.4069
1040 113.291 17.8716 72.3575
1041 88.9388 0.714765 72.5686
1042 111.549 -0.242226 69.2767
1043 97.3565 0.343421 68.2253
1044 96.7396 15.3704 70.065
1045 100.449 28.9208 60.1442
1046 101.203 0.815216 86.8233
1047 76.6433 20.5878 80.2865
1048 112.826 29.6308 92.609
1049 106.017 1.09666 83.767
1050 109.829 0.0291584 96.0077
1051 113.049 20.7282 72.4752
1052 104.094 25.2633 77.8033
1053 113.184 17.6352 92.5459
1054 104.312 1.04253 85.6204
1055 109.945 -0.220428 73.5896
1056 86.7886 20.2704 96.9001
1057 112.063 0.911285 92.9159
1058 97.3866 11.3145 103.23
1059 95.5987 0.579926 98.092
1060 97.8861 11.6877 91.991
1061 113.237 12.0971 80.4235
1062 89.9344 14.1361 96.903
1063 99.1654 14.9131 104.299
1064 90.1655 -0.00253351 105.811
1065 113.114 7.81195 90.3409
1066 90.723 -0.0191075 118.701
1067 105.995 7.82448 119.886
1068 112.351 5.31673 119.848
1069 108.251 0.0791501 115.937
1070 90.7693 44.7705 -0.0936665
1071 93.3352 44.1425 8.57213
1072 96.9087 24.8046 3.47899
1073 101.749 39.4648 17.2766
1074 99.155 45.068 -0.233623
1075 99.5399 36.0212 -0.238735
1076 101.277 40.2625 19.9488
1077 104.615 42.4157 12.5747
1078 96.6644 19.3996 22.8126
1079 96.2452 39.7334 12.551
1080 93.8553 39.0325 31.5016
1081 113.269 40.8583 35.4908
1082 88.2792 39.176 24.9186
1083 113.528 32.5023 27.7432
1084 104.521 18.9836 45.0597
1085 78.3977 54.4991 28.7544
1086 96.0828 50.3095 42.7061
1087 113.711 35.2263 33.4509
1088 104.767 35.9847 52.4149
1089 88.2853 26.313 27.8387
1090 93.9551 31.1186 31.826
1091 85.9511 29.5907 48.8894
1092 93.3783 23.6575 54.8463
1093 96.95 26.4555 44.8472
1094 100.25 36.5474 52.6141
1095 113.275 32.7227 42.3102
1096 98.4954 41.8687 56.5051
1097 106.275 21.2176 46.6436
1098 97.7333 33.3708 51.511
1099 113.396 25.7798 37.3614
1100 90.4512 36.5179 64.004
1101 103.936 18.627 52.5155
1102 107.863 26.3913 65.4049
1103 104.493 21.395 52.6039
1104 90.4307 39.3034 63.9363
1105 82.7029 39.5703 73.7076
1106 101.492 29.9392 79.2304
1107 99.009 37.3062 60.9774
1108 96.4182 31.88 69.8349
1109 113.353 38.9534 57.7843
1110 113.076 38.7513 73.1827
1111 103.39 45.1696 60.1841
1112 108.221 34.9389 69.9931
1113 98.1453 32.3064 58.6031
1114 82.3794 27.5989 81.7508
1115 90.4165 24.7868 66.128
1116 113.193 38.2946 90.054
1117 89.7894 15.6202 76.1533
1118 112.822 50.3818 80.3719
1119 84.7642 29.8025 85.1732
1120 90.8576 36.2844 84.2829
1121 82.4917 42.9497 76.3726
1122 88.4987 33.5552 80.4489
1123 90.6867 52.2105 81.6058
1124 88.5259 31.8517 98.385
1125 106.462 38.679 91.76
1126 90.9515 31.8751 94.389
1127 90.9157 36.5964 109.141
1128 92.2937 24.7062 92.8224
1129 108.99 31.4511 119.994
1130 108.272 27.7589 119.932
1131 99.7298 47.4674 120.558
1132 102.053 40.9223 108.169
1133 114.237 36.0082 112.31
1134 112.108 32.4459 120.266
1135 100.92 35.9329 110.546
1136 93.7415 38.552 103.82
1137 96.3995 59.7897 19.4502
1138 101.843 42.9523 11.1329
1139 103.031 47.0608 -0.210449
1140 106.054 56.4846 12.9201
1141 113.359 60.5684 22.8304
1142 104.9 63.3121 22.696
1143 104.671 75.7795 22.7223
1144 103.725 59.9905 22.2686
1145 89.1854 49.2572 15.5754
1146 113.358 51.4379 25.0863
1147 113.742 53.8888 23.482
1148 97.7737 65.9605 20.8631
1149 94.1735 73.6132 13.6798
1150 88.6594 54.2472 25.0489
1151 89.9909 59.138 23.9503
1152 90.3111 52.6651 44.1032
1153 94.5314 56.6395 36.2757
1154 102.53 62.9899 33.7147
1155 99.5383 59.8857 41.4074
1156 90.5348 51.367 49.0745
1157 113.496 50.042 18.1943
1158 102.352 61.4915 51.2751
1159 100.169 72.6363 42.739
1160 113.069 68.0049 60.0129
1161 112.93 61.5299 53.0991
1162 92.5365 52.0277 47.6769
1163 84.6127 56.0146 59.9937
1164 100.675 61.4028 45.439
1165 113.029 47.564 57.4604
1166 85.2605 66.4793 37.8947
1167 113.271 66.0603 45.6915
1168 88.7575 50.8493 44.693
1169 90.4361 52.1166 58.9454
1170 102.394 54.5613 81.7325
1171 112.971 69.0038 77.6831
1172 112.788 59.9873 72.7236
1173 96.3391 57.5218 72.7332
1174 86.5766 48.2152 61.346
1175 94.2276 63.0035 84.537
1176 100.623 77.6054 72.7847
1177 98.0742 63.0897 71.3049
1178 88.359 70.8308 75.4116
1179 84.4673 60.5406 80.6625
1180 88.2324 60.3961 65.2596
1181 98.106 54.9815 66.6674
1182 98.1837 57.0526 73.8968
1183 107.155 37.842 99.1492
1184 69.133 63.8983 83.1389
1185 94.3454 50.2378 84.1692
1186 102.727 47.6371 81.9555
1187 113.084 64.694 85.4692
1188 112.735 62.7362 80.4139
1189 96.29 60.1779 87.9691
1190 104.104 53.4902 75.2938
1191 104.132 61.5514 83.1274
1192 84.5528 50.6282 95.8541
1193 88.7382 60.471 88.2958
1194 88.3961 47.0955 85.382
1195 113.392 58.5787 97.5829
1196 96.2438 72.4479 80.3721
1197 93.0555 61.5054 100.54
1198 106.738 58.3421 100.321
1199 82.8165 67.561 92.0304
1200 86.6237 54.1318 109.358
1201 86.0681 64.8411 120.311
1202 96.3506 41.8007 100.589
1203 107.706 59.9542 120.706
1204 96.0252 78.5637 103.974
1205 96.2355 57.393 120.027
1206 110.188 64.9449 119.974
1207 94.27 87.7366 -0.320314
1208 87.6765 67.8298 -0.267024
1209 102.23 86.2981 12.9626
1210 114.19 86.8753 19.7573
1211 83.3663 97.1034 9.14481
1212 114.134 78.7313 8.51926
1213 90.18 78.1751 -0.238201
1214 83.9056 70.0315 7.48458
1215 102.08 78.7183 9.69766
1216 106.338 87.7113 -0.129478
1217 113.695 82.8292 22.8691
1218 113.517 69.6763 20.4874
1219 98.4189 84.5036 31.1409
1220 84.8185 86.2527 17.825
1221 113.256 73.8912 38.1343
1222 114.181 81.9661 12.7764
1223 84.5293 93.9786 25.2657
1224 99.0157 91.7274 21.7074
1225 84.3943 81.4337 15.6431
1226 94.211 78.4193 41.5135
1227 113.536 89.2783 33.0412
1228 94.3688 73.1921 41.2756
1229 98.6963 70.0052 46.4838
1230 86.6958 82.1306 46.2414
1231 77.4007 66.1084 42.8537
1232 113.621 80.8372 40.253
1233 100.79 92.8349 37.5862
1234 100.363 78.3029 52.5729
1235 102.485 75.205 46.5861
1236 100.645 94.5873 64.8293
1237 90.6324 75.8945 49.045
1238 113.513 84.6259 48.1245
1239 94.4936 87.5425 54.008
1240 90.5059 91.3735 58.6739
1241 102.129 79.3957 74.0533
1242 92.3822 67.7541 72.7662
1243 94.8427 79.252 43.8991
1244 91.9175 68.4725 57.8322
1245 113.214 88.3879 69.8786
1246 113.183 58.8966 68.1787
1247 92.574 62.009 70.3217
1248 113.077 88.4781 60.4045
1249 102.105 68.4734 79.0569
1250 101.384 73.5073 76.8815
1251 98.4859 82.5801 84.2409
1252 80.7067 82.4403 87.9997
1253 112.934 72.1708 79.8828
1254 84.4029 70.6512 73.0479
1255 101.546 76.4405 95.5299
1256 112.927 74.4592 79.7765
1257 92.5865 81.4364 85.4406
1258 113.094 81.4517 79.8937
1259 93.0243 79.9067 95.441
1260 100.802 86.5643 92.8987
1261 113.839 89.4144 95.0537
1262 96.748 84.5765 108.113
1263 98.4448 81.965 106.148
1264 74.861 73.3395 94.3757
1265 113.452 86.3332 90.7174
1266 109.11 72.1111 115.065
1267 88.2833 69.6818 120.033
1268 114.21 73.0538 110.765
1269 92.2523 72.1241 120.238
1270 114.161 93.232 112.605
1271 114.289 79.8489 103.179
1272 94.1339 87.1629 120.212
1273 102.392 84.2594 99.779
1274 112.293 94.5182 120.316
1275 78.802 74.4049 111.713
1276 114.372 83.9039 106.247
1277 92.1876 81.9211 120.296
1278 92.246 66.6306 113.846
1279 98.5301 82.9631 108.717
1280 104.889 58.7555 119.888
1281 114.174 99.2576 4.09608
1282 99.9759 113.902 26.3615
1283 110.703 114.791 14.581
1284 114.214 97.8329 13.4929
1285 90.4917 100.138 11.4116
1286 107.895 93.3618 17.0538
1287 95.2578 101.427 28.866
1288 97.1843 96.5696 25.3643
1289 113.617 101.775 33.4815
1290 100.205 89.0453 20.0784
1291 93.0657 103.359 15.4952
1292 82.876 95.6609 26.278
1293 103.181 102.504 31.6173
1294 108.469 113.957 32.899
1295 90.6873 113.685 43.3377
1296 98.4982 104.325 36.5444
1297 92.563 106.499 40.2628
1298 104.369 113.879 47.43
1299 113.645 101.79 42.4909
1300 108.267 102.557 35.4889
1301 96.0781 101.832 15.5158
1302 92.9014 89.9147 35.1091
1303 108.943 114.374 49.2507
1304 113.551 93.4817 45.7229
1305 113.165 108.477 47.6572
1306 98.6588 113.976 51.2928
1307 86.6219 95.4144 56.1053
1308 94.5782 102.61 48.9861
1309 108.268 108.257 60.4056
1310 88.5362 92.278 57.3358
1311 90.871 91.5167 89.4242
1312 104.461 92.2323 65.1849
1313 107.586 113.693 61.0013
1314 98.1278 113.643 81.1992
1315 104.366 97.173 65.2275
1316 100.393 95.6697 67.5272
1317 112.989 100.717 84.8319
1318 104.425 99.7086 82.3939
1319 89.0519 95.5386 85.0629
1320 94.4826 79.6729 61.0511
1321 113.069 92.6147 74.6413
1322 113.172 94.0482 79.7947
1323 111.564 113.219 83.7868
1324 113.462 85.4789 97.2591
1325 93.2704 100.918 98.0788
1326 107.234 91.8648 99.1382
1327 82.1525 84.5855 94.3263
1328 110.197 89.671 120.586
1329 113.729 101.986 100.455
1330 99.5074 113.95 104.412
1331 86.8159 102.967 101.88
1332 84.7753 104.96 103.26
1333 82.1344 114.178 102.979
1334 100.129 101.47 113.052
1335 90.1697 100.551 104.427
1336 114.062 103.306 117.985
1337 114.395 65.966 103.891
1338 114.56 110.918 100.753
1339 100.894 111.898 108.223
1340 114.207 104.618 110.086
1341 94.1185 99.949 108.693
