0 9.3698 18.867 -0.118501
1 7.78232 -0.0121157 5.46097
2 11.5477 23.6157 15.0222
3 37.4179 0.145379 12.1979
4 27.3486 3.86291 -0.0967674
5 11.2458 13.6824 -0.230826
6 2.83312 5.82264 7.48102
7 14.2736 -0.0985074 14.2553
8 21.637 11.418 -0.0895483
9 -0.883831 14.9749 1.52753
10 0.0436182 9.70159 40.1108
11 8.25758 12.3528 17.7477
12 11.127 12.4945 19.3976
13 9.09407 0.320143 19.3847
14 17.8661 0.338089 23.8545
15 8.48743 18.5471 28.019
16 0.608918 20.9002 58.0707
17 25.1999 0.408891 42.4265
18 -0.044299 27.9605 50.1563
19 19.475 17.5738 26.8139
20 29.4463 0.3172 41.4727
21 14.3643 0.247104 21.8203
22 26.5319 19.837 43.875
23 24.8398 0.642102 26.0524
24 0.164614 40.0839 48.0412
25 22.5881 14.9024 56.8267
26 24.4102 10.3546 48.026
27 0.152859 22.0902 55.1851
28 16.9672 15.6711 65.1616
29 21.5165 0.159406 58.1813
30 0.293032 22.217 61.3862
31 9.15145 0.518241 63.2926
32 26.1675 22.1551 43.6633
33 20.4476 11.6882 60.3866
34 0.170187 17.0696 70.4001
35 26.3038 15.475 76.5448
36 12.9531 0.461751 55.8536
37 20.2145 19.427 58.0552
38 18.7047 0.930278 82.3619
39 14.1128 0.753911 76.131
40 39.2618 15.2781 81.6809
41 11.323 22.3067 79.3291
42 29.5996 11.3446 78.1149
43 17.2713 0.773618 86.0126
44 20.5908 1.08907 86.1326
45 24.9074 0.737536 78.488
46 11.1207 5.75749 81.9849
47 7.87914 0.147193 89.0984
48 30.8344 14.9315 87.1252
49 21.5164 16.3364 111.68
50 25.3432 10.2927 120.385
51 24.3555 5.94971 103.368
52 -0.168677 13.7258 97.9819
53 26.3668 11.6853 92.3956
54 22.3001 10.1871 104.616
55 23.0497 15.6313 97.0786
56 18.7444 16.232 99.8603
57 16.9866 22.54 100.887
58 0.359892 22.2235 70.2812
59 9.48808 15.3165 91.0407
60 -0.81294 15.8039 94.5695
61 16.1121 0.0189457 115.286
62 27.4612 15.1386 120.393
63 20.6105 8.5404 119.946
64 1.44934 0.321492 113.002
65 11.2143 8.7334 115.294
66 24.9419 46.8057 15.704
67 25.2723 45.8671 25.0313
68 19.2567 38.6514 6.99552
69 -0.9113 36.7223 2.00544
70 15.2677 31.6721 20.2287
71 -0.875642 46.4847 1.90101
72 25.551 31.1463 -0.209556
73 22.2291 29.6013 -0.221642
74 19.8581 42.3918 20.066
75 -0.657774 44.3991 15.7641
76 -0.222536 44.8515 33.4433
77 3.71562 40.8948 13.3478
78 -0.0301484 30.4408 42.6874
79 0.0740873 35.8204 35.8001
80 10.558 32.5228 46.2209
81 14.9474 39.6549 43.6713
82 14.9901 36.8413 26.8894
83 0.310643 35.3454 55.8489
84 4.53706 40.8578 28.0566
85 0.422567 34.4264 45.5212
86 25.9987 32.8347 49.0061
87 20.7633 42.6128 42.4321
88 20.6836 33.2672 50.2928
89 0.113267 24.5995 45.8698
90 27.1214 37.2431 51.6148
91 26.6849 37.8947 53.9778
92 0.557982 30.392 80.0726
93 14.9884 30.3632 53.9505
94 15.9667 31.7148 50.2193
95 24.6595 40.1152 55.4883
96 8.85375 45.3595 50.1763
97 21.0758 43.5201 45.1061
98 18.8266 27.6401 51.7572
99 0.370989 25.3374 57.6034
100 20.7774 23.3434 80.357
101 9.08598 37.5556 62.9914
102 0.234276 12.448 70.304
103 21.2997 45.1141 72.454
104 30.9416 42.9176 61.4663
105 0.707717 34.6315 70.2184
106 21.1658 36.9275 55.2595
107 17.2371 31.071 80.6428
108 23.1138 32.867 89.8285
109 30.9301 27.2376 79.4241
110 12.6693 27.3594 75.5989
111 0.525232 31.3053 82.4513
112 25.23 39.8727 77.9243
113 0.158466 31.4954 96.1031
114 20.1527 31.8493 106.091
115 23.0178 42.2664 97.2936
116 23.068 46.8908 89.5117
117 24.7124 42.6996 85.9972
118 0.231252 38.8202 97.9561
119 37.727 48.0967 109.151
120 26.514 26.489 92.1568
121 -0.009315 44.4275 92.6346
122 16.1448 30.538 103.207
123 12.8355 47.0363 93.2204
124 17.813 23.2917 106.855
125 18.1063 38.4148 107.484
126 24.0838 41.1586 112.981
127 22.313 44.6733 111.87
128 11.6639 39.3773 113.378
129 22.7851 46.3571 116.738
130 8.0494 36.1347 120.153
131 16.5734 46.1027 120.34
132 31.7154 17.7914 120.384
133 29.2522 32.622 115.957
134 32.556 61.3319 8.44984
135 10.0452 57.1492 0.166686
136 19.6582 67.5101 17.9789
137 29.2402 61.904 12.8209
138 1.78091 51.3662 18.9001
139 -1.03066 65.7462 13.341
140 22.7259 38.0696 16.794
141 13.9971 51.5973 19.282
142 -0.39948 57.4341 20.1129
143 18.1766 53.976 19.3266
144 28.0405 45.0179 27.3276
145 12.5887 65.9278 22.8495
146 13.168 60.2226 11.032
147 19.264 63.0969 33.6464
148 14.7261 35.3996 31.479
149 30.969 50.8561 39.4535
150 26.894 60.365 46.7051
151 5.14818 50.8311 37.7506
152 3.16983 63.3598 56.7563
153 30.5635 55.6154 46.6924
154 32.3026 51.5834 30.4227
155 18.6998 62.5484 39.0389
156 14.924 45.4625 46.4271
157 0.193323 50.8185 35.5673
158 7.30605 55.2915 46.5535
159 0.463416 69.8824 48.3475
160 22.8707 69.5313 36.5153
161 17.6109 60.0273 70.6593
162 21.361 64.915 57.4383
163 4.83871 43.5132 58.2565
164 28.7795 62.7323 50.2488
165 20.7725 44.7389 55.1309
166 27.2583 61.4015 56.5893
167 0.202452 34.6114 40.1707
168 0.704353 59.6195 70.7421
169 27.4968 62.082 66.7829
170 21.2331 58.8606 75.6561
171 32.6579 65.1703 65.1517
172 0.55516 56.8036 75.9023
173 26.8814 63.4413 79.1519
174 32.8424 36.1238 88.3912
175 0.541009 67.3776 85.9174
176 14.9953 54.0418 87.304
177 29.241 58.0841 73.1952
178 22.9244 43.4292 84.6486
179 23.146 58.455 79.1906
180 0.499391 50.1878 86.0405
181 6.7792 64.986 99.6179
182 7.10898 70.7896 94.3704
183 32.9876 48.1893 80.8936
184 13.0878 59.5954 93.3955
185 18.6176 56.8029 95.0378
186 -0.768226 50.1536 101.629
187 11.8354 67.9471 97.7823
188 -0.261084 75.7404 103.968
189 12.173 63.0974 120.263
190 4.2578 53.7707 120.343
191 1.11713 67.5904 120.459
192 19.4314 66.2298 111.74
193 19.6684 69.8851 120.621
194 -0.693943 55.0214 108.981
195 7.46786 57.4639 120.629
196 20.4761 48.5826 120.197
197 23.5335 47.1267 113.541
198 28.7077 63.4368 120.468
199 -0.589166 68.7253 8.54576
200 -0.659406 88.7484 8.66152
201 15.1709 78.5851 20.9183
202 22.1599 79.2477 14.2194
203 23.5747 81.0169 6.39386
204 18.0654 84.4007 0.151028
205 10.0102 77.1224 -0.0236078
206 23.8334 78.9049 3.41716
207 2.15905 75.7112 11.7321
208 19.3065 63.3674 -0.510002
209 0.394141 86.9793 42.7633
210 26.3377 72.5781 31.4618
211 11.0006 88.6863 13.6326
212 31.4247 78.2789 24.4825
213 25.0319 69.0739 23.151
214 12.952 78.9169 17.4135
215 30.7166 72.5791 23.8725
216 16.6234 82.4099 20.3358
217 15.0254 80.561 26.3704
218 14.1047 83.4423 19.0235
219 10.7404 64.406 21.7008
220 13.2129 72.8289 35.6636
221 16.871 83.3628 37.8428
222 15.3162 84.3035 51.6213
223 0.0988796 90.5662 30.4083
224 10.9613 85.8909 41.5935
225 13.3993 83.2667 28.2602
226 26.9876 78.1743 41.3262
227 14.6601 95.1587 41.3202
228 20.8656 72.2994 42.6096
229 0.528262 82.3455 57.8896
230 21.2405 91.8034 62.6932
231 20.4908 69.2253 40.3416
232 0.515714 95.4221 73.0734
233 20.9578 80.876 60.3231
234 26.78 61.3923 49.3007
235 15.9423 62.6629 66.9829
236 9.29686 65.4007 57.9926
237 7.3493 70.9835 56.5387
238 0.624073 73.8223 60.8705
239 0.365134 59.7688 60.669
240 11.4465 66.4634 43.8453
241 32.9484 66.0327 67.9315
242 19.2368 62.443 68.9611
243 27.1235 74.1644 74.043
244 23.0858 101.163 81.7892
245 0.582995 84.2857 72.7263
246 24.9132 91.2625 62.4996
247 21.4527 63.0519 65.4512
248 28.8088 91.5519 55.1888
249 0.639318 98.5975 60.4971
250 29.0407 67.0991 78.1826
251 0.496806 80.4528 73.2758
252 21.2323 63.1003 83.0023
253 13.081 91.9865 80.343
254 9.34022 65.5932 73.1709
255 16.9016 83.7578 85.4175
256 23.365 89.2604 84.0939
257 18.7428 68.9805 94.948
258 12.95 93.3542 90.8737
259 0.511229 88.9158 90.6859
260 0.397438 76.1497 80.6753
261 5.57453 88.7884 78.0487
262 7.24094 94.9924 91.9051
263 18.8845 75.8638 87.0382
264 9.22014 69.8288 93.6237
265 -0.0424297 72.237 95.2643
266 20.8971 85.6573 90.7294
267 0.589681 75.4285 90.3655
268 32.9014 97.3577 90.7192
269 8.92748 75.225 96.034
270 0.443118 81.4865 92.6258
271 18.1079 86.5259 111.727
272 20.7929 77.9988 120.44
273 -0.49389 72.5364 117.651
274 4.81099 86.6957 115.338
275 19.6309 74.269 103.536
276 24.9753 72.4125 103.645
277 40.6599 83.1426 120.344
278 26.3003 111.977 -0.0549938
279 29.5816 100.617 -0.312797
280 18.7072 92.0886 0.0322506
281 3.13931 113.719 9.22213
282 19.607 114.742 4.27563
283 1.24147 97.7096 -0.165075
284 20.8943 88.468 30.5186
285 -0.936401 95.5076 13.4934
286 22.5921 113.888 21.5432
287 18.445 104.964 31.4799
288 7.41402 109.28 36.6976
289 5.36292 106.734 12.3107
290 -0.236498 102.015 18.4081
291 20.6233 113.785 17.0964
292 -0.241695 97.8376 20.7209
293 28.8044 113.799 39.7461
294 26.6236 95.5425 26.4262
295 7.54888 113.74 20.2449
296 31.2671 114.088 16.0946
297 26.3303 92.9311 26.2803
298 19.3411 113.76 41.5479
299 28.5755 86.1653 30.416
300 21.118 106.626 55.1818
301 7.00506 113.967 31.2555
302 18.908 102.633 31.7179
303 6.7285 113.895 35.929
304 0.0869537 109.163 41.0137
305 24.4954 104.91 35.2525
306 18.7064 113.674 36.1699
307 18.3902 101.852 23.631
308 18.8182 109.814 31.2493
309 12.7856 105.698 45.2289
310 10.3361 109.854 41.1442
311 14.6163 96.4954 43.9148
312 20.9418 104.228 47.8935
313 26.893 101.94 46.2588
314 0.510408 88.7389 53.3816
315 5.47679 114.17 87.0977
316 12.875 103.478 62.4826
317 0.532727 108.75 70.6741
318 7.33062 105.62 64.0127
319 9.35156 100.482 75.2126
320 18.4847 113.618 71.9408
321 26.9895 106.552 92.0454
322 28.3737 113.251 75.5331
323 18.9174 113.209 79.4696
324 15.0733 108.262 94.6689
325 23.0363 84.4539 91.8907
326 0.526252 108.012 84.9862
327 0.364664 92.9248 90.2425
328 21.1087 88.4181 83.2039
329 26.8382 97.9334 114.466
330 17.0696 99.2475 72.8121
331 14.3169 113.539 91.5193
332 6.93853 101.5 109.885
333 0.383591 105.829 92.1664
334 23.7228 113.74 103.126
335 25.1929 113.743 100.829
336 1.57021 113.313 104.376
337 16.424 101.495 93.6255
338 26.0601 114.729 119.449
339 31.7428 109.34 120.519
340 -0.511742 102.007 108.83
341 16.7655 105.632 120.131
342 -0.935519 110.741 104.187
343 36.791 13.9565 8.18976
344 26.4898 4.66874 7.09991
345 51.3396 -0.174922 8.90563
346 45.757 16.3189 -0.0246536
347 58.7585 -0.130019 14.2066
348 44.7971 21.5416 1.2056
349 34.5451 12.6846 -0.0590795
350 47.563 20.4901 8.24573
351 40.9247 26.1965 8.10593
352 22.3301 0.704359 24.0033
353 58.0914 2.78397 16.5059
354 44.6638 0.152419 18.2666
355 52.8565 0.467801 25.9051
356 48.6283 0.395928 25.6196
357 40.6611 18.1988 35.1668
358 33.8189 26.1297 11.2804
359 57.1375 13.86 22.6635
360 35.81 21.8821 15.7636
361 34.4964 0.512715 29.3724
362 24.5175 13.5635 43.0413
363 60.8236 13.2298 42.4655
364 52.5898 21.3746 44.8654
365 43.8628 0.549874 53.5191
366 28.7201 14.9379 55.1818
367 29.3156 15.9972 37.514
368 38.6053 9.70666 56.8529
369 41.5709 0.14791 69.8758
370 37.0771 23.0676 57.5075
371 26.6213 12.3159 51.3866
372 30.9432 17.0367 56.6188
373 58.5724 14.374 48.9154
374 39.022 11.264 69.2073
375 62.8164 22.478 66.4898
376 33.0511 17.8458 70.3843
377 38.6295 0.840477 74.7728
378 60.9978 14.7556 83.4373
379 42.5113 7.26344 87.2306
380 28.4875 9.86445 83.4675
381 75.7386 0.234005 87.7088
382 40.7416 25.1586 78.0251
383 40.954 8.35962 86.004
384 40.6705 11.1834 88.0467
385 23.851 0.724235 83.2544
386 30.5474 8.31655 81.9877
387 56.8054 0.391181 100.995
388 30.5056 0.0254563 87.5665
389 48.749 23.4318 96.1777
390 50.4268 21.9965 97.6667
391 52.3942 20.6736 103.525
392 41.7036 0.407399 94.8424
393 53.3679 12.6563 120.462
394 39.4964 5.24114 120.499
395 39.5459 15.1357 120.647
396 43.0906 14.2817 116.744
397 36.1748 1.33617 120.12
398 37.4835 -0.166302 113.508
399 43.7027 17.5108 103.402
400 55.8186 12.4029 120.327
401 44.5898 8.96779 120.221
402 30.3573 32.4969 -0.0414141
403 33.4582 42.9845 18.2138
404 33.3683 41.5049 -0.597589
405 47.624 35.9082 -0.463579
406 53.5407 41.3441 -0.398785
407 45.7066 35.7005 14.4953
408 23.446 48.5554 6.8406
409 45.4729 30.463 11.7418
410 31.3539 28.7326 -0.256933
411 51.5045 39.0435 -0.366897
412 32.1992 44.4584 3.52404
413 37.4649 45.6125 7.81874
414 38.2894 49.1969 19.3681
415 35.3545 33.4267 25.5908
416 49.1958 44.3319 24.9138
417 44.8328 54.8193 18.1016
418 26.9022 34.8077 23.6051
419 37.4396 38.8358 25.2205
420 25.3652 43.9441 17.569
421 32.7614 21.3953 30.0939
422 30.7518 31.4394 48.9813
423 54.6655 25.5593 38.7677
424 53.0108 45.2613 27.6198
425 38.2426 35.9928 26.4281
426 56.886 29.9637 40.0873
427 58.8272 26.4496 41.1933
428 39.6603 30.042 23.0901
429 48.7107 45.9837 42.6686
430 40.6082 42.8354 35.0209
431 60.6455 30.2199 40.1025
432 29.3845 29.8762 34.9902
433 51.0195 35.3516 46.1624
434 33.8269 24.5546 57.7084
435 37.1398 20.774 50.1035
436 48.8042 49.1084 68.0363
437 32.8502 30.2743 50.1368
438 42.7818 53.2184 79.2041
439 39.1744 42.6636 74.3034
440 61.9644 48.63 66.5863
441 41.0363 27.6339 62.8205
442 46.9543 30.9692 61.4163
443 28.9477 36.006 65.6372
444 37.0287 31.9957 75.6862
445 36.8149 30.9155 65.4415
446 42.4686 19.2521 71.6722
447 50.908 25.5744 61.4634
448 46.7776 19.5063 71.7076
449 35.2907 39.2783 71.8625
450 45.3649 39.2973 52.822
451 38.8433 36.201 69.3122
452 36.1676 52.9857 83.097
453 46.9782 54.3 73.9661
454 28.8527 37.8827 57.7159
455 48.9091 22.2296 75.6073
456 23.2073 43.815 71.6038
457 52.7548 35.5227 65.2498
458 37.791 20.5152 75.7996
459 32.654 47.5532 88.1006
460 62.7544 54.627 89.826
461 45.025 39.6273 70.2108
462 54.7708 30.7302 84.5055
463 45.2052 47.6583 88.0294
464 56.738 29.6943 85.8106
465 39.0559 33.9398 94.7475
466 52.3963 29.01 98.3804
467 39.6819 22.8722 102.148
468 45.1223 43.3759 96.2628
469 39.2731 21.6625 104.34
470 24.1057 43.7963 113.173
471 39.2179 46.8086 97.6781
472 51.6272 38.8797 111.339
473 40.8798 39.9244 115.611
474 31.667 27.6163 120.636
475 40.6185 28.7091 120.172
476 50.3356 49.78 105.151
477 53.6874 46.4641 111.072
478 56.6405 28.4985 120.069
479 43.242 44.9638 106.784
480 33.9106 55.0998 0.0336452
481 46.1203 51.8514 14.1136
482 54.4849 69.7161 0.125301
483 41.4792 58.1268 21.8205
484 22.7598 44.0119 26.5946
485 28.489 41.6601 32.4682
486 32.4566 62.7788 35.3583
487 36.6982 68.482 30.1536
488 50.6857 57.6889 23.9142
489 53.4228 64.0213 24.8161
490 38.5984 64.1387 28.7366
491 42.1562 71.4646 21.306
492 40.9802 62.3306 25.5534
493 46.244 54.1083 43.3816
494 38.5489 42.018 28.6259
495 42.2052 61.0231 31.6915
496 53.1408 49.8695 47.6583
497 36.5055 63.4772 30.0455
498 28.6626 69.5464 40.0757
499 28.1032 66.6483 35.0709
500 48.7004 58.0287 57.8079
501 35.575 52.3434 61.1772
502 41.6286 53.7711 43.0808
503 38.9591 58.8289 56.7524
504 38.4778 60.0841 51.6832
505 42.9284 58.9736 49.0028
506 60.8802 74.3038 62.7614
507 47.2032 63.78 71.8802
508 31.0898 58.8083 64.1985
509 48.838 57.0732 78.2726
510 23.0506 55.5362 69.1694
511 32.9011 61.1266 75.6323
512 38.9744 57.5167 53.8444
513 39.2494 55.9209 69.4508
514 38.788 60.4429 77.1138
515 30.9584 60.9488 79.4164
516 43.1478 61.7946 82.1017
517 45.0565 70.1646 88.4615
518 43.0355 67.6612 69.1611
519 53.0728 55.6834 90.8383
520 42.8795 58.588 79.256
521 42.7337 60.3874 99.7369
522 70.5103 57.4152 69.0568
523 66.7686 59.3347 66.6571
524 38.6171 51.0353 102.076
525 44.6901 48.2545 119.948
526 36.8979 55.0251 103.32
527 49.8805 60.3166 104.936
528 37.7768 60.6793 97.2889
529 29.8633 57.4268 106.857
530 42.3199 60.731 94.4041
531 31.5457 62.4135 120.768
532 35.7366 67.0592 110.571
533 49.0619 65.7999 120.288
534 27.0071 53.1336 100.506
535 45.6123 60.9323 108.281
536 56.5175 49.5251 115.557
537 41.4816 88.1446 -0.110412
538 45.6864 83.3002 -0.27265
539 37.8937 71.8674 19.2868
540 49.9483 56.1212 16.9794
541 54.9089 87.2872 9.13043
542 25.0285 79.7675 12.8006
543 27.3757 73.144 -0.539911
544 47.0637 75.052 23.8422
545 42.6473 82.7857 31.5658
546 54.9346 75.6123 26.0859
547 42.148 102.141 16.3506
548 34.9555 77.8449 24.0916
549 50.583 73.8941 19.2252
550 50.8444 86.5794 21.3137
551 53.2909 94.7998 17.9997
552 42.5189 92.0615 21.7154
553 44.7362 88.3914 37.4689
554 56.8002 75.3717 20.5001
555 48.9697 69.1192 37.6935
556 23.935 63.6386 32.3785
557 32.7727 88.9341 39.7935
558 44.7283 81.5691 32.5538
559 62.8016 76.3066 26.612
560 34.7427 78.1662 41.3569
561 36.6148 81.9703 40.1112
562 50.7223 72.589 31.2672
563 62.6707 94.8755 31.3928
564 36.6973 85.127 42.6778
565 52.6787 66.1041 37.5152
566 32.386 86.5277 39.9665
567 42.6342 94.7051 46.2219
568 46.6739 91.5345 66.6359
569 40.7315 74.2729 39.9728
570 56.7097 67.637 57.5316
571 26.4248 61.6341 41.4999
572 56.8029 65.1126 49.7734
573 48.6657 80.0135 35.155
574 41.3778 60.0902 47.8314
575 34.1224 76.0786 54.3858
576 36.5371 59.1258 55.2856
577 28.793 89.3161 40.133
578 37.0745 78.9931 47.7149
579 64.6003 83.6889 60.4301
580 61.0081 91.8428 65.1755
581 54.6363 92.9054 63.8269
582 40.7465 92.8727 67.8226
583 45.1634 70.8678 60.2624
584 31.5527 86.1125 66.2801
585 31.8403 67.8065 71.3324
586 36.8838 92.8188 67.6258
587 56.4934 72.7952 88.6206
588 20.8123 90.7801 90.9548
589 29.184 79.6346 95.6454
590 44.7911 84.3916 72.6314
591 40.9793 71.1089 91.0302
592 56.5686 75.9007 83.2332
593 52.9429 93.2581 83.2695
594 17.0194 88.5444 83.0913
595 33.0032 64.3517 93.5597
596 48.9847 84.3863 101.166
597 35.7272 74.2646 113.772
598 40.5615 77.3732 95.9288
599 62.025 77.5841 97.4917
600 42.6857 74.9166 91.9555
601 50.719 89.5163 98.2332
602 43.9098 72.4671 105.878
603 48.592 101.026 106.119
604 68.9793 77.9509 90.5859
605 34.4979 69.9356 92.2641
606 60.3147 82.2153 100.855
607 48.2363 53.1103 98.2811
608 40.6974 74.3535 93.4429
609 34.0592 75.6564 115.991
610 42.2415 94.685 107.086
611 56.2278 80.5168 112.918
612 45.3918 93.8986 106.669
613 42.3922 74.7863 114.206
614 42.2429 77.7468 114.404
615 64.8079 78.0666 120.463
616 35.474 102.84 -0.145708
617 36.3012 113.537 0.712212
618 54.8385 114.759 2.03774
619 30.3456 91.7619 14.1293
620 51.2613 114.004 5.24053
621 42.5669 102.162 -0.013205
622 59.4228 103.732 20.5839
623 44.5375 114.364 10.4855
624 43.9315 95.4042 22.0015
625 30.397 114.687 2.12313
626 41.1386 99.8308 11.0049
627 37.5762 113.86 16.2861
628 34.7866 88.4171 33.8174
629 31.4966 106.155 31.4202
630 38.8655 108.131 18.916
631 34.4522 80.4501 16.781
632 26.6093 104.237 21.689
633 47.9966 113.769 30.7642
634 36.6556 92.5942 20.1857
635 42.5974 104.055 28.8974
636 61.4093 113.669 23.1068
637 26.5853 92.2537 31.4179
638 60.8352 104.518 42.3838
639 50.6002 109.368 38.5757
640 57.681 113.631 53.4024
641 36.8318 87.6609 35.1729
642 60.5895 113.753 54.538
643 32.8842 109.564 42.7268
644 42.8803 103.334 41.578
645 38.2156 113.509 49.0138
646 38.7537 101.531 43.9913
647 45.1556 102.175 42.5813
648 30.3011 113.441 57.0886
649 36.0431 113.275 76.4124
650 32.0221 113.614 61.1741
651 30.5912 113.283 64.203
652 51.8186 96.5224 75.5037
653 49.0652 113.222 52.7392
654 23.0917 101.232 66.2588
655 32.979 97.8564 75.1979
656 72.7445 102.037 65.0232
657 21.2064 90.4631 75.2805
658 50.4393 95.5712 79.2707
659 48.8754 106.663 80.5164
660 19.0102 94.232 84.1438
661 39.3951 110.907 79.3584
662 35.0416 113.152 81.6649
663 45.9753 113.038 87.7015
664 41.2613 113.235 92.7635
665 35.1991 93.715 82.0145
666 49.6611 112.985 91.528
667 49.2718 84.1964 80.2274
668 50.8185 102.394 86.9996
669 30.3257 105.053 66.1826
670 41.0822 91.038 78.038
671 38.8973 101.503 89.7071
672 35.1252 101.23 97.1664
673 46.9627 113.473 97.0038
674 34.9775 85.4018 102.056
675 43.9362 108.978 106.444
676 56.658 102.894 92.7916
677 32.5211 113.979 100.843
678 56.8765 95.1298 90.7557
679 28.7216 114.325 107.91
680 33.6103 87.194 120.708
681 48.8189 95.8161 106.125
682 40.7269 104.788 117.506
683 43.6292 87.0249 120.685
684 48.1954 114.558 117.001
685 24.9854 105.619 119.994
686 20.7281 114.208 114.987
687 41.8671 109.573 120.456
688 64.0822 101.052 107.785
689 57.7548 96.8419 120.257
690 50.7642 113.999 111.571
691 68.8077 0.0541085 4.15075
692 70.6687 15.1777 0.101972
693 83.6841 16.0348 11.281
694 83.8887 25.4736 7.73081
695 61.806 13.7778 -0.259326
696 55.8326 22.5523 22.5413
697 62.8774 0.357667 14.742
698 67.1624 21.6079 18.9038
699 62.2538 21.5437 11.7857
700 60.6413 0.798798 33.1011
701 71.3427 15.3634 31.1177
702 86.0396 0.32643 19.2758
703 61.6465 10.1866 15.8719
704 70.2401 14.645 21.2331
705 71.5394 21.3224 -0.318444
706 62.7771 14.4659 41.5303
707 66.7818 10.6124 44.0831
708 76.524 25.9717 35.3338
709 89.1319 25.9625 52.5194
710 61.0058 30.648 42.5193
711 54.3891 0.608447 36.9348
712 56.4161 18.8272 42.738
713 66.7363 0.221786 36.8316
714 75.6533 15.2192 34.0204
715 66.5218 15.2751 51.4181
716 60.3782 16.7891 45.0029
717 54.7541 0.691151 59.4707
718 78.4676 22.2698 43.6979
719 62.5359 0.594075 67.0785
720 78.5486 22.1725 79.4084
721 79.1991 0.679594 75.5988
722 68.5293 1.07062 65.282
723 65.2135 9.80004 62.7275
724 74.7274 0.975785 82.3165
725 78.6092 23.4873 69.161
726 64.6178 14.0754 65.6591
727 68.35 14.717 83.3623
728 50.8039 17.7177 89.5607
729 72.6239 0.962898 78.4407
730 63.0203 17.4335 81.6644
731 52.0607 0.874966 80.1635
732 86.7016 0.404927 104.761
733 74.4855 0.123032 112.184
734 89.3641 0.208431 110.217
735 87.7856 20.0857 120.853
736 84.5792 29.9528 115.515
737 59.3125 22.6712 107.134
738 67.3193 -0.0600475 106.715
739 90.1907 17.4812 95.6422
740 67.052 27.5405 121.328
741 61.6167 12.7555 120.517
742 70.0739 10.6133 109.282
743 87.1715 18.0038 106.929
744 56.9261 1.42181 120.236
745 80.6218 6.2327 120.205
746 63.9231 -0.0674631 103.033
747 63.8439 14.9845 120.516
748 75.784 26.4587 -0.54642
749 73.8555 43.5279 -0.343082
750 96.1842 43.4351 -0.828117
751 81.929 32.4154 15.8629
752 71.6903 31.2008 -0.501885
753 61.7648 23.8591 -0.442384
754 68.8582 45.7599 20.545
755 54.546 40.1539 21.5893
756 56.8048 41.7314 22.7032
757 44.0756 24.4078 22.7696
758 66.4018 18.9139 26.3949
759 72.7851 42.2182 32.5712
760 56.3654 28.3123 50.0615
761 73.6985 32.2709 30.8547
762 58.4394 31.3839 33.6682
763 80.6902 19.5137 60.3861
764 82.0801 54.1638 41.5523
765 56.7367 35.2014 55.2086
766 61.0361 34.4392 52.8237
767 64.6998 38.7659 52.4325
768 90.6396 9.4156 49.0782
769 81.5161 44.2155 42.7688
770 90.4383 43.396 54.0257
771 78.351 24.3279 49.0027
772 88.1469 37.045 62.4652
773 74.2905 30.4971 74.3881
774 71.0826 46.5021 76.8288
775 56.816 30.3192 55.4795
776 66.5944 25.4859 66.8038
777 67.0955 39.5609 79.5775
778 78.6889 45.1253 61.2255
779 80.262 35.2414 55.2476
780 76.7446 25.9005 57.624
781 72.5396 25.0889 77.9439
782 66.6801 39.9274 66.4608
783 60.7816 42.9883 88.4002
784 68.2327 13.5879 80.5961
785 76.2777 34.2431 75.3675
786 66.9773 23.7368 76.9447
787 72.8145 35.9758 90.5427
788 58.6296 42.3348 89.7666
789 58.8037 44.6778 81.7586
790 70.7441 25.5666 81.9554
791 82.1508 58.0425 76.8158
792 62.5199 50.5859 76.9869
793 67.1396 20.8227 82.0167
794 56.9574 28.1293 103.511
795 56.6391 39.7987 100.991
796 61.8778 37.175 117.028
797 96.9277 20.1282 100.65
798 70.7362 36.9391 104.585
799 62.9297 51.822 104.66
800 87.4914 30.9821 100.324
801 76.3863 20.5272 95.7749
802 72.3492 24.3314 90.8714
803 64.3702 40.1548 85.9882
804 53.4487 35.0334 120.358
805 72.4948 31.2792 120.253
806 49.0514 30.2536 96.5542
807 71.879 29.346 107.236
808 57.0464 33.5833 105.989
809 80.2663 32.2809 120.621
810 78.9719 44.9059 -0.109276
811 67.704 53.5346 -0.435062
812 75.7525 53.6394 -0.487501
813 61.3063 56.8035 22.6604
814 59.874 59.9277 12.2994
815 69.1684 52.6282 5.63762
816 72.0797 63.7826 17.2061
817 90.5077 65.5178 18.5459
818 71.3216 57.6231 7.56962
819 77.7672 60.2114 7.65071
820 83.3051 46.8121 13.7242
821 63.555 53.9765 13.7433
822 59.5232 57.749 14.6501
823 58.93 65.015 30.963
824 64.4753 76.6652 22.902
825 62.4346 62.9596 31.3018
826 62.1958 59.0143 14.0611
827 61.6465 55.4002 14.8876
828 80.6018 72.669 42.473
829 86.7067 54.7492 36.6305
830 76.7774 50.9681 42.8083
831 82.5428 54.0918 43.5702
832 58.1633 70.6116 33.6308
833 82.7502 52.3665 31.1083
834 64.7488 65.5424 35.2433
835 62.8847 75.3085 31.3964
836 81.2634 66.5249 24.9788
837 82.9546 59.6271 43.975
838 76.5294 54.8986 42.1159
839 86.5273 48.4851 79.1414
840 63.1068 58.3125 54.0126
841 66.6308 71.759 58.842
842 62.135 51.7102 64.157
843 62.7865 55.5901 69.4568
844 76.5895 60.4947 65.4084
845 82.6897 61.848 51.3594
846 76.6761 58.3998 65.5171
847 64.9765 53.0442 65.479
848 78.6786 61.899 58.9408
849 61.6127 46.7463 76.9368
850 84.7217 55.1523 88.3703
851 76.5345 68.2668 75.3812
852 74.8257 62.6578 84.6005
853 70.3668 54.2088 74.1204
854 58.5309 37.8854 68.9031
855 72.6161 57.9791 73.0781
856 74.8277 49.0771 94.9303
857 74.3483 53.5838 87.2227
858 86.2224 60.7615 86.6841
859 70.7965 49.4173 96.9959
860 56.0499 68.7144 103.941
861 66.5073 53.3644 99.9659
862 69.8973 68.8962 107.159
863 68.3129 44.9539 110.36
864 60.8491 55.0703 88.2427
865 87.9471 47.9312 105.439
866 72.4836 56.0986 83.3289
867 66.6132 65.1648 100.118
868 89.3324 63.1389 110.802
869 91.1856 55.18 106.995
870 84.9533 45.8306 120.222
871 68.6669 65.6097 120.161
872 73.9907 59.7435 120.384
873 89.886 65.1604 105.898
874 92.1567 59.7828 120.551
875 84.1298 54.6729 120.557
876 84.2951 82.8798 7.79909
877 67.9684 72.0102 8.61828
878 91.0792 84.4448 -0.00138289
879 64.3622 91.3774 15.614
880 65.9352 90.6113 -0.267985
881 68.1776 80.709 -0.626815
882 62.0025 84.9857 11.6144
883 69.6732 71.0917 10.3825
884 65.9975 73.6021 -0.36199
885 66.9399 95.8111 11.7143
886 67.6908 74.1054 26.8462
887 65.9427 69.5382 9.09058
888 89.263 65.8415 8.1241
889 69.1707 78.2675 22.6866
890 78.4183 72.2215 23.6367
891 68.1075 93.8518 8.7629
892 68.6495 73.3627 37.6649
893 64.9089 75.401 35.1335
894 88.731 73.3367 37.5591
895 71.3082 73.1696 31.6478
896 82.8381 74.6842 36.5615
897 78.6685 71.8215 44.0007
898 87.9165 84.7302 19.1823
899 72.6953 66.109 30.0904
900 82.7472 87.028 46.165
901 74.2744 94.1984 44.1177
902 68.6705 72.6583 50.1506
903 68.3861 92.4794 65.1954
904 78.3532 85.3116 46.7059
905 78.2597 66.5394 51.1532
906 58.8545 99.276 59.0962
907 76.4301 70.668 60.0178
908 64.404 86.2101 52.7626
909 58.9005 94.6303 69.0594
910 66.9033 87.4612 53.7944
911 79.3238 70.5631 84.8194
912 64.6455 79.7089 80.6599
913 72.7635 95.4274 67.8298
914 62.5566 77.9284 63.9282
915 96.3001 83.4145 75.3755
916 58.6439 73.8991 74.4248
917 56.8158 53.0872 88.4769
918 74.7394 96.7032 91.5838
919 64.4485 73.9645 85.7533
920 84.5815 68.2905 83.1191
921 84.5497 93.847 70.4229
922 72.5491 74.9774 80.9422
923 65.1986 75.3678 103.53
924 63.708 78.6428 91.9898
925 68.6641 85.6929 98.3285
926 58.5923 67.3687 84.4171
927 76.4917 84.6872 103.229
928 65.3513 82.0542 110.626
929 81.1756 70.8273 120.316
930 59.9873 81.9814 120.525
931 72.0751 76.8352 120.424
932 88.9484 73.3138 120.442
933 77.8097 72.342 120.488
934 71.9068 79.8443 120.584
935 61.5042 89.421 120.353
936 66.045 78.3541 101.015
937 60.3978 88.5885 106.369
938 86.9008 97.0359 7.3787
939 59.8845 97.4558 11.1108
940 51.7175 98.4495 9.8116
941 75.9494 90.5465 -0.176132
942 79.1108 99.3354 38.875
943 78.4836 113.841 12.1531
944 69.4586 113.826 38.2881
945 59.1975 89.5863 30.8446
946 73.8875 113.963 9.18053
947 69.2534 113.892 25.3516
948 63.9807 103.382 10.3578
949 57.287 99.8331 20.2716
950 54.7698 97.1198 31.2772
951 67.8354 113.483 31.2748
952 62.7259 106.314 51.412
953 71.3142 92.3294 31.0852
954 84.9845 90.3071 37.5223
955 64.7065 89.9314 42.4913
956 74.5701 95.2316 54.0098
957 74.746 112.937 63.777
958 50.7996 101.072 58.718
959 92.7957 96.7794 47.7382
960 65.1405 86.9812 42.3083
961 74.6115 97.0457 61.2412
962 85.5535 113.449 57.5562
963 59.5756 113.756 45.8797
964 52.8738 83.5975 52.4965
965 86.6159 97.729 56.2083
966 64.5079 97.1113 57.4244
967 58.5878 111.067 51.1218
968 77.9961 96.7013 41.4757
969 86.4536 104.129 53.5415
970 98.2699 94.9389 68.9869
971 57.3069 112.901 75.7144
972 70.0667 113.188 66.1664
973 84.3362 99.4679 65.1998
974 62.5993 113.727 58.5976
975 68.1584 84.1944 72.6597
976 75.5274 113.161 87.1246
977 82.5677 100.201 63.8454
978 73.9892 92.2391 89.499
979 74.7345 99.9646 79.0395
980 74.8336 96.0762 89.2494
981 78.7301 113.198 81.4093
982 66.141 113.108 79.5131
983 76.6042 113.038 77.7838
984 59.0054 93.4285 89.4312
985 81.1071 113.286 68.266
986 84.9205 113.92 115.041
987 67.2163 98.1664 96.7323
988 72.4641 104.417 95.6329
989 77.0132 94.8533 90.6433
990 59.0729 92.8 87.1199
991 74.9422 113.656 96.1349
992 68.162 93.9073 103.317
993 72.4254 106.501 103.079
994 58.6178 88.0733 94.6633
995 57.631 113.437 98.9447
996 54.8163 97.5079 94.3045
997 46.4764 113.63 103.998
998 69.0715 100.391 120.058
999 60.8834 113.975 115.197
1000 81.7926 104.464 120.358
1001 62.0903 102.016 120.579
1002 105.074 81.0359 120.334
1003 68.5161 95.6395 120.325
1004 80.1762 114.117 106.801
1005 57.7422 106.91 106.036
1006 92.0738 99.4813 109.586
1007 60.5594 100.625 120.187
1008 114.087 21.1117 6.11458
1009 102.056 15.2699 8.40809
1010 94.8338 24.1103 4.59313
1011 105.562 13.5749 8.01292
1012 93.2992 0.924307 0.673829
1013 97.9611 7.58676 12.3315
1014 78.3267 18.7148 18.5322
1015 100.847 12.9476 20.0206
1016 94.8066 14.1877 26.3943
1017 102.22 -0.344065 21.0754
1018 93.2049 10.1827 10.9098
1019 84.9768 2.33448 17.6236
1020 90.4554 6.56023 26.3687
1021 86.4544 15.3762 14.4255
1022 94.9676 17.1538 21.2945
1023 96.2316 6.2478 37.5699
1024 113.298 2.23379 25.2188
1025 96.3837 29.9373 32.8449
1026 86.715 17.3162 36.4346
1027 100.743 13.9886 30.1241
1028 98.8525 13.2638 31.4353
1029 94.6824 17.6948 44.1027
1030 96.0736 24.4942 53.1139
1031 98.8738 0.674556 59.3768
1032 113.479 4.03432 60.1535
1033 102.245 16.5445 63.9624
1034 113.63 14.6806 39.9134
1035 98.4551 0.197097 44.6855
1036 104.785 31.7452 37.8407
1037 80.1652 12.8648 47.7946
1038 108.894 15.7092 57.5818
1039 99.4625 0.476665 83.7703
1040 112.97 17.7124 72.554
1041 88.944 0.803456 72.5045
1042 111.528 0.0586905 69.1849
1043 98.0036 0.560241 68.5308
1044 96.4984 15.3197 70.3468
1045 100.239 28.9409 59.9604
1046 100.977 0.706905 87.5144
1047 76.7547 21.0659 80.4692
1048 113.221 29.9857 92.6136
1049 107.149 0.796003 83.931
1050 110.238 0.132639 96.5392
1051 113.022 21.6045 73.0779
1052 104.255 24.8627 77.8056
1053 113.301 17.8871 92.4365
1054 104.768 0.819116 86.02
1055 109.798 0.148281 74.1369
1056 86.7803 20.3404 97.3132
1057 112.06 1.0053 93.2671
1058 96.8492 11.2173 103.515
1059 95.5501 0.277907 98.6258
1060 98.7346 11.8482 92.134
1061 112.607 10.8509 80.4321
1062 91.0167 12.7365 96.988
1063 98.716 15.04 104.609
1064 90.0831 0.254494 105.933
1065 113.135 7.4149 90.6307
1066 90.723 -0.0191075 119.017
1067 105.995 7.82448 120.202
1068 112.351 5.31673 120.163
1069 108.251 0.0791501 116.253
1070 90.7693 44.7705 -0.0936665
1071 93.3352 44.1425 8.57213
1072 96.9087 24.8046 3.47899
1073 101.749 39.4648 17.2766
1074 99.155 45.068 -0.233623
1075 99.5399 36.0212 -0.238735
1076 101.152 40.2869 20.1478
1077 104.666 42.5468 12.5845
1078 97.0741 19.0267 22.5986
1079 96.1797 39.6819 12.4572
1080 94.7145 38.105 31.4627
1081 113.453 40.8885 35.5132
1082 88.8512 39.6234 25.2398
1083 113.367 32.6023 27.4643
1084 103.866 19.8592 45.4903
1085 78.5701 54.8992 29.1105
1086 96.5029 50.0335 42.5612
1087 113.395 35.3772 35.0006
1088 104.213 36.5269 52.5261
1089 88.6423 25.4636 27.6918
1090 94.1052 32.4435 31.1316
1091 85.7824 27.0918 49.2237
1092 93.2952 23.2337 55.7108
1093 96.7226 26.4257 45.1447
1094 100.378 36.2079 52.4342
1095 113.314 32.6169 42.287
1096 98.0316 41.5606 56.6734
1097 106.571 21.349 46.8001
1098 98.4565 32.4716 51.5109
1099 113.195 26.5296 37.427
1100 90.5291 36.036 63.8448
1101 104.273 19.1079 52.54
1102 107.848 26.2789 65.3782
1103 104.999 21.2706 52.5204
1104 90.3529 39.3495 64.1285
1105 82.5227 40.2004 74.2631
1106 101.37 30.7667 78.7705
1107 98.7204 37.3756 61.3187
1108 96.4059 32.0682 70.0534
1109 112.981 37.5667 57.8066
1110 112.805 38.4268 73.0105
1111 104.37 46.1091 59.9311
1112 107.897 35.0709 70.3896
1113 98.2781 32.6892 59.0947
1114 82.3883 27.5309 81.7594
1115 90.6322 24.5366 66.3612
1116 113.017 39.4312 90.9141
1117 90.133 16.1667 76.7604
1118 112.896 51.0459 80.806
1119 84.5023 29.8242 85.2713
1120 90.703 35.5309 84.2569
1121 82.1545 43.0055 76.5447
1122 88.2738 32.9051 79.9349
1123 90.5733 51.7787 81.6634
1124 88.9874 31.2095 98.1237
1125 106.632 38.1909 91.6972
1126 90.6317 31.2792 94.2289
1127 90.6906 36.6469 109.555
1128 92.5951 25.0797 93.1395
1129 108.99 31.4511 120.309
1130 108.272 27.7589 120.248
1131 99.7298 47.4674 120.874
1132 102.053 40.9223 108.485
1133 114.237 36.0082 112.626
1134 112.108 32.4459 120.582
1135 100.92 35.9329 110.862
1136 93.7415 38.552 104.136
1137 96.3995 59.7897 19.4502
1138 101.843 42.9523 11.1329
1139 103.031 47.0608 -0.210449
1140 106.054 56.4846 12.9201
1141 113.437 60.4712 22.813
1142 105.097 63.7392 23.0417
1143 105.455 75.353 22.5636
1144 104.635 60.6384 22.5684
1145 89.0797 48.8853 15.4862
1146 113.668 51.8309 25.2271
1147 113.263 54.2329 23.3126
1148 97.3836 67.3488 20.1287
1149 94.0055 73.2985 13.9248
1150 89.2112 54.8835 25.5723
1151 90.6213 59.9179 23.951
1152 90.2731 51.7177 43.6943
1153 94.6031 56.727 36.3033
1154 102.587 63.5986 34.1777
1155 98.8633 60.5719 41.2941
1156 90.5591 51.4397 49.1152
1157 114.045 49.908 18.4844
1158 102.416 62.0315 51.8056
1159 99.8821 73.1619 43.111
1160 113.041 68.5398 60.6327
1161 112.951 60.33 52.5991
1162 92.4182 51.5924 47.4126
1163 84.2201 56.2955 60.2719
1164 100.771 61.5167 45.4673
1165 113.273 47.1834 55.7329
1166 85.0838 66.4022 37.8718
1167 113.306 65.5966 44.5241
1168 88.5724 51.4334 45.3583
1169 89.4148 53.0167 59.3319
1170 102.289 54.5824 81.969
1171 112.908 69.5575 78.3212
1172 113.173 59.9188 71.1452
1173 96.101 57.6038 72.7564
1174 86.5611 48.1689 61.5865
1175 94.5743 62.6375 84.5268
1176 100.197 77.7689 73.0225
1177 98.0091 63.6032 71.8444
1178 88.4928 70.4691 75.3865
1179 84.1877 60.0451 80.3986
1180 88.274 60.4334 65.4237
1181 98.2776 55.0716 66.5882
1182 97.9217 56.8403 74.271
1183 106.514 38.7315 99.834
1184 68.8465 63.3769 83.1008
1185 94.6469 50.4973 84.4814
1186 102.173 47.5565 81.936
1187 112.972 64.9958 85.8909
1188 112.93 61.9697 80.1616
1189 96.0277 59.6869 88.0194
1190 103.123 53.0461 74.7023
1191 104.296 60.9246 83.2209
1192 85.2415 51.1436 95.9936
1193 88.4901 60.1124 88.188
1194 88.4295 47.2074 85.7129
1195 113.319 58.6288 97.6899
1196 96.0483 72.2269 80.363
1197 92.4714 61.4259 100.793
1198 106.738 58.3421 100.636
1199 83.7403 68.6943 92.2826
1200 86.6237 54.1318 109.674
1201 86.0681 64.8411 120.626
1202 96.3506 41.8007 100.905
1203 107.706 59.9542 121.022
1204 96.0252 78.5637 104.289
1205 96.2355 57.393 120.342
1206 110.188 64.9449 120.29
1207 94.27 87.7366 -0.320314
1208 87.6765 67.8298 -0.267024
1209 102.23 86.2981 12.9626
1210 114.19 86.8753 19.7573
1211 83.3663 97.1034 9.14481
1212 114.134 78.7313 8.51926
1213 90.18 78.1751 -0.238201
1214 83.9056 70.0315 7.48458
1215 102.08 78.7183 9.69766
1216 106.338 87.7113 -0.129478
1217 113.523 83.6696 23.3095
1218 113.538 69.3635 20.3507
1219 99.1335 85.2224 31.6748
1220 85.3236 86.9907 18.093
1221 113.504 72.1103 37.7755
1222 114.181 82.0936 12.7448
1223 84.5228 94.2547 25.3661
1224 98.7704 91.1342 21.3737
1225 84.861 81.2566 15.582
1226 94.7299 78.5594 41.5298
1227 113.44 88.2343 32.5662
1228 94.1909 73.6931 41.4529
1229 98.4218 70.1597 46.5544
1230 86.2921 82.5274 46.3561
1231 77.4815 66.4985 42.6055
1232 113.38 80.9411 39.9261
1233 100.703 92.8078 37.5478
1234 100.38 78.627 52.8248
1235 102.295 74.9235 46.3229
1236 100.38 94.6618 65.211
1237 89.7353 76.8343 49.1399
1238 113.246 83.6358 47.9136
1239 94.5634 87.7121 54.2647
1240 90.5461 91.8135 59.3753
1241 102.226 78.7312 74.0766
1242 92.3564 67.3773 72.874
1243 94.3135 78.8359 43.8006
1244 92.3293 67.8907 58.0469
1245 112.818 88.4873 70.255
1246 112.826 59.0321 68.6205
1247 92.281 61.6685 70.4487
1248 113.054 87.5951 60.1917
1249 102.897 69.7888 79.0461
1250 102.149 72.4908 76.7968
1251 98.3338 82.4354 84.6007
1252 80.9224 82.9309 88.3784
1253 113.007 71.7979 80.1278
1254 84.1402 70.5988 73.0047
1255 102.783 75.7652 94.4782
1256 113.13 75.9376 80.3439
1257 92.4646 81.512 85.7556
1258 113.293 81.7785 79.3648
1259 93.3703 79.7507 95.8561
1260 101.013 86.1017 92.943
1261 113.246 91.9631 95.3971
1262 96.7727 84.7058 108.488
1263 98.2795 81.9169 106.796
1264 74.8502 73.1602 94.5411
1265 113.331 84.86 90.1651
1266 109.11 72.1111 115.381
1267 88.2833 69.6818 120.349
1268 114.21 73.0538 111.08
1269 92.2523 72.1241 120.554
1270 114.161 93.232 112.921
1271 114.289 79.8489 103.495
1272 94.1339 87.1629 120.528
1273 102.392 84.2594 100.095
1274 112.293 94.5182 120.632
1275 78.802 74.4049 112.029
1276 114.372 83.9039 106.563
1277 92.1876 81.9211 120.612
1278 92.246 66.6306 114.162
1279 98.5301 82.9631 109.033
1280 104.889 58.7555 120.203
1281 114.174 99.2576 4.09608
1282 99.9759 113.902 26.3615
1283 110.703 114.791 14.581
1284 114.214 97.8329 13.4929
1285 90.4917 100.138 11.4116
1286 108.145 93.1157 17.2547
1287 95.2867 100.91 28.7113
1288 97.092 96.7954 25.4368
1289 113.772 101.942 32.9993
1290 100.404 88.1175 20.4576
1291 93.292 103.26 15.6037
1292 82.936 95.5771 26.2653
1293 102.702 102.077 31.6943
1294 108.335 113.671 32.6199
1295 90.8945 113.364 43.5092
1296 98.378 103.53 36.3282
1297 93.6463 107.775 39.8927
1298 104.899 113.514 47.4003
1299 113.651 101.422 42.5963
1300 108.62 101.887 35.2347
1301 96.0344 101.808 15.4376
1302 91.8781 88.1827 35.3186
1303 108.56 114.546 49.9895
1304 113.431 93.4213 45.798
1305 113.131 108.328 47.635
1306 98.6561 113.506 51.045
1307 86.7657 95.4395 56.3002
1308 94.5828 103.444 49.1536
1309 108.432 108.015 60.2534
1310 88.5103 91.9321 57.6626
1311 90.6051 91.4733 89.5065
1312 104.045 92.6342 65.373
1313 107.495 113.399 61.4805
1314 98.244 113.553 81.5504
1315 104.758 97.5196 65.2339
1316 100.043 95.7312 67.9085
1317 113.095 100.695 84.68
1318 104.181 100.623 83.1237
1319 88.8055 96.2421 85.5995
1320 94.6174 79.4749 61.2867
1321 113.08 92.6097 75.1681
1322 112.885 93.835 79.8636
1323 112.815 112.894 84.9994
1324 113.277 85.1544 95.6334
1325 92.5412 100.613 98.4227
1326 107.172 91.7818 99.2816
1327 82.3746 83.7532 94.7774
1328 112.614 89.6497 120.518
1329 113.566 102.263 101.173
1330 99.4393 113.635 104.326
1331 86.9251 103.448 102.416
1332 85.4296 104.489 102.994
1333 82.1344 114.178 103.294
1334 100.129 101.47 113.368
1335 90.1697 100.551 104.742
1336 114.062 103.306 118.3
1337 114.395 65.966 104.207
1338 114.56 110.918 101.068
1339 100.894 111.898 108.538
1340 114.207 104.618 110.402
1341 94.1185 99.949 109.009
