0 9.3698 18.867 -0.118501
1 7.78232 -0.0121157 5.46097
2 11.5477 23.6157 15.0222
3 37.4179 0.145379 12.1979
4 27.3486 3.86291 -0.0967674
5 11.2458 13.6824 -0.230826
6 2.83312 5.82264 7.48102
7 14.2736 -0.0985074 14.2553
8 21.637 11.418 -0.0895483
9 -0.883831 14.9749 1.52753
10 6.73494 0.371959 28.6835
11 3.44391 18.5027 27.1202
12 5.34208 16.5007 17.0029
13 15.1506 0.59553 23.4976
14 25.7349 0.721815 24.0481
15 5.00413 17.175 30.9904
16 5.12583 18.6145 45.3335
17 25.6158 -0.795125 37.9016
18 5.33064 12.993 26.5449
19 14.1782 15.1038 33.6011
20 34.3305 1.39684 36.6339
21 5.85224 -0.0958887 1.81525
22 38.6736 17.1477 48.0961
23 17.3404 -1.49489 31.227
24 5.2272 37.508 52.2257
25 23.8563 4.96364 54.4574
26 27.567 25.5949 48.8845
27 4.88631 22.2026 57.0902
28 20.5227 14.9027 71.8492
29 36.7538 -0.412328 48.8381
30 4.56024 22.8533 62.4607
31 15.5956 0.812314 62.2512
32 32.6567 19.7097 44.2925
33 27.9645 19.4419 58.7972
34 4.66822 33.1293 71.2631
35 40.5789 29.6429 74.8246
36 38.2866 0.315137 65.9334
37 20.6266 29.1933 64.1286
38 35.6423 1.33316 76.6231
39 8.01278 0.235457 76.288
40 42.4726 6.37045 73.3534
41 4.38131 9.62523 79.1311
42 42.0637 7.20183 87.4329
43 25.3417 1.53286 79.9748
44 36.1426 -0.27584 91.1811
45 29.1183 0.808415 86.128
46 4.09914 5.14335 75.2189
47 35.1205 -0.273222 94.7117
48 26.0525 32.6181 93.687
49 21.5704 16.628 113.482
50 26.4723 10.2636 122.867
51 23.5879 21.1438 98.8514
52 -1.38163 15.9016 96.9088
53 20.8545 10.3703 81.7841
54 29.5388 1.34167 80.3564
55 13.7879 17.242 90.9645
56 18.6056 20.1786 99.3508
57 7.90763 16.8565 87.5276
58 1.81423 15.7703 99.5506
59 13.2998 28.2042 90.8002
60 -0.81294 15.8039 96.3986
61 16.1121 0.0189457 117.115
62 27.4612 15.1386 122.222
63 20.6105 8.5404 121.775
64 1.44934 0.321492 114.831
65 11.2143 8.7334 117.124
66 24.9419 46.8057 15.704
67 25.2723 45.8671 25.0313
68 19.2567 38.6514 6.99552
69 -0.9113 36.7223 2.00544
70 15.2677 31.6721 20.2287
71 -0.875642 46.4847 1.90101
72 25.551 31.1463 -0.209556
73 22.2291 29.6013 -0.221642
74 18.3969 46.3199 24.0427
75 3.36392 36.9989 29.1364
76 -0.924448 42.1465 12.7711
77 3.95117 40.4795 13.0499
78 5.33024 15.1786 28.2372
79 5.37296 33.1794 35.1867
80 22.913 23.5231 38.2943
81 11.4318 41.7519 40.5629
82 17.1528 34.6168 24.6559
83 5.07591 33.5636 54.5327
84 -0.621209 31.5133 20.4403
85 4.83994 26.0133 52.7248
86 37.1941 31.7651 46.9922
87 21.5924 37.8855 26.4564
88 25.7014 40.9124 59.6808
89 4.93048 22.5913 50.4797
90 32.1762 36.214 48.2099
91 16.9497 39.8479 67.3027
92 2.57195 35.3691 84.4923
93 15.2552 19.4209 53.3136
94 13.1387 24.4632 39.9739
95 34.5354 39.3482 54.8289
96 22.5897 41.8731 47.8879
97 24.0161 45.3023 49.0027
98 20.8823 18.1432 54.4122
99 4.92826 28.1356 57.4437
100 18.1127 17.0418 84.0328
101 4.68134 29.802 64.0591
102 4.47679 15.6829 76.4408
103 36.9113 50.6914 80.3661
104 36.963 37.7146 63.5295
105 4.77799 39.3333 71.5574
106 27.0156 35.3799 57.8119
107 16.6334 33.5359 77.0772
108 20.8083 22.3938 96.1765
109 46.9237 7.62813 80.9906
110 19.3062 44.1267 72.3005
111 4.41278 29.6353 80.8615
112 34.5968 33.3118 84.5659
113 2.09171 35.1363 101.275
114 19.9943 25.0116 105.265
115 21.2547 51.2675 102.727
116 21.1947 51.0018 80.5015
117 24.667 39.7422 82.687
118 2.12633 40.3712 93.4666
119 37.5867 47.6845 111.526
120 25.0534 17.6172 91.6171
121 1.40266 54.8239 101.506
122 22.0456 31.3421 99.2414
123 8.47596 38.2559 84.7877
124 17.8673 25.4622 106.973
125 18.1063 38.4148 109.313
126 24.0838 41.1586 114.81
127 22.313 44.6733 113.699
128 11.6639 39.3773 115.208
129 22.7851 46.3571 118.567
130 8.0494 36.1347 121.982
131 16.5734 46.1027 122.169
132 31.7154 17.7914 122.213
133 29.2522 32.622 117.786
134 32.556 61.3319 8.44984
135 10.0452 57.1492 0.166686
136 19.6582 67.5101 17.9789
137 29.2402 61.904 12.8209
138 1.78091 51.3662 18.9001
139 -1.03066 65.7462 13.341
140 22.8547 31.6932 25.757
141 -0.710073 53.0649 22.4312
142 -0.458599 57.5393 20.2191
143 8.31288 61.9378 17.7494
144 19.6035 42.0133 27.8406
145 23.6983 65.0641 22.8019
146 13.4714 60.655 11.1385
147 20.0792 63.9474 27.8354
148 2.41793 33.7413 24.05
149 41.827 53.106 29.6738
150 35.9701 50.0285 42.5888
151 -0.150209 55.9366 27.9812
152 4.56322 75.4 54.0485
153 32.1145 46.4447 29.3497
154 17.2584 66.9379 32.3133
155 16.2668 63.5885 40.0502
156 18.84 58.2605 36.1793
157 1.0129 53.1481 35.2647
158 17.9187 49.5496 38.9386
159 4.51762 70.7269 56.7325
160 20.3265 72.519 37.5062
161 16.681 68.0181 79.4443
162 16.3787 68.988 47.0327
163 4.93732 37.9638 57.5268
164 32.2296 64.8577 45.7205
165 23.4465 45.2734 57.9135
166 19.3983 62.9514 60.4108
167 2.67541 47.9214 36.0906
168 3.5694 60.241 72.4668
169 27.401 46.8233 67.5397
170 30.222 68.6097 80.4705
171 34.7988 58.8969 59.2109
172 3.30268 57.0432 75.3389
173 31.816 66.5313 90.4243
174 25.7466 19.8967 90.7434
175 0.804061 67.3578 91.2549
176 14.3285 57.0184 73.9481
177 29.3029 69.7054 77.7773
178 28.6454 35.2763 96.0754
179 27.7226 63.9406 77.4799
180 2.83725 50.5073 86.4273
181 1.22079 57.1569 100.219
182 2.97426 65.1123 96.9836
183 27.5873 50.4468 82.0994
184 17.1261 73.0585 99.0391
185 27.3647 44.7983 94.3117
186 -0.768226 50.1536 103.458
187 19.5147 72.7413 100.054
188 -0.613345 62.5011 103.716
189 12.173 63.0974 122.092
190 4.2578 53.7707 122.172
191 1.11713 67.5904 122.288
192 19.4314 66.2298 113.57
193 19.6684 69.8851 122.45
194 -0.693943 55.0214 110.81
195 7.46786 57.4639 122.458
196 20.4761 48.5826 122.026
197 23.5335 47.1267 115.371
198 28.7077 63.4368 122.297
199 -0.589166 68.7253 8.54576
200 -0.659406 88.7484 8.66152
201 15.1709 78.5851 20.9183
202 22.1599 79.2477 14.2194
203 23.5747 81.0169 6.39386
204 18.0654 84.4007 0.151028
205 10.0102 77.1224 -0.0236078
206 23.8334 78.9049 3.41716
207 2.15905 75.7112 11.7321
208 19.3065 63.3674 -0.510002
209 -0.219712 82.4511 34.8857
210 35.5503 66.3528 33.0323
211 11.3318 88.1425 13.9487
212 28.7191 79.0291 22.5465
213 19.8724 73.5742 25.2092
214 7.51583 65.8464 29.3036
215 33.3549 73.9893 20.2932
216 15.0605 82.7347 18.7243
217 10.7008 71.6534 26.4824
218 8.98031 88.1645 35.1126
219 19.5467 74.92 26.4951
220 0.40172 70.4429 35.0418
221 19.3631 79.5605 33.9166
222 22.5092 65.5034 48.804
223 -0.298779 91.4371 25.2288
224 15.845 82.349 38.2999
225 20.2781 87.1699 37.6681
226 25.1124 76.5133 37.0797
227 15.8546 81.2845 28.098
228 24.6954 65.3689 44.7536
229 2.74321 80.4625 53.1967
230 15.4575 92.3899 56.539
231 18.2796 76.6569 46.7981
232 5.52294 102.908 80.0799
233 32.1071 84.3828 55.5544
234 32.0764 56.4598 40.0565
235 17.0122 49.6259 63.2337
236 4.77266 74.6038 71.2222
237 15.3422 80.2292 56.3739
238 4.60964 72.8306 78.4909
239 5.03038 58.1045 64.7221
240 4.70028 60.2113 52.374
241 31.8276 59.3436 60.031
242 28.6995 76.5749 65.4809
243 20.5466 71.8788 69.6388
244 30.8052 102.689 77.0525
245 4.97154 87.7674 73.3001
246 27.3536 91.2561 71.4867
247 23.8675 59.1214 77.271
248 18.8879 105.36 61.9118
249 3.69777 85.7018 56.6131
250 28.8729 74.9859 62.6253
251 4.69078 83.972 74.323
252 23.0294 67.1807 89.8879
253 18.7717 93.7285 82.4223
254 10.2957 68.7339 75.9139
255 18.937 83.408 87.2484
256 22.7133 87.514 90.0461
257 21.5129 79.1388 93.7287
258 18.088 98.2706 99.0683
259 4.1865 82.1757 91.2364
260 4.67509 75.9502 66.961
261 4.54178 83.3503 66.7809
262 14.0633 83.6041 99.4173
263 18.4197 77.7278 80.446
264 6.51128 70.3542 95.4748
265 1.66723 70.7225 91.0448
266 30.9872 84.9312 102.037
267 -0.774669 78.107 100.799
268 35.6694 89.6316 88.5142
269 21.8866 72.6707 107.132
270 -0.515819 74.9635 103.803
271 18.1079 86.5259 113.556
272 20.7929 77.9988 122.269
273 -0.49389 72.5364 119.48
274 4.81099 86.6957 117.167
275 19.6309 74.269 105.365
276 24.9753 72.4125 105.474
277 40.6599 83.1426 122.174
278 26.3003 111.977 -0.0549938
279 29.5816 100.617 -0.312797
280 18.7072 92.0886 0.0322506
281 3.13931 113.719 9.22213
282 19.607 114.742 4.27563
283 1.24147 97.7096 -0.165075
284 30.4918 90.4376 36.086
285 -0.766188 95.1806 15.2098
286 18.5697 99.9013 -0.250123
287 34.6155 85.7486 24.0152
288 11.0008 113.323 39.1607
289 5.39432 106.661 12.2478
290 -0.796064 104.946 22.4144
291 15.9723 114.016 10.3746
292 -0.689149 97.0299 18.2377
293 32.6615 115.015 44.1036
294 23.8726 104.666 37.6517
295 9.1923 113.993 9.42931
296 23.9554 108.021 -0.931044
297 52.0854 87.6969 25.0377
298 28.9997 114.07 49.5732
299 23.6396 97.9395 36.196
300 13.2144 108.75 50.1402
301 1.29647 103.207 31.4063
302 7.8953 88.1186 53.6413
303 14.0832 113.202 44.6401
304 6.80272 113.329 31.4011
305 37.1361 110.12 33.6906
306 23.3342 114.191 27.1465
307 14.751 97.2517 23.615
308 32.2645 114.889 31.4373
309 4.17205 112.072 38.1574
310 9.17712 114.258 30.1705
311 10.8022 93.9132 41.0004
312 26.0222 89.5052 38.3125
313 29.6568 115.332 39.6825
314 0.38672 83.0182 37.6921
315 17.5895 113.31 93.0193
316 23.2297 104.953 61.2155
317 4.23861 109.34 65.9951
318 13.8062 113.815 57.2943
319 20.0405 92.5432 68.8408
320 27.5368 114.874 81.7234
321 22.2026 98.2573 99.0655
322 40.0878 113.128 93.322
323 14.1175 113.872 59.0967
324 24.3673 113.658 102.317
325 22.5375 80.7581 85.2078
326 5.63949 111.463 82.2611
327 5.30885 90.8607 87.5746
328 29.4217 101.818 80.0835
329 26.5351 97.5076 116.037
330 24.6104 97.9374 70.629
331 26.4299 113.327 98.6034
332 6.91841 101.449 111.69
333 12.0343 114.754 90.7672
334 8.26535 113.85 102.488
335 -0.577445 107.274 110.752
336 1.03459 114.491 110.637
337 19.4669 104.377 104.347
338 26.0601 114.729 121.278
339 31.7428 109.34 122.348
340 -0.511742 102.007 110.66
341 16.7655 105.632 121.96
342 -0.935519 110.741 106.016
343 36.791 13.9565 8.18976
344 26.4898 4.66874 7.09991
345 51.3396 -0.174922 8.90563
346 45.757 16.3189 -0.0246536
347 58.7585 -0.130019 14.2066
348 44.7971 21.5416 1.2056
349 34.5451 12.6846 -0.0590795
350 47.563 20.4901 8.24573
351 40.9247 26.1965 8.10593
352 29.8019 0.085516 14.6273
353 58.687 0.449266 21.896
354 31.5551 0.607767 19.7818
355 46.4702 0.956559 29.7033
356 46.8319 1.09268 31.648
357 41.4756 25.3241 46.8104
358 33.8318 26.1247 11.2745
359 56.6365 0.370865 18.2647
360 32.6792 23.176 25.0247
361 38.006 1.51797 38.4698
362 31.3108 19.004 41.0599
363 63.5906 12.2971 47.9109
364 47.6887 16.851 48.7601
365 40.9324 1.30481 42.3082
366 39.0618 -0.222922 57.4114
367 33.8893 17.7101 28.4899
368 38.8673 -0.272386 51.5899
369 44.3518 0.78849 69.3559
370 34.8915 14.3683 60.6556
371 37.7363 20.7378 52.7502
372 35.1233 11.883 60.8018
373 51.401 21.4463 53.2117
374 34.7946 -0.0739323 52.7327
375 62.176 20.2448 66.462
376 50.1579 20.4312 78.1214
377 47.4736 -0.667187 80.5275
378 49.7209 20.1851 89.3559
379 32.1285 10.915 85.1341
380 36.8824 0.746911 79.5815
381 82.402 -0.686815 91.1562
382 45.2311 38.9537 87.7882
383 47.9078 20.9846 92.0561
384 55.3008 18.3569 90.2307
385 35.6877 -0.224591 97.9334
386 30.086 -0.583857 92.9855
387 54.5292 -0.919999 91.1937
388 20.9175 1.79715 86.6646
389 28.4981 27.2481 103.189
390 50.4268 21.9965 99.4958
391 47.6372 21.9682 105.073
392 40.6252 -0.304834 96.4256
393 53.3679 12.6563 122.291
394 39.4964 5.24114 122.329
395 39.5459 15.1357 122.476
396 43.0906 14.2817 118.574
397 36.1748 1.33617 121.949
398 37.4835 -0.166302 115.337
399 43.7027 17.5108 105.231
400 55.8186 12.4029 122.156
401 44.5898 8.96779 122.05
402 30.3573 32.4969 -0.0414141
403 33.4582 42.9845 18.2138
404 33.3683 41.5049 -0.597589
405 47.624 35.9082 -0.463579
406 53.5407 41.3441 -0.398785
407 45.7066 35.7005 14.4953
408 23.446 48.5554 6.8406
409 45.4729 30.463 11.7418
410 31.3539 28.7326 -0.256933
411 51.5045 39.0435 -0.366897
412 32.1992 44.4584 3.52404
413 37.4649 45.6125 7.81874
414 53.1146 44.4408 22.792
415 27.5795 39.1479 20.6959
416 55.9281 48.5241 33.262
417 49.81 56.3794 20.6934
418 25.4783 40.2727 19.1142
419 35.7644 33.3705 29.9201
420 29.4601 51.5542 17.2364
421 45.0396 0.574667 25.8626
422 33.7871 23.4235 52.3337
423 57.4945 28.6691 41.4635
424 57.215 41.9026 15.6387
425 49.6529 27.6393 23.6931
426 65.0007 26.3999 39.5702
427 63.7412 23.6481 37.3328
428 45.2258 42.0432 22.6201
429 51.9074 38.1654 37.8315
430 35.8038 44.9673 35.2607
431 61.7024 22.2013 39.6869
432 21.7594 30.4411 35.2745
433 56.0723 26.2858 41.3423
434 41.799 35.1535 61.6006
435 35.905 18.6766 51.0871
436 49.2112 55.1598 77.6061
437 39.6116 21.5426 56.1295
438 53.7748 60.9265 80.4114
439 32.0097 38.4598 63.1393
440 57.2991 59.6363 74.6027
441 40.9915 44.8412 65.8227
442 47.5965 22.7942 73.3749
443 30.6855 26.7847 64.1929
444 36.6848 39.3954 82.5721
445 36.4429 34.9455 65.9425
446 51.5281 30.4115 70.0971
447 53.43 31.4201 60.933
448 52.0966 20.7091 77.8722
449 37.1934 40.0601 66.5442
450 41.1478 40.4279 63.4056
451 42.3876 35.0694 76.5077
452 48.8461 50.4541 76.9936
453 45.9387 38.8757 73.9048
454 29.2871 36.9186 74.39
455 57.6506 26.8896 80.1402
456 18.5562 34.3605 67.4059
457 59.5018 30.4133 67.7253
458 39.9486 15.377 73.5429
459 29.6673 69.1694 93.4073
460 67.8319 44.4255 81.2173
461 46.7971 40.4156 66.4076
462 45.4387 35.044 90.0886
463 48.7483 46.4639 84.0674
464 49.5448 52.6425 80.9697
465 36.4533 35.539 97.2132
466 59.8951 17.8701 96.9011
467 43.9138 20.3548 100.818
468 40.1192 49.3129 97.3062
469 47.4448 23.4282 99.67
470 24.1057 43.7963 115.002
471 39.2179 46.8086 99.5072
472 51.6272 38.8797 113.168
473 40.8798 39.9244 117.44
474 31.667 27.6163 122.465
475 40.6185 28.7091 122.001
476 50.3356 49.78 106.981
477 53.6874 46.4641 112.901
478 56.6405 28.4985 121.899
479 43.242 44.9638 108.613
480 33.9106 55.0998 0.0336452
481 46.1203 51.8514 14.1136
482 54.4849 69.7161 0.125301
483 41.4792 58.1268 21.8205
484 33.3628 36.2577 29.3258
485 15.4993 53.4613 17.8557
486 42.9309 56.0457 24.0299
487 39.5658 70.1671 18.8267
488 59.9689 58.6605 33.1996
489 58.0979 67.3864 26.4732
490 41.5244 61.2694 17.5093
491 51.7209 72.061 23.5031
492 57.9169 57.8005 22.0486
493 56.9488 58.1405 64.014
494 40.8068 43.7326 27.3556
495 33.8208 46.9935 31.7371
496 55.046 59.4435 33.1068
497 39.861 67.0342 30.8842
498 21.8495 67.9832 46.93
499 29.4598 74.0413 24.4726
500 35.0218 62.2145 53.164
501 30.8394 56.179 59.3204
502 38.0229 50.6492 41.1821
503 39.9417 52.8213 55.0803
504 41.56 57.4565 51.3357
505 34.6054 54.4911 38.5877
506 62.1775 82.8055 64.6127
507 43.8328 55.7741 62.5957
508 30.2931 53.588 66.543
509 51.9334 62.6621 81.4699
510 36.9495 56.9298 69.9548
511 40.7808 65.7813 83.5479
512 45.8623 54.1786 61.3494
513 21.8032 55.8505 61.2613
514 33.8751 67.3932 89.3944
515 42.0097 63.7221 80.6465
516 41.4 78.5771 86.2474
517 54.3092 67.5889 88.6438
518 45.779 64.7933 75.4209
519 51.0964 57.4192 93.6831
520 40.1437 67.7957 81.6266
521 59.1089 60.9767 95.3562
522 63.0165 49.5911 62.7949
523 50.6625 69.2224 68.2629
524 24.4699 42.2023 86.6087
525 35.9673 62.4208 122.533
526 31.4563 60.2357 107.119
527 71.5651 65.6899 98.8427
528 41.6568 79.0306 101.09
529 29.6798 57.1375 108.579
530 48.5409 63.4887 95.4894
531 31.5457 62.4135 122.597
532 35.7366 67.0592 112.4
533 49.0619 65.7999 122.117
534 27.0071 53.1336 102.335
535 45.6123 60.9323 110.11
536 56.5175 49.5251 117.386
537 41.4816 88.1446 -0.110412
538 45.6864 83.3002 -0.27265
539 37.8937 71.8674 19.2868
540 49.9483 56.1212 16.9794
541 54.9089 87.2872 9.13043
542 25.0285 79.7675 12.8006
543 27.3757 73.144 -0.539911
544 44.0571 57.8549 18.2096
545 44.0065 89.2974 30.9835
546 53.2107 74.8165 24.9474
547 37.7475 105.641 17.0567
548 35.9093 88.9092 27.5024
549 47.7512 73.3813 17.815
550 56.2526 74.3283 27.4717
551 43.2586 93.3088 25.3896
552 39.9243 101.505 27.2013
553 38.3113 100.063 30.1987
554 51.8717 74.423 23.3858
555 57.4031 58.0043 32.2217
556 15.8466 57.2073 35.1176
557 35.8509 78.5314 36.1326
558 45.9103 88.5094 31.8466
559 67.8852 69.8017 23.3012
560 30.4272 81.6194 46.4115
561 39.5773 80.2321 42.7758
562 50.1256 64.8105 34.2193
563 63.8016 102.857 20.832
564 44.1618 72.5358 45.1163
565 64.6571 71.9297 34.5784
566 29.3908 90.3214 46.65
567 52.1965 96.0218 38.7738
568 58.0196 89.2228 73.9418
569 41.2088 83.5944 41.4999
570 55.0948 82.71 52.0955
571 28.1021 50.4662 41.7542
572 60.3257 73.1868 44.4189
573 52.5823 94.693 36.5805
574 40.7377 52.8687 39.1058
575 32.5629 70.0193 52.8668
576 43.9022 60.7065 50.0844
577 20.6171 82.2888 49.512
578 33.6267 82.3182 39.3087
579 54.3291 97.2756 67.3667
580 67.0481 92.6683 63.3746
581 55.5763 76.9127 76.5937
582 31.5572 79.6731 68.8672
583 59.9462 74.8032 66.4235
584 25.9855 77.2956 65.2479
585 37.7389 84.4904 74.6042
586 34.1926 86.6452 76.8667
587 54.7319 69.1283 101.576
588 18.4775 72.4824 83.0328
589 27.8769 83.2763 102.897
590 42.9905 76.7496 73.4604
591 49.9309 66.8052 93.4501
592 62.8881 78.6502 88.8601
593 53.0551 79.1939 77.7137
594 19.2347 78.0076 69.826
595 38.2104 43.7383 98.4558
596 46.5678 74.926 101.173
597 35.8119 74.1399 115.846
598 35.6575 70.6846 99.2426
599 65.4003 81.0975 97.3412
600 53.9888 72.4954 88.3855
601 50.719 89.5163 100.062
602 54.0282 73.8606 105.131
603 48.9731 100.412 107.63
604 71.2673 82.7249 92.8551
605 38.3619 79.9872 89.5865
606 65.1674 74.2257 94.6358
607 50.8092 61.72 101.626
608 46.3678 74.8513 87.3061
609 34.0592 75.6564 117.82
610 42.2415 94.685 108.916
611 56.2278 80.5168 114.747
612 45.3918 93.8986 108.499
613 42.3922 74.7863 116.035
614 42.2429 77.7468 116.233
615 64.8079 78.0666 122.292
616 35.474 102.84 -0.145708
617 36.3012 113.537 0.712212
618 54.8385 114.759 2.03774
619 30.3456 91.7619 14.1293
620 51.2613 114.004 5.24053
621 42.5669 102.162 -0.013205
622 59.4228 103.732 20.5839
623 44.5375 114.364 10.4855
624 43.9315 95.4042 22.0015
625 30.397 114.687 2.12313
626 41.1386 99.8308 11.0049
627 31.966 114.018 22.6039
628 48.3421 79.0779 34.4201
629 27.1477 112.43 43.0002
630 22.7248 114.059 6.599
631 27.5922 81.2364 20.5365
632 19.199 102.819 25.6326
633 40.0431 114.743 29.6919
634 35.6764 90.8433 28.5134
635 15.5 114.483 30.2347
636 70.1877 114.106 19.4235
637 27.0189 90.0111 21.7644
638 57.9216 114.772 29.478
639 47.8706 114.934 29.3846
640 60.8073 111.81 66.4721
641 45.8157 88.5416 35.8007
642 60.5454 114.621 58.7178
643 27.6718 114.474 30.2629
644 57.623 102.45 45.5318
645 40.1259 115.22 49.4716
646 39.2305 104.789 42.2764
647 48.3973 104.317 29.5785
648 19.7024 114.178 48.1258
649 47.0224 110.972 74.0539
650 41.2593 114.097 66.8255
651 31.2606 114.56 74.7053
652 50.8598 87.7902 74.7757
653 63.9644 115.659 42.7018
654 29.7675 107.662 58.9036
655 33.242 99.8198 75.5238
656 68.6564 97.4285 71.2908
657 28.613 79.9427 78.7631
658 37.3813 91.4148 85.8494
659 41.8188 111.589 83.3728
660 13.6264 99.6349 92.2803
661 48.0042 113.046 92.8767
662 49.8645 112.996 88.9941
663 44.0802 112.393 68.7008
664 39.6451 111.746 87.2122
665 37.509 101.351 100.837
666 44.9524 112.93 92.7594
667 54.7726 90.1433 63.5543
668 38.9426 113.9 100.891
669 45.1955 104.861 66.2032
670 50.686 90.3524 74.6511
671 27.8473 112.586 85.7431
672 32.6943 101.088 107.963
673 45.8099 113.399 97.369
674 39.7633 93.614 105.505
675 42.6331 91.5525 99.4686
676 51.3797 93.5946 97.1858
677 33.7692 113.527 101.308
678 65.7731 96.1062 93.6931
679 28.5615 114.212 109.912
680 33.6103 87.194 122.537
681 48.8189 95.8161 107.955
682 40.7269 104.788 119.335
683 43.6292 87.0249 122.514
684 48.1954 114.558 118.83
685 24.9854 105.619 121.823
686 20.7281 114.208 116.816
687 41.8671 109.573 122.285
688 64.0822 101.052 109.614
689 57.7548 96.8419 122.086
690 50.7642 113.999 113.4
691 68.8077 0.0541085 4.15075
692 70.6687 15.1777 0.101972
693 83.6841 16.0348 11.281
694 83.8887 25.4736 7.73081
695 61.806 13.7778 -0.259326
696 55.8326 22.5523 22.5413
697 60.4911 -0.553503 9.11563
698 73.9699 20.1863 16.0597
699 62.2538 21.5437 11.7857
700 64.8659 1.01442 32.984
701 69.8562 0.605767 23.373
702 79.6777 0.247983 19.3415
703 65.6732 5.5348 15.457
704 85.8916 10.246 31.3464
705 75.2526 10.1632 -0.0782369
706 57.3657 19.1911 32.4547
707 71.2533 16.3998 36.1882
708 88.3524 31.1899 41.3761
709 88.1361 34.4005 47.3101
710 59.3485 29.2771 40.6414
711 56.7206 1.02141 33.2917
712 50.7521 17.8044 50.8157
713 63.6235 2.24401 52.5295
714 77.5032 33.3826 34.0159
715 54.992 11.6096 50.2258
716 53.5129 25.2066 34.9628
717 58.9312 2.20918 51.4204
718 83.1185 25.9685 52.9141
719 52.8975 -1.082 82.5958
720 79.45 21.4257 83.8732
721 86.9173 -0.35511 76.7235
722 64.5612 0.0659656 59.6319
723 70.8607 -1.2193 72.7565
724 65.9912 -1.43736 67.0022
725 66.2741 28.9806 68.0282
726 56.1722 8.73167 74.0826
727 71.3083 8.99046 83.9214
728 55.2842 17.5688 87.6199
729 87.7552 0.290536 101.532
730 67.3854 12.4711 86.2022
731 44.5061 -1.22333 87.477
732 91.018 0.379176 106.574
733 74.4855 0.123032 114.013
734 89.3641 0.208431 112.046
735 87.7856 20.0857 122.682
736 84.5792 29.9528 117.344
737 59.3125 22.6712 108.963
738 67.3193 -0.0600475 108.544
739 90.1907 17.4812 97.4713
740 67.052 27.5405 123.157
741 61.6167 12.7555 122.346
742 70.0739 10.6133 111.111
743 87.1715 18.0038 108.758
744 56.9261 1.42181 122.065
745 80.6218 6.2327 122.034
746 63.9231 -0.0674631 104.862
747 63.8439 14.9845 122.345
748 75.784 26.4587 -0.54642
749 73.8555 43.5279 -0.343082
750 96.1842 43.4351 -0.828117
751 81.929 32.4154 15.8629
752 71.6903 31.2008 -0.501885
753 61.7648 23.8591 -0.442384
754 73.4936 56.8971 24.3152
755 48.4366 59.648 31.8868
756 51.4945 38.86 25.7873
757 42.1747 21.3856 18.5838
758 75.7503 24.0509 24.4424
759 67.7443 36.1902 28.6467
760 53.9131 29.3169 43.6045
761 69.8237 29.7961 31.4839
762 65.8309 31.4097 36.4406
763 70.1635 22.453 59.3466
764 80.1943 58.6666 20.3965
765 72.3212 31.7792 55.7129
766 67.6921 42.9969 52.9905
767 62.7359 52.714 45.5992
768 88.0455 8.95198 57.5663
769 96.2083 48.8103 36.1771
770 83.4747 49.7294 64.4978
771 81.6752 20.4532 51.0485
772 81.1801 31.3256 65.8278
773 85.0715 30.6035 73.6693
774 72.1198 42.3679 73.6622
775 59.8019 19.3405 40.0397
776 61.8734 26.6812 67.9013
777 75.103 37.8764 74.1733
778 83.0321 36.2846 76.3519
779 86.9252 28.9913 59.8855
780 69.9091 26.8152 56.1104
781 72.3077 30.3918 84.3314
782 66.9084 42.9549 65.1616
783 66.1847 43.5584 90.0605
784 76.1899 18.2756 81.3675
785 74.3763 28.9145 82.7108
786 55.1613 22.2068 78.6789
787 77.273 39.3835 86.8613
788 54.9402 47.3062 100.057
789 61.6662 54.5877 89.7622
790 75.55 31.7719 83.598
791 83.2012 50.9001 79.324
792 55.548 40.535 79.0196
793 62.7498 19.0048 76.7508
794 52.7976 18.4796 100.732
795 51.3425 42.0091 104.592
796 62.0055 37.0044 118.904
797 99.5691 20.9031 96.5321
798 83.4149 44.7565 101.432
799 52.476 55.7444 88.9476
800 87.4914 30.9821 102.153
801 89.6685 20.951 92.2763
802 76.4121 25.5272 84.3404
803 53.0032 46.2655 91.562
804 53.4487 35.0334 122.187
805 72.4948 31.2792 122.082
806 49.0514 30.2536 98.3833
807 71.879 29.346 109.065
808 57.0464 33.5833 107.818
809 80.2663 32.2809 122.45
810 78.9719 44.9059 -0.109276
811 67.704 53.5346 -0.435062
812 75.7525 53.6394 -0.487501
813 61.3063 56.8035 22.6604
814 59.874 59.9277 12.2994
815 69.1684 52.6282 5.63762
816 72.0797 63.7826 17.2061
817 90.5077 65.5178 18.5459
818 71.3216 57.6231 7.56962
819 77.7672 60.2114 7.65071
820 83.3051 46.8121 13.7242
821 63.548 53.7233 13.9814
822 53.8472 57.9499 25.847
823 48.1834 65.9786 32.3924
824 52.0461 80.6744 25.1727
825 56.1929 62.0817 35.2088
826 59.5953 58.0875 14.451
827 61.7923 55.6132 14.7929
828 75.487 70.7934 47.2575
829 82.5611 62.9366 33.6158
830 87.4497 64.1805 46.4372
831 81.1946 38.724 46.7766
832 52.1497 64.7461 30.5638
833 76.5689 53.0322 25.197
834 72.086 66.34 32.5083
835 70.2478 77.2506 23.3591
836 80.211 59.4434 22.9695
837 86.6932 44.6665 50.4436
838 74.1028 61.3598 36.3956
839 76.3989 46.9557 74.7009
840 66.9495 67.0838 46.4295
841 66.9405 71.2043 55.3394
842 59.2244 48.3482 60.0982
843 55.5867 51.5316 73.9892
844 67.3837 64.057 69.7112
845 83.7516 56.7553 50.73
846 75.5167 55.9614 64.2805
847 62.3338 64.3637 68.2696
848 79.174 62.6516 53.573
849 70.1431 44.5685 75.3067
850 88.0726 61.9366 95.9859
851 76.2704 56.872 73.8993
852 83.0241 56.8093 94.2429
853 56.1592 54.1101 64.6734
854 72.5738 44.9868 61.4334
855 74.8854 41.7542 74.9278
856 65.9215 46.1097 90.0124
857 67.6255 52.5082 88.6537
858 85.5448 63.2627 95.5526
859 74.3339 37.3468 99.6458
860 63.8438 68.0417 100.47
861 72.1162 50.9796 106.036
862 73.2386 67.0644 105.279
863 68.5022 45.008 112.261
864 67.3296 46.6825 88.5466
865 87.9471 47.9312 107.268
866 60.9865 61.6828 93.9953
867 66.6132 65.1648 101.947
868 89.3324 63.1389 112.631
869 91.1856 55.18 108.824
870 84.9533 45.8306 122.051
871 68.6669 65.6097 121.991
872 73.9907 59.7435 122.213
873 89.886 65.1604 107.727
874 92.1567 59.7828 122.38
875 84.1298 54.6729 122.386
876 84.2951 82.8798 7.79909
877 67.9684 72.0102 8.61828
878 91.0792 84.4448 -0.00138289
879 64.3622 91.3774 15.614
880 65.9352 90.6113 -0.267985
881 68.1776 80.709 -0.626815
882 62.0025 84.9857 11.6144
883 69.6732 71.0917 10.3825
884 65.9975 73.6021 -0.36199
885 66.9399 95.8111 11.7143
886 63.2109 96.6276 20.8971
887 65.9209 69.5304 8.8164
888 89.3407 65.6757 8.01973
889 67.5887 73.1132 18.5253
890 99.4912 92.521 32.931
891 68.2362 93.8643 8.61888
892 60.5421 61.325 39.6473
893 68.0021 68.2495 25.6108
894 87.2528 75.0683 36.8337
895 74.0494 66.4075 24.4432
896 91.3887 67.7329 29.1223
897 90.697 71.9918 47.8402
898 81.8265 89.2891 15.7456
899 62.1988 62.1475 26.9499
900 79.0414 88.1495 50.6633
901 78.4569 104.695 33.1258
902 55.658 92.9844 60.6158
903 62.6808 94.2412 72.1839
904 72.5202 90.7724 44.0728
905 83.624 74.9179 60.9718
906 58.5241 98.4327 69.7727
907 81.4304 79.2842 73.0801
908 50.3129 80.9549 46.604
909 65.1158 91.8097 68.5579
910 70.9097 87.8447 40.0435
911 83.0989 59.4474 93.7458
912 53.726 74.5404 75.0892
913 72.7024 84.6238 65.7441
914 75.0738 77.1844 53.5084
915 92.0638 88.0699 70.7197
916 47.0226 79.1537 72.6267
917 69.4862 34.17 80.0823
918 63.8336 104.75 91.1009
919 69.9541 76.0015 82.3724
920 76.3729 68.8743 85.89
921 75.3751 92.8346 70.989
922 73.3731 65.9296 81.5243
923 67.7328 73.8216 101.46
924 63.1418 79.793 91.3462
925 64.9507 90.9039 107.953
926 45.4034 69.5745 85.7451
927 69.4732 68.2214 102.5
928 65.3375 82.0524 112.432
929 81.1756 70.8273 122.145
930 59.9873 81.9814 122.354
931 72.0751 76.8352 122.253
932 88.9484 73.3138 122.271
933 77.8097 72.342 122.318
934 71.9068 79.8443 122.414
935 61.5042 89.421 122.182
936 66.045 78.3541 102.844
937 60.3978 88.5885 108.198
938 86.9008 97.0359 7.3787
939 59.8845 97.4558 11.1108
940 51.7175 98.4495 9.8116
941 75.9494 90.5465 -0.176132
942 79.4285 100.038 30.3606
943 75.7168 114.095 12.3139
944 76.4505 114.475 33.753
945 68.2217 96.2909 34.6704
946 75.7318 114.543 7.96587
947 62.0567 114.369 26.0198
948 64.0892 103.473 10.329
949 37.6554 102.411 22.1482
950 60.1286 95.622 31.9441
951 78.2764 114.329 19.0918
952 61.9907 114.017 60.7311
953 59.8796 86.1906 30.8635
954 81.1628 97.5167 27.0096
955 62.8528 95.9244 54.1868
956 69.0809 98.8355 45.7254
957 72.7316 113.607 60.9272
958 59.4654 111.006 69.446
959 86.9837 87.7151 47.0084
960 60.7982 86.1888 46.52
961 63.2329 90.6439 62.9323
962 88.8728 113.825 60.5061
963 56.3824 114.784 36.1516
964 46.4791 80.3586 51.6882
965 77.1757 88.6176 42.6805
966 55.0597 103.196 59.9228
967 55.0823 116.094 52.3018
968 71.8815 102.542 44.1015
969 73.6233 99.0459 61.7942
970 89.7501 93.435 73.9402
971 65.7415 112.88 69.0868
972 71.3125 114.102 51.6788
973 87.107 96.0984 66.0477
974 60.7549 116.241 48.4491
975 73.294 81.1966 78.5072
976 84.1072 112.701 82.9803
977 87.1592 103.194 61.9026
978 71.5971 79.6533 90.7595
979 68.8683 95.2876 76.9281
980 66.9813 93.5123 87.7284
981 69.8822 112.177 82.6098
982 51.8874 112.077 74.5162
983 81.9906 113.43 80.008
984 57.9054 100.859 85.229
985 72.9412 113.543 64.8136
986 84.9084 113.903 116.964
987 59.5457 108.291 96.7405
988 65.5736 94.7477 91.4646
989 74.7229 112.601 91.2286
990 56.3001 101.868 92.8656
991 92.2467 113.655 100.193
992 72.2203 87.5198 95.7443
993 67.6651 114.042 112.695
994 63.1098 81.9127 96.6558
995 71.0489 113.281 98.5583
996 55.747 91.8158 96.7425
997 66.8552 113.028 91.3898
998 69.0715 100.391 121.887
999 60.8834 113.975 117.026
1000 81.7926 104.464 122.187
1001 62.0903 102.016 122.408
1002 105.074 81.0359 122.163
1003 68.5161 95.6395 122.154
1004 80.1762 114.117 108.63
1005 57.7422 106.91 107.865
1006 92.0738 99.4813 111.415
1007 60.5594 100.625 122.016
1008 114.087 21.1117 6.11458
1009 102.056 15.2699 8.40809
1010 94.8338 24.1103 4.59313
1011 105.562 13.5749 8.01292
1012 93.2992 0.924307 0.673829
1013 97.9611 7.58676 12.3315
1014 78.3267 18.7148 18.5322
1015 87.8246 12.1159 23.8965
1016 113.851 1.75951 14.8191
1017 92.9353 0.177402 17.9895
1018 93.1156 10.0438 10.711
1019 80.3892 0.500931 25.7848
1020 84.1225 0.683092 30.5413
1021 86.4544 15.3762 14.4255
1022 100.679 8.98763 20.3003
1023 98.1472 15.9082 37.4876
1024 108.316 2.95639 29.8303
1025 98.6565 34.1271 35.8493
1026 92.1502 18.6016 37.2331
1027 99.3881 14.851 33.7151
1028 99.8456 -1.11745 30.4327
1029 108.425 17.1402 52.0454
1030 86.4159 30.7134 65.7871
1031 89.9864 0.340219 66.584
1032 106.132 -0.567526 64.079
1033 92.1607 14.0191 45.1549
1034 108.229 11.77 43.2659
1035 99.0118 -0.26549 51.2334
1036 108.68 35.0101 56.7047
1037 79.8846 17.0949 52.3225
1038 102.53 11.4033 60.6275
1039 96.4577 -0.687833 88.349
1040 109.062 19.3714 74.0538
1041 97.1365 0.958856 81.4633
1042 104.14 -0.0935959 71.0729
1043 91.2373 -0.0903464 75.6175
1044 108.729 3.42046 84.041
1045 92.699 29.8494 66.6934
1046 105.738 0.593175 89.7268
1047 82.7425 19.7232 75.1604
1048 109.097 23.3965 73.1144
1049 104.677 -0.217403 95.5287
1050 110.472 1.02057 98.8929
1051 109.712 12.4682 90.331
1052 109.256 27.8145 76.5927
1053 110.023 23.1188 95.6316
1054 109.04 7.54473 83.3749
1055 104.877 0.0443854 75.2693
1056 82.6339 31.6462 97.2534
1057 110.458 1.54398 96.0357
1058 92.2175 -0.0105303 104.284
1059 90.1033 -0.351599 94.5814
1060 93.403 13.9483 88.2882
1061 107.604 1.41525 86.3442
1062 91.5927 29.0352 94.689
1063 97.6075 17.1513 100.998
1064 98.4752 -0.191995 104.511
1065 110.77 4.60421 96.2959
1066 90.723 -0.0191075 120.846
1067 105.995 7.82448 122.031
1068 112.351 5.31673 121.993
1069 108.251 0.0791501 118.082
1070 90.7693 44.7705 -0.0936665
1071 93.3352 44.1425 8.57213
1072 96.9087 24.8046 3.47899
1073 101.749 39.4648 17.2766
1074 99.155 45.068 -0.233623
1075 99.5399 36.0212 -0.238735
1076 112.131 19.3336 23.8812
1077 104.509 42.4655 12.5524
1078 94.316 34.0329 23.987
1079 96.3045 39.8464 12.4665
1080 107.503 8.92933 18.5743
1081 112.135 50.0539 33.06
1082 79.4904 24.9046 26.4765
1083 114.26 26.4709 20.4247
1084 108.708 31.1266 59.6048
1085 83.9915 40.6357 22.2977
1086 94.0558 56.3219 39.7051
1087 110.58 34.4878 31.2052
1088 100.517 25.1494 57.7964
1089 84.0362 26.675 32.1229
1090 98.3276 37.0549 35.0514
1091 87.3039 31.5666 30.8103
1092 86.3885 30.8597 52.9424
1093 94.9797 29.9646 40.1479
1094 112.82 40.9043 27.5363
1095 108.401 38.1491 54.2548
1096 92.4489 58.2216 68.3267
1097 108.319 26.0058 47.4612
1098 76.7396 41.4396 46.8218
1099 108.148 27.0366 39.9507
1100 84.7094 36.5517 60.5773
1101 109.091 27.5971 69.1842
1102 94.5259 21.0529 68.24
1103 97.9171 19.2813 58.6194
1104 79.8683 36.8796 76.4464
1105 78.486 37.9513 73.0733
1106 97.102 28.4878 76.4057
1107 77.5337 50.9995 70.6243
1108 90.6193 16.6966 72.7519
1109 108.876 34.4277 62.1152
1110 109.1 41.2765 78.8083
1111 98.4095 24.4991 58.7541
1112 108.637 32.777 64.0237
1113 92.5409 23.9519 64.3845
1114 92.9982 37.2521 81.1601
1115 95.4149 26.5554 79.7962
1116 110.043 48.5456 98.6459
1117 86.0252 7.25597 72.9764
1118 109.027 56.0158 80.8501
1119 80.878 36.5264 100.662
1120 90.8931 40.881 84.7241
1121 78.678 52.9483 81.0475
1122 87.2958 32.8732 74.0843
1123 95.6289 51.1393 74.3443
1124 90.99 33.2487 101.751
1125 93.7745 39.5195 87.0656
1126 99.7214 33.3742 88.2202
1127 90.8421 36.626 111.367
1128 86.4926 22.7468 101.552
1129 108.99 31.4511 122.138
1130 108.272 27.7589 122.077
1131 99.7298 47.4674 122.703
1132 102.053 40.9223 110.314
1133 114.237 36.0082 114.455
1134 112.108 32.4459 122.411
1135 100.92 35.9329 112.691
1136 93.7415 38.552 105.965
1137 96.3995 59.7897 19.4502
1138 101.843 42.9523 11.1329
1139 103.031 47.0608 -0.210449
1140 106.054 56.4846 12.9201
1141 114.084 61.6307 22.8628
1142 109.155 56.1572 41.5732
1143 104.154 66.5131 20.3353
1144 95.7294 60.5006 29.1428
1145 88.5585 48.5801 15.0291
1146 114.094 57.9364 25.2247
1147 114.272 51.5158 9.48794
1148 91.648 71.3231 24.3708
1149 94.1465 73.5766 13.7758
1150 100.048 56.4869 27.6935
1151 71.2524 52.7878 16.3804
1152 84.0699 45.5376 49.6003
1153 101.745 69.5629 37.7355
1154 114.201 63.291 20.6422
1155 98.025 54.8397 30.2663
1156 96.3537 44.9107 42.1862
1157 114.013 49.6637 29.6485
1158 108.924 60.706 46.297
1159 95.248 67.5961 45.0308
1160 107.99 71.5722 57.618
1161 108.081 60.1322 54.3874
1162 94.6435 49.18 43.0293
1163 89.8854 50.8651 58.0496
1164 108.655 55.8687 61.6526
1165 108.265 53.3981 54.8193
1166 99.234 71.0834 31.1527
1167 109.559 59.7707 43.4951
1168 80.2381 46.4313 52.1405
1169 93.0699 49.4011 46.9896
1170 97.0776 56.9228 82.003
1171 108.273 64.9472 78.3747
1172 108.392 55.9635 66.8891
1173 100.65 49.3922 73.8965
1174 76.8842 42.1056 67.9718
1175 94.7429 58.2803 96.8305
1176 87.4384 87.1622 56.0338
1177 87.5402 62.6412 69.2946
1178 87.6002 82.7295 63.4196
1179 87.6086 73.6201 70.5049
1180 93.4048 77.9829 77.414
1181 103.872 49.2756 64.029
1182 92.5601 59.5896 78.1338
1183 109.45 39.4425 93.3741
1184 67.0096 61.0827 82.6443
1185 89.525 61.575 85.3266
1186 100.915 43.2078 80.9663
1187 108.47 61.54 74.1905
1188 108.102 60.703 68.7281
1189 93.8667 51.11 102.569
1190 100.316 59.8282 76.6782
1191 89.2938 52.578 88.5905
1192 85.3025 57.3846 92.9292
1193 84.2322 67.9649 84.1865
1194 85.4269 50.4063 99.7489
1195 111.517 60.1014 101.394
1196 98.1224 66.4712 70.4993
1197 92.7539 57.5572 81.1036
1198 106.738 58.3421 102.465
1199 68.934 74.3486 93.0201
1200 86.6237 54.1318 111.503
1201 86.0681 64.8411 122.455
1202 96.3506 41.8007 102.734
1203 107.706 59.9542 122.851
1204 96.0252 78.5637 106.118
1205 96.2355 57.393 122.171
1206 110.188 64.9449 122.119
1207 94.27 87.7366 -0.320314
1208 87.6765 67.8298 -0.267024
1209 102.23 86.2981 12.9626
1210 114.19 86.8753 19.7573
1211 83.3663 97.1034 9.14481
1212 114.134 78.7313 8.51926
1213 90.18 78.1751 -0.238201
1214 83.9056 70.0315 7.48458
1215 102.08 78.7183 9.69766
1216 106.338 87.7113 -0.129478
1217 113.953 85.219 22.3359
1218 113.926 70.5239 20.322
1219 91.4771 68.1085 36.3356
1220 89.3884 88.0093 28.2303
1221 111.846 85.6275 50.0966
1222 114.248 81.9189 12.7812
1223 92.9843 94.6733 19.918
1224 99.5333 82.123 23.6013
1225 90.3948 94.5762 16.1282
1226 93.0735 71.2488 41.8909
1227 113.628 93.4328 24.567
1228 95.7836 74.8861 44.3617
1229 99.566 87.7701 39.915
1230 78.9768 74.3163 50.2879
1231 76.0029 79.4347 44.6686
1232 111.443 89.591 42.7867
1233 93.8149 89.8373 25.733
1234 97.392 72.2027 49.0751
1235 95.265 82.2743 37.5987
1236 107.752 99.1076 65.9314
1237 88.2923 70.8791 48.9558
1238 111.533 83.3636 47.1417
1239 90.6741 102.029 61.2727
1240 89.2757 94.66 60.0552
1241 91.7481 89.6403 83.603
1242 94.6484 69.938 80.4668
1243 97.3693 84.4085 49.3116
1244 107.66 62.1376 52.0822
1245 108.131 89.3003 75.9921
1246 108.483 55.2596 64.4381
1247 96.2177 74.3179 73.4571
1248 109.574 97.9508 59.3985
1249 107.912 86.962 75.8427
1250 94.5619 84.5322 85.1189
1251 102.543 78.0954 83.5147
1252 67.4991 80.4308 98.7241
1253 108.287 78.0382 78.6886
1254 83.2267 86.0998 69.693
1255 92.756 82.4927 95.6071
1256 110.777 73.1199 87.1101
1257 94.6227 78.9081 89.2305
1258 108.239 83.9831 82.5638
1259 102.505 82.2486 92.218
1260 96.4786 90.0691 95.6985
1261 108.348 87.2965 90.009
1262 97.3302 84.6035 110.311
1263 97.8575 81.6083 108.342
1264 72.7199 79.3246 92.4476
1265 112.687 78.4566 99.0368
1266 109.11 72.1111 117.21
1267 88.2833 69.6818 122.178
1268 114.21 73.0538 112.91
1269 92.2523 72.1241 122.383
1270 114.161 93.232 114.75
1271 114.289 79.8489 105.324
1272 94.1339 87.1629 122.357
1273 102.392 84.2594 101.924
1274 112.293 94.5182 122.461
1275 78.802 74.4049 113.858
1276 114.372 83.9039 108.392
1277 92.1876 81.9211 122.441
1278 92.246 66.6306 115.991
1279 98.5301 82.9631 110.862
1280 104.889 58.7555 122.032
1281 114.174 99.2576 4.09608
1282 99.9759 113.902 26.3615
1283 110.703 114.791 14.581
1284 114.214 97.8329 13.4929
1285 90.4917 100.138 11.4116
1286 113.893 92.5931 20.6254
1287 94.5437 101.419 32.7229
1288 87.0068 110.352 23.4793
1289 110.073 99.5232 33.7032
1290 107.499 85.1646 28.8235
1291 94.3538 103.407 13.888
1292 90.1777 106.159 19.9372
1293 92.0293 101.573 30.3906
1294 95.0662 112.306 35.4113
1295 93.4001 113.885 29.4522
1296 94.021 95.5862 32.7861
1297 99.3149 105.088 39.478
1298 108.068 112.917 52.6172
1299 109.588 110.13 36.539
1300 103.516 113.666 19.3149
1301 98.2871 101.977 14.8262
1302 86.0365 98.3879 40.305
1303 107.641 113.046 46.7907
1304 113.678 81.8487 37.4047
1305 111.497 91.3606 47.3172
1306 100.751 113.307 46.1533
1307 83.2855 84.0334 53.7255
1308 85.2447 113.056 50.289
1309 91.1913 104.023 64.3041
1310 87.22 97.7913 54.8285
1311 90.1013 89.2536 84.7318
1312 98.3146 94.7734 71.3512
1313 107.61 106.873 63.7186
1314 95.4764 114.362 71.9566
1315 95.6239 107.271 59.6732
1316 95.8265 98.5963 77.5756
1317 107.763 101.184 82.1902
1318 108.11 93.8751 80.6755
1319 88.7351 94.8659 88.524
1320 89.8154 78.8983 57.397
1321 108.066 70.5444 68.7263
1322 108.289 88.8554 80.6016
1323 97.2377 114.401 91.5245
1324 114.376 87.891 107.571
1325 102.06 114.261 99.1911
1326 111.026 72.7895 88.7395
1327 77.4826 84.1763 91.7772
1328 112.683 90.8265 122.132
1329 114.117 95.8783 100.898
1330 102.401 113.708 104.647
1331 88.1095 107.114 103.575
1332 79.9313 83.0228 102.704
1333 82.1344 114.178 105.123
1334 100.129 101.47 115.197
1335 90.1697 100.551 106.571
1336 114.062 103.306 120.129
1337 114.395 65.966 106.036
1338 114.56 110.918 102.898
1339 100.894 111.898 110.367
1340 114.207 104.618 112.231
1341 94.1185 99.949 110.838
