0 9.3698 18.867 -0.118501
1 7.78232 -0.0121157 5.46097
2 11.5477 23.6157 15.0222
3 37.4179 0.145379 12.1979
4 27.3486 3.86291 -0.0967674
5 11.2458 13.6824 -0.230826
6 2.83312 5.82264 7.48102
7 14.2736 -0.0985074 14.2553
8 21.637 11.418 -0.0895483
9 -0.883831 14.9749 1.52753
10 10.3755 -2.83376 34.9247
11 5.43103 16.9979 28.2776
12 6.75071 13.9273 26.4543
13 15.9823 -0.101085 25.0303
14 12.3874 -1.78371 39.1164
15 7.30241 29.4521 52.2449
16 7.13762 19.1173 58.9658
17 26.2951 -1.35725 37.326
18 7.5887 11.5154 27.8498
19 16.2195 14.5799 35.5117
20 35.2423 0.716688 37.6024
21 5.73054 0.0159435 1.25557
22 38.8978 15.1485 49.0572
23 14.0939 -2.45688 34.1839
24 7.39972 35.7412 51.1672
25 29.5195 -0.435053 51.6385
26 29.205 22.0977 49.4841
27 7.09529 21.7095 59.1009
28 22.9846 6.17223 87.0027
29 29.209 -0.380047 55.0681
30 7.23779 13.965 50.3002
31 7.51175 0.61183 50.6531
32 34.5166 19.8561 43.8514
33 37.861 25.2728 63.4298
34 6.70693 33.8328 76.2569
35 44.7176 41.5406 69.791
36 33.9034 0.204878 64.7646
37 25.9579 32.6259 58.0383
38 24.7389 1.63363 80.7614
39 10.8831 0.934689 81.2038
40 39.9776 7.64973 72.5919
41 6.49605 8.69406 81.4932
42 32.9761 14.658 99.7439
43 25.6407 1.29256 85.9838
44 34.9458 -0.720661 101.736
45 42.0723 -0.2018 97.9178
46 6.64864 4.2014 76.8482
47 40.5921 -0.248611 83.3941
48 37.7334 49.6173 106.67
49 21.7207 16.9701 117.477
50 26.2091 10.2073 126.927
51 13.1447 20.3099 99.7731
52 -0.768643 15.2166 100.048
53 31.526 11.049 93.8008
54 28.3403 0.642736 90.4415
55 5.45028 8.41934 104.027
56 29.0555 17.6002 100.165
57 5.95307 4.66798 93.7506
58 3.93591 16.3162 102.347
59 21.9783 19.4194 95.1066
60 -0.81294 15.8039 100.373
61 16.1121 0.0189457 121.09
62 27.4612 15.1386 126.197
63 20.6105 8.5404 125.75
64 1.44934 0.321492 118.806
65 11.2143 8.7334 121.098
66 24.9419 46.8057 15.704
67 25.2723 45.8671 25.0313
68 19.2567 38.6514 6.99552
69 -0.9113 36.7223 2.00544
70 15.2677 31.6721 20.2287
71 -0.875642 46.4847 1.90101
72 25.551 31.1463 -0.209556
73 22.2291 29.6013 -0.221642
74 17.4322 44.8728 23.4271
75 1.54444 38.6164 24.1457
76 -0.837921 42.4094 12.5648
77 4.05036 40.3337 12.9328
78 6.67777 17.8593 31.1022
79 7.23438 33.5774 39.0991
80 23.0777 21.9753 36.5869
81 13.0247 44.0335 39.7497
82 17.4024 27.5216 19.4498
83 7.16181 32.7311 61.5218
84 -0.874287 30.2063 19.8161
85 7.37842 27.9477 54.676
86 38.7186 33.2512 48.646
87 19.6907 33.0804 34.484
88 26.9236 41.5245 60.8387
89 7.10193 14.2751 46.7418
90 25.2776 29.1196 45.1862
91 10.3154 36.9408 70.0307
92 4.77837 35.626 87.3406
93 21.5373 21.8838 48.7808
94 11.7011 21.743 39.8796
95 41.1992 40.3222 57.4354
96 25.322 40.7262 50.1583
97 29.269 44.186 49.7567
98 24.1213 18.7149 62.3995
99 7.23852 31.3533 58.8575
100 20.7397 16.8672 92.2963
101 6.76864 40.0783 71.599
102 6.66671 17.4836 77.0221
103 35.9459 46.5237 82.8092
104 38.8188 34.1703 66.1389
105 6.5534 35.0627 73.3259
106 28.5075 37.6411 59.6077
107 13.5626 31.332 84.3954
108 35.7937 22.3398 101.432
109 50.5569 0.296549 66.9155
110 13.0805 50.1522 75.1759
111 6.49032 29.4172 83.5039
112 34.6654 39.6394 72.9092
113 4.17508 34.9421 104.311
114 13.7819 19.6237 108.407
115 25.7137 51.2371 104.036
116 12.2444 58.844 78.0121
117 36.7415 36.6062 82.3066
118 4.35029 41.0387 96.4688
119 37.479 47.6971 114.949
120 31.7165 17.615 91.3538
121 1.88644 49.1207 109.12
122 6.96199 37.2262 90.6502
123 18.5606 36.5202 98.4411
124 17.1639 22.832 111.832
125 18.1063 38.4148 113.288
126 24.0838 41.1586 118.785
127 22.313 44.6733 117.674
128 11.6639 39.3773 119.182
129 22.7851 46.3571 122.542
130 8.0494 36.1347 125.957
131 16.5734 46.1027 126.143
132 31.7154 17.7914 126.188
133 29.2522 32.622 121.761
134 32.556 61.3319 8.44984
135 10.0452 57.1492 0.166686
136 19.6582 67.5101 17.9789
137 29.2402 61.904 12.8209
138 1.78091 51.3662 18.9001
139 -1.03066 65.7462 13.341
140 27.4044 41.8212 28.4199
141 -0.671528 54.2401 22.8526
142 -0.542842 57.9933 20.427
143 16.8239 56.717 22.8097
144 29.7487 53.5864 25.8838
145 30.3856 61.2478 31.2736
146 13.3734 60.6241 11.1279
147 23.2163 57.6728 30.9777
148 4.45019 24.6149 24.8137
149 44.0457 44.8438 35.1565
150 43.5727 50.7654 33.7051
151 -0.742166 54.3508 24.7437
152 6.32416 74.4966 55.2838
153 22.4037 47.2349 26.5334
154 14.5354 75.7432 18.8516
155 18.362 71.0384 31.2336
156 25.7953 50.8236 29.2888
157 3.96938 59.5788 46.0253
158 19.5269 43.3956 41.4547
159 6.00221 70.7406 57.8385
160 8.47344 85.6599 27.5496
161 17.0538 57.1121 79.5561
162 11.2497 80.6549 57.3507
163 6.81584 39.682 59.3958
164 33.1179 57.8872 37.5622
165 22.9795 43.2896 58.6783
166 13.8195 68.4882 61.3929
167 3.0659 50.6439 38.6461
168 4.56066 58.887 74.1068
169 24.8107 61.0135 77.5641
170 35.7038 68.1755 79.6692
171 33.7561 66.4701 56.5319
172 4.765 56.2953 77.5359
173 32.2794 58.0807 92.7134
174 28.04 20.6055 93.31
175 -0.131859 60.5065 102.619
176 17.712 59.9874 74.5447
177 27.5643 66.7993 77.4485
178 34.4836 40.7483 95.4219
179 27.01 52.3021 88.429
180 4.70753 51.8187 89.7421
181 -0.696308 62.7116 109.252
182 0.834204 61.9082 101.972
183 26.664 46.1261 78.7751
184 14.4124 76.17 93.3008
185 27.0974 51.9581 97.8361
186 -0.768226 50.1536 107.433
187 24.3755 78.9764 96.8079
188 -0.565004 65.965 102.899
189 12.173 63.0974 126.067
190 4.2578 53.7707 126.147
191 1.11713 67.5904 126.263
192 19.4314 66.2298 117.544
193 19.6684 69.8851 126.425
194 -0.693943 55.0214 114.784
195 7.46786 57.4639 126.433
196 20.4761 48.5826 126.0
197 23.5335 47.1267 119.345
198 28.7077 63.4368 126.272
199 -0.589166 68.7253 8.54576
200 -0.659406 88.7484 8.66152
201 15.1709 78.5851 20.9183
202 22.1599 79.2477 14.2194
203 23.5747 81.0169 6.39386
204 18.0654 84.4007 0.151028
205 10.0102 77.1224 -0.0236078
206 23.8334 78.9049 3.41716
207 2.15905 75.7112 11.7321
208 19.3065 63.3674 -0.510002
209 1.5343 81.7255 35.4487
210 45.6599 64.7177 35.0555
211 10.8994 88.6752 13.9656
212 27.0136 73.6974 24.0345
213 13.1182 73.6928 27.8964
214 7.14992 54.7818 23.5949
215 38.4938 75.7618 16.9086
216 -0.545676 74.0373 30.3829
217 -0.897216 76.3806 17.3177
218 9.54708 80.18 33.5713
219 19.7736 65.7195 25.1634
220 3.62882 72.0999 45.9647
221 4.49466 84.2032 37.3139
222 17.3826 58.028 47.0827
223 1.48624 95.8122 31.4807
224 13.5556 80.8487 48.1286
225 24.6987 89.2637 29.7403
226 20.5937 82.5573 44.4152
227 23.5843 83.2479 32.726
228 27.2717 71.9616 45.9325
229 5.73831 80.6607 56.0579
230 22.8903 104.082 63.7217
231 5.33456 72.1348 49.437
232 8.44089 103.176 82.2211
233 32.4182 82.8949 60.4206
234 31.046 61.8651 53.0114
235 14.0379 49.5874 69.5599
236 6.35454 74.5126 67.17
237 12.7081 91.2838 65.8667
238 6.56754 72.8502 73.3814
239 6.53653 48.189 61.5087
240 6.47759 58.7418 53.2808
241 24.5432 44.8595 76.5933
242 36.889 71.6798 61.1244
243 21.8529 64.2764 79.2008
244 35.1017 97.5936 73.2489
245 6.64586 87.8439 74.4126
246 24.8664 90.265 72.5823
247 22.4917 73.7155 80.312
248 8.20781 109.368 62.4201
249 5.9226 89.8964 49.8927
250 32.105 71.6926 67.3418
251 6.75061 83.7883 76.7769
252 30.1318 62.0802 93.6019
253 23.6827 87.2828 81.5002
254 6.5488 66.3415 77.8444
255 18.2091 83.749 93.2789
256 22.4439 83.2336 93.6175
257 33.2643 70.4287 111.546
258 11.0031 105.264 102.407
259 6.02054 92.5996 95.5463
260 6.41844 76.6855 72.3849
261 6.58763 85.1778 72.5793
262 14.2738 84.8088 96.1079
263 13.7696 80.8362 78.6276
264 4.69386 72.6502 100.138
265 2.37082 67.9322 92.0305
266 25.8572 82.0272 108.191
267 -0.441183 79.8369 107.625
268 40.4717 89.9451 89.2468
269 36.3036 75.9869 106.667
270 -0.657245 73.8223 106.806
271 18.1079 86.5259 117.531
272 20.7929 77.9988 126.244
273 -0.49389 72.5364 123.455
274 4.81099 86.6957 121.142
275 19.6309 74.269 109.34
276 24.9753 72.4125 109.449
277 40.6599 83.1426 126.148
278 26.3003 111.977 -0.0549938
279 29.5816 100.617 -0.312797
280 18.7072 92.0886 0.0322506
281 3.13931 113.719 9.22213
282 19.607 114.742 4.27563
283 1.24147 97.7096 -0.165075
284 29.7209 77.6823 41.601
285 -0.792239 95.2707 15.2434
286 13.4009 108.195 -0.417833
287 41.8538 65.7804 25.9549
288 13.397 112.527 40.3137
289 5.31764 106.847 12.2057
290 -0.394743 104.829 25.3424
291 13.8883 114.65 21.4034
292 -0.614676 102.087 18.0873
293 33.8904 113.624 57.5431
294 14.7599 99.1911 47.1751
295 10.4039 113.743 6.74518
296 24.1879 107.973 -0.932158
297 58.5191 79.5816 33.4351
298 21.321 113.256 51.1506
299 27.9958 106.666 38.4265
300 21.6176 94.2251 38.4542
301 3.52403 102.301 33.9211
302 6.06648 89.7054 60.061
303 23.6808 114.867 37.2517
304 6.06043 112.038 35.1213
305 42.0989 114.975 40.1843
306 34.3392 115.25 47.0732
307 10.556 98.7309 26.216
308 31.6828 114.793 33.4941
309 6.75518 112.079 41.2828
310 17.604 113.837 38.0975
311 22.0232 86.8087 47.501
312 28.2418 79.7489 39.0493
313 53.9984 114.778 43.6011
314 1.9047 87.29 42.8054
315 26.6815 112.459 102.173
316 36.576 103.558 64.7961
317 7.93991 109.454 67.7502
318 9.65023 113.548 65.604
319 14.2295 93.4319 62.7482
320 21.7517 114.814 85.2217
321 23.7765 89.193 103.907
322 38.1658 112.125 96.2367
323 21.3913 113.573 70.9208
324 20.2956 113.246 106.111
325 21.7469 83.3999 85.5651
326 10.1623 114.958 85.6167
327 6.40038 91.4251 91.6079
328 31.6956 93.0711 75.5744
329 26.7149 97.4029 120.031
330 29.0369 96.2089 72.6582
331 28.7149 112.449 99.0833
332 6.8775 101.368 115.765
333 8.84925 111.632 90.3486
334 -0.725925 109.282 108.862
335 -0.488578 109.55 116.371
336 -0.421586 112.57 114.99
337 10.6187 109.811 105.825
338 26.0601 114.729 125.253
339 31.7428 109.34 126.323
340 -0.511742 102.007 114.634
341 16.7655 105.632 125.934
342 -0.935519 110.741 109.991
343 36.791 13.9565 8.18976
344 26.4898 4.66874 7.09991
345 51.3396 -0.174922 8.90563
346 45.757 16.3189 -0.0246536
347 58.7585 -0.130019 14.2066
348 44.7971 21.5416 1.2056
349 34.5451 12.6846 -0.0590795
350 47.563 20.4901 8.24573
351 40.9247 26.1965 8.10593
352 23.7318 0.615258 20.3672
353 57.7512 0.283795 15.5527
354 36.8792 0.95381 26.4848
355 44.1218 1.68445 35.5476
356 40.6536 0.956801 26.5208
357 41.2282 27.9245 47.6748
358 33.8525 26.0547 11.4412
359 69.0736 0.0745819 11.4551
360 35.3772 11.1885 39.2648
361 41.6906 1.35032 31.1157
362 32.6329 22.4008 41.8693
363 61.1776 17.8826 47.6647
364 47.1742 17.0773 49.6284
365 41.0874 1.07111 40.9347
366 43.9667 -0.155612 53.9965
367 41.9453 17.9687 26.7154
368 53.2798 2.00488 46.4291
369 45.4001 0.433023 69.9728
370 37.1969 20.3457 65.4311
371 39.6441 17.5093 52.4572
372 38.0535 0.315729 64.7942
373 49.9514 22.5459 53.1596
374 16.3007 -1.00711 46.3732
375 57.1084 11.9417 66.999
376 56.4088 19.066 83.8668
377 32.1271 0.217724 90.9356
378 52.8327 24.745 97.355
379 47.2015 27.5756 78.7715
380 36.515 -0.352761 88.0667
381 92.9132 0.132434 102.052
382 39.8509 33.8554 93.6307
383 44.6241 30.0277 97.3894
384 63.1737 24.7872 93.7562
385 41.0866 -0.0266112 108.956
386 26.5891 0.681241 94.0158
387 58.7021 -0.649124 91.9449
388 17.0253 1.56185 92.3712
389 14.6496 24.1978 108.551
390 50.4268 21.9965 103.47
391 51.8002 16.6664 109.951
392 23.5077 -0.264953 101.645
393 53.3679 12.6563 126.266
394 39.4964 5.24114 126.303
395 39.5459 15.1357 126.451
396 43.0906 14.2817 122.548
397 36.1748 1.33617 125.924
398 37.4835 -0.166302 119.311
399 43.7027 17.5108 109.205
400 55.8186 12.4029 126.131
401 44.5898 8.96779 126.025
402 30.3573 32.4969 -0.0414141
403 33.4582 42.9845 18.2138
404 33.3683 41.5049 -0.597589
405 47.624 35.9082 -0.463579
406 53.5407 41.3441 -0.398785
407 45.7066 35.7005 14.4953
408 23.446 48.5554 6.8406
409 45.4729 30.463 11.7418
410 31.3539 28.7326 -0.256933
411 51.5045 39.0435 -0.366897
412 32.1992 44.4584 3.52404
413 37.4649 45.6125 7.81874
414 53.6849 37.5137 15.7471
415 28.8632 45.7631 15.2276
416 39.7546 53.5062 25.3409
417 49.6857 55.4093 30.4748
418 19.2072 36.6111 16.9185
419 33.0437 28.2569 25.3569
420 17.2625 56.584 17.0054
421 32.1881 0.591896 18.4376
422 35.1652 20.1368 53.2092
423 53.0133 20.2514 52.6228
424 54.6786 38.6524 18.6169
425 40.9502 21.3041 32.8609
426 65.7026 10.177 40.9956
427 60.7249 20.5156 37.6493
428 37.9851 47.4643 38.8105
429 53.8037 36.3396 41.3423
430 36.9377 41.7123 29.7253
431 58.9466 27.0293 31.4954
432 23.1416 28.861 33.8264
433 69.5589 24.9938 39.578
434 42.7483 29.2724 66.2485
435 37.1894 18.4464 51.5855
436 57.8492 56.6388 83.6532
437 41.2806 17.9599 56.9188
438 55.2357 54.2612 89.7495
439 32.9669 39.6689 64.6025
440 62.4882 52.8606 79.2157
441 41.0361 40.8366 67.1156
442 44.6501 14.4318 79.0871
443 25.1017 22.4104 61.1163
444 31.5721 35.747 93.3013
445 40.8297 33.2301 67.5991
446 50.9409 26.5966 71.1244
447 51.1547 35.8135 61.0241
448 58.6304 20.194 74.09
449 35.3358 39.0555 66.0151
450 47.2521 37.5547 66.1571
451 34.5638 35.3085 84.7586
452 48.8373 50.0534 83.977
453 51.4625 41.3898 68.63
454 26.7235 33.3638 88.4192
455 58.2067 37.5255 81.7365
456 15.3593 32.7657 73.4243
457 59.8551 31.0304 70.8623
458 45.3135 20.6684 82.7531
459 28.328 69.5327 89.7964
460 64.8516 44.2913 82.3132
461 55.7166 50.6848 65.6981
462 42.9628 33.0462 96.1293
463 44.5918 49.6215 88.777
464 52.7282 43.3763 83.1231
465 39.6651 42.1429 102.783
466 42.1445 8.41511 103.782
467 29.9041 25.6704 104.087
468 41.0739 45.0701 104.526
469 54.9977 23.9119 98.4592
470 24.1057 43.7963 118.977
471 39.2179 46.8086 103.482
472 51.6272 38.8797 117.143
473 40.8798 39.9244 121.414
474 31.667 27.6163 126.44
475 40.6185 28.7091 125.976
476 50.3356 49.78 110.955
477 53.6874 46.4641 116.876
478 56.6405 28.4985 125.873
479 43.242 44.9638 112.588
480 33.9106 55.0998 0.0336452
481 46.1203 51.8514 14.1136
482 54.4849 69.7161 0.125301
483 41.4792 58.1268 21.8205
484 47.3366 26.4789 29.1805
485 12.7179 54.1581 15.6398
486 41.5329 49.6182 27.6042
487 37.8829 68.9794 21.2162
488 51.5293 51.2613 32.9204
489 55.5443 65.2046 26.3018
490 46.0636 55.8554 25.9693
491 45.4479 64.2458 31.9792
492 52.6411 63.8859 22.5753
493 64.7161 61.1038 73.1592
494 52.0502 35.6864 18.0213
495 29.1631 43.4926 41.9163
496 51.918 51.6149 39.9224
497 50.0658 62.0338 43.3047
498 27.8764 56.1466 40.1582
499 35.6243 66.9552 20.2111
500 32.4823 60.9758 61.3218
501 28.8577 43.731 62.6026
502 33.4603 50.9105 42.1377
503 34.4477 56.4042 60.6378
504 47.5331 60.2554 55.1038
505 41.697 53.576 37.4795
506 57.4003 71.2191 70.9949
507 47.217 49.051 63.275
508 39.6493 66.449 69.5826
509 56.8033 62.8516 82.7916
510 48.6619 63.3224 81.9962
511 49.3231 67.3641 86.3664
512 50.5044 54.3044 60.4192
513 33.5038 69.1887 54.4422
514 31.6362 69.9349 89.8948
515 37.8415 64.5369 91.307
516 42.6561 69.8685 83.3975
517 46.7328 64.3836 88.3778
518 47.339 61.0715 75.0095
519 51.1855 59.6811 87.9029
520 41.1163 72.4056 82.6981
521 56.6422 63.5611 97.6223
522 70.1643 54.797 71.3562
523 55.2245 67.682 67.0534
524 23.4274 45.3295 85.8868
525 36.8544 63.7085 126.169
526 30.4961 55.0311 108.577
527 69.0443 67.8534 104.032
528 45.3938 77.0939 103.979
529 30.0675 55.82 110.957
530 43.1905 60.7457 102.856
531 31.5457 62.4135 126.572
532 35.7366 67.0592 116.375
533 49.0619 65.7999 126.092
534 27.0071 53.1336 106.31
535 45.6123 60.9323 114.085
536 56.5175 49.5251 121.361
537 41.4816 88.1446 -0.110412
538 45.6864 83.3002 -0.27265
539 37.8937 71.8674 19.2868
540 49.9483 56.1212 16.9794
541 54.9089 87.2872 9.13043
542 25.0285 79.7675 12.8006
543 27.3757 73.144 -0.539911
544 47.8964 57.9774 18.2446
545 43.6164 91.0515 28.1118
546 47.3958 65.1247 30.4976
547 33.7306 106.556 19.284
548 21.5445 85.424 37.2228
549 51.6752 62.3203 31.2874
550 65.4023 66.029 41.4642
551 45.929 102.387 25.8506
552 35.834 103.747 27.3712
553 27.802 96.333 27.3716
554 39.7395 70.7761 22.0922
555 54.1 61.359 32.9767
556 17.4719 56.1635 36.9516
557 20.1158 82.7036 34.1733
558 43.7221 82.7429 25.8145
559 57.6602 65.2909 18.3744
560 29.5688 77.0309 46.622
561 37.041 92.7336 45.9873
562 38.1279 55.7089 41.1867
563 57.7829 97.5683 29.3446
564 44.5598 77.2354 44.0612
565 66.046 77.3372 26.3634
566 11.7857 91.5673 54.3543
567 51.8742 95.9984 35.8305
568 65.7694 71.2742 77.7509
569 33.7245 80.6051 44.4713
570 50.6056 75.291 47.7467
571 17.0814 55.3491 47.2862
572 54.5342 69.9476 52.546
573 56.6886 86.7011 43.3409
574 42.5817 48.0855 35.9058
575 35.7533 70.5668 37.4025
576 48.3522 63.0843 44.6047
577 5.96693 93.2933 63.5596
578 34.2209 86.866 28.285
579 46.4359 97.6695 70.9295
580 64.7188 97.5215 61.7702
581 59.8475 70.3106 84.5545
582 36.2173 83.9877 71.1912
583 68.1794 77.8112 53.1405
584 31.9157 72.7223 69.2642
585 37.3244 88.9657 74.7764
586 34.2562 85.8299 79.8048
587 54.0987 72.5372 105.476
588 19.513 73.5247 85.141
589 23.4334 81.3422 108.893
590 42.3547 70.901 81.1657
591 60.0041 66.0792 92.005
592 66.1889 73.2687 100.288
593 44.531 70.1865 82.7226
594 22.8655 79.3716 69.7704
595 36.1787 42.8718 103.747
596 46.8283 76.2867 108.044
597 35.8223 74.1493 119.485
598 44.7173 74.3415 106.935
599 62.7454 76.6574 102.198
600 60.6295 73.3207 96.6443
601 50.719 89.5163 104.037
602 52.3212 75.865 103.494
603 47.6936 101.332 108.325
604 72.56 79.0587 97.7804
605 36.3055 79.3441 99.4897
606 68.4851 71.4034 99.0603
607 51.0153 64.3257 105.18
608 44.837 63.9765 80.9764
609 34.0592 75.6564 121.795
610 42.2415 94.685 112.89
611 56.2278 80.5168 118.722
612 45.3918 93.8986 112.473
613 42.3922 74.7863 120.01
614 42.2429 77.7468 120.208
615 64.8079 78.0666 126.267
616 35.474 102.84 -0.145708
617 36.3012 113.537 0.712212
618 54.8385 114.759 2.03774
619 30.3456 91.7619 14.1293
620 51.2613 114.004 5.24053
621 42.5669 102.162 -0.013205
622 59.4228 103.732 20.5839
623 44.5375 114.364 10.4855
624 43.9315 95.4042 22.0015
625 30.397 114.687 2.12313
626 41.1386 99.8308 11.0049
627 23.3562 114.328 12.2527
628 51.0308 74.4169 33.4155
629 26.1147 114.759 40.2648
630 33.4835 114.309 23.4179
631 30.1285 71.7988 21.1404
632 25.5754 97.1561 26.4305
633 38.6079 114.553 32.8971
634 45.0275 98.8301 22.5467
635 19.4638 114.874 36.6056
636 74.2311 114.785 37.369
637 12.1556 92.021 18.0941
638 48.7881 115.18 50.478
639 51.7459 114.59 34.3122
640 60.3217 111.658 64.8444
641 43.8136 86.8466 38.6244
642 57.078 113.503 57.6094
643 30.222 114.542 27.6702
644 55.8108 114.521 33.0532
645 47.5574 115.037 46.8715
646 46.3191 106.505 45.0991
647 37.7536 102.254 33.7847
648 11.7176 112.226 55.7954
649 54.5737 110.335 71.2027
650 47.8493 114.109 56.1441
651 34.8672 113.648 80.5418
652 56.3387 78.2185 68.0169
653 64.3167 115.469 43.3058
654 43.5722 102.072 60.5942
655 42.8742 101.907 70.6425
656 66.1443 106.436 71.83
657 28.4669 80.6992 81.0765
658 40.3925 97.5692 92.8684
659 30.4036 112.957 85.967
660 7.9551 93.4375 98.1885
661 58.9737 112.661 102.001
662 51.6327 112.744 101.122
663 46.2924 111.711 68.2762
664 55.8627 111.78 92.7671
665 43.2676 110.501 91.7518
666 47.5167 111.436 88.6718
667 58.9498 93.4719 73.1724
668 41.5789 112.39 100.623
669 41.3871 96.7239 69.4182
670 47.1165 87.841 66.6104
671 28.5686 112.239 87.5558
672 28.7924 105.524 108.766
673 55.5533 112.337 101.035
674 37.1791 101.153 108.711
675 43.1908 92.1916 102.74
676 43.2474 100.917 95.1791
677 37.0138 113.848 106.572
678 68.744 100.524 92.3726
679 28.7992 114.262 113.918
680 33.6103 87.194 126.512
681 48.8189 95.8161 111.929
682 40.7269 104.788 123.31
683 43.6292 87.0249 126.489
684 48.1954 114.558 122.805
685 24.9854 105.619 125.798
686 20.7281 114.208 120.791
687 41.8671 109.573 126.26
688 64.0822 101.052 113.589
689 57.7548 96.8419 126.06
690 50.7642 113.999 117.374
691 68.8077 0.0541085 4.15075
692 70.6687 15.1777 0.101972
693 83.6841 16.0348 11.281
694 83.8887 25.4736 7.73081
695 61.806 13.7778 -0.259326
696 55.8326 22.5523 22.5413
697 67.0692 0.169349 14.814
698 74.4819 22.246 19.2314
699 62.2538 21.5437 11.7857
700 64.6019 0.540207 31.3807
701 83.2237 0.182544 16.6077
702 81.7348 0.661131 19.5087
703 68.9538 6.33713 20.5749
704 90.8167 12.4872 38.9895
705 90.5111 17.3714 -0.279179
706 55.4083 0.357451 19.9127
707 74.4484 11.812 31.5536
708 69.8846 23.8195 33.625
709 73.253 27.6067 56.8483
710 57.2385 27.5878 44.6159
711 53.7898 1.48707 31.4161
712 50.7272 18.4503 51.4234
713 61.8093 1.0333 57.7351
714 80.4054 42.7312 32.174
715 65.2169 2.73681 48.9771
716 55.469 22.5863 44.1391
717 56.2499 2.44658 48.8437
718 75.2625 27.7129 56.2521
719 58.4293 -0.249347 98.8051
720 70.8533 20.5586 89.1713
721 84.4 -0.754582 79.4375
722 63.7868 -0.100259 62.3135
723 72.2231 -0.0906349 98.5026
724 67.3153 -0.785043 83.6021
725 65.2333 27.3666 67.4789
726 59.3678 11.265 68.2335
727 82.6282 17.5567 94.5178
728 50.9502 32.5958 88.6582
729 85.9379 -0.0839036 112.286
730 71.7051 22.8569 84.0673
731 40.1359 -0.269014 91.5592
732 93.984 0.00874467 111.888
733 74.4855 0.123032 117.988
734 89.3641 0.208431 116.021
735 87.7856 20.0857 126.657
736 84.5792 29.9528 121.319
737 59.3125 22.6712 112.938
738 67.3193 -0.0600475 112.518
739 90.1907 17.4812 101.446
740 67.052 27.5405 127.131
741 61.6167 12.7555 126.321
742 70.0739 10.6133 115.086
743 87.1715 18.0038 112.733
744 56.9261 1.42181 126.04
745 80.6218 6.2327 126.009
746 63.9231 -0.0674631 108.836
747 63.8439 14.9845 126.32
748 75.784 26.4587 -0.54642
749 73.8555 43.5279 -0.343082
750 96.1842 43.4351 -0.828117
751 81.929 32.4154 15.8629
752 71.6903 31.2008 -0.501885
753 61.7648 23.8591 -0.442384
754 67.8376 57.9736 37.8021
755 41.9647 58.0106 33.8219
756 68.6055 41.6731 15.5415
757 39.6899 26.0176 14.8978
758 73.1114 17.2604 35.3737
759 67.1245 38.1692 23.6421
760 62.3282 34.3379 45.657
761 61.6676 30.8864 46.5406
762 65.7847 37.325 31.5487
763 70.44 27.0926 58.5169
764 74.4481 62.2046 26.4301
765 74.5677 27.4494 58.4215
766 68.9546 45.6295 51.7696
767 62.8958 53.2421 48.4967
768 87.6346 13.0971 58.0889
769 102.153 40.3444 37.9509
770 68.2737 58.8136 64.6997
771 70.2392 34.6096 51.056
772 85.2613 36.9298 61.4727
773 88.5727 31.5253 78.4621
774 71.4689 45.8402 72.8876
775 64.336 24.9088 37.2868
776 61.2166 28.505 64.937
777 71.6115 39.6619 75.3609
778 72.9919 34.559 85.6335
779 93.2934 25.9533 62.3022
780 70.3703 26.0543 60.4708
781 77.6868 25.0381 79.9967
782 68.6075 36.7996 66.6095
783 72.5162 42.3261 89.6964
784 74.9034 18.0337 81.4699
785 73.3449 29.571 79.5679
786 59.2888 15.906 74.6333
787 72.9018 46.3773 81.8452
788 54.7414 57.9109 100.805
789 67.1342 54.9652 100.614
790 77.4953 32.2191 79.4206
791 86.6585 55.6113 77.9046
792 50.1726 37.4179 81.9296
793 52.1732 18.763 76.6533
794 49.8282 18.3999 107.564
795 58.0531 39.9712 103.77
796 62.0758 36.8983 122.919
797 107.342 17.9642 95.748
798 80.11 42.2323 104.841
799 59.1343 57.8651 91.1519
800 87.4914 30.9821 106.128
801 93.8844 26.331 83.6549
802 72.2487 35.5154 83.372
803 55.4435 47.8293 95.1688
804 53.4487 35.0334 126.162
805 72.4948 31.2792 126.057
806 49.0514 30.2536 102.358
807 71.879 29.346 113.04
808 57.0464 33.5833 111.793
809 80.2663 32.2809 126.425
810 78.9719 44.9059 -0.109276
811 67.704 53.5346 -0.435062
812 75.7525 53.6394 -0.487501
813 61.3063 56.8035 22.6604
814 59.874 59.9277 12.2994
815 69.1684 52.6282 5.63762
816 72.0797 63.7826 17.2061
817 90.5077 65.5178 18.5459
818 71.3216 57.6231 7.56962
819 77.7672 60.2114 7.65071
820 83.3051 46.8121 13.7242
821 63.4366 53.956 13.9627
822 49.9225 58.4038 28.9819
823 47.9793 58.3699 45.1136
824 59.7789 87.3479 22.5292
825 52.5255 56.6373 29.6449
826 61.7682 60.9184 14.3383
827 61.4817 55.5163 15.1263
828 78.0524 69.5833 38.8946
829 78.0253 69.3223 31.451
830 83.9342 63.6935 47.9538
831 77.7287 35.9906 45.8918
832 49.7088 64.964 30.9268
833 77.9929 51.5653 20.7627
834 76.4777 60.1445 39.0837
835 70.087 84.4045 26.9324
836 79.5849 53.0893 21.4803
837 81.6646 52.0711 50.9067
838 73.6311 65.47 46.1986
839 84.7971 41.6932 76.6117
840 67.0314 72.2362 52.3369
841 75.7705 65.2418 42.4725
842 52.1163 46.3033 65.6177
843 52.238 55.1778 79.7725
844 70.3494 66.1847 77.7963
845 80.0883 56.5598 60.5061
846 74.0069 50.0598 80.8782
847 64.0661 51.7326 60.0063
848 78.3372 67.8745 57.3404
849 64.5749 41.1422 75.2076
850 87.4935 65.9471 98.5218
851 78.1935 56.8181 76.2598
852 85.711 54.8919 99.5933
853 53.8417 55.3209 58.8932
854 68.9105 45.6736 57.0064
855 72.5509 42.3459 76.0071
856 64.7105 49.93 84.25
857 65.0352 55.6736 91.7617
858 86.0693 64.2018 108.514
859 77.4054 36.5847 94.2665
860 60.0327 75.5798 101.654
861 64.1281 59.4637 104.54
862 64.2426 75.0378 111.629
863 68.4821 45.1349 116.3
864 80.4834 53.9528 97.2745
865 87.9471 47.9312 111.243
866 56.7684 60.9558 97.2805
867 66.6132 65.1648 105.922
868 89.3324 63.1389 116.606
869 91.1856 55.18 112.799
870 84.9533 45.8306 126.025
871 68.6669 65.6097 125.965
872 73.9907 59.7435 126.187
873 89.886 65.1604 111.702
874 92.1567 59.7828 126.355
875 84.1298 54.6729 126.36
876 84.2951 82.8798 7.79909
877 67.9684 72.0102 8.61828
878 91.0792 84.4448 -0.00138289
879 64.3622 91.3774 15.614
880 65.9352 90.6113 -0.267985
881 68.1776 80.709 -0.626815
882 62.0025 84.9857 11.6144
883 69.6732 71.0917 10.3825
884 65.9975 73.6021 -0.36199
885 66.9399 95.8111 11.7143
886 61.6688 86.4945 24.3537
887 65.8014 69.4426 8.74287
888 89.2852 65.7825 8.09606
889 60.5185 65.7419 20.1408
890 104.476 91.0905 32.0193
891 68.2289 93.7862 8.5757
892 59.5861 66.8493 50.521
893 62.1753 79.1968 19.1994
894 90.4321 77.9802 40.2613
895 84.224 58.3503 29.5831
896 94.2039 64.1134 23.97
897 80.8435 69.7427 43.5825
898 80.3845 87.0749 22.8789
899 55.552 55.8267 21.498
900 80.8671 91.5328 59.388
901 78.9107 107.502 37.056
902 53.5718 93.8451 61.9961
903 64.1096 91.8767 77.8164
904 69.887 89.8067 41.2599
905 77.0341 74.2271 65.4371
906 55.5286 96.322 75.0698
907 77.6532 77.654 74.5343
908 52.3246 66.6647 46.8033
909 65.0474 87.3537 74.2979
910 69.7074 90.8754 43.6633
911 81.1329 60.063 92.0818
912 52.4878 68.2869 81.5141
913 74.2835 78.6096 67.5826
914 62.1193 78.9958 54.802
915 88.2091 79.5694 78.9896
916 45.3494 76.8654 80.4601
917 66.8668 38.5182 95.7997
918 51.2784 111.43 88.5205
919 74.0325 72.2326 90.1264
920 80.0179 63.6131 91.845
921 79.1985 97.9299 76.621
922 76.9266 64.4683 88.65
923 61.4145 76.4016 106.266
924 70.4278 72.5313 97.7679
925 72.4035 93.4148 104.491
926 39.9664 65.5709 92.2918
927 70.7181 71.8681 110.675
928 65.3508 82.1499 116.368
929 81.1756 70.8273 126.12
930 59.9873 81.9814 126.329
931 72.0751 76.8352 126.228
932 88.9484 73.3138 126.246
933 77.8097 72.342 126.292
934 71.9068 79.8443 126.388
935 61.5042 89.421 126.156
936 66.045 78.3541 106.819
937 60.3978 88.5885 112.173
938 86.9008 97.0359 7.3787
939 59.8845 97.4558 11.1108
940 51.7175 98.4495 9.8116
941 75.9494 90.5465 -0.176132
942 78.0455 98.02 29.1097
943 75.6988 114.091 12.3508
944 77.9697 114.43 37.5048
945 68.3259 98.1925 39.7475
946 74.9993 114.107 6.68401
947 60.4714 114.462 30.06
948 64.0025 103.404 10.3137
949 43.6286 102.882 17.7891
950 63.9047 90.8835 35.6971
951 81.3747 113.935 16.96
952 60.8325 112.707 61.1976
953 66.509 83.5536 37.7861
954 78.4163 97.8759 32.048
955 58.2357 92.2088 57.2018
956 67.4355 99.7919 47.6604
957 64.9794 112.639 66.9872
958 64.032 110.877 72.9054
959 83.9491 86.7019 53.6428
960 51.563 83.4406 39.7931
961 53.9849 90.8482 63.2959
962 104.057 113.632 72.7088
963 66.9751 114.682 41.9907
964 42.3637 80.7515 35.8183
965 80.7199 81.9795 53.0935
966 54.8351 106.059 61.6464
967 55.3906 114.835 48.1062
968 66.9444 104.182 44.9465
969 75.2635 92.5085 63.364
970 86.3885 94.3179 85.7034
971 65.2122 112.252 70.3524
972 70.6524 113.809 50.0434
973 89.439 94.1422 64.0059
974 60.9605 114.806 44.2164
975 72.2541 80.334 81.6431
976 83.659 112.421 83.2507
977 91.3932 98.5743 71.6692
978 70.7623 82.9182 93.5976
979 73.1573 99.189 70.9595
980 59.0707 88.9782 90.6596
981 69.1386 111.046 86.299
982 55.5858 110.545 66.853
983 76.6101 112.915 77.4983
984 64.9529 103.147 85.3385
985 66.8059 112.547 63.7589
986 84.7087 114.468 121.412
987 55.7614 113.018 104.948
988 66.1788 99.2938 93.5075
989 79.1706 111.822 94.7324
990 56.358 103.005 92.1974
991 84.8301 112.276 98.2837
992 71.6188 83.4698 105.166
993 75.5075 113.282 107.687
994 66.5498 79.5648 101.755
995 87.5668 111.663 94.2869
996 54.4254 92.0953 101.096
997 61.3989 111.654 92.0611
998 69.0715 100.391 125.862
999 60.8834 113.975 121.001
1000 81.7926 104.464 126.162
1001 62.0903 102.016 126.383
1002 105.074 81.0359 126.137
1003 68.5161 95.6395 126.129
1004 80.1762 114.117 112.604
1005 57.7422 106.91 111.839
1006 92.0738 99.4813 115.39
1007 60.5594 100.625 125.991
1008 114.087 21.1117 6.11458
1009 102.056 15.2699 8.40809
1010 94.8338 24.1103 4.59313
1011 105.562 13.5749 8.01292
1012 93.2992 0.924307 0.673829
1013 97.9611 7.58676 12.3315
1014 78.3267 18.7148 18.5322
1015 85.6282 16.8773 20.6391
1016 113.006 1.57806 15.2424
1017 89.1982 0.173341 18.4326
1018 93.1063 10.0236 10.6188
1019 79.2888 0.902939 24.5216
1020 84.3418 1.47466 33.7142
1021 86.4544 15.3762 14.4255
1022 105.369 8.27034 32.6868
1023 94.9323 14.1759 43.0193
1024 100.209 -1.83444 32.5319
1025 107.697 37.5106 40.8211
1026 90.3179 17.8917 38.8985
1027 98.0849 19.2229 32.7398
1028 94.337 -0.411039 33.2494
1029 106.582 17.4615 53.9794
1030 84.0579 24.4188 65.0548
1031 76.3107 -0.095868 71.7557
1032 104.328 -0.632851 66.4519
1033 96.3108 16.6972 45.2346
1034 105.869 10.0783 44.3907
1035 94.2371 0.0326435 61.8605
1036 107.688 33.7819 57.2182
1037 74.2566 11.1454 51.8969
1038 94.4135 22.9715 60.9598
1039 99.3312 0.768007 88.0721
1040 107.641 20.8544 74.8527
1041 91.4 0.792908 81.7902
1042 101.172 0.41168 67.5509
1043 89.0537 0.246398 82.829
1044 106.569 2.88682 86.3092
1045 91.9771 19.395 83.1162
1046 102.335 0.158037 101.636
1047 85.462 24.7895 73.9574
1048 107.953 24.5304 75.3893
1049 107.522 1.86549 98.6588
1050 105.301 0.384527 106.864
1051 107.735 13.0715 85.3264
1052 108.049 27.0653 76.7212
1053 107.456 23.9728 98.5028
1054 107.471 8.00627 85.568
1055 103.136 0.592437 77.4728
1056 87.0017 30.8044 103.244
1057 107.396 1.12201 100.542
1058 92.923 0.0348964 94.9723
1059 91.0453 -0.18613 104.115
1060 96.7835 13.6214 92.3817
1061 105.496 1.29854 88.5152
1062 84.0677 35.2313 104.048
1063 94.978 32.9652 96.1041
1064 94.5623 -0.0551702 105.097
1065 112.539 6.73496 110.172
1066 90.723 -0.0191075 124.821
1067 105.995 7.82448 126.006
1068 112.351 5.31673 125.967
1069 108.251 0.0791501 122.057
1070 90.7693 44.7705 -0.0936665
1071 93.3352 44.1425 8.57213
1072 96.9087 24.8046 3.47899
1073 101.749 39.4648 17.2766
1074 99.155 45.068 -0.233623
1075 99.5399 36.0212 -0.238735
1076 111.923 23.8138 25.5664
1077 104.568 42.54 12.5792
1078 89.703 26.0646 29.9857
1079 96.0423 39.7533 12.0769
1080 110.514 9.80262 21.9496
1081 112.606 50.94 32.1439
1082 85.55 20.1577 32.3789
1083 114.02 16.9679 17.1975
1084 107.897 27.6523 66.6118
1085 87.5354 43.1478 21.7136
1086 87.7862 42.2594 35.4544
1087 107.534 31.3701 40.6141
1088 97.6883 27.227 64.2056
1089 81.561 26.8324 24.8013
1090 88.1083 37.107 24.4812
1091 78.4975 19.7154 33.6023
1092 77.7048 28.8031 66.6002
1093 98.6355 31.1989 38.3369
1094 114.15 42.5671 27.096
1095 107.893 37.5495 54.8371
1096 98.4967 54.7697 70.8585
1097 107.035 25.5044 48.6336
1098 61.8464 48.2326 41.7905
1099 107.021 27.462 41.3774
1100 77.8114 26.6183 66.3558
1101 107.815 26.2209 69.5891
1102 89.3567 19.8547 61.2946
1103 106.434 12.2297 59.295
1104 72.799 43.9772 82.0853
1105 79.6541 40.1114 77.4296
1106 92.1003 26.7565 82.3695
1107 72.6167 54.4467 68.4709
1108 76.7777 19.8114 78.6886
1109 106.091 51.0858 63.4299
1110 106.39 40.8531 80.7988
1111 89.7058 28.0658 63.621
1112 107.777 32.6412 65.0246
1113 86.145 14.4414 56.9566
1114 82.9524 41.9597 85.0294
1115 95.0352 52.0773 83.849
1116 108.593 48.9574 101.712
1117 88.2275 9.54976 80.0323
1118 105.213 54.1453 85.0449
1119 78.3465 37.7334 105.106
1120 91.2811 51.559 84.3714
1121 71.0393 55.6507 82.6766
1122 86.1494 29.0395 73.8539
1123 92.4916 59.0639 63.8057
1124 88.2171 34.7846 104.34
1125 91.0797 50.0483 87.6527
1126 106.605 32.1138 85.3831
1127 90.65 36.6593 115.384
1128 88.2976 26.5392 102.236
1129 108.99 31.4511 126.113
1130 108.272 27.7589 126.052
1131 99.7298 47.4674 126.677
1132 102.053 40.9223 114.289
1133 114.237 36.0082 118.43
1134 112.108 32.4459 126.386
1135 100.92 35.9329 116.666
1136 93.7415 38.552 109.94
1137 96.3995 59.7897 19.4502
1138 101.843 42.9523 11.1329
1139 103.031 47.0608 -0.210449
1140 106.054 56.4846 12.9201
1141 114.21 61.6659 22.7529
1142 108.17 59.3134 47.1736
1143 99.519 68.7332 25.5995
1144 88.5202 71.2831 39.2701
1145 92.2171 36.6547 27.5859
1146 113.834 57.6758 24.9724
1147 109.701 35.4982 32.3307
1148 94.3841 73.2879 17.2645
1149 94.1245 73.535 13.8851
1150 86.5701 66.414 43.0618
1151 81.6013 56.037 21.9289
1152 82.4424 40.8881 43.2383
1153 110.147 62.8479 41.0908
1154 110.131 57.2232 37.0822
1155 99.7597 51.1855 33.0814
1156 84.9872 39.9598 44.1751
1157 114.071 49.4728 29.7982
1158 108.446 77.3531 53.5923
1159 94.7011 68.8959 42.9867
1160 104.606 65.4134 60.6735
1161 106.157 59.2123 55.3393
1162 88.1313 49.1376 51.8986
1163 78.184 57.9648 61.4157
1164 108.131 47.4896 40.5292
1165 106.218 47.3262 63.0878
1166 94.0285 64.9522 26.6991
1167 108.193 55.7942 44.7099
1168 68.9405 42.9393 56.2471
1169 102.101 50.076 41.7149
1170 95.2201 58.1842 81.732
1171 104.546 65.9339 76.1491
1172 106.181 57.065 65.4924
1173 88.7783 46.0068 86.1793
1174 70.5362 40.7562 71.1838
1175 87.6401 63.377 98.4809
1176 83.403 90.3247 58.3361
1177 82.7795 67.1343 83.5437
1178 84.247 80.5586 68.6842
1179 74.1794 79.0708 58.3548
1180 87.5677 81.1024 78.5238
1181 106.491 58.8077 58.4416
1182 93.0435 57.5951 83.0552
1183 106.525 40.1896 95.4261
1184 63.1251 54.5553 93.0365
1185 99.2196 70.2412 86.4044
1186 106.47 37.3342 85.2091
1187 104.998 60.6074 81.1115
1188 104.758 63.7385 71.1878
1189 93.8819 49.4706 104.988
1190 97.0628 59.7756 79.4989
1191 84.5525 49.934 93.9971
1192 86.5904 56.848 89.8234
1193 81.1818 65.2097 90.3336
1194 84.3806 47.4033 101.504
1195 110.227 64.0528 104.887
1196 94.6487 65.2423 74.2034
1197 87.2312 59.0391 84.4464
1198 106.738 58.3421 106.44
1199 66.3393 70.2179 98.2142
1200 86.6237 54.1318 115.478
1201 86.0681 64.8411 126.43
1202 96.3506 41.8007 106.709
1203 107.706 59.9542 126.826
1204 96.0252 78.5637 110.093
1205 96.2355 57.393 126.146
1206 110.188 64.9449 126.094
1207 94.27 87.7366 -0.320314
1208 87.6765 67.8298 -0.267024
1209 102.23 86.2981 12.9626
1210 114.19 86.8753 19.7573
1211 83.3663 97.1034 9.14481
1212 114.134 78.7313 8.51926
1213 90.18 78.1751 -0.238201
1214 83.9056 70.0315 7.48458
1215 102.08 78.7183 9.69766
1216 106.338 87.7113 -0.129478
1217 113.239 84.6925 22.8793
1218 113.001 77.9158 25.1708
1219 83.0987 74.2429 44.8188
1220 87.5149 79.1135 32.6022
1221 108.651 84.3966 51.7394
1222 114.123 81.9375 12.6359
1223 90.5105 90.4179 19.2185
1224 90.6688 82.0296 19.2277
1225 93.135 93.897 17.9464
1226 86.1604 73.5533 36.3428
1227 113.669 94.6632 22.6536
1228 100.626 74.1611 50.594
1229 98.9425 85.411 46.9556
1230 83.9064 71.8096 47.1213
1231 76.4101 80.2208 36.66
1232 107.863 93.3958 43.6664
1233 84.8472 95.5985 22.4634
1234 86.209 82.9484 60.1657
1235 89.9817 95.5237 45.4943
1236 106.19 101.391 68.2838
1237 82.5556 87.8589 60.2243
1238 108.474 83.2457 49.2825
1239 89.048 105.632 67.338
1240 99.2223 93.2521 65.0822
1241 83.1381 90.8434 97.1739
1242 92.9583 69.8811 82.6253
1243 100.434 74.5935 61.8312
1244 108.319 63.3515 44.5832
1245 106.253 98.2936 84.4154
1246 108.314 48.48 56.8598
1247 92.5003 67.9617 78.4319
1248 107.698 95.5712 57.4243
1249 106.575 85.405 73.5978
1250 95.1795 83.8758 96.484
1251 95.0328 75.9209 80.9481
1252 70.4887 77.8601 104.369
1253 104.95 65.7412 82.7308
1254 81.3907 72.0488 67.5173
1255 99.8205 79.7638 92.2649
1256 105.222 64.2175 85.0271
1257 96.6677 86.3216 87.5385
1258 106.769 81.1477 80.8364
1259 109.279 78.534 97.6739
1260 93.0085 81.6711 92.147
1261 108.052 88.66 96.7291
1262 96.6509 84.5357 114.213
1263 98.0617 81.7119 112.259
1264 69.0292 81.0987 92.6229
1265 109.531 76.0386 97.4322
1266 109.11 72.1111 121.185
1267 88.2833 69.6818 126.153
1268 114.21 73.0538 116.884
1269 92.2523 72.1241 126.358
1270 114.161 93.232 118.725
1271 114.289 79.8489 109.298
1272 94.1339 87.1629 126.331
1273 102.392 84.2594 105.899
1274 112.293 94.5182 126.436
1275 78.802 74.4049 117.833
1276 114.372 83.9039 112.367
1277 92.1876 81.9211 126.415
1278 92.246 66.6306 119.965
1279 98.5301 82.9631 114.837
1280 104.889 58.7555 126.007
1281 114.174 99.2576 4.09608
1282 99.9759 113.902 26.3615
1283 110.703 114.791 14.581
1284 114.214 97.8329 13.4929
1285 90.4917 100.138 11.4116
1286 113.532 94.9527 20.8991
1287 94.2772 101.714 31.1907
1288 79.0934 100.392 18.6045
1289 106.995 101.105 40.2836
1290 95.0472 90.0494 29.1393
1291 94.4034 103.494 13.6487
1292 98.5794 113.853 6.85522
1293 86.6962 102.031 29.6742
1294 99.1837 112.089 29.3093
1295 92.1148 113.534 30.6697
1296 91.4601 88.561 22.9765
1297 108.777 91.9415 41.4645
1298 106.734 111.175 53.7995
1299 107.262 109.165 37.5386
1300 96.5972 114.328 22.3129
1301 96.988 101.383 17.6959
1302 84.7027 102.182 32.9466
1303 106.162 111.781 49.112
1304 112.978 80.8903 37.5302
1305 108.685 90.5156 49.2283
1306 97.0128 111.798 33.8689
1307 86.3407 81.9167 53.5513
1308 84.2134 111.969 52.7113
1309 104.397 111.891 67.8089
1310 86.4666 96.8988 50.4947
1311 94.4197 104.448 80.8956
1312 106.404 94.4894 80.5392
1313 107.633 103.559 54.0744
1314 105.55 110.37 93.4125
1315 96.8215 112.378 59.6808
1316 105.889 105.745 82.227
1317 105.627 111.626 84.2541
1318 106.337 91.6114 80.5011
1319 90.9227 95.9844 100.768
1320 83.9015 82.6787 65.4982
1321 104.521 69.9112 70.7695
1322 106.759 83.4258 83.8868
1323 96.492 113.522 93.7759
1324 114.491 86.3201 113.85
1325 101.799 114.008 102.086
1326 109.339 73.6282 92.8094
1327 78.9286 73.5589 89.2721
1328 114.039 91.1143 123.959
1329 112.75 95.9205 104.876
1330 101.216 113.39 106.051
1331 67.942 114.354 123.291
1332 78.3724 92.3546 93.3656
1333 82.1344 114.178 109.098
1334 100.129 101.47 119.172
1335 90.1697 100.551 110.546
1336 114.062 103.306 124.104
1337 114.395 65.966 110.011
1338 114.56 110.918 106.872
1339 100.894 111.898 114.342
1340 114.207 104.618 116.205
1341 94.1185 99.949 114.813
