0 9.3698 18.867 -0.118501
1 7.78232 -0.0121157 5.46097
2 11.5477 23.6157 15.0222
3 37.4179 0.145379 12.1979
4 27.3486 3.86291 -0.0967674
5 11.2458 13.6824 -0.230826
6 2.83312 5.82264 7.48102
7 14.2736 -0.0985074 14.2553
8 21.637 11.418 -0.0895483
9 -0.883831 14.9749 1.52753
10 7.75816 1.71649 35.4083
11 5.32892 17.0351 28.2732
12 7.20687 12.8073 26.4733
13 15.4157 -0.199974 25.9335
14 13.8909 -2.12781 37.4047
15 7.28149 29.5938 52.3776
16 7.03459 20.325 59.9442
17 26.4682 -1.59443 37.721
18 7.9327 11.6892 28.5146
19 16.5018 14.6603 35.5783
20 35.4438 0.869512 37.482
21 3.07156 1.20339 -0.123135
22 40.2023 15.96 50.0269
23 11.7111 -2.57936 35.3828
24 7.57871 30.2845 49.4824
25 31.5022 -0.071363 52.3271
26 30.6564 22.5453 48.8821
27 7.03816 24.1221 59.4087
28 24.1136 6.8324 84.7192
29 29.4764 0.0211666 55.3117
30 7.42237 16.9186 49.9138
31 7.73257 1.17919 51.2669
32 35.1665 19.0768 46.8903
33 38.0228 26.004 63.8065
34 6.43842 32.7606 78.404
35 42.3185 42.2841 70.1371
36 34.1832 0.82847 65.2809
37 25.3602 32.037 58.0069
38 24.6428 1.88869 80.8306
39 14.1165 1.94019 80.3904
40 41.4975 11.7203 73.8185
41 6.21125 9.06272 81.3016
42 31.4348 12.7581 98.887
43 24.741 1.47892 85.8763
44 32.0139 0.20939 102.558
45 40.8078 -0.298363 100.555
46 6.60671 5.76462 77.5065
47 42.7982 1.07094 82.259
48 38.8811 49.4635 108.506
49 21.5721 16.7188 117.584
50 26.3871 10.2449 127.195
51 17.723 20.9485 100.305
52 -0.427956 16.4626 100.958
53 28.2592 10.3349 93.5281
54 28.1188 0.22185 90.8999
55 5.57083 7.65916 103.424
56 25.6018 20.05 102.082
57 5.60435 4.67094 94.6859
58 3.88799 16.4939 102.398
59 25.6475 15.2884 97.7186
60 -0.81294 15.8039 100.71
61 16.1121 0.0189457 121.427
62 27.4612 15.1386 126.533
63 20.6105 8.5404 126.086
64 1.44934 0.321492 119.142
65 11.2143 8.7334 121.435
66 24.9419 46.8057 15.704
67 25.2723 45.8671 25.0313
68 19.2567 38.6514 6.99552
69 -0.9113 36.7223 2.00544
70 15.2677 31.6721 20.2287
71 -0.875642 46.4847 1.90101
72 25.551 31.1463 -0.209556
73 22.2291 29.6013 -0.221642
74 17.869 43.7287 24.1298
75 1.34623 38.8847 23.8302
76 -0.683158 42.4412 12.6885
77 4.30403 40.4224 12.9628
78 7.75204 18.556 32.9652
79 7.02929 34.829 38.8476
80 22.9134 23.6705 34.082
81 12.482 43.0911 41.8256
82 17.5167 27.6662 19.1845
83 6.95744 31.4797 64.298
84 -0.589198 30.2877 19.5367
85 7.45335 27.1909 54.3115
86 39.4427 32.1368 48.9213
87 19.9037 33.1181 34.3664
88 26.8815 41.9595 61.1504
89 7.65917 13.6301 50.5051
90 25.2739 29.3214 45.362
91 12.905 36.9019 69.9914
92 4.90237 35.8387 87.8166
93 21.4092 20.4081 48.7406
94 12.483 21.3789 39.9762
95 41.3624 40.7763 57.7854
96 25.3201 41.1336 50.3424
97 29.8207 43.2692 50.4005
98 21.4118 15.1999 61.5786
99 7.15999 31.7115 58.8432
100 20.524 19.3576 92.468
101 6.65485 39.0801 70.8083
102 6.62634 17.1164 76.3865
103 35.6211 46.8866 83.6794
104 38.9483 34.4644 66.5337
105 6.66148 35.2388 73.5337
106 27.0277 35.2866 64.3298
107 13.3405 32.0143 85.2069
108 31.9509 25.4497 100.92
109 53.6271 0.754478 67.4355
110 10.8964 51.1833 74.0714
111 6.55467 30.8176 84.229
112 38.6492 39.5002 74.3751
113 4.02707 34.9095 104.85
114 13.2351 19.988 109.445
115 25.6392 51.6109 104.529
116 11.5505 61.7019 78.0783
117 33.3647 37.9502 82.9746
118 4.37181 41.158 96.995
119 37.5266 47.7906 115.314
120 31.9657 17.9533 93.8521
121 2.33409 50.3801 108.583
122 4.50995 36.4583 90.1397
123 19.9675 37.4198 101.611
124 14.1285 24.3854 109.162
125 18.1063 38.4148 113.624
126 24.0838 41.1586 119.121
127 22.313 44.6733 118.01
128 11.6639 39.3773 119.519
129 22.7851 46.3571 122.878
130 8.0494 36.1347 126.293
131 16.5734 46.1027 126.48
132 31.7154 17.7914 126.524
133 29.2522 32.622 122.097
134 32.556 61.3319 8.44984
135 10.0452 57.1492 0.166686
136 19.6582 67.5101 17.9789
137 29.2402 61.904 12.8209
138 1.78091 51.3662 18.9001
139 -1.03066 65.7462 13.341
140 25.6164 41.4076 28.9757
141 -0.537423 53.7621 22.6873
142 -0.273043 55.8454 20.5272
143 10.6633 55.2631 23.4286
144 29.7807 51.1782 28.9237
145 28.9096 59.7068 32.1805
146 13.3553 60.3811 11.2776
147 27.4871 58.0021 29.8421
148 4.30769 24.8245 24.9713
149 41.9159 44.9888 35.8334
150 39.5908 47.6144 35.329
151 -0.264412 54.3804 24.9581
152 6.25662 75.1558 55.6902
153 23.8138 48.0483 25.3303
154 17.0492 72.7584 18.0575
155 18.1085 68.9524 31.3871
156 27.8485 51.6505 27.9219
157 4.21458 55.8349 43.8742
158 20.4642 40.5935 42.2323
159 6.45542 71.258 58.4619
160 10.66 88.3422 25.9333
161 16.5118 59.0253 81.0934
162 12.1043 80.2285 57.0736
163 7.18292 39.0663 58.7802
164 35.8421 53.0048 37.7648
165 23.1949 43.3754 58.8406
166 10.6688 64.863 63.1487
167 3.60213 50.3877 38.3809
168 4.8506 59.4435 74.9039
169 23.4421 61.7582 77.9351
170 35.9245 68.4125 80.0983
171 36.926 65.2181 58.9267
172 4.86921 56.1192 77.8987
173 32.2479 58.7664 95.3199
174 27.9092 20.2497 93.4409
175 1.95873 58.9381 103.467
176 21.309 57.5201 76.9116
177 28.8891 62.9842 79.2782
178 36.3825 38.6581 96.4243
179 24.5612 49.4492 90.9188
180 4.64465 51.5704 89.8649
181 -0.685458 63.0984 110.173
182 0.840432 62.1154 101.871
183 26.9726 44.1194 81.5291
184 14.3613 76.4869 93.8162
185 23.4945 54.0157 100.612
186 -0.768226 50.1536 107.769
187 24.4866 78.7465 97.4817
188 -0.630059 65.9235 103.226
189 12.173 63.0974 126.403
190 4.2578 53.7707 126.483
191 1.11713 67.5904 126.599
192 19.4314 66.2298 117.881
193 19.6684 69.8851 126.761
194 -0.693943 55.0214 115.121
195 7.46786 57.4639 126.769
196 20.4761 48.5826 126.337
197 23.5335 47.1267 119.682
198 28.7077 63.4368 126.608
199 -0.589166 68.7253 8.54576
200 -0.659406 88.7484 8.66152
201 15.1709 78.5851 20.9183
202 22.1599 79.2477 14.2194
203 23.5747 81.0169 6.39386
204 18.0654 84.4007 0.151028
205 10.0102 77.1224 -0.0236078
206 23.8334 78.9049 3.41716
207 2.15905 75.7112 11.7321
208 19.3065 63.3674 -0.510002
209 1.73899 82.5334 36.3108
210 42.5062 65.9192 36.2969
211 11.1486 88.6699 13.548
212 26.7994 72.3719 21.6244
213 12.1446 73.6301 29.8354
214 8.88959 56.1653 22.4179
215 34.4669 75.838 18.8418
216 -0.276966 72.0568 31.9866
217 -0.617341 79.726 18.3555
218 10.7989 81.9044 33.7086
219 21.3558 66.5947 24.5734
220 3.86453 73.342 47.4841
221 1.49994 84.8575 37.9881
222 16.8183 56.9711 47.4955
223 1.44504 95.2435 30.8877
224 11.4299 81.218 50.5806
225 23.6011 86.7459 27.4262
226 25.5118 76.451 43.55
227 25.1943 77.9891 32.4213
228 30.0142 73.3861 45.086
229 5.99711 79.2564 54.8648
230 20.302 103.31 60.1019
231 6.22379 73.1675 52.9569
232 8.71038 103.494 82.6562
233 32.4311 82.7774 60.4357
234 32.9436 59.9393 51.8138
235 10.6528 48.3044 71.3601
236 6.64775 74.6443 67.8991
237 12.4647 90.0264 68.6303
238 6.56213 72.531 73.287
239 6.74342 48.1865 62.1044
240 6.66178 53.8536 53.3478
241 22.0578 42.8478 77.5442
242 39.4307 72.8856 60.3425
243 21.6951 63.8124 79.2037
244 33.1894 99.4685 74.3777
245 6.61974 87.5069 74.3288
246 25.1046 90.0015 73.2163
247 22.7373 73.5781 80.5502
248 9.02954 111.319 60.2133
249 5.7999 93.5526 47.3916
250 30.5426 73.0743 69.2838
251 6.88628 84.5705 77.7447
252 32.488 61.41 93.1204
253 23.6672 87.4493 81.6956
254 6.69665 66.7686 77.8286
255 18.3968 83.3975 94.1757
256 22.1223 83.1391 93.6674
257 33.888 69.9497 111.887
258 11.2379 104.968 102.942
259 6.02099 93.0793 96.1205
260 6.5502 75.7085 70.0677
261 6.69528 85.1227 72.7336
262 14.0823 84.8236 96.4418
263 14.3253 80.6669 78.2054
264 5.00146 72.8918 100.39
265 2.76684 68.5043 92.0116
266 25.6505 82.5083 108.016
267 -0.250498 80.178 108.098
268 40.0481 91.5199 86.4514
269 36.0037 75.6296 107.003
270 -0.573748 75.1063 108.157
271 18.1079 86.5259 117.867
272 20.7929 77.9988 126.58
273 -0.49389 72.5364 123.792
274 4.81099 86.6957 121.478
275 19.6309 74.269 109.676
276 24.9753 72.4125 109.785
277 40.6599 83.1426 126.485
278 26.3003 111.977 -0.0549938
279 29.5816 100.617 -0.312797
280 18.7072 92.0886 0.0322506
281 3.13931 113.719 9.22213
282 19.607 114.742 4.27563
283 1.24147 97.7096 -0.165075
284 27.9674 79.0027 39.3078
285 -0.777121 95.2431 15.2466
286 17.5108 110.078 -0.249565
287 43.9094 62.3803 27.109
288 13.9739 112.411 40.2196
289 5.30232 106.987 12.1902
290 -0.530629 105.069 25.1206
291 13.4402 114.626 18.8446
292 -0.838716 102.374 17.9969
293 33.0626 113.451 57.1485
294 9.904 103.788 46.9597
295 10.1733 114.038 7.14198
296 25.6685 108.328 -0.254457
297 54.8804 79.3915 33.0758
298 25.7694 113.288 54.1686
299 27.7316 105.506 39.8502
300 23.5584 93.7247 38.9186
301 3.33457 102.363 33.9534
302 6.02979 88.9302 59.6058
303 23.6439 114.916 37.2854
304 7.09975 111.426 38.4151
305 41.9826 115.38 40.2811
306 34.0138 115.397 43.8291
307 8.9908 101.518 31.5098
308 31.4967 114.783 33.3242
309 6.97365 111.96 41.1973
310 17.5753 114.155 37.8603
311 20.7662 86.0645 48.8755
312 30.7681 82.0169 40.6602
313 54.7095 114.766 44.1742
314 1.68756 86.7471 42.9347
315 25.0859 112.749 104.373
316 36.7108 99.3452 67.4032
317 8.07263 109.503 67.6301
318 9.75738 113.577 65.5861
319 11.2524 93.4741 64.2027
320 21.0496 114.857 83.835
321 26.1297 88.149 106.424
322 38.2827 112.057 96.8458
323 20.9902 113.534 70.9142
324 21.4219 112.839 105.193
325 21.7911 83.1777 85.6298
326 8.8611 112.769 86.9065
327 6.5329 91.7902 91.9169
328 31.8488 93.2406 75.9826
329 27.0892 97.9324 120.859
330 29.209 95.8235 72.4694
331 29.419 111.916 97.5825
332 6.87859 101.337 116.056
333 9.33772 113.155 91.4523
334 1.15922 110.313 107.481
335 -0.586362 110.427 117.359
336 0.00318237 114.084 114.69
337 10.2231 109.354 106.017
338 26.0601 114.729 125.589
339 31.7428 109.34 126.659
340 -0.511742 102.007 114.971
341 16.7655 105.632 126.271
342 -0.935519 110.741 110.327
343 36.791 13.9565 8.18976
344 26.4898 4.66874 7.09991
345 51.3396 -0.174922 8.90563
346 45.757 16.3189 -0.0246536
347 58.7585 -0.130019 14.2066
348 44.7971 21.5416 1.2056
349 34.5451 12.6846 -0.0590795
350 47.563 20.4901 8.24573
351 40.9247 26.1965 8.10593
352 26.1918 0.807875 22.5367
353 57.781 0.37486 15.8602
354 38.5229 0.560731 22.4817
355 43.7471 1.59993 35.7925
356 40.5501 0.997477 26.3053
357 41.8052 27.4579 48.2432
358 33.7719 26.1387 11.2664
359 71.8368 0.375598 15.6196
360 34.9054 12.5682 39.3252
361 41.4023 1.48738 31.3345
362 32.8802 23.5825 43.124
363 59.5127 17.4726 48.943
364 47.3999 17.5745 49.7158
365 40.1996 1.43313 41.4033
366 50.5725 0.945133 54.5705
367 44.7755 14.6482 28.1425
368 53.7329 2.51122 46.6391
369 45.978 0.381017 67.5324
370 38.1714 22.0113 61.5651
371 39.9471 17.3368 52.6478
372 39.059 0.266908 62.9808
373 50.0726 22.3184 53.8875
374 16.8827 -0.915332 46.7517
375 56.5085 11.9798 67.9978
376 56.6671 19.37 87.9411
377 30.0544 -0.775295 92.3263
378 52.9547 25.4424 98.0288
379 43.7298 26.0187 79.7821
380 36.6703 -0.012088 88.5327
381 92.5879 -0.0709476 102.036
382 36.6183 35.4381 92.8981
383 45.0948 29.4792 97.8635
384 63.1174 24.7829 94.2626
385 38.0259 -0.251065 110.907
386 26.3095 0.884059 93.9482
387 58.5775 -0.106021 91.9466
388 17.2525 1.90178 92.7132
389 15.1738 21.8796 106.417
390 50.4268 21.9965 103.807
391 51.6892 16.7738 110.082
392 23.9636 0.197741 102.441
393 53.3679 12.6563 126.602
394 39.4964 5.24114 126.64
395 39.5459 15.1357 126.787
396 43.0906 14.2817 122.885
397 36.1748 1.33617 126.26
398 37.4835 -0.166302 119.648
399 43.7027 17.5108 109.542
400 55.8186 12.4029 126.467
401 44.5898 8.96779 126.361
402 30.3573 32.4969 -0.0414141
403 33.4582 42.9845 18.2138
404 33.3683 41.5049 -0.597589
405 47.624 35.9082 -0.463579
406 53.5407 41.3441 -0.398785
407 45.7066 35.7005 14.4953
408 23.446 48.5554 6.8406
409 45.4729 30.463 11.7418
410 31.3539 28.7326 -0.256933
411 51.5045 39.0435 -0.366897
412 32.1992 44.4584 3.52404
413 37.4649 45.6125 7.81874
414 55.3998 37.2515 16.204
415 27.5068 44.2859 16.8119
416 41.6984 55.2285 26.5525
417 50.1265 57.46 26.5819
418 23.2453 35.6613 18.9035
419 35.5415 30.4492 26.8482
420 17.5004 56.2454 16.8602
421 34.8822 0.707688 16.906
422 36.509 20.3126 52.9042
423 53.3955 20.4382 53.039
424 53.6122 40.4221 18.9465
425 41.4052 17.6444 32.3957
426 69.091 14.7747 40.2823
427 63.4826 22.8767 39.115
428 35.6839 51.3894 40.9394
429 57.3674 35.918 42.5041
430 33.5118 41.2302 29.3591
431 58.4798 18.9537 31.198
432 23.4893 28.6724 34.4064
433 66.7058 21.8494 38.4326
434 43.0307 29.4996 66.664
435 38.4552 18.1958 51.6095
436 57.7233 56.5869 83.9623
437 41.6906 18.0298 57.1464
438 55.1452 56.296 90.2179
439 33.1681 40.0404 65.056
440 62.7189 52.8548 80.0486
441 40.865 41.0486 67.2183
442 44.9176 19.5237 80.8159
443 25.7385 22.2169 61.2539
444 28.6204 36.9851 95.088
445 41.1326 33.6193 67.6777
446 51.1236 26.7074 71.7237
447 51.2342 34.6168 61.4262
448 59.0305 19.8855 74.7964
449 35.0383 38.8802 66.3139
450 47.4893 37.8681 66.7362
451 34.6632 35.8467 84.6197
452 44.6051 51.0133 87.6015
453 51.3484 41.4856 68.9328
454 25.9478 34.0101 90.4431
455 56.7795 40.0108 85.0679
456 16.5279 34.363 74.4327
457 59.4873 31.0569 71.8012
458 46.3127 21.6425 83.893
459 29.9104 71.6699 91.364
460 64.6535 44.0912 82.7266
461 53.705 52.4086 69.0661
462 42.9328 32.9264 96.7268
463 41.3036 53.9244 91.7476
464 54.2108 45.8239 82.411
465 40.2541 42.3791 103.594
466 44.4194 10.6747 102.549
467 30.4335 27.8223 103.844
468 40.0927 46.8051 106.356
469 55.0863 24.4626 99.0463
470 24.1057 43.7963 119.313
471 39.2179 46.8086 103.818
472 51.6272 38.8797 117.479
473 40.8798 39.9244 121.751
474 31.667 27.6163 126.776
475 40.6185 28.7091 126.312
476 50.3356 49.78 111.292
477 53.6874 46.4641 117.212
478 56.6405 28.4985 126.21
479 43.242 44.9638 112.924
480 33.9106 55.0998 0.0336452
481 46.1203 51.8514 14.1136
482 54.4849 69.7161 0.125301
483 41.4792 58.1268 21.8205
484 45.484 25.897 30.3276
485 13.1479 55.2523 15.1905
486 40.7194 50.4308 27.2681
487 38.3786 68.7591 19.0054
488 52.119 50.14 30.109
489 54.7668 68.4102 23.8868
490 47.7013 56.7664 24.0862
491 46.2794 59.1128 33.4359
492 48.4053 67.1431 24.819
493 67.3718 62.1113 75.1567
494 53.6278 34.4424 20.686
495 33.8737 44.2397 40.8027
496 52.8224 51.4874 39.8758
497 50.9143 59.8618 46.0618
498 30.6075 51.1951 38.2854
499 35.5897 64.2515 24.3251
500 35.0855 62.2032 60.422
501 29.8914 42.5914 63.2385
502 33.8685 54.1826 43.9353
503 35.4075 55.1757 60.9751
504 42.9665 57.0338 58.3729
505 42.0478 51.3826 36.4837
506 57.8947 74.121 71.1677
507 47.8303 43.5436 63.0819
508 39.4505 67.0172 69.9257
509 57.336 68.507 85.12
510 45.4059 63.9886 84.0812
511 47.9603 68.5344 87.3589
512 53.3045 56.8812 61.6206
513 35.4181 68.0105 55.3362
514 29.2426 69.7995 88.4498
515 39.7103 65.0748 90.317
516 42.6994 69.9585 83.4578
517 44.3249 64.359 89.954
518 49.4789 62.5951 74.2352
519 46.9174 58.1875 90.8368
520 41.2973 72.6142 83.2059
521 56.9673 64.0262 97.5432
522 70.0677 50.7815 76.5612
523 53.7041 69.5095 66.4744
524 22.8441 49.1833 86.3415
525 40.0832 61.6524 126.789
526 30.8154 54.9151 108.216
527 68.6871 68.7843 104.661
528 44.8053 76.7328 104.62
529 30.2875 55.6041 111.575
530 43.4876 60.1639 104.495
531 31.5457 62.4135 126.908
532 35.7366 67.0592 116.711
533 49.0619 65.7999 126.428
534 27.0071 53.1336 106.646
535 45.6123 60.9323 114.421
536 56.5175 49.5251 121.697
537 41.4816 88.1446 -0.110412
538 45.6864 83.3002 -0.27265
539 37.8937 71.8674 19.2868
540 49.9483 56.1212 16.9794
541 54.9089 87.2872 9.13043
542 25.0285 79.7675 12.8006
543 27.3757 73.144 -0.539911
544 47.8145 57.7726 18.4852
545 43.0475 89.8962 28.3179
546 45.7415 66.5988 28.2382
547 38.2063 102.322 16.5127
548 20.8446 86.621 36.8872
549 51.9303 63.2978 29.4051
550 67.8329 64.024 39.9263
551 46.9865 103.483 25.7783
552 37.3149 103.07 27.227
553 27.4797 95.9875 28.3857
554 39.5344 70.2433 22.2729
555 51.7373 61.8698 31.8393
556 16.0982 55.3044 37.4562
557 20.8013 85.3676 34.3928
558 41.1654 86.7475 24.5828
559 58.4735 66.7492 19.2686
560 29.709 77.1728 46.6015
561 39.7497 90.5303 44.4671
562 39.8073 52.0527 39.9529
563 58.2455 96.2612 30.9123
564 43.5296 75.8069 45.0162
565 65.9544 74.8969 26.7716
566 11.5463 92.5105 52.5611
567 52.2032 95.8192 38.9752
568 63.2752 70.9545 79.5051
569 35.4786 82.4181 42.3587
570 51.4913 79.6731 45.465
571 17.3177 54.5673 47.5899
572 55.4624 67.4963 52.9419
573 59.1141 86.5022 44.7752
574 42.0559 47.508 38.9519
575 37.853 71.3476 36.2735
576 45.2014 60.1413 44.5247
577 6.29505 89.5097 65.2022
578 33.3454 83.7517 27.4952
579 46.1266 97.9601 71.3289
580 65.7987 98.5791 62.0298
581 59.6149 70.3013 84.5899
582 36.6842 83.8814 71.2246
583 67.7156 78.8623 51.9821
584 31.7839 71.4301 69.917
585 37.2279 89.1692 75.1541
586 34.1322 86.0781 80.1062
587 53.6258 73.1236 106.636
588 19.3022 73.6737 85.2691
589 23.4536 81.8182 109.179
590 42.4175 71.4311 81.3668
591 58.7647 65.9326 93.7227
592 66.3903 73.167 100.379
593 44.4548 70.15 83.3297
594 22.6196 74.8228 70.6955
595 36.0538 42.9662 104.105
596 46.8864 74.0682 108.429
597 35.9261 74.0696 119.784
598 44.4788 75.1986 106.863
599 62.3121 76.7903 102.545
600 60.3428 71.397 99.0507
601 50.719 89.5163 104.373
602 52.5896 76.0528 103.937
603 47.4679 101.808 108.241
604 72.136 76.465 98.214
605 34.7496 80.4727 98.4737
606 68.2588 71.779 99.0305
607 51.1545 64.5324 105.551
608 47.1864 64.1943 80.4384
609 34.0592 75.6564 122.131
610 42.2415 94.685 113.227
611 56.2278 80.5168 119.058
612 45.3918 93.8986 112.81
613 42.3922 74.7863 120.346
614 42.2429 77.7468 120.544
615 64.8079 78.0666 126.603
616 35.474 102.84 -0.145708
617 36.3012 113.537 0.712212
618 54.8385 114.759 2.03774
619 30.3456 91.7619 14.1293
620 51.2613 114.004 5.24053
621 42.5669 102.162 -0.013205
622 59.4228 103.732 20.5839
623 44.5375 114.364 10.4855
624 43.9315 95.4042 22.0015
625 30.397 114.687 2.12313
626 41.1386 99.8308 11.0049
627 22.8566 114.071 12.4137
628 49.5465 76.0608 32.2373
629 26.2274 114.932 40.0457
630 35.431 114.649 22.1629
631 32.9102 69.9534 19.8991
632 25.5008 98.0658 25.1396
633 38.2058 114.632 33.2396
634 46.0811 100.289 21.2982
635 19.6185 114.634 36.6912
636 71.2999 115.076 37.0199
637 9.74928 91.3277 21.1206
638 48.9085 115.133 50.6306
639 51.0872 114.615 34.566
640 60.7016 111.389 65.1729
641 46.2803 85.4208 35.6272
642 58.233 113.958 59.3822
643 30.6848 114.346 27.6666
644 56.5538 114.988 32.5336
645 48.3133 115.221 47.6246
646 46.1835 107.487 44.4463
647 40.1992 105.022 33.485
648 12.797 112.178 57.1977
649 54.8798 110.831 71.4288
650 47.7399 114.236 56.3145
651 42.486 110.061 75.6127
652 59.6884 80.2693 66.7414
653 64.612 115.194 43.4658
654 43.2076 105.609 60.8486
655 41.489 100.718 71.435
656 64.5026 106.522 70.6482
657 28.9247 80.3515 81.1102
658 37.74 99.2686 91.3893
659 30.7804 113.039 85.8849
660 8.00928 88.4495 88.2282
661 59.2798 111.912 100.562
662 51.641 112.412 101.454
663 46.2549 111.691 68.2558
664 56.4482 111.946 93.5328
665 42.9017 110.301 92.6381
666 49.664 111.759 88.7065
667 59.6616 96.0706 78.041
668 41.3487 111.777 97.669
669 41.3892 96.6597 69.4835
670 48.4204 88.1101 67.8108
671 26.9707 113.929 85.1119
672 29.8217 105.945 109.176
673 55.5563 112.255 101.229
674 37.192 100.898 109.532
675 42.9118 91.8182 103.76
676 43.1841 100.855 95.9383
677 39.0669 113.165 108.019
678 67.7642 100.132 92.1123
679 28.5548 114.312 114.181
680 33.6103 87.194 126.848
681 48.8189 95.8161 112.266
682 40.7269 104.788 123.646
683 43.6292 87.0249 126.825
684 48.1954 114.558 123.141
685 24.9854 105.619 126.134
686 20.7281 114.208 121.127
687 41.8671 109.573 126.596
688 64.0822 101.052 113.925
689 57.7548 96.8419 126.397
690 50.7642 113.999 117.711
691 68.8077 0.0541085 4.15075
692 70.6687 15.1777 0.101972
693 83.6841 16.0348 11.281
694 83.8887 25.4736 7.73081
695 61.806 13.7778 -0.259326
696 55.8326 22.5523 22.5413
697 69.5987 0.234859 11.9539
698 72.0314 21.9073 20.3846
699 62.2538 21.5437 11.7857
700 65.0504 1.4416 33.8139
701 83.23 0.577672 16.8082
702 81.9858 0.237587 20.1609
703 66.5796 1.05899 22.3811
704 91.0244 12.389 39.0238
705 99.0101 12.693 -0.247066
706 55.9216 0.632114 20.0774
707 70.9148 12.4318 31.6111
708 72.2437 19.4525 32.5891
709 73.1783 27.513 57.0651
710 60.0244 24.4345 49.9475
711 53.6793 1.57092 31.1127
712 51.3552 18.4674 52.2381
713 63.213 0.872696 59.2507
714 77.6639 41.0352 30.0885
715 64.912 2.70014 48.5723
716 57.4688 24.686 45.6905
717 56.9512 2.79362 48.9665
718 72.8695 29.3605 57.967
719 58.088 -0.149032 98.449
720 70.9216 17.9421 89.6244
721 82.1969 -0.348871 76.9084
722 63.7523 0.181072 63.5263
723 71.8218 0.0396087 98.71
724 68.1739 -1.4082 82.4692
725 64.7186 27.2755 67.8373
726 58.6417 11.3186 69.4232
727 80.9719 19.1753 95.7246
728 48.5327 32.0738 90.9912
729 86.1322 0.159587 112.582
730 71.8323 25.0032 84.1862
731 40.2215 -0.266893 92.053
732 94.4654 0.0944944 112.549
733 74.4855 0.123032 118.324
734 89.3641 0.208431 116.357
735 87.7856 20.0857 126.993
736 84.5792 29.9528 121.655
737 59.3125 22.6712 113.274
738 67.3193 -0.0600475 112.855
739 90.1907 17.4812 101.782
740 67.052 27.5405 127.468
741 61.6167 12.7555 126.657
742 70.0739 10.6133 115.422
743 87.1715 18.0038 113.069
744 56.9261 1.42181 126.376
745 80.6218 6.2327 126.345
746 63.9231 -0.0674631 109.173
747 63.8439 14.9845 126.656
748 75.784 26.4587 -0.54642
749 73.8555 43.5279 -0.343082
750 96.1842 43.4351 -0.828117
751 81.929 32.4154 15.8629
752 71.6903 31.2008 -0.501885
753 61.7648 23.8591 -0.442384
754 68.4468 56.49 34.7207
755 45.0973 54.7934 32.0603
756 67.2965 42.2184 16.2768
757 39.6449 25.4467 15.481
758 70.2164 19.6506 36.4083
759 68.0399 39.5956 24.898
760 62.2283 38.517 43.438
761 61.2157 35.8086 47.193
762 66.3986 34.6783 33.438
763 69.912 28.059 59.2163
764 73.7372 65.0502 26.82
765 73.9385 27.7923 58.9739
766 68.7838 45.4906 52.0209
767 63.4062 53.1177 48.0759
768 86.2618 16.985 59.0009
769 101.031 39.8758 39.5988
770 67.2012 57.6521 65.3229
771 66.7703 31.601 51.0061
772 84.6259 37.2826 61.908
773 88.5155 26.7287 77.5331
774 70.2673 40.8837 74.784
775 65.6317 23.871 37.9418
776 60.8097 28.6535 64.9961
777 71.3767 39.4592 75.2673
778 71.9867 33.7604 85.917
779 94.5363 30.2006 58.6426
780 69.8262 26.3304 61.236
781 76.6165 23.7298 80.0987
782 69.889 37.4566 68.7295
783 74.3903 41.5894 89.4077
784 75.1937 18.0508 81.8975
785 73.5746 30.0703 80.2402
786 59.3537 16.0651 75.2179
787 68.4538 43.4559 83.6787
788 55.4862 59.0333 98.3066
789 69.5279 56.2313 98.4797
790 75.3298 31.549 81.0122
791 86.4197 55.995 77.841
792 48.6191 41.0914 83.9247
793 50.0492 19.1759 79.0692
794 49.7534 18.2592 108.184
795 55.3441 36.0933 106.705
796 62.185 36.7778 123.072
797 107.656 17.8944 96.4614
798 79.9318 42.0968 105.331
799 60.3621 60.7361 92.3392
800 87.4914 30.9821 106.464
801 92.5802 25.5743 84.6146
802 72.543 34.4053 82.3775
803 54.4786 50.2159 93.891
804 53.4487 35.0334 126.498
805 72.4948 31.2792 126.393
806 49.0514 30.2536 102.694
807 71.879 29.346 113.376
808 57.0464 33.5833 112.129
809 80.2663 32.2809 126.761
810 78.9719 44.9059 -0.109276
811 67.704 53.5346 -0.435062
812 75.7525 53.6394 -0.487501
813 61.3063 56.8035 22.6604
814 59.874 59.9277 12.2994
815 69.1684 52.6282 5.63762
816 72.0797 63.7826 17.2061
817 90.5077 65.5178 18.5459
818 71.3216 57.6231 7.56962
819 77.7672 60.2114 7.65071
820 83.3051 46.8121 13.7242
821 63.3944 53.8746 14.0146
822 51.9033 58.3207 29.5316
823 48.929 56.7819 47.4227
824 61.6396 88.9818 24.122
825 52.1093 57.791 26.9769
826 61.6718 59.9588 15.2996
827 61.6365 55.4217 14.9946
828 79.9162 70.1343 42.4323
829 79.7261 66.7206 40.2672
830 79.77 65.5211 49.8135
831 76.8955 34.3005 49.547
832 46.8587 66.718 33.3136
833 75.753 52.45 23.6737
834 77.875 58.6505 40.5227
835 71.8638 85.0605 21.8546
836 79.7663 51.8825 23.9368
837 81.1958 50.8224 49.7862
838 76.7203 66.4322 46.9039
839 85.0738 41.4777 78.3604
840 67.061 72.9895 54.5807
841 74.3336 64.9935 42.5923
842 53.7404 45.3766 64.7575
843 51.6358 55.7343 80.2112
844 71.7795 67.9709 77.175
845 79.9908 56.5858 60.7053
846 74.5995 49.8941 84.3157
847 61.904 55.3332 58.6378
848 82.0541 64.6184 54.578
849 64.4444 40.8455 75.7892
850 87.271 64.9074 99.6098
851 79.9532 54.7771 75.2196
852 85.5566 54.8842 100.151
853 55.4422 58.468 60.7534
854 68.843 45.5634 56.7943
855 72.7869 42.4382 76.4075
856 64.0027 45.7292 83.688
857 65.2674 55.2839 91.8057
858 85.4936 64.4005 109.524
859 81.3826 34.7369 94.0515
860 60.0313 75.3152 101.541
861 62.1603 57.3321 103.674
862 63.9588 74.6642 112.328
863 68.3759 44.9892 116.565
864 80.2171 54.2639 97.2578
865 87.9471 47.9312 111.579
866 56.9638 64.1611 94.0865
867 66.6132 65.1648 106.258
868 89.3324 63.1389 116.942
869 91.1856 55.18 113.135
870 84.9533 45.8306 126.362
871 68.6669 65.6097 126.302
872 73.9907 59.7435 126.524
873 89.886 65.1604 112.038
874 92.1567 59.7828 126.691
875 84.1298 54.6729 126.697
876 84.2951 82.8798 7.79909
877 67.9684 72.0102 8.61828
878 91.0792 84.4448 -0.00138289
879 64.3622 91.3774 15.614
880 65.9352 90.6113 -0.267985
881 68.1776 80.709 -0.626815
882 62.0025 84.9857 11.6144
883 69.6732 71.0917 10.3825
884 65.9975 73.6021 -0.36199
885 66.9399 95.8111 11.7143
886 61.7859 86.2116 24.0902
887 65.6464 69.4109 8.89631
888 89.284 65.7485 8.02866
889 56.8289 69.0104 22.7254
890 100.096 88.445 30.1465
891 68.108 93.852 8.73688
892 55.3761 63.36 48.2763
893 61.2147 79.8881 19.7508
894 89.9133 78.1088 43.9063
895 84.8144 59.511 30.1376
896 93.817 64.0445 24.3405
897 82.4646 71.8453 39.8252
898 80.5515 86.9251 22.66
899 55.7224 57.4193 23.1916
900 82.4724 93.0868 60.4072
901 78.5657 107.309 36.5315
902 53.8926 93.8855 61.9742
903 65.9016 93.2982 76.2456
904 68.8055 91.4876 41.8271
905 72.7064 76.0358 65.3125
906 54.1966 95.2274 76.441
907 73.7953 76.1915 75.5825
908 53.4319 66.7164 46.8466
909 62.9733 87.3337 76.1058
910 69.775 90.819 43.6013
911 80.0916 60.9291 91.5198
912 52.6061 68.1463 81.8166
913 75.5196 80.9974 66.5171
914 63.8622 80.6485 56.7599
915 88.4281 79.546 79.3142
916 45.9563 77.0569 85.6471
917 65.573 37.4791 97.247
918 51.3984 111.505 89.198
919 71.3958 73.5689 86.096
920 79.3899 62.458 93.2716
921 79.9569 97.5044 77.1122
922 78.1546 64.6029 90.5625
923 60.722 76.6516 106.308
924 70.2628 72.8557 97.8163
925 72.4756 93.3894 104.654
926 42.8325 65.6272 91.2263
927 70.7153 72.1671 110.987
928 65.3385 82.1805 116.654
929 81.1756 70.8273 126.456
930 59.9873 81.9814 126.665
931 72.0751 76.8352 126.565
932 88.9484 73.3138 126.582
933 77.8097 72.342 126.629
934 71.9068 79.8443 126.725
935 61.5042 89.421 126.493
936 66.045 78.3541 107.155
937 60.3978 88.5885 112.509
938 86.9008 97.0359 7.3787
939 59.8845 97.4558 11.1108
940 51.7175 98.4495 9.8116
941 75.9494 90.5465 -0.176132
942 80.3729 99.2222 26.7906
943 75.7337 114.057 12.5057
944 71.9496 114.6 33.6435
945 69.1868 97.1743 39.1131
946 75.2788 114.111 6.98518
947 60.4151 114.548 30.2944
948 64.0904 103.561 10.2084
949 44.0334 103.296 20.3682
950 64.1448 90.2671 36.6088
951 81.8185 114.235 15.6384
952 61.0032 112.912 61.1558
953 69.9396 80.3231 36.8926
954 78.2816 96.2801 34.3233
955 58.2384 92.3568 57.1883
956 67.1254 100.377 47.7027
957 64.8519 112.615 67.2525
958 65.1007 111.055 72.8296
959 82.2217 83.3308 55.9536
960 50.8983 87.6678 35.4872
961 54.0044 90.8308 63.2517
962 103.671 113.919 73.0961
963 68.3807 114.763 40.4327
964 42.1526 83.266 35.9341
965 78.6884 84.9203 52.0916
966 55.1169 106.033 61.6505
967 53.1665 114.435 48.9906
968 67.2569 103.734 45.2994
969 73.0405 90.9901 64.606
970 87.3027 92.381 86.9235
971 63.1106 112.11 67.2073
972 71.2541 113.072 50.1378
973 83.3958 95.9148 65.4544
974 58.9987 114.528 40.1977
975 72.6216 80.638 81.8066
976 83.8031 112.16 83.8665
977 91.7782 100.177 74.6133
978 71.0537 82.9046 93.422
979 71.9427 101.756 72.355
980 62.2904 92.6027 89.1136
981 68.8797 111.428 86.7756
982 55.0875 110.742 66.6644
983 79.4484 113.835 75.9903
984 65.3182 103.048 85.5389
985 67.3413 112.518 62.0811
986 84.8974 113.965 121.081
987 56.0772 112.841 105.026
988 66.5285 99.7559 93.8701
989 79.1218 111.829 94.9517
990 56.2089 102.915 92.3796
991 85.7347 112.176 97.0011
992 71.8851 82.2384 107.685
993 75.2513 112.983 107.922
994 66.9419 78.984 101.445
995 87.9661 111.912 94.1951
996 51.1209 92.0149 103.683
997 61.6231 111.739 92.4591
998 69.0715 100.391 126.198
999 60.8834 113.975 121.337
1000 81.7926 104.464 126.498
1001 62.0903 102.016 126.719
1002 105.074 81.0359 126.474
1003 68.5161 95.6395 126.465
1004 80.1762 114.117 112.941
1005 57.7422 106.91 112.176
1006 92.0738 99.4813 115.726
1007 60.5594 100.625 126.327
1008 114.087 21.1117 6.11458
1009 102.056 15.2699 8.40809
1010 94.8338 24.1103 4.59313
1011 105.562 13.5749 8.01292
1012 93.2992 0.924307 0.673829
1013 97.9611 7.58676 12.3315
1014 78.3267 18.7148 18.5322
1015 84.7744 18.2152 19.8256
1016 113.103 1.71095 15.1698
1017 87.0241 0.750636 22.1879
1018 93.1082 9.70743 10.4349
1019 72.1052 0.561517 23.9235
1020 84.7636 1.66008 33.7364
1021 86.4544 15.3762 14.4255
1022 105.566 8.19133 37.8477
1023 95.6991 14.2874 43.1724
1024 100.017 -0.984599 29.1808
1025 107.207 37.4083 41.4099
1026 94.4111 15.9448 42.7536
1027 100.094 21.09 33.9287
1028 94.0708 -0.0771793 33.7295
1029 106.583 17.0269 53.5601
1030 83.0265 27.2653 65.9114
1031 77.13 0.0204866 70.5981
1032 104.222 -0.431304 66.1968
1033 97.7522 18.6621 44.3795
1034 105.827 10.9442 44.5908
1035 94.0594 0.244757 62.2932
1036 107.341 33.8477 57.6543
1037 75.9753 10.0254 50.3672
1038 94.0749 23.715 61.4118
1039 99.4351 1.17095 88.9214
1040 107.681 21.1557 74.9473
1041 91.3224 0.868959 81.7283
1042 97.3131 0.339425 67.7801
1043 86.0292 -0.446688 83.8045
1044 104.449 1.8455 83.9954
1045 95.1743 16.6605 81.1248
1046 102.508 0.163837 101.998
1047 87.2166 22.8857 73.4808
1048 107.615 24.697 75.3193
1049 107.198 1.68714 98.9405
1050 106.874 0.521436 105.652
1051 107.662 13.0114 84.8212
1052 107.929 28.3144 77.4728
1053 107.326 23.1214 98.3204
1054 107.078 9.05908 86.4201
1055 103.191 0.329347 78.3082
1056 88.0224 31.667 104.551
1057 107.213 1.20848 100.653
1058 92.5563 -0.949402 96.0684
1059 91.399 -0.169405 104.308
1060 96.9764 13.4069 92.5172
1061 105.176 1.72737 88.7188
1062 84.2595 38.0962 104.651
1063 97.3083 34.741 97.4701
1064 94.8142 0.173016 104.266
1065 112.395 5.94733 108.322
1066 90.723 -0.0191075 125.157
1067 105.995 7.82448 126.342
1068 112.351 5.31673 126.304
1069 108.251 0.0791501 122.393
1070 90.7693 44.7705 -0.0936665
1071 93.3352 44.1425 8.57213
1072 96.9087 24.8046 3.47899
1073 101.749 39.4648 17.2766
1074 99.155 45.068 -0.233623
1075 99.5399 36.0212 -0.238735
1076 112.287 23.0914 25.5675
1077 104.451 42.476 12.5498
1078 88.1284 24.299 32.6562
1079 96.0103 39.8406 12.0752
1080 110.725 9.54234 21.347
1081 112.083 50.7164 32.6425
1082 84.0809 17.2907 32.5484
1083 113.802 17.6582 18.1451
1084 107.69 27.846 67.5544
1085 86.0478 44.1762 20.6674
1086 90.3807 45.0765 35.8166
1087 107.398 37.0569 45.9907
1088 96.8669 26.6411 66.8435
1089 81.8389 26.5415 29.364
1090 82.7174 37.7627 21.5564
1091 79.1204 15.0702 33.6535
1092 74.5914 30.4215 66.2247
1093 96.1991 33.0516 40.0645
1094 113.501 43.0554 27.8462
1095 107.475 37.6129 55.1015
1096 98.1111 55.6914 69.8491
1097 106.771 24.4846 48.4351
1098 60.6605 47.5027 42.4031
1099 106.684 27.5258 41.628
1100 76.4487 27.6052 67.8587
1101 107.839 27.2509 70.1636
1102 86.9738 20.185 60.8174
1103 106.498 12.3532 59.265
1104 67.7557 43.8417 85.5321
1105 83.1064 39.9635 75.7902
1106 90.4947 28.3114 83.7398
1107 70.5877 50.0898 70.9031
1108 74.9877 21.792 79.1469
1109 106.211 51.2999 63.3255
1110 106.562 40.8161 80.4647
1111 89.2295 24.7132 61.5232
1112 107.499 32.8272 65.4373
1113 83.7393 18.1578 58.0157
1114 84.486 39.1769 85.0037
1115 97.1583 53.858 85.3257
1116 108.194 48.8432 101.773
1117 90.5823 10.4981 79.2259
1118 104.782 55.2745 88.1194
1119 78.6228 38.16 105.798
1120 90.7762 52.0269 83.9722
1121 64.3059 58.9496 85.2535
1122 80.9885 30.4831 74.7949
1123 93.6468 60.3417 61.2093
1124 88.0838 35.0448 104.373
1125 91.222 50.2178 87.2935
1126 106.488 32.2918 85.4172
1127 90.8971 36.588 115.658
1128 88.7625 26.3573 102.678
1129 108.99 31.4511 126.449
1130 108.272 27.7589 126.388
1131 99.7298 47.4674 127.014
1132 102.053 40.9223 114.625
1133 114.237 36.0082 118.766
1134 112.108 32.4459 126.722
1135 100.92 35.9329 117.002
1136 93.7415 38.552 110.276
1137 96.3995 59.7897 19.4502
1138 101.843 42.9523 11.1329
1139 103.031 47.0608 -0.210449
1140 106.054 56.4846 12.9201
1141 113.973 60.4965 22.1957
1142 108.118 59.2797 47.0919
1143 99.1216 68.2717 23.7154
1144 87.8119 72.6996 40.6333
1145 92.0698 35.5336 26.6515
1146 113.873 57.4066 25.2058
1147 108.941 34.0366 31.8892
1148 93.6443 74.0351 17.3338
1149 94.446 73.5968 13.9615
1150 88.1307 64.3516 43.048
1151 82.6654 55.19 23.6288
1152 78.909 41.591 45.6963
1153 110.005 63.0588 41.1273
1154 110.205 57.233 37.1521
1155 99.9826 53.7252 32.0421
1156 86.2421 43.0191 43.293
1157 113.755 49.2689 30.1274
1158 108.52 77.8167 53.9499
1159 90.6183 69.6862 42.7386
1160 104.895 65.1482 61.0678
1161 105.964 59.0702 55.5499
1162 87.3485 48.1184 53.5046
1163 78.0439 58.3238 61.5772
1164 107.938 48.2998 43.496
1165 106.232 47.5806 62.5748
1166 92.1652 63.6906 28.4145
1167 108.015 55.8137 45.0083
1168 68.4422 42.6701 56.7718
1169 101.882 50.056 41.9783
1170 95.1247 58.4619 81.5554
1171 104.578 65.6017 76.3459
1172 106.422 56.8411 65.4519
1173 84.9591 42.2376 89.2641
1174 70.4118 40.9352 71.6563
1175 87.6999 63.3375 98.2843
1176 87.9089 93.3002 58.692
1177 85.0135 65.7597 85.9757
1178 84.7685 80.7356 69.6023
1179 71.954 77.5269 57.3478
1180 87.224 81.1098 78.5973
1181 106.466 58.5856 63.2745
1182 92.9888 59.1107 80.3881
1183 105.515 41.8804 96.2138
1184 62.6671 51.0226 94.094
1185 98.756 71.0574 85.311
1186 106.755 38.3371 85.5733
1187 104.932 60.4181 81.349
1188 104.618 62.3931 70.8367
1189 94.1807 49.3853 105.83
1190 98.189 58.6804 80.3983
1191 83.3196 47.1514 93.4728
1192 86.238 55.6642 92.7385
1193 80.1472 64.2837 91.8605
1194 84.4258 51.2282 102.103
1195 109.986 63.8708 105.11
1196 92.5527 66.2908 72.3738
1197 86.8472 60.4641 82.1998
1198 106.738 58.3421 106.776
1199 66.3499 69.6554 97.9111
1200 86.6237 54.1318 115.814
1201 86.0681 64.8411 126.767
1202 96.3506 41.8007 107.045
1203 107.706 59.9542 127.162
1204 96.0252 78.5637 110.429
1205 96.2355 57.393 126.482
1206 110.188 64.9449 126.43
1207 94.27 87.7366 -0.320314
1208 87.6765 67.8298 -0.267024
1209 102.23 86.2981 12.9626
1210 114.19 86.8753 19.7573
1211 83.3663 97.1034 9.14481
1212 114.134 78.7313 8.51926
1213 90.18 78.1751 -0.238201
1214 83.9056 70.0315 7.48458
1215 102.08 78.7183 9.69766
1216 106.338 87.7113 -0.129478
1217 113.163 84.8136 22.8814
1218 112.623 78.7828 25.7672
1219 81.2484 73.1841 46.0549
1220 85.6245 80.6026 33.807
1221 108.343 85.1466 52.0109
1222 114.166 81.9133 12.5383
1223 89.3332 91.7441 19.0572
1224 90.3818 82.3598 19.2745
1225 92.9101 94.0849 17.8489
1226 84.4711 72.0663 34.3872
1227 113.566 95.4135 23.1886
1228 97.9052 73.7838 48.065
1229 102.339 86.1767 46.0165
1230 86.6867 70.5184 49.4979
1231 74.3357 81.3359 35.2098
1232 107.08 94.3452 45.0247
1233 84.7733 95.8755 23.6388
1234 86.0911 81.4722 58.4189
1235 90.1282 93.6959 45.5956
1236 106.034 101.773 68.2717
1237 80.2828 81.4307 59.2973
1238 108.207 83.0821 48.885
1239 90.7981 106.164 71.4811
1240 101.837 95.743 68.079
1241 86.9774 86.3358 96.2736
1242 92.7558 70.0542 83.2039
1243 98.3067 72.9806 64.8256
1244 108.559 62.8389 44.0537
1245 106.31 99.7555 85.4181
1246 107.776 49.8263 57.8972
1247 88.6489 66.2841 80.9043
1248 107.948 95.6562 59.812
1249 106.291 88.9231 74.4542
1250 99.1989 84.7853 95.5476
1251 94.7013 75.7822 81.6116
1252 69.24 79.3701 104.597
1253 104.713 65.6902 82.9327
1254 82.4473 69.5808 67.1328
1255 101.153 79.1759 92.5199
1256 105.196 65.0602 86.0297
1257 98.624 89.3192 91.1971
1258 106.351 81.3105 81.2902
1259 109.317 78.6674 97.3848
1260 93.0479 81.8467 96.8604
1261 106.926 89.0858 95.8117
1262 96.8062 84.4951 114.5
1263 98.0431 81.7004 112.783
1264 69.4117 81.3825 92.5249
1265 109.685 75.9617 98.1523
1266 109.11 72.1111 121.521
1267 88.2833 69.6818 126.489
1268 114.21 73.0538 117.221
1269 92.2523 72.1241 126.694
1270 114.161 93.232 119.061
1271 114.289 79.8489 109.635
1272 94.1339 87.1629 126.668
1273 102.392 84.2594 106.235
1274 112.293 94.5182 126.772
1275 78.802 74.4049 118.169
1276 114.372 83.9039 112.703
1277 92.1876 81.9211 126.752
1278 92.246 66.6306 120.302
1279 98.5301 82.9631 115.173
1280 104.889 58.7555 126.343
1281 114.174 99.2576 4.09608
1282 99.9759 113.902 26.3615
1283 110.703 114.791 14.581
1284 114.214 97.8329 13.4929
1285 90.4917 100.138 11.4116
1286 113.436 94.118 20.2817
1287 94.4508 101.96 31.1843
1288 77.8323 101.773 15.5596
1289 107.468 101.284 40.5776
1290 93.6355 88.9068 28.497
1291 94.5204 103.527 13.8938
1292 102.855 114.287 9.35794
1293 86.7693 102.446 29.3017
1294 99.145 111.669 29.2038
1295 92.4463 113.553 30.4447
1296 91.7548 90.5247 22.8256
1297 107.152 93.3538 42.265
1298 106.711 111.114 53.6382
1299 107.35 109.198 37.4513
1300 96.8992 114.048 22.6636
1301 97.8399 100.154 17.5757
1302 84.7562 102.355 32.7165
1303 106.551 111.441 48.9433
1304 112.557 80.9915 37.495
1305 108.208 90.488 48.4052
1306 97.1242 111.205 37.3013
1307 84.0836 83.85 54.4565
1308 82.9023 112.025 54.8015
1309 104.273 112.216 67.3382
1310 86.7812 96.8573 50.7621
1311 97.8189 101.85 82.4045
1312 106.149 93.4331 80.4548
1313 107.824 103.408 53.9949
1314 105.784 109.937 93.3158
1315 93.4609 112.414 57.7967
1316 106.246 105.712 82.4626
1317 105.876 111.566 84.3581
1318 106.305 92.404 83.1103
1319 90.764 95.8612 100.532
1320 84.3057 80.4885 64.7462
1321 104.406 71.0935 71.3985
1322 106.636 83.3475 84.3407
1323 96.0685 114.012 93.0344
1324 114.289 86.2372 114.114
1325 101.642 114.375 101.672
1326 109.299 72.9014 92.4744
1327 79.2439 73.4878 88.6794
1328 113.988 90.6959 124.308
1329 113.037 95.9936 105.086
1330 101.111 113.349 106.387
1331 68.3669 114.198 119.79
1332 76.9148 91.7711 91.1544
1333 82.1344 114.178 109.434
1334 100.129 101.47 119.508
1335 90.1697 100.551 110.882
1336 114.062 103.306 124.44
1337 114.395 65.966 110.347
1338 114.56 110.918 107.209
1339 100.894 111.898 114.678
1340 114.207 104.618 116.542
1341 94.1185 99.949 115.149
