0 9.3698 18.867 -0.118501
1 7.78232 -0.0121157 5.46097
2 11.5477 23.6157 15.0222
3 37.4179 0.145379 12.1979
4 27.3486 3.86291 -0.0967674
5 11.2458 13.6824 -0.230826
6 2.83312 5.82264 7.48102
7 14.2736 -0.0985074 14.2553
8 21.637 11.418 -0.0895483
9 -0.883831 14.9749 1.52753
10 10.4006 -0.452402 43.826
11 6.8791 17.1464 28.9909
12 8.79689 13.1128 26.1635
13 14.6721 0.233041 21.5763
14 13.2478 -2.90692 37.5709
15 8.21119 30.3076 53.0131
16 7.87542 19.8964 60.1578
17 24.7956 -0.96799 36.8405
18 9.2976 11.6249 29.0183
19 17.5438 14.458 36.2054
20 36.1207 1.17965 38.5931
21 5.751 1.13049 -0.161943
22 42.9765 16.7215 53.8174
23 12.7393 -2.55837 35.9773
24 8.56411 31.6034 50.4584
25 32.7661 -0.0394261 49.0941
26 27.3166 21.5213 48.7385
27 7.85275 21.3614 60.8441
28 24.1857 14.7782 80.0363
29 30.4373 1.07433 58.9907
30 8.31021 13.3666 50.1945
31 8.7052 1.51189 51.5091
32 36.2265 22.0829 47.3672
33 32.4289 24.7183 67.4495
34 6.25192 33.5384 82.3425
35 38.9173 42.7771 73.0944
36 35.0315 1.29041 65.3967
37 25.0897 34.403 57.1006
38 22.5497 2.39305 79.4064
39 15.838 2.19877 80.8575
40 40.2184 15.6675 70.2939
41 6.05006 8.65181 83.1193
42 36.9699 20.9339 103.536
43 24.1254 1.25013 87.0446
44 31.7032 0.105742 99.0604
45 41.7626 0.154437 102.773
46 7.97298 6.16485 78.0239
47 40.376 0.264568 84.7691
48 39.2514 48.8579 109.147
49 21.5602 16.7516 118.456
50 26.112 10.1644 128.05
51 20.8425 25.3775 102.977
52 -0.0184566 15.836 101.343
53 29.7533 8.98303 100.835
54 24.2463 1.15333 92.1092
55 5.55134 7.34051 104.178
56 27.6165 16.7375 107.975
57 5.46744 4.46036 95.2664
58 3.69718 16.5261 103.6
59 25.4397 18.9005 103.938
60 -0.81294 15.8039 101.537
61 16.1121 0.0189457 122.254
62 27.4612 15.1386 127.361
63 20.6105 8.5404 126.914
64 1.44934 0.321492 119.97
65 11.2143 8.7334 122.262
66 24.9419 46.8057 15.704
67 25.2723 45.8671 25.0313
68 19.2567 38.6514 6.99552
69 -0.9113 36.7223 2.00544
70 15.2677 31.6721 20.2287
71 -0.875642 46.4847 1.90101
72 25.551 31.1463 -0.209556
73 22.2291 29.6013 -0.221642
74 13.7065 43.0945 21.5763
75 1.31935 38.7028 24.3745
76 -0.705578 42.4363 12.6634
77 4.36376 40.2742 12.867
78 8.33833 18.9042 33.6588
79 8.29254 31.1833 39.457
80 23.9853 16.1161 34.8928
81 12.3296 45.9955 40.9459
82 17.0369 24.9171 24.9317
83 7.70309 33.5235 65.427
84 0.897643 28.2929 20.6101
85 8.12656 28.7988 55.3907
86 38.0673 34.1282 49.7937
87 20.1289 33.2857 34.6956
88 26.9773 41.8869 62.7187
89 7.97561 21.6127 55.9949
90 26.6268 32.118 45.6133
91 10.4204 37.3812 75.4252
92 4.67777 35.5657 89.0417
93 20.7558 17.5256 47.8962
94 8.1561 20.1353 36.125
95 40.6558 41.6628 58.9189
96 29.465 39.3841 49.5106
97 29.691 43.1441 51.846
98 19.2729 11.7996 59.39
99 8.19443 33.8776 60.2044
100 18.0089 14.0485 85.6876
101 5.94766 41.1668 80.1234
102 6.00923 20.9765 82.4211
103 38.4157 51.2439 83.2996
104 38.3928 34.086 67.9219
105 6.21166 32.3318 72.6714
106 27.3194 37.9489 63.0184
107 14.0239 33.1866 85.6511
108 30.6842 30.9625 107.032
109 57.2462 0.356336 66.7383
110 4.85083 46.1453 78.7152
111 6.23808 30.7766 85.4167
112 40.2096 33.7798 85.0214
113 3.75111 34.9753 106.007
114 13.4288 19.7623 110.299
115 25.7056 51.4542 105.492
116 10.4971 62.7987 75.7337
117 28.0721 39.0138 84.6428
118 4.4303 41.2639 97.5453
119 37.5887 47.8986 116.498
120 27.334 20.1761 93.3326
121 2.35377 50.9731 109.226
122 4.44037 39.1777 91.411
123 28.4239 38.3204 110.624
124 12.4301 22.9104 108.545
125 18.1063 38.4148 114.452
126 24.0838 41.1586 119.949
127 22.313 44.6733 118.838
128 11.6639 39.3773 120.346
129 22.7851 46.3571 123.706
130 8.0494 36.1347 127.121
131 16.5734 46.1027 127.307
132 31.7154 17.7914 127.352
133 29.2522 32.622 122.925
134 32.556 61.3319 8.44984
135 10.0452 57.1492 0.166686
136 19.6582 67.5101 17.9789
137 29.2402 61.904 12.8209
138 1.78091 51.3662 18.9001
139 -1.03066 65.7462 13.341
140 27.5771 41.1455 25.3335
141 -0.606714 54.0311 24.6659
142 -0.681717 55.7057 20.4171
143 9.9776 59.88 21.3595
144 26.5957 49.3621 31.3381
145 26.8825 61.1572 37.0159
146 13.352 60.4356 11.2779
147 27.2335 54.8513 31.6042
148 -0.56309 32.9271 19.766
149 41.8481 41.6328 41.4616
150 41.7137 48.4191 38.8643
151 -0.168479 49.2199 25.0969
152 6.61231 75.0983 56.1326
153 17.4012 53.2037 21.9199
154 17.4949 69.7884 18.9573
155 15.3009 66.6397 31.8515
156 29.4546 54.2105 28.0445
157 5.06346 56.5459 45.9773
158 21.8048 39.7707 42.4156
159 6.45472 71.5382 59.176
160 11.2308 89.5002 23.0593
161 17.5601 56.7376 85.6928
162 6.75272 76.0558 58.4668
163 8.27154 38.5055 56.9034
164 30.8003 57.4928 39.0374
165 22.6916 43.152 60.2604
166 6.72142 68.8217 63.746
167 3.06323 46.3039 34.1136
168 4.79589 60.3328 76.4134
169 26.0519 68.9148 79.7585
170 35.9309 68.1185 80.7762
171 37.967 65.18 60.13
172 4.66815 56.2823 78.7752
173 31.3111 59.9954 96.4786
174 27.1005 18.8573 94.9215
175 -0.618666 61.2904 106.138
176 20.2374 58.2628 76.3396
177 31.3072 63.7285 81.4741
178 36.554 37.516 102.482
179 21.7326 47.6541 95.6038
180 4.91104 51.6964 90.9686
181 -0.674561 62.5799 110.445
182 1.07919 61.7023 102.938
183 25.4002 52.5716 88.2628
184 14.5369 76.4479 94.5691
185 22.7176 55.8893 104.415
186 -0.768226 50.1536 108.597
187 24.2456 78.183 98.032
188 -0.53589 65.8038 104.088
189 12.173 63.0974 127.231
190 4.2578 53.7707 127.311
191 1.11713 67.5904 127.427
192 19.4314 66.2298 118.708
193 19.6684 69.8851 127.589
194 -0.693943 55.0214 115.948
195 7.46786 57.4639 127.597
196 20.4761 48.5826 127.165
197 23.5335 47.1267 120.509
198 28.7077 63.4368 127.436
199 -0.589166 68.7253 8.54576
200 -0.659406 88.7484 8.66152
201 15.1709 78.5851 20.9183
202 22.1599 79.2477 14.2194
203 23.5747 81.0169 6.39386
204 18.0654 84.4007 0.151028
205 10.0102 77.1224 -0.0236078
206 23.8334 78.9049 3.41716
207 2.15905 75.7112 11.7321
208 19.3065 63.3674 -0.510002
209 2.10112 81.1758 35.6228
210 38.9546 64.5562 35.3479
211 10.9724 88.707 13.7788
212 27.2557 73.3599 21.3173
213 10.6555 78.5094 25.8822
214 11.3817 54.2623 20.3395
215 30.7099 76.8283 21.3146
216 2.43283 70.0065 33.2453
217 -0.963231 78.9374 16.9964
218 10.8638 79.0651 31.3477
219 17.8353 67.5615 23.6268
220 4.47783 72.7905 47.7076
221 2.38909 82.9687 40.7715
222 17.9698 57.39 48.1093
223 1.79779 94.3671 30.8427
224 5.46629 82.088 59.5875
225 24.4825 87.9417 27.3795
226 26.6205 72.5315 46.1193
227 26.3814 77.3605 35.8448
228 28.5101 74.3042 47.2825
229 6.02322 80.4332 56.6386
230 23.4626 104.582 61.168
231 6.73175 72.9691 53.4008
232 8.32506 102.207 82.495
233 32.7841 82.7622 60.8504
234 35.8817 63.2606 56.9837
235 13.2322 44.8143 71.2617
236 6.56274 75.8186 65.7848
237 13.1489 87.1229 71.044
238 6.80663 72.0218 73.5349
239 6.59751 48.7837 63.0081
240 6.78262 54.9676 56.8247
241 22.5644 40.0045 78.2175
242 36.3238 73.4746 61.0217
243 18.3362 65.8575 79.8508
244 33.6017 98.8703 74.5368
245 6.48096 88.3205 75.3677
246 25.1147 89.1712 73.5673
247 22.844 73.7475 81.2639
248 9.67208 111.35 61.2394
249 5.99987 100.763 47.2838
250 32.704 71.2493 69.4318
251 6.82623 84.8774 78.198
252 34.9041 64.4838 89.1896
253 23.7277 87.5839 82.4587
254 6.80659 66.7167 78.6969
255 18.4072 83.4448 94.8888
256 22.3463 83.1911 94.2124
257 34.2892 66.1375 109.575
258 14.6351 102.659 102.417
259 5.45264 90.0115 96.1788
260 6.98015 74.7671 78.5728
261 6.46725 81.7698 70.7336
262 14.1097 84.656 96.897
263 6.9853 80.052 78.4812
264 4.90526 72.6973 101.025
265 2.47038 67.571 92.8727
266 26.671 85.5516 109.232
267 -0.379994 80.0421 108.382
268 43.216 91.0362 86.7121
269 35.9808 75.6903 107.539
270 -0.577227 74.157 108.292
271 18.1079 86.5259 118.695
272 20.7929 77.9988 127.408
273 -0.49389 72.5364 124.619
274 4.81099 86.6957 122.306
275 19.6309 74.269 110.504
276 24.9753 72.4125 110.613
277 40.6599 83.1426 127.312
278 26.3003 111.977 -0.0549938
279 29.5816 100.617 -0.312797
280 18.7072 92.0886 0.0322506
281 3.13931 113.719 9.22213
282 19.607 114.742 4.27563
283 1.24147 97.7096 -0.165075
284 35.0081 80.6693 38.1534
285 -0.900739 95.3182 15.1282
286 24.015 114.61 5.58244
287 41.3181 62.7107 34.1099
288 13.6651 111.878 40.4982
289 5.4006 106.807 12.0768
290 -0.675386 103.489 24.535
291 15.503 114.215 22.7122
292 -0.743966 101.765 18.1004
293 29.5337 112.996 50.8368
294 5.69089 106.426 49.763
295 10.3471 113.935 6.90557
296 21.2421 107.876 -0.190943
297 55.1877 72.1937 23.4879
298 27.8761 112.84 51.3511
299 29.9446 107.026 40.4756
300 23.5273 94.7919 37.4363
301 3.51289 102.001 34.0072
302 6.30987 91.8029 60.0986
303 23.8682 114.498 37.0312
304 6.9282 110.929 38.3481
305 39.8699 114.645 40.4666
306 28.2355 114.92 43.4722
307 11.6295 100.756 32.0915
308 30.8216 114.456 35.046
309 6.81327 111.816 41.2522
310 17.1636 112.779 39.6255
311 23.5091 83.9244 47.6345
312 25.2111 78.9973 44.5869
313 55.8949 114.57 41.9415
314 2.17182 86.6432 42.7981
315 26.0518 112.1 106.328
316 37.033 99.0933 67.7867
317 8.25691 109.14 67.7851
318 9.77032 113.381 65.9503
319 6.46182 97.8349 67.4938
320 19.5511 114.584 87.6354
321 26.1475 88.7075 106.255
322 38.5031 111.942 97.5121
323 26.5745 112.746 67.5036
324 21.6004 112.682 106.033
325 21.5588 83.3002 86.222
326 14.6087 114.612 84.1652
327 6.34883 91.3029 92.5801
328 31.5845 92.9102 76.6471
329 26.9316 97.369 121.227
330 28.8475 95.4425 72.9981
331 35.4185 111.706 98.3701
332 6.94508 101.417 116.82
333 9.2337 112.845 93.2362
334 9.74009 113.493 103.056
335 -0.380943 108.387 120.244
336 -0.340142 112.097 117.632
337 10.2139 108.966 106.666
338 26.0601 114.729 126.417
339 31.7428 109.34 127.487
340 -0.511742 102.007 115.798
341 16.7655 105.632 127.098
342 -0.935519 110.741 111.155
343 36.791 13.9565 8.18976
344 26.4898 4.66874 7.09991
345 51.3396 -0.174922 8.90563
346 45.757 16.3189 -0.0246536
347 58.7585 -0.130019 14.2066
348 44.7971 21.5416 1.2056
349 34.5451 12.6846 -0.0590795
350 47.563 20.4901 8.24573
351 40.9247 26.1965 8.10593
352 23.0669 1.06774 23.709
353 60.81 1.27258 26.2448
354 36.6797 0.580303 18.5553
355 43.1051 1.90052 35.6604
356 42.1454 1.34664 24.6414
357 43.3511 28.2933 48.6256
358 33.8327 25.993 11.4626
359 70.5853 0.649262 16.7967
360 38.0806 15.7144 40.8125
361 42.6602 0.861981 27.8277
362 33.797 24.1129 43.2168
363 55.7268 21.6726 46.6402
364 52.3771 20.4713 54.4432
365 42.184 1.57482 42.2723
366 50.6852 1.38215 55.1011
367 41.7535 16.7584 29.1811
368 46.693 1.86403 45.4568
369 45.6769 0.581332 68.1059
370 40.8236 22.1195 62.4605
371 43.3817 20.5359 54.2049
372 41.7484 1.78508 70.0642
373 49.4203 21.8951 55.176
374 17.4462 -0.270124 47.6428
375 56.8801 11.565 67.7849
376 62.3115 16.6229 88.938
377 29.2254 -0.698711 94.2494
378 52.6767 25.0719 98.5561
379 40.5592 24.8524 86.901
380 37.7418 -0.386983 89.3969
381 91.6742 -0.109345 105.082
382 35.9704 37.402 99.3121
383 44.7448 29.953 98.5013
384 64.8105 23.3109 93.5185
385 39.7208 -0.0196562 110.008
386 25.424 -0.0352392 95.8691
387 58.6393 -0.283118 92.6647
388 16.3175 1.5822 93.802
389 14.9619 18.2831 106.966
390 50.4268 21.9965 104.635
391 54.7676 17.4078 112.005
392 21.5051 -0.217422 100.03
393 53.3679 12.6563 127.43
394 39.4964 5.24114 127.467
395 39.5459 15.1357 127.615
396 43.0906 14.2817 123.712
397 36.1748 1.33617 127.088
398 37.4835 -0.166302 120.476
399 43.7027 17.5108 110.369
400 55.8186 12.4029 127.295
401 44.5898 8.96779 127.189
402 30.3573 32.4969 -0.0414141
403 33.4582 42.9845 18.2138
404 33.3683 41.5049 -0.597589
405 47.624 35.9082 -0.463579
406 53.5407 41.3441 -0.398785
407 45.7066 35.7005 14.4953
408 23.446 48.5554 6.8406
409 45.4729 30.463 11.7418
410 31.3539 28.7326 -0.256933
411 51.5045 39.0435 -0.366897
412 32.1992 44.4584 3.52404
413 37.4649 45.6125 7.81874
414 53.5941 37.4233 15.7149
415 27.0384 45.0752 16.1263
416 37.841 57.5744 23.6385
417 50.7649 63.3387 24.075
418 23.7852 35.1651 19.8326
419 35.5298 27.9788 35.8016
420 16.9107 56.5883 17.6995
421 33.4925 0.508358 15.5024
422 36.419 20.6399 52.7917
423 51.7451 22.644 54.1966
424 55.699 39.1516 16.9567
425 38.9957 22.4562 31.5814
426 70.5185 15.6314 39.0376
427 62.0862 23.5202 39.1503
428 36.2829 49.5623 40.1888
429 56.4706 34.8169 41.6809
430 31.5364 41.1954 33.3005
431 54.1919 17.029 36.5649
432 23.7296 28.8345 34.4161
433 67.0077 19.6724 38.4397
434 42.5663 29.1117 68.055
435 41.1406 20.7001 52.8054
436 57.0145 57.861 84.2274
437 42.4989 19.5743 56.2336
438 54.0686 55.313 87.8987
439 32.8408 39.8789 66.2148
440 62.4953 52.6268 81.0292
441 41.303 42.198 69.1765
442 42.2615 22.4851 87.1202
443 23.6859 23.4661 58.5923
444 22.5171 35.9646 97.0954
445 41.449 31.9785 69.2016
446 51.1892 26.2523 72.6302
447 49.07 33.533 61.7278
448 58.813 19.9115 75.5229
449 34.8422 39.0044 67.2806
450 48.5067 38.7643 66.9802
451 38.7862 43.8519 84.3327
452 39.4895 52.5431 91.5208
453 46.7422 37.5093 69.9094
454 30.5171 33.2674 89.8083
455 52.5362 41.9037 82.5
456 16.9371 32.1381 74.445
457 60.6448 31.2511 72.0082
458 48.1726 20.5456 85.9713
459 27.4152 65.5171 93.2706
460 61.0608 43.9658 83.6238
461 52.2947 53.6799 66.5973
462 42.6873 33.2157 97.6527
463 44.9086 54.9823 93.5513
464 53.0672 55.959 82.7643
465 40.649 42.5309 105.08
466 44.9852 16.7122 105.902
467 31.1215 30.0267 104.788
468 40.582 48.1696 107.431
469 55.3179 23.9874 100.028
470 24.1057 43.7963 120.141
471 39.2179 46.8086 104.646
472 51.6272 38.8797 118.307
473 40.8798 39.9244 122.578
474 31.667 27.6163 127.604
475 40.6185 28.7091 127.14
476 50.3356 49.78 112.119
477 53.6874 46.4641 118.04
478 56.6405 28.4985 127.037
479 43.242 44.9638 113.752
480 33.9106 55.0998 0.0336452
481 46.1203 51.8514 14.1136
482 54.4849 69.7161 0.125301
483 41.4792 58.1268 21.8205
484 43.7245 23.6332 34.7575
485 9.33522 54.5497 19.6948
486 41.3704 52.8757 22.574
487 35.8197 72.4021 20.0508
488 49.78 47.3504 31.8728
489 52.1891 60.564 20.1051
490 47.578 56.1479 25.0567
491 46.1577 57.1891 33.7673
492 52.3942 71.2358 22.723
493 72.1808 58.3954 70.6566
494 54.6854 31.8857 19.0249
495 37.9978 41.2799 46.1539
496 47.3376 54.0824 42.4878
497 49.4469 60.1422 41.135
498 28.4347 47.282 44.0328
499 39.4638 62.8395 22.736
500 31.9104 58.9084 59.2466
501 30.7961 43.2283 64.5632
502 33.9172 52.3579 46.5621
503 35.5682 59.3932 59.5067
504 45.0886 62.4554 59.8822
505 41.5514 52.1682 41.2704
506 59.5905 71.7161 70.6579
507 45.6637 43.4315 66.6408
508 39.7839 66.1388 70.8855
509 60.74 70.3312 87.1637
510 49.9324 66.1211 84.5758
511 50.4579 67.4925 89.1822
512 55.4128 57.3808 61.4954
513 31.469 64.7872 54.4084
514 24.5177 69.3716 88.8163
515 41.1897 61.5048 90.2884
516 42.6501 70.1183 84.199
517 48.7969 63.3728 91.0923
518 46.1463 62.4665 75.4327
519 42.9591 61.3195 95.1393
520 42.2871 72.5047 83.8548
521 61.6535 70.0255 101.205
522 71.0476 55.1654 80.7092
523 55.3496 70.1088 68.0528
524 19.3519 48.8037 89.3375
525 40.3701 63.0514 127.277
526 27.2735 55.204 109.066
527 72.8355 71.0683 104.937
528 45.0276 77.0394 105.291
529 30.0773 55.4556 112.276
530 39.5567 64.8171 109.115
531 31.5457 62.4135 127.736
532 35.7366 67.0592 117.539
533 49.0619 65.7999 127.256
534 27.0071 53.1336 107.474
535 45.6123 60.9323 115.249
536 56.5175 49.5251 122.525
537 41.4816 88.1446 -0.110412
538 45.6864 83.3002 -0.27265
539 37.8937 71.8674 19.2868
540 49.9483 56.1212 16.9794
541 54.9089 87.2872 9.13043
542 25.0285 79.7675 12.8006
543 27.3757 73.144 -0.539911
544 45.1643 54.9574 19.9775
545 44.9747 92.4014 26.8766
546 51.1853 66.6456 28.4708
547 38.83 101.542 21.0836
548 20.7309 91.1911 36.8426
549 51.3488 68.3327 25.8401
550 66.9551 63.4205 45.4839
551 49.9236 106.34 30.9869
552 38.7272 104.019 21.2471
553 25.3148 98.6039 24.3867
554 38.0319 71.2587 24.3215
555 48.059 53.0337 35.0634
556 12.8722 57.7422 34.0988
557 18.8831 82.2917 36.3862
558 42.4095 84.7733 21.6112
559 60.7981 64.9652 18.2129
560 26.3578 74.9894 46.0013
561 34.0691 88.4353 47.4308
562 37.8388 51.6949 45.9633
563 64.2561 92.4079 26.5813
564 43.0426 77.1945 48.2326
565 67.9117 75.735 25.0329
566 12.9607 93.6936 51.2632
567 49.7832 95.8773 43.6219
568 64.7221 66.547 85.5188
569 41.4338 83.7967 43.9686
570 49.2197 72.4914 44.7081
571 20.5055 57.9305 46.7061
572 52.3977 62.4163 54.7831
573 61.2998 87.1296 44.1139
574 44.0239 47.7541 39.6963
575 35.9115 61.7921 42.2223
576 41.649 59.0423 38.5924
577 6.46573 88.0382 63.2143
578 37.2597 84.1868 31.8263
579 45.5563 94.2791 70.0136
580 65.8537 99.8346 60.4649
581 59.9477 70.0225 85.323
582 36.2105 84.3593 71.6316
583 69.9219 81.3527 46.8456
584 31.0162 72.883 70.1394
585 37.8069 88.5632 75.8662
586 34.3909 85.4129 80.3883
587 53.77 73.4091 107.865
588 20.1893 73.4877 87.9688
589 22.0228 81.376 111.601
590 40.8463 70.8691 82.3432
591 53.5191 64.7319 97.2933
592 66.267 73.5492 101.043
593 44.6346 69.965 84.0034
594 30.7819 71.0405 69.0741
595 37.4127 41.7043 105.61
596 48.5239 75.0812 107.578
597 35.9505 74.0757 120.579
598 45.4159 73.404 107.839
599 62.1105 76.9335 103.239
600 60.105 73.6363 99.8189
601 50.719 89.5163 105.201
602 52.2692 73.7151 105.167
603 48.6983 100.866 113.053
604 70.2297 76.2 100.531
605 35.4691 80.6045 99.5127
606 68.6749 71.9529 99.921
607 51.2761 64.0275 106.19
608 43.3912 61.9315 83.7116
609 34.0592 75.6564 122.959
610 42.2415 94.685 114.054
611 56.2278 80.5168 119.886
612 45.3918 93.8986 113.637
613 42.3922 74.7863 121.174
614 42.2429 77.7468 121.372
615 64.8079 78.0666 127.431
616 35.474 102.84 -0.145708
617 36.3012 113.537 0.712212
618 54.8385 114.759 2.03774
619 30.3456 91.7619 14.1293
620 51.2613 114.004 5.24053
621 42.5669 102.162 -0.013205
622 59.4228 103.732 20.5839
623 44.5375 114.364 10.4855
624 43.9315 95.4042 22.0015
625 30.397 114.687 2.12313
626 41.1386 99.8308 11.0049
627 23.3005 114.331 12.3867
628 56.7618 74.8955 32.4228
629 26.3687 114.405 40.1706
630 36.8843 114.183 24.3133
631 30.0351 70.0572 21.7041
632 25.0769 100.243 22.0176
633 37.8113 114.364 33.6456
634 48.1123 100.24 24.8814
635 20.0937 114.225 36.9654
636 69.5279 114.283 38.1969
637 10.2321 94.2595 21.3219
638 50.4106 115.082 50.7457
639 51.6857 114.414 33.3906
640 60.594 111.411 65.6162
641 48.3582 87.9505 41.5627
642 58.1452 112.785 60.8853
643 29.9109 114.09 26.5059
644 59.6069 114.367 34.6866
645 45.8445 114.992 50.529
646 46.2583 104.935 44.2146
647 40.2796 105.147 31.9755
648 10.0084 111.748 59.3838
649 56.7045 110.326 69.4315
650 54.9309 113.784 55.3877
651 44.2844 108.749 77.2035
652 60.0405 73.6884 68.1949
653 62.772 114.989 46.9381
654 39.6608 109.873 55.5754
655 43.2123 99.3694 71.3427
656 64.7982 106.47 71.1919
657 28.4369 80.3174 82.148
658 39.9478 101.329 90.8518
659 30.2846 112.339 86.1345
660 6.96844 84.8415 80.1311
661 63.106 111.327 95.8795
662 45.0498 112.643 105.127
663 46.1527 111.411 68.4431
664 58.1502 111.296 84.6239
665 39.8352 109.403 93.5279
666 47.8584 111.191 90.094
667 59.1725 99.6833 77.9733
668 38.3787 112.325 103.319
669 41.5033 96.3998 70.0852
670 51.3815 88.7598 64.2886
671 29.3352 113.806 78.5011
672 32.156 103.062 108.478
673 55.5167 111.988 102.152
674 37.0707 100.882 110.293
675 41.0811 90.5074 108.052
676 43.7649 100.879 95.7203
677 33.6538 112.028 101.706
678 68.973 99.5127 95.8553
679 28.8192 114.244 114.947
680 33.6103 87.194 127.676
681 48.8189 95.8161 113.093
682 40.7269 104.788 124.474
683 43.6292 87.0249 127.653
684 48.1954 114.558 123.969
685 24.9854 105.619 126.962
686 20.7281 114.208 121.955
687 41.8671 109.573 127.424
688 64.0822 101.052 114.753
689 57.7548 96.8419 127.224
690 50.7642 113.999 118.538
691 68.8077 0.0541085 4.15075
692 70.6687 15.1777 0.101972
693 83.6841 16.0348 11.281
694 83.8887 25.4736 7.73081
695 61.806 13.7778 -0.259326
696 55.8326 22.5523 22.5413
697 69.5975 0.14368 12.211
698 71.7424 24.2855 21.0887
699 62.2538 21.5437 11.7857
700 64.3781 1.97029 33.6979
701 83.8848 0.232304 15.6972
702 77.3453 0.566277 20.098
703 69.7729 0.741103 20.125
704 91.4341 11.3377 39.8117
705 91.4395 10.9849 -0.496339
706 56.7479 1.46614 20.8917
707 68.8274 10.9365 32.7713
708 66.981 14.0404 29.1639
709 72.02 27.4509 57.7476
710 59.653 27.3454 45.337
711 58.1775 1.48597 29.8661
712 51.6918 18.1251 48.6913
713 63.457 0.646804 59.4484
714 78.5562 37.2571 30.9878
715 64.8779 2.93098 48.7951
716 60.8957 30.1394 41.9105
717 56.5829 2.60128 48.1572
718 71.9268 29.1986 58.0547
719 51.8713 0.0144124 99.5534
720 70.5407 14.5663 88.4277
721 84.2907 1.62411 69.784
722 65.4492 -0.150745 60.7975
723 71.5505 -0.0677265 98.4504
724 64.2528 -0.779475 85.6107
725 62.7477 30.088 69.9667
726 58.6693 10.7303 69.0288
727 81.0272 19.4022 96.5719
728 47.7795 28.8912 89.6984
729 85.7106 -0.332967 113.558
730 72.9273 31.7251 79.0085
731 39.9823 -0.497436 92.6206
732 94.2267 0.00934105 113.421
733 74.4855 0.123032 119.152
734 89.3641 0.208431 117.185
735 87.7856 20.0857 127.821
736 84.5792 29.9528 122.483
737 59.3125 22.6712 114.102
738 67.3193 -0.0600475 113.683
739 90.1907 17.4812 102.61
740 67.052 27.5405 128.296
741 61.6167 12.7555 127.485
742 70.0739 10.6133 116.25
743 87.1715 18.0038 113.897
744 56.9261 1.42181 127.204
745 80.6218 6.2327 127.173
746 63.9231 -0.0674631 110.0
747 63.8439 14.9845 127.484
748 75.784 26.4587 -0.54642
749 73.8555 43.5279 -0.343082
750 96.1842 43.4351 -0.828117
751 81.929 32.4154 15.8629
752 71.6903 31.2008 -0.501885
753 61.7648 23.8591 -0.442384
754 67.6107 55.5433 34.8965
755 45.3255 52.8849 30.518
756 67.3123 43.5008 18.6858
757 38.3759 24.0467 18.7587
758 71.8945 20.3421 40.2546
759 70.292 38.7668 25.8725
760 62.1484 39.1701 41.3174
761 60.107 34.5293 49.3956
762 68.034 33.9365 33.2987
763 69.2851 27.4093 58.9154
764 78.2722 63.1205 31.1057
765 73.396 28.092 59.1412
766 67.3021 45.595 52.3229
767 61.5355 52.965 48.2663
768 86.348 19.2447 53.6812
769 100.767 42.4168 42.6406
770 65.485 56.5175 67.7182
771 62.9041 31.4062 52.9432
772 84.4032 39.0236 57.7005
773 84.6625 25.5693 77.2418
774 72.5927 41.8067 74.7058
775 62.9313 18.7178 46.2892
776 58.9712 31.8242 67.6661
777 69.5913 40.9714 73.2407
778 68.8457 35.8948 80.2011
779 95.9394 28.1261 62.7945
780 69.8056 27.8107 60.8458
781 76.6717 24.1744 80.0827
782 68.9052 35.9856 68.2954
783 76.8847 43.9866 86.554
784 75.081 17.8161 82.6505
785 74.821 31.4468 79.9276
786 59.0334 16.245 75.9135
787 68.837 43.4158 84.6868
788 51.2412 57.1919 101.906
789 72.4257 60.3746 98.0323
790 72.806 33.0987 81.5563
791 82.4546 59.6797 81.1754
792 46.6324 41.7513 87.0508
793 50.0677 16.2405 77.6379
794 51.5514 19.7792 109.853
795 51.2518 42.7015 109.282
796 62.1722 36.8266 124.029
797 108.018 22.2954 102.361
798 79.8128 42.1629 106.517
799 62.3075 63.6066 89.6265
800 87.4914 30.9821 107.292
801 88.4231 27.609 84.5684
802 73.845 33.5653 83.1342
803 50.6762 52.517 93.0035
804 53.4487 35.0334 127.326
805 72.4948 31.2792 127.221
806 49.0514 30.2536 103.522
807 71.879 29.346 114.204
808 57.0464 33.5833 112.957
809 80.2663 32.2809 127.589
810 78.9719 44.9059 -0.109276
811 67.704 53.5346 -0.435062
812 75.7525 53.6394 -0.487501
813 61.3063 56.8035 22.6604
814 59.874 59.9277 12.2994
815 69.1684 52.6282 5.63762
816 72.0797 63.7826 17.2061
817 90.5077 65.5178 18.5459
818 71.3216 57.6231 7.56962
819 77.7672 60.2114 7.65071
820 83.3051 46.8121 13.7242
821 63.9293 53.692 13.3094
822 51.1979 59.7348 31.5616
823 48.5006 54.4913 48.2962
824 61.9769 93.8965 23.4879
825 49.2162 60.8704 25.6029
826 59.4934 57.9033 14.4722
827 61.7983 55.4488 14.788
828 79.2209 64.0481 43.5571
829 81.5301 68.3387 36.9868
830 76.8803 65.7578 52.081
831 74.116 30.2333 56.6414
832 46.2912 61.9498 33.6309
833 78.2632 48.1158 26.6246
834 75.1452 60.5336 45.9429
835 72.0082 82.1646 22.4886
836 78.3092 49.405 23.9303
837 79.437 51.2277 51.7322
838 73.9727 64.4475 50.9936
839 81.5119 41.5621 77.8635
840 67.8269 77.9589 52.5558
841 74.2794 66.5627 45.4902
842 51.366 47.4959 62.1759
843 50.9293 59.9428 80.9321
844 75.1042 71.7505 77.1691
845 80.3332 56.2627 61.8876
846 75.3396 46.8132 90.592
847 58.3612 50.7237 58.6623
848 85.8535 64.434 51.1231
849 63.7587 41.656 76.8188
850 88.1268 65.1142 100.975
851 72.2554 55.8142 70.9364
852 85.0361 53.1934 102.349
853 55.2817 55.5105 62.0564
854 68.3782 46.1317 56.1112
855 72.5857 43.2086 75.8732
856 64.8702 45.9616 84.8719
857 65.2025 55.4151 92.7144
858 85.6643 64.5588 110.15
859 81.2459 30.8072 93.4336
860 59.1442 76.3238 102.741
861 61.8329 64.2588 106.81
862 64.9941 73.5321 112.764
863 68.4077 45.0739 117.451
864 79.791 54.7679 98.9674
865 87.9471 47.9312 112.407
866 58.0775 65.3364 94.3309
867 66.6132 65.1648 107.086
868 89.3324 63.1389 117.77
869 91.1856 55.18 113.963
870 84.9533 45.8306 127.189
871 68.6669 65.6097 127.129
872 73.9907 59.7435 127.352
873 89.886 65.1604 112.866
874 92.1567 59.7828 127.519
875 84.1298 54.6729 127.524
876 84.2951 82.8798 7.79909
877 67.9684 72.0102 8.61828
878 91.0792 84.4448 -0.00138289
879 64.3622 91.3774 15.614
880 65.9352 90.6113 -0.267985
881 68.1776 80.709 -0.626815
882 62.0025 84.9857 11.6144
883 69.6732 71.0917 10.3825
884 65.9975 73.6021 -0.36199
885 66.9399 95.8111 11.7143
886 61.1115 81.4411 29.7299
887 65.9239 69.5389 9.1328
888 89.249 65.7698 8.14512
889 53.5938 69.7189 23.3741
890 103.409 86.2707 32.7584
891 68.2688 93.8407 8.51145
892 54.6323 65.9313 45.9001
893 62.2986 79.9302 16.2308
894 91.8357 77.5084 45.2796
895 87.2442 53.959 28.2563
896 97.9055 65.6351 25.1359
897 78.6625 72.4009 35.6129
898 79.8785 84.2592 26.6555
899 53.6418 55.6911 25.8235
900 78.5343 96.2148 63.0799
901 74.6694 103.216 42.6371
902 53.796 93.6299 62.2469
903 63.8727 91.1559 76.0508
904 69.6069 91.6927 41.6974
905 67.5593 71.9952 70.4286
906 52.3319 95.5027 75.0032
907 75.3504 78.7278 74.4237
908 54.8115 67.0676 48.7645
909 66.1771 88.3951 76.0771
910 69.6128 89.1646 41.772
911 78.989 58.9576 94.3301
912 52.5711 68.1082 82.7546
913 73.1843 80.1543 63.3931
914 64.0713 85.8743 60.0347
915 88.358 80.5851 80.9425
916 48.7178 81.8329 91.9663
917 65.2308 37.1617 98.6063
918 51.3431 110.952 90.0617
919 67.175 79.1543 87.0568
920 81.0182 62.2696 92.7634
921 78.3668 93.3005 79.9646
922 79.1318 65.8133 90.1891
923 61.4494 76.0826 107.206
924 70.1562 72.4614 98.4336
925 72.7212 93.6836 105.426
926 38.0287 66.0719 91.918
927 70.9295 72.212 111.598
928 65.3528 82.1477 117.564
929 81.1756 70.8273 127.284
930 59.9873 81.9814 127.493
931 72.0751 76.8352 127.392
932 88.9484 73.3138 127.41
933 77.8097 72.342 127.456
934 71.9068 79.8443 127.552
935 61.5042 89.421 127.32
936 66.045 78.3541 107.983
937 60.3978 88.5885 113.337
938 86.9008 97.0359 7.3787
939 59.8845 97.4558 11.1108
940 51.7175 98.4495 9.8116
941 75.9494 90.5465 -0.176132
942 80.1739 98.327 27.9941
943 75.6184 114.069 12.2824
944 76.041 114.538 34.9858
945 69.5096 96.9694 39.169
946 74.6113 113.896 6.77918
947 61.3173 114.365 31.5905
948 63.9925 103.409 10.2874
949 48.2615 101.329 22.5282
950 65.8943 87.5136 40.3098
951 79.9829 114.332 18.8828
952 59.8435 113.618 59.377
953 69.5264 75.0147 41.6511
954 78.3415 100.084 28.7896
955 58.2557 91.8088 57.6583
956 66.587 101.656 50.6139
957 62.654 111.513 69.2661
958 62.7948 110.845 77.2303
959 81.9351 84.6972 53.6156
960 50.276 88.533 38.2121
961 55.841 94.7205 65.0061
962 103.591 113.325 72.887
963 66.4407 114.741 39.9885
964 44.7735 81.6201 36.879
965 75.3243 82.1236 54.637
966 54.7021 105.856 62.2732
967 55.5642 114.514 48.5376
968 66.7016 103.779 44.9078
969 74.0204 88.0984 63.9995
970 88.5602 91.746 86.6632
971 66.4463 112.031 64.311
972 73.3486 113.151 48.993
973 81.043 93.3746 64.6269
974 58.5686 114.889 39.9905
975 72.5094 79.9985 82.6907
976 83.8421 111.216 86.9944
977 89.7292 96.9413 73.4389
978 70.9533 82.9072 94.0988
979 75.2983 99.2218 75.3351
980 69.3264 89.3487 94.5953
981 69.1208 111.106 87.1652
982 54.8929 110.147 71.6634
983 78.2947 113.148 70.8187
984 62.5711 100.279 84.9027
985 63.0795 112.16 63.2321
986 85.0889 114.208 122.271
987 57.9945 112.879 105.593
988 67.0357 100.032 94.5508
989 80.1112 111.433 94.4248
990 55.7782 104.725 92.7079
991 86.0365 111.6 97.3156
992 75.1688 83.914 106.432
993 74.588 113.091 108.889
994 64.1265 74.9828 102.419
995 72.29 111.78 97.6723
996 48.8574 91.3251 101.096
997 60.4168 111.901 89.5377
998 69.0715 100.391 127.026
999 60.8834 113.975 122.165
1000 81.7926 104.464 127.326
1001 62.0903 102.016 127.547
1002 105.074 81.0359 127.301
1003 68.5161 95.6395 127.293
1004 80.1762 114.117 113.768
1005 57.7422 106.91 113.003
1006 92.0738 99.4813 116.554
1007 60.5594 100.625 127.155
1008 114.087 21.1117 6.11458
1009 102.056 15.2699 8.40809
1010 94.8338 24.1103 4.59313
1011 105.562 13.5749 8.01292
1012 93.2992 0.924307 0.673829
1013 97.9611 7.58676 12.3315
1014 78.3267 18.7148 18.5322
1015 79.9866 17.328 20.1113
1016 113.161 1.95204 15.2922
1017 87.0455 0.78 22.2363
1018 93.0066 10.153 10.6731
1019 64.7386 0.880373 20.7284
1020 85.3653 1.68189 33.7884
1021 86.4544 15.3762 14.4255
1022 105.098 6.99587 41.0234
1023 94.5539 15.9267 41.1162
1024 101.125 -1.18622 27.9747
1025 106.474 36.3456 41.0393
1026 93.4049 15.9063 42.7572
1027 95.6554 23.2091 35.3117
1028 94.3541 -0.0123962 34.1113
1029 105.787 17.0091 54.0718
1030 79.9744 27.3385 62.3156
1031 76.5089 0.287629 72.9234
1032 103.759 -0.266053 66.9002
1033 95.2296 16.0374 42.9732
1034 105.264 10.3914 44.7826
1035 92.2474 1.20882 68.459
1036 106.362 34.7589 58.5318
1037 82.3185 11.0164 46.4506
1038 96.2125 23.0606 63.7159
1039 99.6461 1.41858 89.8063
1040 106.326 21.8213 75.5841
1041 85.5382 0.673518 79.2525
1042 100.007 1.08991 69.6066
1043 82.6313 -0.505845 85.6205
1044 106.313 7.64553 89.7638
1045 91.5813 19.0369 82.523
1046 102.266 0.0767707 103.051
1047 86.6764 24.5064 70.2239
1048 106.428 25.2626 75.8373
1049 107.389 5.40663 97.6506
1050 102.556 0.0563081 106.567
1051 105.837 13.5634 85.9948
1052 106.69 28.787 78.2791
1053 105.38 23.9487 93.3124
1054 105.998 10.006 87.0607
1055 100.98 1.36436 80.5001
1056 89.7968 28.673 100.488
1057 107.02 1.50528 101.486
1058 92.0643 -0.720614 96.9391
1059 90.3322 0.00354396 106.338
1060 97.4731 15.9361 93.5121
1061 105.273 2.2177 89.8195
1062 89.3644 35.5971 103.41
1063 97.5676 35.009 99.1913
1064 95.9988 0.090567 106.068
1065 113.194 6.05263 110.111
1066 90.723 -0.0191075 125.985
1067 105.995 7.82448 127.17
1068 112.351 5.31673 127.131
1069 108.251 0.0791501 123.221
1070 90.7693 44.7705 -0.0936665
1071 93.3352 44.1425 8.57213
1072 96.9087 24.8046 3.47899
1073 101.749 39.4648 17.2766
1074 99.155 45.068 -0.233623
1075 99.5399 36.0212 -0.238735
1076 108.161 20.7322 30.1346
1077 104.5 42.4108 12.5174
1078 83.7577 25.1225 35.9899
1079 96.0358 39.5016 12.5749
1080 110.68 9.48507 21.2418
1081 111.223 51.7676 34.0824
1082 79.8124 19.4888 33.0934
1083 113.737 20.2122 18.2231
1084 106.541 29.2383 68.3725
1085 88.154 44.1766 20.7108
1086 84.7846 44.7433 39.3305
1087 106.578 37.9355 48.9216
1088 96.8097 28.3193 67.8675
1089 83.5357 25.4186 26.4811
1090 84.0856 36.2704 21.9095
1091 79.2644 9.98074 33.8698
1092 67.6493 30.7534 70.1635
1093 92.1273 32.9829 43.0212
1094 112.506 42.843 28.487
1095 106.313 38.8338 56.1685
1096 94.278 54.6214 71.8753
1097 105.926 24.8553 48.8328
1098 54.0776 46.4725 46.0592
1099 106.076 27.7083 41.796
1100 74.0158 26.3966 68.5436
1101 106.547 27.8569 71.2685
1102 86.5441 20.1786 60.8796
1103 105.917 11.6625 59.1544
1104 67.6933 43.415 86.1739
1105 79.5135 43.5608 74.1571
1106 90.8639 30.0848 81.7957
1107 70.3411 50.9826 65.7937
1108 75.113 22.2184 79.7819
1109 105.737 55.8904 63.6866
1110 104.778 41.2451 80.4624
1111 82.5712 23.6243 63.0828
1112 106.545 32.1238 65.2464
1113 84.697 21.3047 56.7231
1114 84.2845 40.926 81.0311
1115 96.5883 50.506 82.9231
1116 108.23 46.0892 104.485
1117 89.5554 16.4329 79.0687
1118 105.909 53.6106 94.6054
1119 78.8469 38.3006 106.764
1120 85.1792 51.9847 85.9067
1121 64.5885 58.3827 83.1035
1122 76.5489 29.6041 79.5777
1123 93.6352 60.2918 58.5229
1124 89.3916 31.3198 104.191
1125 93.5055 52.2365 84.1955
1126 104.772 31.4377 86.0824
1127 90.7827 36.611 116.487
1128 88.9693 25.7069 102.782
1129 108.99 31.4511 127.277
1130 108.272 27.7589 127.216
1131 99.7298 47.4674 127.841
1132 102.053 40.9223 115.453
1133 114.237 36.0082 119.594
1134 112.108 32.4459 127.55
1135 100.92 35.9329 117.83
1136 93.7415 38.552 111.104
1137 96.3995 59.7897 19.4502
1138 101.843 42.9523 11.1329
1139 103.031 47.0608 -0.210449
1140 106.054 56.4846 12.9201
1141 113.51 60.1991 22.2472
1142 107.487 59.2818 47.5505
1143 97.7138 63.556 28.0856
1144 85.294 66.0446 36.7119
1145 92.2437 36.0649 29.6677
1146 113.397 55.8047 24.4779
1147 110.123 32.3491 30.0185
1148 93.9944 73.8597 16.4199
1149 94.1642 73.4097 14.0527
1150 87.8668 65.4969 44.8046
1151 82.5487 50.8072 21.9191
1152 78.1561 41.3209 46.0856
1153 109.728 62.4453 41.5312
1154 109.358 56.9794 37.231
1155 92.8354 57.1373 32.0703
1156 81.8599 38.9532 45.9474
1157 112.823 48.7866 30.5389
1158 108.142 78.1658 49.9722
1159 90.8507 66.952 40.5679
1160 106.3 64.2147 58.2625
1161 105.566 58.9755 55.7746
1162 89.1534 52.0548 55.5508
1163 79.1411 57.6872 61.17
1164 107.101 47.9079 43.8478
1165 105.167 48.2386 63.9388
1166 93.3249 68.2777 29.4198
1167 107.32 55.7335 45.1927
1168 67.1895 42.9509 56.6808
1169 92.9251 46.8896 43.7348
1170 93.3652 57.4809 79.0169
1171 104.656 65.4452 77.1805
1172 106.137 52.3495 66.3447
1173 83.0467 40.427 92.6656
1174 68.6401 41.3016 71.4834
1175 89.9965 62.6526 100.354
1176 85.9183 86.7462 58.2501
1177 77.5079 69.3759 85.8014
1178 90.5387 76.5495 71.7219
1179 70.928 79.8595 54.6623
1180 86.9773 80.8662 79.0655
1181 106.202 58.6218 63.7022
1182 92.7473 55.2224 84.8226
1183 105.956 45.5111 101.044
1184 67.217 48.5566 91.9539
1185 101.347 70.3755 87.1868
1186 105.143 38.8363 85.6364
1187 104.904 60.4836 82.2645
1188 104.596 62.1765 71.19
1189 96.2312 50.4743 104.068
1190 104.96 64.452 81.2224
1191 79.1781 47.3806 89.5861
1192 87.1423 54.2048 94.192
1193 80.2273 64.2138 92.5887
1194 85.4099 46.2978 103.2
1195 109.958 62.9058 105.674
1196 91.7064 64.3078 75.1355
1197 92.8008 61.5071 81.8499
1198 106.738 58.3421 107.604
1199 67.3777 68.7291 98.5969
1200 86.6237 54.1318 116.642
1201 86.0681 64.8411 127.594
1202 96.3506 41.8007 107.873
1203 107.706 59.9542 127.99
1204 96.0252 78.5637 111.257
1205 96.2355 57.393 127.31
1206 110.188 64.9449 127.258
1207 94.27 87.7366 -0.320314
1208 87.6765 67.8298 -0.267024
1209 102.23 86.2981 12.9626
1210 114.19 86.8753 19.7573
1211 83.3663 97.1034 9.14481
1212 114.134 78.7313 8.51926
1213 90.18 78.1751 -0.238201
1214 83.9056 70.0315 7.48458
1215 102.08 78.7183 9.69766
1216 106.338 87.7113 -0.129478
1217 112.633 84.91 23.6406
1218 111.968 77.6322 25.7281
1219 82.7934 68.2607 50.1652
1220 80.7385 78.7702 29.4787
1221 108.033 84.7668 51.8755
1222 114.153 81.8895 12.6992
1223 88.4101 90.1217 18.0487
1224 90.1236 82.1811 19.1437
1225 92.5381 99.2726 18.6413
1226 80.3624 73.9445 36.533
1227 112.678 95.2235 25.1368
1228 97.6817 68.1868 56.4266
1229 104.064 83.6813 50.2588
1230 87.6306 72.3558 49.8954
1231 75.0855 78.643 33.0142
1232 107.024 93.8258 48.4541
1233 84.1885 95.4162 25.042
1234 88.2384 82.6712 56.2531
1235 89.5823 93.5656 45.9241
1236 105.847 101.189 68.3304
1237 86.2156 73.4027 60.0215
1238 108.118 82.3501 49.1218
1239 84.8605 113.602 69.3935
1240 100.981 89.67 66.9435
1241 89.9408 89.1833 99.2322
1242 93.1214 68.4836 86.2153
1243 96.5897 71.3243 64.566
1244 107.871 62.8903 44.3844
1245 106.175 98.2789 85.388
1246 107.301 49.5549 58.0482
1247 87.6353 72.0827 76.8136
1248 107.441 101.395 60.074
1249 106.064 87.8179 74.0529
1250 97.8917 78.8014 97.4399
1251 94.9417 75.583 81.9975
1252 66.0055 77.2484 103.029
1253 104.785 64.6652 75.6612
1254 86.3863 68.3562 69.4216
1255 106.37 84.6251 87.0325
1256 104.993 66.6542 86.0782
1257 100.186 87.3427 92.7814
1258 106.428 81.2374 81.4667
1259 109.165 73.896 95.6254
1260 99.0624 82.3171 96.1825
1261 109.137 87.9019 99.8309
1262 97.3686 84.5877 115.486
1263 97.863 81.8075 113.306
1264 68.5792 81.3486 93.7128
1265 109.532 75.824 99.978
1266 109.11 72.1111 122.349
1267 88.2833 69.6818 127.317
1268 114.21 73.0538 118.048
1269 92.2523 72.1241 127.522
1270 114.161 93.232 119.889
1271 114.289 79.8489 110.462
1272 94.1339 87.1629 127.495
1273 102.392 84.2594 107.063
1274 112.293 94.5182 127.6
1275 78.802 74.4049 118.997
1276 114.372 83.9039 113.531
1277 92.1876 81.9211 127.579
1278 92.246 66.6306 121.129
1279 98.5301 82.9631 116.001
1280 104.889 58.7555 127.171
1281 114.174 99.2576 4.09608
1282 99.9759 113.902 26.3615
1283 110.703 114.791 14.581
1284 114.214 97.8329 13.4929
1285 90.4917 100.138 11.4116
1286 113.05 94.1166 21.0408
1287 93.4839 101.431 30.9947
1288 78.3375 101.944 14.5607
1289 106.855 100.381 40.6542
1290 88.9966 91.606 31.098
1291 94.4136 103.476 13.9153
1292 106.984 112.717 17.285
1293 86.253 100.766 27.5368
1294 100.914 111.58 29.7606
1295 93.5238 113.814 29.5873
1296 89.9748 90.2839 19.3224
1297 106.957 93.2858 42.5666
1298 106.437 111.172 53.9922
1299 106.968 108.695 37.7431
1300 96.7668 114.052 22.7993
1301 94.4453 92.3004 16.9352
1302 84.6658 100.171 35.9902
1303 105.933 111.652 49.2741
1304 112.228 81.0158 38.1833
1305 108.159 88.4976 51.1015
1306 97.0422 111.8 29.6968
1307 82.0631 79.7103 54.2167
1308 85.6312 111.641 55.2723
1309 104.008 111.902 67.9239
1310 86.2931 97.2512 46.1584
1311 97.3553 101.539 82.8259
1312 105.986 92.2577 83.3168
1313 107.392 105.749 54.007
1314 105.776 110.07 88.0275
1315 93.415 111.702 55.6691
1316 105.772 105.282 82.7841
1317 105.182 111.411 84.6849
1318 106.049 95.4017 88.9703
1319 91.9407 95.7897 102.001
1320 83.9723 83.655 63.6254
1321 104.206 70.9669 71.9964
1322 106.304 82.4363 84.2827
1323 96.5237 113.379 94.7098
1324 114.419 89.8309 117.397
1325 101.05 114.3 102.658
1326 109.528 71.4495 94.2457
1327 74.8881 76.2518 89.3348
1328 114.121 90.5224 124.993
1329 112.545 96.8746 105.719
1330 103.462 113.651 104.536
1331 73.1866 113.339 126.939
1332 71.681 92.3556 88.2325
1333 82.1344 114.178 110.262
1334 100.129 101.47 120.336
1335 90.1697 100.551 111.71
1336 114.062 103.306 125.268
1337 114.395 65.966 111.175
1338 114.56 110.918 108.036
1339 100.894 111.898 115.506
1340 114.207 104.618 117.37
1341 94.1185 99.949 115.977
