0 9.3698 18.867 -0.118501
1 7.78232 -0.0121157 5.46097
2 11.5477 23.6157 15.0222
3 37.4179 0.145379 12.1979
4 27.3486 3.86291 -0.0967674
5 11.2458 13.6824 -0.230826
6 2.83312 5.82264 7.48102
7 14.2736 -0.0985074 14.2553
8 21.637 11.418 -0.0895483
9 -0.883831 14.9749 1.52753
10 -0.446006 10.5213 39.8851
11 12.31 16.0231 20.3429
12 15.969 15.5119 19.969
13 16.123 0.271277 19.7312
14 21.1538 0.093759 19.2734
15 8.33685 25.6187 27.3227
16 -0.267945 20.7163 56.0618
17 22.305 0.296826 36.3739
18 -0.451538 20.7943 47.0457
19 10.8851 19.5528 28.2854
20 30.7292 0.207255 43.5194
21 12.6888 -0.439008 8.82647
22 27.7316 20.3069 48.5831
23 15.5653 0.161127 27.0432
24 -0.368687 37.8284 48.5988
25 15.3231 8.53592 51.2519
26 24.5643 18.6658 41.9235
27 -0.423945 23.054 54.2277
28 18.669 7.50753 62.5875
29 24.6495 0.349606 54.0451
30 -0.512896 23.917 63.6208
31 13.041 0.452427 63.0349
32 23.2648 16.9451 42.5372
33 16.8456 14.9209 53.6062
34 -0.591009 20.3447 70.1848
35 38.6331 17.7322 79.1877
36 10.7423 0.2743 50.6062
37 13.8875 27.7979 66.6323
38 25.3414 0.291026 83.8091
39 8.6449 0.377524 68.4981
40 38.843 10.3511 79.2113
41 -0.689331 13.0884 70.1003
42 30.2651 11.7902 83.948
43 22.3178 0.532011 79.1388
44 27.6972 0.318052 91.5611
45 27.67 -0.00205875 80.5013
46 7.60619 0.711571 76.986
47 17.0332 0.509796 90.9532
48 24.9073 23.5011 84.9757
49 21.7883 16.9345 107.446
50 27.4374 10.0661 116.252
51 22.7447 15.4186 93.5338
52 -0.187006 16.9098 94.4695
53 23.9202 12.507 82.3903
54 18.4783 8.55913 88.5343
55 18.6963 12.3979 91.2948
56 20.3323 14.2575 94.5776
57 18.1203 28.7955 96.1042
58 -0.76092 13.441 90.1949
59 14.3051 24.1905 83.5525
60 -0.81294 15.8039 90.2899
61 16.1121 0.0189457 111.007
62 27.4612 15.1386 116.113
63 20.6105 8.5404 115.666
64 1.44934 0.321492 108.723
65 11.2143 8.7334 111.015
66 24.9419 46.8057 15.704
67 25.2723 45.8671 25.0313
68 19.2567 38.6514 6.99552
69 -0.9113 36.7223 2.00544
70 15.2677 31.6721 20.2287
71 -0.875642 46.4847 1.90101
72 25.551 31.1463 -0.209556
73 22.2291 29.6013 -0.221642
74 18.2258 40.5282 16.4067
75 -0.534675 44.2714 24.7595
76 -0.899888 45.1287 18.3957
77 3.93455 40.0934 12.8736
78 -0.471237 32.0873 37.5347
79 -0.654026 33.8788 35.2824
80 9.42834 31.1372 50.1559
81 11.7906 37.9594 39.7668
82 16.9841 32.7175 27.2496
83 -0.490029 31.9741 53.4769
84 -0.617869 40.4502 25.3798
85 -0.585534 30.6149 47.1378
86 27.5355 31.8466 49.3228
87 24.8706 40.3564 34.476
88 17.1374 39.725 58.8769
89 -0.555082 22.645 44.4927
90 29.6745 35.9438 50.3944
91 23.6736 41.3119 53.7407
92 -0.62734 30.5836 77.658
93 15.9263 23.9803 56.3822
94 13.1208 25.9924 46.9188
95 24.0813 33.0249 55.9559
96 9.67673 44.8197 45.2544
97 20.8807 39.3221 46.2498
98 13.397 26.4174 53.7052
99 -0.193312 35.6118 56.0652
100 18.5173 19.686 83.8084
101 2.13708 37.2248 62.5874
102 -0.754412 13.0657 68.3837
103 29.8462 45.647 72.0452
104 30.8862 42.6039 57.4567
105 -0.529667 35.3011 68.6236
106 21.385 34.9891 55.7978
107 16.4876 27.8025 75.5628
108 18.0001 25.4142 95.5572
109 30.3666 22.9884 81.1769
110 20.149 31.9353 73.32
111 -0.740546 31.3608 79.9885
112 31.209 29.8271 77.0465
113 -0.462551 31.2375 92.7554
114 17.715 24.4134 100.149
115 22.8208 40.1691 95.3982
116 21.2941 43.7886 78.1838
117 21.6803 37.83 83.5515
118 -0.41399 41.8016 89.7148
119 37.3462 47.7328 104.568
120 14.0927 20.8186 81.4067
121 -0.508323 47.6753 89.927
122 24.2488 39.9497 97.0592
123 6.97722 39.391 86.067
124 16.9904 22.1353 102.094
125 18.1063 38.4148 103.204
126 24.0838 41.1586 108.702
127 22.313 44.6733 107.59
128 11.6639 39.3773 109.099
129 22.7851 46.3571 112.458
130 8.0494 36.1347 115.874
131 16.5734 46.1027 116.06
132 31.7154 17.7914 116.104
133 29.2522 32.622 111.677
134 32.556 61.3319 8.44984
135 10.0452 57.1492 0.166686
136 19.6582 67.5101 17.9789
137 29.2402 61.904 12.8209
138 1.78091 51.3662 18.9001
139 -1.03066 65.7462 13.341
140 21.0992 35.0821 19.6352
141 13.9562 58.1397 18.8165
142 -0.385887 57.4233 19.9375
143 13.3002 54.1383 20.3311
144 29.3651 44.2333 24.2136
145 11.9745 63.8967 22.7195
146 13.0328 60.0972 11.1251
147 18.0058 60.6881 23.9607
148 8.83215 39.4145 31.8789
149 36.8564 48.5999 36.7215
150 23.5374 61.2072 49.9069
151 -0.529658 58.4921 29.8245
152 -0.316569 65.5319 56.324
153 33.6807 52.6457 37.1676
154 29.1566 56.0144 27.9559
155 11.0789 68.8763 35.3906
156 22.1686 52.7219 38.0271
157 -0.50834 50.1669 34.4182
158 16.6892 51.6743 44.3897
159 -0.356633 69.1074 46.4565
160 20.1337 72.2222 39.5379
161 19.357 62.1761 76.8923
162 19.5896 71.5032 48.9442
163 -0.319102 39.2421 51.7391
164 31.2531 68.2257 45.7305
165 21.4086 46.3044 56.4711
166 22.4105 58.6214 54.8979
167 -0.512682 47.7457 39.6297
168 -0.32545 59.8368 68.3829
169 27.3209 56.0436 60.329
170 26.6995 64.4396 71.8689
171 31.6327 60.719 57.4818
172 -0.691907 54.8948 70.492
173 25.2743 68.3586 79.8559
174 32.4172 34.4797 89.7097
175 -0.449995 66.6633 82.3057
176 15.4337 60.4799 75.907
177 26.1365 61.7358 71.5234
178 21.464 41.2703 85.5211
179 20.5725 58.764 72.9645
180 -0.429234 49.868 82.7742
181 -0.749989 61.7254 102.092
182 8.66556 69.4734 89.6797
183 28.1496 56.7577 80.5133
184 19.4215 61.67 88.6251
185 22.2161 55.96 90.7726
186 -0.768226 50.1536 97.3497
187 12.666 70.0549 92.0076
188 -0.503042 66.8116 102.059
189 12.173 63.0974 115.983
190 4.2578 53.7707 116.063
191 1.11713 67.5904 116.18
192 19.4314 66.2298 107.461
193 19.6684 69.8851 116.341
194 -0.693943 55.0214 104.701
195 7.46786 57.4639 116.349
196 20.4761 48.5826 115.917
197 23.5335 47.1267 109.262
198 28.7077 63.4368 116.189
199 -0.589166 68.7253 8.54576
200 -0.659406 88.7484 8.66152
201 15.1709 78.5851 20.9183
202 22.1599 79.2477 14.2194
203 23.5747 81.0169 6.39386
204 18.0654 84.4007 0.151028
205 10.0102 77.1224 -0.0236078
206 23.8334 78.9049 3.41716
207 2.15905 75.7112 11.7321
208 19.3065 63.3674 -0.510002
209 -0.198589 82.8209 34.97
210 30.0627 81.5271 33.7605
211 11.0165 88.6944 13.5408
212 36.5489 79.1963 17.4998
213 21.0848 69.9114 25.3685
214 9.65667 71.625 30.7789
215 26.0737 74.7182 23.6316
216 15.5135 82.5547 25.2746
217 14.8962 73.0027 31.2186
218 14.8027 91.2508 28.378
219 16.5835 73.7519 22.7398
220 9.58471 76.921 40.7625
221 15.083 84.4516 36.0742
222 14.9885 79.0014 50.2817
223 -0.59164 92.1819 25.3184
224 12.3062 81.3288 39.3212
225 24.766 88.0463 29.6673
226 22.5778 72.8046 38.2299
227 15.3664 98.5614 34.2287
228 24.6451 72.8909 42.0016
229 -0.342066 79.5059 47.0832
230 18.8019 92.8451 55.0254
231 21.9472 71.284 42.4553
232 -0.403815 103.804 80.3271
233 20.656 80.2656 56.3158
234 25.6501 55.5674 43.1344
235 9.40511 57.1913 63.2588
236 -0.52344 77.2207 63.1377
237 9.08635 67.6144 54.1941
238 -0.233937 73.9161 60.8252
239 -0.314284 59.3338 59.2724
240 -0.327302 67.1339 54.0327
241 37.0035 62.5338 63.2956
242 21.5351 61.9462 66.4192
243 20.949 76.4777 73.4633
244 27.8779 104.732 72.8278
245 -0.312857 82.9598 72.765
246 24.4364 94.7132 70.2714
247 21.2899 62.715 68.694
248 27.0835 100.254 54.6629
249 -0.189567 88.8275 53.6236
250 29.717 72.5729 65.5534
251 -0.347919 78.1913 70.8548
252 22.4989 61.139 83.8731
253 8.80899 97.8321 78.0664
254 11.6553 66.7631 70.5856
255 15.1334 85.6868 83.4153
256 22.3379 87.8905 83.6233
257 18.4505 63.8821 83.881
258 11.926 103.307 94.7879
259 -0.328099 88.1526 87.2091
260 -0.232828 75.1078 68.436
261 -0.319395 88.0133 70.8156
262 5.38146 96.5901 85.0977
263 15.2911 79.7109 81.1457
264 7.51247 67.1655 91.9012
265 -0.375291 77.2795 89.9386
266 22.1362 83.8527 93.1349
267 -0.402694 77.426 91.844
268 34.8664 92.7369 88.877
269 12.508 67.6035 91.8612
270 -0.33312 74.1658 96.6569
271 18.1079 86.5259 107.447
272 20.7929 77.9988 116.16
273 -0.49389 72.5364 113.372
274 4.81099 86.6957 111.059
275 19.6309 74.269 99.2564
276 24.9753 72.4125 99.3657
277 40.6599 83.1426 116.065
278 26.3003 111.977 -0.0549938
279 29.5816 100.617 -0.312797
280 18.7072 92.0886 0.0322506
281 3.13931 113.719 9.22213
282 19.607 114.742 4.27563
283 1.24147 97.7096 -0.165075
284 27.2545 87.3342 29.0253
285 -0.763918 95.2709 15.2934
286 27.1069 114.224 16.3725
287 24.4417 97.2991 27.3047
288 15.0953 113.645 41.1918
289 5.62213 106.625 12.245
290 -0.472317 99.904 20.7246
291 7.17888 107.824 -0.40916
292 -0.390194 96.1499 17.8587
293 20.0712 113.715 53.1661
294 14.1797 92.641 33.3668
295 10.0467 114.27 16.4082
296 24.6824 113.974 17.4411
297 30.3145 101.454 28.3067
298 28.1971 113.77 37.9687
299 27.2867 90.7639 28.5673
300 11.1558 106.481 45.2003
301 -0.456274 110.081 29.8742
302 12.2419 88.3932 44.3258
303 10.2994 113.601 42.5661
304 -0.375427 107.466 43.6699
305 35.4713 108.785 37.7433
306 22.055 113.634 41.9564
307 12.4198 100.898 30.1282
308 27.5411 113.958 34.0955
309 7.17115 103.96 43.2717
310 10.3599 113.705 35.3495
311 18.9136 89.2634 43.0514
312 22.3123 101.802 43.3128
313 25.1329 114.039 46.1482
314 -0.252345 92.0327 48.9487
315 4.6162 114.072 89.6964
316 13.0168 103.701 60.7527
317 -0.293568 109.522 63.104
318 -0.355917 111.417 60.8737
319 11.14 96.0664 64.288
320 25.1939 114.594 75.7425
321 20.1865 109.184 82.6839
322 33.4363 114.001 80.5114
323 11.5661 113.923 63.099
324 13.9085 113.745 91.4589
325 24.3841 83.1856 80.115
326 -0.433823 108.814 82.1122
327 -0.425161 93.0589 86.9426
328 21.6692 99.3821 76.9469
329 27.1508 97.3085 109.877
330 14.2342 101.32 71.5972
331 19.5507 113.996 91.785
332 6.91427 101.368 105.563
333 1.44048 113.796 93.2792
334 10.51 113.992 93.2005
335 14.2105 114.268 100.378
336 3.82195 114.187 102.408
337 16.0496 96.3758 94.893
338 26.0601 114.729 115.169
339 31.7428 109.34 116.24
340 -0.511742 102.007 104.551
341 16.7655 105.632 115.851
342 -0.935519 110.741 99.9072
343 36.791 13.9565 8.18976
344 26.4898 4.66874 7.09991
345 51.3396 -0.174922 8.90563
346 45.757 16.3189 -0.0246536
347 58.7585 -0.130019 14.2066
348 44.7971 21.5416 1.2056
349 34.5451 12.6846 -0.0590795
350 47.563 20.4901 8.24573
351 40.9247 26.1965 8.10593
352 26.1147 0.336463 14.7634
353 55.2092 6.92785 21.2543
354 37.3767 -0.422865 16.3608
355 55.5673 0.0690155 30.0403
356 41.8163 0.484477 30.0286
357 50.676 27.3275 42.9226
358 33.9399 26.2123 11.5225
359 59.3809 12.9774 23.4042
360 37.5869 25.0876 19.4066
361 38.8971 0.312536 28.9208
362 24.2046 15.1354 39.4705
363 67.0537 13.3758 45.3743
364 55.0453 20.8558 45.3688
365 41.1783 0.375548 48.815
366 28.2771 12.9844 54.0639
367 30.6226 18.3796 38.152
368 32.7567 0.0195622 39.6987
369 38.4553 -0.0301247 64.8088
370 37.0196 17.1122 58.6818
371 31.6357 19.9425 48.7991
372 34.3283 13.1769 57.6774
373 57.1175 12.9288 46.7544
374 33.0152 0.173275 55.8416
375 60.2959 27.9309 63.1029
376 45.6146 15.6491 69.1935
377 38.641 0.175182 71.9362
378 51.6019 14.0002 85.9793
379 33.5023 11.053 83.4892
380 30.9572 4.93196 76.912
381 80.3871 0.286608 76.8301
382 40.3 36.1621 77.9793
383 46.7295 11.409 83.6716
384 44.3685 12.5585 82.6579
385 28.7682 -0.109837 82.0094
386 22.4256 8.08133 78.9534
387 59.9586 0.189962 90.9182
388 29.5292 0.364053 80.5605
389 38.5993 18.6181 88.8133
390 50.4268 21.9965 93.3871
391 57.014 16.9695 102.058
392 37.4938 0.0931967 88.5644
393 53.3679 12.6563 116.182
394 39.4964 5.24114 116.22
395 39.5459 15.1357 116.367
396 43.0906 14.2817 112.465
397 36.1748 1.33617 115.84
398 37.4835 -0.166302 109.228
399 43.7027 17.5108 99.122
400 55.8186 12.4029 116.047
401 44.5898 8.96779 115.941
402 30.3573 32.4969 -0.0414141
403 33.4582 42.9845 18.2138
404 33.3683 41.5049 -0.597589
405 47.624 35.9082 -0.463579
406 53.5407 41.3441 -0.398785
407 45.7066 35.7005 14.4953
408 23.446 48.5554 6.8406
409 45.4729 30.463 11.7418
410 31.3539 28.7326 -0.256933
411 51.5045 39.0435 -0.366897
412 32.1992 44.4584 3.52404
413 37.4649 45.6125 7.81874
414 47.4539 52.1157 23.3724
415 32.2043 32.1251 24.7337
416 54.8759 51.4195 26.2435
417 45.3209 56.6245 20.1546
418 27.7525 38.9914 24.8105
419 31.7651 29.0986 31.9173
420 23.6487 46.4354 17.469
421 41.9559 0.270764 22.6417
422 28.4645 29.2708 51.3603
423 58.5667 26.7748 40.6698
424 61.6263 47.1416 26.5679
425 47.4663 26.779 28.007
426 58.851 29.296 40.6043
427 63.1873 27.4091 42.7558
428 47.8857 30.783 22.3289
429 52.338 39.1649 39.0657
430 37.9304 45.4975 35.9232
431 58.4703 25.9439 38.0379
432 25.4515 35.1135 26.1172
433 57.6742 27.0905 52.558
434 32.1685 21.0722 63.421
435 34.9111 16.4197 47.3811
436 49.8504 50.5572 68.9016
437 30.8567 22.9282 50.4728
438 52.5482 57.6556 77.6315
439 31.6268 39.8307 63.0143
440 59.0207 52.554 66.8048
441 42.6562 44.4179 57.225
442 40.0299 30.3308 70.1939
443 30.3702 34.6 64.209
444 31.2514 37.9497 72.2993
445 33.2165 33.7486 63.7719
446 40.6907 15.0387 68.1136
447 47.7223 24.835 59.299
448 52.4768 14.7205 75.0671
449 30.0295 37.8929 65.0469
450 38.5155 40.699 59.6067
451 40.2233 33.593 70.9066
452 42.6225 49.7268 71.8835
453 44.1303 43.7375 70.8764
454 21.5982 37.9431 62.0764
455 53.69 25.0257 77.2368
456 20.5604 40.9519 63.3109
457 54.3525 37.2914 64.7199
458 36.9376 17.6042 68.3775
459 33.0626 58.59 87.4071
460 63.8861 56.6388 78.0293
461 49.004 41.8738 68.0284
462 53.3463 27.8091 77.3397
463 49.1642 45.6848 80.0788
464 52.8786 37.7285 77.5918
465 43.8056 34.8088 91.7047
466 64.8166 25.8357 92.2003
467 48.8738 27.9966 92.2782
468 39.63 51.3066 93.2243
469 45.6788 26.206 100.213
470 24.1057 43.7963 108.894
471 39.2179 46.8086 93.3985
472 51.6272 38.8797 107.059
473 40.8798 39.9244 111.331
474 31.667 27.6163 116.356
475 40.6185 28.7091 115.892
476 50.3356 49.78 100.872
477 53.6874 46.4641 106.792
478 56.6405 28.4985 115.79
479 43.242 44.9638 102.504
480 33.9106 55.0998 0.0336452
481 46.1203 51.8514 14.1136
482 54.4849 69.7161 0.125301
483 41.4792 58.1268 21.8205
484 25.7189 42.9195 29.1074
485 27.2753 42.3117 26.321
486 41.6168 59.1499 34.6368
487 32.2679 71.936 25.0592
488 50.8281 60.8812 33.3114
489 53.0763 72.1301 25.1661
490 39.4848 62.0946 23.2485
491 50.2536 67.6694 21.5822
492 48.3796 65.4645 20.2849
493 58.4691 64.1925 49.8696
494 45.0627 39.3252 30.1364
495 29.8252 55.9329 31.5762
496 56.6508 61.2548 37.0867
497 39.522 66.0466 32.1309
498 25.4496 58.2842 39.553
499 36.2918 70.0975 27.0673
500 45.1042 59.048 53.4485
501 33.5017 58.9401 60.7819
502 42.1324 44.3311 40.6623
503 41.7911 55.561 57.725
504 35.0317 60.2743 52.6773
505 36.1904 59.0536 44.4461
506 57.7381 76.5429 59.4753
507 39.1475 62.249 64.9021
508 24.7177 54.2997 60.6946
509 55.2701 61.713 78.7506
510 29.9223 49.1606 64.1574
511 36.8984 62.336 68.4624
512 44.935 51.9074 60.807
513 31.089 60.9985 62.11
514 36.134 60.9524 78.0926
515 36.5094 54.786 75.5908
516 42.362 71.4137 78.7469
517 52.8419 71.31 80.3414
518 41.0014 64.0333 67.9928
519 49.3182 51.7484 87.6881
520 41.3587 62.2125 75.8761
521 51.5845 51.5086 88.9584
522 65.1238 57.5176 68.4984
523 57.7708 57.9932 64.8711
524 30.921 44.5373 93.5683
525 36.051 47.3236 116.182
526 34.2885 61.7482 100.429
527 59.8015 58.2119 100.358
528 39.5481 60.9973 89.4137
529 29.8926 57.8756 102.815
530 36.0277 57.2024 90.109
531 31.5457 62.4135 116.488
532 35.7366 67.0592 106.291
533 49.0619 65.7999 116.009
534 27.0071 53.1336 96.2262
535 45.6123 60.9323 104.001
536 56.5175 49.5251 111.278
537 41.4816 88.1446 -0.110412
538 45.6864 83.3002 -0.27265
539 37.8937 71.8674 19.2868
540 49.9483 56.1212 16.9794
541 54.9089 87.2872 9.13043
542 25.0285 79.7675 12.8006
543 27.3757 73.144 -0.539911
544 46.4794 70.2749 16.6099
545 45.0334 77.1107 32.3859
546 52.4559 75.4318 27.5483
547 45.7973 109.515 15.2692
548 40.5923 84.4846 25.0179
549 48.5099 73.0736 27.6952
550 53.2797 75.71 22.2697
551 52.5271 94.491 17.925
552 40.9134 93.0264 20.3287
553 40.8508 99.0498 32.0554
554 51.8488 80.8189 20.2591
555 50.9631 63.8497 33.5072
556 24.3436 61.1817 37.1167
557 38.5849 86.5555 35.5116
558 50.5674 87.2957 30.7165
559 61.5928 77.692 29.5515
560 34.9204 81.3927 42.8532
561 33.691 83.9824 45.296
562 52.5851 67.0262 31.9399
563 56.8789 102.498 19.9985
564 36.9578 84.0813 39.3945
565 61.2651 63.878 31.8342
566 25.8343 91.0508 45.6046
567 43.812 100.023 43.4441
568 51.2422 91.343 69.8295
569 41.4614 78.4506 42.1592
570 58.6079 72.7749 52.5618
571 30.891 55.8775 38.3513
572 57.7074 65.6913 46.824
573 52.839 84.4465 39.4424
574 35.4852 56.2967 45.6926
575 37.111 68.5142 51.4664
576 42.694 62.8053 52.5784
577 27.3356 83.2633 45.5225
578 34.1902 78.0343 40.5772
579 60.1274 86.9129 63.0024
580 64.2203 93.5913 60.5241
581 51.2524 84.5231 64.7572
582 33.6658 83.4589 67.6586
583 56.2999 74.7559 63.189
584 22.0871 85.2533 62.0158
585 37.7463 69.2216 66.9074
586 29.6839 95.8164 71.0254
587 58.1558 63.182 96.2998
588 20.1214 88.7993 87.8145
589 28.231 77.0344 97.0168
590 47.3329 81.3754 71.6734
591 44.8514 75.4087 92.3787
592 65.0818 77.3257 84.8472
593 59.2091 84.6639 81.2914
594 14.933 87.1818 74.0493
595 29.4221 54.7878 91.7407
596 46.7801 79.0165 93.2125
597 35.7191 74.1716 109.633
598 30.5262 76.0346 91.0441
599 65.8726 79.9227 94.3237
600 52.8545 74.2722 82.9021
601 50.719 89.5163 93.9536
602 43.4957 71.3071 103.07
603 48.5793 100.88 101.853
604 68.6666 81.0244 87.629
605 42.8178 72.7804 88.5393
606 67.8804 74.5866 87.4876
607 44.2562 55.1267 92.004
608 46.3456 79.1102 86.142
609 34.0592 75.6564 111.711
610 42.2415 94.685 102.807
611 56.2278 80.5168 108.639
612 45.3918 93.8986 102.39
613 42.3922 74.7863 109.927
614 42.2429 77.7468 110.124
615 64.8079 78.0666 116.184
616 35.474 102.84 -0.145708
617 36.3012 113.537 0.712212
618 54.8385 114.759 2.03774
619 30.3456 91.7619 14.1293
620 51.2613 114.004 5.24053
621 42.5669 102.162 -0.013205
622 59.4228 103.732 20.5839
623 44.5375 114.364 10.4855
624 43.9315 95.4042 22.0015
625 30.397 114.687 2.12313
626 41.1386 99.8308 11.0049
627 32.9189 114.079 17.6057
628 45.3679 81.2271 31.7403
629 32.5551 107.662 36.7441
630 23.3612 113.908 20.194
631 34.4178 78.5568 18.8505
632 24.6498 103.968 24.9189
633 43.2859 113.904 33.7859
634 36.4656 92.1368 25.1616
635 39.5282 109.394 26.0603
636 72.108 113.949 16.0306
637 23.9624 89.0599 24.7341
638 60.1945 111.125 37.3272
639 52.6266 104.078 39.092
640 56.8547 113.786 53.1587
641 46.4403 89.2788 35.8983
642 64.0126 114.077 59.2267
643 29.8659 113.887 34.0717
644 52.124 107.002 47.0148
645 38.4493 114.056 49.7912
646 39.5471 101.967 40.5751
647 40.673 102.045 34.3232
648 32.6495 113.841 46.3392
649 40.535 113.832 74.9957
650 30.8743 113.981 64.0217
651 38.6238 113.66 56.8151
652 48.5859 95.0347 70.8409
653 69.5127 113.632 53.2551
654 27.5555 106.703 59.0428
655 33.4322 98.5352 66.2096
656 66.5507 99.1782 71.8544
657 30.4099 80.6192 76.5062
658 49.1839 93.8523 82.4115
659 54.2993 113.678 78.5617
660 18.1052 94.6388 81.3029
661 48.2471 113.845 87.4661
662 42.565 113.609 84.054
663 36.7828 113.842 67.7349
664 41.0003 113.801 82.5017
665 34.381 92.5557 81.5447
666 43.3431 113.726 88.4823
667 48.4164 89.9645 70.7213
668 42.8401 104.114 86.158
669 34.5635 108.997 64.5099
670 42.7668 91.3978 71.6512
671 33.0631 113.818 87.571
672 38.9692 102.245 95.6386
673 49.1359 114.045 96.6506
674 35.9307 85.3925 101.308
675 43.6563 109.336 102.339
676 49.7315 101.266 88.2435
677 31.8682 114.13 94.9644
678 59.5654 101.916 87.7279
679 28.8723 114.445 103.994
680 33.6103 87.194 116.429
681 48.8189 95.8161 101.846
682 40.7269 104.788 113.226
683 43.6292 87.0249 116.405
684 48.1954 114.558 112.721
685 24.9854 105.619 115.714
686 20.7281 114.208 110.707
687 41.8671 109.573 116.177
688 64.0822 101.052 103.505
689 57.7548 96.8419 115.977
690 50.7642 113.999 107.291
691 68.8077 0.0541085 4.15075
692 70.6687 15.1777 0.101972
693 83.6841 16.0348 11.281
694 83.8887 25.4736 7.73081
695 61.806 13.7778 -0.259326
696 55.8326 22.5523 22.5413
697 62.4373 0.0337402 14.4052
698 66.8593 34.039 18.8212
699 62.2538 21.5437 11.7857
700 57.7185 0.283315 33.8757
701 73.8697 14.6384 27.3508
702 84.5856 0.165927 18.0326
703 63.2118 8.94009 16.8706
704 74.0 12.5648 23.752
705 63.579 21.1167 -0.697806
706 63.7428 10.9529 32.9116
707 70.8342 16.8068 40.5842
708 79.1949 26.8795 33.5989
709 87.6769 31.8067 45.4835
710 61.549 27.5544 41.3758
711 47.0941 0.321079 43.9588
712 62.8206 22.9547 43.2463
713 57.5816 -0.0723298 51.6301
714 76.6289 27.369 39.1675
715 54.9866 13.2552 45.364
716 55.416 15.2787 40.8435
717 56.7257 0.0398033 53.8971
718 84.8444 22.698 46.62
719 56.9761 0.0817316 68.4109
720 81.4943 18.744 79.678
721 83.8813 0.339832 76.6615
722 65.9771 0.30498 59.5255
723 69.6314 6.68092 63.693
724 75.8617 0.0934945 73.789
725 76.0722 27.2835 63.3231
726 60.4715 9.12232 65.7995
727 69.8208 15.5946 83.2354
728 51.9779 16.9617 82.2004
729 80.0216 0.195006 83.6295
730 65.8221 15.5462 79.7172
731 55.1661 0.0450597 88.028
732 90.8231 -0.0492507 100.72
733 74.4855 0.123032 107.904
734 89.3641 0.208431 105.937
735 87.7856 20.0857 116.573
736 84.5792 29.9528 111.236
737 59.3125 22.6712 102.855
738 67.3193 -0.0600475 102.435
739 90.1907 17.4812 91.3626
740 67.052 27.5405 117.048
741 61.6167 12.7555 116.237
742 70.0739 10.6133 105.003
743 87.1715 18.0038 102.65
744 56.9261 1.42181 115.956
745 80.6218 6.2327 115.925
746 63.9231 -0.0674631 98.7529
747 63.8439 14.9845 116.236
748 75.784 26.4587 -0.54642
749 73.8555 43.5279 -0.343082
750 96.1842 43.4351 -0.828117
751 81.929 32.4154 15.8629
752 71.6903 31.2008 -0.501885
753 61.7648 23.8591 -0.442384
754 75.5147 42.4669 19.0096
755 46.0287 45.7515 25.5782
756 58.4108 40.9616 18.7296
757 41.1025 19.281 17.6248
758 76.7282 24.0984 22.4594
759 63.2881 45.1603 28.7556
760 54.8115 26.3251 40.5137
761 66.5882 31.7555 33.657
762 61.7637 30.5489 33.0637
763 80.4353 24.9067 53.4585
764 85.7553 48.7539 32.107
765 60.3102 39.3091 53.5463
766 66.9811 34.9395 50.3076
767 63.5792 46.6976 49.4235
768 96.7354 12.7271 53.7861
769 84.9224 46.7021 31.9642
770 88.4163 40.2572 53.919
771 82.9458 21.7034 47.8734
772 92.0362 35.3604 61.5557
773 81.1614 28.1987 70.4058
774 77.2382 45.4216 70.6767
775 53.6664 29.6805 41.6646
776 62.5364 33.3605 67.0998
777 73.686 39.8846 73.0923
778 85.856 39.8061 66.1954
779 86.3294 31.3945 61.7587
780 76.5308 22.6935 53.8533
781 74.7449 28.0171 74.0634
782 68.4395 43.8464 58.5983
783 63.6819 40.0505 83.9285
784 66.8306 23.1278 81.4209
785 80.2402 31.0178 75.4093
786 69.9263 28.7367 71.6624
787 76.3638 29.3387 80.5084
788 54.8859 52.4269 95.5726
789 60.5436 47.2907 77.5379
790 73.0493 31.1829 79.8457
791 80.8557 58.1854 70.8715
792 63.2905 42.404 71.9263
793 70.1527 21.919 78.8561
794 53.2997 20.43 97.363
795 57.0165 39.3302 87.5153
796 61.9043 37.1113 112.707
797 96.8705 18.6107 92.3914
798 75.802 38.4309 100.423
799 61.7369 46.8767 91.7109
800 87.4914 30.9821 96.0446
801 82.5312 16.9949 91.1885
802 73.1656 22.0033 80.5118
803 66.6834 44.0508 83.8555
804 53.4487 35.0334 116.078
805 72.4948 31.2792 115.974
806 49.0514 30.2536 92.2746
807 71.879 29.346 102.957
808 57.0464 33.5833 101.709
809 80.2663 32.2809 116.341
810 78.9719 44.9059 -0.109276
811 67.704 53.5346 -0.435062
812 75.7525 53.6394 -0.487501
813 61.3063 56.8035 22.6604
814 59.874 59.9277 12.2994
815 69.1684 52.6282 5.63762
816 72.0797 63.7826 17.2061
817 90.5077 65.5178 18.5459
818 71.3216 57.6231 7.56962
819 77.7672 60.2114 7.65071
820 83.3051 46.8121 13.7242
821 63.6086 53.9136 13.5756
822 59.4387 57.9085 14.5632
823 50.9237 68.4995 33.304
824 54.3033 70.7008 25.847
825 56.2169 62.5713 32.4738
826 62.1366 59.0343 13.9355
827 61.6108 55.3684 14.9777
828 76.6707 73.9748 51.7671
829 87.8118 46.2075 31.5252
830 79.2142 58.8743 42.5791
831 82.4945 49.8655 43.0013
832 55.6406 66.4245 31.1796
833 76.9427 52.4403 25.1524
834 69.9752 69.3655 33.709
835 62.1681 73.2086 31.1541
836 78.1452 65.825 31.2442
837 91.0529 56.117 40.331
838 78.7962 61.9394 43.1339
839 81.4192 53.1983 79.9783
840 59.3546 64.0824 55.2833
841 67.5597 70.3013 54.5107
842 66.7543 45.5702 59.8832
843 56.9198 60.8189 70.926
844 77.226 64.8604 70.2572
845 79.9312 56.6246 44.6359
846 79.517 53.2484 61.9954
847 67.2285 53.9024 62.2799
848 79.723 56.0673 57.1508
849 68.9051 40.6385 70.474
850 90.6724 58.4139 88.7495
851 79.7882 61.3247 70.9837
852 78.2885 62.6967 79.3946
853 64.3851 52.4641 63.3301
854 71.7369 36.4712 60.0697
855 78.7275 43.5003 69.3006
856 68.1548 51.9837 87.8216
857 69.7805 56.8276 88.2267
858 83.0249 71.8525 86.4511
859 68.077 50.3855 97.245
860 52.9459 64.215 97.0901
861 68.3692 45.8969 99.669
862 69.3368 68.8987 102.214
863 68.4226 45.1523 106.198
864 66.2122 45.853 83.1792
865 87.9471 47.9312 101.159
866 72.9409 60.3499 85.2089
867 66.6132 65.1648 95.8383
868 89.3324 63.1389 106.523
869 91.1856 55.18 102.715
870 84.9533 45.8306 115.942
871 68.6669 65.6097 115.882
872 73.9907 59.7435 116.104
873 89.886 65.1604 101.619
874 92.1567 59.7828 116.271
875 84.1298 54.6729 116.277
876 84.2951 82.8798 7.79909
877 67.9684 72.0102 8.61828
878 91.0792 84.4448 -0.00138289
879 64.3622 91.3774 15.614
880 65.9352 90.6113 -0.267985
881 68.1776 80.709 -0.626815
882 62.0025 84.9857 11.6144
883 69.6732 71.0917 10.3825
884 65.9975 73.6021 -0.36199
885 66.9399 95.8111 11.7143
886 70.547 86.0413 19.1465
887 65.4433 69.2735 8.69973
888 89.2649 65.7162 8.12453
889 70.3008 78.0512 16.7878
890 89.1127 90.2697 27.5057
891 68.3352 93.7632 8.53484
892 68.2995 66.5069 38.9949
893 67.7378 71.6495 34.1897
894 92.7909 75.3575 34.5582
895 69.662 69.0362 27.3881
896 87.1526 78.0458 31.1519
897 80.3226 70.5398 43.9378
898 84.7715 83.3034 15.429
899 69.1475 60.9029 27.6531
900 87.3493 87.0192 50.4147
901 75.5059 95.1047 35.816
902 57.2303 84.9564 56.2043
903 62.5861 95.993 62.2145
904 74.4943 86.478 42.7116
905 79.2326 75.2154 52.7697
906 56.0859 96.1609 60.5365
907 81.4339 71.7684 66.3622
908 48.8227 90.487 49.0963
909 59.0827 96.0099 62.2864
910 71.2748 87.2027 45.1816
911 78.58 68.8085 86.0817
912 64.5462 79.4856 68.4623
913 72.8602 90.8609 65.6434
914 77.2135 79.6829 54.0117
915 95.2218 86.2292 69.6825
916 53.6264 78.8206 70.8642
917 62.8502 49.7848 78.9774
918 81.2217 97.553 92.2203
919 68.5787 78.867 82.4265
920 85.3171 70.4835 80.1492
921 79.2646 95.9126 69.3832
922 76.9532 65.6613 72.8234
923 59.8878 74.6272 94.6498
924 61.7512 82.176 87.4863
925 68.4129 90.5421 99.2664
926 52.5066 67.1873 82.8898
927 74.7918 81.5909 100.43
928 65.2427 82.2259 106.341
929 81.1756 70.8273 116.036
930 59.9873 81.9814 116.245
931 72.0751 76.8352 116.145
932 88.9484 73.3138 116.162
933 77.8097 72.342 116.209
934 71.9068 79.8443 116.305
935 61.5042 89.421 116.073
936 66.045 78.3541 96.7354
937 60.3978 88.5885 102.089
938 86.9008 97.0359 7.3787
939 59.8845 97.4558 11.1108
940 51.7175 98.4495 9.8116
941 75.9494 90.5465 -0.176132
942 79.3734 96.1013 33.4809
943 78.2702 114.018 12.6484
944 73.4565 113.735 37.2375
945 63.0914 90.4274 32.9729
946 73.8778 114.117 8.84791
947 65.6689 113.986 30.5565
948 63.996 103.404 10.3688
949 46.6672 105.009 23.707
950 56.4943 93.4789 29.7522
951 73.5973 113.713 29.7337
952 64.7693 107.839 58.0978
953 70.6045 89.353 28.5125
954 77.3112 92.8317 29.3712
955 68.5108 97.1086 48.3632
956 77.3298 100.333 49.2714
957 79.2732 113.659 62.4737
958 53.6318 104.154 58.5041
959 92.4823 99.6882 48.9441
960 66.8951 84.2386 42.9351
961 72.7323 98.2723 65.9662
962 88.4732 113.853 58.8147
963 52.8797 113.888 39.1085
964 44.0301 90.9214 53.5146
965 89.8707 92.945 46.3668
966 59.0935 98.2428 62.1166
967 64.6734 113.732 46.2617
968 73.8149 96.3916 41.503
969 76.3519 100.921 60.5743
970 93.8886 91.6724 69.8192
971 62.3444 113.951 64.3493
972 71.5255 113.717 62.7343
973 84.4413 98.8763 60.643
974 67.1968 114.046 56.788
975 66.8292 79.2928 71.8507
976 77.6964 113.822 84.7827
977 86.3553 100.15 54.4145
978 75.7841 90.6893 85.8561
979 69.7803 93.4059 74.0162
980 71.5341 95.2044 83.2687
981 76.1038 113.755 80.4509
982 64.1249 114.009 73.0992
983 76.5502 113.628 75.0169
984 56.6359 100.359 87.2819
985 80.1362 113.643 66.3562
986 85.1099 113.901 110.678
987 58.0581 105.034 90.4696
988 69.103 96.731 82.6216
989 77.0222 98.8575 82.3773
990 60.2749 100.771 89.4448
991 95.8165 114.018 91.1761
992 70.5249 93.7902 93.2648
993 69.672 102.707 96.8894
994 57.8864 84.5403 90.9688
995 68.5312 114.079 96.6575
996 51.4919 95.0075 93.6283
997 61.7512 113.697 95.4902
998 69.0715 100.391 115.779
999 60.8834 113.975 110.918
1000 81.7926 104.464 116.078
1001 62.0903 102.016 116.299
1002 105.074 81.0359 116.054
1003 68.5161 95.6395 116.046
1004 80.1762 114.117 102.521
1005 57.7422 106.91 101.756
1006 92.0738 99.4813 105.306
1007 60.5594 100.625 115.908
1008 114.087 21.1117 6.11458
1009 102.056 15.2699 8.40809
1010 94.8338 24.1103 4.59313
1011 105.562 13.5749 8.01292
1012 93.2992 0.924307 0.673829
1013 97.9611 7.58676 12.3315
1014 78.3267 18.7148 18.5322
1015 96.9842 11.5922 22.383
1016 106.755 9.07088 25.92
1017 92.5288 0.0937737 19.7572
1018 93.1661 9.93342 10.6075
1019 80.8872 -0.198377 24.8546
1020 82.8551 2.7318 28.8505
1021 86.4544 15.3762 14.4255
1022 95.9718 13.6979 24.8067
1023 100.262 16.0041 36.6143
1024 113.737 2.23851 24.6504
1025 99.0471 26.3005 25.9511
1026 90.448 18.6138 38.1846
1027 99.6497 15.6247 28.8934
1028 99.835 6.89659 38.9683
1029 108.183 11.8826 46.025
1030 96.2032 27.2069 51.3871
1031 100.217 0.209621 58.892
1032 110.851 0.604739 59.4752
1033 101.248 15.7384 48.7984
1034 114.001 12.0659 38.8464
1035 97.941 0.125731 44.6804
1036 105.992 35.9009 43.0019
1037 85.049 19.7514 46.078
1038 100.792 20.3628 53.884
1039 95.4893 -0.117354 93.3479
1040 113.924 18.1298 70.1435
1041 101.1 0.755978 68.469
1042 111.975 -0.442828 67.0122
1043 102.468 0.691026 66.3494
1044 106.874 0.527034 79.0659
1045 101.099 27.6672 60.9721
1046 102.475 0.337681 87.8054
1047 85.7566 23.9196 75.3204
1048 113.778 22.2473 73.174
1049 100.212 0.302486 76.673
1050 110.521 -0.35614 92.3139
1051 113.888 19.6895 72.9918
1052 102.766 28.2413 73.9023
1053 114.154 17.1341 89.4598
1054 103.266 -0.167416 84.0712
1055 110.384 -0.282957 71.2425
1056 89.9825 18.0411 94.2966
1057 113.117 0.392041 89.6662
1058 96.5124 9.14092 99.4785
1059 91.6796 0.202191 94.8327
1060 93.9506 17.5107 88.0347
1061 114.445 3.84905 79.6004
1062 95.1308 19.2157 90.8923
1063 94.0117 10.6186 101.493
1064 92.6802 0.143659 98.7485
1065 113.861 6.20114 86.7623
1066 90.723 -0.0191075 114.737
1067 105.995 7.82448 115.922
1068 112.351 5.31673 115.884
1069 108.251 0.0791501 111.973
1070 90.7693 44.7705 -0.0936665
1071 93.3352 44.1425 8.57213
1072 96.9087 24.8046 3.47899
1073 101.749 39.4648 17.2766
1074 99.155 45.068 -0.233623
1075 99.5399 36.0212 -0.238735
1076 95.8592 36.343 16.8283
1077 104.506 42.5632 12.549
1078 106.63 27.8086 23.4576
1079 95.9364 39.4694 12.6464
1080 99.0131 33.4 23.836
1081 113.93 40.2092 32.1644
1082 82.9868 39.2666 19.0888
1083 113.742 27.9376 25.0267
1084 109.646 17.8637 41.3385
1085 80.4707 50.1368 27.2767
1086 94.8656 54.0115 42.7383
1087 113.974 31.0786 28.0028
1088 104.108 26.5517 53.2565
1089 85.7633 35.4348 25.71
1090 99.9859 29.3628 27.3138
1091 87.411 26.0645 45.4527
1092 88.9479 21.2497 51.0667
1093 101.759 29.1787 41.746
1094 108.159 39.0364 39.0008
1095 114.273 30.2959 39.7918
1096 99.2368 47.7812 59.5622
1097 114.222 22.4446 51.8258
1098 89.5059 39.1118 46.0606
1099 113.908 27.0959 38.7655
1100 90.7296 41.1877 61.8457
1101 113.923 23.2708 61.3187
1102 102.324 19.0444 61.5655
1103 104.826 21.528 51.0262
1104 90.5824 33.0444 66.6077
1105 78.7382 38.2205 67.0287
1106 103.63 30.457 66.5015
1107 91.74 37.8935 61.7686
1108 100.444 19.8208 66.0186
1109 113.814 38.6454 56.2116
1110 113.87 39.1418 70.7835
1111 100.797 34.9962 60.8657
1112 106.287 30.716 65.1313
1113 98.9659 32.49 57.2694
1114 87.0033 30.1184 78.959
1115 94.9243 26.7754 69.2101
1116 113.985 40.5551 92.0345
1117 88.1719 7.88812 69.7491
1118 113.767 44.856 82.6862
1119 83.666 31.2099 89.0837
1120 102.059 35.8359 76.1254
1121 83.4531 39.8769 81.1964
1122 87.4919 35.9365 75.9768
1123 95.0675 55.6571 74.1915
1124 93.4948 29.3227 96.6211
1125 101.536 37.9055 90.0356
1126 97.6929 33.7721 89.7449
1127 90.7713 36.5333 105.104
1128 93.3427 33.929 94.4109
1129 108.99 31.4511 116.03
1130 108.272 27.7589 115.968
1131 99.7298 47.4674 116.594
1132 102.053 40.9223 104.206
1133 114.237 36.0082 108.347
1134 112.108 32.4459 116.302
1135 100.92 35.9329 106.582
1136 93.7415 38.552 99.8563
1137 96.3995 59.7897 19.4502
1138 101.843 42.9523 11.1329
1139 103.031 47.0608 -0.210449
1140 106.054 56.4846 12.9201
1141 113.721 60.6949 22.37
1142 113.826 62.9679 43.9938
1143 101.265 70.0448 20.3007
1144 102.422 59.8196 28.8061
1145 88.6553 48.9662 15.4456
1146 113.911 51.7099 24.7895
1147 114.13 53.9812 22.8549
1148 99.67 66.7548 26.4576
1149 93.862 73.681 13.1856
1150 90.7968 56.7271 21.1583
1151 84.5274 58.2082 22.4497
1152 85.015 51.4944 44.1101
1153 101.927 60.7058 39.2533
1154 99.1974 63.1618 33.1805
1155 96.8176 61.6804 32.0946
1156 94.8815 48.3567 45.5292
1157 113.931 49.0449 30.2489
1158 107.638 56.1169 35.4941
1159 95.668 72.8085 43.0042
1160 113.747 68.9012 58.7537
1161 113.79 64.0783 59.2038
1162 96.1391 52.3723 44.1989
1163 91.3529 53.4284 61.8805
1164 101.893 59.4084 48.5493
1165 114.025 54.8776 51.3363
1166 95.5982 68.3349 31.06
1167 113.648 78.7909 46.2446
1168 82.4316 56.0711 47.742
1169 94.2504 56.5454 47.8928
1170 97.6679 59.4698 73.2215
1171 113.697 69.8426 75.7726
1172 113.854 56.081 65.3018
1173 100.775 58.4797 65.507
1174 80.3561 45.27 63.1001
1175 93.1255 65.1782 84.9944
1176 95.4488 85.2724 61.8741
1177 90.9596 61.6827 64.461
1178 83.2596 73.1437 69.1594
1179 85.9786 61.6809 66.8781
1180 93.8023 64.9875 65.4269
1181 104.586 49.554 60.8299
1182 97.5767 57.8809 75.6313
1183 114.096 38.2495 97.2002
1184 68.3828 61.5557 80.5372
1185 93.0156 48.2761 77.8154
1186 103.017 49.3645 78.7747
1187 113.868 57.5549 75.5981
1188 113.971 62.6233 68.579
1189 95.4296 48.9018 90.7054
1190 105.878 52.9925 65.081
1191 107.552 56.9229 78.7976
1192 89.8829 56.466 88.7926
1193 84.4532 59.1232 82.3322
1194 90.8838 53.9758 91.0489
1195 113.967 59.3104 94.8266
1196 101.885 76.1763 71.0376
1197 98.4091 56.7127 85.9785
1198 106.738 58.3421 96.3566
1199 67.8451 72.7077 90.3787
1200 86.6237 54.1318 105.394
1201 86.0681 64.8411 116.347
1202 96.3506 41.8007 96.6251
1203 107.706 59.9542 116.742
1204 96.0252 78.5637 100.01
1205 96.2355 57.393 116.063
1206 110.188 64.9449 116.01
1207 94.27 87.7366 -0.320314
1208 87.6765 67.8298 -0.267024
1209 102.23 86.2981 12.9626
1210 114.19 86.8753 19.7573
1211 83.3663 97.1034 9.14481
1212 114.134 78.7313 8.51926
1213 90.18 78.1751 -0.238201
1214 83.9056 70.0315 7.48458
1215 102.08 78.7183 9.69766
1216 106.338 87.7113 -0.129478
1217 113.953 82.8438 22.3214
1218 113.999 70.5626 20.5209
1219 97.7923 80.6625 39.129
1220 88.8436 86.4333 24.7456
1221 114.143 81.1191 38.1428
1222 114.128 82.0336 12.6552
1223 90.8644 86.1731 21.1279
1224 93.0159 87.3806 20.1857
1225 87.1024 78.0319 16.8325
1226 97.4569 73.2306 49.2408
1227 113.809 88.3698 29.7409
1228 92.728 69.6558 41.6692
1229 103.195 78.6946 42.6758
1230 83.5251 77.5258 47.319
1231 70.9721 74.7985 43.1355
1232 113.933 90.334 41.9866
1233 100.216 91.1423 29.8976
1234 97.9503 71.9352 51.9045
1235 100.034 75.56 42.2139
1236 106.892 98.7756 64.3874
1237 90.4748 77.9764 52.8662
1238 114.251 87.1559 51.1942
1239 100.174 93.188 49.519
1240 93.9576 95.4353 50.0558
1241 103.357 84.3491 76.7357
1242 98.708 64.0923 71.6474
1243 101.235 80.6002 51.1345
1244 100.442 68.4499 58.5609
1245 113.902 89.3722 68.4379
1246 113.729 66.2557 65.9886
1247 94.8605 69.9307 71.8713
1248 113.963 94.3584 61.2661
1249 106.095 72.8956 72.279
1250 106.723 69.9239 73.9722
1251 103.117 76.5107 78.8196
1252 74.861 82.3281 88.4974
1253 113.734 74.0606 75.2731
1254 86.4657 81.6465 71.7024
1255 99.4624 80.4583 88.6458
1256 113.861 79.8797 82.871
1257 99.2144 70.8324 81.7338
1258 113.748 83.8565 80.6901
1259 98.3638 76.8844 98.396
1260 99.3597 88.739 91.1205
1261 113.822 85.8602 87.0448
1262 96.8182 84.4767 104.154
1263 98.4182 81.9807 102.424
1264 67.6679 73.3689 93.2385
1265 114.487 78.4043 94.2023
1266 109.11 72.1111 111.101
1267 88.2833 69.6818 116.069
1268 114.21 73.0538 106.801
1269 92.2523 72.1241 116.274
1270 114.161 93.232 108.641
1271 114.289 79.8489 99.2149
1272 94.1339 87.1629 116.248
1273 102.392 84.2594 95.8151
1274 112.293 94.5182 116.352
1275 78.802 74.4049 107.749
1276 114.372 83.9039 102.283
1277 92.1876 81.9211 116.332
1278 92.246 66.6306 109.882
1279 98.5301 82.9631 104.753
1280 104.889 58.7555 115.924
1281 114.174 99.2576 4.09608
1282 99.9759 113.902 26.3615
1283 110.703 114.791 14.581
1284 114.214 97.8329 13.4929
1285 90.4917 100.138 11.4116
1286 114.038 90.7983 15.4984
1287 98.1198 100.828 31.0359
1288 92.0185 105.787 23.8727
1289 114.13 98.4741 31.5845
1290 103.555 92.4796 31.1798
1291 93.4511 103.511 15.4024
1292 84.844 105.069 20.2918
1293 98.3087 101.955 28.7139
1294 108.058 113.786 30.4622
1295 99.3997 113.816 35.4619
1296 96.0026 98.2976 34.6344
1297 107.553 106.157 35.9036
1298 112.933 112.522 51.3524
1299 113.669 101.094 39.1159
1300 109.29 113.974 17.7343
1301 98.3538 102.255 14.5789
1302 95.9075 100.825 37.873
1303 114.064 111.658 47.1355
1304 113.977 79.3242 33.9887
1305 114.015 107.319 46.7256
1306 95.1669 113.77 49.625
1307 87.5819 89.8776 52.4489
1308 87.9154 113.782 48.8004
1309 105.098 107.056 63.3296
1310 93.6495 98.0692 56.5547
1311 93.8279 93.5896 84.9506
1312 107.064 100.761 69.5897
1313 113.834 109.739 56.5632
1314 92.5972 113.902 73.1026
1315 104.59 96.4188 60.9012
1316 102.7 92.514 67.1029
1317 113.94 96.8429 77.4044
1318 110.327 97.5512 79.1921
1319 90.1148 99.1199 80.842
1320 97.9181 82.0855 62.292
1321 113.724 91.2012 75.1531
1322 113.835 93.9108 80.4625
1323 111.858 113.9 81.1883
1324 114.313 93.6939 101.958
1325 102.559 113.755 92.8402
1326 113.777 89.2754 89.4007
1327 72.9132 83.5993 87.5418
1328 114.182 90.5647 113.78
1329 113.713 105.259 94.1866
1330 96.5781 113.945 102.052
1331 95.2624 99.4535 95.5422
1332 80.0395 96.2104 95.6524
1333 82.1344 114.178 99.0146
1334 100.129 101.47 109.088
1335 90.1697 100.551 100.463
1336 114.062 103.306 114.021
1337 114.395 65.966 99.9274
1338 114.56 110.918 96.7889
1339 100.894 111.898 104.259
1340 114.207 104.618 106.122
1341 94.1185 99.949 104.73
