0 9.3698 18.867 -0.118501
1 7.78232 -0.0121157 5.46097
2 11.5477 23.6157 15.0222
3 37.4179 0.145379 12.1979
4 27.3486 3.86291 -0.0967674
5 11.2458 13.6824 -0.230826
6 2.83312 5.82264 7.48102
7 14.2736 -0.0985074 14.2553
8 21.637 11.418 -0.0895483
9 -0.883831 14.9749 1.52753
10 -0.938949 50.3715 8.01196
11 61.8628 100.58 -0.186897
12 -0.998033 13.6509 95.4014
13 11.3319 0.193889 92.9438
14 20.4772 66.0466 124.098
15 6.73223 1.85929 75.2374
16 81.3315 -0.765968 79.1297
17 107.314 22.0889 56.0907
18 92.9724 0.854256 52.4187
19 59.407 8.97414 -0.0810484
20 6.76178 7.6373 51.1574
21 4.80874 66.4477 84.9309
22 107.308 29.0486 50.2592
23 2.01461 -0.432455 100.8
24 114.3 85.0642 114.474
25 34.3092 7.77714 0.242
26 0.97473 5.65193 123.938
27 23.6506 62.5136 124.387
28 95.3892 113.89 83.8439
29 8.53406 0.256275 51.001
30 47.6276 18.6439 -0.159826
31 109.526 91.9942 54.1236
32 6.77849 11.9911 48.4668
33 4.97806 29.0045 55.8087
34 3.2242 70.1529 77.1517
35 75.0504 22.1191 -0.0906449
36 5.66912 91.3441 71.9197
37 114.177 4.803 102.685
38 106.09 63.169 -0.466743
39 11.3286 0.255184 50.0016
40 5.29168 42.5166 55.8852
41 1.31893 29.3034 87.0672
42 10.9094 0.832177 57.8048
43 101.96 0.125862 52.5759
44 -0.144228 38.4054 93.3938
45 6.71053 2.77731 37.8936
46 65.1703 28.8187 -0.625171
47 97.004 114.439 98.9286
48 32.0796 1.04184 52.2237
49 21.4218 16.3982 115.372
50 40.9507 0.202517 119.8
51 6.61183 0.240473 88.5053
52 1.61455 50.1973 89.0981
53 -0.166166 6.3819 15.3063
54 22.4391 113.934 20.6428
55 11.9653 0.510023 80.0315
56 2.86287 46.1227 22.1997
57 102.964 0.349125 122.507
58 47.7503 34.7749 124.243
59 1.11938 44.676 19.4711
60 -0.81294 15.8039 98.2682
61 16.1121 0.0189457 118.985
62 27.4612 15.1386 124.092
63 20.6105 8.5404 123.644
64 1.44934 0.321492 116.701
65 11.2143 8.7334 118.993
66 24.9419 46.8057 15.704
67 25.2723 45.8671 25.0313
68 19.2567 38.6514 6.99552
69 -0.9113 36.7223 2.00544
70 15.2677 31.6721 20.2287
71 -0.875642 46.4847 1.90101
72 25.551 31.1463 -0.209556
73 22.2291 29.6013 -0.221642
74 14.4413 1.27234 57.3121
75 -0.840703 36.582 10.3879
76 67.4139 43.5081 -0.164755
77 4.42217 71.8407 25.629
78 6.2264 -0.0756678 7.36465
79 62.7595 111.772 85.3699
80 5.26204 99.5913 55.1931
81 20.3567 0.565284 18.0838
82 6.51664 79.9322 0.0607759
83 44.8252 112.949 96.5264
84 6.43417 14.3873 31.6427
85 6.49915 24.123 29.4013
86 2.93314 50.0112 19.3909
87 24.3506 0.0786841 105.715
88 67.5139 0.0667779 62.4875
89 107.898 9.93129 80.4335
90 17.6716 0.0214286 122.949
91 62.2685 113.772 26.6639
92 61.7679 11.3139 -0.390807
93 48.4442 3.48065 -0.754946
94 23.6299 114.828 87.1444
95 5.16199 47.9735 62.3466
96 49.3095 1.61672 39.0061
97 3.70244 97.163 41.5474
98 55.7564 113.935 26.445
99 65.8349 85.6364 -0.402169
100 112.53 62.4221 124.078
101 5.22834 33.587 70.5131
102 0.0249455 59.2424 95.3279
103 109.095 75.7058 92.1982
104 13.249 59.6873 124.347
105 5.48916 101.573 61.7296
106 3.52956 112.958 123.209
107 5.14414 47.2826 38.6941
108 86.0219 112.08 123.876
109 113.949 17.4254 95.7949
110 53.7417 0.439129 21.1059
111 4.91603 18.3012 66.2621
112 109.382 53.2108 80.826
113 57.5205 111.75 124.231
114 3.34489 81.114 62.13
115 113.693 8.45632 0.777547
116 1.31167 53.2891 94.9087
117 2.62531 42.8227 124.686
118 5.77948 108.684 66.104
119 37.5991 47.886 113.278
120 18.9502 0.389779 51.1287
121 35.1245 1.69455 27.3857
122 93.3957 0.133401 113.771
123 105.682 15.1872 61.6879
124 0.855143 6.83659 87.4301
125 18.1063 38.4148 111.183
126 24.0838 41.1586 116.68
127 22.313 44.6733 115.569
128 11.6639 39.3773 117.077
129 22.7851 46.3571 120.437
130 8.0494 36.1347 123.852
131 16.5734 46.1027 124.038
132 31.7154 17.7914 124.083
133 29.2522 32.622 119.656
134 32.556 61.3319 8.44984
135 10.0452 57.1492 0.166686
136 19.6582 67.5101 17.9789
137 29.2402 61.904 12.8209
138 1.78091 51.3662 18.9001
139 -1.03066 65.7462 13.341
140 114.198 97.3308 119.629
141 107.381 104.391 86.1785
142 57.9273 0.337512 54.6756
143 -0.624931 105.91 2.05833
144 114.394 26.9844 8.41787
145 4.93877 23.698 47.0148
146 13.3017 60.2 11.3222
147 109.825 20.552 80.5129
148 78.4468 0.253333 14.4711
149 31.4813 38.8551 -0.381587
150 72.6006 113.922 31.7483
151 41.3282 -0.781693 78.6587
152 3.41268 81.2292 50.2393
153 3.20924 50.6986 75.8008
154 87.4882 2.7525 124.543
155 53.8443 111.528 124.351
156 1.08333 0.0667137 4.74725
157 12.4318 1.6892 72.4157
158 25.4654 112.804 46.8861
159 4.93993 21.7247 77.9872
160 4.76297 92.3143 54.1519
161 92.8086 16.1452 123.695
162 12.9123 69.2752 124.485
163 3.51657 92.8884 48.6763
164 107.498 46.2664 36.3315
165 0.463225 64.8369 104.137
166 53.1415 27.0306 124.198
167 36.5022 1.01448 46.7187
168 5.74484 108.072 69.1962
169 5.61579 97.7903 64.6462
170 -0.477963 98.3234 116.807
171 8.05649 113.128 36.0394
172 1.33764 57.7349 124.449
173 46.1625 113.528 64.2168
174 -0.566826 45.6909 95.2758
175 13.215 -0.0442772 8.72821
176 -0.863635 9.08701 109.573
177 109.571 106.539 53.3037
178 5.17184 34.897 68.1024
179 3.44847 80.0587 40.6197
180 -0.714495 84.8599 121.229
181 21.4402 87.1538 124.351
182 62.7325 1.30255 45.4823
183 94.4469 0.266685 110.097
184 10.3595 113.864 107.923
185 11.9055 112.678 58.4728
186 -0.768226 50.1536 105.328
187 1.10616 84.8645 124.298
188 113.117 114.321 112.277
189 12.173 63.0974 123.961
190 4.2578 53.7707 124.041
191 1.11713 67.5904 124.158
192 19.4314 66.2298 115.439
193 19.6684 69.8851 124.319
194 -0.693943 55.0214 112.679
195 7.46786 57.4639 124.328
196 20.4761 48.5826 123.895
197 23.5335 47.1267 117.24
198 28.7077 63.4368 124.167
199 -0.589166 68.7253 8.54576
200 -0.659406 88.7484 8.66152
201 15.1709 78.5851 20.9183
202 22.1599 79.2477 14.2194
203 23.5747 81.0169 6.39386
204 18.0654 84.4007 0.151028
205 10.0102 77.1224 -0.0236078
206 23.8334 78.9049 3.41716
207 2.15905 75.7112 11.7321
208 19.3065 63.3674 -0.510002
209 60.2365 1.43905 25.9593
210 3.59491 96.1212 49.478
211 109.748 108.046 32.0634
212 107.921 103.11 100.646
213 112.627 71.4699 108.681
214 0.232324 0.146581 104.909
215 -0.915986 12.3011 118.782
216 8.86712 115.242 83.9123
217 -0.709192 46.2072 109.302
218 92.0843 97.9591 -0.397139
219 5.56283 95.7096 76.75
220 67.9813 2.51264 33.1307
221 107.627 104.776 74.4114
222 1.3037 40.1015 89.1501
223 65.5863 113.876 15.9513
224 0.640912 67.313 92.034
225 6.54814 7.65099 32.3738
226 76.3332 109.753 123.789
227 48.9276 113.317 0.869801
228 5.74664 106.025 93.7587
229 3.11873 75.8885 68.8872
230 107.467 27.6007 63.1312
231 106.288 94.4838 124.222
232 5.52315 103.079 59.1053
233 4.87098 77.2512 38.6638
234 0.874461 10.4401 124.046
235 3.45782 44.2936 76.3533
236 110.825 36.233 84.5172
237 83.8091 114.125 12.179
238 58.1076 106.888 124.242
239 -0.769981 76.0227 10.431
240 2.30958 64.5278 0.0809706
241 24.0279 56.2631 124.01
242 114.106 92.6035 13.3599
243 107.584 104.735 64.1525
244 81.6748 112.672 46.4589
245 4.46525 72.9041 30.2168
246 6.7277 4.38459 42.2641
247 109.683 29.9849 71.858
248 -0.461599 52.1465 102.839
249 109.677 64.7571 86.964
250 112.763 77.0572 103.854
251 27.5072 113.684 52.3259
252 78.5029 109.191 -0.312776
253 19.6707 113.623 34.284
254 -0.65901 94.1419 112.088
255 109.134 83.1544 93.705
256 114.136 45.7834 121.734
257 14.5748 114.586 97.4952
258 3.12553 59.6477 84.2827
259 4.89386 44.9044 40.0839
260 3.33076 56.613 82.737
261 40.4186 112.201 88.9158
262 114.067 19.4914 10.334
263 19.7409 24.5751 124.358
264 77.9465 30.8951 -0.294845
265 3.43561 80.0368 47.6543
266 3.44611 82.7874 61.7622
267 7.48061 11.1872 -0.608747
268 31.5423 96.8885 124.293
269 -0.714322 49.4347 3.55439
270 4.93514 31.0794 58.769
271 18.1079 86.5259 115.426
272 20.7929 77.9988 124.139
273 -0.49389 72.5364 121.35
274 4.81099 86.6957 119.037
275 19.6309 74.269 107.235
276 24.9753 72.4125 107.344
277 40.6599 83.1426 124.043
278 26.3003 111.977 -0.0549938
279 29.5816 100.617 -0.312797
280 18.7072 92.0886 0.0322506
281 3.13931 113.719 9.22213
282 19.607 114.742 4.27563
283 1.24147 97.7096 -0.165075
284 23.26 10.0292 124.248
285 -0.84068 7.71409 5.65433
286 17.2486 98.0825 -0.0793671
287 38.7946 113.713 27.8018
288 3.64251 87.8855 27.9932
289 5.42441 107.016 12.0537
290 41.8164 80.8324 -0.372007
291 67.3895 0.0362645 2.01805
292 58.8796 113.145 70.6289
293 112.806 60.9084 15.5995
294 33.4978 112.102 87.5359
295 -0.821674 63.3269 13.2951
296 109.377 86.1144 57.1206
297 4.47017 66.527 18.6337
298 23.3453 0.142096 39.61
299 3.26928 74.6705 71.4976
300 81.4249 112.604 89.6824
301 -0.573218 93.8926 110.174
302 108.057 114.694 109.416
303 17.4532 110.003 124.132
304 4.71731 101.953 99.9155
305 90.671 113.206 69.0373
306 109.907 60.6847 21.9468
307 9.78934 112.719 49.9778
308 -0.716949 73.506 116.281
309 78.5546 113.906 41.8039
310 109.168 52.0249 71.1406
311 4.97312 21.6786 56.0803
312 107.607 15.2387 65.2376
313 99.1457 115.211 97.8304
314 23.1392 113.7 107.966
315 2.42485 62.496 16.5489
316 23.7745 113.818 16.7494
317 52.0052 113.957 118.254
318 33.0491 46.1927 -0.862256
319 51.5599 114.312 47.9264
320 10.1224 -0.913425 24.3007
321 34.7426 52.2182 124.921
322 107.532 45.621 71.6769
323 1.08845 71.7388 106.878
324 3.6481 101.846 25.4885
325 98.8619 114.432 85.1558
326 90.7026 55.1278 -0.00956822
327 4.13036 81.8027 27.6235
328 87.4639 99.755 -0.272562
329 26.8736 97.2183 117.868
330 68.2123 59.7448 124.143
331 106.098 112.75 70.0661
332 6.98359 101.47 113.695
333 64.0289 30.0889 124.134
334 29.687 113.432 122.158
335 51.0644 113.672 19.2785
336 58.4236 94.581 -0.181202
337 115.18 110.495 104.831
338 26.0601 114.729 123.148
339 31.7428 109.34 124.218
340 -0.511742 102.007 112.529
341 16.7655 105.632 123.829
342 -0.935519 110.741 107.886
343 36.791 13.9565 8.18976
344 26.4898 4.66874 7.09991
345 51.3396 -0.174922 8.90563
346 45.757 16.3189 -0.0246536
347 58.7585 -0.130019 14.2066
348 44.7971 21.5416 1.2056
349 34.5451 12.6846 -0.0590795
350 47.563 20.4901 8.24573
351 40.9247 26.1965 8.10593
352 3.87726 75.2617 20.9369
353 22.8141 0.0600278 78.0769
354 4.99025 46.7965 52.8705
355 109.667 79.3237 33.8614
356 82.3617 98.0706 -0.391934
357 63.4998 113.457 64.4983
358 33.8943 26.0874 11.4393
359 52.0027 26.3393 -0.858208
360 3.3939 59.6006 58.364
361 -0.59695 49.8405 10.9471
362 15.4634 1.27473 -0.0143857
363 7.54255 1.58063 47.2754
364 -0.750131 1.23038 13.0881
365 3.55764 105.262 34.7915
366 7.3824 113.987 65.0864
367 31.0373 34.8692 124.722
368 1.44248 91.0414 99.6002
369 3.66273 65.5625 60.6336
370 4.75953 23.7358 42.4135
371 35.1982 38.6926 -0.311978
372 -0.76673 44.5265 118.959
373 110.075 67.3505 18.0852
374 33.4787 25.3864 124.083
375 14.8769 112.408 35.9327
376 23.5261 20.1017 124.164
377 36.5514 18.7083 123.93
378 113.958 22.1557 103.001
379 3.66466 97.5349 100.602
380 0.885026 2.91161 89.8979
381 2.67096 12.4356 16.62
382 88.1472 114.525 4.64511
383 38.5065 1.02321 38.4104
384 112.064 12.7634 89.0652
385 -0.905289 6.60762 114.9
386 109.903 62.8324 27.0438
387 114.218 48.4577 121.759
388 -0.76498 21.2482 100.672
389 113.754 38.6981 102.067
390 50.4268 21.9965 101.365
391 46.7061 -0.731159 64.3544
392 109.439 64.0524 60.5903
393 53.3679 12.6563 124.161
394 39.4964 5.24114 124.198
395 39.5459 15.1357 124.346
396 43.0906 14.2817 120.443
397 36.1748 1.33617 123.819
398 37.4835 -0.166302 117.206
399 43.7027 17.5108 107.1
400 55.8186 12.4029 124.026
401 44.5898 8.96779 123.92
402 30.3573 32.4969 -0.0414141
403 33.4582 42.9845 18.2138
404 33.3683 41.5049 -0.597589
405 47.624 35.9082 -0.463579
406 53.5407 41.3441 -0.398785
407 45.7066 35.7005 14.4953
408 23.446 48.5554 6.8406
409 45.4729 30.463 11.7418
410 31.3539 28.7326 -0.256933
411 51.5045 39.0435 -0.366897
412 32.1992 44.4584 3.52404
413 37.4649 45.6125 7.81874
414 99.5647 1.39636 75.4123
415 3.44691 75.9066 55.5517
416 110.807 115.4 111.248
417 46.3098 27.618 0.0487688
418 3.06544 4.31446 84.0944
419 82.8156 75.0054 -0.26268
420 112.512 72.2598 124.156
421 110.431 7.35276 84.7499
422 113.573 46.0149 95.0303
423 106.753 12.9225 63.6618
424 105.19 -1.13181 51.0358
425 89.7178 -0.501236 45.5001
426 33.754 -0.258142 96.5142
427 107.942 28.5468 -0.362602
428 -0.617774 29.5915 111.97
429 35.8625 92.0882 124.276
430 109.962 17.9924 19.7135
431 68.2535 112.596 94.9357
432 5.18116 91.1914 84.2169
433 3.3391 56.0928 20.1372
434 3.18883 56.8958 72.7607
435 3.35855 103.327 22.5858
436 95.6728 113.984 80.01
437 109.336 53.4123 68.5864
438 110.963 58.7164 84.3738
439 5.34333 103.913 54.113
440 81.9777 113.163 97.8755
441 2.46216 51.4094 17.474
442 3.68204 91.016 25.0582
443 114.038 8.09724 99.7642
444 1.16964 28.6799 90.0574
445 27.3241 0.147964 45.5412
446 5.02455 58.952 47.9756
447 82.6964 0.382998 53.1258
448 75.9209 -0.245073 74.2439
449 105.548 1.61062 62.9173
450 5.17126 54.6721 55.0649
451 5.62271 97.1726 86.2462
452 5.90591 110.916 100.32
453 94.9666 0.483579 21.9659
454 103.279 1.96068 80.5172
455 71.3384 0.282505 14.9375
456 4.82031 38.4844 54.0884
457 97.4854 113.844 80.3922
458 51.9607 -0.285311 56.0912
459 0.764068 14.0588 90.5292
460 108.851 96.0789 102.738
461 1.83039 115.045 120.118
462 109.791 24.2001 81.4809
463 109.367 67.7317 87.0896
464 113.891 57.7293 0.676872
465 114.347 95.1244 8.42543
466 78.5635 -0.561525 87.9191
467 37.5696 113.991 105.282
468 -0.827977 60.2754 11.2757
469 10.1862 -0.554505 40.9859
470 24.1057 43.7963 116.872
471 39.2179 46.8086 101.377
472 51.6272 38.8797 115.038
473 40.8798 39.9244 119.309
474 31.667 27.6163 124.335
475 40.6185 28.7091 123.871
476 50.3356 49.78 108.85
477 53.6874 46.4641 114.771
478 56.6405 28.4985 123.768
479 43.242 44.9638 110.483
480 33.9106 55.0998 0.0336452
481 46.1203 51.8514 14.1136
482 54.4849 69.7161 0.125301
483 41.4792 58.1268 21.8205
484 71.0477 64.7182 -0.223755
485 0.609969 108.022 107.591
486 75.6413 -0.41709 96.8318
487 112.648 -0.14159 103.882
488 18.6545 1.10996 61.1269
489 81.5897 113.149 101.95
490 9.25871 113.779 23.6019
491 25.0177 -0.381821 92.6502
492 107.299 50.2673 45.8105
493 -0.814094 21.0137 8.10161
494 19.2168 68.2272 0.0241259
495 106.462 111.405 61.2938
496 1.23151 79.0381 107.063
497 4.28279 16.4188 123.759
498 63.4413 -0.0711486 96.1584
499 4.96457 81.383 71.7909
500 7.4589 113.299 86.2712
501 20.9713 0.0881925 81.4982
502 38.6378 92.4557 -0.389219
503 4.72811 48.363 -0.764208
504 87.2707 0.73288 73.3986
505 62.6714 34.9394 -0.137406
506 8.67169 -1.13137 36.8279
507 5.32664 42.6218 63.2688
508 5.15004 28.5063 -0.171129
509 23.1946 79.1271 71.3733
510 113.601 52.4891 92.2069
511 -0.659706 60.2158 119.745
512 99.7508 -2.55011 26.5401
513 93.0787 114.05 111.783
514 65.4487 39.8159 55.5616
515 112.927 67.705 15.4415
516 112.517 110.825 123.946
517 110.236 23.6396 -0.292895
518 107.814 106.175 60.128
519 55.9775 64.8915 46.6766
520 6.73055 3.64744 56.5967
521 112.149 97.5437 21.3844
522 4.74609 59.5654 26.2432
523 87.4392 111.934 -0.0720596
524 3.24006 68.9926 50.9476
525 107.319 15.3306 53.2012
526 90.8131 0.453377 54.3293
527 77.4799 -0.698913 82.6301
528 8.98304 40.5357 124.143
529 109.634 31.1587 75.8182
530 3.24995 72.914 74.0688
531 31.5457 62.4135 124.467
532 35.7366 67.0592 114.27
533 49.0619 65.7999 123.987
534 27.0071 53.1336 104.205
535 45.6123 60.9323 111.979
536 56.5175 49.5251 119.256
537 41.4816 88.1446 -0.110412
538 45.6864 83.3002 -0.27265
539 37.8937 71.8674 19.2868
540 49.9483 56.1212 16.9794
541 54.9089 87.2872 9.13043
542 25.0285 79.7675 12.8006
543 27.3757 73.144 -0.539911
544 62.9454 113.362 58.6901
545 53.3726 -0.40502 96.1697
546 98.7723 54.7901 -0.0674302
547 40.6942 114.495 51.0194
548 -0.612162 113.606 3.69183
549 -0.681505 42.043 17.5718
550 107.737 104.336 79.1414
551 109.684 93.6308 82.979
552 63.0735 111.948 78.6235
553 82.8262 114.578 1.71621
554 -0.700874 1.36165 114.272
555 7.58443 114.27 101.797
556 4.13651 4.88849 17.5216
557 11.5414 116.807 92.3132
558 99.5763 1.29052 80.452
559 43.7786 113.633 106.428
560 83.9149 113.183 102.766
561 86.0065 112.956 57.3441
562 111.886 93.8892 22.8953
563 -0.688507 106.432 117.506
564 15.032 0.15488 116.801
565 92.074 112.855 66.3283
566 69.5414 114.11 36.9927
567 73.2538 113.34 60.9581
568 9.67573 114.685 79.6517
569 73.478 -0.135523 5.54673
570 79.2466 -0.0176461 122.967
571 0.416666 66.5684 97.1373
572 3.46885 66.1759 69.651
573 68.1479 114.606 11.7054
574 90.395 0.1125 117.339
575 0.0382798 60.7615 104.923
576 113.898 45.6387 106.917
577 22.5486 114.698 2.12612
578 5.9223 11.8122 20.9154
579 5.51086 98.1247 76.3851
580 109.291 71.9982 58.2119
581 29.0655 112.655 59.6709
582 1.08418 68.594 106.729
583 107.377 42.3892 62.7955
584 89.2855 98.0104 123.738
585 76.9264 112.851 96.7581
586 93.3993 102.891 123.883
587 5.03179 96.4374 54.2791
588 2.77048 107.28 18.2905
589 -0.773208 42.9001 107.186
590 10.3207 -0.269641 122.273
591 4.87152 10.5351 76.2321
592 98.5278 0.20373 16.3572
593 113.916 54.1572 109.912
594 0.990956 75.2319 97.16
595 27.5349 24.9974 124.439
596 18.9335 112.654 44.3753
597 35.8381 74.137 117.623
598 107.516 45.7934 65.1841
599 22.9638 -0.349172 5.98212
600 85.3414 100.363 -0.983072
601 50.719 89.5163 101.932
602 1.09393 27.1322 93.1305
603 96.4455 79.8722 124.316
604 79.4058 2.68141 124.849
605 10.9833 114.252 122.128
606 5.20883 29.4812 51.113
607 50.0917 113.549 26.639
608 0.0619466 112.579 121.4
609 34.0592 75.6564 119.69
610 42.2415 94.685 110.785
611 56.2278 80.5168 116.617
612 45.3918 93.8986 110.368
613 42.3922 74.7863 117.905
614 42.2429 77.7468 118.103
615 64.8079 78.0666 124.162
616 35.474 102.84 -0.145708
617 36.3012 113.537 0.712212
618 54.8385 114.759 2.03774
619 30.3456 91.7619 14.1293
620 51.2613 114.004 5.24053
621 42.5669 102.162 -0.013205
622 59.4228 103.732 20.5839
623 44.5375 114.364 10.4855
624 43.9315 95.4042 22.0015
625 30.397 114.687 2.12313
626 41.1386 99.8308 11.0049
627 85.282 113.939 91.9588
628 3.32579 64.9662 53.5812
629 102.423 115.118 123.178
630 0.364321 105.368 15.5487
631 107.597 99.3696 79.2839
632 55.0447 79.1526 -0.320759
633 3.27867 61.3655 68.0416
634 114.296 81.0996 8.6921
635 13.3225 113.737 52.8218
636 109.564 80.5519 55.3556
637 3.28237 97.5364 21.6871
638 4.98672 85.3329 64.8834
639 36.946 114.662 45.8582
640 107.508 50.7952 49.8787
641 4.26311 80.4705 88.6348
642 91.1505 62.1784 -0.132191
643 7.40675 113.375 57.5598
644 3.61059 98.3182 31.8399
645 5.52009 95.079 81.3974
646 63.4439 71.1575 -0.383144
647 53.8782 14.3669 -0.0225572
648 3.47436 62.1213 60.3931
649 19.0057 114.12 71.2023
650 22.0985 114.043 77.9486
651 1.26561 99.4262 124.455
652 27.5439 28.6812 -0.125976
653 2.696 69.7475 0.0739301
654 83.7427 45.7741 -0.326818
655 -0.69068 77.569 12.9964
656 37.0325 103.017 123.977
657 85.373 113.816 8.46822
658 107.496 33.8376 65.231
659 85.8512 49.8629 124.184
660 33.5674 114.458 44.2322
661 114.332 25.6458 119.449
662 34.3032 111.97 0.170077
663 107.487 110.695 73.5036
664 5.47267 93.2683 87.1803
665 109.522 89.9845 49.3686
666 109.445 86.6199 77.2073
667 109.568 92.3649 29.8712
668 6.33506 96.8508 0.103498
669 5.37929 82.0938 36.922
670 107.848 67.0302 33.3563
671 5.60958 97.574 79.6482
672 81.27 113.106 53.3576
673 114.115 12.7568 98.1437
674 109.323 43.7979 123.885
675 106.541 -0.457129 94.2077
676 5.63496 49.8827 57.4263
677 112.298 38.1875 87.8995
678 94.6038 -1.49277 29.0261
679 22.9428 56.474 -0.193355
680 33.6103 87.194 124.407
681 48.8189 95.8161 109.824
682 40.7269 104.788 121.205
683 43.6292 87.0249 124.384
684 48.1954 114.558 120.699
685 24.9854 105.619 123.693
686 20.7281 114.208 118.686
687 41.8671 109.573 124.155
688 64.0822 101.052 111.484
689 57.7548 96.8419 123.955
690 50.7642 113.999 115.269
691 68.8077 0.0541085 4.15075
692 70.6687 15.1777 0.101972
693 83.6841 16.0348 11.281
694 83.8887 25.4736 7.73081
695 61.806 13.7778 -0.259326
696 55.8326 22.5523 22.5413
697 28.5777 51.02 124.092
698 23.6997 0.477022 18.2311
699 62.2538 21.5437 11.7857
700 2.94694 17.8673 84.2682
701 5.46321 23.874 73.1042
702 38.8942 2.70085 34.7136
703 75.7789 68.3962 -0.0971989
704 59.5975 78.006 -0.161589
705 8.80789 0.230967 29.7448
706 5.01077 34.0953 43.5349
707 73.1178 0.656063 58.0186
708 113.994 68.4661 121.655
709 87.8206 113.074 65.9953
710 105.985 -0.493113 96.8991
711 37.2888 -0.335461 89.3159
712 -0.896117 30.8305 15.0751
713 100.659 -0.553374 42.7678
714 62.7319 2.53941 124.895
715 44.3713 22.8495 124.233
716 111.332 2.34929 89.334
717 105.467 13.9392 123.679
718 -0.520107 53.7828 121.691
719 5.6404 95.283 92.0801
720 14.8401 82.2756 124.664
721 109.322 64.503 53.673
722 3.30155 47.2632 85.327
723 107.143 27.8396 33.9028
724 79.8637 6.31417 -0.587998
725 35.6345 31.2183 -0.383162
726 3.65228 45.6854 123.899
727 84.0842 37.5961 124.397
728 80.8502 110.439 123.705
729 71.3229 -0.104952 102.354
730 82.9536 35.1931 -0.0892142
731 91.5508 6.34057 -0.408766
732 0.66742 -0.283927 111.029
733 74.4855 0.123032 115.883
734 89.3641 0.208431 113.916
735 87.7856 20.0857 124.552
736 84.5792 29.9528 119.214
737 59.3125 22.6712 110.833
738 67.3193 -0.0600475 110.413
739 90.1907 17.4812 99.3409
740 67.052 27.5405 125.026
741 61.6167 12.7555 124.216
742 70.0739 10.6133 112.981
743 87.1715 18.0038 110.628
744 56.9261 1.42181 123.935
745 80.6218 6.2327 123.903
746 63.9231 -0.0674631 106.731
747 63.8439 14.9845 124.215
748 75.784 26.4587 -0.54642
749 73.8555 43.5279 -0.343082
750 96.1842 43.4351 -0.828117
751 81.929 32.4154 15.8629
752 71.6903 31.2008 -0.501885
753 61.7648 23.8591 -0.442384
754 49.9056 95.5587 54.8819
755 3.28897 37.793 25.2222
756 45.0575 0.0409119 5.66743
757 -0.536307 2.98453 5.72773
758 108.856 21.7839 25.2061
759 110.822 37.4741 16.7108
760 48.6342 -0.912404 77.9296
761 16.5805 0.37863 80.9526
762 114.034 32.859 106.889
763 4.81206 15.3055 81.139
764 5.28379 53.7724 48.3176
765 98.1567 0.0096426 95.9192
766 39.0112 0.761649 45.9817
767 57.9278 107.651 -0.404743
768 106.968 17.0985 44.1818
769 82.0087 35.2566 124.025
770 104.516 -1.94764 36.5689
771 103.989 55.7138 -0.255059
772 104.91 -1.04516 39.283
773 12.8797 -2.77933 31.2152
774 114.079 30.4076 114.051
775 41.2251 26.2382 -0.865636
776 37.3552 10.4671 61.2505
777 61.8626 110.593 -0.468134
778 109.56 102.298 35.0302
779 114.046 88.6218 15.7707
780 77.9202 2.14443 35.3025
781 4.80226 0.438964 106.497
782 112.41 13.29 95.1421
783 114.312 21.372 13.2545
784 81.7679 0.609873 73.1868
785 61.842 3.08644 36.4059
786 49.86 -0.615503 114.817
787 103.634 114.659 2.2789
788 4.80904 64.8948 35.3164
789 109.396 55.2125 62.8825
790 114.058 38.3141 6.22555
791 93.1485 0.216155 119.228
792 113.846 26.1365 95.108
793 7.6777 1.16612 123.196
794 107.802 7.79226 77.4193
795 17.3865 0.351585 78.2872
796 62.0003 36.9827 120.559
797 114.087 54.1816 117.111
798 5.21539 45.0941 35.6109
799 72.2215 47.6643 123.885
800 87.4914 30.9821 104.023
801 -0.662754 18.7378 1.19628
802 113.174 11.5302 123.541
803 109.607 70.1548 26.9568
804 53.4487 35.0334 124.057
805 72.4948 31.2792 123.952
806 49.0514 30.2536 100.253
807 71.879 29.346 110.935
808 57.0464 33.5833 109.688
809 80.2663 32.2809 124.32
810 78.9719 44.9059 -0.109276
811 67.704 53.5346 -0.435062
812 75.7525 53.6394 -0.487501
813 61.3063 56.8035 22.6604
814 59.874 59.9277 12.2994
815 69.1684 52.6282 5.63762
816 72.0797 63.7826 17.2061
817 90.5077 65.5178 18.5459
818 71.3216 57.6231 7.56962
819 77.7672 60.2114 7.65071
820 83.3051 46.8121 13.7242
821 63.5798 53.8973 13.8791
822 6.82178 1.31474 35.3104
823 107.586 60.4243 42.6844
824 79.8788 114.528 86.995
825 -0.660409 88.9918 111.779
826 108.25 95.2343 101.041
827 61.9253 37.6719 52.4699
828 6.68716 5.09012 54.037
829 103.968 6.69566 -0.478419
830 5.35162 97.0444 124.446
831 107.219 41.0172 67.0015
832 44.7638 2.50724 34.1971
833 109.448 58.6386 56.6235
834 107.714 78.1435 30.0858
835 113.029 80.7026 107.598
836 112.817 11.1148 15.1723
837 102.696 72.2049 0.0132597
838 56.5074 -0.157318 105.252
839 107.064 23.6764 36.5355
840 113.971 95.9519 15.879
841 92.2701 95.4134 -0.239979
842 106.022 106.813 124.24
843 89.66 63.0376 38.5173
844 3.63091 26.011 20.7805
845 5.76206 108.713 52.1464
846 107.327 13.4158 48.1297
847 114.169 67.2055 4.11893
848 114.226 10.3951 106.528
849 105.658 10.4034 60.9348
850 -0.557816 36.2948 107.886
851 114.024 23.4827 8.00069
852 39.2778 -0.294395 96.523
853 109.815 37.0765 19.9685
854 113.894 25.1637 92.5912
855 109.951 1.24641 -0.213493
856 6.50448 12.9232 32.642
857 109.772 102.336 41.725
858 5.29335 88.3709 77.0048
859 114.245 8.56539 3.29906
860 25.0419 113.855 37.0
861 38.9242 69.1957 23.8699
862 76.9905 41.0503 123.945
863 68.3337 44.9659 114.044
864 107.786 4.73674 69.042
865 87.9471 47.9312 109.138
866 109.417 26.0156 73.9534
867 66.6132 65.1648 103.817
868 89.3324 63.1389 114.501
869 91.1856 55.18 110.694
870 84.9533 45.8306 123.92
871 68.6669 65.6097 123.86
872 73.9907 59.7435 124.082
873 89.886 65.1604 109.597
874 92.1567 59.7828 124.25
875 84.1298 54.6729 124.255
876 84.2951 82.8798 7.79909
877 67.9684 72.0102 8.61828
878 91.0792 84.4448 -0.00138289
879 64.3622 91.3774 15.614
880 65.9352 90.6113 -0.267985
881 68.1776 80.709 -0.626815
882 62.0025 84.9857 11.6144
883 69.6732 71.0917 10.3825
884 65.9975 73.6021 -0.36199
885 66.9399 95.8111 11.7143
886 57.5375 64.2693 51.6337
887 65.7723 69.399 9.03013
888 89.2596 65.7646 8.07168
889 108.204 110.546 -0.236979
890 95.8675 -0.381713 88.9768
891 68.2873 93.8232 8.6084
892 104.113 115.575 101.29
893 -0.826692 16.042 13.1613
894 99.0135 114.364 2.46872
895 15.8161 0.997947 20.3572
896 107.551 51.644 43.3643
897 5.10803 106.694 124.181
898 -0.634519 69.8381 12.8105
899 107.382 27.333 38.9974
900 111.665 29.9756 87.3614
901 68.0978 114.001 37.9507
902 5.97299 111.534 76.5236
903 15.1582 113.108 49.7301
904 49.7154 68.2999 -0.333785
905 109.932 114.352 18.8016
906 30.8397 114.37 7.11736
907 68.3461 113.755 69.3282
908 28.6205 112.72 94.4246
909 56.7182 -0.690724 60.3428
910 113.843 28.0594 99.7286
911 107.513 106.345 83.9623
912 3.53116 93.5102 42.2867
913 114.174 108.882 15.7958
914 3.72142 95.8648 37.1257
915 4.99706 62.2567 38.4479
916 66.8858 114.064 21.2699
917 78.3356 114.033 12.2462
918 9.29523 98.1744 -0.158145
919 108.716 80.6735 30.9472
920 39.7864 114.626 47.7184
921 112.08 115.128 120.429
922 86.9476 113.188 94.9657
923 -0.671111 67.8167 121.245
924 22.3152 114.519 122.661
925 1.28331 82.6701 97.3564
926 41.449 17.6432 124.282
927 4.8865 10.8407 66.2424
928 65.2721 82.1607 114.296
929 81.1756 70.8273 124.015
930 59.9873 81.9814 124.224
931 72.0751 76.8352 124.123
932 88.9484 73.3138 124.141
933 77.8097 72.342 124.187
934 71.9068 79.8443 124.283
935 61.5042 89.421 124.051
936 66.045 78.3541 104.714
937 60.3978 88.5885 110.068
938 86.9008 97.0359 7.3787
939 59.8845 97.4558 11.1108
940 51.7175 98.4495 9.8116
941 75.9494 90.5465 -0.176132
942 6.0597 111.969 71.33
943 -0.810047 100.124 1.01796
944 72.8981 113.814 81.5314
945 114.252 27.2647 110.102
946 109.875 103.246 49.3026
947 109.556 39.2389 25.0179
948 64.1272 103.608 10.2399
949 68.1732 0.0897417 113.845
950 38.9238 112.106 0.11494
951 98.8907 113.811 21.4801
952 41.618 114.139 29.8302
953 107.495 46.6637 74.1371
954 87.862 0.0260439 1.40993
955 109.951 54.7824 19.5732
956 85.9013 113.793 19.8061
957 -0.835292 111.863 11.4001
958 0.647182 81.0387 123.879
959 112.243 57.1746 15.2779
960 6.22008 14.2904 26.4732
961 2.03544 71.0501 87.5645
962 104.05 60.6402 -0.559658
963 40.8062 113.975 10.0055
964 5.27872 60.6613 47.2015
965 51.3067 114.757 54.8728
966 31.7698 82.25 124.301
967 107.978 98.3573 99.11
968 13.4519 102.922 -0.517767
969 15.5587 113.911 9.24098
970 95.215 112.874 57.0074
971 5.69017 99.4201 84.3755
972 43.2568 112.422 90.9814
973 113.673 65.2467 106.527
974 13.1616 95.4023 -0.223727
975 73.9093 112.863 49.7088
976 5.0212 78.2187 80.9464
977 109.218 81.7055 71.875
978 17.2207 -0.0415473 26.5631
979 1.32341 37.3749 89.3766
980 106.463 112.761 105.548
981 -0.884852 82.2121 114.119
982 109.912 107.642 36.4619
983 1.27903 34.9459 89.1489
984 40.9345 6.2827 124.086
985 109.588 103.149 32.0773
986 91.5627 113.5 105.499
987 8.19922 14.096 123.821
988 -0.946986 53.2845 8.00853
989 15.962 113.215 98.9916
990 81.8505 0.355003 66.4029
991 91.7681 112.363 43.4201
992 26.6648 0.235578 34.637
993 27.6599 86.976 124.302
994 25.7735 114.177 33.272
995 109.459 79.3807 95.2593
996 26.0725 104.708 0.0277524
997 50.86 113.665 105.446
998 69.0715 100.391 123.757
999 60.8834 113.975 118.896
1000 81.7926 104.464 124.057
1001 62.0903 102.016 124.278
1002 105.074 81.0359 124.032
1003 68.5161 95.6395 124.024
1004 80.1762 114.117 110.499
1005 57.7422 106.91 109.734
1006 92.0738 99.4813 113.284
1007 60.5594 100.625 123.886
1008 114.087 21.1117 6.11458
1009 102.056 15.2699 8.40809
1010 94.8338 24.1103 4.59313
1011 105.562 13.5749 8.01292
1012 93.2992 0.924307 0.673829
1013 97.9611 7.58676 12.3315
1014 78.3267 18.7148 18.5322
1015 109.696 86.3301 124.078
1016 107.523 93.4277 89.5563
1017 6.60702 8.05187 27.4472
1018 92.8796 10.0332 10.598
1019 67.4258 -0.936833 68.4378
1020 69.1204 9.35605 124.071
1021 86.4544 15.3762 14.4255
1022 40.5586 51.7189 124.216
1023 38.8528 0.123777 65.9014
1024 90.1108 12.7067 124.053
1025 -0.965693 1.86825 121.331
1026 109.876 69.0783 24.6362
1027 106.093 88.7572 94.7778
1028 113.883 14.3089 1.44832
1029 107.585 62.1151 40.0814
1030 96.0772 -0.0903856 5.30616
1031 43.2235 1.09486 46.9261
1032 112.098 53.0986 83.0075
1033 65.394 70.2206 123.862
1034 104.185 0.421485 69.7153
1035 113.796 54.4597 88.0322
1036 23.2432 -0.262159 9.28198
1037 6.93188 18.2449 43.7242
1038 113.995 36.6156 95.8134
1039 52.2805 73.1387 -0.991553
1040 71.8369 0.929888 23.3666
1041 72.0486 27.7087 124.24
1042 49.959 -0.055304 109.848
1043 105.992 1.12514 54.4883
1044 93.4463 -0.267118 85.663
1045 114.133 65.772 8.16361
1046 114.184 82.0527 3.95489
1047 112.369 44.7406 15.5276
1048 47.0276 -0.579993 82.5567
1049 69.0736 -0.168158 105.473
1050 113.589 43.0053 87.7294
1051 113.361 71.0586 101.305
1052 109.101 73.5993 63.0676
1053 81.035 1.14367 32.7948
1054 37.9976 0.399682 16.9479
1055 113.988 31.2319 94.9422
1056 107.443 44.3283 67.5764
1057 105.237 0.382277 48.7926
1058 113.715 21.1956 95.0968
1059 107.415 52.1424 52.4535
1060 19.3582 -0.339772 27.8069
1061 47.2019 -0.260662 122.89
1062 107.099 21.3095 48.7242
1063 40.3876 1.28994 37.2476
1064 106.055 35.4375 124.21
1065 2.26418 20.1222 16.7077
1066 90.723 -0.0191075 122.715
1067 105.995 7.82448 123.9
1068 112.351 5.31673 123.862
1069 108.251 0.0791501 119.952
1070 90.7693 44.7705 -0.0936665
1071 93.3352 44.1425 8.57213
1072 96.9087 24.8046 3.47899
1073 101.749 39.4648 17.2766
1074 99.155 45.068 -0.233623
1075 99.5399 36.0212 -0.238735
1076 106.93 18.1103 34.7029
1077 104.465 42.4074 12.4957
1078 44.2581 113.975 38.2788
1079 96.1247 39.6977 12.484
1080 109.986 47.4405 19.9919
1081 48.0562 -1.07006 72.251
1082 11.9108 11.4528 124.017
1083 5.10173 36.4625 53.7895
1084 73.1895 0.0586553 112.164
1085 107.758 58.6344 36.0963
1086 14.1902 0.181367 94.6432
1087 109.337 61.1894 56.2018
1088 109.175 25.2004 25.5587
1089 106.956 18.198 29.7917
1090 6.65353 2.53729 77.8325
1091 107.32 45.2764 45.6812
1092 106.959 24.1733 33.5019
1093 107.439 62.4778 47.3781
1094 15.9933 113.557 72.7231
1095 31.2241 -0.0595478 74.7022
1096 103.624 113.601 64.9562
1097 47.2871 0.0032656 106.525
1098 107.633 65.4777 40.5816
1099 109.448 74.5614 53.2313
1100 114.01 67.1855 12.7706
1101 109.72 31.2943 82.9615
1102 113.792 43.7374 100.318
1103 76.1342 72.4539 124.458
1104 107.826 70.9625 35.6732
1105 113.253 68.799 99.7412
1106 99.807 -3.15006 29.9556
1107 8.58119 114.313 111.914
1108 29.8023 1.47176 -0.0781799
1109 109.451 61.2131 53.0346
1110 104.185 79.5849 124.41
1111 106.237 112.805 73.9029
1112 44.6872 90.5375 123.889
1113 109.221 78.0325 81.8519
1114 81.6884 101.798 123.954
1115 114.084 6.28971 114.047
1116 85.6862 0.251337 15.5225
1117 85.3417 -0.231999 84.4549
1118 73.9669 113.381 56.6143
1119 36.5334 -0.763136 1.60859
1120 104.486 -0.0971668 3.83068
1121 109.46 37.0367 24.9619
1122 106.898 114.182 122.11
1123 2.51044 1.36075 86.8728
1124 11.301 0.0500124 12.4875
1125 83.6574 8.69293 -0.222996
1126 107.64 49.8289 62.6204
1127 90.8587 36.6345 113.275
1128 102.04 101.867 124.349
1129 108.99 31.4511 124.008
1130 108.272 27.7589 123.947
1131 99.7298 47.4674 124.572
1132 102.053 40.9223 112.184
1133 114.237 36.0082 116.325
1134 112.108 32.4459 124.281
1135 100.92 35.9329 114.561
1136 93.7415 38.552 107.835
1137 96.3995 59.7897 19.4502
1138 101.843 42.9523 11.1329
1139 103.031 47.0608 -0.210449
1140 106.054 56.4846 12.9201
1141 109.672 82.8091 37.7582
1142 108.811 28.9125 28.0282
1143 107.474 108.156 66.3433
1144 42.2729 114.672 1.64665
1145 0.290541 21.1807 93.5374
1146 107.115 5.45681 53.6601
1147 114.17 38.0337 1.16559
1148 106.873 12.244 44.248
1149 5.16516 86.2432 34.4491
1150 110.15 39.1982 81.6702
1151 114.056 44.085 1.48745
1152 107.665 3.59048 73.1939
1153 113.432 40.924 94.9174
1154 107.315 46.437 50.144
1155 109.49 95.1592 36.9428
1156 107.853 89.786 98.574
1157 81.3337 -0.127716 47.0255
1158 72.9802 35.9439 123.86
1159 83.5904 70.8424 -0.216047
1160 114.172 30.183 4.2394
1161 114.249 30.545 121.245
1162 112.438 -0.541571 117.71
1163 35.1394 113.737 27.9226
1164 106.017 115.143 98.2868
1165 68.1655 114.501 51.0465
1166 104.067 47.6671 124.066
1167 85.2287 -0.297387 51.0036
1168 60.0061 111.924 74.89
1169 111.881 35.8273 -0.301948
1170 38.7839 109.412 0.0458882
1171 51.8656 114.665 58.2931
1172 109.59 94.7862 60.8065
1173 21.3457 36.2148 -0.452049
1174 30.4425 57.6752 0.0648732
1175 14.3476 113.426 68.875
1176 4.95035 68.764 37.4139
1177 114.195 87.1262 18.1198
1178 109.564 89.1706 78.0718
1179 109.378 71.2294 75.5151
1180 96.9391 0.444189 58.1714
1181 67.7728 6.25745 -0.292443
1182 107.444 113.012 95.0221
1183 111.026 75.8819 107.879
1184 4.88652 30.2689 44.2112
1185 59.4843 -0.721224 78.7558
1186 107.83 46.2188 77.7914
1187 109.566 92.6791 42.3213
1188 14.1318 111.709 0.0693788
1189 113.734 48.6151 102.075
1190 113.081 100.93 123.815
1191 109.502 111.976 124.037
1192 109.919 109.832 25.0589
1193 107.609 20.3247 64.9931
1194 103.408 32.6162 -0.168318
1195 -0.726524 25.489 100.084
1196 77.852 0.217647 41.0146
1197 3.34911 45.8135 74.1119
1198 106.738 58.3421 104.335
1199 65.7988 82.0505 124.388
1200 86.6237 54.1318 113.373
1201 86.0681 64.8411 124.325
1202 96.3506 41.8007 104.603
1203 107.706 59.9542 124.72
1204 96.0252 78.5637 107.988
1205 96.2355 57.393 124.041
1206 110.188 64.9449 123.989
1207 94.27 87.7366 -0.320314
1208 87.6765 67.8298 -0.267024
1209 102.23 86.2981 12.9626
1210 114.19 86.8753 19.7573
1211 83.3663 97.1034 9.14481
1212 114.134 78.7313 8.51926
1213 90.18 78.1751 -0.238201
1214 83.9056 70.0315 7.48458
1215 102.08 78.7183 9.69766
1216 106.338 87.7113 -0.129478
1217 102.973 113.831 5.53456
1218 103.059 74.8666 -0.0255525
1219 5.14295 15.2989 58.9947
1220 -1.04376 29.4746 16.1366
1221 107.536 34.1616 48.2126
1222 109.755 35.4522 78.7338
1223 3.32913 110.136 34.3098
1224 5.49135 89.1287 60.388
1225 107.885 7.54444 82.462
1226 97.0958 -0.26939 46.8992
1227 107.185 111.811 90.3894
1228 104.342 114.559 82.2911
1229 84.9599 113.96 118.844
1230 79.716 53.5702 -0.566015
1231 110.912 102.388 108.609
1232 4.57334 28.4213 35.0356
1233 109.456 83.4976 30.9689
1234 101.811 -2.13837 35.8533
1235 29.1714 113.871 36.8167
1236 67.1974 114.614 1.72496
1237 5.1137 46.8928 32.8794
1238 114.347 9.73715 111.094
1239 51.4624 105.554 -0.377054
1240 73.3799 110.415 -0.74308
1241 109.592 110.476 42.1299
1242 110.414 68.6157 16.968
1243 63.8541 113.87 114.327
1244 -0.67605 72.2726 4.11846
1245 107.509 112.783 99.8177
1246 5.2435 113.156 35.0675
1247 107.439 37.6051 35.382
1248 45.5134 49.9872 124.121
1249 0.97089 19.533 87.3795
1250 69.0644 0.314526 42.7944
1251 107.559 101.639 68.9896
1252 46.1844 61.9297 32.8955
1253 109.756 110.432 50.8226
1254 111.101 81.5572 -0.206769
1255 58.4533 69.8789 51.8528
1256 109.343 88.5691 69.1601
1257 82.1392 -0.43301 39.9476
1258 109.617 97.2797 48.7738
1259 93.9327 65.0207 124.281
1260 106.175 113.436 71.8951
1261 110.881 -0.515623 99.5817
1262 62.2345 39.6844 55.53
1263 109.592 91.7911 76.5086
1264 61.7103 -0.748587 75.5704
1265 104.185 113.208 60.4021
1266 109.11 72.1111 119.08
1267 88.2833 69.6818 124.048
1268 114.21 73.0538 114.779
1269 92.2523 72.1241 124.252
1270 114.161 93.232 116.62
1271 114.289 79.8489 107.193
1272 94.1339 87.1629 124.226
1273 102.392 84.2594 103.793
1274 112.293 94.5182 124.331
1275 78.802 74.4049 115.727
1276 114.372 83.9039 110.262
1277 92.1876 81.9211 124.31
1278 92.246 66.6306 117.86
1279 98.5301 82.9631 112.732
1280 104.889 58.7555 123.902
1281 114.174 99.2576 4.09608
1282 99.9759 113.902 26.3615
1283 110.703 114.791 14.581
1284 114.214 97.8329 13.4929
1285 90.4917 100.138 11.4116
1286 86.2822 113.6 33.424
1287 12.1088 114.912 99.5952
1288 -0.613969 81.7861 117.164
1289 -0.75265 22.1615 103.045
1290 107.427 34.1826 60.2937
1291 91.4402 114.705 2.0132
1292 1.19772 32.8768 21.1348
1293 70.077 103.457 -0.674174
1294 109.633 49.2194 23.243
1295 -0.754258 63.3712 -0.504054
1296 23.8298 99.7218 124.206
1297 103.943 100.408 -0.105523
1298 109.609 26.4609 70.9256
1299 5.47303 106.703 49.2289
1300 2.63835 0.30193 95.8739
1301 112.87 114.224 119.037
1302 108.359 95.7345 80.3819
1303 70.8817 45.1324 0.0199344
1304 114.281 69.5353 10.8493
1305 77.8365 113.708 23.1885
1306 109.21 68.0639 70.0001
1307 109.203 68.0168 45.9985
1308 43.7 112.559 95.1021
1309 72.8207 113.93 17.6782
1310 70.548 -0.330706 88.0781
1311 114.291 87.5525 109.541
1312 108.253 112.305 28.4724
1313 108.053 4.06839 79.9644
1314 46.8144 102.111 0.0384087
1315 96.0797 113.536 29.982
1316 3.22145 72.6027 65.1632
1317 109.267 86.7385 90.5053
1318 107.702 107.952 100.496
1319 109.362 76.8701 67.0482
1320 -0.419954 108.844 117.333
1321 28.4089 113.749 86.0794
1322 106.315 10.7626 29.8233
1323 98.0133 8.55211 0.0224057
1324 69.8195 104.268 124.137
1325 67.7111 71.6207 47.5028
1326 39.6261 25.182 124.053
1327 114.148 49.5109 117.19
1328 42.8047 112.75 63.4759
1329 82.3337 96.8849 124.283
1330 109.749 33.1263 78.4211
1331 114.376 79.3917 114.292
1332 113.597 48.0257 87.6086
1333 82.1344 114.178 106.993
1334 100.129 101.47 117.067
1335 90.1697 100.551 108.441
1336 114.062 103.306 121.999
1337 114.395 65.966 107.906
1338 114.56 110.918 104.767
1339 100.894 111.898 112.237
1340 114.207 104.618 114.1
1341 94.1185 99.949 112.708
