0 9.3698 18.867 -0.118501
1 7.78232 -0.0121157 5.46097
2 11.5477 23.6157 15.0222
3 37.4179 0.145379 12.1979
4 27.3486 3.86291 -0.0967674
5 11.2458 13.6824 -0.230826
6 2.83312 5.82264 7.48102
7 14.2736 -0.0985074 14.2553
8 21.637 11.418 -0.0895483
9 -0.883831 14.9749 1.52753
10 -0.910191 36.8495 10.0847
11 99.8435 97.9024 -0.186362
12 4.16124 37.1361 83.3231
13 27.3816 -0.377977 111.112
14 29.576 64.8691 125.251
15 4.45506 18.8642 81.7483
16 62.7425 -0.741993 81.1814
17 107.963 12.0545 68.5989
18 78.1734 -0.34461 46.182
19 61.7409 -0.335813 12.8524
20 7.24728 2.98802 50.0785
21 14.6627 113.568 103.345
22 109.823 38.8343 29.4482
23 8.68809 0.124033 120.62
24 102.146 97.2665 124.89
25 13.094 0.947813 19.9781
26 -1.05648 1.98677 122.099
27 -0.450681 63.4112 122.671
28 60.9382 113.118 104.734
29 10.4203 2.02436 76.0678
30 39.7749 11.223 -0.2035
31 109.938 72.4919 40.8885
32 6.90471 18.8182 34.814
33 5.64057 24.8278 75.3201
34 3.97399 72.2992 67.0201
35 75.6656 9.00744 -0.322745
36 4.18857 84.8385 52.3189
37 112.148 17.9543 89.7324
38 110.149 60.3254 25.2454
39 12.3613 0.403158 18.4725
40 5.34834 36.9837 33.5901
41 5.14259 59.8748 90.0902
42 13.3318 -1.50458 33.2433
43 109.195 19.3608 23.7421
44 3.98998 34.5005 83.5697
45 7.64265 14.1602 25.295
46 78.6804 2.80104 0.0896636
47 92.3598 112.718 66.3522
48 31.0088 0.947265 62.0994
49 21.5738 16.633 116.067
50 4.85434 0.338319 86.8618
51 -0.761111 3.84383 107.899
52 0.330181 31.8772 108.034
53 9.05 0.907905 20.1908
54 -0.637116 113.421 3.58899
55 6.88885 10.756 46.5562
56 3.04629 47.3379 19.7536
57 102.166 2.80701 124.561
58 5.32304 15.4891 124.903
59 3.50622 36.7385 24.7249
60 -0.81294 15.8039 98.9217
61 16.1121 0.0189457 119.639
62 27.4612 15.1386 124.745
63 20.6105 8.5404 124.298
64 1.44934 0.321492 117.354
65 11.2143 8.7334 119.647
66 24.9419 46.8057 15.704
67 25.2723 45.8671 25.0313
68 19.2567 38.6514 6.99552
69 -0.9113 36.7223 2.00544
70 15.2677 31.6721 20.2287
71 -0.875642 46.4847 1.90101
72 25.551 31.1463 -0.209556
73 22.2291 29.6013 -0.221642
74 21.1417 1.32891 65.6291
75 -0.729885 59.1747 8.49853
76 112.513 40.258 15.34
77 -0.225435 112.865 8.31647
78 -0.675975 2.40884 8.4553
79 14.9736 115.965 96.3741
80 4.06224 73.8755 62.5561
81 53.7164 -0.37481 12.13
82 2.98248 72.8422 0.0316543
83 64.1766 111.844 124.727
84 2.87803 17.3868 16.3516
85 1.18883 24.6881 16.6436
86 5.40854 40.061 40.4505
87 32.499 11.2117 124.519
88 83.4197 0.773328 62.2141
89 108.131 6.18842 73.7008
90 46.9494 -0.179623 116.439
91 73.7476 113.741 48.078
92 59.3968 11.4618 -0.0445266
93 25.2428 1.3055 23.4181
94 4.74414 113.172 110.269
95 0.569069 40.3216 102.829
96 42.9562 2.30137 31.6153
97 8.09334 108.913 86.0783
98 45.5766 114.024 36.7537
99 86.9543 96.6463 -0.175733
100 112.456 62.2614 124.717
101 7.22977 11.7614 51.9373
102 3.53153 53.3458 89.158
103 112.467 71.4767 102.113
104 28.0463 78.3218 124.576
105 6.44039 103.662 82.7333
106 5.11332 115.197 122.052
107 -0.918401 39.1132 17.8357
108 100.649 112.773 124.49
109 114.082 20.3145 107.49
110 89.1316 -0.572181 32.9013
111 5.27911 15.0052 75.1821
112 108.453 64.7191 73.4023
113 44.916 110.389 124.543
114 3.81835 78.8881 52.0864
115 100.072 0.706571 15.7145
116 -0.678763 31.3634 122.267
117 -0.599982 30.4519 114.925
118 12.2865 115.197 81.2728
119 37.9234 48.259 113.82
120 15.684 0.216779 100.162
121 36.8397 2.15128 27.8495
122 91.9779 1.51812 72.0146
123 107.632 12.9145 46.8346
124 -0.776129 33.7969 115.781
125 18.1063 38.4148 111.836
126 24.0838 41.1586 117.334
127 22.313 44.6733 116.222
128 11.6639 39.3773 117.731
129 22.7851 46.3571 121.09
130 8.0494 36.1347 124.505
131 16.5734 46.1027 124.692
132 31.7154 17.7914 124.736
133 29.2522 32.622 120.309
134 32.556 61.3319 8.44984
135 10.0452 57.1492 0.166686
136 19.6582 67.5101 17.9789
137 29.2402 61.904 12.8209
138 1.78091 51.3662 18.9001
139 -1.03066 65.7462 13.341
140 106.797 102.29 96.5981
141 84.7645 114.387 90.5656
142 53.0043 1.30668 54.0416
143 18.3398 104.234 0.120122
144 110.541 25.7919 19.5676
145 17.3858 1.07688 50.7955
146 13.2966 60.6007 10.8539
147 113.141 52.0572 97.5676
148 57.3058 1.21542 54.1452
149 58.7744 47.3279 -0.0105686
150 71.288 114.161 14.0133
151 88.9697 -0.0309766 91.8053
152 5.89353 92.8466 74.8073
153 0.83517 74.8184 110.454
154 81.8429 0.606408 70.0883
155 85.3076 110.486 124.296
156 7.31522 6.41648 37.2288
157 5.2491 43.4211 41.2169
158 36.796 113.912 17.3088
159 5.68594 44.2145 60.9622
160 25.0631 113.522 77.9876
161 114.195 17.9415 121.48
162 -0.558434 92.5334 120.149
163 6.03904 95.8384 69.7861
164 109.109 40.0718 32.0323
165 15.4509 67.4055 125.132
166 72.8776 46.1075 124.427
167 50.9151 0.963352 50.4881
168 6.19508 89.1903 60.5225
169 -0.395331 112.384 115.216
170 5.60072 106.909 102.438
171 6.09804 93.5327 83.7629
172 -0.567465 46.9494 119.615
173 52.1823 114.614 39.7342
174 4.09059 74.2312 74.6816
175 13.4266 -0.116105 8.97312
176 -0.385966 15.1659 103.644
177 102.573 114.483 79.4687
178 4.80599 53.9144 63.8553
179 5.24588 79.6828 37.7634
180 -0.700156 87.3878 113.248
181 7.52739 82.4278 124.885
182 59.8736 2.50748 39.7551
183 98.435 0.335593 117.757
184 28.8179 114.257 119.644
185 26.8539 113.923 91.8241
186 -0.768226 50.1536 105.982
187 13.2401 94.9603 124.636
188 79.3274 114.214 86.9929
189 12.173 63.0974 124.615
190 4.2578 53.7707 124.695
191 1.11713 67.5904 124.811
192 19.4314 66.2298 116.093
193 19.6684 69.8851 124.973
194 -0.693943 55.0214 113.333
195 7.46786 57.4639 124.981
196 20.4761 48.5826 124.549
197 23.5335 47.1267 117.894
198 28.7077 63.4368 124.821
199 -0.589166 68.7253 8.54576
200 -0.659406 88.7484 8.66152
201 15.1709 78.5851 20.9183
202 22.1599 79.2477 14.2194
203 23.5747 81.0169 6.39386
204 18.0654 84.4007 0.151028
205 10.0102 77.1224 -0.0236078
206 23.8334 78.9049 3.41716
207 2.15905 75.7112 11.7321
208 19.3065 63.3674 -0.510002
209 108.138 5.63477 64.7901
210 3.38519 108.983 27.0106
211 108.664 112.966 35.4201
212 89.0154 95.2128 124.413
213 113.172 75.744 124.449
214 2.38484 7.35423 85.7609
215 19.5657 15.3118 124.607
216 5.93555 106.936 72.9532
217 20.6651 18.8815 124.664
218 91.1551 99.2217 -0.132237
219 6.27785 89.6413 86.4016
220 63.2031 1.53303 45.7917
221 108.44 91.1596 64.6195
222 4.18723 52.8449 80.403
223 53.0924 53.4866 -0.687513
224 -0.520393 82.6014 113.181
225 4.43452 4.62858 17.5978
226 56.5871 114.542 112.937
227 55.4212 112.865 -0.139102
228 5.98642 103.092 58.7868
229 5.07157 97.3111 98.4932
230 107.716 38.5899 36.1146
231 100.214 77.2925 124.734
232 3.74262 91.6333 46.6556
233 4.14323 87.5536 54.0684
234 -0.963408 11.2128 110.357
235 5.45777 25.4463 52.0079
236 112.93 53.1569 86.5192
237 62.0002 114.211 5.32857
238 58.0804 106.882 124.999
239 25.4379 113.93 23.4646
240 29.1522 114.0 38.4898
241 3.12168 27.909 125.044
242 112.433 110.96 20.7079
243 106.331 106.05 73.8259
244 103.117 112.668 61.0222
245 5.88667 77.23 30.5176
246 9.01841 0.230343 51.8579
247 107.781 7.91586 57.4053
248 4.2366 68.9723 81.5815
249 113.68 46.0946 107.943
250 113.92 41.364 108.16
251 98.122 114.307 15.5463
252 13.3765 88.0941 -0.44109
253 10.587 112.448 44.465
254 2.84297 87.9794 108.875
255 108.257 83.8484 77.1276
256 114.326 40.3407 114.82
257 52.7195 112.247 74.1922
258 4.1848 67.8268 79.3257
259 5.34863 49.1998 43.4336
260 5.7786 32.6664 70.3426
261 55.0041 112.065 93.8696
262 60.3417 2.72489 34.9462
263 -0.780586 21.4063 115.306
264 78.1061 36.1226 -0.310822
265 3.5564 64.9649 55.4723
266 6.15167 91.0797 65.0329
267 30.3453 10.0655 0.0983235
268 39.2395 104.663 125.27
269 -0.563198 68.718 1.38129
270 5.92101 38.3069 58.4288
271 18.1079 86.5259 116.079
272 20.7929 77.9988 124.792
273 -0.49389 72.5364 122.004
274 4.81099 86.6957 119.691
275 19.6309 74.269 107.888
276 24.9753 72.4125 107.998
277 40.6599 83.1426 124.697
278 26.3003 111.977 -0.0549938
279 29.5816 100.617 -0.312797
280 18.7072 92.0886 0.0322506
281 3.13931 113.719 9.22213
282 19.607 114.742 4.27563
283 1.24147 97.7096 -0.165075
284 37.4111 12.7566 124.926
285 1.41188 18.7563 -0.207368
286 11.0988 100.429 -0.0463076
287 61.9589 110.449 -0.304523
288 3.66966 95.0396 22.3775
289 5.42246 106.945 12.0455
290 48.4814 114.063 17.1153
291 72.8645 2.43449 33.0884
292 74.5542 113.822 33.0767
293 114.154 60.4845 8.00603
294 30.0963 113.628 88.4457
295 -0.681052 77.0282 5.46389
296 109.868 80.2867 42.1643
297 -0.807149 44.1725 8.63524
298 33.4741 1.48118 24.0543
299 6.42205 97.4659 85.9064
300 62.0897 111.881 83.3903
301 2.77116 91.4047 99.1136
302 108.397 115.734 112.637
303 40.3279 114.445 112.882
304 5.97057 89.5323 74.4339
305 103.244 112.257 55.6855
306 107.488 46.7579 43.3076
307 26.9895 113.685 69.7364
308 4.003 63.8142 80.0643
309 94.5857 112.839 54.2105
310 112.135 12.1704 87.5799
311 5.7231 28.131 76.0144
312 102.303 0.0223532 59.749
313 62.1896 112.338 96.1568
314 39.7203 113.74 107.58
315 4.92349 61.8677 18.8138
316 44.3049 114.455 43.7107
317 86.6164 102.082 125.407
318 18.8449 13.0616 0.0420431
319 48.272 114.221 43.6085
320 10.6128 -2.16658 26.9764
321 29.4095 84.4612 124.913
322 108.399 41.7077 71.9686
323 4.20961 85.1477 93.8329
324 -0.848679 94.6152 11.0453
325 102.342 114.78 123.931
326 105.953 53.179 -0.577258
327 3.74005 101.791 32.1614
328 82.7642 87.0891 0.053373
329 26.8422 97.5933 118.762
330 68.0173 57.2437 124.872
331 98.4546 112.273 55.5724
332 6.88999 101.519 114.225
333 57.5221 17.8123 124.952
334 29.4748 113.512 123.487
335 30.69 111.671 -0.13147
336 47.6109 98.2089 -0.48966
337 114.758 110.238 105.748
338 26.0601 114.729 123.801
339 31.7428 109.34 124.871
340 -0.511742 102.007 113.183
341 16.7655 105.632 124.483
342 -0.935519 110.741 108.539
343 36.791 13.9565 8.18976
344 26.4898 4.66874 7.09991
345 51.3396 -0.174922 8.90563
346 45.757 16.3189 -0.0246536
347 58.7585 -0.130019 14.2066
348 44.7971 21.5416 1.2056
349 34.5451 12.6846 -0.0590795
350 47.563 20.4901 8.24573
351 40.9247 26.1965 8.10593
352 4.58409 68.5101 23.9423
353 9.0193 1.27754 65.6765
354 5.12981 57.0651 26.5637
355 114.075 109.916 13.2322
356 59.5799 103.161 -0.466117
357 42.7089 112.869 101.072
358 33.9207 26.0974 11.5328
359 45.7261 26.339 -0.186994
360 4.01763 68.4072 69.6744
361 -0.785473 43.387 14.9621
362 -0.789898 20.3155 5.53063
363 6.92657 3.72446 57.1206
364 0.808888 0.0172114 11.9362
365 5.17422 113.482 42.7611
366 48.7166 113.825 59.9682
367 11.2835 -3.47774e-04 121.194
368 2.3397 85.116 98.9719
369 4.17234 56.4808 63.8169
370 5.63182 34.62 50.8164
371 103.599 84.5849 0.187901
372 1.37479 58.4982 99.823
373 114.317 75.6433 10.3822
374 -0.737858 26.7874 122.221
375 67.8041 114.149 32.8867
376 0.376951 36.6649 100.518
377 20.9159 66.0551 124.886
378 113.848 14.7957 105.126
379 -0.587748 82.2635 122.063
380 1.09025 6.11843 95.568
381 -0.877969 1.35845 13.3187
382 93.8507 113.173 34.3043
383 4.7142 24.4623 81.9232
384 110.893 -0.258307 108.404
385 1.44917 9.83687 87.7243
386 110.212 53.1585 22.2058
387 108.658 46.0615 124.384
388 1.70583 63.1781 97.574
389 114.173 57.5302 120.011
390 50.4268 21.9965 102.019
391 16.2136 0.75322 87.2587
392 108.184 71.182 58.7033
393 53.3679 12.6563 124.814
394 39.4964 5.24114 124.852
395 39.5459 15.1357 124.999
396 43.0906 14.2817 121.097
397 36.1748 1.33617 124.472
398 37.4835 -0.166302 117.86
399 43.7027 17.5108 107.754
400 55.8186 12.4029 124.679
401 44.5898 8.96779 124.573
402 30.3573 32.4969 -0.0414141
403 33.4582 42.9845 18.2138
404 33.3683 41.5049 -0.597589
405 47.624 35.9082 -0.463579
406 53.5407 41.3441 -0.398785
407 45.7066 35.7005 14.4953
408 23.446 48.5554 6.8406
409 45.4729 30.463 11.7418
410 31.3539 28.7326 -0.256933
411 51.5045 39.0435 -0.366897
412 32.1992 44.4584 3.52404
413 37.4649 45.6125 7.81874
414 108.06 4.97055 81.2883
415 3.69695 94.1961 32.6359
416 106.152 112.723 104.885
417 71.546 85.5289 -0.419496
418 2.9843 0.682882 89.6694
419 79.7633 75.5753 -0.378768
420 94.1098 62.336 125.09
421 69.3412 32.2742 124.954
422 114.407 60.1443 119.734
423 106.599 1.50686 55.6453
424 108.186 7.92885 78.2561
425 107.491 24.8232 45.831
426 20.2531 0.369725 105.836
427 81.8357 41.197 -0.343059
428 -0.544066 39.6827 118.008
429 28.7546 95.8682 124.639
430 113.032 11.3821 15.267
431 55.6162 112.001 72.3477
432 8.08374 103.727 85.8194
433 3.78193 104.384 41.3308
434 0.662469 49.1311 95.2298
435 21.1672 113.75 29.9652
436 108.383 107.37 51.6056
437 106.967 50.9618 61.3655
438 111.796 42.9404 86.2325
439 6.23756 97.2133 66.9155
440 106.594 105.04 88.4823
441 -0.667264 28.6675 14.987
442 6.73338 83.626 33.9394
443 114.171 43.2976 117.022
444 3.72621 30.777 84.592
445 8.84297 -1.29347 37.4419
446 5.46579 53.3079 40.9751
447 108.048 5.66011 66.6018
448 82.2863 0.461184 66.8171
449 92.7269 0.933184 52.0738
450 3.78878 74.5154 47.6955
451 3.99307 66.6861 64.8642
452 3.56822 61.8888 92.1356
453 101.565 -0.135123 17.8894
454 101.231 1.53347 70.806
455 61.6323 8.99418 -0.25134
456 5.49304 20.7514 52.4185
457 73.9762 112.206 91.8065
458 106.663 7.63418 20.8629
459 3.92462 29.4214 82.2914
460 91.1825 113.496 108.702
461 1.83981 115.206 121.061
462 113.852 27.2567 97.9239
463 112.074 70.6997 105.151
464 114.043 56.218 3.26664
465 112.757 92.1299 20.4091
466 70.3001 -0.0884315 57.899
467 40.1843 114.213 117.842
468 5.56774 48.9303 24.1071
469 19.0427 1.25645 57.3707
470 24.1057 43.7963 117.525
471 39.2179 46.8086 102.03
472 51.6272 38.8797 115.691
473 40.8798 39.9244 119.963
474 31.667 27.6163 124.988
475 40.6185 28.7091 124.524
476 50.3356 49.78 109.504
477 53.6874 46.4641 115.424
478 56.6405 28.4985 124.422
479 43.242 44.9638 111.136
480 33.9106 55.0998 0.0336452
481 46.1203 51.8514 14.1136
482 54.4849 69.7161 0.125301
483 41.4792 58.1268 21.8205
484 83.0457 69.9659 -0.0822509
485 3.57113 112.912 123.851
486 92.5747 0.559179 82.0134
487 65.7289 44.7802 124.961
488 7.46026 1.22473 88.8061
489 93.177 113.056 104.33
490 33.1668 114.187 9.28438
491 35.2336 0.0567563 103.771
492 108.534 65.6448 80.7975
493 -0.827235 12.1196 10.244
494 -0.760643 67.1315 5.69369
495 88.8243 112.828 97.8975
496 1.10977 89.7141 124.813
497 -0.751018 19.2846 122.166
498 27.8813 0.236824 75.2721
499 3.78662 65.054 53.7192
500 12.9898 113.555 78.086
501 11.5262 0.240198 107.163
502 51.8347 88.0413 -0.526987
503 17.2585 38.4607 -0.473833
504 108.477 1.28427 88.3084
505 37.7397 38.2912 -0.0899723
506 7.06158 5.51473 33.2811
507 5.90608 36.4296 66.0084
508 5.63611 45.1921 33.9514
509 23.1812 79.3385 72.4741
510 110.685 71.13 96.5126
511 -0.704508 55.2747 120.379
512 103.648 -1.03025 36.7692
513 102.332 115.836 101.097
514 62.227 41.0123 54.9519
515 108.733 60.6907 -0.902376
516 71.9376 89.574 124.876
517 113.022 15.7818 -1.05731
518 108.112 79.6157 48.5767
519 56.8365 65.1324 48.0362
520 8.98025 0.966969 58.2596
521 108.345 81.0033 60.0262
522 5.15879 62.4429 33.377
523 83.9879 98.0767 -0.495741
524 6.05443 87.1282 77.3356
525 68.3752 0.122084 61.8268
526 105.912 1.01855 87.5712
527 107.467 6.19097 43.1124
528 26.7175 32.4767 125.509
529 106.667 16.061 61.2142
530 4.17468 82.7134 66.5844
531 31.5457 62.4135 125.12
532 35.7366 67.0592 114.923
533 49.0619 65.7999 124.64
534 27.0071 53.1336 104.858
535 45.6123 60.9323 112.633
536 56.5175 49.5251 119.909
537 41.4816 88.1446 -0.110412
538 45.6864 83.3002 -0.27265
539 37.8937 71.8674 19.2868
540 49.9483 56.1212 16.9794
541 54.9089 87.2872 9.13043
542 25.0285 79.7675 12.8006
543 27.3757 73.144 -0.539911
544 74.7243 113.488 56.59
545 53.9947 -0.705847 69.3602
546 69.9986 70.5885 -0.519013
547 37.6534 114.655 44.3526
548 4.90085 107.929 -0.233009
549 3.48889 45.9012 -0.272925
550 106.472 102.677 65.347
551 106.647 98.6997 89.394
552 58.4104 113.376 72.7498
553 94.2348 108.046 -0.237362
554 -0.735211 1.52136 114.988
555 45.4682 111.322 90.2532
556 19.7399 -0.43755 9.84491
557 9.74411 113.224 81.4096
558 98.2291 -0.14319 114.014
559 39.0241 114.11 76.7614
560 73.7905 106.813 124.633
561 94.1577 112.304 62.5344
562 110.348 108.947 38.789
563 -0.543157 103.072 117.285
564 -0.970508 7.00005 112.423
565 70.8512 111.854 86.976
566 78.4197 114.11 12.167
567 72.429 114.146 30.0511
568 2.3176 77.3952 102.262
569 69.2053 1.08558 0.9857
570 71.9204 -0.0781626 114.178
571 -0.645736 70.6944 115.424
572 4.27687 70.3127 79.0224
573 102.633 114.502 22.0909
574 106.182 20.5423 124.583
575 2.43323 41.3525 89.9235
576 113.222 47.2346 97.7105
577 24.8254 114.977 3.78172
578 6.93631 6.86852 27.5971
579 4.01317 75.545 73.7335
580 108.552 70.7132 80.5458
581 56.7054 114.239 37.9814
582 -0.44844 74.1676 119.583
583 107.643 31.5426 48.3798
584 93.8528 94.6051 125.012
585 84.9474 112.085 97.223
586 95.9864 113.846 111.162
587 5.82342 106.853 54.4409
588 7.72684 112.401 39.3138
589 4.20291 59.7182 84.8352
590 36.0089 30.203 124.78
591 5.23364 4.67407 79.3827
592 93.4317 -0.376736 35.786
593 113.267 73.9553 110.439
594 0.999286 52.4805 97.5898
595 13.6829 0.0660727 123.511
596 13.1856 113.466 61.3401
597 35.8613 74.1549 118.058
598 107.606 25.3322 51.2933
599 2.67363 2.79382 -0.257315
600 80.9174 110.287 -1.20012
601 50.719 89.5163 102.585
602 48.9301 35.4823 124.797
603 105.407 105.469 124.665
604 80.5917 1.21121 124.289
605 15.8127 109.736 124.897
606 5.4129 33.2043 31.2775
607 45.0642 113.783 71.8279
608 -0.418251 99.9158 120.093
609 34.0592 75.6564 120.343
610 42.2415 94.685 111.439
611 56.2278 80.5168 117.27
612 45.3918 93.8986 111.022
613 42.3922 74.7863 118.558
614 42.2429 77.7468 118.756
615 64.8079 78.0666 124.816
616 35.474 102.84 -0.145708
617 36.3012 113.537 0.712212
618 54.8385 114.759 2.03774
619 30.3456 91.7619 14.1293
620 51.2613 114.004 5.24053
621 42.5669 102.162 -0.013205
622 59.4228 103.732 20.5839
623 44.5375 114.364 10.4855
624 43.9315 95.4042 22.0015
625 30.397 114.687 2.12313
626 41.1386 99.8308 11.0049
627 107.234 93.3806 94.5648
628 5.73686 98.0947 58.9781
629 106.701 103.18 78.0329
630 1.30779 110.179 18.762
631 108.345 73.1516 82.2705
632 92.0632 80.796 -0.231945
633 0.427927 41.1336 98.2458
634 114.28 107.255 1.0978
635 48.7376 112.507 69.3055
636 108.083 89.0289 54.7303
637 36.6525 43.4967 -0.936471
638 6.16115 98.081 75.8746
639 23.1613 107.879 -0.434634
640 110.169 73.1388 44.9936
641 1.99584 74.2365 95.0742
642 75.7101 72.9482 -0.400638
643 3.59493 96.8317 25.4945
644 9.879 113.712 14.1122
645 7.77479 108.163 98.4825
646 50.8507 112.002 0.111402
647 45.9186 2.12482 36.1768
648 7.76917 108.918 80.7544
649 38.3239 113.493 68.4515
650 8.32789 111.985 92.7553
651 3.03442 92.1496 107.94
652 27.3008 28.9015 -0.196592
653 12.9741 43.5765 -0.677391
654 53.831 18.7783 -0.0173504
655 3.76303 79.081 20.3006
656 47.8036 114.08 110.877
657 82.7363 114.583 1.89836
658 107.942 17.2277 75.5462
659 27.3786 52.4818 124.939
660 55.2861 113.903 34.6948
661 96.7217 51.8115 124.815
662 28.1184 113.432 1.15885
663 108.304 100.75 46.8107
664 5.74555 95.867 57.5202
665 106.617 112.235 42.9163
666 108.429 84.3067 89.0774
667 109.997 90.3877 36.4842
668 -0.772948 80.1499 12.9834
669 4.75873 81.8148 27.4241
670 108.068 70.1129 51.4951
671 13.9027 116.501 92.1626
672 106.563 111.89 47.6106
673 108.303 0.517584 113.559
674 75.8644 47.247 125.046
675 114.121 7.20808 110.381
676 5.78685 48.2716 58.4113
677 109.982 26.2139 74.075
678 92.2639 0.0796968 39.7804
679 15.9092 33.6605 -0.564928
680 33.6103 87.194 125.06
681 48.8189 95.8161 110.478
682 40.7269 104.788 121.858
683 43.6292 87.0249 125.037
684 48.1954 114.558 121.353
685 24.9854 105.619 124.346
686 20.7281 114.208 119.339
687 41.8671 109.573 124.808
688 64.0822 101.052 112.137
689 57.7548 96.8419 124.609
690 50.7642 113.999 115.923
691 68.8077 0.0541085 4.15075
692 70.6687 15.1777 0.101972
693 83.6841 16.0348 11.281
694 83.8887 25.4736 7.73081
695 61.806 13.7778 -0.259326
696 55.8326 22.5523 22.5413
697 42.8044 47.4204 125.643
698 75.1774 1.03922 38.5822
699 62.2538 21.5437 11.7857
700 -0.373945 27.1135 110.592
701 5.35586 33.5465 60.5699
702 44.068 0.448343 18.7533
703 96.0922 73.1782 -0.507732
704 -0.457816 86.3663 3.38613
705 5.44106 24.1977 56.3172
706 4.39467 56.7411 75.9466
707 66.8401 0.472702 53.6162
708 114.203 37.8789 120.086
709 82.3108 113.769 52.1778
710 114.162 2.46756 103.144
711 50.0145 -1.14457 72.6651
712 3.34597 26.3505 21.1209
713 107.925 2.30573 50.6736
714 65.0717 48.3243 124.693
715 41.0565 16.0348 124.487
716 110.616 1.81252 94.1444
717 94.3457 64.7231 125.112
718 15.544 59.929 125.096
719 3.92199 62.5354 66.0774
720 0.517316 83.4988 124.587
721 107.893 58.3929 47.139
722 6.22217 93.5555 88.4973
723 109.576 37.0431 22.9547
724 113.708 0.147717 7.93995
725 -1.0187 23.8487 13.1124
726 4.03037 73.357 124.856
727 101.013 48.7758 124.374
728 78.958 114.374 123.249
729 104.362 0.108102 107.026
730 95.3232 30.5411 -0.091014
731 107.665 15.0885 27.8536
732 0.593593 0.681113 109.393
733 74.4855 0.123032 116.536
734 89.3641 0.208431 114.569
735 87.7856 20.0857 125.205
736 84.5792 29.9528 119.867
737 59.3125 22.6712 111.486
738 67.3193 -0.0600475 111.067
739 90.1907 17.4812 99.9944
740 67.052 27.5405 125.68
741 61.6167 12.7555 124.869
742 70.0739 10.6133 113.634
743 87.1715 18.0038 111.281
744 56.9261 1.42181 124.588
745 80.6218 6.2327 124.557
746 63.9231 -0.0674631 107.385
747 63.8439 14.9845 124.868
748 75.784 26.4587 -0.54642
749 73.8555 43.5279 -0.343082
750 96.1842 43.4351 -0.828117
751 81.929 32.4154 15.8629
752 71.6903 31.2008 -0.501885
753 61.7648 23.8591 -0.442384
754 51.9342 95.3679 54.3306
755 5.49574 30.1484 39.9485
756 58.2062 2.20292 46.1385
757 -0.944967 24.4365 1.73891
758 107.535 22.0157 32.2838
759 114.074 42.3791 3.79158
760 24.5357 0.0795388 73.5305
761 13.7482 1.67888 56.1929
762 114.208 23.105 105.979
763 5.76175 31.0325 77.6486
764 5.22829 61.2595 37.4689
765 114.159 3.31708 105.656
766 7.19125 1.56199 35.8795
767 48.6892 113.467 1.01866
768 107.677 36.0966 38.069
769 75.8906 42.3915 125.31
770 86.0003 -0.128322 48.0693
771 114.18 67.2244 4.36826
772 101.479 -0.107238 51.2288
773 63.7878 1.2524 23.4652
774 114.366 24.3961 119.358
775 61.8693 36.3364 -0.301739
776 37.4172 10.483 61.4275
777 66.8264 114.667 1.66337
778 109.156 105.505 43.3212
779 108.157 77.3868 50.7755
780 41.7652 0.973254 50.477
781 11.6391 1.48904 124.265
782 112.033 9.37622 87.4925
783 102.114 6.1014 -0.353741
784 97.7385 0.889507 58.4697
785 79.9719 0.324191 40.2399
786 68.0536 -0.42854 96.858
787 107.027 67.3352 -0.162323
788 4.84846 69.781 33.1202
789 107.786 23.9577 55.2804
790 114.118 34.4105 10.4592
791 72.3374 0.111999 119.965
792 114.025 16.766 96.2215
793 17.097 0.253273 107.338
794 114.122 8.43674 105.942
795 5.2021 9.6242 69.1076
796 62.2549 36.7761 121.204
797 114.228 54.1547 112.538
798 5.31465 39.4475 28.2651
799 85.1858 35.9406 124.527
800 87.4914 30.9821 104.676
801 52.1476 0.967153 20.7661
802 114.256 30.058 107.725
803 110.356 70.53 21.8262
804 53.4487 35.0334 124.71
805 72.4948 31.2792 124.605
806 49.0514 30.2536 100.906
807 71.879 29.346 111.589
808 57.0464 33.5833 110.341
809 80.2663 32.2809 124.973
810 78.9719 44.9059 -0.109276
811 67.704 53.5346 -0.435062
812 75.7525 53.6394 -0.487501
813 61.3063 56.8035 22.6604
814 59.874 59.9277 12.2994
815 69.1684 52.6282 5.63762
816 72.0797 63.7826 17.2061
817 90.5077 65.5178 18.5459
818 71.3216 57.6231 7.56962
819 77.7672 60.2114 7.65071
820 83.3051 46.8121 13.7242
821 63.6658 53.7417 13.661
822 14.9657 -0.392893 36.2641
823 108.365 72.3992 37.3988
824 69.7359 114.426 50.4653
825 -0.663702 95.6532 115.367
826 106.453 111.499 85.4377
827 65.3521 38.5208 54.8525
828 13.3557 1.25353 50.1605
829 113.94 5.44069 10.6592
830 27.7085 99.921 125.009
831 108.512 45.8555 69.6024
832 69.6604 0.203442 12.1481
833 108.454 73.6779 48.6292
834 114.299 72.6222 13.0825
835 112.912 79.7971 107.575
836 112.865 50.6305 15.2
837 110.12 75.4712 20.1545
838 60.3288 1.71196 124.582
839 114.012 16.1979 14.7882
840 114.408 93.4973 9.19852
841 83.7338 113.941 19.5637
842 97.2274 105.343 124.674
843 91.2075 65.9994 34.9577
844 1.67083 64.8727 16.2289
845 59.8228 114.17 29.9033
846 107.816 18.4843 58.8779
847 109.944 89.381 32.6423
848 112.1 8.01954 96.9974
849 108.273 39.5093 69.2466
850 14.951 10.4632 125.083
851 114.045 17.6861 12.2957
852 28.2288 1.27509 124.405
853 109.56 33.1923 27.1414
854 111.228 0.17493 122.891
855 112.731 8.82801 14.9829
856 5.63887 32.6939 34.4061
857 108.346 102.207 55.9545
858 6.0329 75.3526 80.7043
859 108.845 18.6953 -1.02769
860 45.9995 114.877 51.2639
861 37.3566 70.7362 28.0541
862 61.6953 37.3199 125.012
863 68.4414 45.1214 114.819
864 113.952 21.1305 93.7964
865 87.9471 47.9312 109.791
866 107.929 28.2445 63.146
867 66.6132 65.1648 104.47
868 89.3324 63.1389 115.155
869 91.1856 55.18 111.347
870 84.9533 45.8306 124.574
871 68.6669 65.6097 124.514
872 73.9907 59.7435 124.736
873 89.886 65.1604 110.251
874 92.1567 59.7828 124.903
875 84.1298 54.6729 124.909
876 84.2951 82.8798 7.79909
877 67.9684 72.0102 8.61828
878 91.0792 84.4448 -0.00138289
879 64.3622 91.3774 15.614
880 65.9352 90.6113 -0.267985
881 68.1776 80.709 -0.626815
882 62.0025 84.9857 11.6144
883 69.6732 71.0917 10.3825
884 65.9975 73.6021 -0.36199
885 66.9399 95.8111 11.7143
886 57.7268 65.7931 52.0969
887 65.7284 69.474 8.87046
888 89.291 65.8779 8.16981
889 111.897 101.979 23.1458
890 38.2196 -0.885283 81.0807
891 68.1864 93.7961 8.67993
892 104.417 113.125 107.897
893 -0.730934 16.2924 8.13262
894 91.04 114.177 14.1853
895 1.11649 6.07715 -0.733311
896 108.768 32.0841 17.8969
897 -0.675075 93.0591 122.754
898 3.8553 89.1271 27.1417
899 108.709 58.8467 68.2981
900 110.182 25.6799 79.4576
901 58.2546 110.922 77.0561
902 6.15315 83.3146 77.0047
903 18.5283 112.616 55.8333
904 25.7181 80.6732 -0.108851
905 86.2305 113.948 12.3992
906 30.2332 114.101 21.0407
907 41.8591 114.773 50.6622
908 73.7369 111.408 95.3126
909 25.982 -0.133821 34.8444
910 114.075 17.1194 98.166
911 106.608 105.007 81.3981
912 6.75808 112.31 56.0453
913 67.3682 114.061 4.96273
914 4.30409 87.3034 47.2965
915 3.62717 75.9285 43.7576
916 71.0666 111.854 0.0959416
917 68.1365 110.681 -0.652895
918 -0.778423 103.431 1.95394
919 108.05 92.7412 50.1172
920 7.53632 112.073 59.1735
921 106.406 103.257 83.8231
922 47.495 113.357 106.564
923 8.44297 46.5237 124.622
924 16.8114 113.454 124.682
925 10.9455 89.8072 125.301
926 40.4507 23.5993 124.657
927 2.54945 48.0046 89.0238
928 65.3955 82.1161 114.908
929 81.1756 70.8273 124.668
930 59.9873 81.9814 124.877
931 72.0751 76.8352 124.777
932 88.9484 73.3138 124.794
933 77.8097 72.342 124.841
934 71.9068 79.8443 124.937
935 61.5042 89.421 124.705
936 66.045 78.3541 105.367
937 60.3978 88.5885 110.721
938 86.9008 97.0359 7.3787
939 59.8845 97.4558 11.1108
940 51.7175 98.4495 9.8116
941 75.9494 90.5465 -0.176132
942 9.46005 114.001 67.1136
943 13.3314 90.557 -0.232369
944 84.585 113.706 60.2813
945 113.914 37.0846 110.703
946 106.772 97.2738 72.3092
947 114.086 44.7909 5.69914
948 64.1327 103.547 10.2581
949 80.0268 0.17374 117.934
950 38.161 106.796 -0.0144875
951 95.1142 114.73 2.39219
952 46.1907 113.327 73.3105
953 108.201 65.5419 56.6312
954 82.9585 7.78796 0.0113014
955 108.133 61.0849 35.3303
956 107.823 113.734 19.5299
957 -0.78446 110.361 13.6341
958 -0.937585 78.7188 112.563
959 67.7342 31.1022 -0.302685
960 5.39783 22.1809 45.1264
961 5.64103 41.605 78.144
962 113.428 58.0299 15.2021
963 46.594 114.741 1.86312
964 3.95224 64.7316 60.2939
965 32.2541 113.914 29.6176
966 11.4934 82.3706 124.923
967 108.723 73.6096 77.3818
968 47.3981 63.2223 -0.4951
969 2.98907 114.721 15.4537
970 102.989 114.747 82.2127
971 6.13869 99.6738 68.5293
972 35.9237 113.271 84.9005
973 112.873 62.2183 102.817
974 65.6771 113.883 29.7563
975 40.0847 115.143 50.5381
976 1.37422 62.7124 102.434
977 108.623 56.0442 76.4986
978 7.27013 13.3316 39.6494
979 5.84059 43.913 67.3329
980 100.357 113.932 111.466
981 1.49235 99.8611 109.593
982 106.531 103.14 60.4911
983 7.1352 7.88478 25.0757
984 26.6037 0.117681 116.387
985 108.572 113.024 20.8838
986 81.7446 112.738 97.6341
987 -0.622167 23.0243 119.951
988 -0.839079 43.6683 13.1504
989 7.97315 107.232 91.6771
990 94.4975 1.4827 79.7461
991 51.1419 114.566 48.8124
992 61.749 0.870657 19.8056
993 26.9767 87.2314 125.6
994 35.6914 114.666 47.1111
995 108.403 90.9948 81.4054
996 45.6153 63.5437 -0.44668
997 47.4399 110.689 84.865
998 69.0715 100.391 124.41
999 60.8834 113.975 119.549
1000 81.7926 104.464 124.71
1001 62.0903 102.016 124.931
1002 105.074 81.0359 124.686
1003 68.5161 95.6395 124.678
1004 80.1762 114.117 111.153
1005 57.7422 106.91 110.388
1006 92.0738 99.4813 113.938
1007 60.5594 100.625 124.54
1008 114.087 21.1117 6.11458
1009 102.056 15.2699 8.40809
1010 94.8338 24.1103 4.59313
1011 105.562 13.5749 8.01292
1012 93.2992 0.924307 0.673829
1013 97.9611 7.58676 12.3315
1014 78.3267 18.7148 18.5322
1015 112.464 57.4455 124.657
1016 108.412 75.9119 72.3157
1017 7.17966 11.1627 41.4518
1018 92.831 9.98858 10.6825
1019 65.8127 -0.145319 59.3563
1020 109.833 35.0499 124.762
1021 86.4544 15.3762 14.4255
1022 38.5546 27.4381 125.622
1023 67.5527 3.84737 37.0127
1024 93.2078 0.16318 91.7365
1025 3.237 7.9559 124.409
1026 110.415 64.5688 22.5671
1027 107.031 92.3651 91.9794
1028 113.872 12.8977 5.49564
1029 107.995 55.7264 42.1906
1030 76.7343 0.722785 18.5549
1031 39.042 2.23013 31.598
1032 108.376 78.0006 63.1904
1033 91.8664 94.4431 125.1
1034 106.384 2.69838 70.8293
1035 110.757 73.1353 108.922
1036 11.3729 -0.64066 43.0824
1037 5.2421 27.8199 40.1988
1038 110.765 61.0341 86.329
1039 41.971 22.9218 -0.0993233
1040 59.5133 0.0647949 16.8881
1041 101.243 11.6407 124.431
1042 31.1921 -0.0383226 71.8506
1043 107.72 5.78319 52.8817
1044 110.384 6.39383 87.0792
1045 109.929 58.1104 22.1967
1046 114.429 85.1655 3.88473
1047 111.939 40.6657 -0.341256
1048 12.0402 -0.107915 112.643
1049 51.7183 -0.194972 97.1303
1050 110.819 30.4252 84.8871
1051 113.2 51.1949 102.17
1052 108.482 44.4738 67.655
1053 95.1083 0.275746 26.2716
1054 52.779 0.363026 18.7947
1055 112.942 21.4234 124.236
1056 107.991 58.0185 56.7296
1057 107.452 11.3895 37.895
1058 112.966 53.6148 93.1374
1059 108.129 73.7946 35.098
1060 30.6023 2.98402 0.38886
1061 76.0211 -0.342659 89.5675
1062 110.435 23.2036 17.7016
1063 43.7529 1.25723 23.577
1064 101.61 38.3363 124.595
1065 7.37013 7.45646 54.1105
1066 90.723 -0.0191075 123.369
1067 105.995 7.82448 124.554
1068 112.351 5.31673 124.516
1069 108.251 0.0791501 120.605
1070 90.7693 44.7705 -0.0936665
1071 93.3352 44.1425 8.57213
1072 96.9087 24.8046 3.47899
1073 101.749 39.4648 17.2766
1074 99.155 45.068 -0.233623
1075 99.5399 36.0212 -0.238735
1076 107.574 21.6336 38.9599
1077 111.753 33.6204 -0.324676
1078 5.15515 111.659 37.3714
1079 96.0451 39.7755 12.2806
1080 108.916 33.3295 20.3456
1081 52.3274 -0.0942237 122.005
1082 -0.796142 13.0887 121.648
1083 5.68984 24.8705 68.8441
1084 83.9052 -0.0369316 99.877
1085 112.815 80.3675 15.2652
1086 -0.726282 13.9846 94.0606
1087 108.268 46.0098 64.7838
1088 107.75 16.9122 34.5017
1089 107.639 15.0865 39.6942
1090 41.0812 -0.38939 68.2547
1091 114.189 29.2357 8.46184
1092 109.854 48.1481 21.978
1093 108.043 65.65 41.7865
1094 6.07207 110.199 61.6227
1095 27.1527 0.807303 50.5739
1096 103.183 113.309 68.0676
1097 48.3852 1.11845 124.72
1098 110.321 67.7591 -0.31426
1099 109.797 82.9305 36.5572
1100 112.176 63.2117 -0.247421
1101 113.203 49.4688 95.6932
1102 108.275 79.2551 79.4495
1103 73.7314 72.1789 124.905
1104 113.959 62.9428 13.2022
1105 108.017 49.3263 54.7967
1106 107.733 2.96902 54.3989
1107 -0.233784 111.443 111.044
1108 29.8541 1.29104 -0.0713262
1109 108.477 66.6162 84.7143
1110 97.1354 95.394 124.531
1111 80.8936 113.731 59.9614
1112 79.3807 99.5279 125.175
1113 108.033 83.3676 94.3446
1114 86.0235 107.027 124.897
1115 110.97 20.0761 87.6652
1116 79.6995 6.271 -0.560116
1117 104.682 0.349284 93.1232
1118 23.0558 113.979 34.8188
1119 34.4938 2.7691 0.0609636
1120 110.381 11.8699 16.4673
1121 110.23 56.9268 27.1474
1122 103.004 115.437 89.5172
1123 0.109306 0.443144 112.657
1124 20.1204 0.958985 18.4744
1125 22.0507 25.2047 0.12032
1126 108.248 65.4421 70.6669
1127 90.6808 36.6139 113.875
1128 90.4349 114.289 84.2724
1129 108.99 31.4511 124.661
1130 108.272 27.7589 124.6
1131 99.7298 47.4674 125.226
1132 102.053 40.9223 112.837
1133 114.237 36.0082 116.978
1134 112.108 32.4459 124.934
1135 100.92 35.9329 115.214
1136 93.7415 38.552 108.488
1137 96.3995 59.7897 19.4502
1138 101.843 42.9523 11.1329
1139 103.031 47.0608 -0.210449
1140 106.054 56.4846 12.9201
1141 109.889 76.4448 39.8774
1142 107.376 9.79771 35.2022
1143 106.43 108.56 73.8265
1144 59.6676 92.9997 -0.34728
1145 -0.774099 18.5774 106.014
1146 107.872 14.294 54.4067
1147 114.25 35.8295 0.390468
1148 107.6 7.80985 40.8779
1149 3.78556 82.7032 47.7575
1150 110.465 35.2225 78.3038
1151 114.35 52.1023 12.7469
1152 108.138 13.1439 76.1709
1153 108.451 42.2997 79.2726
1154 107.594 34.7275 43.3599
1155 110.328 110.052 29.0472
1156 113.147 108.821 110.48
1157 68.3892 1.62369 26.0438
1158 45.5134 27.4837 124.841
1159 94.2651 97.756 -0.751858
1160 113.958 3.7355 6.03924
1161 110.195 20.1954 124.437
1162 112.49 -0.424601 118.342
1163 20.0061 113.482 72.9323
1164 106.307 108.283 78.4723
1165 41.3226 114.311 17.4799
1166 35.4455 94.6498 125.52
1167 61.3871 1.1531 45.9004
1168 73.4556 114.024 66.9751
1169 113.742 31.0035 1.0329
1170 71.8906 98.0778 -0.239152
1171 62.9721 114.272 41.4953
1172 108.21 83.9188 65.1938
1173 33.6953 38.6062 -0.395692
1174 39.4217 38.8139 -0.240046
1175 9.86872 114.027 84.3562
1176 4.05193 79.9411 22.6039
1177 112.607 86.4269 20.0447
1178 108.364 81.0398 70.062
1179 107.989 49.5181 49.9658
1180 71.076 -0.216133 88.2851
1181 47.0367 1.71039 -0.30515
1182 78.6596 113.625 57.0974
1183 114.362 83.7125 115.322
1184 5.47845 19.4518 68.6865
1185 56.9836 0.0563687 113.119
1186 113.184 37.6102 91.1569
1187 109.814 76.3175 44.7771
1188 14.3021 114.52 1.91841
1189 114.501 65.5345 109.366
1190 109.928 114.849 123.614
1191 113.032 98.2489 124.512
1192 110.309 102.878 42.9608
1193 107.811 31.9686 33.2199
1194 102.737 32.5117 -0.125617
1195 -0.54589 16.6419 102.597
1196 70.0595 0.615115 43.1949
1197 5.52933 20.0874 73.9043
1198 106.738 58.3421 104.988
1199 60.9038 85.9128 124.792
1200 86.6237 54.1318 114.026
1201 86.0681 64.8411 124.979
1202 96.3506 41.8007 105.257
1203 107.706 59.9542 125.374
1204 96.0252 78.5637 108.642
1205 96.2355 57.393 124.694
1206 110.188 64.9449 124.642
1207 94.27 87.7366 -0.320314
1208 87.6765 67.8298 -0.267024
1209 102.23 86.2981 12.9626
1210 114.19 86.8753 19.7573
1211 83.3663 97.1034 9.14481
1212 114.134 78.7313 8.51926
1213 90.18 78.1751 -0.238201
1214 83.9056 70.0315 7.48458
1215 102.08 78.7183 9.69766
1216 106.338 87.7113 -0.129478
1217 109.498 114.629 5.89361
1218 114.004 49.7232 5.56515
1219 7.37709 16.7541 51.3865
1220 1.21992 34.3318 19.5079
1221 107.952 45.1617 35.192
1222 114.109 23.2367 98.8542
1223 5.14003 74.9971 35.0538
1224 8.05457 106.954 86.4749
1225 103.925 -0.31232 43.7646
1226 85.8473 -0.17538 86.8302
1227 106.437 108.389 93.5655
1228 100.572 113.771 80.3305
1229 95.0128 114.1 115.938
1230 62.9733 64.6368 8.1641e-04
1231 114.094 109.592 115.046
1232 5.45437 33.898 55.8948
1233 106.367 112.411 32.871
1234 105.518 1.57645 35.4749
1235 41.4146 114.204 9.18993
1236 92.6677 114.578 3.84616
1237 3.87117 74.4946 59.8143
1238 114.147 33.612 117.042
1239 30.5337 84.8893 0.180152
1240 64.5237 113.899 31.2727
1241 107.049 112.972 31.1262
1242 108.757 76.7863 27.4762
1243 55.7427 113.873 121.987
1244 5.08726 95.4066 -0.362039
1245 104.485 114.89 86.4734
1246 3.53821 110.327 34.8085
1247 107.978 52.6508 34.9586
1248 29.4749 59.6405 125.08
1249 1.77525 32.9328 89.2771
1250 84.7423 0.676995 56.793
1251 104.853 112.961 65.281
1252 46.3592 62.1715 33.0592
1253 77.4057 112.663 71.001
1254 113.881 47.0601 10.5653
1255 57.0657 70.7376 54.7904
1256 106.543 100.774 84.0095
1257 90.2288 0.547017 55.1142
1258 108.772 89.3446 44.2919
1259 110.079 77.1968 124.952
1260 106.571 104.351 64.4347
1261 114.244 3.45065 114.307
1262 63.0005 39.5049 55.238
1263 106.76 94.9288 88.891
1264 48.8364 1.55469 49.0858
1265 108.436 100.036 51.6996
1266 109.11 72.1111 119.733
1267 88.2833 69.6818 124.701
1268 114.21 73.0538 115.433
1269 92.2523 72.1241 124.906
1270 114.161 93.232 117.273
1271 114.289 79.8489 107.847
1272 94.1339 87.1629 124.88
1273 102.392 84.2594 104.447
1274 112.293 94.5182 124.984
1275 78.802 74.4049 116.381
1276 114.372 83.9039 110.915
1277 92.1876 81.9211 124.964
1278 92.246 66.6306 118.514
1279 98.5301 82.9631 113.385
1280 104.889 58.7555 124.556
1281 114.174 99.2576 4.09608
1282 99.9759 113.902 26.3615
1283 110.703 114.791 14.581
1284 114.214 97.8329 13.4929
1285 90.4917 100.138 11.4116
1286 81.921 105.539 -0.722005
1287 12.5913 115.57 97.4984
1288 24.9947 115.134 121.662
1289 -0.630793 33.2755 121.897
1290 107.715 18.554 48.8176
1291 73.6821 113.986 22.7942
1292 -0.846085 33.3025 13.4339
1293 78.4235 113.958 33.3631
1294 109.998 83.4477 31.3802
1295 22.7447 97.2372 0.0238448
1296 -0.485306 100.813 123.568
1297 114.174 88.6547 1.76338
1298 110.564 14.4125 82.7672
1299 3.67448 90.1713 36.5126
1300 -0.88656 6.51666 102.761
1301 112.07 113.712 123.06
1302 108.252 93.4444 69.5107
1303 95.7051 6.26497 -0.422323
1304 102.161 56.0376 -0.54089
1305 52.4382 114.401 17.7655
1306 112.796 55.4048 90.8655
1307 110.077 66.0652 48.4454
1308 38.6388 113.545 79.8988
1309 87.1603 114.65 2.01436
1310 39.5544 0.01885 75.2024
1311 107.61 86.6687 96.488
1312 108.655 112.851 28.0483
1313 104.145 0.1493 62.6766
1314 30.4317 96.9624 -0.0101544
1315 109.175 71.2088 29.4741
1316 3.93935 56.3675 68.6604
1317 92.5133 113.727 80.4525
1318 102.862 116.207 96.4123
1319 108.882 50.805 81.331
1320 -0.64262 104.996 120.275
1321 33.8368 111.94 92.5183
1322 101.949 -2.39957 30.4728
1323 102.21 -0.0144949 1.80367
1324 69.7942 104.321 124.765
1325 68.1451 70.1491 45.9619
1326 76.3446 37.5482 124.957
1327 114.026 44.3845 110.637
1328 54.623 113.713 63.57
1329 93.9582 82.2037 124.929
1330 111.018 48.9485 85.596
1331 114.224 96.8492 119.841
1332 110.801 37.7422 84.4089
1333 82.1344 114.178 107.646
1334 100.129 101.47 117.72
1335 90.1697 100.551 109.094
1336 114.062 103.306 122.652
1337 114.395 65.966 108.559
1338 114.56 110.918 105.421
1339 100.894 111.898 112.89
1340 114.207 104.618 114.754
1341 94.1185 99.949 113.361
