0 9.3698 18.867 -0.118501
1 7.78232 -0.0121157 5.46097
2 11.5477 23.6157 15.0222
3 37.4179 0.145379 12.1979
4 27.3486 3.86291 -0.0967674
5 11.2458 13.6824 -0.230826
6 2.83312 5.82264 7.48102
7 14.2736 -0.0985074 14.2553
8 21.637 11.418 -0.0895483
9 -0.883831 14.9749 1.52753
10 -0.823369 34.4511 15.8442
11 -0.636417 33.9844 24.7898
12 105.158 -0.00633804 32.1517
13 1.20106 -0.411554 38.0103
14 -0.555377 41.3289 41.8947
15 53.2631 -0.0128645 19.9815
16 0.468811 0.00929324 17.9531
17 27.0731 0.323634 66.365
18 40.5654 0.236214 39.8187
19 -0.821471 4.65963 24.7924
20 82.492 15.2476 -0.36031
21 2.70613 19.9742 -0.0417065
22 104.327 -0.108419 40.6638
23 -0.291586 19.0969 65.4114
24 -0.646608 63.9179 46.0637
25 75.8602 21.5198 20.7434
26 10.561 0.506033 66.6392
27 -0.41428 75.9418 70.7071
28 74.3617 113.818 26.4452
29 72.2764 -0.216189 45.2407
30 -0.477921 8.89354 42.1358
31 5.64363 0.226577 94.4224
32 73.2613 0.483968 55.5628
33 67.3339 0.258192 86.5405
34 -0.61278 29.5408 80.1652
35 -0.623569 16.2884 93.5137
36 39.8549 -0.363909 103.245
37 90.0295 -0.0399642 90.3052
38 -0.539882 22.9087 39.6907
39 74.9581 0.223423 21.5828
40 -0.541349 26.4654 49.2195
41 6.09008 0.334599 100.145
42 34.5883 0.275903 35.7143
43 30.4128 0.26649 64.1245
44 23.7753 0.227727 98.0144
45 31.7065 0.155398 26.798
46 -0.607752 7.35259 88.6471
47 -0.378012 2.45337 53.4612
48 -0.639854 40.9145 72.6563
49 21.617 16.7572 106.704
50 62.7098 0.117898 114.332
51 63.4701 0.358134 51.2929
52 -0.36254 68.6773 79.6296
53 -0.402307 56.0078 63.3845
54 -0.589142 33.4929 93.6689
55 66.8221 -0.0176182 78.4706
56 -0.651317 15.8223 55.625
57 -0.539256 22.8586 63.1464
58 -0.587382 34.6631 72.831
59 -0.495051 3.26695 84.0628
60 -0.81294 15.8039 89.7603
61 16.1121 0.0189457 110.477
62 27.4612 15.1386 115.584
63 20.6105 8.5404 115.137
64 1.44934 0.321492 108.193
65 11.2143 8.7334 110.485
66 24.9419 46.8057 15.704
67 25.2723 45.8671 25.0313
68 19.2567 38.6514 6.99552
69 -0.9113 36.7223 2.00544
70 15.2677 31.6721 20.2287
71 -0.875642 46.4847 1.90101
72 25.551 31.1463 -0.209556
73 22.2291 29.6013 -0.221642
74 19.4114 65.2869 47.3866
75 -0.754027 51.2546 27.5802
76 13.74 99.7208 -0.0247175
77 4.52544 40.249 12.9459
78 -0.482008 15.7366 41.1922
79 -0.452205 60.1256 55.7805
80 -0.638347 56.2416 80.1649
81 -0.25829 68.2544 41.7633
82 114.011 2.51028 24.5636
83 -0.594543 41.0287 108.129
84 53.8517 0.107453 15.6583
85 -0.661203 30.3572 32.733
86 -0.415626 20.6197 82.5153
87 40.4848 33.8182 79.522
88 51.6791 0.366852 76.6779
89 -0.390891 17.1991 74.5725
90 -0.531037 8.91112 27.8043
91 -0.59886 73.2777 43.7852
92 5.53531 0.226187 22.7533
93 25.3039 0.328102 33.672
94 -0.436822 38.8202 63.3691
95 4.80054 0.358839 39.4263
96 -0.425821 36.93 37.1474
97 -0.838849 6.41126 29.7901
98 43.4549 61.393 38.2206
99 -0.69076 6.56451 49.1782
100 19.9702 -0.157727 80.9571
101 32.9965 94.6868 84.4557
102 -0.945286 4.38948 70.4227
103 59.2298 99.4785 44.8739
104 0.732601 -0.326366 102.039
105 -0.50337 35.2406 75.2746
106 64.1379 113.741 87.7262
107 -0.40479 35.4579 53.9897
108 -0.683637 55.1792 98.5835
109 40.5252 73.9809 89.3086
110 -0.665542 6.65568 77.8431
111 3.65138 42.8486 115.54
112 77.3111 0.0878841 75.457
113 -0.373323 99.9083 75.6882
114 -0.654886 45.254 84.2974
115 59.3186 0.106532 59.0117
116 -0.243581 20.5942 34.2387
117 34.0854 74.7971 102.263
118 -0.766303 89.6389 94.0286
119 37.7022 47.7838 104.788
120 -0.613057 63.3136 51.0122
121 -0.696617 33.9433 101.381
122 -0.593785 13.5309 75.243
123 -0.385127 8.10631 82.3814
124 40.4489 49.4578 67.6703
125 18.1063 38.4148 102.675
126 24.0838 41.1586 108.172
127 22.313 44.6733 107.061
128 11.6639 39.3773 108.569
129 22.7851 46.3571 111.929
130 8.0494 36.1347 115.344
131 16.5734 46.1027 115.53
132 31.7154 17.7914 115.575
133 29.2522 32.622 111.148
134 32.556 61.3319 8.44984
135 10.0452 57.1492 0.166686
136 19.6582 67.5101 17.9789
137 29.2402 61.904 12.8209
138 1.78091 51.3662 18.9001
139 -1.03066 65.7462 13.341
140 81.3066 66.3651 51.2652
141 -0.26316 76.3769 46.1868
142 -0.411133 104.625 19.8744
143 -0.473355 27.9242 62.7987
144 57.7086 -0.197419 9.17168
145 9.35984 113.937 52.5701
146 13.5865 60.6057 11.434
147 -0.896878 9.2131 3.281
148 -0.287006 3.20525 77.0259
149 -0.677834 17.5025 51.3417
150 -0.577601 79.1282 51.2824
151 -0.229301 72.6671 75.5351
152 -0.232509 38.6289 29.4008
153 61.4045 41.6038 46.0466
154 -0.748411 2.27365 24.4057
155 114.069 82.0537 25.204
156 -0.364227 30.4748 53.925
157 -0.865245 12.3257 19.9648
158 -0.281222 74.9278 55.9941
159 -0.692086 52.0751 17.59
160 -0.259934 82.9398 27.5329
161 -0.813008 50.2884 103.989
162 -0.212372 75.4944 77.7654
163 -0.58522 27.6982 27.2083
164 91.9757 29.4595 19.7669
165 -0.336535 2.35743 72.7892
166 -0.357028 97.6596 70.4692
167 19.1436 58.5174 -0.188699
168 -0.560346 68.9665 66.1069
169 -0.405106 67.5288 60.8661
170 -0.285922 101.28 60.5043
171 88.8629 113.864 67.1941
172 -0.418063 91.027 74.7586
173 -0.704957 80.6865 34.9719
174 -0.872859 18.6109 100.772
175 -0.780137 59.2843 103.391
176 -0.980524 15.6845 98.1027
177 74.8976 114.059 106.713
178 -0.998116 6.48187 107.811
179 -0.723926 67.4112 33.4782
180 11.1674 114.595 100.89
181 0.889063 114.32 74.9181
182 -0.541128 30.5326 61.1886
183 63.3162 17.727 87.7756
184 -0.537339 101.352 89.2994
185 49.0257 90.877 115.579
186 -0.768226 50.1536 96.8201
187 -0.326982 77.4734 69.8754
188 3.40631 92.4167 115.607
189 12.173 63.0974 115.454
190 4.2578 53.7707 115.534
191 1.11713 67.5904 115.65
192 19.4314 66.2298 106.931
193 19.6684 69.8851 115.812
194 -0.693943 55.0214 104.171
195 7.46786 57.4639 115.82
196 20.4761 48.5826 115.387
197 23.5335 47.1267 108.732
198 28.7077 63.4368 115.659
199 -0.589166 68.7253 8.54576
200 -0.659406 88.7484 8.66152
201 15.1709 78.5851 20.9183
202 22.1599 79.2477 14.2194
203 23.5747 81.0169 6.39386
204 18.0654 84.4007 0.151028
205 10.0102 77.1224 -0.0236078
206 23.8334 78.9049 3.41716
207 2.15905 75.7112 11.7321
208 19.3065 63.3674 -0.510002
209 4.55501 0.055683 25.4909
210 2.77343 114.776 43.2186
211 11.0274 88.7065 13.4201
212 1.53584 53.0181 0.0852431
213 113.777 3.29137 82.1477
214 -0.32786 28.6976 41.9435
215 89.9988 20.9282 28.3087
216 -0.482848 106.459 46.6848
217 -0.512538 74.3482 51.5599
218 -0.961458 33.5149 13.3508
219 -0.70734 11.4772 36.3194
220 -0.63358 19.3421 3.40523
221 70.7008 114.023 92.6002
222 -0.0909663 55.3689 55.8519
223 -0.429814 102.658 29.6184
224 -0.47254 62.6019 34.3514
225 -0.587093 41.8098 24.6636
226 -0.123268 64.3425 82.0456
227 -0.168479 102.851 51.0629
228 14.0475 114.559 93.1748
229 -0.170231 80.5851 56.3584
230 51.4687 114.291 97.649
231 -0.689787 93.7271 15.7947
232 2.44754 114.374 45.0493
233 72.8692 81.7083 67.8041
234 -0.712104 69.1981 101.817
235 -0.434035 86.4506 60.667
236 37.0738 71.3187 38.9488
237 -0.434326 77.2223 41.5578
238 -0.226515 111.326 80.147
239 -0.645195 58.2807 34.8987
240 -0.561288 96.8356 32.5604
241 1.18835 -0.344382 66.6236
242 15.401 114.042 33.8129
243 -0.154217 109.381 84.121
244 -0.292545 104.792 91.2712
245 3.95799 114.727 12.8275
246 41.3482 73.4483 34.6445
247 63.5712 113.913 55.2165
248 20.0923 113.873 95.9029
249 -0.272505 100.568 93.972
250 57.578 44.903 69.5774
251 -0.289796 111.059 60.4355
252 -0.419878 86.0722 44.1527
253 41.8018 113.915 40.9505
254 -0.536886 38.9964 70.8432
255 66.7551 69.5054 85.8609
256 -0.405002 59.207 87.3669
257 113.895 13.9041 77.4902
258 -0.278947 45.7973 70.3337
259 -0.355142 73.8206 94.5046
260 -0.225457 68.3513 85.0206
261 -0.0325155 106.169 87.2914
262 -0.284867 98.5834 67.5305
263 -0.210276 93.0464 65.463
264 73.1372 41.8259 17.6997
265 -0.455661 30.4276 89.6016
266 24.7081 75.8687 115.673
267 -0.741431 80.6435 106.128
268 113.875 95.4943 86.7611
269 -0.661107 26.8436 17.6844
270 -0.690941 63.8931 89.0783
271 18.1079 86.5259 106.918
272 20.7929 77.9988 115.631
273 -0.49389 72.5364 112.842
274 4.81099 86.6957 110.529
275 19.6309 74.269 98.7268
276 24.9753 72.4125 98.8361
277 40.6599 83.1426 115.535
278 26.3003 111.977 -0.0549938
279 29.5816 100.617 -0.312797
280 18.7072 92.0886 0.0322506
281 3.13931 113.719 9.22213
282 19.607 114.742 4.27563
283 1.24147 97.7096 -0.165075
284 41.4746 100.528 -0.67566
285 5.88108 113.894 21.4213
286 33.6452 114.866 7.91954
287 -0.831485 97.8686 22.139
288 1.15484 113.161 20.9557
289 5.49129 106.745 12.1452
290 -0.66839 110.458 20.9005
291 -0.23795 47.9007 54.0458
292 10.5541 71.7966 -0.091109
293 43.0647 113.771 27.9423
294 -0.241683 109.002 44.5551
295 -0.531533 88.4378 24.5801
296 37.995 113.98 91.0733
297 -0.849802 55.1336 4.09383
298 -0.328572 110.13 51.1949
299 -0.318011 55.3441 69.9793
300 73.4394 114.341 74.8211
301 26.848 113.915 42.3372
302 -0.725945 101.487 25.1318
303 -0.512048 88.7565 46.121
304 -0.814481 96.2018 8.71153
305 1.12314 114.828 33.5853
306 1.54932 114.626 54.8608
307 -0.430542 85.3118 56.3431
308 -0.50816 103.137 63.5297
309 43.4287 113.813 62.8757
310 32.6081 113.859 46.1259
311 -0.51373 23.7379 58.2114
312 45.34 95.3508 -0.739818
313 71.7501 113.815 58.9546
314 -0.268582 101.181 53.2074
315 0.557801 113.143 36.6473
316 30.9836 113.761 69.4871
317 25.8429 114.196 66.3422
318 37.4998 113.994 37.8827
319 -0.229339 95.7709 58.2128
320 -0.302258 102.726 58.104
321 5.26193 0.214068 97.4449
322 113.89 105.307 84.7545
323 17.2832 114.191 44.243
324 -0.342101 66.7745 74.7489
325 101.594 113.977 109.762
326 15.3789 113.842 91.4579
327 -0.628179 70.9023 63.4885
328 0.688543 113.918 89.1461
329 26.9227 97.2294 109.397
330 -0.591091 85.9141 108.169
331 13.4297 107.076 115.703
332 6.76638 101.326 104.992
333 -0.518913 82.3777 96.8664
334 61.5316 113.806 95.1717
335 43.8678 114.097 44.6976
336 -0.392993 106.013 60.7048
337 66.7339 114.072 99.6128
338 26.0601 114.729 114.64
339 31.7428 109.34 115.71
340 -0.511742 102.007 104.021
341 16.7655 105.632 115.321
342 -0.935519 110.741 99.3776
343 36.791 13.9565 8.18976
344 26.4898 4.66874 7.09991
345 51.3396 -0.174922 8.90563
346 45.757 16.3189 -0.0246536
347 58.7585 -0.130019 14.2066
348 44.7971 21.5416 1.2056
349 34.5451 12.6846 -0.0590795
350 47.563 20.4901 8.24573
351 40.9247 26.1965 8.10593
352 -0.767275 31.5522 24.7688
353 71.0013 -0.0502529 71.5926
354 73.6938 0.152931 72.8828
355 107.404 0.19691 51.8011
356 26.8246 -0.0729993 48.0061
357 52.3111 85.6656 20.3793
358 33.8397 25.9669 11.4103
359 114.027 24.6186 37.0212
360 -0.449667 89.7067 34.2105
361 37.2061 0.329747 33.7193
362 -0.683818 13.059 62.9056
363 112.813 0.0329503 32.1227
364 50.993 54.0216 69.3073
365 11.3756 0.458382 54.7111
366 -0.359505 66.6853 89.0251
367 -0.249031 3.17337 55.8599
368 -0.572311 7.38374 46.2148
369 65.5356 0.419456 47.4664
370 -0.606677 24.3948 30.0878
371 82.4375 5.52786 -0.116938
372 -0.626658 8.96978 91.6954
373 114.008 18.978 36.3069
374 21.8504 -0.0144889 107.277
375 39.8903 -0.0768532 12.0558
376 12.2503 -0.00884644 103.809
377 11.3265 0.0198111 98.1087
378 110.849 -0.607122 106.314
379 -0.523714 22.3016 65.6467
380 -0.559662 2.45644 37.347
381 33.5572 -0.0375751 19.8456
382 45.7544 58.5976 85.5527
383 29.2119 0.260607 55.316
384 53.8891 0.384024 94.3412
385 70.6327 0.298855 50.3409
386 113.909 3.0554 32.1813
387 57.4243 7.80936 115.504
388 4.38818 0.312139 82.522
389 53.1262 0.322061 46.5221
390 50.4268 21.9965 92.8575
391 100.998 -0.39446 51.4624
392 114.116 10.5851 89.5848
393 53.3679 12.6563 115.653
394 39.4964 5.24114 115.69
395 39.5459 15.1357 115.838
396 43.0906 14.2817 111.935
397 36.1748 1.33617 115.311
398 37.4835 -0.166302 108.698
399 43.7027 17.5108 98.5925
400 55.8186 12.4029 115.518
401 44.5898 8.96779 115.412
402 30.3573 32.4969 -0.0414141
403 33.4582 42.9845 18.2138
404 33.3683 41.5049 -0.597589
405 47.624 35.9082 -0.463579
406 53.5407 41.3441 -0.398785
407 45.7066 35.7005 14.4953
408 23.446 48.5554 6.8406
409 45.4729 30.463 11.7418
410 31.3539 28.7326 -0.256933
411 51.5045 39.0435 -0.366897
412 32.1992 44.4584 3.52404
413 37.4649 45.6125 7.81874
414 113.94 33.587 58.0248
415 90.3846 113.741 62.5809
416 114.266 81.9635 91.0114
417 -0.385287 60.7127 51.0384
418 1.0158 0.382917 90.5154
419 -0.614804 56.5462 31.8586
420 114.077 29.5478 95.9395
421 57.2153 -0.149317 5.73073
422 62.2997 -0.0129087 21.1571
423 102.202 0.424266 65.3323
424 114.04 3.9363 63.5149
425 26.1988 -0.0288148 14.3497
426 55.9501 0.410832 55.7246
427 63.6428 0.119401 87.3576
428 46.1047 75.7653 74.2231
429 72.6485 56.016 29.4221
430 51.134 12.2017 85.6772
431 114.346 59.5914 33.1787
432 -0.407548 51.9098 53.2312
433 -0.317221 100.24 27.6834
434 -0.654898 26.0773 99.0658
435 -0.740139 16.2646 7.9914
436 -0.435552 78.0011 106.068
437 81.6408 38.8491 42.2194
438 113.972 83.0064 65.2199
439 -0.412568 13.717 70.4464
440 102.97 69.7345 36.0329
441 -0.278431 2.49415 51.4899
442 -0.449452 20.2694 39.6493
443 30.5047 0.221602 71.6593
444 8.86817 0.383516 90.8235
445 30.6977 0.425788 78.7042
446 -0.537288 10.8274 75.4823
447 77.849 0.0667107 54.993
448 63.4203 0.235897 37.6019
449 69.1208 -0.358887 103.448
450 62.4716 76.5467 78.469
451 -0.89984 59.0054 89.4423
452 -0.417285 40.4269 54.0649
453 60.8023 0.381386 25.343
454 2.98707 -0.212058 63.8493
455 113.992 12.1697 59.9867
456 39.5286 86.5866 98.1368
457 103.886 114.11 73.4463
458 106.139 -0.0549729 16.5198
459 1.30571 -0.547409 59.6626
460 113.753 55.8169 84.757
461 22.9873 25.7956 73.7089
462 21.5845 0.38578 87.2357
463 77.0093 45.3216 98.7906
464 113.857 32.8254 69.6459
465 85.2296 103.707 74.5767
466 113.834 42.6076 82.4386
467 42.685 -0.124799 114.416
468 -0.368534 19.0151 70.7057
469 -0.516583 29.5989 73.0352
470 24.1057 43.7963 108.364
471 39.2179 46.8086 92.8689
472 51.6272 38.8797 106.53
473 40.8798 39.9244 110.801
474 31.667 27.6163 115.827
475 40.6185 28.7091 115.363
476 50.3356 49.78 100.342
477 53.6874 46.4641 106.263
478 56.6405 28.4985 115.26
479 43.242 44.9638 101.975
480 33.9106 55.0998 0.0336452
481 46.1203 51.8514 14.1136
482 54.4849 69.7161 0.125301
483 41.4792 58.1268 21.8205
484 113.832 54.2181 46.2468
485 -0.126902 107.897 63.3949
486 114.101 63.2298 27.6613
487 44.8422 72.392 84.4605
488 102.417 0.116811 22.7193
489 64.8332 36.7989 72.8405
490 31.0259 114.284 86.1355
491 -0.672399 23.5001 6.6965
492 96.8269 37.5807 32.2619
493 -0.14173 91.67 94.396
494 25.91 -0.461164 5.46688
495 88.6359 89.4684 46.5478
496 -0.588697 24.1037 72.4106
497 46.8373 14.0693 32.9401
498 58.3816 58.32 59.923
499 -0.509065 70.7308 22.4427
500 67.7824 50.4809 57.6126
501 -0.573706 27.9349 32.6473
502 -0.599984 56.8169 22.8138
503 31.4881 47.0669 23.0589
504 19.7033 19.0067 27.7516
505 65.8136 66.6389 55.6198
506 30.9401 0.231718 87.6889
507 -0.588491 89.8541 89.4589
508 -0.869688 27.7235 10.7837
509 35.7224 86.7172 66.0509
510 114.01 50.8278 36.2715
511 -0.279835 57.6628 96.8478
512 67.5614 46.3793 52.6936
513 40.7698 113.868 81.7714
514 91.9932 82.097 54.777
515 57.0055 83.6015 43.814
516 109.93 -0.618623 88.0221
517 57.5526 0.149236 111.72
518 59.8409 114.137 8.9317
519 78.4191 72.2302 59.256
520 -0.333652 42.8774 48.6117
521 19.0744 91.489 98.1041
522 -1.07269 22.0275 16.8205
523 93.8668 113.831 58.9107
524 21.8641 30.472 50.4436
525 55.5066 0.311986 101.815
526 20.4059 61.7247 58.7104
527 47.5494 29.7803 98.2397
528 47.6563 45.3793 76.0267
529 114.044 87.6914 77.5639
530 47.8503 58.124 100.714
531 31.5457 62.4135 115.959
532 35.7366 67.0592 105.762
533 49.0619 65.7999 115.479
534 27.0071 53.1336 95.6966
535 45.6123 60.9323 103.472
536 56.5175 49.5251 110.748
537 41.4816 88.1446 -0.110412
538 45.6864 83.3002 -0.27265
539 37.8937 71.8674 19.2868
540 49.9483 56.1212 16.9794
541 54.9089 87.2872 9.13043
542 25.0285 79.7675 12.8006
543 27.3757 73.144 -0.539911
544 114.129 87.0369 82.4429
545 -0.708162 44.4078 17.7329
546 84.6022 113.879 24.3283
547 65.1895 113.675 24.5943
548 55.687 105.203 -0.331143
549 -0.415649 55.1265 26.8611
550 94.0479 113.696 16.3739
551 114.108 41.5757 10.1191
552 42.4623 114.163 13.8717
553 -0.489829 74.8845 33.9406
554 38.6169 -0.0607656 71.2797
555 73.9681 101.311 30.2825
556 28.5927 -0.329888 58.8473
557 113.978 109.606 89.73
558 59.6149 26.9121 19.7077
559 50.6192 113.836 20.7711
560 -0.281356 24.6841 53.469
561 46.8782 113.985 13.6834
562 88.1879 114.383 55.417
563 -0.706859 68.2315 27.8028
564 66.929 32.4322 64.2703
565 113.001 112.749 29.4129
566 25.4234 113.889 30.9023
567 106.709 113.604 114.181
568 49.3671 113.803 16.1599
569 31.009 113.89 27.9715
570 59.5521 41.5322 99.6836
571 -0.578752 41.1338 22.3423
572 88.9476 74.3655 24.9211
573 39.3926 114.608 57.7009
574 46.4534 66.6281 49.9338
575 -0.428831 48.5338 70.6754
576 114.177 107.585 72.5247
577 -0.693 73.1345 42.0184
578 51.4552 114.019 92.0438
579 30.3711 114.088 21.0347
580 82.5615 114.197 13.8069
581 113.904 99.5624 62.9755
582 -0.472626 32.7644 41.4743
583 88.4828 86.4691 79.8831
584 55.3767 114.062 99.1531
585 -0.512578 69.2736 37.282
586 38.0516 113.86 48.0241
587 -0.486992 59.2834 58.7882
588 -0.375977 109.55 70.1096
589 113.829 82.9803 84.9309
590 -0.607794 45.393 96.8999
591 22.031 53.6956 97.6861
592 66.901 21.0555 52.4984
593 65.2683 114.022 110.168
594 -0.587054 107.692 22.1485
595 -0.3011 41.5624 82.0752
596 35.4774 113.857 55.9405
597 35.7537 74.5674 108.625
598 62.6664 72.483 73.6524
599 50.3233 21.6338 61.9783
600 36.6133 114.01 60.3097
601 50.719 89.5163 93.424
602 75.9634 -0.0874231 80.2944
603 48.5593 100.998 101.523
604 96.6031 113.723 67.3539
605 -1.28201 1.38258 110.1
606 21.185 5.55747 115.466
607 64.4396 113.78 60.2993
608 34.4647 114.096 71.3416
609 34.0592 75.6564 111.182
610 42.2415 94.685 102.277
611 56.2278 80.5168 108.109
612 45.3918 93.8986 101.86
613 42.3922 74.7863 109.397
614 42.2429 77.7468 109.595
615 64.8079 78.0666 115.654
616 35.474 102.84 -0.145708
617 36.3012 113.537 0.712212
618 54.8385 114.759 2.03774
619 30.3456 91.7619 14.1293
620 51.2613 114.004 5.24053
621 42.5669 102.162 -0.013205
622 59.4228 103.732 20.5839
623 44.5375 114.364 10.4855
624 43.9315 95.4042 22.0015
625 30.397 114.687 2.12313
626 41.1386 99.8308 11.0049
627 -0.622828 81.2284 24.7172
628 1.22515 113.409 85.7867
629 46.8366 113.635 78.2386
630 39.9439 113.892 30.3688
631 94.989 114.141 71.2199
632 32.5498 113.52 1.18343
633 30.7986 109.665 0.332039
634 -0.345821 91.8167 39.5941
635 45.9027 114.078 19.3436
636 113.912 84.5296 12.6742
637 38.9022 111.973 -0.116172
638 -0.4087 107.242 39.9688
639 112.186 113.046 6.79839
640 114.1 70.7355 1.07748
641 42.8267 113.755 92.706
642 45.7358 111.778 115.838
643 -0.279457 78.2797 43.9152
644 8.32357 114.142 89.1219
645 -0.466782 91.3933 51.6225
646 50.8438 114.215 28.4587
647 -0.876845 106.853 12.6673
648 26.3898 113.861 28.2292
649 103.689 114.023 61.9258
650 -0.588637 101.882 32.6765
651 -0.748638 97.1148 105.688
652 -0.396257 79.1041 37.1423
653 72.287 113.959 9.0467
654 93.8788 114.277 5.7142
655 49.8238 113.936 84.0789
656 -0.0681569 105.42 51.2659
657 53.7832 110.549 -0.54667
658 112.384 114.955 104.853
659 78.8453 114.384 80.436
660 1.22846 114.616 69.1065
661 53.2674 113.924 87.1978
662 -0.996536 108.939 5.86278
663 34.3454 113.842 42.4558
664 3.25487 114.753 71.9294
665 73.065 77.7072 48.8449
666 108.68 108.014 115.519
667 19.4032 113.878 91.5138
668 42.5218 114.646 1.7307
669 55.8221 113.82 62.6984
670 88.9809 113.745 24.3451
671 -0.314891 101.588 80.2052
672 5.57868 114.647 83.5582
673 55.9414 106.807 115.834
674 -0.338963 42.2701 53.3982
675 16.3346 113.938 66.0415
676 16.3281 114.028 81.7155
677 -0.554738 77.5996 98.1754
678 56.7909 17.9292 98.6755
679 15.4571 113.969 48.5114
680 33.6103 87.194 115.899
681 48.8189 95.8161 101.316
682 40.7269 104.788 112.697
683 43.6292 87.0249 115.876
684 48.1954 114.558 112.192
685 24.9854 105.619 115.185
686 20.7281 114.208 110.178
687 41.8671 109.573 115.647
688 64.0822 101.052 102.976
689 57.7548 96.8419 115.447
690 50.7642 113.999 106.761
691 68.8077 0.0541085 4.15075
692 70.6687 15.1777 0.101972
693 83.6841 16.0348 11.281
694 83.8887 25.4736 7.73081
695 61.806 13.7778 -0.259326
696 55.8326 22.5523 22.5413
697 38.2998 0.416819 43.0826
698 84.1773 0.25191 62.7332
699 62.2538 21.5437 11.7857
700 51.5916 -0.101358 37.745
701 58.6812 0.304316 64.7443
702 108.203 -0.026211 41.0062
703 -0.545993 2.56383 5.5102
704 114.28 19.4166 102.959
705 55.6018 0.124354 30.0669
706 68.9402 0.439204 39.743
707 66.6043 0.13447 64.6732
708 113.838 66.7013 81.8115
709 113.953 78.9135 81.3585
710 -0.691266 13.6885 15.2287
711 46.5369 0.154085 86.049
712 14.5962 0.352407 64.5949
713 114.149 52.2574 5.61287
714 75.0532 0.460785 50.3079
715 38.9015 0.189554 87.8509
716 1.2408 0.942471 43.1903
717 82.8422 0.306593 57.5348
718 58.9866 0.330338 28.8662
719 76.8059 -0.353104 94.2639
720 110.539 0.128004 101.529
721 113.812 10.5441 62.7245
722 3.54585 -0.261064 94.2931
723 78.2278 0.263122 37.6136
724 68.7148 0.320261 68.1706
725 92.9586 0.224322 75.0397
726 81.3243 0.195073 98.2009
727 37.4439 5.30354 115.724
728 25.3096 0.173641 91.1897
729 53.7128 0.108852 40.7691
730 83.3399 0.0404807 15.9118
731 80.6228 0.397445 68.0543
732 53.5669 9.83615 115.593
733 74.4855 0.123032 107.375
734 89.3641 0.208431 105.408
735 87.7856 20.0857 116.044
736 84.5792 29.9528 110.706
737 59.3125 22.6712 102.325
738 67.3193 -0.0600475 101.906
739 90.1907 17.4812 90.833
740 67.052 27.5405 116.519
741 61.6167 12.7555 115.708
742 70.0739 10.6133 104.473
743 87.1715 18.0038 102.12
744 56.9261 1.42181 115.427
745 80.6218 6.2327 115.396
746 63.9231 -0.0674631 98.2234
747 63.8439 14.9845 115.707
748 75.784 26.4587 -0.54642
749 73.8555 43.5279 -0.343082
750 96.1842 43.4351 -0.828117
751 81.929 32.4154 15.8629
752 71.6903 31.2008 -0.501885
753 61.7648 23.8591 -0.442384
754 37.8155 48.6747 67.0628
755 -0.734972 18.0207 32.283
756 14.6242 -0.0453271 22.1128
757 -0.433373 74.9993 84.1964
758 66.6731 2.42734 0.13554
759 55.6663 -0.471448 23.9519
760 83.5357 0.46563 65.6894
761 113.802 23.5123 22.184
762 1.7092 11.0752 -0.162152
763 113.993 2.20593 44.3856
764 37.8398 12.5966 59.4221
765 87.1838 -0.284713 35.659
766 41.3584 -0.326801 59.4969
767 10.1471 113.99 76.9454
768 57.8566 -0.0173323 97.6832
769 36.9333 45.5881 27.2943
770 112.178 -0.538873 59.4726
771 -0.857499 7.34016 8.62593
772 114.281 15.2236 94.0704
773 45.2938 0.250118 77.0506
774 84.2139 0.22262 83.5068
775 21.5032 0.201506 41.0993
776 52.3221 96.97 98.3682
777 96.5648 18.7415 -1.12194
778 22.3138 64.5474 92.9272
779 114.072 39.1569 24.4255
780 78.0792 -0.0373466 101.387
781 11.1484 47.6429 115.975
782 68.6115 114.045 60.449
783 113.754 35.0228 41.3115
784 103.618 0.476443 72.9969
785 113.841 38.5946 55.9505
786 -1.04121 19.7953 112.677
787 114.037 60.4155 41.7057
788 21.3811 71.6569 80.4664
789 20.4235 70.7569 99.2476
790 96.48 57.3295 84.3792
791 114.039 31.2056 92.1255
792 103.958 0.283847 101.925
793 114.01 4.6772 15.3721
794 110.499 -0.167584 78.0337
795 68.2653 0.291813 61.1146
796 62.071 36.847 112.378
797 113.843 12.1926 52.8946
798 46.1776 0.222277 94.8389
799 93.5063 -0.222275 87.0442
800 87.4914 30.9821 95.515
801 94.7085 0.261942 57.5736
802 113.731 3.12566 77.0793
803 42.313 70.852 38.2817
804 53.4487 35.0334 115.549
805 72.4948 31.2792 115.444
806 49.0514 30.2536 91.745
807 71.879 29.346 102.427
808 57.0464 33.5833 101.18
809 80.2663 32.2809 115.812
810 78.9719 44.9059 -0.109276
811 67.704 53.5346 -0.435062
812 75.7525 53.6394 -0.487501
813 61.3063 56.8035 22.6604
814 59.874 59.9277 12.2994
815 69.1684 52.6282 5.63762
816 72.0797 63.7826 17.2061
817 90.5077 65.5178 18.5459
818 71.3216 57.6231 7.56962
819 77.7672 60.2114 7.65071
820 83.3051 46.8121 13.7242
821 61.8307 55.2998 14.8143
822 15.1968 114.119 71.2737
823 79.0052 114.128 35.5109
824 71.3155 113.819 27.9315
825 80.0914 113.889 30.483
826 49.2019 114.016 58.8798
827 56.31 34.2683 15.5462
828 19.0601 0.110551 8.95221
829 113.913 9.93768 17.181
830 69.0557 100.019 91.7182
831 113.59 41.0221 49.0032
832 53.248 0.262936 62.7708
833 113.807 48.7744 65.291
834 101.011 113.898 46.0194
835 57.4601 113.749 16.6592
836 42.3884 45.1217 50.2932
837 114.007 63.8972 30.0839
838 86.7804 -0.00341739 100.272
839 113.991 26.7363 31.7324
840 82.3483 113.84 87.8997
841 113.824 85.6141 34.8325
842 92.0389 0.0420071 69.4473
843 72.1028 47.1381 98.3174
844 16.241 0.418423 39.9888
845 -0.413833 70.8508 91.9299
846 47.0548 44.4516 83.8951
847 73.9889 60.521 47.2436
848 91.9442 60.6759 60.9792
849 41.4512 0.292853 29.7816
850 62.8282 89.1264 78.5056
851 59.7466 0.0924267 15.7065
852 113.923 30.4789 77.1394
853 92.1275 79.537 51.1858
854 112.562 -0.253641 94.0749
855 113.878 16.9007 37.1519
856 -0.126896 67.5394 55.7617
857 45.5516 0.351321 97.9329
858 16.3756 76.6183 60.628
859 114.149 46.7216 15.572
860 29.6467 113.976 62.6411
861 37.5521 26.4765 64.0051
862 112.195 -0.306424 52.3509
863 68.3315 44.9804 105.578
864 106.791 59.1565 83.4637
865 87.9471 47.9312 100.63
866 75.5757 92.1411 50.3245
867 66.6132 65.1648 95.3088
868 89.3324 63.1389 105.993
869 91.1856 55.18 102.186
870 84.9533 45.8306 115.412
871 68.6669 65.6097 115.352
872 73.9907 59.7435 115.575
873 89.886 65.1604 101.089
874 92.1567 59.7828 115.742
875 84.1298 54.6729 115.747
876 84.2951 82.8798 7.79909
877 67.9684 72.0102 8.61828
878 91.0792 84.4448 -0.00138289
879 64.3622 91.3774 15.614
880 65.9352 90.6113 -0.267985
881 68.1776 80.709 -0.626815
882 62.0025 84.9857 11.6144
883 69.6732 71.0917 10.3825
884 65.9975 73.6021 -0.36199
885 66.9399 95.8111 11.7143
886 53.7149 80.2255 35.9379
887 65.6028 69.4234 8.58937
888 89.2735 65.7425 8.1172
889 114.102 101.074 96.0364
890 114.118 59.8778 5.59339
891 67.9002 93.819 9.21838
892 79.2236 114.213 71.8551
893 24.2661 86.5375 17.7409
894 74.0247 113.692 33.7511
895 69.6482 69.0859 34.5651
896 113.898 68.73 74.5834
897 36.623 77.6593 70.2531
898 114.471 68.7428 9.64919
899 98.4135 114.445 50.0009
900 113.756 44.8614 39.6399
901 16.5604 114.15 53.0751
902 113.886 99.0975 27.0211
903 112.009 114.192 47.4671
904 22.2037 113.819 49.3911
905 113.926 111.626 62.9781
906 113.812 89.4034 69.7928
907 59.4631 58.5512 52.6658
908 20.7128 81.2913 58.523
909 -0.579662 74.4024 60.87
910 114.047 54.1102 60.2036
911 113.845 85.3796 57.9803
912 1.04156 110.745 115.776
913 114.121 102.038 13.1464
914 23.8275 114.307 91.4042
915 67.8293 113.992 41.0966
916 67.7153 43.8952 38.5282
917 38.0288 0.341206 37.7155
918 110.506 114.753 79.1121
919 82.2656 37.98 45.0693
920 57.6364 114.38 18.8452
921 79.2211 45.316 71.6609
922 109.209 114.446 34.2344
923 41.358 114.263 108.918
924 113.854 26.3207 57.9768
925 6.33361 0.171267 78.6141
926 -0.956754 6.19498 93.5128
927 113.75 75.2993 27.6431
928 65.409 82.0546 105.702
929 81.1756 70.8273 115.507
930 59.9873 81.9814 115.716
931 72.0751 76.8352 115.615
932 88.9484 73.3138 115.633
933 77.8097 72.342 115.679
934 71.9068 79.8443 115.775
935 61.5042 89.421 115.543
936 66.045 78.3541 96.2058
937 60.3978 88.5885 101.56
938 86.9008 97.0359 7.3787
939 59.8845 97.4558 11.1108
940 51.7175 98.4495 9.8116
941 75.9494 90.5465 -0.176132
942 40.1042 114.023 65.8192
943 114.566 93.7754 15.8361
944 29.2342 114.124 37.4058
945 79.6778 74.9663 21.783
946 68.9668 114.002 24.4656
947 108.095 102.895 -0.0240398
948 63.9979 103.313 10.3491
949 79.8714 75.6796 -0.247545
950 18.0965 100.787 66.9961
951 96.5765 114.351 25.6591
952 21.8869 114.955 2.32638
953 46.5267 0.607194 50.4621
954 114.019 104.161 32.4566
955 47.2653 114.083 40.4377
956 91.2504 113.631 27.9344
957 83.7168 113.984 83.7518
958 106.6 113.924 97.7531
959 112.126 114.31 40.3789
960 -0.936332 21.2727 78.7066
961 58.1012 114.046 97.9835
962 113.95 101.038 58.6638
963 56.8562 113.916 45.8033
964 54.3403 32.1643 71.0783
965 13.6091 114.059 84.2491
966 113.833 100.226 56.1185
967 92.5998 113.729 53.0068
968 7.40694 114.069 41.1446
969 62.9838 113.913 70.9977
970 84.5527 112.633 115.328
971 63.0565 114.075 35.5365
972 85.9317 113.671 66.1684
973 113.952 74.9633 50.8688
974 82.5682 114.08 21.1905
975 114.004 90.58 86.4102
976 -0.838782 59.7108 98.9311
977 60.081 25.2298 55.6848
978 101.8 114.114 94.525
979 -0.472212 83.0332 91.7347
980 48.5983 102.807 115.469
981 27.6956 97.2401 116.092
982 112.287 113.12 63.6329
983 5.69625 114.073 77.011
984 -0.712807 94.0832 101.412
985 58.3997 111.772 -8.77234e-04
986 61.2854 112.581 115.363
987 30.191 -0.300176 48.0834
988 -0.530258 24.6384 96.0998
989 114.228 41.9626 87.0929
990 88.5193 74.8153 26.9826
991 80.8962 113.961 88.8755
992 -0.322645 50.8135 77.7017
993 108.742 114.404 53.8196
994 42.2137 67.3905 102.192
995 77.8724 114.214 47.22
996 59.0769 114.099 92.6922
997 79.5701 107.879 -0.415679
998 69.0715 100.391 115.249
999 60.8834 113.975 110.388
1000 81.7926 104.464 115.549
1001 62.0903 102.016 115.77
1002 105.074 81.0359 115.524
1003 68.5161 95.6395 115.516
1004 80.1762 114.117 101.991
1005 57.7422 106.91 101.226
1006 92.0738 99.4813 104.777
1007 60.5594 100.625 115.378
1008 114.087 21.1117 6.11458
1009 102.056 15.2699 8.40809
1010 94.8338 24.1103 4.59313
1011 105.562 13.5749 8.01292
1012 93.2992 0.924307 0.673829
1013 97.9611 7.58676 12.3315
1014 78.3267 18.7148 18.5322
1015 68.5618 0.258734 10.9866
1016 114.027 37.8063 82.4743
1017 110.821 7.78441 -0.142424
1018 93.1035 9.98034 10.706
1019 113.992 23.8288 29.044
1020 79.7741 52.4346 90.4113
1021 86.4544 15.3762 14.4255
1022 107.98 0.236797 83.4597
1023 66.9229 0.194401 14.6393
1024 112.955 1.06794 48.9647
1025 31.584 0.167928 19.4617
1026 93.8891 -0.347245 6.14464
1027 113.861 41.7472 67.536
1028 94.5503 0.405718 30.2384
1029 113.756 7.131 37.0281
1030 113.942 3.0115 19.4301
1031 41.8121 0.482214 65.7482
1032 113.731 19.6885 32.0085
1033 114.269 24.1499 108.08
1034 114.032 4.71657 29.6447
1035 113.911 34.2706 51.273
1036 73.646 -0.125881 12.2243
1037 44.6514 0.520624 32.5427
1038 114.005 7.92445 90.8097
1039 114.044 28.6167 93.4704
1040 113.965 9.38621 46.1162
1041 62.125 0.438052 79.3004
1042 113.665 8.05968 82.2778
1043 113.901 23.1813 91.1611
1044 110.281 -0.456411 70.7829
1045 97.7194 -0.251088 5.63982
1046 114.111 24.6844 101.458
1047 48.1452 0.395057 68.2933
1048 112.054 -0.395648 73.7183
1049 109.334 0.375034 96.7488
1050 76.7167 0.230467 46.4652
1051 114.053 51.8368 67.0871
1052 113.847 62.568 91.396
1053 113.871 21.2794 70.0885
1054 35.7761 0.218767 98.0992
1055 114.002 8.6951 72.0332
1056 81.716 0.0852526 76.8806
1057 114.205 30.798 82.2556
1058 114.152 82.2158 105.582
1059 112.678 38.6635 115.437
1060 -0.688731 2.5649 88.5158
1061 111.237 -0.10245 113.352
1062 60.8191 60.1368 77.371
1063 113.926 3.17868 89.1574
1064 114.171 9.5655 94.2067
1065 112.987 1.22499 84.4503
1066 90.723 -0.0191075 114.208
1067 105.995 7.82448 115.393
1068 112.351 5.31673 115.354
1069 108.251 0.0791501 111.444
1070 90.7693 44.7705 -0.0936665
1071 93.3352 44.1425 8.57213
1072 96.9087 24.8046 3.47899
1073 101.749 39.4648 17.2766
1074 99.155 45.068 -0.233623
1075 99.5399 36.0212 -0.238735
1076 113.68 1.81894 36.7188
1077 104.386 42.3494 12.4911
1078 63.1526 54.3104 35.3503
1079 96.124 39.4839 12.39
1080 113.775 40.6771 34.7849
1081 79.0593 34.6002 -0.133401
1082 110.41 -0.406968 63.8644
1083 -0.836945 48.9723 5.87364
1084 114.05 5.38076 46.5967
1085 39.0557 80.6728 75.8612
1086 59.7859 35.3855 33.2185
1087 113.773 18.7119 48.9296
1088 113.921 24.2327 1.81035
1089 113.895 58.9031 29.914
1090 79.5973 3.88895 -0.252836
1091 113.923 62.4931 55.4174
1092 87.6752 0.20196 108.679
1093 114.196 35.1349 19.4286
1094 114.255 62.0454 36.9396
1095 114.115 45.8893 79.0809
1096 113.911 84.1789 55.6872
1097 113.856 29.5249 38.8066
1098 113.804 4.70366 67.6001
1099 114.177 44.3409 65.5917
1100 114.075 22.888 55.2471
1101 113.989 62.1946 19.7373
1102 113.924 60.2917 48.6024
1103 113.906 29.4991 65.6164
1104 113.989 17.2219 67.5222
1105 113.549 27.6505 60.7002
1106 112.55 -0.191436 66.7332
1107 114.121 39.4012 96.0175
1108 113.737 21.2861 58.1224
1109 114.037 43.0604 53.942
1110 113.873 16.8385 44.1399
1111 113.977 48.4329 36.4619
1112 114.151 19.6548 94.1443
1113 114.237 45.0773 105.77
1114 113.888 86.9537 61.1683
1115 114.037 2.98438 39.6589
1116 114.013 61.834 86.9224
1117 113.806 2.0335 72.6852
1118 113.853 56.3523 51.4566
1119 75.4055 44.385 71.1039
1120 114.158 54.9512 69.3254
1121 113.776 28.799 29.6585
1122 94.6461 -0.176083 92.7914
1123 113.541 18.665 72.1616
1124 113.835 24.5922 67.3168
1125 113.851 69.8226 55.8129
1126 97.1275 68.3553 115.301
1127 90.7093 36.3802 104.461
1128 114.349 35.362 89.6363
1129 108.99 31.4511 115.5
1130 108.272 27.7589 115.439
1131 99.7298 47.4674 116.064
1132 102.053 40.9223 103.676
1133 114.237 36.0082 107.817
1134 112.108 32.4459 115.773
1135 100.92 35.9329 106.053
1136 93.7415 38.552 99.3268
1137 96.3995 59.7897 19.4502
1138 101.843 42.9523 11.1329
1139 103.031 47.0608 -0.210449
1140 106.054 56.4846 12.9201
1141 113.757 44.7409 17.7639
1142 114.146 64.014 22.6473
1143 104.41 114.074 30.1483
1144 113.924 81.4331 37.5524
1145 56.2165 61.5223 22.7995
1146 40.8035 0.168126 18.2159
1147 114.073 53.9848 24.2964
1148 113.864 43.4858 27.5068
1149 54.3997 70.645 47.3049
1150 113.929 14.8452 74.9699
1151 113.966 73.8585 15.6129
1152 113.924 47.1024 55.6121
1153 113.917 107.514 49.3751
1154 113.979 58.4464 72.4435
1155 114.215 96.852 19.7105
1156 114.072 89.2145 32.0596
1157 114.038 23.3352 53.5347
1158 113.892 35.0718 48.4016
1159 113.975 72.3299 69.6858
1160 114.056 49.507 15.3747
1161 113.782 89.3829 60.8696
1162 60.7251 44.2996 89.3502
1163 32.7139 113.768 31.8156
1164 113.959 68.1493 77.8822
1165 114.116 55.5456 13.0102
1166 110.622 114.243 28.814
1167 113.786 66.4489 53.2894
1168 114.117 98.1216 94.2315
1169 55.0196 15.1658 42.8199
1170 114.013 82.038 61.0841
1171 58.1422 57.1008 116.34
1172 114.032 41.6645 80.0206
1173 97.8979 77.2822 25.8317
1174 114.169 72.3975 19.9059
1175 113.942 6.79682 98.5918
1176 47.6172 55.6598 82.5004
1177 113.735 107.632 43.8888
1178 114.364 91.9902 103.812
1179 87.184 99.7747 88.1484
1180 112.382 0.234648 40.2735
1181 113.567 24.9579 75.0138
1182 114.113 50.6405 79.3644
1183 113.881 88.6762 101.331
1184 58.7929 104.434 -0.0193888
1185 -0.562218 68.3122 106.475
1186 113.846 69.7372 82.4042
1187 114.229 63.7178 74.7568
1188 113.173 83.1608 115.556
1189 114.069 52.3736 40.8682
1190 113.925 73.823 79.8942
1191 114.035 37.7212 60.5981
1192 41.5103 113.743 51.7609
1193 113.785 48.1038 91.6553
1194 85.1145 47.5356 26.986
1195 106.069 28.0424 115.661
1196 114.087 96.1379 80.003
1197 67.9078 51.6805 77.1915
1198 106.738 58.3421 95.8271
1199 35.8212 103.504 99.2174
1200 86.6237 54.1318 104.865
1201 86.0681 64.8411 115.817
1202 96.3506 41.8007 96.0956
1203 107.706 59.9542 116.213
1204 96.0252 78.5637 99.4801
1205 96.2355 57.393 115.533
1206 110.188 64.9449 115.481
1207 94.27 87.7366 -0.320314
1208 87.6765 67.8298 -0.267024
1209 102.23 86.2981 12.9626
1210 114.19 86.8753 19.7573
1211 83.3663 97.1034 9.14481
1212 114.134 78.7313 8.51926
1213 90.18 78.1751 -0.238201
1214 83.9056 70.0315 7.48458
1215 102.08 78.7183 9.69766
1216 106.338 87.7113 -0.129478
1217 114.217 94.555 22.3716
1218 98.0956 58.3541 -0.13462
1219 36.7371 0.321656 40.2046
1220 12.4894 78.1595 49.0547
1221 113.778 33.447 34.6575
1222 102.309 113.941 19.7881
1223 114.015 76.2651 30.311
1224 21.9255 113.842 33.621
1225 16.6828 114.247 74.7964
1226 102.239 -0.629005 6.0563
1227 113.831 88.9581 53.4184
1228 54.2249 11.4971 52.5607
1229 114.045 95.5724 71.92
1230 111.186 55.129 45.0503
1231 113.998 82.9564 50.8969
1232 114.124 46.6158 29.9394
1233 89.5776 107.55 -0.862836
1234 114.036 20.0736 18.0746
1235 45.5517 113.927 23.3817
1236 93.0453 103.08 15.266
1237 37.5437 113.886 55.5761
1238 113.865 69.6909 62.7147
1239 113.967 45.9245 50.7997
1240 113.793 97.7647 77.7473
1241 113.887 68.7477 65.7131
1242 113.861 49.957 61.0459
1243 114.01 99.7919 89.5051
1244 114.215 110.463 6.44247
1245 114.187 78.527 101.218
1246 113.997 103.934 96.3388
1247 113.981 55.5923 41.7193
1248 114.194 88.8324 94.4208
1249 64.4662 96.9634 75.0632
1250 113.895 38.6001 77.7246
1251 114.248 63.1683 100.952
1252 89.1713 73.2594 65.4053
1253 113.896 78.7809 65.8541
1254 113.974 94.3242 48.2311
1255 55.844 29.7512 22.9407
1256 113.96 59.2907 96.2851
1257 66.6688 36.1068 52.4775
1258 105.386 66.0101 115.228
1259 113.995 58.4723 84.8486
1260 112.219 114.635 90.352
1261 114.242 91.3161 94.2779
1262 96.727 84.4357 103.503
1263 98.3246 82.2201 101.691
1264 69.4243 77.0826 84.3644
1265 113.793 99.2994 68.1381
1266 109.11 72.1111 110.572
1267 88.2833 69.6818 115.54
1268 114.21 73.0538 106.271
1269 92.2523 72.1241 115.745
1270 114.161 93.232 108.112
1271 114.289 79.8489 98.6854
1272 94.1339 87.1629 115.718
1273 102.392 84.2594 95.2855
1274 112.293 94.5182 115.823
1275 78.802 74.4049 107.22
1276 114.372 83.9039 101.754
1277 92.1876 81.9211 115.802
1278 92.246 66.6306 109.352
1279 98.5301 82.9631 104.224
1280 104.889 58.7555 115.394
1281 114.174 99.2576 4.09608
1282 99.9759 113.902 26.3615
1283 110.703 114.791 14.581
1284 114.214 97.8329 13.4929
1285 90.4917 100.138 11.4116
1286 113.964 96.9661 32.3771
1287 86.1255 114.151 83.9234
1288 23.7338 114.432 112.489
1289 112.73 112.749 58.0606
1290 113.968 98.7516 39.4127
1291 113.902 85.4172 27.6597
1292 24.2682 40.1487 19.8474
1293 114.14 110.758 38.9717
1294 114.183 109.948 15.3995
1295 86.8439 113.762 91.0149
1296 113.938 60.8021 34.556
1297 111.826 113.752 52.1047
1298 97.2087 113.85 74.5803
1299 113.965 88.8349 89.0281
1300 61.7758 113.814 80.7597
1301 111.891 107.673 -0.151336
1302 114.131 95.0185 20.3562
1303 113.962 111.595 46.7845
1304 113.977 87.1055 39.5321
1305 55.7678 114.087 51.3704
1306 102.125 101.946 115.777
1307 108.749 113.651 60.2936
1308 23.3879 113.78 23.3871
1309 113.904 93.3535 31.7565
1310 88.952 31.609 72.5011
1311 114.043 85.6038 91.6877
1312 113.944 81.9537 19.9585
1313 113.99 111.806 108.79
1314 113.94 104.602 18.0391
1315 22.1183 113.972 20.6419
1316 57.7177 100.274 74.8442
1317 113.8 84.5972 69.7492
1318 114.155 105.043 27.6119
1319 82.5175 87.1859 116.443
1320 113.901 105.239 70.5129
1321 113.811 101.002 53.3227
1322 113.868 97.6054 49.3686
1323 113.904 58.058 65.1514
1324 64.9388 113.834 81.2653
1325 49.0719 80.8186 86.8288
1326 114.15 62.6446 96.7064
1327 113.84 67.7893 86.6933
1328 114.017 101.269 110.402
1329 110.91 114.556 100.394
1330 101.566 41.9618 115.761
1331 89.7635 114.019 108.886
1332 79.7751 114.001 58.9959
1333 82.1344 114.178 98.4851
1334 100.129 101.47 108.559
1335 90.1697 100.551 99.9331
1336 114.062 103.306 113.491
1337 114.395 65.966 99.3978
1338 114.56 110.918 96.2593
1339 100.894 111.898 103.729
1340 114.207 104.618 105.593
1341 94.1185 99.949 104.2
