0 9.3698 18.867 -0.118501
1 7.78232 -0.0121157 5.46097
2 11.5477 23.6157 15.0222
3 37.4179 0.145379 12.1979
4 27.3486 3.86291 -0.0967674
5 11.2458 13.6824 -0.230826
6 2.83312 5.82264 7.48102
7 14.2736 -0.0985074 14.2553
8 21.637 11.418 -0.0895483
9 -0.883831 14.9749 1.52753
10 -0.758357 9.36145 3.2504
11 8.70912 8.93922 -0.739239
12 61.6816 0.14384 12.202
13 3.54213 2.83315 51.2823
14 3.42736 19.9737 61.0098
15 44.0167 0.129799 23.1642
16 72.2067 39.4186 120.564
17 114.372 25.2941 109.645
18 57.747 -0.404895 89.0199
19 51.8717 -1.22642 67.4067
20 18.4707 -0.120763 26.9209
21 3.43399 77.8449 63.298
22 110.051 41.2905 65.6833
23 13.1921 -0.243657 99.4741
24 85.028 113.463 93.0061
25 66.7529 0.160178 14.5498
26 69.8526 47.355 120.373
27 -0.590724 58.8771 92.0593
28 35.3689 114.127 12.7814
29 31.9091 0.0262814 44.1303
30 3.56439 20.1932 50.9969
31 114.021 26.2078 118.027
32 11.6177 0.24862 58.2628
33 3.38678 7.09593 24.7238
34 -0.871994 14.6847 99.0428
35 46.6297 0.25936 1.97781
36 -0.714953 75.0451 108.919
37 100.253 2.79178 119.927
38 -0.797756 14.2577 8.41658
39 40.1802 -0.301518 87.7237
40 0.240571 40.5642 20.1211
41 -0.946585 3.92462 112.169
42 32.634 0.453534 25.5096
43 111.781 25.8911 -0.306632
44 -0.72415 30.6572 115.74
45 3.5375 7.131 36.9306
46 1.33728 5.6648 16.4568
47 114.138 1.8987 100.551
48 42.8813 -0.13438 119.386
49 21.764 16.923 111.426
50 53.1056 -0.676516 99.1629
51 48.8921 -0.337965 61.6388
52 3.47471 75.292 51.5373
53 41.4494 13.8805 -0.584483
54 -0.484286 55.8151 96.8601
55 5.44713 -0.380105 55.7006
56 30.3939 25.2992 0.0664521
57 29.135 -0.512531 82.2017
58 3.39971 59.3729 79.9561
59 3.25064 62.6291 27.0692
60 -0.81294 15.8039 94.398
61 16.1121 0.0189457 115.115
62 27.4612 15.1386 120.222
63 20.6105 8.5404 119.774
64 1.44934 0.321492 112.831
65 11.2143 8.7334 115.123
66 24.9419 46.8057 15.704
67 25.2723 45.8671 25.0313
68 19.2567 38.6514 6.99552
69 -0.9113 36.7223 2.00544
70 15.2677 31.6721 20.2287
71 -0.875642 46.4847 1.90101
72 25.551 31.1463 -0.209556
73 22.2291 29.6013 -0.221642
74 45.789 0.154475 47.8713
75 2.76383 69.6672 16.6319
76 66.4776 17.6685 -0.00184633
77 4.64432 40.171 12.8089
78 20.2524 -0.69589 35.5411
79 3.71639 111.569 55.6042
80 9.38645 115.415 96.1527
81 3.14716 58.7696 58.4824
82 7.0358 63.1777 -0.0829552
83 -0.455575 84.8223 108.702
84 74.3064 -0.0291736 66.9481
85 3.19444 27.002 41.8671
86 3.45919 38.5259 79.5044
87 -0.64557 1.54218 110.351
88 105.366 0.286126 75.851
89 19.4385 0.986536 119.693
90 8.52484 18.8384 119.913
91 3.35697 86.9621 55.9985
92 65.3443 0.769345 1.25364
93 3.2887 34.7654 32.0079
94 -0.755528 66.5362 99.2332
95 -0.683622 49.6295 96.3517
96 79.1042 0.787035 30.9107
97 1.57604 30.7352 86.1471
98 85.7174 114.146 64.1783
99 -0.720637 48.3875 7.98169
100 39.1013 3.21489 0.374455
101 3.62373 107.896 58.0357
102 -0.661404 91.4527 107.997
103 40.2889 113.494 100.259
104 25.3178 62.0873 120.5
105 43.6108 114.225 67.996
106 7.85943 109.37 120.38
107 1.299 23.6813 18.78
108 19.3708 114.861 85.5074
109 38.8159 114.113 104.65
110 -0.408302 2.93919 3.80871
111 3.58926 11.6947 54.1547
112 97.6241 -0.632679 82.1465
113 17.2816 114.137 102.997
114 -0.671102 20.8618 89.6871
115 83.0162 0.325878 53.371
116 3.40744 37.0448 81.8712
117 39.7187 99.661 120.336
118 -0.537816 63.268 105.669
119 37.6208 47.9822 109.039
120 3.19586 47.4475 50.8983
121 3.52296 9.21231 41.5531
122 51.5455 -0.321827 92.3458
123 3.67432 6.18978 51.9825
124 16.6136 -0.282084 73.4968
125 18.1063 38.4148 107.313
126 24.0838 41.1586 112.81
127 22.313 44.6733 111.699
128 11.6639 39.3773 113.207
129 22.7851 46.3571 116.566
130 8.0494 36.1347 119.982
131 16.5734 46.1027 120.168
132 31.7154 17.7914 120.212
133 29.2522 32.622 115.785
134 32.556 61.3319 8.44984
135 10.0452 57.1492 0.166686
136 19.6582 67.5101 17.9789
137 29.2402 61.904 12.8209
138 1.78091 51.3662 18.9001
139 -1.03066 65.7462 13.341
140 109.806 109.052 67.3824
141 60.5709 113.987 61.715
142 2.28962 14.5507 21.1503
143 3.11424 77.4449 64.9261
144 113.964 3.61551 5.93855
145 3.72461 46.7729 53.7595
146 13.3268 60.3334 11.3156
147 114.185 31.9511 8.46323
148 109.634 3.78294 32.6795
149 -0.874771 21.8964 10.1718
150 39.3638 114.75 47.1418
151 3.53901 15.3985 39.0797
152 -0.507546 77.808 0.948965
153 3.01959 11.4666 -0.158731
154 18.4977 -0.0471905 46.2603
155 95.6453 114.806 92.5898
156 3.52752 42.1721 43.7107
157 1.16474 37.2254 84.8123
158 3.43647 52.2655 31.7899
159 3.05529 23.7311 70.8543
160 43.5989 70.8377 -0.341992
161 -0.68264 17.9395 115.236
162 3.1378 27.0271 72.9336
163 3.48908 79.1978 44.0206
164 109.874 40.6118 39.1645
165 3.44509 1.94748 48.9863
166 5.14692 113.729 35.0671
167 -0.797901 44.3413 17.598
168 3.34909 58.0538 51.5831
169 2.45962 107.403 99.5635
170 29.8047 112.061 120.343
171 15.2023 114.343 19.1342
172 3.3905 55.9932 79.68
173 3.43667 64.9346 56.1101
174 3.40064 51.0109 72.3165
175 -0.663788 30.2818 108.606
176 1.02171 -0.354839 106.603
177 114.045 57.0889 88.8915
178 1.04458 21.0941 86.2499
179 3.32075 85.1369 32.1812
180 29.529 92.2964 120.256
181 1.49245 114.37 107.047
182 3.6533 19.3972 34.9585
183 110.877 -0.348873 104.355
184 46.9509 113.321 82.4671
185 3.64382 96.5912 81.4694
186 -0.768226 50.1536 101.458
187 -0.515771 109.938 115.844
188 16.8695 75.936 120.229
189 12.173 63.0974 120.091
190 4.2578 53.7707 120.171
191 1.11713 67.5904 120.288
192 19.4314 66.2298 111.569
193 19.6684 69.8851 120.449
194 -0.693943 55.0214 108.809
195 7.46786 57.4639 120.457
196 20.4761 48.5826 120.025
197 23.5335 47.1267 113.37
198 28.7077 63.4368 120.297
199 -0.589166 68.7253 8.54576
200 -0.659406 88.7484 8.66152
201 15.1709 78.5851 20.9183
202 22.1599 79.2477 14.2194
203 23.5747 81.0169 6.39386
204 18.0654 84.4007 0.151028
205 10.0102 77.1224 -0.0236078
206 23.8334 78.9049 3.41716
207 2.15905 75.7112 11.7321
208 19.3065 63.3674 -0.510002
209 7.2761 -1.54713 30.7273
210 6.08047 66.6792 -0.309695
211 32.6077 113.563 81.0734
212 3.13585 85.8387 48.3138
213 114.309 26.3502 93.6145
214 3.55822 73.8792 36.4536
215 30.7631 0.0871037 106.47
216 4.67418 112.979 40.3353
217 -0.441813 42.5377 115.539
218 112.56 112.335 18.8239
219 30.3233 54.8743 0.0357653
220 -0.559994 11.1851 0.92638
221 100.298 114.223 15.9035
222 3.20569 29.1485 46.7744
223 67.208 99.4183 -0.0631752
224 -0.877797 58.3331 13.4655
225 3.23245 67.5365 70.2221
226 -0.929236 5.51732 102.862
227 -0.720567 103.429 1.86794
228 3.13435 101.547 49.7408
229 -0.60225 75.6495 98.9176
230 25.4089 57.5256 120.22
231 50.5022 114.763 41.5517
232 3.30143 102.425 41.3658
233 4.41366 113.406 47.9362
234 11.3079 0.0568096 116.359
235 3.41835 102.715 53.1679
236 107.255 -1.50068 48.3367
237 3.59958 112.646 78.6562
238 60.7877 114.01 107.698
239 3.51778 106.357 50.2816
240 7.47904 113.839 16.8514
241 72.7535 -0.506646 80.6257
242 70.5033 114.663 2.06161
243 114.127 65.9882 117.834
244 30.3375 114.469 79.6803
245 11.9985 112.644 32.1411
246 88.23 0.260448 20.1017
247 110.273 79.5351 64.8261
248 3.26303 55.3477 82.5335
249 114.109 74.0112 100.875
250 109.773 112.353 90.4801
251 23.6649 114.797 78.7743
252 3.42569 91.2141 55.5865
253 48.6596 113.559 1.03542
254 7.66834 107.018 120.329
255 108.172 109.734 120.444
256 -0.689538 78.2517 105.464
257 110.09 97.533 70.3661
258 -0.492149 78.2119 110.886
259 3.36112 50.826 34.1816
260 3.2369 76.205 17.4489
261 60.0554 115.15 51.2199
262 0.565522 73.0881 15.356
263 -0.466197 70.9352 103.896
264 79.1591 59.7844 -0.0744889
265 3.25516 42.157 29.8426
266 0.82311 41.3637 120.156
267 32.4698 0.784976 33.0159
268 52.0556 97.0554 120.29
269 8.09728 114.563 57.1456
270 0.247146 64.5242 87.1796
271 18.1079 86.5259 111.555
272 20.7929 77.9988 120.269
273 -0.49389 72.5364 117.48
274 4.81099 86.6957 115.167
275 19.6309 74.269 103.364
276 24.9753 72.4125 103.474
277 40.6599 83.1426 120.173
278 26.3003 111.977 -0.0549938
279 29.5816 100.617 -0.312797
280 18.7072 92.0886 0.0322506
281 3.13931 113.719 9.22213
282 19.607 114.742 4.27563
283 1.24147 97.7096 -0.165075
284 3.26249 2.79621 63.1113
285 -0.721603 18.6375 98.4639
286 63.7897 110.714 -0.490096
287 -0.635812 100.39 8.31311
288 3.19929 114.625 5.16598
289 5.40552 106.905 12.1847
290 -0.907475 104.892 1.13207
291 3.53956 16.6781 29.5035
292 29.5626 114.117 5.71668
293 99.9246 113.036 35.4014
294 70.2883 114.345 19.2008
295 -0.743028 105.271 13.5681
296 110.155 88.2168 60.4993
297 3.434 77.5246 25.3195
298 -0.748326 36.0515 6.38582
299 3.21295 13.8621 72.727
300 72.4553 114.248 55.5774
301 3.35838 84.2101 62.7358
302 55.0289 113.963 104.164
303 27.8644 113.611 99.6025
304 3.39099 81.1274 36.4112
305 3.4943 96.9876 56.0001
306 60.6785 50.9049 -1.01329
307 -0.849632 101.865 5.55847
308 -0.317267 84.5285 96.3247
309 89.6949 113.84 60.5231
310 112.21 73.2262 92.9394
311 4.83379 -0.0975339 62.855
312 110.154 68.0911 71.9843
313 106.436 113.76 37.9481
314 3.46877 85.4767 79.261
315 3.70935 112.91 69.9994
316 4.87333 113.495 66.641
317 96.9939 110.357 120.126
318 6.23583 -1.06275 24.6932
319 -0.555932 22.0201 107.928
320 3.18779 55.8891 29.5025
321 104.507 -0.0384679 89.1464
322 113.167 105.723 120.059
323 4.57873 75.8548 120.234
324 -0.592616 60.0503 12.8653
325 110.05 79.5419 38.6078
326 111.883 25.2472 80.6715
327 3.66445 71.4247 53.8581
328 42.4094 114.537 1.88028
329 26.9768 97.2562 113.939
330 1.04981 24.1894 88.3907
331 63.4314 113.315 87.6795
332 5.92185 101.304 109.732
333 61.8243 76.9319 120.475
334 57.9852 106.909 120.326
335 11.3221 114.102 12.7734
336 0.848063 113.246 14.6193
337 114.406 110.712 101.559
338 26.0601 114.729 119.278
339 31.7428 109.34 120.348
340 -0.511742 102.007 108.659
341 16.7655 105.632 119.959
342 -0.935519 110.741 104.015
343 36.791 13.9565 8.18976
344 26.4898 4.66874 7.09991
345 51.3396 -0.174922 8.90563
346 45.757 16.3189 -0.0246536
347 58.7585 -0.130019 14.2066
348 44.7971 21.5416 1.2056
349 34.5451 12.6846 -0.0590795
350 47.563 20.4901 8.24573
351 40.9247 26.1965 8.10593
352 3.10854 107.309 33.9934
353 58.7254 0.116312 119.077
354 44.3045 0.00713179 11.0036
355 81.7151 114.624 82.551
356 27.3032 35.9174 -0.21045
357 65.6429 114.355 30.0674
358 33.7479 26.0337 11.3597
359 99.0091 -0.993763 31.6496
360 3.30682 59.0715 24.5339
361 11.3938 6.36982 -0.134842
362 17.3499 0.296226 58.4824
363 46.2176 -0.203143 65.3413
364 69.1342 -0.267512 88.0769
365 3.17015 93.2661 36.6937
366 3.41055 61.4072 85.0915
367 -0.660653 86.7253 105.959
368 3.46573 39.9784 69.8497
369 2.52402 0.0370827 92.0874
370 3.43392 11.6875 48.5466
371 30.0501 50.88 -0.25483
372 41.0513 1.29919 34.7786
373 110.0 38.0227 63.1039
374 17.6717 -0.0239499 118.693
375 1.23757 53.6974 18.4741
376 -0.554654 3.68351 96.6019
377 43.4333 -0.0977042 113.605
378 114.263 41.9288 88.6909
379 3.58479 110.971 53.3134
380 3.33666 20.078 70.0965
381 3.41072 15.9214 25.2636
382 36.3233 114.257 76.0698
383 5.12162 0.0902196 116.025
384 109.076 4.03519 119.713
385 8.09012 1.11297 119.643
386 111.868 37.794 23.3253
387 96.2477 -0.126438 110.007
388 39.158 0.0922456 9.00145
389 109.84 2.32851 43.8907
390 50.4268 21.9965 97.4952
391 85.348 -0.558697 107.784
392 110.492 61.7756 80.5344
393 53.3679 12.6563 120.29
394 39.4964 5.24114 120.328
395 39.5459 15.1357 120.476
396 43.0906 14.2817 116.573
397 36.1748 1.33617 119.948
398 37.4835 -0.166302 113.336
399 43.7027 17.5108 103.23
400 55.8186 12.4029 120.155
401 44.5898 8.96779 120.049
402 30.3573 32.4969 -0.0414141
403 33.4582 42.9845 18.2138
404 33.3683 41.5049 -0.597589
405 47.624 35.9082 -0.463579
406 53.5407 41.3441 -0.398785
407 45.7066 35.7005 14.4953
408 23.446 48.5554 6.8406
409 45.4729 30.463 11.7418
410 31.3539 28.7326 -0.256933
411 51.5045 39.0435 -0.366897
412 32.1992 44.4584 3.52404
413 37.4649 45.6125 7.81874
414 112.181 58.2924 82.7598
415 60.1994 113.713 0.507597
416 110.275 61.451 72.7642
417 7.88583 113.368 29.3235
418 2.62801 1.37117 89.9093
419 36.4824 56.0483 -0.859344
420 71.1844 -0.812028 71.7423
421 87.074 0.845361 74.6912
422 114.42 12.8264 94.3455
423 62.0331 34.6619 120.711
424 110.089 64.0185 41.7926
425 -0.78 40.0901 103.272
426 46.9868 -0.28742 118.854
427 5.18821 0.61011 27.1477
428 19.8721 114.902 89.5486
429 100.099 32.5933 120.214
430 72.3856 0.43672 0.939539
431 69.1004 113.816 100.173
432 3.30492 61.9538 74.9566
433 3.15769 94.5982 19.6091
434 1.08523 45.751 86.5084
435 3.45461 22.0804 35.0293
436 3.6515 106.876 67.4688
437 110.148 79.4636 120.634
438 110.255 55.9556 47.7205
439 -0.740654 48.4218 98.4654
440 109.954 111.206 74.46
441 8.4967 -0.215199 17.562
442 -0.905097 51.6708 10.6818
443 30.2447 0.90645 29.7298
444 -0.670486 16.5865 103.707
445 22.5244 -0.712268 46.1107
446 3.23862 39.1689 36.6383
447 112.025 7.43831 83.9445
448 79.6643 -0.340051 12.5094
449 112.223 16.4129 82.9911
450 3.51695 67.9695 46.2751
451 3.09604 60.2274 44.2062
452 3.3718 102.429 91.025
453 43.2383 -0.281851 5.42706
454 111.013 0.351043 118.399
455 114.285 16.0584 14.9615
456 3.28609 84.2855 50.2633
457 110.101 111.357 48.7677
458 70.0534 1.05008 37.9257
459 20.7465 0.0500619 108.397
460 110.039 86.0558 72.6559
461 0.65409 100.839 120.211
462 50.1288 -0.564987 85.5593
463 110.045 74.6236 70.022
464 112.093 41.6824 19.0286
465 105.326 114.24 114.92
466 110.059 14.3444 73.0211
467 3.64812 106.359 91.516
468 3.41109 33.7104 41.2214
469 3.28865 10.5118 56.4409
470 24.1057 43.7963 113.002
471 39.2179 46.8086 97.5066
472 51.6272 38.8797 111.167
473 40.8798 39.9244 115.439
474 31.667 27.6163 120.464
475 40.6185 28.7091 120.0
476 50.3356 49.78 104.98
477 53.6874 46.4641 110.9
478 56.6405 28.4985 119.898
479 43.242 44.9638 106.612
480 33.9106 55.0998 0.0336452
481 46.1203 51.8514 14.1136
482 54.4849 69.7161 0.125301
483 41.4792 58.1268 21.8205
484 112.135 26.5214 24.3531
485 3.40132 90.9467 65.7167
486 110.217 33.7648 36.3864
487 101.063 -0.563336 42.6882
488 -0.904697 24.6798 15.5823
489 65.5052 114.955 43.4827
490 51.9163 114.109 113.892
491 3.4699 1.65086 40.165
492 112.018 42.9034 23.2964
493 3.19751 44.4462 48.6856
494 27.3064 8.98803 -0.12823
495 1.99389 115.234 116.442
496 1.03301 45.0385 120.268
497 41.4147 22.3576 84.6301
498 67.3519 -0.969865 71.7333
499 3.41334 69.7324 31.429
500 3.77011 102.51 84.1138
501 3.69658 1.88963 66.0511
502 -0.86264 105.061 6.47956
503 -0.673768 89.0776 10.642
504 114.205 6.6596 93.5898
505 110.29 50.6016 -0.272625
506 3.62162 11.1955 39.7113
507 0.363921 83.456 120.224
508 11.1695 28.6342 -0.252483
509 15.5468 81.6749 71.6999
510 110.04 30.9994 53.2836
511 -0.651207 36.4961 113.122
512 109.738 6.58593 48.6353
513 110.456 95.1099 98.2233
514 67.1994 38.1232 52.6285
515 91.7972 80.6362 -0.337171
516 114.357 58.3994 117.666
517 109.735 2.16486 36.8028
518 35.4487 114.501 69.9676
519 57.3385 67.1322 45.8271
520 3.39489 26.0877 51.5191
521 106.524 115.339 80.2678
522 6.92101 45.8049 -0.108984
523 81.2904 113.917 55.0232
524 3.47593 64.6323 30.0861
525 112.178 16.455 81.1748
526 67.9046 -0.933018 67.8145
527 77.6109 -0.132563 102.977
528 -0.723279 33.0917 94.2728
529 110.228 69.5067 82.0059
530 1.08855 49.3045 88.8058
531 31.5457 62.4135 120.597
532 35.7366 67.0592 110.399
533 49.0619 65.7999 120.117
534 27.0071 53.1336 100.334
535 45.6123 60.9323 108.109
536 56.5175 49.5251 115.386
537 41.4816 88.1446 -0.110412
538 45.6864 83.3002 -0.27265
539 37.8937 71.8674 19.2868
540 49.9483 56.1212 16.9794
541 54.9089 87.2872 9.13043
542 25.0285 79.7675 12.8006
543 27.3757 73.144 -0.539911
544 109.822 91.7558 88.51
545 3.3363 49.1513 24.7471
546 102.134 58.342 -0.44336
547 65.8219 114.741 40.6568
548 27.4714 114.364 8.59946
549 5.18707 53.499 -0.19293
550 109.995 76.55 69.8638
551 110.089 94.4851 36.7898
552 20.7154 113.611 47.6901
553 28.3119 113.696 47.6939
554 28.8648 0.458848 58.6
555 109.963 105.628 86.3487
556 48.9576 0.777928 46.3977
557 6.86141 114.415 52.1052
558 103.055 0.0133437 53.441
559 29.2951 110.734 -0.502784
560 1.44418 89.1913 92.5366
561 112.228 107.677 -0.162575
562 110.335 106.107 34.6284
563 3.2167 98.9056 24.5788
564 1.18153 17.6919 85.3921
565 99.5337 114.387 97.4935
566 7.59025 115.82 80.5012
567 3.40296 96.2894 43.4492
568 45.3595 114.101 16.1395
569 61.8584 58.4414 -0.354838
570 110.119 6.22905 70.8008
571 3.20973 41.944 74.7241
572 3.52202 90.941 74.5943
573 -0.632573 58.9545 3.11051
574 69.8159 -0.753491 96.0114
575 3.26552 62.2281 69.6692
576 114.182 46.1175 84.6629
577 3.24923 56.3837 65.9127
578 3.37469 62.9856 63.4579
579 3.4602 100.732 27.3753
580 110.035 87.3501 37.1168
581 60.6038 113.285 92.9932
582 0.922008 92.1384 120.382
583 110.065 62.3472 45.9361
584 3.16435 113.715 103.371
585 7.12292 115.336 73.3862
586 112.564 99.588 120.464
587 3.3948 37.3661 31.9239
588 -0.56057 98.9167 108.074
589 25.4336 44.8755 120.499
590 7.54111 42.7274 120.341
591 1.22464 39.0457 23.8923
592 93.9613 0.172005 19.2086
593 114.203 72.9648 103.855
594 3.60453 100.985 55.1634
595 -0.63338 31.2696 105.613
596 45.7507 95.2233 -0.151738
597 35.8025 74.0302 113.77
598 16.1926 0.264586 75.5537
599 3.60787 19.7426 24.9231
600 -0.864534 111.945 6.01965
601 50.719 89.5163 98.0617
602 2.68179 47.9565 83.2103
603 37.9522 113.988 63.6988
604 110.057 51.0264 77.2609
605 13.3273 69.8935 120.675
606 0.618526 0.471706 102.224
607 78.9754 113.807 44.8828
608 13.4738 72.5083 120.572
609 34.0592 75.6564 115.82
610 42.2415 94.685 106.915
611 56.2278 80.5168 112.747
612 45.3918 93.8986 106.498
613 42.3922 74.7863 114.035
614 42.2429 77.7468 114.232
615 64.8079 78.0666 120.292
616 35.474 102.84 -0.145708
617 36.3012 113.537 0.712212
618 54.8385 114.759 2.03774
619 30.3456 91.7619 14.1293
620 51.2613 114.004 5.24053
621 42.5669 102.162 -0.013205
622 59.4228 103.732 20.5839
623 44.5375 114.364 10.4855
624 43.9315 95.4042 22.0015
625 30.397 114.687 2.12313
626 41.1386 99.8308 11.0049
627 3.27936 110.691 29.0064
628 -0.226808 83.8528 93.9741
629 3.51071 108.552 72.6108
630 16.9863 114.208 15.9073
631 98.8734 72.1283 0.0684984
632 62.5502 106.99 -0.166398
633 3.17478 97.5068 34.0133
634 57.4746 114.478 63.1306
635 3.44888 41.6474 53.7464
636 112.067 69.3622 19.1824
637 13.4297 100.52 -0.529701
638 3.21777 106.544 36.701
639 80.727 114.595 38.3026
640 112.041 61.4159 18.9923
641 5.47124 114.256 113.853
642 78.1363 114.585 33.2318
643 3.43413 85.4071 22.2059
644 56.0033 104.389 120.159
645 3.4948 76.4881 43.6537
646 35.1704 33.6741 -0.119386
647 3.38411 19.1361 58.6254
648 3.20134 96.636 29.9605
649 17.1545 114.459 74.6984
650 3.13477 109.882 33.8386
651 -0.561142 66.7614 106.523
652 -0.765299 45.5916 13.307
653 3.19277 104.317 29.6741
654 65.9985 68.4282 -0.11147
655 0.554852 92.8904 15.404
656 0.917891 95.3228 120.043
657 112.197 110.884 21.009
658 105.645 115.545 98.8079
659 24.0966 114.097 67.4421
660 16.7282 113.421 35.842
661 114.213 69.289 99.0692
662 76.7978 114.573 31.2498
663 109.886 90.6035 29.1603
664 -0.637356 39.998 95.9812
665 110.158 103.805 50.3625
666 110.152 94.4551 94.2168
667 84.1417 114.124 48.7869
668 23.7177 114.687 3.78048
669 19.6966 114.257 68.0268
670 112.978 89.4588 20.1166
671 -0.682795 72.1122 89.2674
672 32.9332 113.313 120.129
673 75.9374 54.9215 120.362
674 94.2514 -0.294449 98.9723
675 7.20038 87.4179 120.614
676 -0.602567 63.001 89.8181
677 85.5556 24.9473 120.165
678 49.3262 0.982356 34.1616
679 33.5251 46.1542 -0.540039
680 33.6103 87.194 120.537
681 48.8189 95.8161 105.954
682 40.7269 104.788 117.334
683 43.6292 87.0249 120.513
684 48.1954 114.558 116.829
685 24.9854 105.619 119.822
686 20.7281 114.208 114.815
687 41.8671 109.573 120.285
688 64.0822 101.052 107.613
689 57.7548 96.8419 120.085
690 50.7642 113.999 111.399
691 68.8077 0.0541085 4.15075
692 70.6687 15.1777 0.101972
693 83.6841 16.0348 11.281
694 83.8887 25.4736 7.73081
695 61.806 13.7778 -0.259326
696 55.8326 22.5523 22.5413
697 3.16427 20.4281 120.345
698 54.5212 4.90393 0.0199113
699 62.2538 21.5437 11.7857
700 49.7706 0.710556 50.1766
701 10.4535 -0.123839 92.6306
702 36.3221 -0.0703848 108.398
703 -0.685059 56.5411 8.62962
704 109.844 23.0051 58.1735
705 43.3498 -0.857059 100.049
706 58.9842 0.887981 50.3052
707 25.0644 0.623151 65.515
708 112.589 64.6289 120.072
709 108.788 114.161 50.2457
710 58.6015 -0.912537 62.9388
711 104.797 0.574317 119.831
712 11.3263 0.165233 12.4555
713 97.9886 60.6295 -0.465657
714 6.44397 -0.321975 19.4057
715 13.3487 39.8912 120.708
716 62.5526 1.07505 36.5221
717 98.9099 0.202244 118.862
718 2.88967 4.8259 80.6826
719 -0.747244 13.0673 109.936
720 90.0598 -0.210393 105.87
721 112.134 39.1782 78.1379
722 67.2599 -0.583385 84.2259
723 109.926 41.9355 62.8477
724 110.192 7.31976 75.1523
725 17.7097 0.345913 14.7887
726 71.9241 22.7591 120.496
727 16.7662 29.1605 120.203
728 82.1048 86.947 120.518
729 57.46 0.196106 101.841
730 70.4049 7.52324 -0.129683
731 81.8048 -0.556275 78.2619
732 71.1143 -0.849414 77.279
733 74.4855 0.123032 112.012
734 89.3641 0.208431 110.046
735 87.7856 20.0857 120.681
736 84.5792 29.9528 115.344
737 59.3125 22.6712 106.963
738 67.3193 -0.0600475 106.543
739 90.1907 17.4812 95.4707
740 67.052 27.5405 121.156
741 61.6167 12.7555 120.345
742 70.0739 10.6133 109.111
743 87.1715 18.0038 106.758
744 56.9261 1.42181 120.065
745 80.6218 6.2327 120.033
746 63.9231 -0.0674631 102.861
747 63.8439 14.9845 120.345
748 75.784 26.4587 -0.54642
749 73.8555 43.5279 -0.343082
750 96.1842 43.4351 -0.828117
751 81.929 32.4154 15.8629
752 71.6903 31.2008 -0.501885
753 61.7648 23.8591 -0.442384
754 44.9832 54.4546 27.6919
755 5.4611 21.2886 -0.446019
756 18.8072 0.833037 22.6344
757 -0.666045 78.045 13.3691
758 97.7759 13.7859 -0.534021
759 112.151 56.6013 19.3162
760 109.579 2.77877 25.375
761 87.1013 15.4692 -0.171562
762 110.0 7.82976 70.1835
763 4.67455 -0.277304 82.0383
764 3.4771 20.7114 44.2407
765 109.897 29.4379 41.8305
766 66.5784 -0.131825 118.922
767 90.3068 87.9917 -0.307531
768 76.1757 -0.543632 88.8175
769 -0.547983 59.9778 94.6484
770 112.135 27.8803 80.8046
771 85.803 3.59463 -0.216873
772 108.538 0.00532378 69.416
773 3.61071 38.747 48.1284
774 104.174 -0.470718 55.9679
775 17.1132 0.391285 11.8811
776 39.9619 36.8905 65.7337
777 113.826 86.8513 18.1819
778 46.4998 114.927 48.6788
779 59.5085 100.764 -0.262895
780 64.2749 -1.66018 65.704
781 60.7725 23.5405 119.74
782 7.95963 103.594 120.305
783 114.293 21.1575 13.3951
784 75.3702 -0.285943 91.1935
785 82.0968 0.114671 2.36354
786 21.6538 0.533353 62.1382
787 114.265 47.3108 12.2196
788 3.51651 49.033 36.6704
789 110.119 103.602 62.1284
790 112.1 63.2806 -0.192707
791 104.074 27.7561 120.33
792 39.559 42.6065 120.08
793 33.7977 28.17 -0.157125
794 85.911 -0.109579 99.0354
795 114.187 17.749 108.136
796 62.1108 36.835 116.713
797 109.486 5.89337 27.369
798 3.29458 10.0298 63.1771
799 114.247 9.55713 107.476
800 87.4914 30.9821 100.153
801 6.92893 1.94591 -0.0994334
802 109.732 24.788 50.8121
803 114.273 110.653 1.59578
804 53.4487 35.0334 120.186
805 72.4948 31.2792 120.082
806 49.0514 30.2536 96.3827
807 71.879 29.346 107.065
808 57.0464 33.5833 105.817
809 80.2663 32.2809 120.449
810 78.9719 44.9059 -0.109276
811 67.704 53.5346 -0.435062
812 75.7525 53.6394 -0.487501
813 61.3063 56.8035 22.6604
814 59.874 59.9277 12.2994
815 69.1684 52.6282 5.63762
816 72.0797 63.7826 17.2061
817 90.5077 65.5178 18.5459
818 71.3216 57.6231 7.56962
819 77.7672 60.2114 7.65071
820 83.3051 46.8121 13.7242
821 63.5777 53.9035 13.7453
822 3.47481 81.1917 74.6238
823 110.075 65.916 48.128
824 29.3492 114.609 36.942
825 55.4058 113.779 64.6045
826 112.246 66.8264 92.5403
827 46.5931 64.4888 36.8319
828 0.881493 0.0939497 11.6811
829 102.244 41.1551 -0.532745
830 104.982 113.941 105.991
831 110.056 50.9789 39.4304
832 78.7585 2.87606 0.0841434
833 112.345 5.2183 15.8053
834 66.3859 114.263 51.9205
835 110.174 97.7794 39.1161
836 92.1103 -0.923339 30.1401
837 110.012 86.8221 48.7291
838 93.2235 -0.677966 82.295
839 110.141 9.14324 51.4109
840 0.712089 110.864 103.491
841 113.979 70.9155 1.25887
842 114.248 55.66 103.802
843 92.7989 63.1985 39.1344
844 3.71194 15.1374 49.2467
845 -0.666996 85.1556 110.441
846 114.391 48.8233 84.5645
847 111.794 72.1799 23.5231
848 112.185 15.2655 90.8913
849 55.9523 0.659363 15.5067
850 2.96776 34.0572 79.3241
851 84.8041 -0.056382 10.7717
852 100.859 0.0578498 94.6096
853 114.324 54.9563 12.8367
854 89.2822 0.460018 70.7721
855 114.203 21.1964 8.09485
856 3.39655 3.43866 32.7659
857 17.2152 112.831 120.094
858 3.64518 82.739 84.1209
859 108.167 0.346019 27.0984
860 50.8064 114.584 27.6753
861 41.3281 87.194 36.8868
862 114.104 23.4844 112.492
863 68.4341 45.0435 110.272
864 109.946 15.7861 65.3699
865 87.9471 47.9312 105.268
866 114.193 45.153 103.358
867 66.6132 65.1648 99.9464
868 89.3324 63.1389 110.631
869 91.1856 55.18 106.823
870 84.9533 45.8306 120.05
871 68.6669 65.6097 119.99
872 73.9907 59.7435 120.212
873 89.886 65.1604 105.727
874 92.1567 59.7828 120.379
875 84.1298 54.6729 120.385
876 84.2951 82.8798 7.79909
877 67.9684 72.0102 8.61828
878 91.0792 84.4448 -0.00138289
879 64.3622 91.3774 15.614
880 65.9352 90.6113 -0.267985
881 68.1776 80.709 -0.626815
882 62.0025 84.9857 11.6144
883 69.6732 71.0917 10.3825
884 65.9975 73.6021 -0.36199
885 66.9399 95.8111 11.7143
886 44.7901 60.3838 35.2917
887 65.7379 69.6413 8.60156
888 89.2816 65.7595 8.11337
889 107.625 112.846 25.2646
890 109.928 39.334 42.0493
891 67.9307 93.7836 9.1551
892 73.9668 105.318 -0.383536
893 3.45699 67.1141 29.8759
894 106.379 97.7941 -0.289592
895 7.28445 -2.36526 27.5945
896 110.077 85.4183 40.9085
897 49.283 113.482 93.403
898 66.8635 114.709 34.7876
899 110.088 110.389 57.8948
900 112.148 10.7141 87.7036
901 51.9453 99.4996 120.387
902 8.10639 114.166 42.9991
903 77.8853 113.926 9.17205
904 4.41618 113.469 22.3354
905 108.916 114.766 18.2313
906 69.7825 38.591 -0.196493
907 112.187 65.3405 87.8705
908 -0.463422 79.5493 94.5409
909 32.2236 0.505309 57.1764
910 110.318 68.9251 79.9109
911 110.073 81.352 62.1715
912 -0.436005 89.543 101.323
913 91.3821 111.884 0.0854586
914 22.0485 107.138 -0.116838
915 -0.796338 107.572 6.54595
916 114.167 103.573 15.5027
917 70.9933 112.081 -0.265006
918 35.3346 114.477 19.5331
919 109.989 78.4806 47.9506
920 5.50391 115.037 70.4481
921 3.70451 111.466 95.7225
922 110.325 53.5788 77.2949
923 -0.497893 79.04 100.976
924 95.3836 113.665 104.221
925 1.78319 0.373813 118.517
926 79.5147 72.0832 121.013
927 109.614 1.59895 29.5586
928 65.3169 82.1733 110.354
929 81.1756 70.8273 120.145
930 59.9873 81.9814 120.353
931 72.0751 76.8352 120.253
932 88.9484 73.3138 120.27
933 77.8097 72.342 120.317
934 71.9068 79.8443 120.413
935 61.5042 89.421 120.181
936 66.045 78.3541 100.843
937 60.3978 88.5885 106.198
938 86.9008 97.0359 7.3787
939 59.8845 97.4558 11.1108
940 51.7175 98.4495 9.8116
941 75.9494 90.5465 -0.176132
942 3.59762 109.528 38.5511
943 -0.719987 64.218 3.25052
944 77.8358 114.18 22.6365
945 110.298 28.1094 63.2365
946 106.206 114.857 66.2519
947 110.275 100.508 28.6411
948 64.0191 103.416 10.2928
949 61.5478 0.465096 30.8162
950 70.8799 113.167 82.0985
951 99.1768 114.107 109.799
952 22.0724 114.718 2.17839
953 109.916 8.26767 63.6071
954 109.77 6.14326 60.3891
955 113.702 55.8354 0.785462
956 -0.895406 111.745 11.6409
957 62.0308 113.285 69.1027
958 25.3264 114.679 81.8168
959 114.115 36.4793 1.40019
960 46.4525 1.24492 43.7665
961 45.6394 114.117 64.3205
962 110.184 104.561 43.8625
963 114.257 105.29 13.3759
964 3.39959 17.2787 43.8886
965 3.76085 115.118 109.379
966 112.346 113.365 111.39
967 110.103 68.1114 41.0815
968 9.8291 106.648 0.0799057
969 114.152 92.0193 11.1489
970 68.2393 113.695 67.6223
971 83.1523 114.249 20.5526
972 100.877 114.246 69.3324
973 114.209 106.453 114.899
974 108.848 113.391 0.468205
975 109.996 108.537 61.7692
976 -0.304727 80.3463 91.2714
977 109.946 62.0478 50.824
978 78.4502 5.37696 -0.096532
979 -0.888779 26.4743 105.756
980 111.965 115.091 109.358
981 3.30314 81.0729 65.8881
982 86.2646 114.219 67.9389
983 1.56004 80.5518 87.5721
984 0.384857 88.2395 120.062
985 110.268 102.503 33.6345
986 65.352 110.13 119.972
987 5.4711 30.3341 120.478
988 -0.593304 70.0299 108.678
989 86.7705 114.427 79.8371
990 109.845 6.91066 54.3622
991 85.0607 113.26 47.7175
992 3.48826 75.603 34.3573
993 3.48387 107.213 83.8079
994 3.31466 60.8768 60.4092
995 112.229 82.1041 120.392
996 65.9189 114.13 19.4169
997 63.2586 114.62 33.0773
998 69.0715 100.391 119.887
999 60.8834 113.975 115.026
1000 81.7926 104.464 120.186
1001 62.0903 102.016 120.408
1002 105.074 81.0359 120.162
1003 68.5161 95.6395 120.154
1004 80.1762 114.117 106.629
1005 57.7422 106.91 105.864
1006 92.0738 99.4813 109.414
1007 60.5594 100.625 120.016
1008 114.087 21.1117 6.11458
1009 102.056 15.2699 8.40809
1010 94.8338 24.1103 4.59313
1011 105.562 13.5749 8.01292
1012 93.2992 0.924307 0.673829
1013 97.9611 7.58676 12.3315
1014 78.3267 18.7148 18.5322
1015 114.224 47.2437 96.0664
1016 110.082 99.2973 76.2639
1017 46.1623 1.91758 -0.343637
1018 92.7068 10.1009 10.6421
1019 83.8573 0.401957 69.239
1020 3.26752 10.6713 77.3708
1021 86.4544 15.3762 14.4255
1022 65.8412 -0.689992 95.6773
1023 47.5723 0.823683 34.3715
1024 79.9733 30.047 120.488
1025 15.1769 -0.1949 95.5344
1026 110.072 24.691 31.7246
1027 110.118 79.1305 87.2075
1028 105.91 13.723 -0.383345
1029 114.083 16.0829 5.91613
1030 89.5693 -0.661765 41.1124
1031 32.6261 -0.148418 115.462
1032 110.13 87.209 25.1503
1033 106.887 64.6668 120.929
1034 95.275 0.114 54.9463
1035 109.883 51.1553 48.7788
1036 74.397 -1.30655 2.78871
1037 10.5361 -1.53053 2.83363
1038 113.98 54.099 113.344
1039 114.278 2.22139 12.7111
1040 92.63 0.59275 25.878
1041 21.6502 -0.0251861 67.1027
1042 112.545 -0.536523 113.843
1043 83.2257 -0.373823 40.5613
1044 111.843 29.0973 69.476
1045 112.027 36.8552 18.8643
1046 110.035 84.0824 31.7628
1047 108.033 6.32097 -0.550907
1048 110.366 2.02011 85.0394
1049 73.0418 6.22116 120.004
1050 114.094 49.439 113.197
1051 113.956 68.2332 96.5398
1052 110.148 60.1538 75.157
1053 112.047 0.907496 0.402983
1054 56.3105 -0.217153 56.5557
1055 108.517 -0.871208 92.8841
1056 108.26 -0.720382 1.51743
1057 53.9937 1.56592 45.4032
1058 110.063 57.1347 48.9238
1059 106.232 -0.284289 99.4026
1060 26.26 -0.040238 14.4129
1061 45.7663 -0.720868 71.1069
1062 110.205 4.77309 74.9099
1063 98.2197 -0.00692438 47.5214
1064 77.821 -0.449521 81.7543
1065 71.3224 0.231629 16.6069
1066 90.723 -0.0191075 118.845
1067 105.995 7.82448 120.03
1068 112.351 5.31673 119.992
1069 108.251 0.0791501 116.081
1070 90.7693 44.7705 -0.0936665
1071 93.3352 44.1425 8.57213
1072 96.9087 24.8046 3.47899
1073 101.749 39.4648 17.2766
1074 99.155 45.068 -0.233623
1075 99.5399 36.0212 -0.238735
1076 110.013 46.3458 67.616
1077 104.402 42.2265 12.6459
1078 8.08966 114.058 10.7142
1079 95.9719 39.6479 12.1839
1080 112.021 31.4382 23.9879
1081 -0.696393 14.8945 112.89
1082 99.8286 0.8419 76.178
1083 3.40026 44.2792 36.4771
1084 81.577 0.310845 58.2177
1085 109.982 37.3146 69.708
1086 114.334 39.5981 88.8995
1087 109.791 37.1594 48.993
1088 109.961 30.4637 44.3392
1089 110.149 60.6117 32.5701
1090 -0.66106 17.6332 3.80173
1091 113.172 42.2041 82.2809
1092 109.829 2.45414 63.2942
1093 103.347 61.5972 -0.199417
1094 75.2337 113.186 89.5269
1095 65.0307 21.0069 120.169
1096 86.8017 94.4317 -0.0371588
1097 109.856 13.6124 39.4249
1098 110.581 48.5854 78.2713
1099 106.295 0.165199 53.7642
1100 93.7135 23.6797 -0.790822
1101 114.053 20.2876 17.687
1102 114.073 36.0512 105.373
1103 110.149 57.9 71.9626
1104 114.086 40.6958 1.06473
1105 111.691 28.6771 75.8869
1106 109.983 10.6558 46.0577
1107 -0.388733 112.296 110.74
1108 85.3457 0.640898 0.840768
1109 110.004 74.5492 36.9782
1110 110.006 57.4132 58.0683
1111 112.297 14.3324 88.4877
1112 17.129 69.9529 120.495
1113 109.993 51.8357 60.8261
1114 109.834 112.493 85.6667
1115 114.087 29.2555 108.157
1116 109.78 26.9106 48.9005
1117 60.7721 38.4256 120.096
1118 21.4346 75.5191 0.222538
1119 3.16062 24.7548 43.3829
1120 110.289 72.1351 26.5063
1121 112.213 65.6388 18.4079
1122 114.17 30.9519 96.6702
1123 52.0294 -0.440658 82.0858
1124 109.052 1.97548 73.3056
1125 114.022 2.65523 94.4713
1126 109.885 85.7588 86.4136
1127 90.8898 36.5084 109.288
1128 114.408 62.3777 94.3358
1129 108.99 31.4511 120.138
1130 108.272 27.7589 120.076
1131 99.7298 47.4674 120.702
1132 102.053 40.9223 108.314
1133 114.237 36.0082 112.455
1134 112.108 32.4459 120.411
1135 100.92 35.9329 110.69
1136 93.7415 38.552 103.964
1137 96.3995 59.7897 19.4502
1138 101.843 42.9523 11.1329
1139 103.031 47.0608 -0.210449
1140 106.054 56.4846 12.9201
1141 112.183 52.9354 18.5765
1142 110.179 69.998 31.8535
1143 91.6403 113.925 103.934
1144 110.138 70.3568 33.6488
1145 51.8412 0.447695 19.7356
1146 109.768 18.2407 45.847
1147 109.945 30.8817 46.184
1148 112.009 24.9885 71.7462
1149 21.6028 113.766 57.3983
1150 114.083 16.3283 117.659
1151 114.306 45.8504 13.1889
1152 104.248 -0.106259 99.0857
1153 109.896 41.5012 72.5961
1154 109.929 46.8595 74.9519
1155 114.181 76.0467 15.5676
1156 111.986 78.9725 95.1691
1157 81.8385 -0.112666 47.5269
1158 114.083 51.9522 114.991
1159 114.096 108.364 17.5949
1160 109.914 15.9177 32.5245
1161 110.098 65.5677 70.5201
1162 114.026 58.0762 96.4791
1163 97.9291 114.194 71.8198
1164 110.292 87.2633 82.4513
1165 110.358 82.4817 72.1817
1166 109.762 110.04 83.8974
1167 110.024 45.1604 37.1795
1168 84.9009 112.771 120.086
1169 113.994 28.3237 0.875737
1170 112.164 97.3005 23.2447
1171 3.39445 105.506 85.785
1172 110.086 66.3389 36.635
1173 43.2915 31.0605 -0.232537
1174 75.9157 33.5267 -0.795251
1175 5.59335 115.134 116.399
1176 35.516 96.9978 56.5329
1177 110.283 99.9483 52.616
1178 59.6659 113.626 99.2412
1179 110.138 66.198 53.657
1180 102.559 -0.780525 38.8592
1181 109.755 11.3034 27.5655
1182 101.542 73.2467 120.257
1183 114.347 55.5152 105.592
1184 5.13093 36.2525 -0.0754474
1185 25.5133 30.1514 120.698
1186 114.567 82.9165 105.124
1187 110.344 70.905 48.4207
1188 31.4429 114.25 19.8197
1189 109.804 45.7537 51.4606
1190 112.271 69.6934 92.5274
1191 27.1328 77.2679 120.553
1192 54.199 114.661 27.4103
1193 112.148 11.4657 81.3458
1194 83.9352 0.039431 15.6105
1195 -0.739228 28.1186 117.525
1196 114.221 44.3517 99.0726
1197 -0.940788 67.5634 94.5134
1198 106.738 58.3421 100.465
1199 114.363 90.2993 105.722
1200 86.6237 54.1318 109.503
1201 86.0681 64.8411 120.455
1202 96.3506 41.8007 100.733
1203 107.706 59.9542 120.85
1204 96.0252 78.5637 104.118
1205 96.2355 57.393 120.171
1206 110.188 64.9449 120.118
1207 94.27 87.7366 -0.320314
1208 87.6765 67.8298 -0.267024
1209 102.23 86.2981 12.9626
1210 114.19 86.8753 19.7573
1211 83.3663 97.1034 9.14481
1212 114.134 78.7313 8.51926
1213 90.18 78.1751 -0.238201
1214 83.9056 70.0315 7.48458
1215 102.08 78.7183 9.69766
1216 106.338 87.7113 -0.129478
1217 58.0338 113.862 13.1695
1218 90.933 114.631 1.99524
1219 -0.758002 60.8105 110.933
1220 -0.991741 22.6941 12.5723
1221 113.761 48.6529 1.11422
1222 107.879 -1.25577 40.937
1223 55.1812 115.099 48.5772
1224 3.63715 111.136 43.2836
1225 45.4799 0.102753 103.066
1226 75.9376 8.8818 -0.633236
1227 108.029 115.162 84.6493
1228 80.6983 97.8868 120.014
1229 112.306 111.185 104.548
1230 111.993 46.8433 20.8251
1231 107.948 114.384 48.6873
1232 112.016 63.6232 25.9756
1233 83.1173 113.729 39.6071
1234 110.121 27.0051 43.393
1235 41.8427 113.438 95.495
1236 112.091 115.036 4.43594
1237 2.25488 114.869 2.55576
1238 111.97 27.5803 71.8006
1239 45.7729 114.529 23.0007
1240 42.5709 113.724 75.8017
1241 109.95 94.1282 48.8178
1242 110.168 96.4021 48.7199
1243 109.957 108.1 65.3127
1244 53.7565 111.616 120.447
1245 114.234 90.5728 110.998
1246 36.0896 114.56 29.607
1247 110.242 17.3988 70.0673
1248 101.196 56.223 120.09
1249 3.23103 3.45621 18.2461
1250 109.293 0.807096 44.674
1251 114.397 111.18 108.071
1252 44.5774 57.3993 35.0511
1253 110.016 106.16 79.1854
1254 80.3961 114.627 17.9238
1255 34.1066 48.5327 35.2138
1256 114.252 97.3956 112.867
1257 109.928 44.6385 62.8552
1258 114.222 39.9722 101.389
1259 114.314 85.4983 112.435
1260 109.874 112.25 71.4168
1261 26.3996 -0.356689 84.1769
1262 64.7096 40.1378 55.7412
1263 109.893 101.901 96.0571
1264 109.571 14.6662 48.9313
1265 110.001 84.2517 49.1138
1266 109.11 72.1111 115.209
1267 88.2833 69.6818 120.177
1268 114.21 73.0538 110.909
1269 92.2523 72.1241 120.382
1270 114.161 93.232 112.749
1271 114.289 79.8489 103.323
1272 94.1339 87.1629 120.356
1273 102.392 84.2594 99.9232
1274 112.293 94.5182 120.46
1275 78.802 74.4049 111.857
1276 114.372 83.9039 106.391
1277 92.1876 81.9211 120.44
1278 92.246 66.6306 113.99
1279 98.5301 82.9631 108.861
1280 104.889 58.7555 120.032
1281 114.174 99.2576 4.09608
1282 99.9759 113.902 26.3615
1283 110.703 114.791 14.581
1284 114.214 97.8329 13.4929
1285 90.4917 100.138 11.4116
1286 112.138 55.2974 23.4448
1287 3.24151 86.1398 66.0613
1288 29.5049 114.059 68.0712
1289 6.67636 114.203 104.558
1290 112.262 58.1447 18.1023
1291 110.22 111.055 34.6343
1292 -0.608256 28.5246 14.904
1293 114.364 87.344 8.17236
1294 112.037 36.7985 27.6654
1295 21.3438 103.195 -0.411932
1296 100.295 86.9683 120.524
1297 110.111 71.797 29.7955
1298 53.7399 113.752 64.3724
1299 106.465 113.964 51.888
1300 -0.631543 11.3447 117.632
1301 81.2081 113.498 47.4738
1302 110.082 90.812 34.4778
1303 110.602 82.9995 -0.28422
1304 110.265 101.679 29.8759
1305 82.295 100.577 -0.52887
1306 105.994 99.5171 120.498
1307 110.12 104.012 74.6656
1308 3.73955 97.2005 76.8962
1309 114.102 87.5898 1.22208
1310 84.2692 -0.117561 102.7
1311 110.12 79.9414 91.0225
1312 82.7798 96.6351 -0.212899
1313 112.468 35.5483 86.394
1314 110.034 107.698 58.2202
1315 89.9331 114.018 22.7009
1316 13.5246 114.357 67.5855
1317 110.141 87.8427 40.9925
1318 110.217 77.195 43.9823
1319 109.843 52.4339 56.2156
1320 64.1517 101.829 120.295
1321 36.7487 114.681 38.1162
1322 110.004 70.7796 65.6606
1323 109.932 30.365 34.0468
1324 112.605 92.8157 101.169
1325 69.7054 70.9396 44.819
1326 70.3089 113.622 75.6281
1327 114.105 23.6652 91.7468
1328 73.6998 114.025 59.9731
1329 92.9013 114.302 75.9074
1330 108.76 -0.11602 61.1527
1331 111.955 112.101 120.305
1332 109.635 111.722 67.2585
1333 82.1344 114.178 103.123
1334 100.129 101.47 113.196
1335 90.1697 100.551 104.571
1336 114.062 103.306 118.129
1337 114.395 65.966 104.036
1338 114.56 110.918 100.897
1339 100.894 111.898 108.367
1340 114.207 104.618 110.23
1341 94.1185 99.949 108.838
