0 6.55144 15.7138 0.902909
1 6.95942 9.60785 7.2163
2 16.4055 28.2791 13.8277
3 26.5164 -0.604316 14.1837
4 26.8257 4.23149 0.973223
5 9.6344 4.62769 4.37039
6 4.14879 9.76311 4.36166
7 12.5378 2.63851 11.6214
8 23.9503 15.6069 0.842466
9 1.09493 15.2934 1.31626
10 12.2969 1.53317 56.4147
11 66.7044 3.34842 42.9031
12 68.3647 7.82326 124.061
13 0.797031 79.6879 22.2705
14 113.177 6.7873 99.6881
15 110.923 38.6367 39.4664
16 69.9715 114.179 33.0813
17 112.848 24.511 20.0244
18 28.9828 1.62183 44.2255
19 76.5715 114.828 121.306
20 0.871356 9.89857 1.24717
21 91.2966 2.83453 89.7002
22 114.054 98.3195 6.37627
23 111.515 14.0512 83.0021
24 53.079 114.052 24.3413
25 97.083 67.9335 123.309
26 62.541 59.3237 123.857
27 2.29429 0.0991829 38.313
28 7.03143 113.834 2.08176
29 111.269 109.597 59.4397
30 100.418 23.9239 -0.317002
31 27.7111 111.14 75.2775
32 63.8734 69.6948 17.0945
33 22.6225 1.79074 124.601
34 111.505 76.173 70.8334
35 56.5989 0.418164 116.563
36 43.4887 -0.526464 2.83729
37 0.572813 16.075 73.2126
38 24.5213 3.34429 67.1072
39 98.0065 43.8257 -0.578008
40 115.006 93.695 121.257
41 35.0643 49.8201 -0.196813
42 110.681 11.2006 62.8331
43 -0.873013 29.4967 5.11191
44 31.4503 25.073 124.367
45 0.988357 3.68241 58.8113
46 3.52274 39.1172 75.2943
47 25.5692 0.309018 117.279
48 33.6441 0.444441 91.3297
49 40.8888 59.8259 66.7633
50 60.9815 12.3834 0.237469
51 22.5735 23.0785 115.651
52 16.8031 0.464091 99.9748
53 7.45514 110.614 31.0559
54 84.3522 3.34546 99.0595
55 103.658 46.4398 -0.746051
56 64.8582 0.845727 99.6791
57 2.90581 5.50964 124.998
58 27.9155 0.463824 90.2894
59 9.73167 13.6957 113.594
60 3.94179 13.5443 114.377
61 11.2191 0.296142 111.577
62 28.0562 10.7122 124.586
63 25.6346 10.6805 124.511
64 3.07163 0.654993 120.023
65 16.8355 4.86024 121.438
66 16.5903 33.2933 8.07747
67 20.9733 41.333 9.36924
68 19.6136 39.6983 7.93575
69 -0.731896 44.0935 13.6844
70 16.9178 25.1881 11.1321
71 0.475576 55.5724 0.769266
72 21.003 29.5742 0.833959
73 1.04661 18.1462 1.24598
74 113.129 1.16476 0.718924
75 0.624846 81.4824 116.988
76 3.35303 80.6526 46.4725
77 111.076 27.1768 24.0402
78 66.3547 19.4276 124.675
79 45.4317 49.9689 124.414
80 47.0612 38.2059 69.2325
81 72.2875 28.6599 35.4049
82 109.123 114.073 0.606325
83 0.693693 52.7112 93.7549
84 20.8951 2.81624 70.1848
85 60.9474 113.043 -0.566919
86 18.311 16.4991 125.233
87 5.5145 111.758 106.666
88 3.27539 100.294 46.297
89 7.24674 0.0896944 40.6916
90 25.0823 2.39252 74.7535
91 110.92 5.52139 63.2303
92 39.7939 59.2679 124.198
93 6.72854 -0.274769 5.94026
94 60.9722 41.0865 -0.499353
95 81.0364 114.046 24.1944
96 113.886 95.0531 32.4622
97 0.8594 42.7875 37.9056
98 83.6473 45.0753 124.083
99 49.3076 -0.113408 22.1056
100 73.7538 81.6288 123.512
101 -0.77336 103.821 15.9109
102 17.1682 84.9188 124.269
103 24.5952 111.416 80.9564
104 -0.883074 89.4094 12.7987
105 113.735 101.506 32.3421
106 111.142 81.4108 50.0965
107 2.81035 103.612 27.8321
108 109.207 2.17469 106.234
109 77.1022 59.4759 86.7292
110 110.505 28.4847 27.6715
111 62.1959 27.6862 124.175
112 115.287 104.317 109.234
113 97.9975 3.65206 63.5523
114 80.6298 4.57164 0.181779
115 37.8549 114.229 1.22952
116 19.0047 110.899 31.0576
117 37.3943 89.5244 -0.347375
118 22.6264 0.578396 102.628
119 64.939 82.05 123.521
120 109.14 64.0482 -0.604173
121 2.099 80.0486 98.0404
122 18.1307 89.7565 94.6724
123 5.47272 0.600744 94.0721
124 56.6965 104.664 123.253
125 35.7807 32.1741 114.039
126 26.5428 43.47 116.823
127 22.0387 44.7375 118.498
128 0.647067 22.2219 106.177
129 19.5347 51.0571 112.704
130 5.22136 36.7103 124.669
131 13.8701 45.0447 124.572
132 23.7112 24.9337 113.13
133 27.912 22.0356 112.697
134 26.8373 68.3813 18.8508
135 3.5719 61.0126 0.728575
136 22.4863 68.6411 13.3364
137 22.5279 65.4097 13.4398
138 -0.864783 49.5338 19.8355
139 -1.00649 67.0349 11.0867
140 18.1404 46.9292 9.35236
141 80.6676 3.30158 36.9321
142 19.7547 28.9788 124.739
143 111.274 50.2894 53.8778
144 49.3714 -0.873457 10.5188
145 98.2954 3.73829 81.1641
146 25.7331 65.6172 13.3082
147 5.69979 44.8718 124.193
148 0.787175 70.699 119.807
149 65.4997 113.614 33.3692
150 46.7358 30.8254 124.823
151 3.7391 109.018 75.1437
152 23.8504 -0.652466 11.5535
153 8.06066 111.201 86.6484
154 29.6613 -0.605442 8.22832
155 3.45071 89.539 64.0557
156 34.7541 52.4042 -0.157985
157 87.6712 115.147 103.44
158 3.3408 64.3833 83.9398
159 84.362 36.5006 123.8
160 113.667 78.6768 0.98755
161 16.7998 113.551 123.889
162 33.5075 110.868 54.7974
163 24.9979 114.97 108.105
164 111.191 36.281 62.791
165 5.34751 84.8115 124.033
166 0.324361 92.9913 110.859
167 -0.721012 46.5641 13.9123
168 45.1901 70.6851 124.065
169 2.73938 64.147 42.7904
170 0.0978713 27.3466 37.263
171 46.6282 28.0861 0.35325
172 -0.63659 114.315 4.92603
173 3.26104 0.581069 122.7
174 3.96242 113.844 7.62924
175 114.613 112.765 97.4107
176 62.1392 18.9843 124.115
177 26.9917 95.4154 -0.0215429
178 68.36 113.568 36.0695
179 -0.512721 58.5642 19.6939
180 -0.488094 32.8561 22.8533
181 41.7091 70.0448 55.9301
182 26.2361 45.9035 67.3501
183 29.297 78.5171 84.8184
184 9.57868 60.1509 114.226
185 36.7253 37.2709 125.066
186 0.380733 56.2578 116.886
187 16.5006 81.4244 124.708
188 84.422 113.831 75.5463
189 19.4795 58.3628 112.808
190 17.9749 46.8478 108.303
191 0.575244 73.8919 119.825
192 13.8783 59.1243 124.327
193 19.8037 62.0337 124.474
194 9.62794 38.7579 117.243
195 8.50312 64.9437 124.44
196 18.9379 59.1384 121.159
197 20.6239 58.7683 108.172
198 31.0635 78.8316 124.003
199 9.56813 65.1836 9.75203
200 15.3981 100.421 3.30093
201 15.8912 83.8619 6.32005
202 21.0612 78.2904 6.28622
203 17.8733 75.2464 0.180427
204 17.5248 89.5154 0.0252695
205 -0.957348 75.2761 4.83695
206 16.7501 75.3162 15.1766
207 11.5001 75.0972 0.123683
208 21.9842 71.3377 7.54635
209 113.922 55.4865 6.53585
210 77.9488 104.066 -0.726477
211 94.0821 0.35489 122.148
212 52.096 97.7715 -0.62618
213 29.1454 66.6855 11.9543
214 56.3463 115.169 112.351
215 11.5913 72.2566 0.356001
216 16.795 92.4929 13.5356
217 114.094 12.7882 15.329
218 111.653 5.94978 95.1616
219 50.9512 112.573 28.4656
220 0.612138 41.9035 88.1407
221 3.44955 78.044 58.4843
222 101.599 3.53241 83.9903
223 78.4838 114.082 38.3057
224 112.081 114.428 88.6037
225 68.1224 100.588 42.534
226 46.8378 69.6912 -0.469603
227 3.24411 29.8857 64.0898
228 114.533 87.5469 83.5733
229 0.887399 27.4991 79.2382
230 3.80615 29.5867 1.03975
231 43.3753 103.994 -0.315052
232 111.24 61.488 41.5967
233 83.6947 44.313 -0.583977
234 73.9107 104.785 123.081
235 97.9844 94.9601 -1.10755
236 70.1627 111.403 68.8373
237 32.8537 110.693 37.002
238 8.59498 111.417 78.2115
239 0.755337 10.7002 117.162
240 111.193 72.8451 56.4268
241 -0.910415 43.7779 2.59424
242 112.671 39.8884 16.1041
243 111.26 33.4684 42.6262
244 115.194 22.0192 107.245
245 111.308 52.842 62.6622
246 53.6656 0.423568 108.709
247 21.9651 68.183 35.9278
248 112.626 71.333 42.5242
249 34.157 1.34536 39.1435
250 46.3723 113.138 96.7753
251 83.7864 7.83958 124.543
252 42.2893 39.5579 124.226
253 113.742 103.697 47.1177
254 95.0273 72.902 -0.736897
255 0.574812 59.1511 111.866
256 88.803 109.637 -1.17317
257 110.737 0.548918 15.7824
258 1.4784 1.71029 75.2095
259 5.13478 0.854269 58.7566
260 0.133501 35.9362 37.4712
261 113.935 27.9534 123.189
262 85.3345 0.522519 121.71
263 111.681 81.5254 63.24
264 111.198 19.5514 123.347
265 85.2799 112.983 72.3491
266 16.7146 71.4176 115.204
267 3.74503 103.861 93.4898
268 50.5287 18.9508 124.33
269 107.758 115.127 112.193
270 16.7271 89.0979 112.246
271 16.4541 87.6363 114.974
272 36.7594 79.8016 123.994
273 3.60141 70.1641 114.078
274 0.8929 87.6408 119.828
275 32.191 81.7655 105.428
276 32.2773 82.4508 113.775
277 25.2138 89.6571 112.107
278 29.2185 109.524 -0.0901739
279 21.9518 79.682 16.2705
280 27.8779 99.1244 7.36699
281 19.7315 106.684 8.94771
282 15.1832 113.994 7.49839
283 6.36315 100.802 0.280863
284 -0.769871 77.9705 5.38497
285 2.83082 10.8548 124.58
286 33.6222 111.262 60.2217
287 14.053 0.00943534 116.438
288 89.7416 114.191 36.1445
289 113.322 111.078 65.1771
290 27.8276 0.269003 111.731
291 82.0382 114.164 77.3642
292 2.11698 41.9243 124.353
293 3.69331 -0.00101319 105.918
294 16.8297 89.6928 13.6461
295 115.177 82.2657 120.472
296 1.94158 20.4278 69.2549
297 17.843 113.816 107.337
298 79.5048 111.274 123.205
299 27.9714 111.015 37.0966
300 9.49603 7.06811 1.0478
301 -0.72865 69.693 11.1043
302 0.567027 47.7709 110.965
303 0.636356 36.8004 87.9518
304 111.078 19.6044 63.3517
305 13.9971 111.483 92.9727
306 2.95474 86.5058 37.701
307 26.3638 1.87939 80.8281
308 113.98 52.4836 0.962917
309 113.773 109.471 6.31637
310 63.6962 -0.329757 7.63739
311 28.0756 107.968 123.907
312 3.7095 106.261 60.9746
313 113.72 103.945 29.7027
314 0.519169 35.9925 111.966
315 42.8222 30.8663 124.264
316 114.566 77.5391 15.0331
317 0.0672292 33.0733 40.3468
318 113.923 66.982 24.0222
319 90.6914 110.752 122.693
320 3.58698 33.8783 73.0415
321 115.294 101.509 120.495
322 1.06171 39.0564 123.163
323 3.27656 75.0061 51.6669
324 94.85 12.9337 -0.204355
325 1.08435 115.164 113.78
326 22.4926 111.521 98.2848
327 0.960485 16.5172 120.736
328 101.982 93.6322 122.892
329 48.2087 59.613 74.0983
330 114.638 96.0446 80.1869
331 15.4805 1.83449 71.7036
332 0.600302 25.3208 102.771
333 111.065 11.3618 65.9487
334 102.373 113.314 122.332
335 0.825603 66.8528 0.689448
336 10.9804 93.6032 124.181
337 13.1338 -0.099262 29.404
338 22.2976 114.985 99.2164
339 28.0269 105.031 123.685
340 0.695484 101.968 116.339
341 8.28284 101.523 120.634
342 3.71343 107.34 113.534
343 36.9113 28.983 13.4812
344 26.638 -0.658087 19.4048
345 49.3083 -0.679205 16.6453
346 43.9154 15.3706 0.213285
347 57.8558 -0.530193 19.1393
348 40.2575 15.606 17.9997
349 31.9267 12.4741 0.70305
350 40.18 15.5497 21.0553
351 45.3041 23.0437 16.3222
352 -0.188355 32.9109 31.1477
353 115.422 22.2023 112.904
354 113.962 60.6276 18.1868
355 3.41125 40.532 64.2555
356 77.6343 100.947 -0.830309
357 86.5768 114.35 31.825
358 70.3886 3.2408 90.7274
359 29.0372 1.87485 41.5147
360 -0.143437 21.5435 23.4831
361 111.905 55.8473 49.8453
362 94.8122 38.2141 -0.685786
363 40.0855 85.0172 123.962
364 -0.638256 29.5453 3.09749
365 20.9802 106.58 0.10771
366 0.819107 36.2292 96.2533
367 3.56066 27.8205 70.3145
368 56.0315 111.42 80.1177
369 74.6458 101.026 -0.821969
370 14.4658 111.144 39.8513
371 39.2026 42.062 124.466
372 111.479 24.5868 89.0379
373 40.9475 -0.00140065 31.3091
374 3.13365 92.136 43.3831
375 0.916882 77.7376 0.481051
376 3.69342 95.1243 67.0954
377 106.445 89.4572 -1.32
378 42.1575 0.498827 97.324
379 3.41846 27.3643 60.9974
380 25.0587 53.4031 124.414
381 115.673 56.2891 118.024
382 85.2834 1.89872 24.857
383 3.39697 38.9893 67.3914
384 76.1058 51.0299 103.087
385 -0.676336 13.1085 27.0455
386 114.331 110.101 71.2186
387 2.14809 57.1662 91.9626
388 99.0334 2.29085 123.364
389 13.8766 39.2358 124.639
390 43.3739 21.9709 106.577
391 48.2101 114.701 101.128
392 112.701 71.3366 36.6122
393 53.9466 14.103 124.091
394 39.5329 5.13045 124.435
395 48.0937 23.4934 124.715
396 45.5181 26.4235 110.807
397 36.5916 0.553108 122.491
398 42.4335 0.486932 116.767
399 49.2426 24.7647 97.2986
400 62.8446 10.8581 124.238
401 45.2562 22.6703 121.103
402 37.8842 26.3989 0.483372
403 38.1027 35.216 0.0353651
404 23.671 40.7585 0.409355
405 55.4211 23.7037 14.7619
406 55.1946 41.2135 -0.22947
407 52.4325 38.5839 5.94449
408 22.2514 41.245 5.93835
409 38.1095 45.7767 12.0106
410 32.4187 26.8062 0.604172
411 48.9568 35.2512 -0.0710883
412 28.0966 41.3262 8.97499
413 39.6756 36.7755 16.4069
414 92.0206 3.46273 51.4817
415 2.49249 53.1126 83.4981
416 45.9455 71.1763 57.3538
417 41.0926 85.8951 27.1643
418 38.0054 43.1799 11.836
419 106.222 77.9889 -0.831623
420 33.9342 51.1267 13.3144
421 2.80036 110.836 36.9662
422 113.367 112.279 -0.600608
423 3.41567 66.5982 55.2658
424 115.247 76.1767 103.787
425 2.06388 97.3404 106.943
426 1.13709 74.496 105.285
427 33.4018 3.40579 72.3978
428 99.1633 0.538133 107.966
429 19.6305 0.583452 85.0117
430 65.7322 100.988 42.2494
431 104.875 114.549 79.6153
432 75.7778 3.63692 79.0198
433 6.58846 34.948 0.877894
434 69.5198 3.2249 48.842
435 35.0861 -0.052998 96.5509
436 -0.610826 38.0379 13.8399
437 32.3754 4.31624 0.794495
438 109.236 92.2424 -1.0805
439 77.9753 3.46544 66.2954
440 0.663697 49.7417 90.8758
441 3.22302 50.0695 67.6439
442 8.36627 44.9021 124.667
443 11.159 0.466853 94.2469
444 14.032 99.5385 124.082
445 83.6811 114.38 12.1281
446 16.0874 0.725729 105.82
447 38.3626 69.2175 55.3487
448 0.092818 7.71716 95.8808
449 15.0123 113.792 107.459
450 111.153 59.3171 35.7289
451 31.1042 70.1908 29.1444
452 55.3536 -0.573743 8.28009
453 84.1057 3.25116 45.97
454 111.346 27.581 72.0771
455 113.931 92.3211 3.2846
456 111.774 55.9658 86.8058
457 -0.841934 21.4787 17.9815
458 90.794 76.3244 123.163
459 63.5413 1.3379 96.1607
460 78.2287 3.03491 31.316
461 73.7749 87.6455 123.316
462 102.343 32.8387 123.358
463 78.8407 113.888 78.565
464 111.854 64.0436 83.203
465 72.7602 55.7474 99.0441
466 65.0848 33.4691 109.137
467 94.0233 112.758 51.5898
468 56.4308 2.91535 46.1518
469 45.963 34.9757 110.98
470 35.8322 47.8031 109.812
471 46.2799 20.672 116.803
472 46.675 31.2722 119.611
473 45.7063 33.7695 124.336
474 33.6797 24.2751 112.668
475 51.1073 27.3725 124.184
476 60.7038 44.8514 100.049
477 47.884 39.1389 109.648
478 49.5405 29.1493 119.485
479 37.9616 54.8665 105.249
480 38.1482 59.9854 13.8035
481 49.372 63.7653 -0.219315
482 52.0029 68.2491 12.805
483 49.5706 49.571 -0.203362
484 1.5158 78.3545 18.2859
485 115.947 2.45792 114.332
486 -0.821562 92.3763 7.62352
487 30.9218 59.2395 13.1512
488 54.9923 55.8688 11.3999
489 111.856 10.0106 -0.309909
490 1.26368 35.4315 0.900221
491 44.7535 7.7651 124.348
492 5.12786 110.826 45.3162
493 112.118 18.9539 -0.39746
494 0.727155 3.27997 102.931
495 89.3637 30.1659 22.9913
496 3.01001 0.461416 79.5074
497 2.02528 100.476 106.874
498 45.3525 58.1858 76.6184
499 3.45138 73.4291 84.4862
500 111.812 33.7257 70.4726
501 -0.8461 15.4189 2.80537
502 0.15485 10.3032 48.8127
503 6.69919 1.80006 66.0088
504 32.4287 114.193 14.9944
505 0.340664 13.6529 113.644
506 22.404 113.458 16.2304
507 113.467 112.293 11.6464
508 50.395 93.4373 123.774
509 26.7404 11.9108 0.431249
510 1.5689 25.3861 71.8063
511 111.266 84.4235 47.6473
512 3.44971 73.6533 93.6165
513 0.773123 2.07524 117.289
514 70.8973 115.155 121.701
515 110.957 7.49608 24.7823
516 0.526579 44.3958 102.325
517 75.3673 58.4938 94.5052
518 114.757 2.22159 122.708
519 37.6198 77.967 -0.0237073
520 91.0829 79.5491 50.6872
521 100.313 95.5431 -1.11817
522 40.6092 58.7291 68.1544
523 36.6103 48.9185 102.885
524 0.707207 47.4325 88.5263
525 -0.685035 55.3208 13.8266
526 28.0151 57.7409 111.221
527 31.8724 40.9735 -0.0412505
528 54.2221 0.48663 105.187
529 40.5662 49.0009 119.745
530 17.0098 58.0928 0.489225
531 30.9668 61.8935 124.39
532 25.1682 57.087 109.753
533 57.2039 70.4017 123.982
534 33.8054 67.7377 109.486
535 48.0366 64.0731 112.182
536 64.8463 54.0424 100.562
537 32.5056 80.8193 -0.188523
538 43.5375 84.0726 -0.295476
539 25.146 72.0961 7.26216
540 56.9875 70.9109 9.89137
541 52.2513 82.6362 17.7753
542 23.7668 80.8273 0.135181
543 32.2102 55.5077 0.00902435
544 112.788 110.557 122.464
545 94.3863 114.131 0.786386
546 113.724 79.2193 122.547
547 113.868 81.3595 24.078
548 5.69605 1.07374 62.8994
549 0.267276 15.9176 49.1296
550 114.081 78.3253 12.3642
551 3.71153 89.4859 75.5284
552 0.813386 30.799 81.991
553 93.616 33.5834 123.504
554 0.78451 10.5684 82.4701
555 10.603 0.288539 49.1103
556 115.175 10.622 107.731
557 93.8719 2.36724 123.51
558 113.874 50.0085 17.6164
559 105.042 62.3284 123.187
560 87.0903 111.245 53.7743
561 39.3382 22.8519 97.9578
562 7.98064 53.792 124.662
563 75.4972 111.649 51.4719
564 26.4775 61.7279 -0.151688
565 53.0837 3.1381 49.2009
566 105.225 2.53373 123.347
567 31.0229 114.891 116.106
568 3.5405 83.7327 60.3209
569 43.5587 55.0161 -0.0998836
570 113.932 24.5317 1.47626
571 24.709 0.212023 34.6171
572 0.639926 64.8255 122.694
573 111.355 10.9873 86.5871
574 76.0515 53.1816 103.152
575 96.999 112.89 67.1527
576 7.65068 110.597 34.4377
577 89.7184 3.4486 48.4337
578 0.594388 22.193 91.5114
579 113.456 51.9628 94.056
580 45.1625 0.319616 113.747
581 34.6861 80.2874 24.793
582 112.952 115.046 101.048
583 0.410841 72.8215 117.113
584 24.4912 83.6318 -0.278114
585 71.0986 54.8131 100.655
586 91.9939 2.95937 30.7321
587 2.95694 110.672 62.3853
588 68.0409 0.309074 19.2048
589 62.6964 69.9035 71.5141
590 60.7441 -0.789424 3.03597
591 28.0408 78.433 83.2447
592 83.2834 73.6338 123.587
593 41.6781 3.17072 49.1509
594 16.4685 3.15084 64.6531
595 45.0745 84.9579 112.025
596 52.2958 36.077 -0.114861
597 111.359 64.7066 41.4964
598 113.936 77.9186 6.28892
599 0.138566 79.0702 110.041
600 11.5688 63.8787 0.594043
601 43.8113 89.018 110.599
602 9.59458 14.9854 0.796256
603 48.6217 93.0657 117.508
604 2.0305 71.2975 28.5333
605 25.3973 111.115 59.9236
606 31.9445 112.133 -0.118718
607 101.248 114.865 100.395
608 27.7654 3.15484 61.8124
609 53.7848 83.1898 110.288
610 39.0653 79.1179 109.35
611 50.9645 74.2263 111.85
612 42.5052 87.1978 112.119
613 38.2412 73.4608 118.024
614 44.746 87.694 112.061
615 53.7137 79.7304 112.058
616 38.8645 96.7218 7.1425
617 43.7557 114.258 1.68475
618 54.9692 112.366 -0.401035
619 26.6594 95.269 8.89726
620 49.1354 114.406 1.71525
621 53.5393 101.204 13.9663
622 59.205 98.1622 11.5056
623 38.1218 108.329 13.795
624 40.9751 85.246 11.0432
625 37.0257 111.059 4.16007
626 49.5053 102.477 10.2513
627 114.191 70.2654 18.2381
628 111.26 106.671 59.4836
629 44.6595 111.434 69.21
630 53.5357 64.8085 124.085
631 42.2164 0.436972 91.3893
632 1.71364 20.7103 51.335
633 99.9302 -0.173597 1.43782
634 115.347 104.894 114.721
635 108.486 2.89767 22.0218
636 109.139 52.6542 -0.574941
637 3.37996 95.2724 81.6172
638 0.883622 27.5248 105.213
639 30.2039 110.971 22.4995
640 93.7176 115.015 112.317
641 3.24776 99.0556 124.227
642 113.146 80.0386 79.0797
643 110.132 5.34998 102.616
644 60.8303 111.291 47.6917
645 12.6232 29.7108 0.832765
646 113.832 109.395 47.1055
647 112.318 88.4106 45.3874
648 98.2677 114.167 71.371
649 92.0303 2.04866 103.741
650 112.404 95.3626 -1.06642
651 114.002 89.3024 6.38921
652 100.748 3.55774 51.6562
653 111.315 8.67571 65.8047
654 113.744 96.6914 122.558
655 111.083 52.4844 47.7816
656 11.0675 113.25 123.679
657 87.6496 111.613 65.1064
658 14.0007 104.593 124.257
659 0.0515701 63.3379 28.288
660 102.045 1.44377 25.9625
661 89.329 -0.200543 9.73737
662 48.0141 2.27288 124.178
663 74.8256 111.971 -0.741967
664 29.4046 64.0315 0.126973
665 9.55122 38.8411 0.601705
666 36.3292 114.984 118.533
667 68.1897 56.4797 18.6438
668 0.746325 50.5295 122.911
669 5.61123 19.634 124.655
670 114.073 95.5096 35.0147
671 35.6969 0.244554 36.8582
672 91.9031 98.7562 -1.13964
673 3.35979 80.476 52.2384
674 114.286 38.3627 11.8178
675 28.5997 111.523 22.0631
676 99.3828 16.7882 123.547
677 100.933 114.059 50.1339
678 85.1204 79.5333 123.111
679 113.722 106.696 20.5002
680 42.6598 90.6264 123.856
681 42.1184 97.6215 115.84
682 43.8399 107.689 118.288
683 36.5774 90.3846 123.889
684 50.7775 115.292 110.5
685 35.1589 104.14 110.436
686 33.3797 115.137 110.073
687 41.8953 115.149 121.722
688 36.8029 96.2777 123.747
689 57.5142 102.078 123.85
690 59.478 113.278 123.258
691 66.5701 4.3284 0.286344
692 69.2326 32.5279 -0.21697
693 79.1808 23.8935 1.09119
694 74.0797 18.4485 6.26325
695 66.412 15.0664 0.0981873
696 62.5798 14.0655 16.168
697 -0.582695 1.3883 5.73101
698 113.916 95.4494 21.125
699 62.3951 18.3292 13.2432
700 2.20887 37.4941 78.0526
701 115.58 47.9334 115.177
702 52.414 113.146 88.0521
703 0.803786 83.5709 0.467032
704 67.0672 3.08351 65.0473
705 61.1077 5.56781 13.4135
706 23.5171 -0.447645 2.91646
707 1.34143 -0.61653 40.9871
708 -1.38193 5.38788 2.99822
709 18.4572 0.26207 43.5026
710 112.525 40.0975 28.153
711 110.569 8.0198 123.283
712 113.781 109.626 23.4259
713 3.67951 111.955 77.809
714 2.75823 108.959 22.9903
715 111.33 16.9214 74.3784
716 -0.258442 1.11326 89.426
717 112.863 6.60023 84.6769
718 3.50113 64.3491 69.704
719 1.60299 31.0444 48.0545
720 -0.347425 1.43198 80.7489
721 -0.739463 24.2023 11.8526
722 75.0425 75.4199 -0.869361
723 11.6059 0.423992 88.1497
724 95.0254 3.67182 57.2664
725 82.366 0.542884 121.723
726 79.7416 73.8834 123.382
727 52.4378 9.5649 0.180635
728 114.46 111.595 94.5044
729 103.792 52.612 -0.724692
730 112.216 4.35361 -0.385572
731 112.24 18.4056 20.164
732 15.3172 29.141 0.3461
733 83.5532 9.58282 107.714
734 83.0021 10.5866 117.74
735 83.6028 9.22394 119.207
736 86.5414 21.6162 110.532
737 68.9986 20.5409 116.56
738 67.9453 0.281834 111.2
739 73.4526 24.7479 103.45
740 82.5326 16.7767 123.789
741 62.3558 19.2518 118.099
742 72.4674 13.6015 118.71
743 80.6849 29.2203 113.381
744 59.4123 0.449299 119.694
745 62.1684 16.1148 124.269
746 62.455 0.106955 110.928
747 59.68 16.3419 124.095
748 71.7928 26.7823 -0.296728
749 72.4037 41.0872 -0.297302
750 88.0415 52.6956 10.422
751 80.1226 27.1567 23.0212
752 72.3656 32.2924 -0.310518
753 63.7902 18.3291 -0.0109859
754 59.2465 38.1987 -0.935012
755 52.4849 46.6626 14.4816
756 14.9912 75.3684 0.278496
757 45.3407 55.4782 74.3619
758 59.8904 28.2984 13.2613
759 110.966 19.0766 24.4192
760 111.434 11.2206 80.2344
761 82.2551 114.795 97.8011
762 -0.772551 4.05286 11.9761
763 3.49412 52.9561 64.2007
764 109.071 80.7032 -0.905713
765 81.708 115.26 115.607
766 112.006 36.2302 94.8106
767 8.05239 0.543655 82.4015
768 3.1912 61.448 64.4659
769 111.926 114.448 68.3126
770 2.73288 0.763478 88.0567
771 114.047 69.6825 6.98623
772 3.54801 94.9836 60.3202
773 78.9328 114.491 88.8272
774 93.1724 114.563 95.5473
775 31.5366 1.67181 47.005
776 2.98285 90.3912 124.271
777 4.28383 109.308 53.4746
778 70.4814 62.7053 72.705
779 69.56 12.8752 -0.00927639
780 111.546 61.0453 53.3229
781 22.7365 11.0982 124.668
782 22.1703 49.8404 71.8218
783 2.84589 16.0395 125.055
784 89.1503 1.94008 104.036
785 37.7748 1.61069 86.8381
786 110.978 10.8139 21.9337
787 0.870565 36.2355 82.4804
788 50.8998 64.877 124.072
789 53.0517 27.6397 70.8383
790 8.61662 79.4128 19.2874
791 113.52 107.905 122.548
792 7.01857 0.609207 55.7427
793 11.1444 3.04608 124.803
794 23.6834 44.906 68.2731
795 14.6174 2.41156 124.724
796 39.0534 110.915 21.924
797 74.0712 113.394 38.8833
798 25.195 39.2338 68.1452
799 89.0163 2.99652 36.7465
800 78.0492 41.0882 110.523
801 107.883 0.826185 15.8224
802 26.7056 55.6521 0.0490754
803 23.7039 66.4854 34.7997
804 59.515 24.9866 124.039
805 71.1297 30.8776 123.848
806 62.0627 24.9846 115.208
807 83.622 27.93 113.849
808 66.8192 34.6896 110.756
809 82.0822 31.0116 114.813
810 89.8059 49.4913 -0.814012
811 69.8423 58.2147 -0.828008
812 52.252 61.0986 -0.276017
813 59.7097 56.8823 12.8299
814 64.87 62.4583 9.8399
815 72.0775 49.998 8.46447
816 65.3207 59.0496 15.7479
817 92.3469 72.7508 16.7079
818 63.6243 52.1344 -0.373049
819 82.5937 57.0207 12.6087
820 82.4117 45.5119 9.8003
821 71.2312 28.5163 33.715
822 61.0209 73.9246 74.7524
823 113.871 64.1643 9.43902
824 97.9432 38.6465 25.601
825 57.6333 -0.733303 14.0148
826 59.6821 71.3182 73.8055
827 56.7074 64.127 5.69679
828 103.336 66.5462 -0.897772
829 39.0939 110.993 45.6804
830 114.485 40.2838 101.208
831 89.8925 114.537 75.2373
832 10.7327 0.248322 43.5606
833 114.03 72.5386 27.0016
834 3.77427 109.064 95.4513
835 61.5067 3.46721 72.8962
836 16.6082 110.803 42.7553
837 111.375 92.6901 65.1387
838 3.61253 98.087 57.6056
839 114.211 58.4174 11.9157
840 61.0407 -0.536015 13.1054
841 35.2546 12.2067 0.492995
842 32.7766 -0.0185264 21.2826
843 54.1542 25.3533 124.156
844 92.2843 3.63179 69.3564
845 26.7727 38.6019 0.510725
846 89.3106 98.1486 -1.0036
847 111.296 53.2521 68.1301
848 58.5441 109.831 -0.907139
849 115.387 60.9398 100.631
850 6.62308 110.336 -0.339325
851 40.8051 23.7719 0.331388
852 73.1086 53.8023 99.7784
853 71.5131 49.5331 101.449
854 0.723983 10.4018 111.674
855 85.8273 -0.192848 1.77724
856 68.549 51.7593 100.966
857 92.1055 13.0824 -0.395519
858 111.531 11.3536 77.5647
859 58.8919 111.443 44.9141
860 75.5987 60.4341 73.0605
861 3.50742 90.2656 101.851
862 69.4838 66.0685 110.505
863 114.049 114.371 14.4718
864 115.154 93.1707 101.242
865 85.2107 43.1654 114.598
866 112.046 44.3607 31.7404
867 75.134 72.6354 116.15
868 86.5353 44.9457 113.47
869 85.1309 46.4463 111.894
870 81.1449 47.9215 124.286
871 71.4057 67.7892 123.772
872 79.609 55.7683 123.629
873 93.2466 67.5328 105.722
874 73.7371 63.4761 115.138
875 87.9165 59.5712 123.474
876 89.3251 70.3381 7.95868
877 58.4884 72.3439 8.47609
878 86.3399 89.4773 8.09963
879 65.0119 80.8623 4.36735
880 63.9205 92.4717 -0.651745
881 60.5457 72.838 -0.345012
882 66.9194 71.1603 18.0251
883 63.6152 83.3552 5.28337
884 69.5438 63.5835 -0.64389
885 64.1024 86.8773 5.4713
886 110.961 6.04783 74.8148
887 73.731 81.9526 9.63112
888 114.002 30.2553 15.3124
889 90.992 32.0196 36.5809
890 36.2915 3.46933 61.5014
891 57.9945 87.0871 14.2467
892 3.23078 72.7428 40.2391
893 45.3481 0.423229 122.243
894 63.7017 89.7854 -0.712321
895 111.848 110.775 62.1836
896 0.482286 61.4691 114.487
897 14.5355 1.65941 53.5072
898 2.68489 30.1992 51.0328
899 95.4897 114.184 77.089
900 3.55997 78.1393 66.7085
901 11.2788 111.553 95.4397
902 115.142 110.439 111.829
903 115.192 98.9918 111.799
904 94.1778 1.12096 17.402
905 1.02049 80.6962 107.866
906 0.079485 16.4577 34.782
907 5.56985 22.0647 124.639
908 1.44656 0.639121 21.895
909 39.5092 0.511748 93.6228
910 113.515 112.732 20.0365
911 25.278 76.7838 124.297
912 109.366 114.156 74.0178
913 22.1451 110.996 60.5848
914 3.35799 55.8189 79.1602
915 67.4722 41.6155 32.1458
916 110.961 11.6111 123.318
917 7.39958 110.969 25.1098
918 60.5581 84.0287 -0.562363
919 3.29044 111.58 84.5166
920 16.1437 0.115417 45.9483
921 6.8657 110.981 98.6366
922 3.09163 44.5651 44.1494
923 56.0656 69.1133 110.571
924 72.3164 -1.08003 9.38793
925 27.1527 -0.15133 26.1687
926 111.364 32.9539 47.9194
927 16.8227 111.268 95.1624
928 84.3409 3.64209 78.6765
929 85.5984 84.8983 123.259
930 59.4672 84.8004 123.611
931 80.1254 70.8456 123.597
932 84.5677 86.0669 112.87
933 77.8915 84.8626 112.737
934 68.4646 70.6658 123.87
935 70.8133 78.9469 123.635
936 68.3672 70.6715 114.791
937 68.4454 90.8548 123.633
938 79.4458 99.2108 9.58628
939 58.314 108.186 9.64244
940 56.7629 93.7239 6.85498
941 69.3498 92.1461 -0.697542
942 72.0103 78.7016 -0.646004
943 69.688 114.354 18.2891
944 115.646 56.6093 112.009
945 111.374 45.0994 71.3809
946 108.157 90.7804 122.619
947 1.77146 109.696 41.7437
948 22.1269 114.251 99.2747
949 116.143 114.318 101.895
950 111.145 11.0939 71.6891
951 65.051 0.484048 122.709
952 -0.0430221 47.4173 28.843
953 9.47724 58.6901 0.588434
954 27.6542 111.362 81.0693
955 39.1504 111.269 60.411
956 21.0566 100.605 -0.101614
957 110.312 2.49609 58.9282
958 76.7656 112.1 41.7326
959 110.961 33.3608 36.3113
960 20.8519 109.877 0.140806
961 22.2163 33.4737 124.456
962 28.3295 114.734 121.985
963 15.7736 18.3512 0.784552
964 18.0828 46.1381 0.17995
965 1.21153 79.8247 24.2494
966 61.0385 111.189 51.321
967 112.42 36.8488 28.6066
968 6.9266 98.2212 0.463693
969 100.703 1.67244 -0.0619668
970 97.9892 38.4518 23.1419
971 50.398 3.18277 54.6364
972 56.2864 0.320111 122.058
973 111.523 3.53702 35.1582
974 106.407 114.223 11.6
975 19.6165 111.51 96.0182
976 70.4781 3.45628 84.1367
977 107.252 0.683528 118.851
978 19.2916 110.596 54.3958
979 109.203 32.903 -0.65448
980 114.465 95.9635 83.0603
981 98.0656 83.9061 -1.10482
982 114.891 101.921 106.558
983 -0.0960029 113.064 120.652
984 102.415 115.212 115.295
985 111.89 67.2672 78.0872
986 115.393 85.446 120.882
987 33.8978 76.4874 26.7573
988 112.77 94.0199 75.4358
989 83.9357 -0.357372 7.51671
990 42.383 25.4031 124.305
991 114.102 24.1949 15.2807
992 2.21194 14.1496 66.2053
993 17.3327 98.8449 124.073
994 110.909 10.8579 60.2839
995 83.7722 2.69179 21.8309
996 72.3706 94.8559 110.048
997 -0.790415 84.1422 13.8071
998 67.485 101.984 123.098
999 62.1552 115.27 118.317
1000 76.5007 107.675 122.989
1001 65.1388 94.2371 123.552
1002 90.818 90.8065 123.041
1003 57.9819 90.4272 119.795
1004 85.0936 115.11 112.436
1005 50.8314 115.236 115.564
1006 95.8259 104.917 113.884
1007 72.3612 105.935 118.454
1008 113.922 12.5575 0.886952
1009 105.645 19.852 4.18602
1010 87.8859 19.3003 7.16915
1011 106.641 -0.373911 10.2155
1012 89.1617 3.32026 -0.549942
1013 96.7306 17.2652 10.065
1014 93.7435 20.2682 9.99131
1015 98.9488 70.6209 123.019
1016 0.459831 113.161 108.597
1017 83.831 3.1793 40.1482
1018 92.2057 11.5211 9.7083
1019 81.1779 114.219 41.0571
1020 97.5829 3.70877 45.7787
1021 71.1273 12.6742 20.9141
1022 112.209 113.322 42.5432
1023 3.25617 44.7187 79.7417
1024 113.661 67.93 122.497
1025 38.5076 3.25507 51.9619
1026 18.2089 6.76885 0.864252
1027 112.56 97.2905 49.0354
1028 3.55949 78.3737 69.3495
1029 70.9577 28.729 36.4423
1030 22.952 1.55981 50.9536
1031 106.608 113.977 27.2598
1032 86.7726 3.48961 81.3136
1033 5.59415 59.1324 124.489
1034 114.53 114.061 73.8192
1035 112.592 32.8172 -0.351095
1036 49.4733 1.72921 0.423742
1037 29.7108 14.9712 0.793669
1038 92.7811 3.5083 60.7147
1039 111.031 50.3105 44.5806
1040 114.365 107.149 82.5391
1041 102.627 58.9043 123.4
1042 115.526 48.0075 106.37
1043 2.35364 0.817721 56.1025
1044 114.216 112.224 71.0467
1045 46.7416 49.6476 -0.0920448
1046 114.634 68.2365 94.9296
1047 113.597 86.9904 23.5095
1048 3.79304 106.289 69.2017
1049 1.92156 66.0487 94.5786
1050 114.463 98.4749 80.2179
1051 81.2932 112.287 69.771
1052 91.3919 112.353 -1.03255
1053 113.498 101.203 75.4224
1054 115.721 35.5147 115.522
1055 95.0764 -0.445059 13.2808
1056 103.889 3.78202 68.5198
1057 106.695 15.718 -0.472525
1058 86.5313 18.596 -0.217861
1059 60.6939 103.922 -0.451733
1060 33.7391 0.302331 99.4159
1061 2.50329 0.205423 46.6413
1062 44.9835 58.3078 74.1429
1063 98.0167 2.43907 104.485
1064 114.635 112.292 39.8529
1065 78.0275 3.41178 45.6497
1066 100.648 5.07559 112.4
1067 115.305 13.855 112.836
1068 113.706 5.23523 123.146
1069 100.179 16.2181 97.6394
1070 91.9829 35.5382 -0.729972
1071 89.3228 43.2394 -0.694749
1072 92.3426 18.8005 2.76695
1073 99.6769 45.9405 15.5514
1074 100.75 42.6467 2.63026
1075 99.3826 44.4514 3.8003
1076 103.76 32.5826 11.1432
1077 86.5366 31.7873 11.3843
1078 102.597 38.3874 11.025
1079 75.2353 56.9705 45.235
1080 115.31 24.5174 110.0
1081 99.9004 3.63828 60.4636
1082 47.9905 81.8443 123.706
1083 90.6138 0.46812 116.155
1084 114.06 35.4014 14.9875
1085 101.166 114.315 71.3765
1086 109.12 49.511 -0.888871
1087 57.8446 114.448 12.094
1088 114.857 9.07821 107.161
1089 84.9805 19.1903 123.783
1090 110.97 10.9335 54.0397
1091 49.7178 33.1193 79.203
1092 -0.591745 2.86088 86.6612
1093 26.0823 1.38153 47.7647
1094 50.2998 44.0568 -0.620076
1095 104.981 0.552893 113.522
1096 59.7629 113.42 33.1753
1097 0.886559 13.7482 103.254
1098 68.4919 48.6151 100.732
1099 111.636 31.7281 80.6022
1100 101.048 55.5053 -1.0263
1101 38.3617 2.0443 44.842
1102 69.678 83.7522 -0.672652
1103 46.6502 0.139026 28.3561
1104 43.9084 55.6156 75.8181
1105 16.3314 111.765 103.983
1106 82.0252 90.2201 123.295
1107 3.67071 73.7801 90.5001
1108 114.076 80.7946 14.8611
1109 82.1198 107.626 122.848
1110 111.22 61.455 45.2448
1111 113.988 58.2118 3.38288
1112 109.433 3.93547 88.9985
1113 92.1645 26.8072 -0.329638
1114 65.4546 107.751 123.066
1115 10.3341 -0.132183 32.1294
1116 33.9853 111.054 69.1993
1117 111.287 41.3481 36.7485
1118 76.3609 45.8937 36.23
1119 49.692 61.0883 84.5714
1120 3.55407 48.3525 79.0029
1121 73.9209 6.91417 124.506
1122 2.82521 47.1189 39.9212
1123 36.4242 115.167 110.054
1124 73.0301 114.967 107.161
1125 0.969812 94.0822 21.0395
1126 3.95487 -0.221048 8.849
1127 92.0273 31.8176 110.224
1128 35.8307 15.5086 0.310511
1129 102.39 44.6399 114.304
1130 111.222 25.0163 123.104
1131 113.853 39.4092 122.939
1132 107.918 46.2413 103.558
1133 115.272 42.519 112.914
1134 105.122 44.9908 123.312
1135 105.044 35.004 108.761
1136 84.9744 59.4003 123.576
1137 92.1754 55.1124 8.27657
1138 106.626 54.1016 12.5853
1139 91.9436 52.6339 -0.548536
1140 102.952 57.0445 15.3357
1141 113.526 63.0758 90.817
1142 3.44916 109.758 24.2569
1143 91.406 68.0686 123.418
1144 90.6677 53.9057 12.6648
1145 76.5916 55.6166 45.1374
1146 19.1526 -0.266186 26.0377
1147 1.45866 88.1951 23.7228
1148 102.366 58.2663 8.35971
1149 85.0769 101.825 122.981
1150 79.8924 8.08058 124.12
1151 65.4089 64.0516 124.226
1152 0.210914 21.474 45.9561
1153 114.689 90.2401 94.4204
1154 78.2397 114.09 26.917
1155 114.878 78.9556 97.7769
1156 0.623521 36.2 116.927
1157 39.546 111.432 84.029
1158 5.07806 0.200454 46.9576
1159 27.8314 110.9 39.5092
1160 66.8417 111.325 62.5988
1161 28.3001 0.456022 122.963
1162 114.557 57.8824 94.8846
1163 37.6854 0.581336 0.762843
1164 102.393 7.92202 123.382
1165 63.3145 112.93 84.4113
1166 31.9159 58.0977 0.0838732
1167 3.641 92.8145 89.858
1168 52.2503 49.4826 54.0044
1169 113.904 81.3047 20.6807
1170 112.952 2.93955 16.1471
1171 111.06 39.3313 33.3283
1172 65.2973 115.09 121.103
1173 108.274 3.21961 91.9939
1174 81.0598 -0.515829 1.74447
1175 69.0435 95.3945 -0.579849
1176 2.10583 31.8597 75.1401
1177 49.1466 1.99599 89.338
1178 5.05244 112.14 61.0998
1179 114.88 33.361 104.281
1180 5.88245 76.3338 124.582
1181 49.7366 58.6968 74.009
1182 51.0673 61.2563 83.103
1183 113.768 48.0076 122.865
1184 60.9716 69.9753 72.0349
1185 3.76988 104.117 75.3476
1186 111.221 22.1787 77.601
1187 75.6233 114.317 18.1464
1188 95.0614 2.77267 34.8889
1189 3.58994 21.9453 61.6237
1190 113.974 44.1027 14.8447
1191 8.57956 112.52 17.3232
1192 49.4302 40.7433 -0.137175
1193 111.054 13.7371 50.8887
1194 52.3039 79.558 49.5071
1195 47.3821 3.59943 72.3978
1196 84.0647 114.632 91.9145
1197 52.1416 61.6249 84.5574
1198 99.4319 63.2691 103.92
1199 43.2037 68.5418 57.4679
1200 99.2226 60.5068 105.831
1201 84.5135 56.4045 117.538
1202 87.5235 59.113 117.388
1203 108.073 56.6015 123.015
1204 98.3669 68.899 112.851
1205 93.7414 57.0136 123.388
1206 108.077 64.818 122.881
1207 81.3526 83.7434 -0.85866
1208 89.1913 80.5875 -0.878521
1209 100.878 90.0087 7.99445
1210 113.766 75.3944 3.50112
1211 86.7139 88.4192 25.4444
1212 106.564 82.4395 10.5747
1213 86.5063 80.4847 -0.974706
1214 78.0147 69.8165 19.8409
1215 86.3979 76.8434 10.567
1216 113.819 87.0232 0.651306
1217 110.744 13.5578 60.1517
1218 3.57484 64.5796 81.487
1219 47.9981 90.1379 29.7619
1220 111.059 27.6095 41.5857
1221 73.3205 93.5869 123.515
1222 114.173 103.657 9.30686
1223 110.087 114.859 120.957
1224 77.3679 86.7501 11.0965
1225 -0.896778 69.4977 5.27373
1226 70.1744 3.37457 60.6941
1227 50.6594 111.389 71.9027
1228 53.4167 50.5656 124.125
1229 5.74808 112.767 123.945
1230 2.00532 46.4189 83.8509
1231 -0.674591 24.1194 5.65206
1232 114.117 75.6333 24.3605
1233 112.631 77.083 39.6776
1234 51.9547 114.242 1.26417
1235 105.077 3.02282 51.6093
1236 3.57635 84.2885 87.9158
1237 3.57835 50.4113 61.4473
1238 79.4075 38.9508 123.713
1239 9.35143 67.3928 0.163371
1240 115.457 31.1678 115.659
1241 77.1299 78.0763 -0.960107
1242 50.8123 114.812 98.913
1243 108.065 1.94602 38.2062
1244 70.6431 47.6029 103.103
1245 112.31 45.833 25.9573
1246 7.46423 0.155837 35.0095
1247 10.0948 0.919478 76.4642
1248 98.0523 114.108 29.8877
1249 87.6829 65.9562 83.3634
1250 64.3382 115.215 106.998
1251 18.283 63.9111 0.505392
1252 2.89626 53.5831 37.6828
1253 103.807 114.455 6.24413
1254 3.13504 89.8542 34.124
1255 111.217 55.848 68.3699
1256 111.531 84.2422 65.0571
1257 26.0955 107.621 124.179
1258 108.893 113.979 47.2222
1259 105.0 21.6373 123.604
1260 2.00524 88.7189 104.3
1261 -1.00015 75.3333 7.51112
1262 3.45635 84.1097 66.1028
1263 86.5094 75.2248 110.087
1264 114.317 112.075 82.7055
1265 93.2412 115.155 120.897
1266 107.819 76.3231 111.074
1267 88.1749 73.7293 123.131
1268 115.348 73.8378 109.702
1269 93.784 69.1477 123.926
1270 115.362 87.6816 112.386
1271 107.901 79.4294 111.047
1272 96.3568 85.1182 116.863
1273 93.3213 85.1855 116.969
1274 109.277 81.6318 118.292
1275 93.5493 60.6118 109.997
1276 115.34 82.2 115.46
1277 96.5248 88.0095 123.086
1278 82.4046 80.565 114.994
1279 105.27 90.5075 113.814
1280 105.132 76.2324 119.761
1281 110.848 92.3557 6.47818
1282 95.0865 114.164 12.2103
1283 112.088 114.151 6.30783
1284 113.966 97.6246 14.7856
1285 99.3837 109.576 12.9807
1286 95.6639 114.42 68.9208
1287 -0.792987 86.6502 16.1342
1288 81.5981 114.736 85.7086
1289 39.2785 3.34061 76.0097
1290 96.7638 72.4529 -1.22764
1291 112.61 97.1164 70.1354
1292 76.3414 53.7457 123.811
1293 57.7608 54.002 51.9212
1294 42.0535 110.836 51.6658
1295 1.51751 -0.546057 3.56799
1296 74.9443 21.1992 -0.211912
1297 111.21 22.1069 56.7773
1298 78.2049 61.075 -0.47466
1299 44.1888 72.9818 55.7292
1300 112.503 51.3977 30.9393
1301 115.407 87.8843 117.588
1302 111.329 39.8579 59.6621
1303 33.6953 0.22724 113.771
1304 55.5128 106.759 -0.519588
1305 109.164 114.784 66.6861
1306 57.499 61.338 -0.568001
1307 91.9207 114.1 33.1325
1308 113.575 111.623 49.8933
1309 115.05 110.466 114.872
1310 98.8112 114.616 86.0298
1311 114.91 73.0119 92.3597
1312 68.2311 1.39763 23.8115
1313 2.46263 58.8953 88.9784
1314 113.417 33.3177 122.79
1315 0.158277 24.9801 83.6606
1316 111.402 89.8089 61.8245
1317 111.481 18.814 86.3994
1318 113.502 1.05693 7.46684
1319 62.9289 72.6727 71.9061
1320 -0.568375 4.4698 8.63558
1321 107.992 2.61719 123.228
1322 80.3516 32.6501 -0.39819
1323 89.3186 114.385 17.3275
1324 115.287 90.7729 109.371
1325 0.525137 98.9709 113.793
1326 39.3527 115.1 110.425
1327 111.48 45.2587 89.1224
1328 25.1811 111.719 100.855
1329 68.0293 113.4 122.886
1330 64.2036 114.071 30.4087
1331 53.8349 102.484 123.707
1332 99.408 33.6433 123.253
1333 96.3041 110.306 110.795
1334 103.564 96.2159 113.667
1335 87.7022 106.964 110.986
1336 114.306 104.71 122.424
1337 115.223 101.46 117.694
1338 115.15 101.783 114.655
1339 105.473 110.286 122.826
1340 115.047 109.946 103.232
1341 85.2207 94.6701 104.275
