0 6.55144 15.7138 0.902909
1 6.95942 9.60785 7.2163
2 16.4055 28.2791 13.8277
3 26.5164 -0.604316 14.1837
4 26.8257 4.23149 0.973223
5 9.6344 4.62769 4.37039
6 4.14879 9.76311 4.36166
7 12.5378 2.63851 11.6214
8 23.9503 15.6069 0.842466
9 1.09493 15.2934 1.31626
10 39.1262 3.3173 78.6795
11 39.1292 0.526938 91.573
12 68.282 7.97955 124.414
13 3.17088 75.3054 31.7165
14 113.177 9.14256 99.7033
15 111.355 8.47468 71.8736
16 55.2044 114.222 24.0642
17 114.008 15.7955 9.73447
18 33.3684 2.16664 47.9362
19 76.6083 113.34 123.281
20 -0.457882 21.04 2.57425
21 115.018 8.12049 121.494
22 113.74 95.6269 24.9724
23 111.498 25.2864 92.0738
24 42.0593 113.804 21.6637
25 113.5 82.015 122.847
26 59.8045 53.5684 124.136
27 0.358748 16.0375 49.4765
28 15.3537 109.389 0.182091
29 111.322 98.5936 53.8795
30 105.729 43.9436 -0.654642
31 53.0017 111.585 74.3562
32 62.3838 65.5255 18.5517
33 30.9959 31.5404 124.948
34 111.392 78.6507 59.264
35 88.5434 30.8668 123.845
36 40.7847 -0.387134 16.6724
37 0.112391 30.772 115.974
38 27.0043 3.37005 58.4416
39 92.1155 41.2995 -0.403069
40 90.8906 110.862 123.046
41 29.6618 98.0911 -0.271602
42 111.668 3.85332 62.1523
43 6.48025 -0.252156 2.85665
44 39.3411 21.8853 124.616
45 9.88959 2.00245 72.4359
46 1.98318 11.4126 60.0905
47 44.8784 0.721889 93.5239
48 34.4649 0.480008 108.546
49 40.8203 59.8063 67.1537
50 49.4261 24.1227 0.414459
51 22.6189 23.4102 115.072
52 53.7013 0.44665 105.82
53 2.84394 95.8473 37.295
54 72.8514 3.5491 69.2619
55 69.164 47.3872 -0.503714
56 76.4304 3.57791 87.234
57 3.42122 2.54624 125.138
58 0.519394 19.2794 76.577
59 9.54785 13.6593 113.685
60 3.94179 13.5443 114.637
61 11.2191 0.296142 111.838
62 28.0562 10.7122 124.846
63 25.6346 10.6805 124.772
64 3.07163 0.654993 120.283
65 16.8355 4.86024 121.698
66 16.5903 33.2933 8.07747
67 20.9733 41.333 9.36924
68 19.6136 39.6983 7.93575
69 -0.731896 44.0935 13.6844
70 16.9178 25.1881 11.1321
71 0.475576 55.5724 0.769266
72 21.003 29.5742 0.833959
73 1.04661 18.1462 1.24598
74 113.191 2.78029 16.0442
75 2.23166 74.8064 101.278
76 2.70341 75.3321 45.2154
77 110.7 22.4036 45.4341
78 65.2183 8.1663 124.449
79 70.8954 88.1189 123.717
80 43.5845 35.9819 73.1585
81 69.6805 28.8161 35.135
82 92.1124 114.696 12.6773
83 0.705196 50.2349 91.8301
84 27.8984 2.26723 74.6373
85 32.513 111.376 19.5601
86 0.652436 16.4619 114.773
87 10.8448 114.668 108.442
88 2.74545 104.003 34.362
89 -0.279698 0.249624 17.6368
90 26.9901 1.92173 83.5226
91 111.134 13.7884 51.8401
92 27.948 58.9757 124.774
93 15.5489 12.0537 0.477721
94 61.3094 64.2192 -0.622465
95 100.732 114.203 6.60951
96 113.831 101.275 30.1406
97 0.706984 27.1798 1.04456
98 100.132 53.6645 123.464
99 61.0282 -0.592151 19.0989
100 74.3769 82.0912 123.591
101 6.47847 114.051 10.846
102 1.27927 74.9004 105.349
103 3.50915 73.043 91.0235
104 1.405 107.43 -0.476371
105 112.537 88.6788 43.2683
106 111.463 100.914 56.7896
107 1.35246 84.9405 24.2175
108 92.8896 3.85994 86.897
109 77.3912 59.199 89.4604
110 111.344 18.7826 25.939
111 13.9949 30.5948 124.868
112 115.386 90.9954 112.202
113 110.947 7.16351 54.4215
114 95.1109 -0.188199 1.82473
115 46.3513 95.9598 -0.540835
116 47.1896 110.866 33.6602
117 43.1763 66.9068 -0.539327
118 21.8819 0.565516 85.4486
119 41.9988 96.2284 124.18
120 112.23 58.3786 -0.650144
121 3.68894 98.4021 96.0114
122 15.9726 87.2427 97.7914
123 5.22105 0.478121 90.9439
124 56.7678 104.536 123.422
125 35.7807 32.1741 114.3
126 26.5428 43.47 117.083
127 22.0387 44.7375 118.758
128 0.647067 22.2219 106.437
129 19.5347 51.0571 112.964
130 5.22136 36.7103 124.929
131 13.8701 45.0447 124.832
132 23.7112 24.9337 113.39
133 27.912 22.0356 112.957
134 26.8373 68.3813 18.8508
135 3.5719 61.0126 0.728575
136 22.4863 68.6411 13.3364
137 22.5279 65.4097 13.4398
138 -0.864783 49.5338 19.8355
139 -1.00649 67.0349 11.0867
140 18.2175 47.0132 9.34227
141 75.1988 3.12687 37.3182
142 33.8803 39.5794 124.814
143 110.726 16.9629 54.4176
144 58.0804 -0.817601 5.90261
145 94.8535 3.64538 63.0789
146 25.351 65.2482 13.4137
147 0.859119 41.984 122.794
148 0.59718 70.4786 120.052
149 52.5399 111.19 33.112
150 90.4932 71.1386 123.5
151 8.32152 110.787 63.11
152 23.803 -0.297069 11.1014
153 30.4791 111.56 93.0668
154 29.4973 -0.530132 8.14394
155 3.71523 78.6335 72.7471
156 -0.230657 21.1557 0.617494
157 70.7065 113.361 123.17
158 0.670419 62.0018 103.038
159 90.9367 19.9839 123.78
160 74.6024 81.2278 -0.738122
161 36.5392 111.361 86.4447
162 47.5598 115.169 116.107
163 21.8773 111.794 101.858
164 111.364 36.3013 83.5645
165 0.456395 110.496 111.195
166 2.68355 92.9523 103.449
167 -0.121775 41.3463 25.6744
168 70.6236 56.1628 124.097
169 1.58736 79.8033 26.6483
170 0.0438776 15.9165 43.0802
171 102.657 1.3407 -0.831072
172 6.92757 113.752 2.08596
173 8.48142 0.659758 122.815
174 3.13325 106.346 25.8987
175 113.866 113.047 95.971
176 53.6603 0.639389 122.92
177 6.14948 83.6774 0.179079
178 58.4978 114.056 24.5788
179 -0.730573 67.027 2.85254
180 -0.132053 15.6203 20.8271
181 46.1927 71.0875 57.4271
182 23.8391 44.8912 68.8138
183 28.6117 77.1869 84.7223
184 9.51024 60.0005 114.523
185 67.7576 33.657 124.299
186 0.380733 56.2578 117.146
187 11.1985 33.9091 124.993
188 95.1308 111.243 56.1559
189 19.4795 58.3628 113.068
190 17.9749 46.8478 108.563
191 0.575244 73.8919 120.085
192 13.8783 59.1243 124.588
193 19.8037 62.0337 124.734
194 9.62794 38.7579 117.503
195 8.50312 64.9437 124.7
196 18.9379 59.1384 121.419
197 20.6239 58.7683 108.432
198 31.0635 78.8316 124.263
199 9.56813 65.1836 9.75203
200 15.3981 100.421 3.30093
201 15.8912 83.8619 6.32005
202 21.0612 78.2904 6.28622
203 17.8733 75.2464 0.180427
204 17.5248 89.5154 0.0252695
205 -0.957348 75.2761 4.83695
206 16.7501 75.3162 15.1766
207 11.5001 75.0972 0.123683
208 21.9842 71.3377 7.54635
209 112.231 72.2348 -0.950396
210 106.288 98.3381 -1.18212
211 85.1356 0.469097 121.918
212 41.0839 114.239 18.1217
213 29.6211 66.3658 11.9663
214 36.6714 115.373 113.742
215 35.2875 38.799 0.00750624
216 16.7703 92.0981 13.5329
217 114.046 15.6279 15.2917
218 115.382 21.9307 107.719
219 33.1046 110.706 33.9902
220 0.810171 47.5823 94.2033
221 3.40864 83.7622 58.4243
222 112.6 5.66629 81.8118
223 81.1098 114.337 39.1407
224 106.712 114.373 82.7382
225 66.9747 99.8403 41.9139
226 9.31344 78.399 0.435617
227 0.619306 22.0487 82.4603
228 113.034 94.1275 73.3998
229 0.523154 25.3013 79.7748
230 7.36299 32.3905 0.673076
231 20.6981 6.73274 0.988298
232 112.523 54.6346 31.4412
233 80.5321 35.6173 -0.344815
234 73.5396 104.977 123.584
235 100.708 94.9516 -1.12023
236 81.316 114.353 81.1151
237 41.1609 110.991 48.3702
238 2.79854 110.414 85.6303
239 1.01647 5.3093 117.726
240 110.948 11.6258 54.3659
241 20.9058 72.2869 -0.0371719
242 113.52 31.6235 15.8414
243 74.4885 0.978427 20.8069
244 111.708 10.9039 92.0933
245 114.475 14.9298 107.359
246 8.07633 0.827811 93.7811
247 23.7868 68.7594 30.9237
248 112.512 85.5745 39.7595
249 13.6273 -0.0225716 38.0711
250 51.6895 113.252 88.7598
251 49.4586 -0.404469 120.245
252 53.978 30.2002 124.647
253 113.12 112.459 43.1307
254 78.0625 57.6236 -0.962616
255 0.763054 41.4917 99.8344
256 88.9775 109.484 -1.06881
257 109.484 4.32557 -0.111676
258 5.81747 1.51322 69.0981
259 4.01204 1.90415 69.0057
260 -0.0194547 44.237 36.9102
261 115.398 33.648 121.339
262 93.834 38.3297 124.166
263 111.878 56.4054 77.4236
264 111.16 33.6419 123.157
265 100.418 114.499 86.1065
266 16.6711 71.9614 115.136
267 3.60685 89.2051 72.6624
268 45.2116 5.10382 124.414
269 115.065 113.026 115.33
270 16.7524 89.255 112.553
271 16.4541 87.6363 115.234
272 36.7594 79.8016 124.254
273 3.60141 70.1641 114.338
274 0.8929 87.6408 120.089
275 32.191 81.7655 105.688
276 32.2773 82.4508 114.035
277 25.2138 89.6571 112.367
278 29.2185 109.524 -0.0901739
279 21.9518 79.682 16.2705
280 27.8779 99.1244 7.36699
281 19.7315 106.684 8.94771
282 15.1832 113.994 7.49839
283 6.36315 100.802 0.280863
284 -0.994039 86.4329 8.57171
285 2.79327 8.18297 124.924
286 28.1961 111.205 78.2561
287 8.66647 41.6402 124.862
288 74.9598 111.231 47.9117
289 106.702 114.254 74.4596
290 5.5265 0.50864 120.175
291 75.605 114.498 83.7879
292 0.575389 89.7623 122.512
293 1.77132 2.02365 98.6349
294 16.8421 89.5894 13.8791
295 97.3794 45.0309 123.427
296 2.98198 47.4464 80.6318
297 19.4976 114.94 108.457
298 84.7448 113.535 123.033
299 32.3181 112.405 0.0180721
300 12.0368 6.87256 1.00027
301 17.9128 97.3462 -0.279316
302 0.748409 30.9687 99.9803
303 0.485944 47.6989 111.523
304 111.956 4.06418 64.82
305 24.9735 111.331 78.6151
306 2.13599 108.312 36.6546
307 0.815964 13.6895 71.5563
308 114.572 41.1284 13.1113
309 113.795 109.509 6.04985
310 63.7851 -0.471947 13.7011
311 28.2306 113.083 124.121
312 2.8947 97.7201 31.5283
313 114.798 113.708 37.0739
314 2.87858 31.9001 73.1356
315 11.1467 5.22825 124.897
316 113.864 77.9408 6.38021
317 0.248477 2.6314 47.1019
318 111.695 83.9941 58.455
319 87.8854 99.2278 123.068
320 -0.141632 1.13014 77.6233
321 110.861 79.3946 122.948
322 0.723308 48.0517 108.587
323 3.48669 80.5618 55.1456
324 111.055 11.0029 22.0723
325 13.941 112.85 123.993
326 3.79743 114.489 107.982
327 0.758784 42.8029 105.837
328 101.979 96.0057 123.014
329 49.4258 59.6575 75.5022
330 115.706 114.305 101.805
331 24.9367 0.379678 90.7483
332 0.514017 14.0131 112.097
333 111.465 13.3068 83.7343
334 105.049 114.935 111.925
335 6.65576 66.7347 0.620878
336 3.68868 78.7469 93.3271
337 35.5344 -0.5634 13.6472
338 22.2976 114.985 99.4765
339 28.0269 105.031 123.945
340 0.695484 101.968 116.599
341 8.28284 101.523 120.894
342 3.71343 107.34 113.794
343 36.9113 28.983 13.4812
344 26.638 -0.658087 19.4048
345 49.3083 -0.679205 16.6453
346 43.9154 15.3706 0.213285
347 57.8558 -0.530193 19.1393
348 40.2575 15.606 17.9997
349 31.9267 12.4741 0.70305
350 40.18 15.5497 21.0553
351 45.3041 23.0437 16.3222
352 3.45586 21.749 64.5378
353 115.185 2.29273 110.453
354 94.6093 55.4373 -0.969789
355 3.12738 69.6779 31.8682
356 74.9378 114.292 0.204538
357 92.5901 114.124 35.7056
358 88.6591 3.29438 45.8229
359 64.4199 3.41958 49.1214
360 -0.539785 9.78799 8.76415
361 111.486 79.6064 65.473
362 103.584 72.096 -0.840144
363 33.7317 87.2268 124.307
364 0.321144 4.98389 52.6116
365 23.7422 109.641 -0.0388546
366 0.302553 39.0807 111.695
367 0.189362 13.4865 34.6885
368 41.7783 110.934 54.5576
369 49.5017 86.9358 -0.40467
370 30.1368 110.79 48.6542
371 39.652 41.6844 124.799
372 110.956 22.4047 62.7576
373 35.37 -0.608206 17.393
374 3.25157 61.3982 55.9461
375 -0.824061 83.7964 2.49934
376 2.98103 109.985 65.195
377 101.209 80.9681 -1.10153
378 50.7906 0.424236 111.658
379 3.31396 35.9374 73.9658
380 19.7046 50.2674 124.571
381 115.683 33.4883 110.336
382 94.3805 2.73259 22.1521
383 3.49751 27.856 60.905
384 77.5443 54.7421 101.494
385 29.8052 86.5637 -0.152483
386 111.786 114.329 79.4194
387 0.264794 7.93699 90.1676
388 93.8894 13.6043 124.005
389 8.27324 59.3632 124.879
390 43.3739 21.9709 106.838
391 32.2404 113.578 105.988
392 114.031 59.2584 21.077
393 53.9466 14.103 124.351
394 39.5329 5.13045 124.695
395 48.0937 23.4934 124.975
396 45.5181 26.4235 111.067
397 36.5916 0.553108 122.751
398 42.4335 0.486932 117.027
399 49.2426 24.7647 97.5587
400 62.8446 10.8581 124.498
401 45.2562 22.6703 121.363
402 37.8842 26.3989 0.483372
403 38.1027 35.216 0.0353651
404 23.671 40.7585 0.409355
405 55.4211 23.7037 14.7619
406 55.1946 41.2135 -0.22947
407 52.4325 38.5839 5.94449
408 22.2514 41.245 5.93835
409 38.1095 45.7767 12.0106
410 32.4187 26.8062 0.604172
411 48.9568 35.2512 -0.0710883
412 28.0966 41.3262 8.97499
413 39.6756 36.7755 16.4069
414 109.194 3.18264 57.6086
415 2.03588 62.8578 89.9491
416 39.9199 69.0522 54.4134
417 31.6771 84.5023 22.0868
418 38.0109 42.7935 12.0525
419 114.028 38.0881 3.91742
420 33.9777 51.1131 13.2324
421 18.4806 110.603 37.1135
422 111.415 113.978 0.437654
423 3.21754 28.1866 55.7696
424 111.501 73.3524 65.5003
425 -0.0629872 112.833 120.894
426 2.79806 98.5869 106.642
427 59.0129 3.43515 84.3577
428 78.0406 1.79379 104.136
429 21.9668 0.289372 109.018
430 66.867 100.832 43.4167
431 73.9513 114.739 122.075
432 65.2553 0.603079 104.873
433 3.05836 52.3504 0.779759
434 64.1408 3.44709 42.6443
435 50.5237 2.85116 85.4765
436 -0.665856 43.913 5.68006
437 44.0375 44.0614 -0.155799
438 108.971 89.9168 -1.32114
439 92.2207 3.31425 48.4493
440 0.609905 41.9416 85.8196
441 1.24769 22.1373 75.0207
442 5.36106 48.3525 124.786
443 22.4366 0.461424 103.597
444 0.600241 110.026 113.846
445 83.6747 114.347 12.0055
446 11.1396 0.693974 103.287
447 44.4442 72.5997 55.7798
448 -0.350402 3.20433 89.5607
449 0.469556 113.318 113.277
450 113.89 58.3563 3.35355
451 33.7154 78.6818 24.4751
452 73.8943 0.871058 22.3577
453 71.0499 1.39534 21.3014
454 111.194 78.9424 50.2397
455 112.023 114.175 11.4795
456 111.405 27.8354 72.0433
457 -0.632066 44.1009 23.1391
458 93.6871 76.1452 123.439
459 62.089 3.45289 89.8591
460 68.5827 1.27628 26.7476
461 76.855 90.6868 123.45
462 108.061 22.414 123.399
463 93.6547 115.126 109.679
464 111.386 28.0192 89.1277
465 70.1051 50.8888 100.265
466 64.9177 33.4412 109.498
467 61.9393 111.356 65.733
468 49.7751 0.31665 27.777
469 45.9865 35.0659 111.194
470 35.8322 47.8031 110.072
471 46.2799 20.672 117.063
472 46.675 31.2722 119.871
473 45.7063 33.7695 124.596
474 33.6797 24.2751 112.928
475 51.1073 27.3725 124.444
476 60.7038 44.8514 100.309
477 47.884 39.1389 109.908
478 49.5405 29.1493 119.745
479 37.9616 54.8665 105.509
480 38.1482 59.9854 13.8035
481 49.372 63.7653 -0.219315
482 52.0029 68.2491 12.805
483 49.5706 49.571 -0.203362
484 -1.04153 70.1868 8.06621
485 107.756 0.489754 110.76
486 1.28654 97.9623 0.323444
487 31.0568 60.2685 13.317
488 54.8487 55.6391 11.3808
489 98.4458 24.287 -0.663597
490 63.071 29.6438 -0.220856
491 79.9914 7.9996 124.197
492 6.062 110.979 40.0597
493 113.785 4.45928 15.3312
494 0.704176 5.32125 112.361
495 102.482 48.3935 24.2189
496 16.8112 0.555706 85.2318
497 8.33597 96.7709 124.266
498 45.3395 55.4259 74.3798
499 3.54388 87.7204 69.7126
500 111.378 45.2112 74.8641
501 3.88348 6.25004 1.066
502 -0.200292 10.0678 40.5237
503 3.05151 0.093046 61.6395
504 26.7015 114.396 15.0726
505 25.5483 5.79621 124.979
506 55.3105 114.515 4.3129
507 113.789 104.097 21.4023
508 68.0308 115.462 118.031
509 46.7149 -0.631918 7.55127
510 2.17099 29.011 77.1923
511 112.126 62.8867 83.4422
512 3.47996 30.0361 55.7917
513 33.7786 24.7426 124.776
514 70.9026 102.179 123.463
515 104.245 3.17443 42.796
516 0.556161 26.8573 117.523
517 73.9261 60.0245 90.6424
518 111.035 2.9861 123.665
519 31.7959 95.1482 -0.0808692
520 95.4421 89.4536 55.1023
521 111.661 95.1126 -0.965195
522 40.6638 59.4943 69.5917
523 41.0525 54.738 105.47
524 0.543372 38.8781 108.565
525 -0.882977 55.467 13.8604
526 28.068 57.7329 111.485
527 38.2951 61.0665 -0.203917
528 59.6042 0.463763 122.849
529 40.997 49.0285 119.989
530 49.3634 81.3342 -0.417542
531 30.9668 61.8935 124.65
532 25.1682 57.087 110.013
533 57.2039 70.4017 124.242
534 33.8054 67.7377 109.746
535 48.0366 64.0731 112.442
536 64.8463 54.0424 100.822
537 32.5056 80.8193 -0.188523
538 43.5375 84.0726 -0.295476
539 25.146 72.0961 7.26216
540 56.9875 70.9109 9.89137
541 52.2513 82.6362 17.7753
542 23.7668 80.8273 0.135181
543 32.2102 55.5077 0.00902435
544 87.3981 115.031 107.151
545 89.1014 114.065 0.743095
546 104.962 98.6221 122.895
547 112.519 65.2517 28.8448
548 0.708947 7.72308 69.8618
549 1.78181 20.2926 54.197
550 113.987 95.0867 35.8484
551 3.74454 92.5671 99.1858
552 3.61337 39.2613 64.2286
553 102.502 36.1184 123.703
554 0.759492 13.6485 105.766
555 2.62137 0.316391 53.0675
556 115.207 7.9347 108.014
557 90.8293 2.24203 123.835
558 113.634 55.5244 20.6409
559 102.235 65.151 123.413
560 98.2948 114.044 44.6857
561 34.8033 46.4847 96.6049
562 17.1581 36.539 124.845
563 82.7847 112.696 46.5918
564 0.69434 35.0279 0.962417
565 100.442 3.2589 39.4108
566 99.679 2.07325 123.766
567 43.8712 113.243 100.119
568 3.50872 69.6824 84.5099
569 23.3543 61.0875 0.130811
570 109.416 -0.18914 15.3985
571 37.541 1.58724 44.3617
572 0.594854 107.112 108.557
573 111.833 25.1376 95.1244
574 68.2358 48.9894 101.025
575 92.6417 114.591 91.8712
576 33.1782 110.955 25.2771
577 72.4695 3.60418 60.7445
578 0.731088 19.4196 93.605
579 115.235 72.9471 106.914
580 22.1722 0.324694 111.855
581 33.2841 83.3674 23.9732
582 114.614 106.631 97.6893
583 13.8572 101.832 124.234
584 6.6142 41.1514 0.961351
585 77.0373 56.9181 96.6147
586 92.1424 2.78402 34.6315
587 2.73176 108.164 62.4946
588 35.845 0.061852 28.8555
589 60.2097 73.9985 72.6882
590 72.4213 9.90888 -0.0608282
591 27.4587 78.5712 83.7691
592 116.18 60.0972 121.026
593 21.5761 0.278905 40.5099
594 17.1951 1.68182 53.9873
595 45.1408 84.9793 112.4
596 100.492 9.86497 -0.273406
597 111.139 64.9029 50.7438
598 113.698 87.0711 6.24795
599 2.00035 59.7857 92.6633
600 -0.772287 37.9056 14.2069
601 43.8113 89.018 110.859
602 12.5355 10.0961 0.886889
603 48.9027 93.1948 117.755
604 3.47514 47.4426 52.6142
605 19.2092 111.281 41.7229
606 60.2414 114.559 15.5326
607 96.2372 114.876 101.087
608 24.7921 3.32298 58.4475
609 53.7848 83.1898 110.548
610 39.0653 79.1179 109.61
611 50.9645 74.2263 112.111
612 42.5052 87.1978 112.379
613 38.2412 73.4608 118.285
614 44.746 87.694 112.321
615 53.7137 79.7304 112.318
616 38.8645 96.7218 7.1425
617 43.7557 114.258 1.68475
618 54.9692 112.366 -0.401035
619 26.6594 95.269 8.89726
620 49.1354 114.406 1.71525
621 53.5393 101.204 13.9663
622 59.205 98.1622 11.5056
623 38.1218 108.329 13.795
624 40.9751 85.246 11.0432
625 37.0257 111.059 4.16007
626 49.5053 102.477 10.2513
627 114.043 75.4818 15.4578
628 113.219 111.211 65.209
629 78.2119 112.127 43.3931
630 53.7258 64.9017 124.265
631 47.9461 1.56918 92.0088
632 1.60255 37.1471 41.9143
633 114.13 17.9831 4.28702
634 115.227 104.602 115.024
635 106.661 2.8509 16.9405
636 77.7506 6.61408 -0.12354
637 3.72623 94.931 66.3002
638 0.634966 22.1985 100.976
639 26.8246 111.28 19.8414
640 91.4347 115.199 115.385
641 0.496297 78.9297 111.835
642 112.226 78.853 78.6265
643 104.276 3.26473 94.5953
644 55.4167 111.173 39.3784
645 21.026 10.1418 0.719118
646 113.848 111.478 23.8755
647 112.617 102.908 52.1807
648 114.05 104.251 74.6144
649 83.9441 2.94051 56.6692
650 113.701 95.1157 0.926557
651 114.423 92.6203 11.2373
652 111.313 6.02378 74.8511
653 111.361 33.967 57.24
654 113.516 99.1602 122.602
655 111.163 36.0445 36.8115
656 42.5392 72.5028 124.328
657 55.2396 112.197 31.7781
658 28.658 110.488 124.039
659 -0.685477 13.3644 5.96512
660 108.624 2.79526 22.3907
661 86.575 -0.39234 8.01953
662 40.5188 0.154683 105.463
663 35.2294 89.2017 -0.383521
664 20.313 52.9738 0.465437
665 3.84348 31.9273 0.851152
666 45.6779 93.7231 123.792
667 65.4516 51.5917 18.7634
668 0.583333 61.7323 120.213
669 1.06262 17.1263 123.436
670 111.621 65.6474 38.7008
671 35.7696 -0.0285479 36.704
672 92.0227 98.3297 -1.07179
673 3.1755 89.2789 46.7711
674 109.426 34.7607 -0.475656
675 13.6089 110.55 40.0519
676 107.432 3.22115 104.767
677 106.231 114.008 41.9673
678 82.2426 81.7985 123.568
679 114.098 83.5667 12.0451
680 42.6598 90.6264 124.116
681 42.1184 97.6215 116.1
682 43.8399 107.689 118.548
683 36.5774 90.3846 124.149
684 50.7775 115.292 110.76
685 35.1589 104.14 110.697
686 33.3797 115.137 110.333
687 41.8953 115.149 121.982
688 36.8029 96.2777 124.008
689 57.5142 102.078 124.11
690 59.478 113.278 123.518
691 66.5701 4.3284 0.286344
692 69.2326 32.5279 -0.21697
693 79.1808 23.8935 1.09119
694 74.0797 18.4485 6.26325
695 66.412 15.0664 0.0981873
696 62.5798 14.0655 16.168
697 -0.748437 2.00023 6.09627
698 113.965 106.759 12.6434
699 62.3951 18.3292 13.2432
700 2.19207 48.9745 84.5234
701 115.396 50.6018 110.362
702 70.0097 112.125 76.2992
703 1.19421 83.8423 0.493388
704 30.3333 3.19359 52.6335
705 60.9811 5.52628 12.969
706 32.5232 0.346465 31.6729
707 37.8388 -0.59085 2.40647
708 0.642972 0.216877 2.61778
709 20.7682 2.91246 67.3338
710 111.988 32.9825 17.1253
711 110.663 8.09961 123.653
712 114.545 111.252 33.2593
713 6.21548 112.353 82.3083
714 10.4005 110.999 24.8388
715 111.62 36.3063 93.1258
716 2.80759 0.314484 85.5435
717 101.029 3.61442 89.6756
718 3.16653 38.8539 48.7862
719 2.77865 58.0827 34.8679
720 2.60527 15.095 61.5544
721 -1.3418 3.12976 19.066
722 86.5243 75.0645 -0.887365
723 23.6481 1.95667 75.3858
724 105.906 3.58413 48.7021
725 82.404 1.88918 124.014
726 105.23 73.8232 123.204
727 27.0243 -0.837315 17.8988
728 110.055 114.567 94.471
729 100.965 27.0148 -0.555199
730 114.673 10.0731 11.1682
731 110.89 19.2481 39.7865
732 63.4818 44.4938 -0.577837
733 83.5532 9.58282 107.974
734 83.0021 10.5866 118.0
735 83.6028 9.22394 119.467
736 86.5414 21.6162 110.792
737 68.9986 20.5409 116.82
738 67.9453 0.281834 111.46
739 73.4526 24.7479 103.71
740 82.5326 16.7767 124.05
741 62.3558 19.2518 118.36
742 72.4674 13.6015 118.97
743 80.6849 29.2203 113.641
744 59.4123 0.449299 119.954
745 62.1684 16.1148 124.529
746 62.455 0.106955 111.188
747 59.68 16.3419 124.355
748 71.7928 26.7823 -0.296728
749 72.4037 41.0872 -0.297302
750 88.0415 52.6956 10.422
751 80.1226 27.1567 23.0212
752 72.3656 32.2924 -0.310518
753 63.7902 18.3291 -0.0109859
754 110.03 10.0135 -0.84177
755 52.3086 46.7042 14.3871
756 3.43745 80.9373 0.366765
757 45.5886 55.5846 76.9866
758 59.6402 28.3489 13.3176
759 92.1114 3.0736 31.1468
760 103.513 1.93628 106.812
761 96.3716 115.118 112.232
762 3.89385 -0.271404 6.32247
763 3.5906 61.3612 73.1424
764 94.3281 103.697 -0.919404
765 82.402 115.105 115.459
766 111.149 19.2863 68.1824
767 6.88999 1.28639 76.3549
768 3.14173 52.7869 49.0072
769 114.065 106.959 77.0451
770 0.640929 16.4432 74.203
771 113.795 21.1826 1.50218
772 3.2019 94.9643 31.4553
773 111.664 114.478 82.5149
774 116.199 112.571 104.671
775 30.1349 3.32812 67.0782
776 13.8504 93.2254 124.341
777 19.6267 110.87 60.2167
778 76.6696 58.7488 74.8098
779 66.7537 -0.393201 2.08493
780 111.45 36.7348 77.4906
781 14.0295 21.7698 124.964
782 22.0527 50.3431 74.2818
783 33.8604 0.783272 102.353
784 93.5432 0.266042 108.143
785 30.4774 3.12111 76.3714
786 113.335 14.2116 16.1332
787 0.882828 36.2069 82.755
788 48.1412 70.7611 124.24
789 58.353 28.3529 70.9551
790 8.29687 76.683 19.2019
791 107.714 115.013 121.217
792 0.201221 4.91327 34.4939
793 39.0066 0.660317 94.1144
794 26.5731 46.0596 69.5444
795 14.0047 0.696402 87.7596
796 56.0982 111.241 45.759
797 63.9411 111.078 51.0137
798 25.0458 38.8645 68.465
799 110.771 22.0398 48.3566
800 78.0492 41.0882 110.783
801 106.243 3.06814 28.2706
802 55.0463 78.1772 -0.649143
803 25.2166 70.3231 29.0026
804 59.515 24.9866 124.299
805 71.1297 30.8776 124.108
806 62.0627 24.9846 115.468
807 83.622 27.93 114.109
808 66.8192 34.6896 111.017
809 82.0822 31.0116 115.073
810 89.8059 49.4913 -0.814012
811 69.8423 58.2147 -0.828008
812 52.252 61.0986 -0.276017
813 59.7097 56.8823 12.8299
814 64.87 62.4583 9.8399
815 72.0775 49.998 8.46447
816 65.3207 59.0496 15.7479
817 92.3469 72.7508 16.7079
818 63.6243 52.1344 -0.373049
819 82.5937 57.0207 12.6087
820 82.4117 45.5119 9.8003
821 70.8848 28.8867 36.4589
822 61.8479 69.7895 71.3916
823 112.619 47.8103 19.8388
824 97.8444 38.6756 23.1167
825 63.8154 0.262553 21.1383
826 63.118 72.2986 72.4179
827 56.5354 64.0565 5.47445
828 113.478 66.5669 23.7469
829 15.7729 111.096 19.6643
830 115.264 33.5761 107.408
831 87.1103 114.319 82.466
832 20.8074 -0.141813 31.8284
833 103.709 63.8735 -0.892111
834 22.5759 111.328 86.9423
835 41.3642 3.23683 75.8029
836 3.23313 110.788 34.62
837 112.082 95.6789 52.1333
838 3.48107 75.38 76.0622
839 114.128 78.4279 32.0641
840 83.862 9.65295 -0.0887797
841 6.72082 21.3313 0.817483
842 33.049 0.236653 36.8777
843 53.6397 25.0191 124.402
844 78.0715 3.78503 66.6284
845 26.6428 21.3882 0.581588
846 75.1252 98.4816 -0.749551
847 109.301 4.27559 47.1301
848 63.619 109.844 -0.629516
849 114.962 62.2279 101.024
850 12.677 114.377 13.312
851 40.9966 18.6337 0.179806
852 68.1613 51.7795 100.81
853 71.7562 49.5519 101.731
854 8.53922 0.0811365 101.31
855 69.191 -0.129381 19.1163
856 73.0275 53.9106 100.134
857 91.8767 12.9854 -0.188801
858 112.304 22.5584 90.8651
859 64.1462 113.712 32.397
860 73.838 62.3365 69.2791
861 12.9633 111.974 98.5764
862 69.3313 65.9976 110.827
863 108.608 112.719 -1.22618
864 115.428 76.5182 109.618
865 85.2107 43.1654 114.858
866 111.098 29.7884 21.7153
867 75.134 72.6354 116.41
868 86.5353 44.9457 113.73
869 85.1309 46.4463 112.154
870 81.1449 47.9215 124.546
871 71.4057 67.7892 124.032
872 79.609 55.7683 123.89
873 93.2466 67.5328 105.982
874 73.7371 63.4761 115.398
875 87.9165 59.5712 123.734
876 89.3251 70.3381 7.95868
877 58.4884 72.3439 8.47609
878 86.3399 89.4773 8.09963
879 65.0119 80.8623 4.36735
880 63.9205 92.4717 -0.651745
881 60.5457 72.838 -0.345012
882 66.9194 71.1603 18.0251
883 63.6152 83.3552 5.28337
884 69.5438 63.5835 -0.64389
885 64.1024 86.8773 5.4713
886 105.543 3.09205 74.9979
887 73.056 82.5697 9.6083
888 113.97 18.7272 15.4105
889 89.8255 31.7703 37.8149
890 31.5082 1.51539 47.4027
891 58.4773 86.7847 14.1094
892 2.84617 55.537 41.1404
893 45.2515 0.30503 122.843
894 66.5228 86.5209 -0.692639
895 114.422 113.045 72.3291
896 0.631689 61.3994 114.663
897 39.1022 2.06278 45.0355
898 2.065 28.7004 72.1347
899 112.031 114.592 91.6157
900 3.73586 98.7537 84.2316
901 11.374 111.497 95.6594
902 115.464 90.3276 109.024
903 114.828 96.0421 100.955
904 95.2221 -0.161206 15.5379
905 0.856614 50.5813 97.2796
906 0.0671005 32.6154 32.1095
907 5.3095 22.0019 124.942
908 4.68581 0.246179 32.1429
909 11.2608 16.4223 124.8
910 114.362 76.1345 12.2877
911 25.1125 76.6567 124.399
912 106.238 114.175 68.1324
913 60.8248 111.665 72.0763
914 3.44661 80.8136 49.6441
915 61.2198 38.713 32.1449
916 108.081 16.5759 123.495
917 4.89707 110.572 32.2295
918 60.3698 83.9539 -0.529735
919 12.2787 110.333 106.2
920 1.90094 11.8047 54.0678
921 3.62033 104.397 98.1042
922 3.4954 83.4829 81.6082
923 56.1553 69.0795 110.798
924 74.9439 -0.522303 4.63557
925 16.473 0.272589 43.2125
926 112.459 71.6421 40.5085
927 14.256 111.167 78.2432
928 94.6546 3.46123 57.3518
929 85.5984 84.8983 123.519
930 59.4672 84.8004 123.871
931 80.1254 70.8456 123.857
932 84.5677 86.0669 113.13
933 77.8915 84.8626 112.997
934 68.4646 70.6658 124.131
935 70.8133 78.9469 123.895
936 68.3672 70.6715 115.051
937 68.4454 90.8548 123.893
938 79.4458 99.2108 9.58628
939 58.314 108.186 9.64244
940 56.7629 93.7239 6.85498
941 69.3498 92.1461 -0.697542
942 77.9768 100.89 -0.667898
943 77.8093 112.21 -0.674165
944 99.37 59.8939 123.418
945 111.311 56.027 72.1394
946 114.87 75.8195 101.034
947 32.7723 111.241 69.1597
948 22.2652 115.463 100.064
949 115.609 113.375 108.025
950 83.1015 3.6387 72.6106
951 99.206 0.211717 108.388
952 -0.750753 46.9672 19.5393
953 12.0413 46.3731 0.305108
954 28.2712 110.97 66.3027
955 39.1107 111.477 61.9673
956 20.6957 100.747 -0.0214392
957 92.1964 3.20956 50.8183
958 73.4307 111.468 53.9043
959 110.862 46.7656 36.3199
960 46.7145 72.3867 -0.365752
961 17.1703 16.7736 124.856
962 30.5065 114.993 113.561
963 32.3635 21.1747 0.376528
964 15.2121 40.7232 0.693152
965 3.75868 66.9935 75.6492
966 78.5819 111.265 59.388
967 112.458 51.8332 22.8648
968 1.19696 103.541 0.336859
969 109.715 12.7142 -0.258697
970 98.0061 38.4782 25.6625
971 72.7937 3.26017 58.1075
972 79.4642 3.52302 90.0885
973 110.965 24.3944 33.7451
974 106.445 114.224 11.6926
975 24.2693 113.076 106.391
976 97.0247 2.90739 48.9065
977 113.031 0.667935 121.805
978 36.0955 111.467 81.0179
979 114.064 24.1324 13.116
980 114.477 84.3755 89.0803
981 98.0201 83.7952 -1.02224
982 114.571 84.1543 92.1773
983 19.2862 114.916 116.622
984 107.493 115.085 112.262
985 114.271 78.8655 86.5754
986 115.229 67.6402 106.329
987 27.848 73.2082 25.9245
988 114.372 98.4387 77.5424
989 80.644 15.058 -0.22039
990 56.9641 27.5638 124.154
991 113.898 29.99 9.99876
992 1.78933 12.1032 66.0649
993 2.54734 73.4259 124.696
994 111.509 17.3793 89.3973
995 43.3752 4.05584 0.578277
996 71.3771 94.7142 110.377
997 0.458971 66.8415 24.0903
998 67.485 101.984 123.358
999 62.1552 115.27 118.577
1000 76.5007 107.675 123.249
1001 65.1388 94.2371 123.812
1002 90.818 90.8065 123.301
1003 57.9819 90.4272 120.055
1004 85.0936 115.11 112.696
1005 50.8314 115.236 115.824
1006 95.8259 104.917 114.144
1007 72.3612 105.935 118.714
1008 113.922 12.5575 0.886952
1009 105.645 19.852 4.18602
1010 87.8859 19.3003 7.16915
1011 106.641 -0.373911 10.2155
1012 89.1617 3.32026 -0.549942
1013 96.7306 17.2652 10.065
1014 93.7435 20.2682 9.99131
1015 110.137 4.50672 93.756
1016 3.04308 110.084 106.585
1017 80.8159 3.2741 48.1642
1018 91.9001 11.5484 10.3757
1019 72.5135 113.915 32.9489
1020 89.6214 2.67729 18.7059
1021 71.1273 12.6742 20.9141
1022 101.041 114.12 17.64
1023 3.17344 70.3276 43.3638
1024 110.866 59.3084 123.094
1025 9.37719 1.9839 66.0876
1026 35.0863 23.9667 0.305129
1027 113.803 101.217 44.1645
1028 3.53755 55.924 82.615
1029 71.4826 27.597 35.2209
1030 27.6861 2.20816 50.9271
1031 106.372 114.026 23.2869
1032 72.5708 3.78781 81.0901
1033 2.84154 56.1769 124.829
1034 112.682 105.965 69.3884
1035 113.635 4.33164 1.51016
1036 113.139 0.131229 1.66692
1037 -0.826321 66.8699 4.9439
1038 75.7219 3.58802 75.6448
1039 112.266 37.3739 28.0731
1040 112.995 88.5158 76.0169
1041 68.1541 25.3276 124.44
1042 113.348 96.4401 122.786
1043 4.65215 0.360352 58.6321
1044 106.779 114.085 59.2583
1045 43.7259 49.865 -0.138723
1046 113.532 63.4498 88.4453
1047 113.87 86.5709 20.6918
1048 3.39872 92.106 45.3486
1049 3.58552 72.291 87.8975
1050 113.763 88.6647 83.21
1051 73.3689 114.341 86.6317
1052 92.043 92.2695 -0.962706
1053 112.797 102.742 72.1495
1054 115.324 24.931 109.705
1055 89.5656 -0.363526 4.82485
1056 83.5099 3.4832 69.535
1057 109.85 30.0411 -0.433889
1058 60.5108 -0.476033 14.0205
1059 77.9225 98.0047 -0.849435
1060 3.18777 0.49696 109.007
1061 0.0825853 29.9816 34.5437
1062 45.4044 58.2832 74.3133
1063 80.9599 2.19476 103.581
1064 113.959 92.5603 15.433
1065 102.169 2.80892 51.7814
1066 100.648 5.07559 112.66
1067 115.305 13.855 113.097
1068 113.706 5.23523 123.406
1069 100.179 16.2181 97.8995
1070 91.9829 35.5382 -0.729972
1071 89.3228 43.2394 -0.694749
1072 92.3426 18.8005 2.76695
1073 99.6769 45.9405 15.5514
1074 100.75 42.6467 2.63026
1075 99.3826 44.4514 3.8003
1076 104.276 32.5673 11.2617
1077 86.5669 31.6807 11.6529
1078 102.429 38.4495 10.8523
1079 75.3297 57.2918 44.7471
1080 115.571 13.3925 118.534
1081 107.086 3.78487 69.0268
1082 44.7364 79.1229 124.146
1083 77.7826 1.04201 107.82
1084 112.258 26.7582 -0.33412
1085 111.23 113.971 44.4579
1086 94.9338 49.322 -0.559155
1087 55.0019 114.384 12.9169
1088 113.422 0.760984 108.263
1089 113.732 29.0865 106.222
1090 111.804 67.4607 61.7141
1091 48.1422 31.3232 77.5165
1092 1.78255 1.72825 107.439
1093 35.871 3.33307 54.9523
1094 43.4946 -0.499248 5.73136
1095 96.2741 0.319805 121.876
1096 50.363 111.695 52.7203
1097 17.5107 2.39125 124.793
1098 80.3416 55.8502 98.5641
1099 111.983 3.47356 82.149
1100 72.0057 66.7673 -0.608757
1101 55.3107 -0.049845 24.7723
1102 81.0654 58.0416 -0.814759
1103 41.54 -0.573824 13.8704
1104 45.3306 58.3055 77.0642
1105 39.1158 115.177 119.028
1106 56.6872 110.447 123.501
1107 4.15558 107.455 92.9276
1108 112.266 67.0892 -0.832084
1109 82.3318 107.569 123.213
1110 111.853 38.3859 20.0006
1111 114.342 54.7562 12.3565
1112 114.62 6.47947 107.324
1113 91.9861 26.8414 -0.375368
1114 62.3286 114.985 121.92
1115 -0.121091 29.7055 25.8912
1116 66.415 111.411 62.6604
1117 111.432 34.0636 51.06
1118 71.3989 30.219 34.81
1119 50.5485 61.1627 83.2129
1120 3.44882 64.4594 82.0375
1121 60.0157 0.426531 116.812
1122 2.92175 65.3796 64.1055
1123 50.4261 114.101 97.4597
1124 87.594 114.933 100.967
1125 1.98869 95.3899 24.2174
1126 0.750661 -0.214724 8.68839
1127 92.176 32.1722 110.494
1128 55.3247 43.9811 -0.0569874
1129 102.39 44.6399 114.564
1130 111.222 25.0163 123.364
1131 113.853 39.4092 123.199
1132 107.918 46.2413 103.818
1133 115.272 42.519 113.174
1134 105.122 44.9908 123.572
1135 105.044 35.004 109.022
1136 84.9744 59.4003 123.836
1137 92.1754 55.1124 8.27657
1138 106.626 54.1016 12.5853
1139 91.9436 52.6339 -0.548536
1140 102.952 57.0445 15.3357
1141 115.17 38.8578 107.579
1142 7.69985 111.008 25.7384
1143 79.3569 79.301 123.45
1144 90.3487 54.1261 12.6071
1145 76.3376 55.7749 45.262
1146 27.365 0.340287 39.9504
1147 1.13309 93.8956 20.954
1148 102.281 58.2508 8.31014
1149 71.0042 93.7874 123.652
1150 82.4614 33.7749 124.064
1151 73.8028 93.0255 123.565
1152 0.38773 24.5635 46.2844
1153 91.1253 78.4972 123.566
1154 63.3967 113.973 1.4
1155 114.665 99.6594 97.8017
1156 0.709253 36.5129 93.7352
1157 33.562 111.583 76.9962
1158 14.7404 2.11659 56.699
1159 24.6745 110.947 60.5969
1160 66.7236 111.34 41.5403
1161 28.6443 0.318248 123.034
1162 114.771 59.3905 96.0
1163 21.0956 -0.289499 8.72768
1164 113.849 57.3816 123.472
1165 53.3408 111.235 48.3117
1166 15.0349 49.8278 0.498401
1167 0.578783 67.9922 120.185
1168 60.6269 57.86 49.5264
1169 113.802 92.6194 26.542
1170 112.439 40.1177 23.2914
1171 111.082 25.0202 45.2558
1172 65.2411 115.083 121.381
1173 70.3311 3.81514 72.8291
1174 66.7479 -0.342389 4.9906
1175 60.8082 104.321 -0.70179
1176 3.54963 42.3687 76.435
1177 40.4173 2.06743 83.6153
1178 3.85596 98.0803 69.3677
1179 114.515 37.7317 104.065
1180 19.8093 76.1891 124.686
1181 49.3664 59.7571 73.105
1182 50.6794 61.456 85.9898
1183 115.355 47.8573 121.811
1184 61.8581 71.3237 74.3911
1185 3.39481 110.807 60.8898
1186 114.266 49.2768 98.0964
1187 78.1985 86.5736 -0.943599
1188 79.6394 1.35435 25.9649
1189 1.89215 20.6239 69.6641
1190 114.113 41.2099 14.7515
1191 -0.563899 112.106 7.63049
1192 77.7311 78.0867 -0.886389
1193 111.985 6.88683 68.8452
1194 49.0328 73.8637 57.6626
1195 23.2673 2.06485 80.8613
1196 114.893 90.1607 97.7725
1197 52.1796 61.2813 84.5941
1198 99.4319 63.2691 104.18
1199 43.3773 68.4604 57.6255
1200 99.2226 60.5068 106.091
1201 84.5135 56.4045 117.798
1202 87.5235 59.113 117.648
1203 108.073 56.6015 123.275
1204 98.3669 68.899 113.111
1205 93.7414 57.0136 123.648
1206 108.077 64.818 123.141
1207 81.3526 83.7434 -0.85866
1208 89.1913 80.5875 -0.878521
1209 100.878 90.0087 7.99445
1210 113.766 75.3944 3.50112
1211 86.7139 88.4192 25.4444
1212 106.564 82.4395 10.5747
1213 86.5063 80.4847 -0.974706
1214 78.0147 69.8165 19.8409
1215 86.3979 76.8434 10.567
1216 113.819 87.0232 0.651306
1217 111.32 6.08421 71.9944
1218 2.27207 77.3069 98.8124
1219 49.4268 91.3101 31.387
1220 110.869 47.4285 48.2517
1221 110.323 107.386 122.969
1222 108.635 114.209 29.7826
1223 99.4103 102.577 123.136
1224 77.5265 86.7906 11.0568
1225 1.27438 69.3787 0.921779
1226 47.0635 0.0239735 25.8486
1227 78.2678 111.247 50.5862
1228 85.1789 33.8984 124.013
1229 2.45758 112.664 124.314
1230 3.39155 69.9817 63.7029
1231 0.240664 10.3885 34.5477
1232 113.797 81.3414 20.805
1233 112.621 91.0796 48.5107
1234 43.7218 109.023 -0.607109
1235 110.876 7.82478 48.8504
1236 3.29226 46.5497 73.2429
1237 2.84006 55.606 37.5619
1238 37.2064 61.9013 124.691
1239 31.5645 72.1718 -0.0534846
1240 88.3621 82.4058 123.58
1241 32.2185 51.85 -0.117058
1242 55.0895 112.845 87.9771
1243 111.269 33.5359 63.213
1244 66.6708 47.6624 99.3925
1245 114.027 46.7735 9.41792
1246 1.71784 -0.315337 17.2454
1247 2.25561 0.944802 63.615
1248 52.553 114.291 21.6094
1249 91.7382 68.8768 83.7336
1250 53.6772 114.968 107.888
1251 9.59671 94.9775 0.175446
1252 3.76274 105.819 49.2467
1253 108.904 113.966 21.1838
1254 6.74896 110.869 28.5946
1255 110.937 72.6892 44.8603
1256 113.655 106.628 44.4669
1257 2.30578 79.4663 124.826
1258 113.726 111.711 41.5537
1259 110.823 42.1376 123.369
1260 3.73984 78.8968 84.8239
1261 -0.573917 58.089 19.6021
1262 3.66734 67.2068 85.1568
1263 86.4355 75.2783 110.325
1264 101.61 114.258 71.3231
1265 96.5636 99.1835 123.27
1266 107.819 76.3231 111.334
1267 88.1749 73.7293 123.391
1268 115.348 73.8378 109.963
1269 93.784 69.1477 124.186
1270 115.362 87.6816 112.646
1271 107.901 79.4294 111.307
1272 96.3568 85.1182 117.123
1273 93.3213 85.1855 117.229
1274 109.277 81.6318 118.552
1275 93.5493 60.6118 110.257
1276 115.34 82.2 115.72
1277 96.5248 88.0095 123.346
1278 82.4046 80.565 115.254
1279 105.27 90.5075 114.074
1280 105.132 76.2324 120.021
1281 110.848 92.3557 6.47818
1282 95.0865 114.164 12.2103
1283 112.088 114.151 6.30783
1284 113.966 97.6246 14.7856
1285 99.3837 109.576 12.9807
1286 104.061 114.066 62.3937
1287 -0.469586 86.4618 16.2182
1288 81.1304 114.314 77.7602
1289 28.2484 3.15097 69.875
1290 113.721 89.4406 3.53395
1291 111.326 50.5182 72.471
1292 107.775 42.2252 123.318
1293 59.1151 56.1623 50.7933
1294 56.2961 111.163 66.1867
1295 -0.941964 4.62454 1.14241
1296 88.9151 6.68961 -0.2419
1297 112.301 5.80465 59.1542
1298 77.7863 29.8012 -0.360549
1299 39.8002 71.9943 54.1591
1300 112.255 57.0012 28.8027
1301 102.543 79.6161 123.278
1302 111.476 67.3358 68.8031
1303 26.4612 2.00382 80.7364
1304 57.4451 109.533 -0.653877
1305 95.4529 114.597 69.381
1306 61.2173 69.5113 -0.69013
1307 72.2289 112.319 40.4981
1308 113.785 111.736 26.9771
1309 113.345 107.642 122.434
1310 95.9296 114.494 86.3783
1311 114.657 61.821 95.7099
1312 71.3441 1.53686 29.4444
1313 0.928844 69.2149 105.634
1314 115.481 19.3303 121.315
1315 0.597376 33.3468 106.171
1316 111.343 98.0411 68.1336
1317 111.159 42.0486 66.2831
1318 97.702 1.11456 -0.455057
1319 60.376 73.8013 75.1768
1320 -1.11355 18.0377 5.80517
1321 87.8454 0.0394757 110.09
1322 89.2498 24.2915 -0.393208
1323 72.7796 114.152 35.7382
1324 113.798 87.7703 122.694
1325 0.661964 98.845 113.829
1326 8.66108 111.157 78.1833
1327 111.216 55.7787 53.6955
1328 27.9901 111.672 98.6857
1329 67.8022 113.397 123.16
1330 53.5758 113.523 27.3121
1331 30.889 114.883 119.32
1332 99.9229 36.4687 123.647
1333 96.3041 110.306 111.055
1334 103.564 96.2159 113.927
1335 87.7022 106.964 111.246
1336 114.306 104.71 122.684
1337 115.223 101.46 117.955
1338 115.15 101.783 114.915
1339 105.473 110.286 123.086
1340 115.047 109.946 103.492
1341 85.2207 94.6701 104.535
