0 6.55144 15.7138 0.902909
1 6.95942 9.60785 7.2163
2 16.4055 28.2791 13.8277
3 26.5164 -0.604316 14.1837
4 26.8257 4.23149 0.973223
5 9.6344 4.62769 4.37039
6 4.14879 9.76311 4.36166
7 12.5378 2.63851 11.6214
8 23.9503 15.6069 0.842466
9 1.09493 15.2934 1.31626
10 60.8031 1.35071 96.8022
11 32.7816 3.93816 72.7362
12 59.6293 10.6336 125.025
13 4.19202 83.288 61.0132
14 112.979 16.211 106.353
15 110.759 62.1391 77.4605
16 46.7079 114.221 18.5964
17 109.423 15.5622 -0.45798
18 32.6179 0.339767 34.127
19 65.0123 115.266 111.191
20 12.951 37.941 0.595052
21 103.554 3.80479 45.8987
22 92.1055 114.555 35.5802
23 110.769 42.3592 51.1856
24 74.81 114.754 35.6111
25 82.4103 64.5951 124.442
26 74.0331 19.6149 124.798
27 38.4937 3.56594 49.2956
28 -0.940615 81.2418 7.48721
29 106.523 114.095 3.1913
30 92.2067 27.1449 -0.611093
31 62.1211 110.89 72.4055
32 36.7779 59.7909 21.989
33 16.878 81.9682 124.971
34 110.848 101.027 56.1067
35 115.386 27.6136 119.497
36 66.7 -0.215461 18.9425
37 13.6852 0.0928281 98.0708
38 38.3465 4.12864 66.8161
39 97.9708 46.7518 -0.564044
40 73.1924 114.706 101.869
41 66.7765 21.1023 -0.0579852
42 111.713 3.95569 58.8998
43 15.294 -0.534874 2.92228
44 62.4301 54.2307 124.832
45 13.8411 0.317847 86.291
46 1.28903 9.89637 64.8121
47 42.5839 0.343725 94.9222
48 62.1671 1.96787 95.8847
49 41.122 59.3132 70.2792
50 32.9182 -0.480185 2.4713
51 22.5151 23.0748 116.151
52 49.877 4.04395 64.1598
53 3.93076 76.9511 37.4
54 63.8871 1.80334 96.3076
55 57.9136 89.6978 -0.605642
56 68.6621 1.40511 101.83
57 0.352764 0.178529 91.714
58 0.838869 35.8284 88.3507
59 9.55603 13.6609 114.351
60 3.94179 13.5443 115.207
61 11.2191 0.296142 112.408
62 28.0562 10.7122 125.416
63 25.6346 10.6805 125.342
64 3.07163 0.654993 120.854
65 16.8355 4.86024 122.269
66 16.5903 33.2933 8.07747
67 20.9733 41.333 9.36924
68 19.6136 39.6983 7.93575
69 -0.731896 44.0935 13.6844
70 16.9178 25.1881 11.1321
71 0.475576 55.5724 0.769266
72 21.003 29.5742 0.833959
73 1.04661 18.1462 1.24598
74 109.681 -0.151971 13.1083
75 0.814921 32.7675 109.464
76 16.8523 110.722 60.9821
77 113.277 28.552 15.7129
78 14.0766 0.543539 118.503
79 50.8713 99.6931 124.383
80 34.3032 1.67318 42.3377
81 71.8876 29.1896 35.4436
82 94.7446 114.222 17.5371
83 0.614377 58.6496 106.19
84 14.2116 2.2125 56.4006
85 8.4621 110.453 55.1803
86 0.513593 38.9099 112.427
87 0.700822 110.44 109.064
88 -0.900322 90.1685 7.94649
89 20.7923 9.92958 0.899671
90 72.4494 3.80988 57.9957
91 110.687 54.8973 80.4129
92 59.9438 5.14736 124.946
93 3.56095 35.5092 0.80367
94 26.2367 74.9378 0.0422746
95 75.2407 114.53 32.1865
96 113.518 101.409 43.9533
97 -0.951996 55.229 8.09643
98 99.2343 62.1649 124.222
99 78.2649 -0.433563 7.85485
100 115.434 99.386 119.038
101 19.5749 112.568 17.1616
102 3.81609 81.0324 96.754
103 11.5541 111.084 90.128
104 1.06061 105.021 17.4191
105 110.817 87.2431 59.3681
106 112.275 94.1414 48.355
107 -0.367997 55.5082 28.324
108 76.0039 2.82808 103.261
109 65.2535 33.1244 78.3426
110 112.256 41.6045 20.2508
111 16.6674 51.032 125.572
112 99.4188 87.6633 123.685
113 111.44 3.92984 84.0876
114 94.6925 9.86089 -0.405448
115 54.9663 83.6482 -0.374172
116 82.2109 110.697 51.1088
117 112.201 49.0552 25.933
118 0.55881 14.456 97.646
119 65.1665 115.302 122.112
120 46.5468 27.8037 0.379989
121 0.6324 70.3572 106.788
122 19.95 84.2586 95.5068
123 8.5582 1.97661 58.9301
124 39.9447 107.304 124.599
125 35.7807 32.1741 114.87
126 26.5428 43.47 117.654
127 22.0387 44.7375 119.329
128 0.647067 22.2219 107.007
129 19.5347 51.0571 113.534
130 5.22136 36.7103 125.5
131 13.8701 45.0447 125.402
132 23.7112 24.9337 113.96
133 27.912 22.0356 113.528
134 26.8373 68.3813 18.8508
135 3.5719 61.0126 0.728575
136 22.4863 68.6411 13.3364
137 22.5279 65.4097 13.4398
138 -0.864783 49.5338 19.8355
139 -1.00649 67.0349 11.0867
140 18.3166 46.9576 9.33269
141 35.3201 9.45501 0.476173
142 28.1022 39.6625 125.303
143 103.231 3.00507 28.9494
144 52.215 20.4018 0.35603
145 97.8741 3.2197 44.0244
146 25.6057 65.4247 13.3555
147 5.26273 82.1251 125.104
148 2.27464 85.8283 101.93
149 67.193 114.543 20.9932
150 82.8707 76.582 124.233
151 3.87799 78.4191 76.0963
152 1.87027 1.1968 58.1121
153 2.23707 65.3627 92.5972
154 48.1994 1.40893 33.1679
155 3.84783 93.9273 58.2384
156 23.5074 52.74 0.0143308
157 67.9115 114.303 90.6477
158 3.62926 78.3762 80.0196
159 50.9841 42.5314 125.185
160 55.6014 49.7457 -0.344977
161 52.5113 112.798 88.9804
162 104.62 114.8 100.87
163 53.655 110.129 39.8232
164 112.043 83.9082 76.04
165 25.5123 112.924 124.54
166 3.79017 102.823 78.672
167 21.5938 -0.505776 14.1794
168 73.7584 59.193 124.572
169 2.67967 73.0023 32.5878
170 1.97068 0.64837 46.5065
171 111.885 -0.273021 2.20301
172 11.252 110.336 49.3267
173 36.5412 0.264943 91.9809
174 -0.669964 86.6703 15.9377
175 87.7339 115.114 113.163
176 114.773 49.0784 99.2147
177 55.4637 114.045 27.9745
178 57.876 114.136 -0.506741
179 6.72663 75.5087 0.396407
180 -0.282221 12.8517 37.6825
181 46.8985 64.153 41.1452
182 24.0525 45.3877 70.7687
183 28.3293 78.353 86.2979
184 9.55301 60.1041 115.065
185 107.961 87.4775 123.485
186 0.380733 56.2578 117.717
187 22.7704 0.0519359 91.7649
188 105.375 113.505 57.1135
189 19.4795 58.3628 113.638
190 17.9749 46.8478 109.134
191 0.575244 73.8919 120.655
192 13.8783 59.1243 125.158
193 19.8037 62.0337 125.304
194 9.62794 38.7579 118.073
195 8.50312 64.9437 125.27
196 18.9379 59.1384 121.989
197 20.6239 58.7683 109.003
198 31.0635 78.8316 124.833
199 9.56813 65.1836 9.75203
200 15.3981 100.421 3.30093
201 15.8912 83.8619 6.32005
202 21.0612 78.2904 6.28622
203 17.8733 75.2464 0.180427
204 17.5248 89.5154 0.0252695
205 -0.957348 75.2761 4.83695
206 16.7501 75.3162 15.1766
207 11.5001 75.0972 0.123683
208 21.9842 71.3377 7.54635
209 114.003 78.1385 18.0704
210 111.43 113.937 0.452588
211 84.918 19.7809 124.547
212 89.215 75.2986 -0.669653
213 29.7976 66.9808 11.9143
214 53.8475 111.224 83.7679
215 27.7399 0.222838 28.9748
216 16.8319 92.2619 13.3366
217 98.1236 21.2518 -0.375374
218 112.874 7.73452 99.7903
219 93.0877 114.842 32.4652
220 3.87925 75.765 93.1601
221 3.73488 88.5272 38.1848
222 85.9654 1.50123 105.467
223 112.0 113.877 48.4796
224 112.084 95.5786 69.8495
225 66.428 100.281 41.3061
226 -0.729089 80.9821 15.8086
227 0.948289 7.06184 74.0042
228 110.731 76.3329 54.0618
229 9.95095 0.566902 77.5634
230 22.9319 6.83128 0.791925
231 34.5675 -0.309462 19.7856
232 113.753 50.0467 4.1068
233 54.9156 52.9694 -0.41069
234 76.9109 113.207 123.829
235 91.8164 103.688 -1.14269
236 30.2277 111.479 93.4009
237 22.4255 111.175 87.077
238 32.813 113.097 100.706
239 0.93089 10.7414 117.99
240 110.612 33.8685 60.7934
241 3.91454 95.12 0.479475
242 110.655 39.2668 60.885
243 111.625 6.00109 64.6367
244 110.7 27.5116 39.3648
245 112.047 25.7112 96.7867
246 8.30759 0.490991 114.76
247 26.1622 85.2336 19.6979
248 113.694 103.986 27.3279
249 -0.242972 10.6291 48.7629
250 4.10372 107.899 55.0894
251 0.762235 8.10638 115.542
252 38.9284 36.3604 125.453
253 90.7882 110.4 57.5342
254 112.225 34.3559 26.061
255 36.9328 2.39247 125.205
256 113.696 112.28 8.9366
257 109.222 67.2174 -0.79713
258 0.0212426 3.30466 66.8424
259 8.77762 0.244451 89.0773
260 -0.79559 38.5822 26.4936
261 110.536 22.2664 124.22
262 113.595 30.3757 123.841
263 115.283 67.4715 95.9646
264 115.164 2.19493 113.599
265 115.298 101.973 109.272
266 16.706 71.8741 116.689
267 1.76811 96.3604 21.8152
268 48.0344 0.446229 120.259
269 87.9591 115.146 118.965
270 16.6564 88.8505 112.917
271 16.4541 87.6363 115.804
272 36.7594 79.8016 124.824
273 3.60141 70.1641 114.908
274 0.8929 87.6408 120.659
275 32.191 81.7655 106.258
276 32.2773 82.4508 114.606
277 25.2138 89.6571 112.937
278 29.2185 109.524 -0.0901739
279 21.9518 79.682 16.2705
280 27.8779 99.1244 7.36699
281 19.7315 106.684 8.94771
282 15.1832 113.994 7.49839
283 6.36315 100.802 0.280863
284 3.87541 84.252 0.460835
285 2.68084 5.78261 125.682
286 34.242 111.28 93.2718
287 0.718798 33.7763 97.5051
288 21.7749 110.826 54.9774
289 113.651 104.113 35.4834
290 0.652455 1.6421 112.982
291 110.134 114.054 80.2281
292 28.1047 115.169 111.44
293 28.6926 -0.143536 117.804
294 16.7295 89.548 13.8918
295 85.3031 22.982 124.782
296 3.91616 24.1427 65.35
297 0.441416 85.1736 111.808
298 104.914 115.155 104.097
299 29.3184 103.916 -0.281907
300 24.4211 101.026 0.0224628
301 26.4379 89.1412 0.164747
302 0.929545 7.71753 82.7459
303 3.93133 97.251 58.3297
304 76.9017 3.17053 101.799
305 31.2537 111.079 67.2638
306 3.62867 102.485 35.2812
307 -0.284534 24.5228 31.6716
308 111.071 43.3474 94.6836
309 106.219 112.397 -0.743585
310 -0.727663 37.7454 5.8108
311 10.7389 110.087 104.069
312 3.94806 83.2925 49.6499
313 112.185 73.9993 34.4662
314 1.05706 21.4272 88.7915
315 34.038 0.281742 120.542
316 103.683 63.4854 -1.00819
317 27.0118 0.0337747 32.3654
318 111.49 109.364 58.5961
319 67.9848 107.7 123.881
320 0.766342 41.8329 102.776
321 115.023 110.707 115.752
322 0.547489 24.4193 121.085
323 3.21296 86.1076 56.7057
324 112.024 37.1008 28.6278
325 47.6292 113.458 124.161
326 56.7006 113.073 124.068
327 14.2665 73.2885 125.232
328 82.4451 101.972 123.736
329 48.2272 59.6156 75.0459
330 113.548 91.4223 123.656
331 5.34807 0.384351 97.8172
332 0.929881 35.9756 95.0438
333 108.863 4.26755 101.4
334 62.2115 96.3464 124.326
335 45.881 55.3986 -0.259758
336 3.61259 84.0503 96.9341
337 55.2151 -0.465581 2.30433
338 22.2976 114.985 100.047
339 28.0269 105.031 124.515
340 0.695484 101.968 117.17
341 8.28284 101.523 121.465
342 3.71343 107.34 114.365
343 36.9113 28.983 13.4812
344 26.638 -0.658087 19.4048
345 49.3083 -0.679205 16.6453
346 43.9154 15.3706 0.213285
347 57.8558 -0.530193 19.1393
348 40.2575 15.606 17.9997
349 31.9267 12.4741 0.70305
350 40.18 15.5497 21.0553
351 45.3041 23.0437 16.3222
352 15.6183 1.42924 76.3451
353 99.5829 7.84426 124.413
354 109.294 55.4294 -0.731414
355 3.77468 75.0466 43.7165
356 38.2389 114.298 7.3101
357 115.05 111.315 16.4033
358 82.3998 1.44217 24.0961
359 31.6465 3.73818 58.2437
360 0.65325 -0.101767 8.51941
361 114.861 98.1906 84.4139
362 97.9201 83.698 -0.984459
363 45.5528 56.2856 125.134
364 7.121 0.0183871 28.7874
365 32.1117 114.408 12.5955
366 1.36315 21.4791 82.9159
367 -0.732348 12.7419 14.7006
368 59.2601 110.895 72.1305
369 113.872 101.02 15.6733
370 42.211 113.941 106.47
371 45.3661 2.30621 124.867
372 110.897 16.9261 54.7444
373 71.4047 1.50291 27.1172
374 7.44394 111.278 63.7824
375 0.299041 90.8913 16.8372
376 4.00131 91.7608 67.59
377 113.892 78.7993 3.56832
378 0.575419 45.1044 117.713
379 1.05608 9.26653 68.3708
380 36.7109 67.8655 125.146
381 70.739 35.6947 124.803
382 61.3143 2.26446 35.897
383 3.91647 18.2327 65.0872
384 81.8093 48.5564 100.528
385 3.8653 103.5 0.320179
386 115.505 113.537 76.2881
387 8.27923 0.164423 104.505
388 45.3151 0.064225 112.413
389 48.052 47.9314 124.973
390 43.3739 21.9709 107.408
391 56.6714 107.382 124.269
392 113.86 72.4692 6.13603
393 53.9466 14.103 124.921
394 39.5329 5.13045 125.266
395 48.0937 23.4934 125.545
396 45.5181 26.4235 111.637
397 36.5916 0.553108 123.322
398 42.4335 0.486932 117.597
399 49.2426 24.7647 98.129
400 62.8446 10.8581 125.068
401 45.2562 22.6703 121.934
402 37.8842 26.3989 0.483372
403 38.1027 35.216 0.0353651
404 23.671 40.7585 0.409355
405 55.4211 23.7037 14.7619
406 55.1946 41.2135 -0.22947
407 52.4325 38.5839 5.94449
408 22.2514 41.245 5.93835
409 38.1095 45.7767 12.0106
410 32.4187 26.8062 0.604172
411 48.9568 35.2512 -0.0710883
412 28.0966 41.3262 8.97499
413 39.6756 36.7755 16.4069
414 111.751 6.38442 41.5529
415 1.01659 36.2507 100.253
416 50.363 57.7587 68.1095
417 28.1353 83.0391 20.8105
418 37.999 43.3921 11.9222
419 113.697 58.8614 20.8589
420 33.7501 51.1662 13.2507
421 21.7674 110.566 23.1752
422 113.802 106.65 9.05259
423 -0.365693 24.5625 35.3374
424 112.148 85.4149 37.3846
425 0.935186 87.3939 123.012
426 26.9689 113.224 106.551
427 49.5378 4.28406 87.2428
428 8.36704 5.02451 125.669
429 0.698455 13.1826 106.794
430 66.6722 101.458 42.7559
431 80.1754 110.559 123.999
432 115.703 8.09028 117.703
433 -0.383508 35.955 39.6565
434 64.6893 3.96705 84.5475
435 22.4615 0.287227 97.8833
436 -0.883788 38.2989 3.00624
437 57.9058 38.7234 0.0233248
438 106.239 64.2184 -0.684753
439 110.72 27.5796 33.4916
440 1.29988 71.5776 105.848
441 0.100106 5.52135 60.7691
442 34.0443 73.0689 125.045
443 39.7551 2.84451 89.2444
444 3.76043 113.267 107.877
445 83.8294 114.402 11.9966
446 19.5488 30.076 125.52
447 34.2046 77.5069 59.5305
448 22.5918 0.438471 112.182
449 22.8685 101.834 124.825
450 112.209 48.7173 31.085
451 34.3003 101.873 19.4535
452 75.7834 4.09391 78.4968
453 58.4804 2.58643 36.1147
454 111.042 11.7777 73.0221
455 113.834 86.687 18.0833
456 109.063 4.04908 95.4258
457 -0.729822 40.8573 37.0053
458 0.532995 41.8264 105.909
459 48.1893 0.214117 97.5307
460 60.955 -0.00360206 21.8702
461 76.469 90.5936 124.128
462 85.3356 27.3793 124.389
463 84.8202 115.354 116.022
464 110.892 6.50446 77.8957
465 81.0726 52.5574 101.223
466 64.8244 33.4221 110.046
467 39.6427 111.122 75.4443
468 6.97627 0.553561 46.5625
469 45.8692 35.0795 111.683
470 35.8322 47.8031 110.642
471 46.2799 20.672 117.633
472 46.675 31.2722 120.441
473 45.7063 33.7695 125.166
474 33.6797 24.2751 113.498
475 51.1073 27.3725 125.014
476 60.7038 44.8514 100.879
477 47.884 39.1389 110.479
478 49.5405 29.1493 120.316
479 37.9616 54.8665 106.079
480 38.1482 59.9854 13.8035
481 49.372 63.7653 -0.219315
482 52.0029 68.2491 12.805
483 49.5706 49.571 -0.203362
484 40.5555 106.878 -0.422513
485 71.4565 22.3612 124.965
486 4.25731 113.79 2.22134
487 30.5801 59.4809 13.2201
488 54.675 55.4806 11.4175
489 60.7411 53.048 -0.237986
490 16.4478 12.607 0.359606
491 68.2936 5.27705 124.982
492 25.1164 110.108 36.9326
493 98.8448 2.75791 22.1424
494 0.376369 73.1047 114.851
495 98.1474 38.8455 23.279
496 10.74 0.416779 118.261
497 2.39805 64.8112 125.141
498 46.5231 58.2047 76.7365
499 3.29711 64.0639 80.9871
500 110.866 13.1595 60.5488
501 17.6802 6.75152 0.870536
502 11.4372 2.62142 69.0453
503 0.0107587 2.13124 25.9166
504 41.4019 114.536 15.6556
505 2.90302 22.0056 125.487
506 104.105 114.269 14.7466
507 113.525 92.5396 29.4014
508 79.348 90.5597 123.868
509 37.8754 -0.538169 8.16572
510 4.1811 37.9557 67.8477
511 110.607 65.7259 71.4295
512 -0.213788 11.3273 46.3282
513 91.9213 2.18274 104.109
514 73.7567 102.206 123.842
515 110.857 11.0165 42.6412
516 31.3453 70.6979 124.869
517 73.5391 54.0287 102.741
518 104.972 0.613689 122.601
519 46.7314 114.348 6.93078
520 80.231 89.5629 69.6227
521 113.824 83.6557 0.444725
522 41.0445 59.3992 67.8462
523 18.1009 56.3077 89.9469
524 0.803625 38.517 123.657
525 -0.627251 55.5138 14.132
526 27.897 57.7336 112.074
527 43.4529 89.5982 -0.263456
528 55.0753 0.663073 97.1386
529 40.7457 49.0064 120.526
530 29.4824 38.578 0.274913
531 30.9668 61.8935 125.22
532 25.1682 57.087 110.583
533 57.2039 70.4017 124.812
534 33.8054 67.7377 110.316
535 48.0366 64.0731 113.012
536 64.8463 54.0424 101.392
537 32.5056 80.8193 -0.188523
538 43.5375 84.0726 -0.295476
539 25.146 72.0961 7.26216
540 56.9875 70.9109 9.89137
541 52.2513 82.6362 17.7753
542 23.7668 80.8273 0.135181
543 32.2102 55.5077 0.00902435
544 67.9658 114.739 101.477
545 96.609 100.863 -1.49211
546 115.459 115.08 104.349
547 112.256 60.1748 33.8012
548 0.877901 16.3958 92.0378
549 0.411353 8.37599 53.893
550 113.77 92.7991 23.7015
551 12.1362 111.059 84.3445
552 2.82268 25.3516 73.0881
553 113.926 44.919 123.785
554 1.16161 24.2043 77.6927
555 18.1146 0.306319 43.3976
556 115.334 4.96404 110.946
557 88.0748 27.4524 124.472
558 112.309 40.477 31.338
559 108.031 19.0121 123.919
560 110.467 114.186 55.7871
561 25.4481 12.7515 107.747
562 22.7318 36.534 125.421
563 109.902 114.05 17.7025
564 18.1927 21.8387 0.557994
565 71.8867 -0.526307 10.5658
566 99.2617 0.581787 108.926
567 3.6731 78.3958 88.4094
568 3.65612 67.0197 82.942
569 -0.688919 92.409 1.9515
570 112.179 8.76342 16.9247
571 25.566 2.66509 77.207
572 13.824 113.502 124.403
573 109.111 3.68005 34.3281
574 71.1749 50.1116 102.305
575 113.36 113.797 96.5288
576 30.8922 110.905 79.1615
577 95.2343 3.94431 93.1297
578 4.53008 1.49073 73.1265
579 99.4625 115.182 119.013
580 44.7092 0.320173 109.142
581 27.4651 97.2779 29.8531
582 87.933 114.729 98.2997
583 36.367 113.952 124.746
584 18.0546 38.6841 0.534411
585 73.7796 50.143 101.917
586 111.094 12.9954 21.5403
587 56.4333 110.194 43.2772
588 15.9503 0.163971 28.829
589 62.194 71.9645 71.9434
590 114.104 38.1722 1.30135
591 28.286 78.4296 84.0677
592 113.615 25.0248 123.969
593 46.5509 3.41187 46.4059
594 28.52 2.03586 41.5376
595 45.2329 84.8715 112.93
596 114.273 1.59712 0.0340575
597 110.767 59.4151 57.2532
598 113.952 81.2828 6.15673
599 2.42986 62.9174 90.5044
600 12.7132 21.1834 0.900256
601 43.8113 89.018 111.43
602 12.3867 9.71345 0.94554
603 48.7067 93.2489 118.291
604 2.2496 47.6912 41.9836
605 24.7332 110.137 28.8169
606 49.7259 114.381 15.9627
607 82.2872 93.7383 123.851
608 24.2265 0.484779 37.7648
609 53.7848 83.1898 111.118
610 39.0653 79.1179 110.18
611 50.9645 74.2263 112.681
612 42.5052 87.1978 112.949
613 38.2412 73.4608 118.855
614 44.746 87.694 112.892
615 53.7137 79.7304 112.888
616 38.8645 96.7218 7.1425
617 43.7557 114.258 1.68475
618 54.9692 112.366 -0.401035
619 26.6594 95.269 8.89726
620 49.1354 114.406 1.71525
621 53.5393 101.204 13.9663
622 59.205 98.1622 11.5056
623 38.1218 108.329 13.795
624 40.9751 85.246 11.0432
625 37.0257 111.059 4.16007
626 49.5053 102.477 10.2513
627 113.899 78.1271 21.0809
628 115.755 107.96 86.9114
629 62.4589 110.605 60.3711
630 56.6968 64.529 124.596
631 46.8178 4.09291 73.2976
632 2.62721 27.8244 54.7567
633 110.512 8.46608 18.9369
634 114.612 112.168 89.7871
635 95.149 2.79927 24.8571
636 78.125 15.752 0.0929849
637 0.6061 76.6844 109.044
638 -0.373786 5.37414 54.5046
639 3.0489 100.525 25.7071
640 65.2242 115.777 115.001
641 31.1951 103.692 125.144
642 113.931 80.2611 80.6113
643 103.413 3.98426 54.7991
644 51.9956 101.223 -0.521935
645 21.3444 18.1908 0.700922
646 113.706 84.6473 23.9052
647 113.873 81.5645 17.9442
648 114.817 95.869 86.889
649 91.7493 3.08178 31.6717
650 103.398 114.762 4.62124
651 60.7581 49.1076 -0.432484
652 106.284 4.14637 78.2164
653 75.034 3.92196 64.0925
654 115.146 98.7313 121.386
655 112.306 65.9057 36.8803
656 59.9987 70.556 124.592
657 35.2946 114.209 14.9613
658 73.9114 62.3124 124.61
659 -0.0629446 24.3852 40.3221
660 110.852 5.1117 25.5968
661 40.716 1.29671 1.03318
662 49.3664 1.7221 93.3086
663 63.8573 29.2587 -0.0692938
664 -0.741992 61.2902 5.46389
665 26.0432 49.6539 0.206834
666 62.4112 104.725 124.091
667 69.4592 63.8398 28.9658
668 0.645259 87.5646 109.338
669 1.06493 13.7456 123.722
670 110.995 81.9135 47.5051
671 55.3374 -0.528601 13.21
672 75.2903 50.0325 -0.602942
673 3.9345 98.4464 85.1073
674 110.652 8.07535 28.0664
675 45.2351 110.276 33.8668
676 107.703 0.363128 117.276
677 113.567 104.135 46.3997
678 102.666 59.229 123.95
679 103.407 29.6075 -0.688725
680 42.6598 90.6264 124.686
681 42.1184 97.6215 116.671
682 43.8399 107.689 119.118
683 36.5774 90.3846 124.72
684 50.7775 115.292 111.33
685 35.1589 104.14 111.267
686 33.3797 115.137 110.903
687 41.8953 115.149 122.553
688 36.8029 96.2777 124.578
689 57.5142 102.078 124.68
690 59.478 113.278 124.088
691 66.5701 4.3284 0.286344
692 69.2326 32.5279 -0.21697
693 79.1808 23.8935 1.09119
694 74.0797 18.4485 6.26325
695 66.412 15.0664 0.0981873
696 62.5798 14.0655 16.168
697 55.332 -0.0241396 22.6363
698 111.904 114.031 20.6765
699 62.3951 18.3292 13.2432
700 1.12974 13.5778 82.677
701 115.667 47.4275 116.297
702 112.968 114.152 72.7328
703 40.7578 77.3045 -0.41667
704 30.0372 3.82653 61.3765
705 61.1175 5.58188 13.3056
706 -0.261546 8.19445 48.6711
707 75.2518 -0.225816 15.8705
708 -0.775277 10.0528 11.7181
709 3.20435 2.81996 71.4603
710 110.971 59.9412 62.9476
711 105.433 39.2838 123.948
712 100.432 114.655 49.9707
713 4.03737 102.782 49.7661
714 9.75611 111.82 18.0061
715 115.325 42.0467 105.332
716 0.00814561 3.43833 92.2741
717 86.9825 3.61637 91.4042
718 0.236403 9.76031 60.8329
719 3.78803 63.4662 43.5265
720 32.7857 2.43162 47.8859
721 -0.612461 24.2306 5.88137
722 92.2067 57.7446 -0.882196
723 19.1109 3.60764 64.1361
724 110.951 22.4785 55.2241
725 48.4322 28.227 125.133
726 115.377 84.6396 118.77
727 63.9012 3.45409 39.9794
728 99.1194 114.36 86.6806
729 57.3756 69.4036 -0.433209
730 106.15 -0.320386 1.64327
731 110.89 0.558163 16.2778
732 91.7743 80.9917 -0.770913
733 83.5532 9.58282 108.544
734 83.0021 10.5866 118.57
735 83.6028 9.22394 120.038
736 86.5414 21.6162 111.362
737 68.9986 20.5409 117.39
738 67.9453 0.281834 112.03
739 73.4526 24.7479 104.28
740 82.5326 16.7767 124.62
741 62.3558 19.2518 118.93
742 72.4674 13.6015 119.54
743 80.6849 29.2203 114.211
744 59.4123 0.449299 120.524
745 62.1684 16.1148 125.099
746 62.455 0.106955 111.758
747 59.68 16.3419 124.925
748 71.7928 26.7823 -0.296728
749 72.4037 41.0872 -0.297302
750 88.0415 52.6956 10.422
751 80.1226 27.1567 23.0212
752 72.3656 32.2924 -0.310518
753 63.7902 18.3291 -0.0109859
754 88.0625 1.372 17.0989
755 52.4844 46.8064 14.449
756 6.79179 113.821 1.75582
757 45.6294 55.4769 75.5755
758 59.8101 28.3336 13.3321
759 31.1155 2.52876 80.3828
760 103.839 2.1226 107.0
761 112.222 114.479 92.4567
762 3.82751 -0.408706 3.21263
763 3.96662 97.5461 76.0054
764 113.982 101.117 12.7976
765 99.2468 108.073 123.508
766 104.823 3.57566 69.3112
767 1.19076 2.35684 68.5482
768 0.862611 68.1854 28.9025
769 113.739 87.1224 34.8065
770 1.68241 11.6695 71.0819
771 110.743 30.6771 42.2506
772 16.7517 110.268 40.8458
773 80.4921 113.248 77.9293
774 107.494 114.0 78.1217
775 24.1063 3.63473 58.1138
776 0.655031 98.7661 119.986
777 5.65655 110.427 58.3842
778 66.6853 73.6594 64.211
779 46.74 -0.23943 19.3214
780 112.335 37.2421 23.2394
781 11.3364 16.8185 125.425
782 22.4641 48.7889 74.1279
783 52.2691 0.978026 94.5221
784 56.5843 0.207879 105.862
785 6.72567 0.694979 55.3108
786 113.935 18.5857 15.1972
787 0.620324 19.1451 102.94
788 53.9377 25.8812 125.242
789 64.095 14.0074 59.4746
790 8.81874 81.9958 19.7154
791 87.7333 101.812 123.643
792 -0.617892 9.88258 3.15974
793 8.47043 0.112692 78.4431
794 26.7739 44.3199 69.0608
795 5.37564 8.38342 125.599
796 47.9886 110.611 63.9181
797 109.378 115.007 100.988
798 25.2908 38.5551 69.1735
799 74.8074 3.77575 55.1848
800 78.0492 41.0882 111.353
801 106.34 3.7932 42.6019
802 89.2938 114.303 14.8921
803 0.797699 51.7293 32.6771
804 59.515 24.9866 124.869
805 71.1297 30.8776 124.679
806 62.0627 24.9846 116.039
807 83.622 27.93 114.679
808 66.8192 34.6896 111.587
809 82.0822 31.0116 115.644
810 89.8059 49.4913 -0.814012
811 69.8423 58.2147 -0.828008
812 52.252 61.0986 -0.276017
813 59.7097 56.8823 12.8299
814 64.87 62.4583 9.8399
815 72.0775 49.998 8.46447
816 65.3207 59.0496 15.7479
817 92.3469 72.7508 16.7079
818 63.6243 52.1344 -0.373049
819 82.5937 57.0207 12.6087
820 82.4117 45.5119 9.8003
821 68.1206 25.8882 33.8004
822 62.4972 69.3034 74.59
823 113.865 103.734 12.1419
824 96.9512 39.0474 24.4553
825 114.113 9.86656 10.2572
826 63.3061 69.3948 70.7949
827 56.6452 64.0682 5.57777
828 103.153 112.315 -0.985198
829 16.6872 110.373 28.745
830 82.3409 24.0173 125.231
831 112.091 92.6386 72.4284
832 63.711 -0.305399 2.48397
833 114.045 54.9859 6.55986
834 4.00363 111.41 81.2401
835 58.6177 3.53766 49.2429
836 1.53487 97.7693 18.6147
837 110.609 73.513 68.5838
838 3.65301 90.3123 96.6483
839 113.649 52.5809 1.31155
840 49.2983 -0.056428 28.0223
841 -1.45713 26.944 12.7673
842 18.0422 1.4167 1.28267
843 79.6237 0.605332 120.252
844 55.6409 4.19437 83.8693
845 32.12 15.7338 0.43819
846 52.2834 114.452 6.66218
847 110.939 20.0618 51.4935
848 74.9603 100.874 -0.639115
849 115.216 96.2846 115.697
850 56.6634 110.329 36.6837
851 49.576 52.8977 -0.286179
852 86.8504 45.5899 97.6194
853 74.0824 52.6014 101.602
854 53.508 0.296362 100.624
855 26.6146 15.4795 0.634801
856 80.4873 52.432 104.846
857 66.4334 12.892 0.211104
858 111.434 11.5146 95.2696
859 66.7668 114.367 32.2314
860 83.0298 76.3467 52.3144
861 41.7577 110.267 28.5396
862 69.1527 66.2453 111.285
863 84.8813 98.1383 -1.39871
864 114.722 89.9735 84.65
865 85.2107 43.1654 115.428
866 111.083 18.473 22.2876
867 75.134 72.6354 116.98
868 86.5353 44.9457 114.3
869 85.1309 46.4463 112.724
870 81.1449 47.9215 125.116
871 71.4057 67.7892 124.602
872 79.609 55.7683 124.46
873 93.2466 67.5328 106.553
874 73.7371 63.4761 115.968
875 87.9165 59.5712 124.305
876 89.3251 70.3381 7.95868
877 58.4884 72.3439 8.47609
878 86.3399 89.4773 8.09963
879 65.0119 80.8623 4.36735
880 63.9205 92.4717 -0.651745
881 60.5457 72.838 -0.345012
882 66.9194 71.1603 18.0251
883 63.6152 83.3552 5.28337
884 69.5438 63.5835 -0.64389
885 64.1024 86.8773 5.4713
886 112.922 9.70816 99.6668
887 73.2901 82.5949 9.65811
888 100.399 29.8914 -0.418204
889 89.1502 32.3905 37.6136
890 20.7382 0.226873 29.0188
891 57.9238 87.0852 14.1527
892 -0.0855749 21.804 43.0254
893 22.6766 0.198109 117.233
894 52.3711 103.874 -0.357593
895 95.6703 114.524 83.652
896 11.1931 2.65836 125.595
897 47.8224 0.331279 114.671
898 2.55249 20.0084 70.2821
899 101.624 114.0 80.5296
900 3.62145 95.2453 99.8416
901 25.6882 110.749 72.3483
902 93.7521 73.3191 124.203
903 115.227 78.5533 87.8408
904 94.7598 2.14413 20.7484
905 0.42226 50.0667 112.018
906 -0.87638 2.53962 45.226
907 62.3373 0.417127 114.468
908 20.0637 2.13586 53.4819
909 1.33617 2.80616 124.118
910 112.942 79.9852 32.9754
911 44.7425 22.0019 125.321
912 68.2822 111.076 75.1845
913 67.1803 110.959 72.0963
914 16.4966 110.744 69.6559
915 79.1461 34.6628 33.6033
916 115.479 13.8888 122.404
917 14.1556 110.299 54.7455
918 38.2679 95.4428 -0.363877
919 1.09601 78.9983 123.788
920 2.37593 0.849352 52.2436
921 9.63298 114.112 108.193
922 3.87859 85.686 49.5948
923 56.8478 68.9631 111.587
924 69.4258 4.22759 92.9248
925 20.1615 1.88042 50.5025
926 110.743 33.0734 36.0952
927 42.2323 110.437 31.833
928 110.139 4.11188 42.8813
929 85.5984 84.8983 124.089
930 59.4672 84.8004 124.441
931 80.1254 70.8456 124.428
932 84.5677 86.0669 113.7
933 77.8915 84.8626 113.568
934 68.4646 70.6658 124.701
935 70.8133 78.9469 124.466
936 68.3672 70.6715 115.621
937 68.4454 90.8548 124.463
938 79.4458 99.2108 9.58628
939 58.314 108.186 9.64244
940 56.7629 93.7239 6.85498
941 69.3498 92.1461 -0.697542
942 80.9792 112.268 -1.10701
943 75.2635 114.474 26.2778
944 79.8524 39.1837 124.508
945 112.22 71.7794 40.0776
946 114.778 67.8684 123.868
947 28.1558 110.177 46.0309
948 22.752 115.489 100.301
949 114.858 103.921 95.5666
950 108.878 4.37357 71.9407
951 115.347 10.6657 108.489
952 3.81298 44.24 79.6484
953 -0.676496 56.0957 16.9463
954 51.0016 110.984 66.0154
955 28.515 111.327 87.5948
956 40.4855 66.4108 -0.23934
957 76.7426 1.7201 29.2109
958 109.104 114.019 29.4906
959 110.743 89.8523 50.2625
960 69.7619 69.6989 -0.502513
961 0.964855 19.4258 121.037
962 25.1375 114.791 108.916
963 55.233 3.99064 0.396394
964 37.9649 41.1671 -0.0385947
965 2.20122 74.6903 101.245
966 110.443 113.569 63.5983
967 112.452 32.9153 -0.355201
968 6.82352 72.1225 0.597507
969 111.746 12.5576 -0.16787
970 98.0933 38.7253 25.869
971 69.165 3.8616 61.1223
972 103.953 3.3905 37.0014
973 106.131 4.61846 -0.127185
974 113.984 104.695 17.7277
975 22.5411 110.702 66.7846
976 68.0621 1.63054 29.7284
977 111.442 20.9742 104.507
978 7.91657 87.9326 125.052
979 113.993 9.96741 15.0473
980 115.362 45.325 105.187
981 94.92 112.545 -1.05066
982 110.883 47.8379 74.7406
983 76.0541 114.975 104.288
984 56.4839 114.671 95.8485
985 114.817 81.6083 84.8144
986 115.459 87.8065 121.437
987 33.7856 93.1834 20.084
988 114.771 104.579 84.0119
989 97.9764 24.2132 -0.262669
990 77.1038 73.6144 124.406
991 109.337 4.6968 47.5028
992 0.97611 23.4038 52.8761
993 47.3545 81.9842 124.929
994 102.228 0.440296 117.424
995 61.3851 -0.422402 13.5403
996 72.289 94.9369 110.793
997 12.6098 -0.228731 19.9815
998 67.485 101.984 123.928
999 62.1552 115.27 119.147
1000 76.5007 107.675 123.819
1001 65.1388 94.2371 124.382
1002 90.818 90.8065 123.872
1003 57.9819 90.4272 120.625
1004 85.0936 115.11 113.266
1005 50.8314 115.236 116.394
1006 95.8259 104.917 114.714
1007 72.3612 105.935 119.285
1008 113.922 12.5575 0.886952
1009 105.645 19.852 4.18602
1010 87.8859 19.3003 7.16915
1011 106.641 -0.373911 10.2155
1012 89.1617 3.32026 -0.549942
1013 96.7306 17.2652 10.065
1014 93.7435 20.2682 9.99131
1015 115.175 19.1932 108.773
1016 1.03565 100.63 108.65
1017 64.1897 3.54362 46.2992
1018 91.8253 11.5532 10.1184
1019 3.37572 108.18 26.4199
1020 110.747 13.8687 52.1395
1021 71.1273 12.6742 20.9141
1022 66.5785 114.382 18.5541
1023 2.40011 39.8759 78.8172
1024 71.1417 74.9172 124.963
1025 20.1518 2.95149 70.0333
1026 35.2244 23.7705 0.479086
1027 106.303 114.818 49.6634
1028 2.21977 46.3389 84.1293
1029 71.0558 29.07 33.77
1030 60.8533 4.21282 72.9656
1031 113.758 104.588 20.7016
1032 103.304 4.15058 84.1338
1033 0.679479 65.0942 118.218
1034 114.795 115.014 107.35
1035 114.08 15.6387 10.1484
1036 100.531 1.42414 -0.460739
1037 32.2078 49.2941 0.32713
1038 70.5882 0.24921 106.784
1039 112.265 43.0228 29.0486
1040 110.707 36.0861 39.0457
1041 50.8929 59.0065 125.019
1042 114.999 90.7506 92.5612
1043 2.44289 19.813 60.3321
1044 112.235 105.676 51.6602
1045 114.696 54.1322 1.20988
1046 110.666 78.8264 65.143
1047 113.655 78.2077 0.543596
1048 4.10079 60.8911 49.9629
1049 4.05642 58.2776 61.7645
1050 114.952 107.699 104.286
1051 79.3781 114.68 98.7278
1052 74.8037 92.93 -0.692712
1053 113.355 107.212 70.9425
1054 115.398 36.5605 121.933
1055 83.6053 3.08853 31.5396
1056 102.146 2.60625 106.767
1057 113.823 9.6149 4.38594
1058 77.8538 18.1963 -0.0188061
1059 92.0368 92.8238 -1.05294
1060 -0.072123 56.1862 108.001
1061 3.93548 52.242 64.8127
1062 45.5005 55.5147 77.7672
1063 53.9644 22.4694 124.921
1064 112.303 62.5445 25.591
1065 108.133 3.06375 25.3072
1066 100.648 5.07559 113.23
1067 115.305 13.855 113.667
1068 113.706 5.23523 123.977
1069 100.179 16.2181 98.4698
1070 91.9829 35.5382 -0.729972
1071 89.3228 43.2394 -0.694749
1072 92.3426 18.8005 2.76695
1073 99.6769 45.9405 15.5514
1074 100.75 42.6467 2.63026
1075 99.3826 44.4514 3.8003
1076 104.037 32.6551 11.2243
1077 86.5826 31.9341 11.5647
1078 102.673 38.4008 11.1826
1079 75.2401 56.0576 43.9833
1080 115.328 11.0533 116.568
1081 110.696 6.51688 72.3898
1082 39.5254 64.8601 124.984
1083 112.543 7.95215 102.553
1084 114.106 21.2996 15.1085
1085 62.2774 112.667 33.6593
1086 103.415 91.6174 -1.36404
1087 58.466 114.368 29.346
1088 115.37 8.3583 110.895
1089 110.764 36.9391 71.7918
1090 110.727 24.3058 36.7433
1091 69.3666 54.1721 70.2946
1092 0.769027 10.7652 100.925
1093 38.6685 -0.60375 14.004
1094 15.0949 1.35399 1.07282
1095 72.7079 4.6023 90.214
1096 19.0812 111.732 104.809
1097 23.1566 21.9809 125.702
1098 82.7778 50.7545 103.523
1099 80.6767 3.66737 77.0556
1100 83.8459 114.386 18.1297
1101 39.5605 1.53396 36.3037
1102 89.4474 33.0764 -0.505279
1103 33.0202 0.0177432 28.771
1104 45.0234 59.486 76.8915
1105 31.9894 113.481 104.098
1106 39.9452 81.891 124.895
1107 3.88703 80.0724 52.4843
1108 110.649 47.5079 51.0549
1109 82.5048 107.592 123.831
1110 110.78 16.9258 43.2256
1111 110.689 28.6894 48.8196
1112 113.785 10.8413 124.17
1113 108.544 5.46179 18.8219
1114 70.8246 113.496 123.805
1115 2.78965 108.778 85.8075
1116 87.4912 110.845 63.6718
1117 98.2242 4.10028 90.8144
1118 70.7518 27.8894 35.3247
1119 50.9695 60.1981 85.373
1120 0.94926 44.9427 94.6832
1121 19.5782 0.279974 106.796
1122 3.90564 46.5322 52.5897
1123 95.6242 114.948 101.213
1124 103.322 112.366 58.0147
1125 0.823445 68.5501 24.0534
1126 1.39856 -0.338854 6.14219
1127 92.1222 32.1891 111.069
1128 83.7663 49.7501 -0.692993
1129 102.39 44.6399 115.134
1130 111.222 25.0163 123.935
1131 113.853 39.4092 123.769
1132 107.918 46.2413 104.388
1133 115.272 42.519 113.745
1134 105.122 44.9908 124.142
1135 105.044 35.004 109.592
1136 84.9744 59.4003 124.407
1137 92.1754 55.1124 8.27657
1138 106.626 54.1016 12.5853
1139 91.9436 52.6339 -0.548536
1140 102.952 57.0445 15.3357
1141 115.236 73.1615 92.6082
1142 3.7844 105.708 38.2289
1143 59.6433 62.6347 124.939
1144 90.5949 54.2081 12.6441
1145 74.8468 56.3712 46.642
1146 66.458 1.39225 99.3859
1147 1.33611 97.6042 0.120137
1148 102.278 58.3127 8.30074
1149 79.1843 115.043 121.807
1150 111.59 14.116 98.0021
1151 113.086 114.965 110.224
1152 0.688194 29.134 46.1707
1153 114.91 82.324 123.592
1154 29.7329 83.7401 0.135845
1155 115.019 96.3667 109.91
1156 8.55376 111.428 95.8578
1157 42.1051 111.016 72.6066
1158 35.505 3.92101 64.3478
1159 5.59197 110.541 94.4304
1160 85.1269 113.077 45.1752
1161 25.0975 0.394768 112.375
1162 110.914 11.8342 74.7199
1163 48.0161 6.66957 -0.0519836
1164 115.122 64.9689 117.022
1165 53.4144 110.135 37.4387
1166 23.6683 56.3698 -0.211817
1167 25.2964 82.4766 124.922
1168 49.6966 64.5485 41.0063
1169 114.259 113.678 33.9598
1170 110.96 19.5196 57.0082
1171 113.738 9.74093 7.33376
1172 57.3079 115.663 116.391
1173 92.2104 2.74241 24.7291
1174 113.201 25.7883 16.0902
1175 52.1978 112.248 -0.423369
1176 3.83676 71.232 49.8136
1177 43.3933 4.55491 87.5506
1178 13.1951 111.29 99.0891
1179 115.37 33.1315 105.531
1180 0.840511 84.6817 123.593
1181 50.7563 59.6091 75.2831
1182 51.2927 61.7003 84.199
1183 112.439 49.9292 93.5852
1184 62.002 73.8622 74.7193
1185 2.35666 79.9601 99.5712
1186 115.585 19.1704 115.569
1187 103.701 84.1755 -1.17416
1188 74.5869 3.38984 43.1222
1189 1.08873 1.74664 59.4644
1190 110.615 16.3273 33.6709
1191 37.5845 98.214 -0.429381
1192 80.8525 103.661 -1.03739
1193 97.9887 4.11991 69.2546
1194 58.3835 76.6204 50.8939
1195 53.7389 1.84567 125.09
1196 78.91 27.9345 124.624
1197 50.97 61.905 86.4822
1198 99.4319 63.2691 104.75
1199 57.1233 75.1359 51.2121
1200 99.2226 60.5068 106.661
1201 84.5135 56.4045 118.369
1202 87.5235 59.113 118.219
1203 108.073 56.6015 123.845
1204 98.3669 68.899 113.681
1205 93.7414 57.0136 124.218
1206 108.077 64.818 123.711
1207 81.3526 83.7434 -0.85866
1208 89.1913 80.5875 -0.878521
1209 100.878 90.0087 7.99445
1210 113.766 75.3944 3.50112
1211 86.7139 88.4192 25.4444
1212 106.564 82.4395 10.5747
1213 86.5063 80.4847 -0.974706
1214 78.0147 69.8165 19.8409
1215 86.3979 76.8434 10.567
1216 113.819 87.0232 0.651306
1217 110.438 3.08072 65.4461
1218 0.535015 78.8604 112.079
1219 33.9393 110.024 42.7397
1220 110.912 39.9491 89.4992
1221 115.41 99.7982 92.6359
1222 82.1736 110.519 45.7684
1223 93.8312 48.3696 124.216
1224 77.4286 86.7927 11.0702
1225 3.94441 68.7998 37.9055
1226 61.2457 3.58885 49.3933
1227 60.3202 111.597 75.1639
1228 42.4575 0.579418 123.328
1229 25.1489 42.5219 125.165
1230 3.78064 52.217 82.3344
1231 -0.361667 10.2886 25.8541
1232 83.793 69.8182 -0.618663
1233 110.971 45.3938 48.4949
1234 47.0935 114.27 21.0166
1235 111.955 38.7474 20.0867
1236 4.0056 46.9502 73.3532
1237 3.85084 63.3175 55.434
1238 48.2843 70.6574 124.76
1239 40.542 37.8678 0.0997546
1240 67.8997 96.469 124.007
1241 35.6023 55.3094 0.067304
1242 50.9613 111.356 87.6099
1243 115.1 75.705 89.979
1244 69.681 41.7836 103.354
1245 113.939 35.5204 14.6079
1246 -0.726282 12.8459 8.82996
1247 2.51974 28.4405 73.2175
1248 32.1132 90.7654 -0.644732
1249 85.0643 61.4948 71.681
1250 99.2912 102.051 123.585
1251 12.6151 113.979 10.5588
1252 5.99893 111.205 76.6036
1253 112.411 88.6847 45.4959
1254 11.5233 110.663 22.9839
1255 110.802 42.8523 81.0843
1256 113.272 87.1561 37.1172
1257 19.7169 76.2909 125.194
1258 101.297 114.519 46.7057
1259 114.065 59.2777 123.645
1260 3.3423 110.418 60.9579
1261 -0.734672 58.3853 10.7405
1262 3.9222 80.0007 70.362
1263 86.4058 75.1716 110.964
1264 95.456 114.873 107.347
1265 96.0525 114.759 98.7988
1266 107.819 76.3231 111.904
1267 88.1749 73.7293 123.961
1268 115.348 73.8378 110.533
1269 93.784 69.1477 124.756
1270 115.362 87.6816 113.217
1271 107.901 79.4294 111.877
1272 96.3568 85.1182 117.694
1273 93.3213 85.1855 117.799
1274 109.277 81.6318 119.123
1275 93.5493 60.6118 110.827
1276 115.34 82.2 116.29
1277 96.5248 88.0095 123.916
1278 82.4046 80.565 115.825
1279 105.27 90.5075 114.644
1280 105.132 76.2324 120.591
1281 110.848 92.3557 6.47818
1282 95.0865 114.164 12.2103
1283 112.088 114.151 6.30783
1284 113.966 97.6246 14.7856
1285 99.3837 109.576 12.9807
1286 90.7925 113.583 48.0618
1287 -0.920196 84.2233 13.7693
1288 113.669 113.494 99.6
1289 80.7566 3.65431 54.7993
1290 113.748 72.8643 29.4118
1291 110.762 16.1086 21.8174
1292 93.5387 0.600878 122.953
1293 58.1196 58.0639 49.7104
1294 84.642 110.799 66.1918
1295 -0.962205 4.52459 1.04424
1296 89.0451 6.61226 -0.171431
1297 103.023 3.9637 63.7052
1298 66.2118 52.2909 -0.692328
1299 52.8645 65.3806 65.8463
1300 114.156 58.8658 9.5792
1301 114.89 86.84 87.4387
1302 110.531 48.6412 69.0171
1303 97.3629 4.15297 66.5408
1304 32.1295 95.3676 0.125514
1305 114.439 111.923 67.9197
1306 18.2223 84.0913 0.180989
1307 80.7977 106.553 -0.895152
1308 110.708 67.9352 44.7951
1309 113.401 115.036 115.863
1310 84.6817 114.632 85.0902
1311 115.092 67.6504 101.816
1312 89.3115 29.7113 -0.257913
1313 0.848414 53.1101 97.2303
1314 101.94 14.0237 124.401
1315 0.492025 0.0319207 83.4964
1316 111.983 100.711 67.0659
1317 110.8 33.664 51.7767
1318 97.71 1.10386 -0.449103
1319 62.1453 70.9966 75.2646
1320 -0.811478 32.5564 11.9273
1321 25.3068 0.147079 100.868
1322 74.5307 55.5328 -0.370058
1323 82.7096 114.564 20.9815
1324 85.3772 81.6987 124.178
1325 0.432604 99.0403 114.441
1326 8.00571 110.602 69.671
1327 113.907 33.0661 15.7875
1328 19.0564 110.505 25.8089
1329 39.22 93.2422 124.647
1330 79.3776 113.248 42.1134
1331 32.0487 112.439 99.3074
1332 68.3939 28.1177 124.819
1333 96.3041 110.306 111.626
1334 103.564 96.2159 114.498
1335 87.7022 106.964 111.816
1336 114.306 104.71 123.254
1337 115.223 101.46 118.525
1338 115.15 101.783 115.485
1339 105.473 110.286 123.656
1340 115.047 109.946 104.062
1341 85.2207 94.6701 105.105
