0 6.55144 15.7138 0.902909
1 6.95942 9.60785 7.2163
2 16.4055 28.2791 13.8277
3 26.5164 -0.604316 14.1837
4 26.8257 4.23149 0.973223
5 9.6344 4.62769 4.37039
6 4.14879 9.76311 4.36166
7 12.5378 2.63851 11.6214
8 23.9503 15.6069 0.842466
9 1.09493 15.2934 1.31626
10 47.9851 5.56038 85.209
11 3.09487 0.39916 102.856
12 96.0078 4.91663 66.933
13 33.4652 0.257953 111.035
14 113.262 88.6167 81.2805
15 57.5637 109.344 -0.705521
16 54.6298 95.5126 -0.751649
17 98.135 1.56379 -0.378091
18 28.6102 5.41698 67.9346
19 13.7231 109.754 105.5
20 32.42 47.0737 0.173673
21 89.5793 4.87215 26.5326
22 113.969 44.0595 6.17999
23 113.175 80.3916 82.0598
24 26.5221 110.031 90.9545
25 85.6066 44.7743 126.072
26 102.446 65.0821 125.62
27 88.0147 4.41313 42.0051
28 29.4317 103.478 -0.364287
29 9.38168 109.056 44.7216
30 110.826 64.268 43.3829
31 40.4982 109.611 35.2839
32 33.2171 84.1908 21.4094
33 5.7858 104.038 99.7838
34 109.489 40.8641 43.1973
35 104.517 4.83518 87.3851
36 97.6587 75.3601 -1.03252
37 4.98093 56.9616 85.3668
38 0.69484 27.6912 114.255
39 113.335 28.5768 15.9469
40 59.0617 114.751 98.5138
41 106.352 4.27731 17.5302
42 113.978 89.9469 20.6823
43 4.65538 -0.106232 28.5489
44 93.6137 0.424031 110.887
45 53.5898 2.93787 127.508
46 5.26859 25.5114 66.0151
47 4.85365 90.184 65.2083
48 10.1074 0.395046 79.8694
49 41.6108 57.5714 69.8571
50 43.3704 1.13075 0.764874
51 22.5138 22.9647 118.234
52 4.28621 0.869698 65.9387
53 35.4266 113.279 126.946
54 68.2233 5.44607 79.8579
55 113.96 95.5314 8.86055
56 96.5962 4.63831 34.8546
57 80.5179 2.26047 109.053
58 -0.475888 7.60247 26.3881
59 9.58991 13.6843 116.212
60 3.94179 13.5443 117.014
61 11.2191 0.296142 114.215
62 28.0562 10.7122 127.223
63 25.6346 10.6805 127.149
64 3.07163 0.654993 122.661
65 16.8355 4.86024 124.076
66 16.5903 33.2933 8.07747
67 20.9733 41.333 9.36924
68 19.6136 39.6983 7.93575
69 -0.731896 44.0935 13.6844
70 16.9178 25.1881 11.1321
71 0.475576 55.5724 0.769266
72 21.003 29.5742 0.833959
73 1.04661 18.1462 1.24598
74 114.032 101.773 38.407
75 16.6332 59.2386 127.029
76 111.924 113.99 37.6978
77 82.5033 4.79316 55.6481
78 39.1987 0.0704615 96.9009
79 73.9565 85.0771 126.113
80 44.1511 0.0409706 31.0057
81 69.6857 28.6863 34.865
82 66.8377 114.286 15.3066
83 5.26587 90.6257 126.836
84 69.6045 3.57629 35.7494
85 7.13257 109.946 63.002
86 0.824945 33.6801 105.1
87 58.2745 110.298 43.3851
88 50.0369 44.0208 -0.277257
89 8.36749 112.514 17.2749
90 104.708 4.90601 57.9369
91 96.6736 110.005 63.4696
92 62.4695 0.599097 125.322
93 33.4494 18.3627 0.228605
94 20.3903 61.019 0.431312
95 29.6496 111.342 18.2597
96 110.005 54.4856 52.2467
97 12.3972 113.924 1.8736
98 105.387 39.0597 126.064
99 68.5225 1.3622 20.5512
100 104.809 59.4066 125.863
101 83.6929 50.2648 -0.668862
102 5.0406 68.081 64.7019
103 5.12946 107.767 96.9095
104 26.1033 83.6075 -0.0613034
105 46.1777 109.756 70.823
106 92.1452 97.619 -1.14638
107 5.02463 58.7208 42.559
108 68.3453 5.12378 83.2162
109 50.6533 0.0967848 97.246
110 110.426 9.64853 77.2651
111 5.53024 13.4845 127.775
112 79.4331 110.549 125.557
113 110.798 7.61385 65.7626
114 -1.6542 2.94573 18.6074
115 15.162 12.4731 0.858828
116 114.293 98.7253 80.3242
117 101.055 49.6252 -0.725606
118 5.15491 68.7223 92.0676
119 107.569 115.081 111.635
120 4.45223 95.7018 39.4703
121 0.560573 79.0475 111.172
122 15.4229 87.1327 98.8554
123 -0.32484 10.0124 40.0753
124 96.9608 102.014 125.37
125 35.7807 32.1741 116.677
126 26.5428 43.47 119.461
127 22.0387 44.7375 121.136
128 0.647067 22.2219 108.814
129 19.5347 51.0571 115.341
130 5.22136 36.7103 127.307
131 13.8701 45.0447 127.209
132 23.7112 24.9337 115.767
133 27.912 22.0356 115.335
134 26.8373 68.3813 18.8508
135 3.5719 61.0126 0.728575
136 22.4863 68.6411 13.3364
137 22.5279 65.4097 13.4398
138 -0.864783 49.5338 19.8355
139 -1.00649 67.0349 11.0867
140 18.3163 46.7448 9.34128
141 81.0617 -0.250545 15.9326
142 0.815258 62.3493 119.64
143 63.9045 -0.545706 13.2799
144 97.7475 -0.153373 -0.628767
145 82.7284 5.30078 94.1243
146 25.8777 65.4037 13.3727
147 56.7001 76.0149 126.563
148 19.4778 0.414547 122.576
149 113.252 112.245 -0.55431
150 102.106 79.5233 125.622
151 0.20904 88.108 113.756
152 43.9972 3.11151 42.9596
153 36.7911 42.2521 127.046
154 80.1252 43.9849 -0.674424
155 5.00331 67.9894 76.7835
156 60.5266 80.8656 -0.483762
157 50.6033 114.633 101.699
158 -0.701184 47.0192 33.7209
159 47.9414 5.05553 126.91
160 -0.727419 46.6276 16.6465
161 10.8565 108.095 106.072
162 74.0261 115.271 109.515
163 65.2692 111.673 83.5129
164 109.976 88.7265 54.6862
165 41.9964 111.517 98.2494
166 4.49672 53.0073 71.3085
167 53.9203 5.18791 61.8341
168 66.2762 50.5507 126.891
169 -1.16853 61.0045 8.33259
170 -0.541337 29.7525 11.3654
171 92.2569 2.01115 17.76
172 4.98193 102.212 84.9228
173 5.10389 2.35014 71.2489
174 5.1724 70.228 38.9165
175 103.071 100.602 -1.09052
176 59.2913 53.3146 126.908
177 4.95686 104.121 58.7791
178 94.8604 114.755 2.05466
179 6.75473 114.429 8.76271
180 4.82177 93.0811 50.5073
181 55.0637 62.4786 48.3868
182 25.4548 44.4704 71.3273
183 29.4174 77.1784 84.432
184 9.50509 59.9993 116.881
185 115.321 93.1998 120.456
186 0.380733 56.2578 119.524
187 2.53933 0.598735 119.88
188 115.365 79.7221 114.983
189 19.4795 58.3628 115.445
190 17.9749 46.8478 110.941
191 0.575244 73.8919 122.462
192 13.8783 59.1243 126.965
193 19.8037 62.0337 127.111
194 9.62794 38.7579 119.88
195 8.50312 64.9437 127.077
196 18.9379 59.1384 123.796
197 20.6239 58.7683 110.81
198 31.0635 78.8316 126.64
199 9.56813 65.1836 9.75203
200 15.3981 100.421 3.30093
201 15.8912 83.8619 6.32005
202 21.0612 78.2904 6.28622
203 17.8733 75.2464 0.180427
204 17.5248 89.5154 0.0252695
205 -0.957348 75.2761 4.83695
206 16.7501 75.3162 15.1766
207 11.5001 75.0972 0.123683
208 21.9842 71.3377 7.54635
209 113.87 86.9351 9.92842
210 109.834 114.366 68.071
211 109.969 20.8697 78.7466
212 105.307 112.138 62.2378
213 29.5714 66.3919 11.9025
214 113.206 92.1257 78.2287
215 26.9604 -0.424809 2.78
216 16.8146 92.7213 13.2839
217 3.85983 20.7011 58.7193
218 108.858 6.01853 28.1442
219 112.436 91.4099 42.8088
220 0.665665 56.1065 102.513
221 22.1576 114.812 110.722
222 0.782214 21.9645 93.4277
223 111.517 113.994 0.519232
224 111.908 103.971 54.4993
225 67.3589 100.106 41.8222
226 4.73176 56.4547 51.2915
227 0.774185 10.7535 119.762
228 113.862 67.4107 26.2227
229 -0.0749682 0.897414 83.9604
230 -0.974371 35.1935 5.96383
231 -1.42085 4.36771 4.12004
232 113.949 98.5608 35.487
233 55.1672 60.8559 -0.360734
234 99.0662 114.493 85.6065
235 92.3604 114.481 23.1025
236 0.683463 113.251 119.363
237 0.833772 96.4413 17.3563
238 43.5641 109.764 76.0546
239 19.6227 0.313754 125.126
240 110.136 59.7326 84.3483
241 4.733 98.6407 32.8391
242 113.748 112.269 49.8492
243 113.933 83.7395 17.83
244 113.837 93.0983 23.6965
245 113.354 11.2258 125.748
246 66.1017 1.4648 100.666
247 2.89508 88.2345 19.8533
248 110.439 114.886 102.879
249 29.4636 1.01887 0.954211
250 34.4748 106.786 -0.39094
251 0.955841 16.8741 125.737
252 28.0731 33.4171 127.077
253 113.646 77.2549 87.7196
254 113.742 17.9984 10.1205
255 0.485947 16.4996 116.829
256 4.29768 104.277 27.814
257 114.018 101.212 44.2718
258 2.86135 -0.00106429 83.001
259 98.5361 4.78587 52.6733
260 5.15769 42.1729 59.8896
261 109.956 38.2742 72.6776
262 110.433 98.8335 125.374
263 110.108 43.1199 66.8117
264 110.018 41.2386 75.7439
265 115.327 98.4202 111.879
266 16.6602 71.6433 118.04
267 21.1653 111.037 18.7127
268 39.6695 2.18049 127.0
269 5.3411 107.832 69.3446
270 16.7186 88.8204 114.833
271 16.4541 87.6363 117.611
272 36.7594 79.8016 126.631
273 3.60141 70.1641 116.716
274 0.8929 87.6408 122.466
275 32.191 81.7655 108.065
276 32.2773 82.4508 116.413
277 25.2138 89.6571 114.744
278 29.2185 109.524 -0.0901739
279 21.9518 79.682 16.2705
280 27.8779 99.1244 7.36699
281 19.7315 106.684 8.94771
282 15.1832 113.994 7.49839
283 6.36315 100.802 0.280863
284 -0.705103 101.373 2.05984
285 36.8843 0.0549044 99.4409
286 71.145 58.8461 126.426
287 0.374941 23.4125 45.8072
288 29.9832 110.076 91.0624
289 112.462 83.9666 -0.93285
290 0.860691 7.87235 93.7247
291 111.146 0.493586 121.46
292 5.48232 85.1356 126.867
293 1.14976 5.1833 125.966
294 16.7445 89.7352 13.4332
295 105.17 77.0933 125.682
296 2.79538 50.7489 127.2
297 16.7681 45.0351 126.981
298 113.168 73.4151 125.43
299 4.41796 84.4062 49.1487
300 32.7804 111.375 18.3318
301 -0.882644 58.1442 2.52063
302 5.56263 33.7959 62.6105
303 4.87883 96.5134 53.2873
304 51.1499 2.71227 91.6253
305 17.6066 109.096 38.5909
306 21.467 110.114 85.1462
307 7.29859 1.13935 50.7641
308 115.045 64.6834 97.9505
309 113.937 12.7155 9.59717
310 -0.674751 1.58654 14.4385
311 0.585001 84.4902 122.3
312 17.8073 109.94 80.0528
313 31.4646 109.411 47.0734
314 24.0358 110.01 97.0554
315 5.36725 19.762 68.5387
316 109.869 32.1549 63.7115
317 1.17129 4.06602 62.0706
318 113.748 84.2309 6.5555
319 76.9169 70.2227 126.497
320 0.626936 44.8741 125.147
321 113.629 114.093 124.548
322 27.8767 112.989 126.514
323 49.2082 109.916 70.4476
324 113.324 111.358 52.8129
325 109.892 114.757 91.5527
326 22.5839 27.9321 127.057
327 67.782 110.611 125.707
328 40.4101 109.818 67.442
329 49.6366 59.5575 78.0547
330 114.389 107.237 82.5336
331 23.8 1.19228 84.5756
332 5.05171 63.0454 77.2867
333 105.277 20.1564 126.122
334 79.3903 113.881 125.762
335 41.1115 106.726 -0.32395
336 0.58013 64.0501 105.109
337 41.3297 46.8157 0.0794914
338 22.2976 114.985 101.854
339 28.0269 105.031 126.322
340 0.695484 101.968 118.977
341 8.28284 101.523 123.272
342 3.71343 107.34 116.172
343 36.9113 28.983 13.4812
344 26.638 -0.658087 19.4048
345 49.3083 -0.679205 16.6453
346 43.9154 15.3706 0.213285
347 57.8558 -0.530193 19.1393
348 40.2575 15.606 17.9997
349 31.9267 12.4741 0.70305
350 40.18 15.5497 21.0553
351 45.3041 23.0437 16.3222
352 10.8101 36.5247 127.235
353 105.351 36.6245 125.872
354 110.701 83.1542 47.6244
355 -1.30195 0.686177 42.0452
356 69.1589 104.417 -0.852444
357 92.0566 103.786 -0.943675
358 95.3802 -0.209309 15.684
359 64.7427 4.89985 50.5578
360 -0.0709194 41.7885 38.003
361 109.734 51.4204 42.943
362 75.0898 103.583 -0.605016
363 110.71 0.610467 124.27
364 -1.82627 3.02276 16.6041
365 37.1546 109.594 26.7591
366 28.0736 42.1116 127.132
367 -0.967025 58.1026 4.8579
368 1.52291 68.919 27.9053
369 97.575 98.0759 -1.02759
370 36.7514 85.4289 126.732
371 107.345 4.72272 93.6065
372 109.925 23.791 79.2293
373 85.3358 5.11856 67.8259
374 37.544 109.563 55.3204
375 75.172 98.229 -0.802149
376 0.542185 70.2253 122.627
377 103.707 -0.289527 15.5182
378 0.836316 7.68914 79.3558
379 5.30623 25.6754 60.1546
380 4.80724 79.6539 97.0196
381 79.5652 64.8906 126.366
382 61.9789 0.207161 105.289
383 0.853734 35.9222 90.774
384 74.3363 52.2803 103.726
385 9.52508 109.415 67.902
386 85.5163 112.701 45.6825
387 70.8198 1.61562 29.6396
388 103.586 16.7558 126.535
389 114.728 96.5946 83.0036
390 43.3739 21.9709 109.215
391 88.9991 42.2114 126.71
392 95.0734 95.1183 -0.91553
393 53.9466 14.103 126.728
394 39.5329 5.13045 127.073
395 48.0937 23.4934 127.352
396 45.5181 26.4235 113.444
397 36.5916 0.553108 125.129
398 42.4335 0.486932 119.404
399 49.2426 24.7647 99.9361
400 62.8446 10.8581 126.875
401 45.2562 22.6703 123.741
402 37.8842 26.3989 0.483372
403 38.1027 35.216 0.0353651
404 23.671 40.7585 0.409355
405 55.4211 23.7037 14.7619
406 55.1946 41.2135 -0.22947
407 52.4325 38.5839 5.94449
408 22.2514 41.245 5.93835
409 38.1095 45.7767 12.0106
410 32.4187 26.8062 0.604172
411 48.9568 35.2512 -0.0710883
412 28.0966 41.3262 8.97499
413 39.6756 36.7755 16.4069
414 99.0261 4.59529 44.3338
415 5.04957 -0.641379 107.161
416 40.5315 33.1331 89.2949
417 23.5908 79.1762 22.4503
418 38.026 42.4366 11.6367
419 36.5745 113.068 16.8746
420 34.0149 51.0997 13.271
421 113.431 99.6709 29.5617
422 111.098 7.09477 36.8755
423 3.54398 80.1934 28.3435
424 111.233 95.7139 52.6386
425 0.68408 92.9593 125.062
426 39.9001 22.3202 126.825
427 24.0717 3.98378 75.6847
428 19.6148 11.0523 127.149
429 2.03265 0.743064 54.7924
430 64.1436 101.047 40.7444
431 113.21 107.664 125.047
432 82.0255 0.563181 118.928
433 7.89767 105.829 102.651
434 70.8874 5.26324 74.0384
435 14.1363 7.53155 127.601
436 52.6068 26.8965 0.131412
437 113.943 32.0146 1.39126
438 106.349 95.7805 -0.883646
439 109.985 15.1178 90.0059
440 -0.678731 80.9472 15.9988
441 21.2103 3.56459 60.3966
442 0.77021 10.4794 87.895
443 15.1827 1.47939 1.13812
444 4.07562 50.4881 44.091
445 97.8107 93.16 -1.34673
446 44.9892 5.28168 56.0284
447 62.5811 72.6358 73.9633
448 19.1274 30.6952 127.254
449 110.562 115.084 114.786
450 94.0658 5.09157 87.8827
451 12.4508 100.756 0.143473
452 46.296 4.03486 89.1692
453 23.4089 0.910661 0.994289
454 112.211 88.6831 47.3016
455 100.811 114.272 8.91935
456 107.69 4.24232 59.8282
457 3.67232 41.2242 82.2032
458 0.400989 85.0261 113.494
459 11.2435 8.36176 127.368
460 83.7619 2.25076 106.467
461 98.1881 67.9141 126.467
462 115.344 36.4938 112.557
463 39.967 87.993 126.504
464 114.838 106.772 100.081
465 75.3492 55.6025 103.15
466 64.9084 33.134 111.903
467 -1.39714 112.409 5.87205
468 -1.05829 83.8087 2.63363
469 46.5846 35.6275 113.629
470 35.8322 47.8031 112.449
471 46.2799 20.672 119.44
472 46.675 31.2722 122.248
473 45.7063 33.7695 126.973
474 33.6797 24.2751 115.305
475 51.1073 27.3725 126.821
476 60.7038 44.8514 102.686
477 47.884 39.1389 112.286
478 49.5405 29.1493 122.123
479 37.9616 54.8665 107.886
480 38.1482 59.9854 13.8035
481 49.372 63.7653 -0.219315
482 52.0029 68.2491 12.805
483 49.5706 49.571 -0.203362
484 64.1588 109.771 -0.639309
485 17.1861 1.81659 50.7945
486 9.73879 98.1132 0.398323
487 30.5426 59.847 13.2443
488 54.814 55.6723 11.308
489 60.6619 69.8317 -0.571937
490 9.48073 100.362 0.195632
491 34.0054 62.2523 126.96
492 20.499 109.492 44.4205
493 109.636 34.8401 52.6206
494 6.3065 100.303 107.333
495 97.6987 38.2726 22.9496
496 10.7147 -0.25467 91.226
497 2.44755 62.3871 127.128
498 46.4975 55.4108 78.2807
499 29.6139 109.795 73.5905
500 115.336 19.8349 115.63
501 97.4566 43.819 -0.680307
502 7.21531 0.306412 46.4039
503 -0.711835 15.696 5.64899
504 6.48313 77.5231 0.29858
505 66.6209 4.39102 95.389
506 82.3545 80.861 -1.72583
507 112.907 56.0149 93.2388
508 83.0151 112.458 76.9463
509 109.451 6.91546 47.048
510 3.81814 61.374 90.8917
511 113.835 105.559 76.8926
512 5.23331 31.0599 57.4176
513 91.1511 11.3984 126.472
514 99.6771 76.5536 125.625
515 114.175 49.1527 100.603
516 82.5916 87.9983 125.869
517 73.1199 45.1602 105.474
518 86.6007 1.84771 17.6788
519 40.7433 58.9195 -0.627355
520 78.9863 88.3985 70.5426
521 114.401 15.6221 15.0228
522 42.8667 58.4399 68.6719
523 35.2965 67.4911 108.419
524 43.2397 10.6735 127.12
525 2.46986 81.6888 23.1678
526 27.8051 57.7313 113.473
527 90.8433 112.839 48.1123
528 53.7413 70.8586 126.488
529 40.784 48.7818 122.393
530 4.16405 98.4789 24.2578
531 30.9668 61.8935 127.027
532 25.1682 57.087 112.39
533 57.2039 70.4017 126.619
534 33.8054 67.7377 112.124
535 48.0366 64.0731 114.819
536 64.8463 54.0424 103.199
537 32.5056 80.8193 -0.188523
538 43.5375 84.0726 -0.295476
539 25.146 72.0961 7.26216
540 56.9875 70.9109 9.89137
541 52.2513 82.6362 17.7753
542 23.7668 80.8273 0.135181
543 32.2102 55.5077 0.00902435
544 38.9662 93.4894 126.68
545 5.003 73.0104 77.1445
546 101.476 114.799 109.093
547 98.4773 111.26 56.3447
548 0.980418 5.15071 97.1361
549 4.69725 40.8147 62.6764
550 74.6685 112.444 -0.639155
551 17.6811 108.929 35.3736
552 9.60716 -0.262848 114.195
553 113.423 46.4381 99.7492
554 3.004 30.0515 80.6146
555 29.9006 -0.396086 13.8976
556 91.1351 2.38462 126.305
557 86.4283 19.3213 126.993
558 115.262 53.3839 115.337
559 99.1416 2.06345 126.26
560 113.148 94.165 75.6002
561 25.5005 1.61306 50.0513
562 56.5295 0.389202 119.104
563 77.4169 95.2781 -0.959896
564 0.988591 61.0738 0.628445
565 49.6372 -0.479833 19.076
566 53.836 2.04553 94.8906
567 82.1666 101.852 125.698
568 4.65646 107.296 33.1783
569 4.1613 89.2837 0.187682
570 63.4418 13.0915 -0.100639
571 1.32539 6.67702 58.8226
572 9.59028 114.486 110.329
573 73.9001 4.57672 98.1291
574 71.4405 49.948 103.864
575 52.5619 115.491 112.749
576 10.8136 59.1411 126.977
577 112.562 45.4327 25.8904
578 12.5673 4.05724 63.5595
579 71.9293 110.168 64.1113
580 90.5339 0.694902 124.682
581 35.7144 91.9835 23.7183
582 76.9416 110.045 69.5799
583 16.5031 107.407 126.345
584 97.4515 32.7422 -0.585761
585 69.9564 47.2037 104.508
586 67.6364 4.56839 41.5828
587 112.023 58.3771 -0.799585
588 1.01835 18.028 50.061
589 60.4935 71.4674 77.633
590 32.4599 114.355 4.67916
591 29.6319 77.2587 86.9043
592 76.2046 39.3899 126.496
593 62.9458 5.26673 73.4325
594 70.8122 5.06824 126.644
595 45.1197 84.3607 114.713
596 -0.483653 35.433 19.8243
597 112.732 22.5158 19.5664
598 111.613 113.976 26.6427
599 3.57947 75.849 104.448
600 0.367835 2.2261 50.7192
601 43.8113 89.018 113.237
602 21.2191 9.62777 0.690491
603 48.7377 93.2888 120.194
604 3.85521 35.8141 79.5933
605 59.277 114.831 103.229
606 5.14034 54.1873 83.444
607 77.8214 109.97 63.9449
608 1.90233 -0.190623 23.2576
609 53.7848 83.1898 112.925
610 39.0653 79.1179 111.987
611 50.9645 74.2263 114.488
612 42.5052 87.1978 114.756
613 38.2412 73.4608 120.662
614 44.746 87.694 114.699
615 53.7137 79.7304 114.695
616 38.8645 96.7218 7.1425
617 43.7557 114.258 1.68475
618 54.9692 112.366 -0.401035
619 26.6594 95.269 8.89726
620 49.1354 114.406 1.71525
621 53.5393 101.204 13.9663
622 59.205 98.1622 11.5056
623 38.1218 108.329 13.795
624 40.9751 85.246 11.0432
625 37.0257 111.059 4.16007
626 49.5053 102.477 10.2513
627 113.589 92.6219 0.791511
628 95.1841 114.295 79.3988
629 -0.619818 40.7838 22.5695
630 19.5713 81.7395 126.898
631 110.209 16.9859 96.4795
632 34.1201 0.122711 122.409
633 100.709 3.12879 25.2413
634 99.4457 112.959 125.078
635 110.612 46.5697 90.5615
636 76.6133 0.260027 16.82
637 2.48653 36.0783 127.005
638 5.55982 16.7027 66.4468
639 4.79059 91.2946 105.942
640 51.8855 110.039 78.3703
641 93.6503 88.2844 125.508
642 110.349 57.6002 73.1703
643 110.147 57.7246 61.0289
644 35.3313 61.361 -0.121648
645 20.8391 12.737 0.711875
646 100.745 -0.322132 10.1744
647 113.602 69.7581 0.717314
648 72.9449 114.521 89.6126
649 62.0375 4.61997 41.758
650 103.622 113.855 24.0911
651 88.8592 113.951 0.841538
652 105.699 4.81561 102.491
653 64.9133 5.28819 70.3746
654 93.5499 115.184 120.759
655 115.511 67.7188 106.758
656 112.401 114.417 97.012
657 113.868 40.9817 1.05647
658 114.568 79.2914 86.4421
659 0.878495 18.7601 79.7322
660 109.863 32.3746 58.3827
661 53.1548 78.3006 -0.589062
662 70.5701 -0.0875589 108.377
663 49.1637 55.7179 -0.192016
664 1.11952 28.7642 49.538
665 69.7627 21.1472 0.0177511
666 85.1936 91.3437 125.791
667 71.0402 28.5946 33.6374
668 53.1752 113.841 24.4856
669 51.2744 0.281273 116.636
670 98.0601 114.062 41.2025
671 55.0295 -0.437213 2.00617
672 103.605 43.2429 -0.628216
673 7.03892 110.457 37.4684
674 93.4075 4.08383 23.1932
675 106.697 78.2904 -0.814721
676 112.455 42.6364 26.1029
677 114.017 52.4678 17.8623
678 82.6714 96.523 125.511
679 40.9298 72.294 -0.213576
680 42.6598 90.6264 126.493
681 42.1184 97.6215 118.478
682 43.8399 107.689 120.925
683 36.5774 90.3846 126.527
684 50.7775 115.292 113.137
685 35.1589 104.14 113.074
686 33.3797 115.137 112.71
687 41.8953 115.149 124.36
688 36.8029 96.2777 126.385
689 57.5142 102.078 126.487
690 59.478 113.278 125.895
691 66.5701 4.3284 0.286344
692 69.2326 32.5279 -0.21697
693 79.1808 23.8935 1.09119
694 74.0797 18.4485 6.26325
695 66.412 15.0664 0.0981873
696 62.5798 14.0655 16.168
697 78.2155 -0.427526 15.5248
698 112.646 97.2217 48.8637
699 62.3951 18.3292 13.2432
700 3.712 38.8146 84.6676
701 109.522 9.46921 70.2899
702 110.135 97.0677 58.3101
703 57.7914 33.1989 -0.219134
704 79.9684 5.09943 70.5073
705 60.9702 5.5593 13.197
706 22.8641 0.712078 43.5893
707 99.4604 4.71195 49.719
708 3.63165 52.9602 0.710702
709 0.834056 4.44035 76.3356
710 111.395 114.196 47.1788
711 115.373 90.517 115.11
712 64.556 111.604 86.5703
713 9.36317 109.409 61.7022
714 17.9993 38.6729 0.455715
715 109.833 31.9816 72.9269
716 34.16 19.1679 127.076
717 49.7391 -0.228185 28.0849
718 65.0444 5.38523 84.8844
719 60.7899 57.914 -0.509972
720 74.5149 21.3855 -0.298985
721 -0.779353 60.866 16.6432
722 109.746 62.4927 52.0947
723 -0.848865 55.8445 25.2585
724 8.94461 2.0122 53.363
725 93.1214 3.41094 104.787
726 115.199 102.043 111.231
727 90.8066 1.19935 17.2698
728 116.982 112.75 105.133
729 43.8796 52.557 -0.165412
730 92.2976 15.5818 -0.0987886
731 103.178 7.08779 -0.41848
732 71.7826 112.9 37.2683
733 83.5532 9.58282 110.351
734 83.0021 10.5866 120.377
735 83.6028 9.22394 121.845
736 86.5414 21.6162 113.169
737 68.9986 20.5409 119.197
738 67.9453 0.281834 113.838
739 73.4526 24.7479 106.087
740 82.5326 16.7767 126.427
741 62.3558 19.2518 120.737
742 72.4674 13.6015 121.347
743 80.6849 29.2203 116.018
744 59.4123 0.449299 122.332
745 62.1684 16.1148 126.906
746 62.455 0.106955 113.565
747 59.68 16.3419 126.732
748 71.7928 26.7823 -0.296728
749 72.4037 41.0872 -0.297302
750 88.0415 52.6956 10.422
751 80.1226 27.1567 23.0212
752 72.3656 32.2924 -0.310518
753 63.7902 18.3291 -0.0109859
754 98.9153 4.83382 58.2999
755 52.1156 46.7887 14.3889
756 68.9806 112.207 -0.678606
757 44.2356 55.7479 78.3608
758 59.8867 28.3912 13.276
759 2.21249 48.735 92.0991
760 87.6806 2.28354 126.316
761 114.11 47.1264 3.75992
762 6.76314 -0.443408 3.2376
763 5.57079 4.03615 128.231
764 66.524 69.8903 -0.692402
765 115.263 36.2984 109.724
766 107.883 0.468586 16.008
767 -0.431691 24.5537 42.9014
768 51.7711 66.6737 -0.3878
769 111.219 38.99 30.0778
770 0.814893 13.1042 79.4099
771 115.444 13.7977 118.067
772 5.10915 79.0857 44.7486
773 64.997 104.619 125.758
774 61.7857 114.895 106.665
775 0.409319 1.76483 30.5226
776 5.51484 113.095 126.412
777 4.37763 109.562 87.8885
778 108.188 112.972 64.0669
779 89.4641 -0.243902 10.1783
780 103.39 -0.27851 5.02909
781 113.365 0.477956 110.568
782 24.0191 49.5182 74.2498
783 56.6029 4.95143 53.2448
784 108.068 50.5256 125.789
785 49.4662 3.46763 90.9653
786 109.439 46.9715 -0.625602
787 0.946092 30.9864 96.4617
788 113.689 13.8222 125.657
789 26.8601 37.0467 67.5569
790 14.2587 79.3543 19.8466
791 40.658 113.67 106.31
792 -0.597549 29.7011 16.5655
793 1.81471 0.892412 57.602
794 28.3093 43.8105 68.8705
795 13.3935 0.423503 111.544
796 66.3758 109.923 64.1239
797 65.0571 113.289 125.484
798 26.6816 35.8232 68.9047
799 66.213 55.6591 -0.578165
800 78.0492 41.0882 113.16
801 113.369 34.0306 15.78
802 23.1696 109.464 40.6272
803 -0.145698 2.42952 34.8733
804 59.515 24.9866 126.676
805 71.1297 30.8776 126.486
806 62.0627 24.9846 117.846
807 83.622 27.93 116.486
808 66.8192 34.6896 113.394
809 82.0822 31.0116 117.451
810 89.8059 49.4913 -0.814012
811 69.8423 58.2147 -0.828008
812 52.252 61.0986 -0.276017
813 59.7097 56.8823 12.8299
814 64.87 62.4583 9.8399
815 72.0775 49.998 8.46447
816 65.3207 59.0496 15.7479
817 92.3469 72.7508 16.7079
818 63.6243 52.1344 -0.373049
819 82.5937 57.0207 12.6087
820 82.4117 45.5119 9.8003
821 87.8025 30.4275 39.1467
822 61.7905 69.681 76.0404
823 109.907 71.3269 49.5199
824 96.8692 38.4107 24.7392
825 86.353 40.2347 -0.894604
826 60.5363 73.8579 75.1642
827 56.7363 64.0981 5.82152
828 106.619 61.1356 -0.786012
829 3.50036 103.793 21.1644
830 110.214 49.1802 81.313
831 104.008 114.444 83.4374
832 95.6972 4.10787 96.462
833 80.6357 111.687 -1.26573
834 14.7384 109.593 76.3293
835 43.0353 85.0165 126.367
836 34.9746 114.651 12.6696
837 115.098 110.885 120.258
838 4.95897 93.6589 67.2944
839 114.183 38.1883 4.00607
840 -0.497209 26.5869 16.9649
841 0.452959 32.5101 1.11098
842 12.5738 -0.369973 2.83398
843 30.1732 1.381 86.7884
844 1.1785 9.77799 53.3915
845 77.5214 44.3253 -0.847058
846 33.8695 111.549 104.439
847 113.844 6.70213 4.54614
848 54.6167 109.878 58.639
849 110.43 112.945 125.176
850 50.4406 109.578 34.957
851 12.2952 41.7822 0.307691
852 80.2841 53.5094 104.15
853 72.0188 46.7234 107.298
854 107.761 0.761495 124.364
855 86.5015 0.210552 -0.497992
856 78.3254 55.5302 100.37
857 52.1192 58.3234 -0.305363
858 71.4571 5.44012 84.7918
859 54.5999 86.7815 -0.614808
860 74.1743 74.4149 53.77
861 4.39634 107.392 66.3364
862 69.5327 65.9719 113.094
863 89.4317 114.571 12.3521
864 115.044 81.9774 100.155
865 85.2107 43.1654 117.235
866 37.0648 5.43804 73.1998
867 75.134 72.6354 118.787
868 86.5353 44.9457 116.107
869 85.1309 46.4463 114.531
870 81.1449 47.9215 126.923
871 71.4057 67.7892 126.409
872 79.609 55.7683 126.267
873 93.2466 67.5328 108.36
874 73.7371 63.4761 117.775
875 87.9165 59.5712 126.112
876 89.3251 70.3381 7.95868
877 58.4884 72.3439 8.47609
878 86.3399 89.4773 8.09963
879 65.0119 80.8623 4.36735
880 63.9205 92.4717 -0.651745
881 60.5457 72.838 -0.345012
882 66.9194 71.1603 18.0251
883 63.6152 83.3552 5.28337
884 69.5438 63.5835 -0.64389
885 64.1024 86.8773 5.4713
886 109.365 36.406 58.2107
887 73.2566 82.7035 9.63336
888 114.687 44.2089 7.66023
889 89.6768 31.7856 37.8649
890 55.2731 -0.485912 8.2285
891 58.199 86.8829 14.1705
892 -0.405954 13.7201 48.7946
893 10.7804 2.60951 73.8947
894 -0.819642 46.5385 5.36392
895 23.6706 114.049 15.3066
896 31.0726 25.3836 126.998
897 71.2724 5.51425 79.7904
898 33.584 -0.0486894 91.7075
899 95.3039 111.567 68.2661
900 114.373 114.426 102.857
901 5.26599 39.6577 66.0601
902 65.0934 98.4607 126.211
903 109.722 60.054 45.9516
904 36.9579 5.09852 59.3528
905 0.5632 50.0495 102.557
906 3.61805 26.9515 76.3824
907 114.482 3.98509 109.891
908 1.01183 14.8802 55.9444
909 8.4764 15.069 127.862
910 57.0845 109.915 51.692
911 105.989 4.25797 64.4973
912 67.6327 114.571 92.6797
913 22.8304 109.449 47.0711
914 33.8644 110.581 87.9788
915 86.719 103.278 37.2964
916 0.771661 59.0111 102.172
917 36.5816 111.912 101.436
918 34.3779 109.676 29.1697
919 16.5873 114.754 110.686
920 42.3501 5.71765 79.3416
921 0.102201 94.0355 116.621
922 5.33028 40.2314 74.6916
923 56.2721 68.9886 112.98
924 48.1731 5.32879 68.0342
925 0.255461 1.40606 27.0598
926 97.8607 49.2347 -0.598896
927 -0.909878 83.6804 8.33527
928 50.9312 0.170703 110.845
929 85.5984 84.8983 125.896
930 59.4672 84.8004 126.248
931 80.1254 70.8456 126.235
932 84.5677 86.0669 115.507
933 77.8915 84.8626 115.375
934 68.4646 70.6658 126.508
935 70.8133 78.9469 126.273
936 68.3672 70.6715 117.428
937 68.4454 90.8548 126.27
938 79.4458 99.2108 9.58628
939 58.314 108.186 9.64244
940 56.7629 93.7239 6.85498
941 69.3498 92.1461 -0.697542
942 8.81513 109.309 24.0527
943 100.527 83.7784 -0.942479
944 53.427 53.5089 126.711
945 92.4149 114.115 46.6245
946 96.597 96.3252 125.334
947 28.4955 109.464 29.1544
948 22.1393 114.332 102.144
949 37.4005 101.858 126.424
950 62.1713 4.48321 44.6709
951 82.862 5.28683 85.2226
952 3.70151 44.2927 87.153
953 -0.212466 4.85128 43.4719
954 5.08912 48.6265 74.5524
955 47.7791 115.264 118.8
956 17.7043 111.86 -0.160541
957 115.21 8.28493 118.715
958 114.407 64.0334 13.1013
959 112.727 111.334 64.2999
960 83.1046 95.0746 -1.09684
961 59.3624 47.9363 126.653
962 9.45983 110.057 99.2265
963 55.0155 12.3617 0.318968
964 -0.238302 85.7186 16.7117
965 16.2531 115.155 116.05
966 98.1881 114.142 50.1659
967 112.34 40.0623 20.5556
968 -0.77064 112.078 2.5554
969 72.3432 58.8657 -0.702913
970 99.1447 39.1857 24.4367
971 107.747 4.79586 32.8359
972 95.8569 4.73249 49.7893
973 114.148 41.6265 12.3076
974 80.7883 114.169 6.71792
975 90.1285 114.539 94.3992
976 76.595 5.17166 76.1373
977 110.05 37.4633 67.7372
978 29.2254 109.517 52.7011
979 110.415 4.74085 42.53
980 68.2466 62.2718 126.294
981 60.7007 114.164 3.93286
982 109.891 9.41486 89.6953
983 4.69344 92.7257 41.394
984 104.346 114.514 88.7487
985 113.475 57.4245 94.1983
986 115.308 65.0401 123.888
987 33.8789 103.877 17.6341
988 82.1525 114.748 92.0022
989 52.995 35.2319 -0.157182
990 53.9918 84.6008 126.353
991 87.9527 5.08535 58.5622
992 25.2502 2.84601 80.2836
993 12.3078 109.509 67.2884
994 60.1985 33.556 126.726
995 77.0105 1.09904 26.4514
996 72.1913 95.0256 112.605
997 -0.771543 24.1421 5.84554
998 67.485 101.984 125.735
999 62.1552 115.27 120.955
1000 76.5007 107.675 125.626
1001 65.1388 94.2371 126.189
1002 90.818 90.8065 125.679
1003 57.9819 90.4272 122.432
1004 85.0936 115.11 115.073
1005 50.8314 115.236 118.201
1006 95.8259 104.917 116.521
1007 72.3612 105.935 121.092
1008 113.922 12.5575 0.886952
1009 105.645 19.852 4.18602
1010 87.8859 19.3003 7.16915
1011 106.641 -0.373911 10.2155
1012 89.1617 3.32026 -0.549942
1013 96.7306 17.2652 10.065
1014 93.7435 20.2682 9.99131
1015 74.0001 10.9273 126.643
1016 1.78528 0.12925 37.932
1017 74.3697 5.41952 85.2565
1018 92.3204 11.5176 9.78115
1019 63.8477 112.129 34.5696
1020 22.5737 5.1561 68.1943
1021 71.1273 12.6742 20.9141
1022 111.347 112.361 62.3691
1023 25.2644 114.844 110.735
1024 82.1576 21.921 126.463
1025 -1.35789 2.80538 44.8152
1026 89.1187 64.0194 -0.766028
1027 114.078 103.771 32.1516
1028 11.104 39.006 127.202
1029 71.0989 29.0067 36.3174
1030 0.80832 7.43587 1.48411
1031 66.7172 58.5542 -0.551227
1032 110.071 20.6042 93.4852
1033 0.715133 47.072 102.191
1034 70.9407 73.9601 126.369
1035 110.915 3.30398 16.1829
1036 110.227 46.9223 78.6749
1037 60.3052 44.1361 -0.388357
1038 94.2374 5.00124 90.9552
1039 84.1365 9.85353 -0.0219255
1040 109.943 85.7009 54.7664
1041 70.7763 115.145 115.202
1042 115.299 56.3432 109.092
1043 1.41252 23.4193 82.0983
1044 111.762 114.185 70.8128
1045 90.4794 26.8514 -0.872234
1046 102.029 115.073 105.526
1047 106.904 114.403 3.39748
1048 -0.666238 52.629 2.17955
1049 5.09653 90.9037 79.0574
1050 110.904 100.351 67.6929
1051 79.0274 115.406 108.676
1052 66.8581 114.453 6.38122
1053 110.289 115.226 108.791
1054 65.1326 0.0838754 108.325
1055 32.4221 3.92326 0.735613
1056 61.5291 5.32059 82.078
1057 91.8671 -0.217873 7.32047
1058 66.8607 -0.411842 9.92657
1059 100.707 114.1 47.6228
1060 5.02739 81.9672 41.646
1061 4.94929 65.0751 42.2662
1062 45.313 58.7256 79.5987
1063 28.5438 27.9294 127.251
1064 110.004 68.9543 55.0476
1065 114.809 59.0667 98.3547
1066 100.648 5.07559 115.037
1067 115.305 13.855 115.474
1068 113.706 5.23523 125.784
1069 100.179 16.2181 100.277
1070 91.9829 35.5382 -0.729972
1071 89.3228 43.2394 -0.694749
1072 92.3426 18.8005 2.76695
1073 99.6769 45.9405 15.5514
1074 100.75 42.6467 2.63026
1075 99.3826 44.4514 3.8003
1076 103.957 32.2579 11.1656
1077 86.5831 31.7414 11.3322
1078 102.44 38.3508 11.0163
1079 75.4097 56.0076 46.2163
1080 81.9891 30.8139 126.422
1081 114.893 64.9287 103.323
1082 65.4048 39.3837 126.441
1083 101.812 104.567 125.252
1084 113.829 7.19927 12.5579
1085 20.6474 109.873 93.8569
1086 38.3711 112.261 0.00163023
1087 1.30724 109.505 0.337607
1088 113.836 112.987 95.3879
1089 102.042 5.1109 73.2135
1090 112.006 44.2489 -0.447347
1091 56.1713 48.2444 72.0116
1092 12.1274 109.132 59.1018
1093 15.7178 0.289223 40.4239
1094 46.0841 -0.830841 2.04441
1095 108.017 4.89195 99.1698
1096 4.995 99.0763 62.0875
1097 29.5959 -0.338624 20.0318
1098 71.3905 54.6091 103.26
1099 115.255 24.9202 110.41
1100 84.1338 114.063 38.131
1101 35.622 0.0463362 36.6565
1102 82.246 4.53281 41.7504
1103 1.30869 9.67917 56.1908
1104 46.7349 58.5645 78.3966
1105 9.95509 108.985 50.3315
1106 41.9381 76.4812 126.697
1107 3.64205 106.908 43.4102
1108 73.8178 57.3508 127.105
1109 102.536 67.772 125.649
1110 72.4937 -0.379801 12.7053
1111 112.624 73.1882 84.1955
1112 101.955 101.86 125.38
1113 109.917 73.9935 54.9178
1114 110.485 68.6925 79.0404
1115 0.716034 90.6601 119.148
1116 4.83426 92.9098 47.1966
1117 57.9563 3.08247 39.7023
1118 70.9733 30.128 34.9548
1119 49.7437 61.362 87.1154
1120 1.63842 7.40911 72.1022
1121 1.84804 45.6549 89.8334
1122 -0.516281 89.4247 2.64575
1123 86.1397 109.951 63.972
1124 95.842 114.26 71.5176
1125 12.974 109.77 70.3792
1126 -0.668368 66.482 22.1721
1127 92.2734 31.9323 112.993
1128 49.3341 109.885 -0.349656
1129 102.39 44.6399 116.942
1130 111.222 25.0163 125.742
1131 113.853 39.4092 125.576
1132 107.918 46.2413 106.195
1133 115.272 42.519 115.552
1134 105.122 44.9908 125.949
1135 105.044 35.004 111.399
1136 84.9744 59.4003 126.214
1137 92.1754 55.1124 8.27657
1138 106.626 54.1016 12.5853
1139 91.9436 52.6339 -0.548536
1140 102.952 57.0445 15.3357
1141 109.615 45.8886 55.5542
1142 5.22894 62.6998 86.3102
1143 108.199 13.9222 125.833
1144 90.6257 54.0675 12.6963
1145 75.504 55.9332 43.6949
1146 48.4294 5.07797 53.2468
1147 49.2942 101.78 -0.787759
1148 102.324 58.3221 8.30527
1149 4.83186 65.3661 68.9403
1150 73.9892 0.281545 124.43
1151 115.434 30.697 125.654
1152 37.6868 109.569 35.0786
1153 98.7494 114.664 94.5971
1154 -0.908971 92.4703 8.13416
1155 53.0709 114.974 104.052
1156 4.9254 89.8306 50.1762
1157 61.7795 112.665 91.0038
1158 7.25868 -0.0232622 26.1713
1159 8.27958 72.7463 127.165
1160 114.185 61.4394 11.719
1161 36.3561 5.65875 78.976
1162 111.259 37.725 100.849
1163 100.211 89.5027 -1.07527
1164 115.463 93.2753 123.154
1165 3.44509 53.0321 88.0334
1166 15.1001 68.7048 -0.0121363
1167 114.155 104.061 79.9532
1168 53.2624 64.4978 47.1284
1169 113.619 106.783 29.5663
1170 112.66 68.3006 36.6652
1171 23.4637 109.311 55.7562
1172 115.415 82.25 123.819
1173 114.488 79.8952 0.7876
1174 113.873 4.46771 15.0922
1175 1.15335 89.7959 0.413612
1176 2.88849 88.4965 22.9208
1177 45.1402 0.426793 119.387
1178 2.19396 114.888 116.595
1179 109.947 66.1454 60.823
1180 5.05349 74.2278 94.2937
1181 49.5756 60.1707 75.6356
1182 51.2845 61.5679 88.4543
1183 115.423 47.9786 124.253
1184 62.1539 70.0336 73.7384
1185 5.15597 50.8003 54.2826
1186 110.257 14.837 99.8183
1187 0.447741 41.0102 1.24136
1188 39.7574 4.93896 58.7602
1189 62.5482 1.75423 34.9544
1190 109.54 9.40295 75.6341
1191 100.71 114.218 38.1827
1192 78.7928 114.093 24.0644
1193 28.1007 2.58182 82.8027
1194 60.7528 66.3226 51.978
1195 62.1909 90.3476 126.023
1196 92.5722 25.3172 126.975
1197 51.444 60.0868 87.1445
1198 99.4319 63.2691 106.557
1199 54.9142 61.0942 47.0374
1200 99.2226 60.5068 108.468
1201 84.5135 56.4045 120.176
1202 87.5235 59.113 120.026
1203 108.073 56.6015 125.652
1204 98.3669 68.899 115.488
1205 93.7414 57.0136 126.025
1206 108.077 64.818 125.518
1207 81.3526 83.7434 -0.85866
1208 89.1913 80.5875 -0.878521
1209 100.878 90.0087 7.99445
1210 113.766 75.3944 3.50112
1211 86.7139 88.4192 25.4444
1212 106.564 82.4395 10.5747
1213 86.5063 80.4847 -0.974706
1214 78.0147 69.8165 19.8409
1215 86.3979 76.8434 10.567
1216 113.819 87.0232 0.651306
1217 113.759 101.185 26.5682
1218 4.58335 65.5876 80.7765
1219 18.3313 110.41 105.339
1220 99.3571 4.91422 75.9273
1221 113.884 91.5414 82.3681
1222 75.2393 112.393 40.3081
1223 115.108 73.4555 106.857
1224 77.4728 86.7903 11.067
1225 1.10576 112.056 14.9396
1226 91.8122 4.81867 102.13
1227 94.9032 114.248 32.7357
1228 42.2992 -0.031552 97.19
1229 3.4579 87.3865 107.891
1230 5.0081 41.9013 54.0334
1231 15.7763 3.41362 58.2569
1232 29.0284 112.055 -0.21039
1233 109.963 4.72411 38.2648
1234 22.5705 109.302 38.3591
1235 69.7491 29.7837 -0.320102
1236 29.2226 46.9178 0.344846
1237 5.09994 48.0687 68.1606
1238 71.1116 82.8931 126.191
1239 20.9328 89.7772 0.0606503
1240 96.5544 31.5428 126.036
1241 3.26015 82.8674 25.8401
1242 36.658 111.929 98.87
1243 105.306 112.802 57.6449
1244 70.8524 51.5013 104.979
1245 104.587 4.41353 29.4229
1246 3.75743 92.0359 0.599344
1247 0.880489 38.8146 91.1245
1248 29.1131 94.9936 0.0200041
1249 67.3353 59.4919 65.557
1250 72.1975 114.11 32.8649
1251 -0.536388 94.8108 2.5944
1252 38.5948 110.113 73.4345
1253 109.616 42.9125 51.8773
1254 31.8463 109.463 58.4367
1255 74.0393 1.59643 28.8942
1256 81.0146 63.5785 -0.57665
1257 2.03652 47.7537 127.151
1258 90.8688 110.089 66.546
1259 109.764 23.6827 82.32
1260 3.65845 106.333 63.1918
1261 6.82092 84.023 0.272388
1262 -0.856607 61.1353 27.5737
1263 86.4911 75.386 112.761
1264 43.8265 93.3332 126.988
1265 114.666 104.707 97.2045
1266 107.819 76.3231 113.711
1267 88.1749 73.7293 125.768
1268 115.348 73.8378 112.34
1269 93.784 69.1477 126.563
1270 115.362 87.6816 115.024
1271 107.901 79.4294 113.684
1272 96.3568 85.1182 119.501
1273 93.3213 85.1855 119.606
1274 109.277 81.6318 120.93
1275 93.5493 60.6118 112.634
1276 115.34 82.2 118.097
1277 96.5248 88.0095 125.723
1278 82.4046 80.565 117.632
1279 105.27 90.5075 116.451
1280 105.132 76.2324 122.398
1281 110.848 92.3557 6.47818
1282 95.0865 114.164 12.2103
1283 112.088 114.151 6.30783
1284 113.966 97.6246 14.7856
1285 99.3837 109.576 12.9807
1286 114.065 92.5872 14.5786
1287 -0.523616 1.42914 5.79461
1288 30.9156 93.3022 126.523
1289 45.4423 0.171513 124.711
1290 68.2041 109.838 40.0703
1291 112.567 68.7938 39.8052
1292 94.0045 4.96928 93.5026
1293 53.1043 62.3442 45.1966
1294 6.96133 108.802 55.6206
1295 22.1774 1.90563 50.6309
1296 -0.639784 69.4171 2.65129
1297 18.716 3.72044 63.1097
1298 71.8974 15.3699 0.0475043
1299 53.7929 52.6309 69.5569
1300 86.2155 114.331 6.06696
1301 42.1018 82.0294 126.468
1302 113.498 31.6973 107.17
1303 99.6684 4.82471 90.9092
1304 -0.98061 46.8569 10.8894
1305 110.587 100.081 56.03
1306 100.463 78.1095 -0.987166
1307 107.137 114.121 68.3774
1308 109.946 114.155 73.9675
1309 110.152 40.3981 83.9527
1310 111.462 97.9945 71.0905
1311 85.4179 53.9065 126.238
1312 89.2176 66.1855 -0.919705
1313 26.53 109.426 55.9249
1314 59.5865 73.2919 126.353
1315 0.866842 27.3537 96.4363
1316 111.49 90.1165 49.571
1317 113.782 83.0292 85.9357
1318 92.3659 5.17411 44.203
1319 62.2299 68.5043 74.8996
1320 23.7914 23.8607 0.72747
1321 22.3939 0.4868 111.384
1322 37.9021 18.0714 0.428438
1323 41.2351 98.3161 -0.595746
1324 64.913 114.701 95.629
1325 3.52182 102.222 108.121
1326 12.0364 109.557 79.0894
1327 113.922 95.2152 18.2024
1328 6.48347 113.962 13.362
1329 4.88879 98.8498 82.8464
1330 35.0547 111.078 98.3188
1331 59.6676 110.061 52.7496
1332 115.608 33.591 121.328
1333 96.3041 110.306 113.433
1334 103.564 96.2159 116.305
1335 87.7022 106.964 113.623
1336 114.306 104.71 125.061
1337 115.223 101.46 120.332
1338 115.15 101.783 117.292
1339 105.473 110.286 125.463
1340 115.047 109.946 105.87
1341 85.2207 94.6701 106.912
