0 6.55144 15.7138 0.902909
1 6.95942 9.60785 7.2163
2 16.4055 28.2791 13.8277
3 26.5164 -0.604316 14.1837
4 26.8257 4.23149 0.973223
5 9.6344 4.62769 4.37039
6 4.14879 9.76311 4.36166
7 12.5378 2.63851 11.6214
8 23.9503 15.6069 0.842466
9 1.09493 15.2934 1.31626
10 41.146 3.31569 46.6388
11 1.36527 2.0291 101.643
12 68.1564 5.95144 91.3789
13 76.7621 0.542783 125.458
14 114.726 109.58 77.994
15 80.5423 92.0264 -0.937802
16 9.1506 92.3521 0.25391
17 59.9277 1.58455 32.5298
18 31.0507 5.78558 79.5746
19 5.46826 107.178 73.8647
20 49.6325 26.877 0.237505
21 109.22 20.7015 37.9244
22 114.122 24.1958 15.4179
23 112.38 115.259 79.1222
24 9.75653 109.627 94.1328
25 91.118 16.4288 127.139
26 102.289 13.8596 126.819
27 105.088 5.27117 52.9205
28 14.8762 114.314 13.2408
29 3.12737 85.5687 22.8126
30 109.394 61.3987 75.266
31 82.6797 109.526 64.4402
32 29.7853 91.948 23.9568
33 0.600462 96.0541 112.036
34 109.509 32.5562 79.132
35 101.984 5.08523 44.2816
36 109.172 61.1939 -0.75796
37 5.30405 45.8965 68.7975
38 28.0694 0.409566 103.18
39 112.613 31.5035 16.7603
40 73.3723 114.513 99.1031
41 97.8504 4.29903 41.4911
42 113.873 100.895 29.3785
43 18.3411 -0.487996 11.7699
44 115.437 75.9588 106.98
45 19.4166 16.8301 128.036
46 1.22126 10.4022 77.6136
47 98.6213 114.515 89.4854
48 19.6738 -0.0846503 89.0335
49 42.3742 58.1598 71.589
50 29.7892 -0.624642 2.91904
51 22.697 23.5069 118.062
52 5.33057 42.7468 68.8332
53 25.098 114.957 111.475
54 76.1455 5.44322 74.1926
55 78.0441 75.6191 -0.741364
56 101.049 -0.32638 13.2228
57 115.275 5.47764 122.521
58 31.2471 1.91936 47.3314
59 9.77755 13.6512 116.686
60 3.94179 13.5443 117.728
61 11.2191 0.296142 114.928
62 28.0562 10.7122 127.936
63 25.6346 10.6805 127.862
64 3.07163 0.654993 123.374
65 16.8355 4.86024 124.789
66 16.5903 33.2933 8.07747
67 20.9733 41.333 9.36924
68 19.6136 39.6983 7.93575
69 -0.731896 44.0935 13.6844
70 16.9178 25.1881 11.1321
71 0.475576 55.5724 0.769266
72 21.003 29.5742 0.833959
73 1.04661 18.1462 1.24598
74 113.806 107.706 49.722
75 59.2292 99.5377 126.892
76 112.204 113.787 53.9011
77 110.946 6.54946 66.1066
78 56.7918 4.74301 47.7007
79 115.305 73.7421 116.035
80 42.5453 5.42614 68.5348
81 57.0226 46.1523 30.5572
82 54.7832 114.331 18.1683
83 5.10681 70.58 127.715
84 32.32 -0.550623 1.87963
85 21.1853 109.411 45.5983
86 0.6638 16.44 103.749
87 55.1857 109.183 55.3031
88 83.3058 49.391 -0.765023
89 18.5344 114.081 4.61366
90 109.557 24.5861 73.4514
91 103.534 114.197 29.7039
92 37.6872 4.02835 84.3986
93 52.071 35.4732 -0.104106
94 23.8569 1.22595 0.97562
95 29.7119 114.184 7.22937
96 110.236 77.2976 44.8436
97 0.944624 83.5051 0.57069
98 110.425 9.31223 106.713
99 38.1235 0.282773 34.4178
100 105.336 25.1587 126.667
101 89.4578 29.8663 -0.432859
102 5.18899 96.1681 76.6984
103 5.38616 107.767 96.8688
104 89.7738 86.6349 -0.830323
105 60.7971 114.404 20.8133
106 114.305 61.2589 19.5274
107 4.92794 65.4805 80.6589
108 30.9934 0.15699 94.4791
109 48.1485 0.206866 118.099
110 109.839 35.9332 93.4166
111 19.2747 53.6669 127.787
112 70.3765 114.852 104.218
113 109.04 18.5002 59.1448
114 0.110467 10.4101 37.7898
115 58.4581 23.8799 0.0897083
116 114.751 112.261 95.1029
117 87.029 -0.300117 10.3967
118 3.66983 72.8009 102.586
119 91.1889 76.5682 126.657
120 4.30106 113.732 16.1655
121 0.427456 44.4536 93.7813
122 16.9095 88.2586 99.1382
123 3.79213 -0.288571 11.636
124 82.1338 115.041 113.128
125 35.7807 32.1741 117.39
126 26.5428 43.47 120.174
127 22.0387 44.7375 121.849
128 0.647067 22.2219 109.528
129 19.5347 51.0571 116.054
130 5.22136 36.7103 128.02
131 13.8701 45.0447 127.922
132 23.7112 24.9337 116.48
133 27.912 22.0356 116.048
134 26.8373 68.3813 18.8508
135 3.5719 61.0126 0.728575
136 22.4863 68.6411 13.3364
137 22.5279 65.4097 13.4398
138 -0.864783 49.5338 19.8355
139 -1.00649 67.0349 11.0867
140 18.3457 46.8125 9.34972
141 80.8198 -0.37082 15.9038
142 0.492262 36.4428 127.694
143 78.1768 -0.302233 15.5316
144 91.9473 3.7994 -0.152723
145 77.7263 4.08021 104.338
146 25.5026 65.6594 13.4019
147 79.5832 27.8229 127.113
148 2.6872 0.450074 112.616
149 106.371 88.8493 -1.40849
150 112.179 46.3866 98.8805
151 13.7912 61.2396 128.12
152 40.8444 2.30147 41.9114
153 61.6465 47.8702 127.411
154 114.176 63.9615 4.13912
155 5.07989 88.0547 74.4462
156 -0.141407 69.899 18.0805
157 59.8774 115.213 119.04
158 -1.25445 55.6812 7.89659
159 74.1733 0.240212 114.078
160 1.29789 23.4422 52.6886
161 47.6712 111.443 93.0838
162 82.7204 90.5829 126.617
163 59.7691 111.299 86.8352
164 109.202 63.498 60.8091
165 66.1069 109.459 64.5755
166 5.19217 56.7022 56.8879
167 56.642 3.01276 94.6089
168 80.1208 73.7808 126.888
169 0.61923 68.1009 26.1766
170 -0.312852 16.0463 33.9332
171 63.8601 -0.715722 1.83891
172 5.10444 96.2557 73.538
173 5.73686 27.7962 128.02
174 5.27038 50.695 54.2772
175 86.122 89.5914 -0.754763
176 50.576 5.96112 88.5526
177 13.2715 109.11 59.0449
178 60.8449 114.259 3.84974
179 -0.0981175 114.409 13.1505
180 12.8144 109.815 71.61
181 53.4047 64.5196 41.8789
182 24.1327 43.8207 70.3592
183 28.4159 76.6195 86.2845
184 9.5192 60.0558 117.598
185 115.216 75.5923 95.4935
186 0.380733 56.2578 120.237
187 8.58113 0.584398 121.028
188 115.688 45.6018 115.928
189 19.4795 58.3628 116.159
190 17.9749 46.8478 111.654
191 0.575244 73.8919 123.175
192 13.8783 59.1243 127.678
193 19.8037 62.0337 127.825
194 9.62794 38.7579 120.593
195 8.50312 64.9437 127.79
196 18.9379 59.1384 124.509
197 20.6239 58.7683 111.523
198 31.0635 78.8316 127.353
199 9.56813 65.1836 9.75203
200 15.3981 100.421 3.30093
201 15.8912 83.8619 6.32005
202 21.0612 78.2904 6.28622
203 17.8733 75.2464 0.180427
204 17.5248 89.5154 0.0252695
205 -0.957348 75.2761 4.83695
206 16.7501 75.3162 15.1766
207 11.5001 75.0972 0.123683
208 21.9842 71.3377 7.54635
209 57.7793 92.9033 -0.587024
210 115.019 109.643 72.0832
211 109.141 63.3165 52.3741
212 115.042 84.6315 101.379
213 29.8432 66.906 11.8931
214 82.0339 115.019 110.002
215 75.4824 5.1836 68.2266
216 16.8305 92.5296 13.0972
217 3.09964 10.1412 66.3757
218 104.452 4.67289 35.9009
219 112.057 91.7139 48.2723
220 2.29752 50.5907 127.791
221 23.6587 110.15 103.867
222 22.9547 0.248278 120.201
223 100.431 114.102 12.2535
224 76.3538 115.414 110.772
225 66.7364 100.409 41.3799
226 1.00266 29.5558 49.7635
227 0.515448 36.8939 108.593
228 106.601 52.7802 -0.558148
229 24.4622 4.92841 65.5359
230 34.8659 3.83639 0.59674
231 12.762 -0.0484485 26.0378
232 109.379 97.7248 63.2155
233 38.0081 89.6589 -0.267479
234 112.309 114.32 86.4183
235 114.625 100.832 81.5388
236 14.1578 96.0671 127.359
237 5.41106 62.6491 59.8149
238 10.9289 109.501 109.37
239 22.3372 0.431523 117.491
240 109.263 83.2866 57.9895
241 4.38746 106.533 83.8198
242 83.4089 109.805 48.8873
243 106.354 114.108 17.8437
244 113.666 109.746 38.3779
245 116.016 3.84426 124.867
246 56.0312 10.8824 127.775
247 -0.33911 106.325 1.70055
248 81.7068 114.026 83.6842
249 32.455 -0.230096 22.218
250 6.66983 114.056 13.5501
251 0.88815 14.1413 100.315
252 0.839134 93.4994 125.537
253 112.402 54.828 31.3268
254 43.5222 75.2275 -0.190547
255 0.633993 7.81927 106.033
256 11.105 112.357 17.2251
257 92.4801 109.491 64.3989
258 5.54475 30.9095 60.504
259 103.632 2.93227 18.3074
260 8.38714 2.91931 74.3994
261 113.651 65.8007 91.9185
262 115.147 101.743 123.807
263 109.211 23.7703 67.7863
264 109.693 10.3631 79.1681
265 113.378 85.1438 125.692
266 16.8323 71.7076 118.273
267 3.98075 113.941 2.17403
268 37.0222 13.5708 127.901
269 5.42242 73.6352 74.4056
270 16.711 89.1496 115.899
271 16.4541 87.6363 118.324
272 36.7594 79.8016 127.344
273 3.60141 70.1641 117.429
274 0.8929 87.6408 123.179
275 32.191 81.7655 108.779
276 32.2773 82.4508 117.126
277 25.2138 89.6571 115.458
278 29.2185 109.524 -0.0901739
279 21.9518 79.682 16.2705
280 27.8779 99.1244 7.36699
281 19.7315 106.684 8.94771
282 15.1832 113.994 7.49839
283 6.36315 100.802 0.280863
284 -0.67911 95.298 2.34305
285 14.4476 2.3165 128.055
286 71.1312 56.875 127.209
287 21.3927 0.409907 37.5506
288 14.0005 114.752 111.3
289 103.373 90.7183 -1.53683
290 34.2901 -0.361247 103.122
291 108.24 5.79087 104.327
292 1.44063 114.151 125.452
293 5.73859 19.3485 127.985
294 16.8334 89.7657 13.4547
295 90.8468 87.925 126.383
296 8.04814 39.5636 127.757
297 41.9852 47.7842 127.726
298 71.0536 102.624 126.47
299 5.62982 19.8662 66.4693
300 26.4198 108.884 41.535
301 -1.05294 72.3054 13.7527
302 0.606479 51.3902 34.7486
303 8.58652 109.765 39.1033
304 10.5391 0.562749 100.256
305 111.787 114.284 32.4355
306 23.8933 110.04 92.1396
307 0.741196 6.49589 54.6369
308 99.6552 48.0366 126.704
309 109.836 17.1691 41.2007
310 -0.670961 26.6976 14.0456
311 8.20982 84.4369 127.4
312 43.8898 110.037 80.4114
313 70.0295 109.909 73.2861
314 36.6815 113.035 126.908
315 4.90364 62.051 89.2039
316 113.424 61.7687 91.448
317 3.89969 26.7254 55.9251
318 66.9113 114.549 6.52942
319 115.623 33.4534 121.259
320 11.0553 114.822 113.823
321 113.214 115.035 109.557
322 0.677696 35.9701 99.973
323 16.5791 114.843 113.945
324 111.866 107.195 57.1931
325 107.417 114.613 101.15
326 22.2027 36.7989 127.905
327 79.4271 110.046 126.385
328 12.7556 109.006 41.9062
329 49.5798 56.336 76.8418
330 52.1806 112.839 100.529
331 22.3081 0.432732 105.908
332 4.99647 109.443 82.6738
333 108.425 5.84351 97.703
334 74.0786 84.643 126.902
335 34.763 114.215 4.44214
336 1.33842 28.7803 85.8451
337 55.2423 -0.639479 10.4674
338 22.2976 114.985 102.567
339 28.0269 105.031 127.036
340 0.695484 101.968 119.69
341 8.28284 101.523 123.985
342 3.71343 107.34 116.885
343 36.9113 28.983 13.4812
344 26.638 -0.658087 19.4048
345 49.3083 -0.679205 16.6453
346 43.9154 15.3706 0.213285
347 57.8558 -0.530193 19.1393
348 40.2575 15.606 17.9997
349 31.9267 12.4741 0.70305
350 40.18 15.5497 21.0553
351 45.3041 23.0437 16.3222
352 33.8382 22.6213 127.713
353 66.8911 -0.0947222 123.035
354 113.797 112.055 26.161
355 5.18894 44.7768 46.1276
356 46.3725 104.264 -0.256241
357 75.3463 92.4344 -0.714447
358 83.1337 21.438 0.0198431
359 50.847 1.7692 35.6816
360 3.9121 46.3019 44.3288
361 109.363 49.2202 48.8956
362 89.0747 89.2597 -1.04302
363 114.655 74.4088 89.5885
364 10.1559 9.83207 0.749762
365 53.1351 114.602 24.2772
366 71.0481 0.220291 117.304
367 2.63267 97.0488 19.7237
368 5.40086 70.1752 48.1853
369 113.287 35.4137 -0.73579
370 27.9927 110.673 127.202
371 109.461 12.886 79.4783
372 104.581 5.45323 58.6377
373 75.2697 2.22375 29.6621
374 32.2937 109.081 56.0969
375 103.703 72.5494 -0.714227
376 0.764968 58.7913 123.019
377 114.043 12.762 15.2724
378 1.16712 4.57194 74.5704
379 3.72866 23.797 73.6959
380 0.398125 64.7101 112.538
381 115.618 56.2368 118.615
382 36.7021 4.74739 81.2502
383 0.884047 44.7138 100.949
384 70.7948 50.52 104.712
385 11.5577 108.561 101.336
386 111.535 114.193 14.936
387 83.8192 2.68215 19.5946
388 98.8431 10.8462 126.993
389 115.056 59.0451 99.0621
390 43.3739 21.9709 109.928
391 115.017 4.98921 110.893
392 106.495 114.186 3.05289
393 53.9466 14.103 127.441
394 39.5329 5.13045 127.786
395 48.0937 23.4934 128.065
396 45.5181 26.4235 114.157
397 36.5916 0.553108 125.842
398 42.4335 0.486932 120.117
399 49.2426 24.7647 100.649
400 62.8446 10.8581 127.589
401 45.2562 22.6703 124.454
402 37.8842 26.3989 0.483372
403 38.1027 35.216 0.0353651
404 23.671 40.7585 0.409355
405 55.4211 23.7037 14.7619
406 55.1946 41.2135 -0.22947
407 52.4325 38.5839 5.94449
408 22.2514 41.245 5.93835
409 38.1095 45.7767 12.0106
410 32.4187 26.8062 0.604172
411 48.9568 35.2512 -0.0710883
412 28.0966 41.3262 8.97499
413 39.6756 36.7755 16.4069
414 110.012 21.5875 99.7041
415 5.50451 13.8946 128.272
416 33.8097 6.30042 102.382
417 28.1066 81.8054 20.3631
418 38.0732 43.3273 11.8417
419 49.6224 114.366 21.0974
420 33.917 51.1808 13.3187
421 113.732 98.6865 43.7269
422 112.482 25.1596 19.9372
423 5.12372 70.2797 65.6045
424 111.124 109.946 61.3494
425 8.03708 114.992 125.544
426 73.6257 33.2564 127.008
427 25.7115 5.43253 73.9164
428 53.8281 0.17678 99.871
429 4.75964 1.34691 59.4776
430 63.5714 101.386 40.2896
431 99.5606 107.253 126.155
432 110.395 0.385665 111.07
433 15.1184 111.718 110.933
434 58.1617 -0.838011 7.10879
435 10.1097 0.779695 80.0362
436 89.4498 1.56208 0.0266632
437 113.911 35.6359 14.9371
438 113.92 66.7241 5.98144
439 109.402 12.4245 58.8297
440 -0.701152 97.928 8.18576
441 51.1412 5.90721 82.8702
442 0.696214 24.8466 102.663
443 -1.7793 5.34112 18.5999
444 0.993653 26.9023 50.3025
445 109.201 57.8461 -0.620237
446 38.0596 -0.901018 6.10434
447 62.6581 72.3728 77.27
448 25.9444 33.7907 128.015
449 94.2515 93.4492 126.135
450 107.027 4.03427 86.5211
451 -0.544681 95.2504 16.2664
452 19.1876 0.0402814 114.817
453 24.0914 -0.423135 11.5283
454 114.091 112.853 30.7735
455 64.0861 75.5608 -0.64988
456 54.3768 5.53694 68.0091
457 0.894945 24.2339 88.4747
458 0.616562 84.7182 112.047
459 2.78972 33.646 127.915
460 73.8967 4.8638 127.199
461 0.671467 101.954 125.618
462 115.928 76.3363 122.815
463 5.55962 76.308 127.852
464 115.489 41.8089 107.983
465 75.1791 52.8241 106.91
466 65.0339 33.2217 112.701
467 -0.655996 98.0333 2.11889
468 12.1464 112.327 0.275459
469 46.1198 35.2618 114.353
470 35.8322 47.8031 113.163
471 46.2799 20.672 120.153
472 46.675 31.2722 122.962
473 45.7063 33.7695 127.686
474 33.6797 24.2751 116.018
475 51.1073 27.3725 127.535
476 60.7038 44.8514 103.399
477 47.884 39.1389 112.999
478 49.5405 29.1493 122.836
479 37.9616 54.8665 108.599
480 38.1482 59.9854 13.8035
481 49.372 63.7653 -0.219315
482 52.0029 68.2491 12.805
483 49.5706 49.571 -0.203362
484 113.734 112.784 11.6084
485 18.6889 0.0788971 28.9904
486 1.37209 86.6015 18.1126
487 30.4763 59.5793 13.2989
488 54.8564 55.7538 11.3349
489 100.511 64.1087 -0.677319
490 -0.890232 86.1178 10.7167
491 62.1946 53.5 127.177
492 -0.546822 89.3972 15.9625
493 111.602 41.7659 31.8219
494 5.20161 96.7852 91.1692
495 98.2875 38.7713 25.6524
496 1.97719 0.282671 115.076
497 13.791 53.8265 127.766
498 46.9394 56.3861 76.2817
499 46.6958 108.814 37.975
500 110.63 74.033 82.8256
501 80.8317 112.038 -0.822516
502 1.09035 31.6461 47.0896
503 1.41928 -0.469939 3.4182
504 32.3427 92.3777 -0.0939124
505 37.0198 5.2899 68.6055
506 55.467 89.534 -0.576262
507 113.723 54.9393 97.4164
508 109.192 114.206 29.0386
509 109.564 80.5355 48.7033
510 5.3793 88.2007 79.6268
511 107.909 113.513 68.8688
512 -0.0366009 10.534 42.8637
513 81.4863 2.64369 109.468
514 88.0404 70.373 126.967
515 114.912 2.08546 110.973
516 62.3082 41.4938 127.427
517 79.5814 54.0598 102.848
518 66.7126 -0.870941 8.82937
519 9.10908 98.0434 0.268877
520 80.4047 88.1507 72.1221
521 108.808 6.09664 27.8475
522 42.5612 57.88 68.8911
523 78.6492 58.0891 77.526
524 68.3296 5.61289 76.8514
525 0.795091 82.3946 17.4776
526 28.1185 57.7569 114.037
527 74.7829 114.317 15.11
528 68.3019 53.1087 127.385
529 40.7477 49.0741 123.033
530 4.01312 84.6967 29.0131
531 30.9668 61.8935 127.741
532 25.1682 57.087 113.104
533 57.2039 70.4017 127.332
534 33.8054 67.7377 112.837
535 48.0366 64.0731 115.533
536 64.8463 54.0424 103.912
537 32.5056 80.8193 -0.188523
538 43.5375 84.0726 -0.295476
539 25.146 72.0961 7.26216
540 56.9875 70.9109 9.89137
541 52.2513 82.6362 17.7753
542 23.7668 80.8273 0.135181
543 32.2102 55.5077 0.00902435
544 13.8035 114.94 117.15
545 0.7703 41.5672 100.175
546 53.7936 111.446 90.3201
547 114.683 112.135 80.0731
548 12.391 1.40664 78.9474
549 5.56734 67.9266 60.2994
550 38.5289 111.478 21.4673
551 72.2411 113.891 37.1486
552 0.780954 2.86623 103.459
553 115.32 27.7895 121.958
554 4.41918 30.7923 56.3103
555 40.8624 -0.448825 7.90726
556 2.95219 0.830172 126.14
557 99.5164 73.4406 126.569
558 115.436 36.9619 119.055
559 115.296 19.8185 116.215
560 113.746 104.144 46.3846
561 18.7427 3.64108 57.8585
562 40.0777 45.2071 127.817
563 60.1308 98.2012 -0.461377
564 -0.90417 61.2016 1.74694
565 15.7901 0.227031 34.269
566 45.2118 2.88545 91.95
567 82.078 101.995 126.424
568 18.0282 108.792 32.9017
569 15.386 108.928 36.1866
570 48.0795 1.50052 33.0403
571 10.1649 3.93483 66.9893
572 22.3813 87.9827 127.5
573 96.5016 0.332529 111.54
574 80.8021 55.8302 100.881
575 73.6118 115.164 119.021
576 4.09739 97.1347 108.235
577 113.728 63.7837 1.02076
578 8.8326 2.35116 59.1375
579 89.3883 114.367 29.4299
580 63.1297 70.7507 127.385
581 32.4777 84.2048 22.5068
582 86.8749 114.556 32.0007
583 5.25496 84.8159 127.697
584 40.4873 49.3707 0.207557
585 74.6537 46.6723 107.897
586 85.3043 3.81276 28.0284
587 113.892 61.178 9.08287
588 -0.22992 15.7556 46.0446
589 61.1194 68.8381 76.0502
590 23.8878 101.074 -0.259167
591 30.3728 77.5549 86.2017
592 62.2133 0.102609 111.45
593 36.7472 1.7832 39.0799
594 42.4623 42.3048 127.647
595 44.99 84.8713 115.365
596 -0.817095 2.65136 23.1278
597 111.763 9.64155 -0.16909
598 113.976 95.2622 24.0269
599 45.2795 90.1117 127.006
600 12.5862 0.0973811 28.6392
601 43.8113 89.018 113.95
602 21.1947 9.8136 0.762509
603 48.7267 93.2268 120.847
604 4.09624 31.5464 52.9862
605 63.0118 109.16 47.1426
606 0.614961 58.999 103.115
607 40.9856 109.219 65.1268
608 -0.774598 4.7286 5.85647
609 53.7848 83.1898 113.639
610 39.0653 79.1179 112.701
611 50.9645 74.2263 115.201
612 42.5052 87.1978 115.47
613 38.2412 73.4608 121.375
614 44.746 87.694 115.412
615 53.7137 79.7304 115.409
616 38.8645 96.7218 7.1425
617 43.7557 114.258 1.68475
618 54.9692 112.366 -0.401035
619 26.6594 95.269 8.89726
620 49.1354 114.406 1.71525
621 53.5393 101.204 13.9663
622 59.205 98.1622 11.5056
623 38.1218 108.329 13.795
624 40.9751 85.246 11.0432
625 37.0257 111.059 4.16007
626 49.5053 102.477 10.2513
627 113.765 93.1313 32.6914
628 93.3886 114.265 75.0956
629 5.20965 53.539 48.9324
630 16.801 113.54 127.007
631 110.577 16.3772 105.6
632 5.65164 0.535824 128.309
633 86.6547 -0.173479 12.785
634 101.551 115.115 87.8598
635 109.366 52.0583 64.2385
636 83.5663 -0.310534 10.034
637 48.3373 84.9998 127.019
638 -0.0268683 0.245621 43.5621
639 11.0546 90.3077 127.617
640 63.9494 111.599 37.3655
641 104.874 101.846 126.054
642 109.342 49.8748 72.7001
643 112.685 37.1455 20.6919
644 60.3643 9.99472 0.232129
645 43.9559 52.3282 -0.198777
646 114.1 50.0166 14.8949
647 60.774 61.0174 -0.511883
648 48.7058 115.179 122.044
649 67.9343 5.6287 73.8798
650 112.946 112.504 45.1033
651 89.5357 114.29 9.34022
652 115.279 7.86899 116.724
653 92.4246 2.95239 21.6306
654 79.6704 90.4227 126.524
655 115.365 59.3573 124.33
656 65.1691 115.261 119.257
657 109.272 43.4146 52.6239
658 109.423 32.6571 46.7578
659 1.25366 2.36101 77.0918
660 110.559 50.3219 35.7009
661 20.5764 100.812 -0.0112651
662 111.021 2.45667 126.737
663 66.363 26.9652 0.0383634
664 9.50164 16.589 0.143824
665 52.738 18.235 0.24269
666 98.9636 110.551 126.104
667 70.7641 29.1533 33.7361
668 63.7158 114.256 31.8791
669 107.997 2.16299 126.917
670 74.9635 114.47 20.8469
671 58.0906 49.609 -0.506129
672 86.6153 46.6937 -0.698937
673 4.6704 95.9778 26.9647
674 79.2708 5.54951 68.6009
675 105.979 106.694 -1.24494
676 113.974 77.9164 26.614
677 114.224 30.1061 15.0698
678 102.587 59.7086 126.461
679 20.7733 55.4099 0.355169
680 42.6598 90.6264 127.207
681 42.1184 97.6215 119.191
682 43.8399 107.689 121.639
683 36.5774 90.3846 127.24
684 50.7775 115.292 113.85
685 35.1589 104.14 113.787
686 33.3797 115.137 113.423
687 41.8953 115.149 125.073
688 36.8029 96.2777 127.098
689 57.5142 102.078 127.201
690 59.478 113.278 126.609
691 66.5701 4.3284 0.286344
692 69.2326 32.5279 -0.21697
693 79.1808 23.8935 1.09119
694 74.0797 18.4485 6.26325
695 66.412 15.0664 0.0981873
696 62.5798 14.0655 16.168
697 89.6879 -0.385373 13.1514
698 113.296 113.001 73.2573
699 62.3951 18.3292 13.2432
700 0.366235 13.3551 103.796
701 51.1483 5.57749 80.5934
702 109.247 75.8002 72.571
703 38.3439 69.4082 -0.102789
704 78.0317 2.0477 20.8874
705 60.7999 5.57046 13.2742
706 18.4332 4.34904 71.043
707 102.311 1.36423 16.9536
708 -0.61642 38.4559 17.1132
709 3.89093 27.3571 74.2351
710 86.6567 114.24 6.28444
711 115.174 101.95 109.196
712 78.9483 111.959 79.0368
713 5.27385 59.485 72.0054
714 -0.75852 41.0441 2.79363
715 109.363 46.9387 81.8556
716 99.2957 42.1781 126.738
717 42.9235 1.65892 33.641
718 59.4285 0.172018 103.407
719 84.0655 72.4954 -0.651278
720 114.222 35.7049 6.53673
721 -0.525683 52.8562 25.2818
722 113.422 80.0538 85.5446
723 1.01645 32.1835 1.17264
724 14.3038 2.80407 74.8809
725 24.8467 -0.0732126 115.005
726 112.866 113.137 125.626
727 9.35918 -0.658645 11.4662
728 115.121 92.6384 85.8626
729 63.3931 46.9845 -0.383025
730 97.7528 -0.0136964 -0.72658
731 113.226 2.78033 16.1036
732 112.415 111.516 56.6869
733 83.5532 9.58282 111.064
734 83.0021 10.5866 121.09
735 83.6028 9.22394 122.558
736 86.5414 21.6162 113.882
737 68.9986 20.5409 119.911
738 67.9453 0.281834 114.551
739 73.4526 24.7479 106.801
740 82.5326 16.7767 127.14
741 62.3558 19.2518 121.45
742 72.4674 13.6015 122.061
743 80.6849 29.2203 116.732
744 59.4123 0.449299 123.045
745 62.1684 16.1148 127.619
746 62.455 0.106955 114.279
747 59.68 16.3419 127.446
748 71.7928 26.7823 -0.296728
749 72.4037 41.0872 -0.297302
750 88.0415 52.6956 10.422
751 80.1226 27.1567 23.0212
752 72.3656 32.2924 -0.310518
753 63.7902 18.3291 -0.0109859
754 76.6724 5.20848 61.5537
755 51.9863 46.9822 14.4487
756 69.6358 114.236 3.88064
757 42.3878 58.4794 80.3784
758 59.4671 28.1205 13.1978
759 5.11203 60.2448 83.6735
760 110.082 7.52303 69.3808
761 100.841 57.9033 -0.892928
762 -0.100197 10.0888 31.6361
763 31.2956 13.2459 127.985
764 108.906 81.1862 -0.964377
765 115.413 39.4554 113.316
766 109.425 12.8398 -0.437348
767 11.8138 41.1066 0.463403
768 57.6302 55.3254 -0.302847
769 110.194 34.6008 36.3383
770 5.26581 0.419123 80.5244
771 115.24 36.4168 108.343
772 5.02816 73.1092 48.5388
773 67.734 113.446 126.097
774 78.9485 114.336 92.136
775 36.9839 1.88105 44.1939
776 1.2442 74.8762 108.738
777 7.28965 110.036 77.8461
778 82.1905 114.407 89.4034
779 85.9614 9.8729 -0.145891
780 86.4905 -0.225263 1.30328
781 110.966 0.619495 122.078
782 25.3817 48.2696 74.6953
783 82.5396 5.62211 76.5168
784 107.908 41.7328 126.564
785 73.8017 4.80904 36.0403
786 112.789 66.8701 -0.870868
787 5.46154 2.65805 68.5256
788 106.601 4.73577 90.7569
789 25.5712 36.8129 68.8968
790 10.5572 78.7733 20.3129
791 13.0118 109.115 65.1565
792 0.283457 3.91865 37.8079
793 1.74947 0.557395 46.3987
794 28.0779 44.1175 69.5196
795 31.6215 5.44539 76.743
796 64.8371 115.276 116.138
797 75.8762 114.742 98.206
798 26.9692 38.1588 68.6594
799 66.6882 55.2678 -0.707024
800 78.0492 41.0882 113.873
801 111.234 15.7354 19.0823
802 7.12415 109.685 85.4557
803 -0.576441 38.6265 36.9809
804 59.515 24.9866 127.39
805 71.1297 30.8776 127.199
806 62.0627 24.9846 118.559
807 83.622 27.93 117.199
808 66.8192 34.6896 114.107
809 82.0822 31.0116 118.164
810 89.8059 49.4913 -0.814012
811 69.8423 58.2147 -0.828008
812 52.252 61.0986 -0.276017
813 59.7097 56.8823 12.8299
814 64.87 62.4583 9.8399
815 72.0775 49.998 8.46447
816 65.3207 59.0496 15.7479
817 92.3469 72.7508 16.7079
818 63.6243 52.1344 -0.373049
819 82.5937 57.0207 12.6087
820 82.4117 45.5119 9.8003
821 86.5457 31.0816 40.5244
822 61.0105 74.6568 77.2506
823 113.434 60.1761 24.2015
824 97.9715 38.1688 23.2237
825 92.2982 55.6425 -0.842258
826 63.3568 69.7164 76.1849
827 56.6701 64.0731 5.88327
828 113.872 103.89 3.54148
829 5.09033 104.667 38.7665
830 107.941 6.17125 81.0064
831 114.632 114.268 103.935
832 109.874 26.4232 88.1762
833 94.8305 101.007 -0.994153
834 5.36074 79.3867 56.6346
835 42.5464 77.0013 127.083
836 9.47433 109.075 0.197012
837 115.123 56.447 104.408
838 40.6621 113.496 109.304
839 109.177 51.0541 -1.39941
840 -0.811974 35.0868 2.55043
841 0.972282 23.9576 1.11538
842 -0.517939 44.0696 33.9578
843 2.37709 39.1745 127.776
844 7.14021 0.68968 55.3095
845 95.1647 89.1989 -1.05437
846 35.5783 109.297 70.9296
847 114.349 35.8461 0.442817
848 79.1491 111.015 75.4541
849 81.3063 114.527 98.1914
850 46.3762 109.142 62.3284
851 9.37239 33.0759 0.842594
852 72.4422 45.6054 103.143
853 75.5688 50.7054 106.213
854 105.459 8.15676 126.629
855 100.614 7.22802 -0.366571
856 73.1854 48.2957 106.174
857 37.9723 41.0852 0.178213
858 68.0222 5.28192 64.9064
859 66.1751 95.5563 -0.56848
860 85.637 74.5661 47.5574
861 67.7606 111.216 81.1593
862 69.6224 66.2035 113.808
863 114.096 103.513 32.7297
864 110.051 106.893 60.1523
865 85.2107 43.1654 117.949
866 54.5498 4.76246 47.8149
867 75.134 72.6354 119.501
868 86.5353 44.9457 116.82
869 85.1309 46.4463 115.244
870 81.1449 47.9215 127.636
871 71.4057 67.7892 127.123
872 79.609 55.7683 126.98
873 93.2466 67.5328 109.073
874 73.7371 63.4761 118.489
875 87.9165 59.5712 126.825
876 89.3251 70.3381 7.95868
877 58.4884 72.3439 8.47609
878 86.3399 89.4773 8.09963
879 65.0119 80.8623 4.36735
880 63.9205 92.4717 -0.651745
881 60.5457 72.838 -0.345012
882 66.9194 71.1603 18.0251
883 63.6152 83.3552 5.28337
884 69.5438 63.5835 -0.64389
885 64.1024 86.8773 5.4713
886 112.498 62.9646 33.7912
887 73.2973 82.7731 9.60362
888 111.911 77.9721 -0.900056
889 90.7582 30.8999 37.838
890 38.6903 -0.794138 11.1037
891 58.0025 87.0586 14.1048
892 -0.19241 18.6287 31.7
893 19.9102 5.49798 68.3449
894 -0.550218 35.4285 13.9484
895 69.2487 109.052 47.6251
896 27.949 56.4711 127.681
897 83.3395 5.4234 100.229
898 65.24 8.00961 127.45
899 73.8771 113.202 39.2506
900 113.45 110.83 67.7599
901 -0.38715 35.7724 39.337
902 36.626 84.502 127.258
903 109.251 63.4082 78.6522
904 27.9876 0.350578 111.745
905 3.80732 36.2363 82.4893
906 3.6477 47.459 88.214
907 87.7202 4.95256 53.7737
908 1.37382 17.8924 55.7171
909 30.9601 39.5631 127.735
910 40.6961 109.398 70.3449
911 109.586 7.7283 50.1949
912 90.2017 110.995 69.5803
913 41.6969 109.193 50.1616
914 4.75356 99.3962 89.8449
915 32.7105 108.915 46.9288
916 2.43971 69.1786 103.489
917 32.3223 109.39 76.2794
918 31.7733 108.982 59.0429
919 37.8954 110.982 98.6404
920 25.7325 2.11437 49.934
921 1.40975 42.9836 91.2104
922 4.43221 56.9498 78.7942
923 56.2454 68.9938 113.708
924 60.2687 4.83943 50.8336
925 70.6257 1.5826 29.7273
926 113.992 55.7434 12.513
927 1.00769 63.9331 0.742681
928 70.8878 44.7127 127.208
929 85.5984 84.8983 126.61
930 59.4672 84.8004 126.962
931 80.1254 70.8456 126.948
932 84.5677 86.0669 116.221
933 77.8915 84.8626 116.088
934 68.4646 70.6658 127.221
935 70.8133 78.9469 126.986
936 68.3672 70.6715 118.142
937 68.4454 90.8548 126.984
938 79.4458 99.2108 9.58628
939 58.314 108.186 9.64244
940 56.7629 93.7239 6.85498
941 69.3498 92.1461 -0.697542
942 52.1632 108.884 44.0732
943 109.423 73.9559 49.0755
944 91.0413 36.5463 126.834
945 69.3123 109.5 67.7243
946 96.4028 101.624 125.999
947 24.0224 109.275 53.8228
948 22.4604 115.317 101.943
949 93.812 110.662 125.945
950 79.4896 5.65409 88.8183
951 56.6147 0.216255 117.571
952 5.30287 76.8719 80.0863
953 -0.939351 63.8285 11.1024
954 5.09411 68.0414 39.4183
955 99.3187 114.998 118.73
956 25.441 110.591 19.5748
957 115.683 48.0088 121.524
958 109.355 35.6135 52.4541
959 112.467 102.787 51.3667
960 83.3815 112.296 -0.714744
961 99.6313 4.99393 102.522
962 5.32641 73.7788 83.1075
963 66.3314 7.10744 0.231801
964 32.525 103.623 -0.291984
965 42.5078 104.881 126.86
966 83.4624 109.302 55.924
967 110.514 31.3562 27.7116
968 -0.858809 100.97 10.4462
969 72.0688 49.8742 -0.678793
970 96.6094 38.8973 24.381
971 114.068 7.10439 15.0342
972 109.698 7.24338 90.6341
973 113.836 69.7305 0.892394
974 111.405 113.915 0.289642
975 115.206 89.7162 104.043
976 107.005 4.08037 66.4689
977 115.278 24.9853 111.168
978 66.8284 112.795 36.9331
979 109.529 14.4032 52.9307
980 70.9636 65.0048 127.13
981 95.4513 114.214 14.8533
982 109.279 55.1574 89.888
983 6.94151 108.219 57.8819
984 89.9573 115.033 106.912
985 114.705 104.673 98.2495
986 93.4905 62.2094 126.707
987 32.4186 103.731 17.7549
988 68.9562 113.755 92.5777
989 15.204 1.03072 1.19799
990 28.3894 115.077 122.431
991 48.502 5.67469 85.8701
992 32.3993 3.35879 83.071
993 5.04073 109.545 36.3251
994 75.2183 4.46205 101.8
995 49.6202 -0.0988298 27.7894
996 71.5057 94.7294 113.3
997 1.19504 10.3765 0.811981
998 67.485 101.984 126.448
999 62.1552 115.27 121.668
1000 76.5007 107.675 126.34
1001 65.1388 94.2371 126.902
1002 90.818 90.8065 126.392
1003 57.9819 90.4272 123.146
1004 85.0936 115.11 115.787
1005 50.8314 115.236 118.914
1006 95.8259 104.917 117.235
1007 72.3612 105.935 121.805
1008 113.922 12.5575 0.886952
1009 105.645 19.852 4.18602
1010 87.8859 19.3003 7.16915
1011 106.641 -0.373911 10.2155
1012 89.1617 3.32026 -0.549942
1013 96.7306 17.2652 10.065
1014 93.7435 20.2682 9.99131
1015 36.8889 36.4027 127.744
1016 -0.463098 47.279 33.7561
1017 98.9885 5.55453 88.2946
1018 91.9783 11.5543 9.89445
1019 90.6044 110.547 50.8506
1020 22.6051 3.04362 78.3453
1021 71.1273 12.6742 20.9141
1022 99.2457 110.737 57.0441
1023 56.6411 115.132 113.578
1024 39.432 56.5751 127.592
1025 4.52562 -0.251062 22.9987
1026 111.571 106.486 -1.37718
1027 109.388 114.161 9.04657
1028 7.09163 0.367839 97.5997
1029 70.3479 27.9657 35.0332
1030 -0.717717 52.5336 2.2413
1031 111.889 18.3922 -0.20011
1032 107.105 5.15126 50.0611
1033 0.376469 64.3513 123.186
1034 82.6354 72.991 126.822
1035 107.479 4.88057 38.4684
1036 110.494 28.6807 105.411
1037 109.342 18.6136 -0.352895
1038 109.276 7.49756 47.2402
1039 113.651 1.07902 9.9443
1040 109.428 77.8663 66.75
1041 88.1885 96.4874 126.277
1042 115.405 44.5842 110.499
1043 2.33454 20.1806 78.1965
1044 104.471 114.595 89.2485
1045 100.414 41.2892 -0.45822
1046 109.981 114.133 83.1684
1047 86.6391 114.686 43.1984
1048 26.3461 52.7896 0.218327
1049 3.73437 56.3035 91.4098
1050 97.4986 115.073 86.5771
1051 87.9506 107.587 126.24
1052 60.9009 114.318 6.68358
1053 108.185 114.765 103.841
1054 33.3708 7.82671 128.032
1055 29.3927 4.01629 1.02206
1056 87.3492 5.12316 59.4548
1057 92.0398 78.4483 -0.960161
1058 57.9082 3.31724 39.9555
1059 95.332 114.253 17.9497
1060 5.15452 71.1499 76.7097
1061 5.25265 64.3513 45.4788
1062 47.4992 57.0055 77.9715
1063 56.5216 0.193215 109.343
1064 86.2256 114.626 38.235
1065 115.231 13.5537 113.304
1066 100.648 5.07559 115.75
1067 115.305 13.855 116.187
1068 113.706 5.23523 126.497
1069 100.179 16.2181 100.99
1070 91.9829 35.5382 -0.729972
1071 89.3228 43.2394 -0.694749
1072 92.3426 18.8005 2.76695
1073 99.6769 45.9405 15.5514
1074 100.75 42.6467 2.63026
1075 99.3826 44.4514 3.8003
1076 104.055 32.3435 11.116
1077 86.5087 31.8022 11.3782
1078 102.693 38.3055 11.0998
1079 75.1854 56.1913 43.5893
1080 31.5181 56.5408 127.904
1081 101.879 115.19 121.274
1082 71.3944 5.44376 77.1129
1083 90.9727 114.974 124.299
1084 92.1933 25.5025 -0.951644
1085 4.91837 98.9592 30.7172
1086 37.7748 101.097 -0.20668
1087 1.05207 109.064 0.194862
1088 109.567 114.612 52.734
1089 111.447 23.8863 107.332
1090 113.853 52.514 0.946293
1091 53.3358 49.1761 70.5808
1092 23.365 109.487 79.6433
1093 18.8076 3.76298 63.9365
1094 61.1795 -0.396 13.5169
1095 85.0003 2.88459 106.399
1096 5.28201 95.8828 48.1093
1097 -0.740025 61.4333 19.4294
1098 76.9613 54.2508 105.387
1099 63.4685 0.819882 105.713
1100 103.32 114.26 40.7413
1101 52.5783 -0.665948 20.4031
1102 79.3033 4.59168 54.6798
1103 2.41052 73.7211 127.81
1104 46.5607 49.9256 73.2769
1105 4.78568 107.045 24.4614
1106 56.413 64.6701 127.362
1107 5.37106 99.3519 73.4967
1108 115.418 56.638 110.258
1109 99.9264 76.5302 126.454
1110 57.8675 -0.442773 1.66529
1111 115.596 62.0768 118.992
1112 108.057 71.3693 126.402
1113 96.2846 5.40128 74.1328
1114 114.126 38.2072 106.361
1115 48.2094 79.2563 127.153
1116 -0.619692 106.402 7.18588
1117 82.3592 5.2479 67.3033
1118 72.0528 28.938 35.4255
1119 51.0455 61.6303 89.2279
1120 0.936144 18.9557 82.2887
1121 1.11489 33.0435 86.2005
1122 5.18017 90.9165 73.8808
1123 87.8594 110.571 50.8643
1124 89.3817 109.407 61.9578
1125 71.7193 109.627 73.4447
1126 -0.929481 52.342 5.52972
1127 92.1415 31.3578 113.792
1128 12.2897 66.5919 0.434229
1129 102.39 44.6399 117.655
1130 111.222 25.0163 126.455
1131 113.853 39.4092 126.29
1132 107.918 46.2413 106.909
1133 115.272 42.519 116.265
1134 105.122 44.9908 126.663
1135 105.044 35.004 112.112
1136 84.9744 59.4003 126.927
1137 92.1754 55.1124 8.27657
1138 106.626 54.1016 12.5853
1139 91.9436 52.6339 -0.548536
1140 102.952 57.0445 15.3357
1141 55.1737 58.553 -0.39733
1142 4.25993 87.337 29.1672
1143 115.438 33.4567 110.849
1144 90.7781 53.7653 12.6467
1145 74.9343 56.56 46.4063
1146 65.2133 0.293404 111.238
1147 57.9851 60.6186 -0.417192
1148 102.374 58.26 8.31905
1149 2.26373 44.8036 39.9021
1150 96.0989 4.29098 106.02
1151 115.315 13.5121 124.836
1152 15.991 109.034 20.9697
1153 115.396 111.51 88.9236
1154 9.25495 55.0515 0.760117
1155 10.4582 79.1296 127.792
1156 17.788 109.354 61.8903
1157 66.8674 93.63 127.104
1158 -0.651815 24.138 5.98495
1159 25.4503 101.539 127.353
1160 49.6205 95.4327 -0.619942
1161 15.4416 0.19797 43.1272
1162 112.278 27.9603 107.952
1163 100.472 83.7258 -1.06782
1164 106.162 76.3988 126.597
1165 23.1332 109.593 56.3676
1166 3.57637 92.3821 0.492687
1167 114.729 107.059 91.7105
1168 52.2806 64.2875 43.6643
1169 66.3507 110.089 -0.575865
1170 113.364 106.395 0.318671
1171 5.43287 100.611 41.7863
1172 79.2821 0.545148 125.074
1173 109.221 114.281 23.0246
1174 86.2863 -0.291527 4.76745
1175 12.0793 80.7216 0.358686
1176 3.63486 80.1519 28.6236
1177 19.6223 0.387503 126.587
1178 2.23513 114.904 120.004
1179 113.198 94.199 76.8278
1180 18.6107 109.555 85.444
1181 59.4875 52.184 76.5528
1182 50.9433 61.2621 86.656
1183 109.805 21.3717 85.2386
1184 62.0757 72.2247 74.7329
1185 4.5743 108.677 43.3125
1186 85.0095 0.479817 114.022
1187 -0.846542 61.2571 8.10068
1188 23.9799 3.49499 58.1695
1189 32.8943 0.248751 36.802
1190 48.6046 5.49318 68.3566
1191 113.688 87.2806 30.0289
1192 60.807 108.86 50.4771
1193 37.0749 0.160429 112.221
1194 60.8744 74.3513 53.6629
1195 61.5571 87.7456 126.909
1196 102.128 8.16662 126.921
1197 50.8846 59.9489 87.9515
1198 99.4319 63.2691 107.27
1199 34.3994 64.4871 43.702
1200 99.2226 60.5068 109.182
1201 84.5135 56.4045 120.889
1202 87.5235 59.113 120.739
1203 108.073 56.6015 126.365
1204 98.3669 68.899 116.202
1205 93.7414 57.0136 126.738
1206 108.077 64.818 126.231
1207 81.3526 83.7434 -0.85866
1208 89.1913 80.5875 -0.878521
1209 100.878 90.0087 7.99445
1210 113.766 75.3944 3.50112
1211 86.7139 88.4192 25.4444
1212 106.564 82.4395 10.5747
1213 86.5063 80.4847 -0.974706
1214 78.0147 69.8165 19.8409
1215 86.3979 76.8434 10.567
1216 113.819 87.0232 0.651306
1217 114.051 64.0121 20.8201
1218 0.724161 47.8044 126.036
1219 54.7932 112.405 95.6107
1220 109.726 24.2535 79.6351
1221 88.039 51.2866 126.726
1222 46.5059 114.43 18.1391
1223 114.662 89.9334 95.3653
1224 77.3449 86.8096 11.0744
1225 -0.610333 86.3889 2.29912
1226 71.0565 5.71774 88.3242
1227 72.365 114.379 6.61899
1228 110.721 11.7461 126.888
1229 0.425152 76.0354 114.681
1230 3.65452 61.462 93.7593
1231 62.6491 5.0232 62.6459
1232 26.5097 114.316 7.17172
1233 89.6369 3.45234 23.5208
1234 20.9701 108.946 47.2235
1235 0.687781 70.8833 23.7783
1236 -0.938589 83.0254 10.8481
1237 -0.61814 35.1356 31.2996
1238 92.9074 3.35655 107.468
1239 20.4287 109.274 41.7451
1240 97.0207 67.8445 126.528
1241 -0.667448 40.9146 25.4534
1242 59.2047 114.499 101.994
1243 106.728 114.256 35.1976
1244 73.1016 42.7633 106.15
1245 109.214 71.6326 48.925
1246 15.6078 29.7183 0.283098
1247 0.723331 35.7477 112.054
1248 40.7638 83.6876 -0.101886
1249 67.706 64.0177 68.3761
1250 98.1941 114.079 29.1817
1251 3.78178 101.667 26.1913
1252 75.0926 109.285 55.5759
1253 109.635 37.372 34.4312
1254 43.3331 109.807 85.7145
1255 46.6623 3.33525 46.175
1256 89.2598 38.5829 -0.408239
1257 51.0703 84.2975 127.264
1258 31.0446 109.885 19.6094
1259 110.962 9.84376 100.613
1260 4.10642 108.131 63.4264
1261 0.11166 102.317 16.727
1262 2.93551 101.161 23.0448
1263 86.4405 75.2279 113.415
1264 2.53051 114.787 114.446
1265 110.355 114.902 100.91
1266 107.819 76.3231 114.424
1267 88.1749 73.7293 126.482
1268 115.348 73.8378 113.053
1269 93.784 69.1477 127.276
1270 115.362 87.6816 115.737
1271 107.901 79.4294 114.398
1272 96.3568 85.1182 120.214
1273 93.3213 85.1855 120.319
1274 109.277 81.6318 121.643
1275 93.5493 60.6118 113.348
1276 115.34 82.2 118.811
1277 96.5248 88.0095 126.436
1278 82.4046 80.565 118.345
1279 105.27 90.5075 117.164
1280 105.132 76.2324 123.112
1281 110.848 92.3557 6.47818
1282 95.0865 114.164 12.2103
1283 112.088 114.151 6.30783
1284 113.966 97.6246 14.7856
1285 99.3837 109.576 12.9807
1286 114.289 84.0867 12.2706
1287 41.2275 -0.333431 21.8522
1288 11.0322 36.8823 127.754
1289 22.9041 0.283705 112.092
1290 114.939 111.25 36.5702
1291 112.19 57.3155 33.981
1292 68.0113 5.43804 127.442
1293 35.6066 61.6221 46.2498
1294 43.8994 109.485 75.9194
1295 46.7213 -0.636218 5.38693
1296 4.15089 71.6299 33.91
1297 19.9415 2.06944 52.9689
1298 114.133 31.8712 1.45528
1299 57.1227 49.157 73.3507
1300 89.0924 113.946 0.267707
1301 33.2275 115.068 122.267
1302 115.728 47.8827 125.706
1303 113.348 8.57477 126.747
1304 2.42138 75.6673 27.136
1305 109.311 52.1408 58.2518
1306 54.9796 83.7508 -0.330365
1307 113.793 90.0689 35.7646
1308 99.6939 99.0767 126.215
1309 112.345 45.9007 28.1057
1310 103.831 112.392 67.3917
1311 93.4551 73.4586 126.622
1312 100.575 55.1719 -0.710846
1313 52.0324 109.299 52.9183
1314 62.3211 76.1278 127.113
1315 11.0487 0.285761 86.1441
1316 109.519 50.3912 75.9972
1317 112.368 105.757 53.957
1318 88.4178 5.4664 79.6089
1319 61.0059 71.0573 78.6374
1320 18.5946 0.903987 45.3565
1321 16.5191 0.554561 91.7348
1322 -0.360513 24.4636 32.0417
1323 24.2949 44.0026 0.368991
1324 49.8254 108.833 47.4917
1325 2.87092 81.6081 106.971
1326 35.2111 110.286 97.3164
1327 103.442 113.972 0.462259
1328 9.49688 114.007 7.55346
1329 3.45258 81.702 103.504
1330 21.0958 110.214 90.4004
1331 73.6175 114.213 89.7901
1332 48.065 0.336435 97.8412
1333 96.3041 110.306 114.146
1334 103.564 96.2159 117.018
1335 87.7022 106.964 114.336
1336 114.306 104.71 125.774
1337 115.223 101.46 121.045
1338 115.15 101.783 118.005
1339 105.473 110.286 126.176
1340 115.047 109.946 106.583
1341 85.2207 94.6701 107.625
