0 6.55144 15.7138 0.902909
1 6.95942 9.60785 7.2163
2 16.4055 28.2791 13.8277
3 26.5164 -0.604316 14.1837
4 26.8257 4.23149 0.973223
5 9.6344 4.62769 4.37039
6 4.14879 9.76311 4.36166
7 12.5378 2.63851 11.6214
8 23.9503 15.6069 0.842466
9 1.09493 15.2934 1.31626
10 5.65271 0.843121 59.3469
11 114.591 12.8649 23.6228
12 0.778478 13.4852 43.9655
13 75.0942 114.061 1.04183
14 112.56 0.764496 57.5091
15 113.729 12.626 33.8508
16 5.47418 113.83 70.0149
17 0.206947 27.0284 29.19
18 44.2072 0.654734 52.5282
19 33.5536 30.7569 120.05
20 51.6998 0.139327 40.7073
21 113.658 19.5409 60.7328
22 55.6467 0.432632 37.4198
23 112.121 40.8699 -0.583511
24 0.886789 32.7173 50.0828
25 0.312518 61.3391 107.076
26 63.7032 0.765471 88.6591
27 0.848065 52.4878 53.0042
28 1.04846 45.9795 55.7856
29 62.2749 0.682415 85.2352
30 25.7794 0.687335 68.084
31 1.08505 33.5528 65.2044
32 52.7362 55.5229 44.4984
33 0.674115 49.9862 55.1623
34 6.41483 113.868 4.91877
35 25.915 0.540461 62.2924
36 0.392778 64.7533 43.8436
37 43.6797 51.9288 94.7267
38 90.0198 0.540384 90.8098
39 86.9698 0.447317 40.1678
40 112.22 0.700895 34.1159
41 -0.683761 24.0246 5.91045
42 30.714 0.74498 46.7129
43 0.759599 35.6097 46.9711
44 22.612 0.53844 38.291
45 0.887287 83.6348 64.4432
46 21.8684 0.0528579 26.2345
47 0.618788 44.8044 110.056
48 5.74085 0.92627 73.9747
49 41.9283 53.2813 72.0636
50 55.3206 -0.693755 7.53895
51 22.5868 22.9472 110.952
52 28.0453 0.75525 91.472
53 0.729672 33.6195 92.87
54 -1.32791 23.8948 15.2414
55 0.570689 88.4048 37.7094
56 32.8744 0.145951 31.9848
57 2.04234 1.77906 57.8428
58 16.652 0.409257 89.3147
59 9.72589 13.5913 109.068
60 3.94179 13.5443 109.898
61 11.2191 0.296142 107.099
62 28.0562 10.7122 120.107
63 25.6346 10.6805 120.033
64 3.07163 0.654993 115.545
65 16.8355 4.86024 116.959
66 16.5903 33.2933 8.07747
67 20.9733 41.333 9.36924
68 19.6136 39.6983 7.93575
69 -0.731896 44.0935 13.6844
70 16.9178 25.1881 11.1321
71 0.475576 55.5724 0.769266
72 21.003 29.5742 0.833959
73 1.04661 18.1462 1.24598
74 11.8743 52.4498 0.568772
75 107.82 39.246 118.525
76 22.0205 28.0195 120.318
77 115.112 98.5338 107.632
78 0.785274 72.9528 81.9901
79 0.992018 11.5618 68.1482
80 54.5392 37.1452 52.1036
81 24.4291 21.7339 36.3105
82 57.7465 114.213 1.49389
83 19.6578 0.859081 71.2003
84 1.06249 44.3195 61.8494
85 72.7129 113.858 24.1353
86 23.6357 -0.539143 11.3743
87 0.730096 87.5089 104.072
88 75.6154 113.8 30.8237
89 36.0662 0.425046 47.8329
90 34.518 5.09449 120.15
91 50.9423 64.7827 119.639
92 0.822899 27.9382 61.9394
93 11.1124 36.6918 120.079
94 114.138 95.6659 74.6959
95 57.8833 89.1235 -0.611019
96 9.47075 60.055 0.489996
97 1.36429 2.34662 68.059
98 113.942 3.17697 72.6109
99 69.2393 -0.0255868 19.5525
100 113.61 95.046 18.2889
101 38.2445 113.836 24.2269
102 24.6846 59.1625 120.015
103 59.2604 114.887 97.137
104 0.746805 47.3009 68.3684
105 10.9055 -0.0197703 17.4029
106 86.3286 60.9093 -0.789913
107 16.0298 114.483 93.9493
108 113.973 0.280532 66.4814
109 66.4761 46.1291 94.2825
110 76.4075 0.845652 94.8767
111 89.3713 0.80653 49.285
112 102.269 90.4608 118.244
113 57.18 79.0411 119.413
114 114.385 32.9753 84.5205
115 113.981 80.5127 47.8969
116 1.00711 24.7521 82.9552
117 -0.645231 61.3629 17.1816
118 8.09397 44.6001 120.023
119 62.4157 84.7217 118.973
120 47.1812 0.301102 34.5539
121 0.854974 53.347 67.8169
122 19.3695 47.3858 105.214
123 34.3551 0.631254 68.07
124 1.11074 109.252 70.5607
125 35.7807 32.1741 109.561
126 26.5428 43.47 112.345
127 22.0387 44.7375 114.019
128 0.647067 22.2219 101.698
129 19.5347 51.0571 108.225
130 5.22136 36.7103 120.191
131 13.8701 45.0447 120.093
132 23.7112 24.9337 108.651
133 27.912 22.0356 108.219
134 26.8373 68.3813 18.8508
135 3.5719 61.0126 0.728575
136 22.4863 68.6411 13.3364
137 22.5279 65.4097 13.4398
138 -0.864783 49.5338 19.8355
139 -1.00649 67.0349 11.0867
140 18.2901 46.7268 9.36951
141 -0.94531 4.60283 1.04291
142 0.797989 56.0636 101.182
143 114.024 79.2092 118.093
144 68.0056 0.584344 91.2416
145 114.871 36.2027 96.4742
146 25.6246 65.6431 13.376
147 0.903408 67.0895 97.768
148 22.4481 113.776 49.31
149 35.7329 61.0376 -0.338916
150 0.641157 92.4894 112.217
151 -0.685697 104.405 13.5716
152 -0.987147 72.6438 14.0811
153 85.2759 64.4712 119.079
154 0.286665 97.9818 24.8422
155 113.806 67.5147 63.3082
156 15.1717 35.8772 0.473726
157 1.1594 2.82342 89.5409
158 1.08164 112.032 70.2054
159 58.7681 113.928 60.592
160 36.0809 114.027 72.9106
161 54.0064 114.097 72.6651
162 0.730527 47.6925 88.5974
163 0.940084 96.975 97.3629
164 27.6614 0.663403 43.6309
165 48.1579 114.962 108.618
166 30.071 114.401 12.919
167 16.3914 0.232338 38.5843
168 36.3739 110.685 119.048
169 0.306274 -0.955056 22.0793
170 0.9039 32.1106 104.002
171 0.0765207 66.6268 35.1579
172 17.9521 105.914 -0.0547043
173 0.719314 19.3816 47.2849
174 52.3321 55.6893 -0.128703
175 22.7172 90.9777 119.785
176 1.0305 2.8346 100.873
177 0.904856 84.1484 58.8812
178 76.5828 68.313 119.133
179 0.786009 47.6742 61.6613
180 39.9299 30.7679 119.912
181 60.0469 60.0127 48.8262
182 33.7147 38.7412 66.1759
183 44.8472 95.4556 74.5896
184 9.90117 60.5527 109.691
185 111.869 0.599012 43.3016
186 0.380733 56.2578 112.407
187 100.522 113.539 30.5185
188 72.5845 113.764 63.6831
189 19.4795 58.3628 108.329
190 17.9749 46.8478 103.824
191 0.575244 73.8919 115.346
192 13.8783 59.1243 119.849
193 19.8037 62.0337 119.995
194 9.62794 38.7579 112.764
195 8.50312 64.9437 119.961
196 18.9379 59.1384 116.68
197 20.6239 58.7683 103.694
198 31.0635 78.8316 119.524
199 9.56813 65.1836 9.75203
200 15.3981 100.421 3.30093
201 15.8912 83.8619 6.32005
202 21.0612 78.2904 6.28622
203 17.8733 75.2464 0.180427
204 17.5248 89.5154 0.0252695
205 -0.957348 75.2761 4.83695
206 16.7501 75.3162 15.1766
207 11.5001 75.0972 0.123683
208 21.9842 71.3377 7.54635
209 75.2604 -0.378064 13.2355
210 29.5953 113.769 25.0149
211 76.2872 114.333 87.4673
212 26.6481 12.5385 0.693662
213 29.656 66.5883 11.8465
214 19.3243 113.615 46.4684
215 18.0971 114.226 9.88967
216 16.8678 92.5788 13.0554
217 113.968 27.2929 21.58
218 113.806 63.8201 3.64659
219 81.0869 114.278 14.4532
220 0.787478 58.8738 91.4081
221 0.674004 89.7607 52.3512
222 19.8282 53.6225 119.902
223 35.6656 103.521 -0.53282
224 20.4193 114.153 10.2157
225 58.4943 33.2479 44.6274
226 4.53237 6.99265 0.98544
227 -0.746186 38.1692 2.57239
228 86.7993 113.908 33.4339
229 53.5477 65.0513 119.611
230 -0.427866 94.9503 36.5391
231 29.1092 100.698 0.120735
232 114.54 90.2776 86.7631
233 0.301164 41.1641 38.188
234 92.3775 113.938 27.657
235 32.4039 98.0847 -0.167637
236 6.64733 113.883 13.2909
237 19.9231 90.6805 119.389
238 7.19314 61.9728 120.265
239 -0.412673 109.323 1.84537
240 113.662 86.8259 20.402
241 0.676204 19.2123 49.3061
242 14.8593 114.05 52.1155
243 113.135 0.185198 1.71626
244 0.90224 56.4223 118.441
245 113.916 28.381 60.4865
246 0.746873 90.0572 79.261
247 49.0125 71.4281 58.0807
248 103.152 113.678 47.3053
249 61.3582 -0.574658 7.64429
250 64.2969 113.745 44.7276
251 0.708175 39.2865 98.1289
252 114.613 49.1137 87.3112
253 115.414 90.4283 104.199
254 80.9855 112.202 -0.930566
255 0.841477 103.48 73.4095
256 33.4178 0.458742 41.0667
257 113.83 42.6302 54.35
258 25.8154 96.3636 119.396
259 3.7545 64.1124 0.712025
260 1.51611 0.476127 65.3804
261 30.4991 114.044 49.7977
262 8.97881 1.01084 88.8216
263 98.8477 53.3462 89.2567
264 115.876 70.5706 117.939
265 114.132 110.796 92.1737
266 16.6859 71.9579 110.693
267 36.2895 114.49 96.6608
268 65.0564 59.9832 101.695
269 114.867 107.982 80.4555
270 16.6995 88.9716 107.911
271 16.4541 87.6363 110.495
272 36.7594 79.8016 119.515
273 3.60141 70.1641 109.599
274 0.8929 87.6408 115.35
275 32.191 81.7655 100.949
276 32.2773 82.4508 109.297
277 25.2138 89.6571 107.628
278 29.2185 109.524 -0.0901739
279 21.9518 79.682 16.2705
280 27.8779 99.1244 7.36699
281 19.7315 106.684 8.94771
282 15.1832 113.994 7.49839
283 6.36315 100.802 0.280863
284 0.603907 98.7485 115.486
285 1.02392 45.5414 85.8832
286 45.0251 115.089 108.315
287 30.5406 0.453763 101.489
288 0.00770277 45.5215 17.1181
289 0.568868 30.5634 107.138
290 0.65618 50.73 62.1978
291 -0.634699 106.606 8.15633
292 95.0032 113.758 24.4756
293 -0.765933 106.455 4.5947
294 16.8165 89.5492 13.7471
295 97.7806 113.738 45.1821
296 0.0852991 81.0148 54.195
297 14.3327 39.0638 120.198
298 114.326 13.7975 77.7017
299 68.8651 98.0537 -0.945698
300 30.8785 55.8316 93.1009
301 41.6021 113.698 42.1921
302 24.9595 113.534 37.3652
303 12.3128 114.267 15.6479
304 91.0225 84.4815 118.783
305 33.2492 114.011 76.1159
306 0.9585 92.3355 85.4664
307 0.67375 22.0435 62.7464
308 21.9311 113.461 43.5064
309 34.1893 113.999 48.8507
310 0.78327 91.9918 55.5367
311 0.450351 58.2485 38.0672
312 2.91763 76.5972 119.638
313 67.4312 114.299 81.8813
314 1.45143 40.3261 91.8364
315 1.03701 32.945 88.8538
316 80.9651 103.685 -0.893281
317 0.610477 82.286 115.385
318 114.176 103.836 74.6341
319 93.7641 107.187 118.486
320 85.5255 17.3205 33.9168
321 79.4435 2.65286 119.323
322 105.066 28.1822 118.967
323 27.06 113.629 34.204
324 98.2924 0.560036 55.1825
325 30.6776 113.932 63.6085
326 0.669107 78.5101 50.247
327 0.734608 13.8445 65.0847
328 107.936 11.4066 118.89
329 68.6262 57.2442 76.1536
330 64.9223 114.923 102.853
331 22.7912 0.51895 115.468
332 30.5465 114.359 85.0706
333 49.6018 27.0949 0.14228
334 92.8276 114.826 84.8543
335 21.2437 61.0117 0.342231
336 0.736442 53.357 118.034
337 70.2257 0.347774 114.976
338 22.2976 114.985 94.7377
339 28.0269 105.031 119.206
340 0.695484 101.968 111.86
341 8.28284 101.523 116.155
342 3.71343 107.34 109.055
343 36.9113 28.983 13.4812
344 26.638 -0.658087 19.4048
345 49.3083 -0.679205 16.6453
346 43.9154 15.3706 0.213285
347 57.8558 -0.530193 19.1393
348 40.2575 15.606 17.9997
349 31.9267 12.4741 0.70305
350 40.18 15.5497 21.0553
351 45.3041 23.0437 16.3222
352 -0.093972 10.3966 24.1826
353 113.629 58.9698 118.165
354 111.965 114.385 86.1092
355 26.4817 -0.478947 2.66263
356 35.4762 95.1969 -0.350613
357 42.404 115.034 111.996
358 56.7645 0.769584 85.2633
359 0.253045 76.0058 103.097
360 65.2903 115.085 116.765
361 114.378 36.2115 118.496
362 20.9758 -0.433855 13.9782
363 21.8351 113.456 40.5476
364 -1.07068 58.4334 8.33521
365 0.257775 55.4007 32.126
366 78.8569 1.07324 82.386
367 0.675913 24.8137 103.666
368 0.900371 76.2073 67.8393
369 72.1519 17.4676 -0.322394
370 5.13382 114.213 88.0907
371 94.1635 2.41029 119.029
372 24.421 0.472568 43.9923
373 30.9111 55.8528 120.201
374 114.131 50.111 12.1714
375 58.0585 15.3875 0.416928
376 0.720854 21.9669 44.499
377 92.3746 0.509703 37.5251
378 39.7324 0.421874 118.267
379 45.4986 0.125833 106.376
380 0.74001 2.30861 112.093
381 109.348 20.8358 -0.465598
382 79.2302 0.755527 99.6693
383 0.826641 21.5256 97.8355
384 57.3553 74.7266 76.1928
385 0.732131 19.8903 94.6714
386 113.63 76.4157 57.0927
387 0.793838 16.5227 76.1631
388 100.723 113.869 39.2338
389 5.36106 8.41564 120.402
390 43.3739 21.9709 102.099
391 0.896988 21.7939 112.666
392 70.904 102.989 24.4155
393 53.9466 14.103 119.612
394 39.5329 5.13045 119.957
395 48.0937 23.4934 120.236
396 45.5181 26.4235 106.328
397 36.5916 0.553108 118.012
398 42.4335 0.486932 112.288
399 49.2426 24.7647 92.8199
400 62.8446 10.8581 119.759
401 45.2562 22.6703 116.624
402 37.8842 26.3989 0.483372
403 38.1027 35.216 0.0353651
404 23.671 40.7585 0.409355
405 55.4211 23.7037 14.7619
406 55.1946 41.2135 -0.22947
407 52.4325 38.5839 5.94449
408 22.2514 41.245 5.93835
409 38.1095 45.7767 12.0106
410 32.4187 26.8062 0.604172
411 48.9568 35.2512 -0.0710883
412 28.0966 41.3262 8.97499
413 39.6756 36.7755 16.4069
414 113.683 1.6198 15.5378
415 7.66052 114.82 114.678
416 62.845 68.4354 24.4566
417 41.07 54.0222 13.752
418 38.0283 42.5419 12.3335
419 12.3432 -0.839356 14.2463
420 33.7566 50.9787 13.2123
421 -0.941684 77.8552 11.171
422 0.676086 101.55 117.97
423 4.44433 0.636255 53.4954
424 48.3976 0.646054 73.7872
425 0.956276 36.4292 53.2074
426 55.0067 58.4665 44.1794
427 64.9629 0.390954 112.094
428 84.7865 0.609174 96.1422
429 62.4862 115.235 105.802
430 57.1817 71.3198 39.5759
431 114.15 111.957 83.3018
432 30.6793 0.650618 67.9134
433 28.6236 0.83327 58.9323
434 5.25829 0.531713 38.3652
435 113.746 26.7961 18.8551
436 0.683212 92.4118 91.3323
437 115.466 113.236 100.201
438 113.522 3.00923 19.1919
439 89.4879 0.896847 70.3172
440 -0.952614 58.7749 13.7615
441 0.411583 15.3489 53.2332
442 45.294 70.7354 119.552
443 43.194 37.9393 0.0923429
444 0.72792 94.7907 58.5675
445 106.248 113.983 15.7665
446 88.2348 30.5463 119.032
447 62.4329 51.5525 48.8888
448 -1.12878 49.9777 10.7003
449 5.31981 47.7289 120.084
450 80.9018 100.044 -1.43467
451 24.75 33.4269 45.1517
452 1.20524 73.1805 76.7457
453 97.7848 0.620115 46.075
454 32.7152 1.29365 0.731849
455 113.965 52.8592 56.3902
456 26.478 38.254 0.262903
457 0.0977967 2.43451 29.8697
458 2.85253 114.067 82.2636
459 58.8749 0.87297 70.8711
460 113.921 6.96924 9.30838
461 1.00973 33.4119 76.6426
462 104.797 0.427837 102.193
463 0.0558336 95.7645 40.7339
464 113.666 2.72583 60.8147
465 53.3721 70.2283 86.8351
466 65.2569 33.4179 104.732
467 83.9675 47.3956 47.2677
468 113.494 48.2914 42.4437
469 45.9979 35.09 106.419
470 35.8322 47.8031 105.333
471 46.2799 20.672 112.324
472 46.675 31.2722 115.132
473 45.7063 33.7695 119.857
474 33.6797 24.2751 108.189
475 51.1073 27.3725 119.705
476 60.7038 44.8514 95.5697
477 47.884 39.1389 105.169
478 49.5405 29.1493 115.007
479 37.9616 54.8665 100.77
480 38.1482 59.9854 13.8035
481 49.372 63.7653 -0.219315
482 52.0029 68.2491 12.805
483 49.5706 49.571 -0.203362
484 0.987186 107.255 97.7225
485 102.474 80.8957 119.204
486 50.622 113.833 51.6435
487 31.0737 60.136 13.2709
488 55.074 55.8264 11.3766
489 113.47 89.6081 39.1762
490 9.38625 109.179 0.16436
491 83.9806 0.991972 55.0484
492 72.374 114.205 81.3933
493 113.72 81.3323 54.1837
494 86.9857 0.641435 46.3274
495 83.8133 61.3366 46.9327
496 16.0426 0.63669 100.866
497 89.0898 114.034 60.2792
498 55.7271 53.0774 59.7279
499 4.16042 106.712 0.430833
500 77.8329 55.4939 28.9774
501 -0.677102 37.85 8.22695
502 67.4849 0.656023 75.8597
503 0.754951 70.3707 65.3015
504 1.04583 103.826 91.0078
505 0.334284 66.8587 44.5976
506 87.174 114.212 15.0321
507 39.4204 113.959 15.8338
508 43.7678 97.0031 88.1019
509 56.6798 18.4238 120.049
510 0.718242 47.8765 112.763
511 115.441 13.5236 113.681
512 9.49152 113.895 8.08854
513 37.0202 115.016 103.122
514 107.961 115.112 107.648
515 113.664 59.2474 54.5898
516 20.5521 77.42 79.5001
517 40.644 55.072 94.829
518 84.1241 84.0169 74.2284
519 108.283 -1.25043 21.009
520 53.945 60.1602 49.0025
521 61.053 58.4651 -0.725858
522 31.9745 87.9415 43.0749
523 36.4657 61.4977 93.0447
524 0.744467 81.0009 70.6009
525 55.2059 92.9257 -0.435771
526 28.0084 57.762 106.749
527 20.5165 100.971 0.0698515
528 15.2629 13.6624 120.751
529 40.794 48.9143 115.206
530 -0.601672 92.4766 5.24747
531 30.9668 61.8935 119.911
532 25.1682 57.087 105.274
533 57.2039 70.4017 119.503
534 33.8054 67.7377 105.007
535 48.0366 64.0731 107.703
536 64.8463 54.0424 96.0828
537 32.5056 80.8193 -0.188523
538 43.5375 84.0726 -0.295476
539 25.146 72.0961 7.26216
540 56.9875 70.9109 9.89137
541 52.2513 82.6362 17.7753
542 23.7668 80.8273 0.135181
543 32.2102 55.5077 0.00902435
544 10.6092 93.004 119.786
545 81.042 -0.130015 39.1882
546 114.247 86.9051 83.6809
547 111.396 113.754 30.9936
548 111.487 0.178968 25.6251
549 2.64267 39.3302 119.821
550 4.0078 80.7459 0.153134
551 -1.31823 111.308 4.82332
552 68.8948 80.083 87.9856
553 2.37907 114.62 99.6336
554 65.4476 36.6417 119.64
555 2.60331 0.396423 38.6769
556 114.086 43.8715 6.47218
557 114.82 53.2683 95.6704
558 61.5313 113.526 48.6706
559 79.3733 114.544 96.0994
560 84.8881 99.0037 118.461
561 53.2983 78.4348 65.5836
562 35.6587 38.5891 23.676
563 113.785 79.0952 63.1402
564 1.00198 103.03 82.3283
565 -0.713151 67.4493 16.7275
566 1.00119 5.18346 86.2102
567 25.116 114.819 97.5543
568 0.401397 45.7172 40.97
569 40.9507 114.381 12.7121
570 114.597 98.9564 93.4515
571 46.6274 -0.801848 2.78167
572 64.8036 0.943117 94.5406
573 -0.539483 4.70204 11.2687
574 66.095 29.6156 88.5323
575 58.6432 114.413 90.5173
576 24.9967 114.927 100.153
577 113.94 5.58713 66.4798
578 115.462 2.59753 85.2248
579 113.825 87.0483 51.3768
580 25.0593 0.396774 55.4734
581 40.5365 82.1982 61.0036
582 81.6121 114.351 89.8602
583 0.371215 103.514 44.305
584 1.25955 114.79 33.4004
585 40.8153 46.0051 88.7552
586 24.7736 75.4476 50.6965
587 0.473469 99.9323 34.5459
588 0.80413 42.3344 97.9619
589 76.1223 25.0086 62.4907
590 114.311 82.6988 92.9146
591 35.2058 63.0205 67.5265
592 87.9886 115.027 116.623
593 72.8361 32.9961 50.3841
594 114.162 2.6212 81.4704
595 44.8719 84.474 107.591
596 1.49144 113.358 46.5697
597 114.47 78.8515 86.743
598 52.1476 96.1379 -0.950396
599 15.6696 86.7418 0.191279
600 106.485 -0.859532 13.7966
601 43.8113 89.018 106.121
602 0.725601 95.1652 94.2895
603 48.7696 93.2708 113.007
604 0.249439 86.6204 32.471
605 1.10112 16.5927 71.3692
606 6.67728 54.6761 0.292108
607 71.283 113.402 118.49
608 29.8082 0.169017 28.928
609 53.7848 83.1898 105.809
610 39.0653 79.1179 104.871
611 50.9645 74.2263 107.372
612 42.5052 87.1978 107.64
613 38.2412 73.4608 113.546
614 44.746 87.694 107.583
615 53.7137 79.7304 107.579
616 38.8645 96.7218 7.1425
617 43.7557 114.258 1.68475
618 54.9692 112.366 -0.401035
619 26.6594 95.269 8.89726
620 49.1354 114.406 1.71525
621 53.5393 101.204 13.9663
622 59.205 98.1622 11.5056
623 38.1218 108.329 13.795
624 40.9751 85.246 11.0432
625 37.0257 111.059 4.16007
626 49.5053 102.477 10.2513
627 113.986 72.7036 9.56067
628 66.8975 113.606 54.8373
629 55.2276 113.962 48.5574
630 0.897456 100.612 97.2978
631 57.7457 77.4896 85.2442
632 20.211 39.9986 25.7684
633 55.1006 6.89748 0.56234
634 41.5336 114.043 76.1278
635 38.441 113.885 34.5259
636 96.1672 114.505 77.7961
637 25.4827 101.975 119.245
638 45.201 0.791064 76.7063
639 113.389 108.653 41.793
640 114.515 107.118 93.1478
641 0.6756 110.461 109.259
642 106.177 63.8234 40.8105
643 0.540649 59.2996 103.414
644 67.0497 113.83 33.4233
645 49.4073 75.5284 -0.505962
646 113.818 114.656 14.5306
647 114.308 8.69642 69.0959
648 106.217 113.994 20.5003
649 114.678 97.1718 92.784
650 114.036 30.3331 18.1442
651 44.0948 113.85 30.8628
652 113.66 5.48619 57.2408
653 27.7617 0.690726 97.998
654 16.1233 90.3262 119.789
655 0.622288 72.3814 97.6131
656 0.815785 96.2252 117.708
657 113.816 53.6049 24.5731
658 0.791073 112.883 114.774
659 49.4279 114.133 19.6535
660 115.061 2.37557 105.797
661 107.392 114.053 60.0521
662 14.0579 27.6437 120.307
663 3.86755 113.988 7.60244
664 67.4676 0.625633 46.6841
665 29.4393 41.5179 0.17924
666 101.095 92.3016 -1.09198
667 22.053 50.0015 42.0998
668 36.1987 113.709 50.9512
669 82.438 9.05187 119.731
670 6.57948 89.5051 0.164837
671 0.451936 21.839 38.5539
672 109.107 98.1933 -1.12657
673 0.0532064 93.5811 16.89
674 105.693 114.005 30.2223
675 113.42 111.444 45.1733
676 114.334 16.6406 86.9137
677 0.639886 69.2715 52.8847
678 24.9887 113.979 72.5141
679 113.53 115.034 110.592
680 42.6598 90.6264 119.377
681 42.1184 97.6215 111.361
682 43.8399 107.689 113.809
683 36.5774 90.3846 119.41
684 50.7775 115.292 106.021
685 35.1589 104.14 105.958
686 33.3797 115.137 105.594
687 41.8953 115.149 117.243
688 36.8029 96.2777 119.269
689 57.5142 102.078 119.371
690 59.478 113.278 118.779
691 66.5701 4.3284 0.286344
692 69.2326 32.5279 -0.21697
693 79.1808 23.8935 1.09119
694 74.0797 18.4485 6.26325
695 66.412 15.0664 0.0981873
696 62.5798 14.0655 16.168
697 17.8571 -0.489222 5.3361
698 109.199 0.789299 51.6058
699 62.3951 18.3292 13.2432
700 63.8811 -0.204355 19.7872
701 110.006 0.829183 69.6476
702 77.5877 26.8634 -0.294378
703 52.2241 113.804 28.0031
704 39.5872 0.450935 112.621
705 60.8567 5.55945 13.0432
706 114.568 83.8309 86.6868
707 13.3512 55.8711 35.9572
708 -0.471692 41.0206 25.8114
709 64.5894 0.481528 37.778
710 66.5313 0.857959 64.4386
711 113.801 64.459 61.0622
712 112.215 95.3366 -0.937825
713 0.598771 27.1083 112.85
714 17.2633 0.456666 59.1233
715 112.787 1.2805 23.9684
716 54.654 21.1169 -0.0406029
717 113.824 55.3908 33.2049
718 19.7831 26.0552 120.588
719 28.7056 99.0427 119.534
720 96.65 0.48319 117.496
721 0.880324 8.06327 103.931
722 107.006 0.862162 78.7966
723 12.6292 9.04004 0.457343
724 81.7392 0.809565 85.6198
725 0.793574 64.9371 118.027
726 70.3308 0.830468 72.8395
727 113.869 75.8553 45.3746
728 110.692 107.701 117.823
729 81.8738 0.957286 67.1033
730 69.8377 0.377116 103.276
731 18.5081 0.155755 26.2121
732 113.666 98.0682 59.3517
733 83.5532 9.58282 103.235
734 83.0021 10.5866 113.261
735 83.6028 9.22394 114.729
736 86.5414 21.6162 106.053
737 68.9986 20.5409 112.081
738 67.9453 0.281834 106.721
739 73.4526 24.7479 98.971
740 82.5326 16.7767 119.311
741 62.3558 19.2518 113.621
742 72.4674 13.6015 114.231
743 80.6849 29.2203 108.902
744 59.4123 0.449299 115.215
745 62.1684 16.1148 119.79
746 62.455 0.106955 106.449
747 59.68 16.3419 119.616
748 71.7928 26.7823 -0.296728
749 72.4037 41.0872 -0.297302
750 88.0415 52.6956 10.422
751 80.1226 27.1567 23.0212
752 72.3656 32.2924 -0.310518
753 63.7902 18.3291 -0.0109859
754 99.2251 0.68155 34.2372
755 52.4324 46.8188 14.4642
756 21.1691 0.470377 31.9393
757 58.9202 30.5573 78.0012
758 60.1799 28.2469 13.0622
759 73.9497 40.3291 45.8621
760 114.037 5.89044 72.2732
761 12.8031 114.434 103.169
762 -1.02007 11.6107 8.71873
763 38.2115 -0.0549134 22.0312
764 64.8042 114.459 92.8589
765 113.73 55.5086 30.4508
766 72.1104 -0.621736 2.3806
767 0.616857 79.1047 106.466
768 80.7075 52.5665 -0.779852
769 113.918 52.9612 69.5563
770 115.263 27.2618 113.779
771 86.5404 15.6475 -0.100995
772 0.428204 61.1574 37.6105
773 115.261 96.0602 101.427
774 0.696872 78.9915 98.1422
775 41.4859 0.750393 52.7721
776 72.6418 113.75 57.5633
777 106.457 15.6861 -0.325252
778 68.3955 76.9174 66.9709
779 113.506 60.71 33.4508
780 102.18 115.051 113.125
781 7.54085 56.3834 120.111
782 36.5805 45.1922 96.1949
783 0.584395 41.9339 84.3532
784 10.8778 13.6749 120.243
785 44.5882 10.4904 99.2259
786 114.036 87.3438 72.2349
787 47.7699 0.498583 58.2981
788 99.6718 22.534 118.982
789 94.0008 79.8887 81.4241
790 38.6321 80.2666 38.2264
791 1.27358 14.83 103.911
792 19.4083 0.61442 50.1064
793 115.469 53.5496 113.38
794 19.2675 55.9185 63.1831
795 0.810755 21.4639 115.797
796 19.5415 113.799 67.1291
797 113.49 106.556 51.5116
798 50.151 41.8787 56.6899
799 114.167 19.4585 118.68
800 78.0492 41.0882 106.044
801 113.876 67.6063 39.5632
802 72.4911 0.135843 19.89
803 55.4172 38.5877 20.5661
804 59.515 24.9866 119.56
805 71.1297 30.8776 119.37
806 62.0627 24.9846 110.729
807 83.622 27.93 109.37
808 66.8192 34.6896 106.278
809 82.0822 31.0116 110.335
810 89.8059 49.4913 -0.814012
811 69.8423 58.2147 -0.828008
812 52.252 61.0986 -0.276017
813 59.7097 56.8823 12.8299
814 64.87 62.4583 9.8399
815 72.0775 49.998 8.46447
816 65.3207 59.0496 15.7479
817 92.3469 72.7508 16.7079
818 63.6243 52.1344 -0.373049
819 82.5937 57.0207 12.6087
820 82.4117 45.5119 9.8003
821 64.1153 44.3922 26.2386
822 37.0358 65.7191 43.116
823 109.159 -0.392498 10.082
824 83.8199 10.8186 47.5578
825 113.364 97.4683 44.9921
826 72.2321 53.106 44.3484
827 56.6961 64.0616 5.91957
828 105.079 93.8375 118.133
829 103.804 114.167 75.0327
830 106.137 26.8499 -0.41044
831 83.7292 114.473 12.0239
832 75.2361 92.3501 -0.773328
833 77.8085 0.730807 46.3271
834 69.8441 113.626 33.073
835 18.8273 33.4419 24.2559
836 63.1811 82.5491 42.7719
837 97.763 113.79 33.027
838 55.1714 46.2827 -0.427196
839 113.936 5.95953 60.8439
840 2.64001 113.806 72.9019
841 113.737 19.0018 24.832
842 0.871139 61.0879 0.704539
843 47.8271 0.521816 89.3679
844 52.4138 114.593 102.64
845 44.4292 38.7053 53.7472
846 113.527 111.973 18.1861
847 114.921 47.5027 99.5713
848 90.12 114.074 80.6557
849 89.904 58.8032 71.2144
850 79.9929 113.748 54.3602
851 15.4709 -0.59731 16.2207
852 56.1283 50.2565 87.1189
853 33.7922 50.4871 62.9564
854 0.541664 48.943 101.022
855 114.062 23.8223 4.26435
856 76.2978 81.9621 98.3078
857 113.455 23.3913 66.7199
858 88.3874 67.979 118.974
859 -0.0917225 89.2841 23.3718
860 78.5791 70.0792 71.4308
861 27.8891 0.133007 75.5752
862 69.696 66.0207 105.945
863 80.7658 58.9321 -1.153
864 114.081 55.8292 12.2694
865 85.2107 43.1654 110.119
866 114.853 67.6526 96.1012
867 75.134 72.6354 111.671
868 86.5353 44.9457 108.991
869 85.1309 46.4463 107.415
870 81.1449 47.9215 119.807
871 71.4057 67.7892 119.293
872 79.609 55.7683 119.151
873 93.2466 67.5328 101.243
874 73.7371 63.4761 110.659
875 87.9165 59.5712 118.995
876 89.3251 70.3381 7.95868
877 58.4884 72.3439 8.47609
878 86.3399 89.4773 8.09963
879 65.0119 80.8623 4.36735
880 63.9205 92.4717 -0.651745
881 60.5457 72.838 -0.345012
882 66.9194 71.1603 18.0251
883 63.6152 83.3552 5.28337
884 69.5438 63.5835 -0.64389
885 64.1024 86.8773 5.4713
886 114.313 95.3636 84.0098
887 73.8988 82.2074 9.60137
888 113.765 22.1642 54.2436
889 87.9352 68.2505 42.3719
890 113.495 21.3324 33.7826
891 58.1879 86.6602 14.201
892 55.4622 113.672 60.336
893 33.6099 115.244 111.697
894 113.621 69.5818 48.5014
895 36.5072 36.3955 120.038
896 33.9642 0.802936 119.163
897 11.1203 10.8827 120.338
898 23.7215 113.927 1.74059
899 114.277 44.1829 12.7766
900 94.9913 114.863 101.959
901 17.9859 99.8488 55.167
902 63.6389 113.887 63.5239
903 113.903 58.8417 69.564
904 111.772 0.398373 28.3297
905 0.585462 101.981 109.435
906 78.2399 -0.379012 2.26123
907 38.2818 48.9559 91.7736
908 37.8535 0.0539765 19.4478
909 11.4354 115.069 106.076
910 113.661 109.452 9.03297
911 70.4464 114.316 84.703
912 44.3767 114.162 81.6598
913 0.967061 47.3461 71.1832
914 5.30889 113.593 52.7103
915 22.349 69.623 57.0774
916 113.845 66.4202 69.0272
917 69.6357 95.117 53.0633
918 113.654 58.3769 42.2577
919 30.6423 114.061 76.1086
920 33.7834 27.6706 75.3377
921 13.0399 114.129 30.535
922 109.228 113.955 15.024
923 56.4554 69.0486 106.03
924 112.225 27.949 -0.916152
925 0.433964 98.3211 103.55
926 99.3434 8.288 119.124
927 22.4402 115.282 109.438
928 115.119 101.801 102.253
929 85.5984 84.8983 118.78
930 59.4672 84.8004 119.132
931 80.1254 70.8456 119.118
932 84.5677 86.0669 108.391
933 77.8915 84.8626 108.259
934 68.4646 70.6658 119.392
935 70.8133 78.9469 119.157
936 68.3672 70.6715 110.312
937 68.4454 90.8548 119.154
938 79.4458 99.2108 9.58628
939 58.314 108.186 9.64244
940 56.7629 93.7239 6.85498
941 69.3498 92.1461 -0.697542
942 31.9876 89.386 -0.168103
943 109.289 41.6853 -0.780445
944 114.426 70.0475 67.0599
945 114.259 38.8148 78.4647
946 114.157 50.1118 37.0261
947 114.098 106.8 77.6356
948 0.437943 103.587 50.1704
949 0.738571 112.227 85.5651
950 0.728566 102.749 55.5152
951 56.5434 99.6443 119.197
952 0.311328 89.6506 28.7278
953 37.9399 114.87 0.158506
954 83.8357 114.194 14.5902
955 1.21904 112.964 119.17
956 61.3066 113.766 66.6638
957 24.7573 113.796 52.0509
958 111.806 113.956 71.8799
959 114.871 80.2897 102.014
960 89.2561 113.832 42.1938
961 0.929613 109.187 79.3167
962 0.0997726 103.645 35.0102
963 0.830537 81.1758 67.9905
964 100.763 69.9769 -0.789019
965 1.41985 71.5098 88.8497
966 114.044 36.3695 60.4456
967 100.88 46.3633 -0.827711
968 17.3936 68.4492 25.5922
969 47.2765 114.068 15.6806
970 86.749 21.8624 26.4186
971 0.453196 58.5215 51.8067
972 13.9172 30.3884 120.056
973 113.754 35.5652 21.9467
974 83.4854 113.88 1.02415
975 0.955552 109.682 94.6783
976 110.433 0.818833 117.208
977 113.748 22.3119 36.83
978 0.608837 50.7841 110.049
979 52.0396 52.5596 -0.24307
980 113.477 97.9647 30.2384
981 18.1765 17.9624 0.6139
982 114.358 91.6837 92.6558
983 0.760519 83.3168 79.409
984 45.524 78.094 119.951
985 114.621 45.376 93.1295
986 13.9927 0.736427 91.5862
987 58.0882 69.9181 38.3543
988 115.367 33.7083 105.303
989 114.096 52.6827 72.4733
990 79.4547 39.716 119.341
991 86.7838 113.741 54.4252
992 23.6404 7.13394 0.835863
993 101.835 85.0913 118.535
994 93.71 115.259 108.004
995 92.92 114.229 78.0335
996 71.5631 94.7332 105.509
997 46.3639 114.192 6.96124
998 67.485 101.984 118.619
999 62.1552 115.27 113.838
1000 76.5007 107.675 118.51
1001 65.1388 94.2371 119.073
1002 90.818 90.8065 118.563
1003 57.9819 90.4272 115.316
1004 85.0936 115.11 107.957
1005 50.8314 115.236 111.085
1006 95.8259 104.917 109.405
1007 72.3612 105.935 113.975
1008 113.922 12.5575 0.886952
1009 105.645 19.852 4.18602
1010 87.8859 19.3003 7.16915
1011 106.641 -0.373911 10.2155
1012 89.1617 3.32026 -0.549942
1013 96.7306 17.2652 10.065
1014 93.7435 20.2682 9.99131
1015 86.7685 114.32 84.0767
1016 115.514 50.9055 113.897
1017 75.272 -8.74612e-04 22.6416
1018 91.8279 11.6244 10.2625
1019 103.157 52.7623 -0.85856
1020 19.3757 0.610582 85.5601
1021 71.1273 12.6742 20.9141
1022 111.821 109.348 -1.15053
1023 0.602256 101.665 102.998
1024 113.891 69.934 72.4092
1025 72.5765 0.869159 79.0714
1026 0.87482 16.3343 68.4106
1027 111.821 114.459 80.4896
1028 83.615 91.7429 -0.916603
1029 20.6015 68.2437 46.4267
1030 17.7306 6.79399 0.888903
1031 113.88 101.079 71.2906
1032 48.1883 0.420799 97.4358
1033 -0.336552 -0.0447967 23.3945
1034 108.128 107.403 118.25
1035 114.236 29.3239 4.25808
1036 109.151 91.9203 -0.966432
1037 112.449 29.5289 -0.391115
1038 61.875 0.697427 43.5443
1039 114.074 61.1269 12.3722
1040 114.14 41.948 72.7386
1041 90.0657 114.674 99.0885
1042 110.851 0.51624 108.671
1043 39.2424 0.614845 64.2086
1044 115.425 87.4584 116.42
1045 38.2261 1.59884 0.618497
1046 115.52 19.3863 105.372
1047 89.2541 70.1037 37.9115
1048 78.8115 0.176523 25.2937
1049 8.17912 0.603424 94.9173
1050 113.765 61.2782 29.9712
1051 113.936 107.965 18.0582
1052 113.811 13.0999 42.5393
1053 114.162 84.0967 12.0582
1054 115.002 59.0044 98.6933
1055 66.6438 -0.440728 10.0443
1056 98.5223 0.821136 70.0952
1057 114.376 0.976425 116.926
1058 69.3541 6.64493 0.0225884
1059 12.2523 86.7051 0.460664
1060 62.2649 1.90651 119.74
1061 8.10218 0.878139 100.88
1062 37.7155 45.8741 61.627
1063 105.894 42.1819 118.721
1064 91.2412 18.4894 -0.646791
1065 82.3597 0.593551 114.8
1066 100.648 5.07559 107.921
1067 115.305 13.855 108.358
1068 113.706 5.23523 118.668
1069 100.179 16.2181 93.1606
1070 91.9829 35.5382 -0.729972
1071 89.3228 43.2394 -0.694749
1072 92.3426 18.8005 2.76695
1073 99.6769 45.9405 15.5514
1074 100.75 42.6467 2.63026
1075 99.3826 44.4514 3.8003
1076 103.815 32.2301 11.2275
1077 86.6475 31.5424 11.7744
1078 102.844 38.4892 11.1042
1079 84.042 75.27 43.8844
1080 53.242 114.705 96.1957
1081 113.798 10.0275 4.66566
1082 91.8221 58.2362 -0.6467
1083 0.584771 3.0424 32.6929
1084 83.4665 1.10991 0.234113
1085 113.683 106.554 29.8104
1086 43.5418 75.1256 -0.385114
1087 22.5076 113.828 69.7894
1088 69.28 51.7747 -0.813334
1089 103.716 -0.582012 23.8663
1090 107.422 0.610893 100.349
1091 102.389 82.52 78.3738
1092 78.1264 -0.217884 15.5797
1093 75.806 19.9455 74.7089
1094 45.8218 26.7966 46.5551
1095 113.804 47.5296 65.7111
1096 68.1151 114.634 0.96994
1097 82.2764 22.2583 119.198
1098 79.7491 60.2452 66.7504
1099 108.787 -0.452915 1.34344
1100 114.367 36.2582 84.5243
1101 114.102 78.2906 69.6636
1102 97.4296 109.176 -0.823684
1103 83.686 0.103996 34.1771
1104 40.0759 58.7588 66.2039
1105 114.127 69.6554 2.42654
1106 48.2953 30.862 120.01
1107 115.543 56.9399 110.848
1108 113.425 109.293 20.9219
1109 113.652 89.1025 56.992
1110 113.825 22.2413 30.6395
1111 86.2409 112.153 -1.10242
1112 1.02995 21.6617 73.8722
1113 113.6 38.7644 45.6856
1114 113.878 14.6174 60.4808
1115 113.633 35.7247 25.4583
1116 53.5848 113.594 118.738
1117 113.437 111.273 24.3028
1118 73.9567 53.6291 33.5516
1119 67.4133 58.6984 74.5191
1120 31.9761 41.7724 72.5982
1121 22.7969 0.170197 118.491
1122 114.514 89.745 83.0843
1123 114.626 19.7686 90.4023
1124 115.151 98.9112 104.581
1125 113.63 72.8762 27.1852
1126 46.9801 0.00437915 22.1548
1127 92.3111 31.7247 105.843
1128 101.521 1.02157 85.2406
1129 102.39 44.6399 109.825
1130 111.222 25.0163 118.626
1131 113.853 39.4092 118.46
1132 107.918 46.2413 99.079
1133 115.272 42.519 108.435
1134 105.122 44.9908 118.833
1135 105.044 35.004 104.283
1136 84.9744 59.4003 119.098
1137 92.1754 55.1124 8.27657
1138 106.626 54.1016 12.5853
1139 91.9436 52.6339 -0.548536
1140 102.952 57.0445 15.3357
1141 113.254 111.714 39.0603
1142 0.745236 114.764 30.4351
1143 113.655 84.1535 59.4254
1144 90.4155 54.161 12.5883
1145 97.9115 44.5069 52.9096
1146 69.3412 -0.481099 4.7029
1147 1.1135 10.7736 74.2818
1148 102.219 58.2902 8.31814
1149 114.623 93.1549 97.9881
1150 113.575 100.744 32.6664
1151 1.08669 8.7884 88.6212
1152 84.3499 0.57957 46.2062
1153 113.736 98.0228 63.2656
1154 92.083 113.767 57.2059
1155 114.375 78.4628 80.7437
1156 114.365 44.9256 78.4531
1157 86.3088 114.319 3.87986
1158 113.657 10.8806 39.8996
1159 107.889 114.871 3.49857
1160 52.2783 89.6927 -0.393169
1161 113.876 11.1497 66.0342
1162 114.537 27.8343 70.6789
1163 103.546 78.2375 -0.857396
1164 114.637 67.3237 84.8109
1165 113.463 112.116 51.1962
1166 25.2279 113.798 49.3114
1167 111.359 55.9843 118.842
1168 49.8964 78.052 32.1941
1169 114.139 109.039 11.8982
1170 115.58 39.1195 104.905
1171 113.871 47.67 69.3509
1172 106.543 114.161 78.0816
1173 112.915 1.2414 76.1976
1174 93.6482 55.4502 -1.23549
1175 111.143 113.777 27.3363
1176 83.6458 0.744406 103.076
1177 114.279 64.2073 83.8854
1178 -0.863773 83.9342 13.5059
1179 94.255 47.8791 119.129
1180 31.3391 0.271627 112.605
1181 48.9738 60.0698 67.3527
1182 40.6183 85.7138 73.3216
1183 114.05 41.2401 6.97638
1184 84.6547 56.138 92.5131
1185 114.008 69.6214 6.31034
1186 96.1463 -0.357966 19.2814
1187 114.498 55.608 8.25546
1188 70.0074 0.62814 58.43
1189 9.40303 -0.306422 3.17948
1190 113.967 83.8826 14.6098
1191 115.415 39.097 108.178
1192 33.8336 23.781 120.444
1193 112.549 114.414 92.7137
1194 34.6336 68.4171 28.109
1195 59.6897 38.3124 120.166
1196 0.867435 45.1252 97.7028
1197 43.675 74.332 76.1846
1198 99.4319 63.2691 99.4409
1199 16.4913 80.8825 53.8606
1200 99.2226 60.5068 101.352
1201 84.5135 56.4045 113.06
1202 87.5235 59.113 112.909
1203 108.073 56.6015 118.536
1204 98.3669 68.899 108.372
1205 93.7414 57.0136 118.909
1206 108.077 64.818 118.402
1207 81.3526 83.7434 -0.85866
1208 89.1913 80.5875 -0.878521
1209 100.878 90.0087 7.99445
1210 113.766 75.3944 3.50112
1211 86.7139 88.4192 25.4444
1212 106.564 82.4395 10.5747
1213 86.5063 80.4847 -0.974706
1214 78.0147 69.8165 19.8409
1215 86.3979 76.8434 10.567
1216 113.819 87.0232 0.651306
1217 107.998 34.0709 119.106
1218 -0.199696 61.4505 25.8687
1219 56.6473 76.8244 18.766
1220 114.104 32.5352 9.75679
1221 22.5361 0.537918 110.123
1222 83.8674 109.531 -0.927244
1223 115.186 102.23 107.624
1224 77.4755 86.8627 11.0939
1225 113.911 99.7739 27.0802
1226 19.9258 0.786796 74.1849
1227 99.0183 113.556 17.9723
1228 114.125 36.457 72.149
1229 84.7201 114.881 98.1722
1230 1.23477 4.9552 71.3893
1231 113.387 0.893543 40.0998
1232 21.8819 113.868 58.2866
1233 106.301 112.323 -1.02263
1234 25.6588 36.2266 120.163
1235 113.742 21.2293 1.33283
1236 -0.858289 69.5516 5.32756
1237 114.446 19.3881 82.2306
1238 107.816 115.02 113.506
1239 43.734 114.136 12.5919
1240 113.789 92.9426 50.9689
1241 68.9249 114.169 90.6268
1242 114.345 76.1417 77.8848
1243 113.647 32.8735 36.5374
1244 81.9427 23.0496 101.639
1245 114.411 16.234 90.5237
1246 32.6294 -0.311846 20.412
1247 95.0325 -0.223585 1.67197
1248 114.031 27.66 40.0536
1249 57.8363 51.6899 85.5516
1250 99.6309 115.173 110.568
1251 95.2209 -0.645296 17.5205
1252 44.7498 42.1935 90.1936
1253 113.463 97.9577 39.1713
1254 21.1784 114.333 7.21654
1255 96.4426 0.569855 114.79
1256 106.826 114.201 86.5828
1257 12.6355 0.680934 101.086
1258 60.773 113.889 24.5105
1259 115.245 4.87598 105.732
1260 3.08918 114.711 106.363
1261 0.628961 108.813 49.6857
1262 68.3288 114.027 39.5357
1263 86.4412 75.3313 105.66
1264 114.602 75.8301 73.3879
1265 115.265 96.0483 107.913
1266 107.819 76.3231 106.595
1267 88.1749 73.7293 118.652
1268 115.348 73.8378 105.224
1269 93.784 69.1477 119.447
1270 115.362 87.6816 107.908
1271 107.901 79.4294 106.568
1272 96.3568 85.1182 112.385
1273 93.3213 85.1855 112.49
1274 109.277 81.6318 113.813
1275 93.5493 60.6118 105.518
1276 115.34 82.2 110.981
1277 96.5248 88.0095 118.607
1278 82.4046 80.565 110.515
1279 105.27 90.5075 109.335
1280 105.132 76.2324 115.282
1281 110.848 92.3557 6.47818
1282 95.0865 114.164 12.2103
1283 112.088 114.151 6.30783
1284 113.966 97.6246 14.7856
1285 99.3837 109.576 12.9807
1286 113.731 67.2491 33.1493
1287 26.5263 59.5053 -0.546841
1288 0.759803 92.9464 88.6455
1289 0.952846 7.9729 110.313
1290 -0.0604048 24.3075 26.0433
1291 114.042 27.0352 15.8052
1292 115.474 8.07508 116.642
1293 90.8511 88.1005 60.3123
1294 69.3338 113.541 45.4609
1295 114.55 3.38822 27.8916
1296 114.354 47.1555 14.3517
1297 34.9968 35.4607 0.45032
1298 -0.787009 94.7208 10.7841
1299 54.1182 45.2408 34.0883
1300 86.4879 103.72 -0.861432
1301 53.7808 114.072 66.8993
1302 45.3606 113.692 48.8917
1303 80.6961 114.049 18.4158
1304 65.9895 95.3657 -0.454375
1305 49.807 114.099 81.7321
1306 12.6027 35.1207 0.663534
1307 115.038 112.757 116.118
1308 115.079 110.527 110.552
1309 107.65 115.321 117.777
1310 104.85 115.021 104.469
1311 103.267 113.827 42.1699
1312 52.0045 -0.256119 22.8124
1313 0.724244 53.1169 97.8147
1314 99.8102 59.1038 118.845
1315 96.6556 15.8168 119.551
1316 96.0221 113.816 15.1614
1317 113.737 49.7955 3.55755
1318 114.825 73.8587 93.1929
1319 55.5786 61.4035 47.4398
1320 100.914 0.238564 27.9818
1321 96.1025 96.1824 118.52
1322 60.9716 113.572 -0.724585
1323 113.83 8.73123 55.1141
1324 115.157 36.2886 101.644
1325 56.3751 114.072 78.2757
1326 8.53355 114.066 85.2436
1327 99.4814 47.6968 118.72
1328 98.9239 114.425 92.7321
1329 89.2626 89.372 -0.794596
1330 8.35525 113.839 16.4972
1331 108.41 114.999 89.7798
1332 104.686 50.8361 118.986
1333 96.3041 110.306 106.317
1334 103.564 96.2159 109.188
1335 87.7022 106.964 106.507
1336 114.306 104.71 117.945
1337 115.223 101.46 113.216
1338 115.15 101.783 110.176
1339 105.473 110.286 118.347
1340 115.047 109.946 98.7533
1341 85.2207 94.6701 99.7959
