0 6.55144 15.7138 0.902909
1 6.95942 9.60785 7.2163
2 16.4055 28.2791 13.8277
3 26.5164 -0.604316 14.1837
4 26.8257 4.23149 0.973223
5 9.6344 4.62769 4.37039
6 4.14879 9.76311 4.36166
7 12.5378 2.63851 11.6214
8 23.9503 15.6069 0.842466
9 1.09493 15.2934 1.31626
10 18.4535 -0.557817 5.86184
11 107.33 2.49071 58.9392
12 -0.446583 13.6713 51.5685
13 40.6379 114.23 9.69281
14 51.7476 2.15697 44.8226
15 107.721 2.13363 41.2847
16 9.31932 111.942 18.1671
17 2.26461 0.725967 49.4489
18 8.72243 0.247645 92.1492
19 31.2153 56.795 122.269
20 42.7506 2.30219 50.4186
21 115.374 62.1276 93.2662
22 113.741 75.5157 29.5763
23 112.372 55.1728 76.5178
24 -0.333017 109.366 1.74773
25 0.630329 16.2955 109.571
26 79.41 2.9196 82.6163
27 -0.177693 7.41995 29.4678
28 1.97201 111.786 41.7735
29 98.0217 1.86615 104.131
30 34.9672 0.186222 31.9223
31 2.77272 110.703 74.9988
32 70.7223 28.1809 34.8075
33 8.3006 50.3857 122.241
34 109.186 113.909 0.486276
35 33.3466 59.3285 122.207
36 -0.776775 41.4338 16.689
37 26.8148 24.9638 88.3195
38 44.3836 -0.494073 13.9119
39 95.1477 -0.206937 15.3739
40 110.216 2.73656 76.3336
41 21.5442 0.133805 35.3852
42 70.9448 1.93404 92.9006
43 0.899393 52.6925 0.904756
44 48.8263 2.69341 80.1059
45 2.0967 54.0053 71.3831
46 -0.720587 0.464278 43.8575
47 19.6908 0.323987 97.0043
48 35.2757 1.39679 81.8856
49 39.7079 60.846 66.5023
50 106.67 89.3235 -1.29886
51 22.5917 23.4246 112.629
52 2.48905 0.45372 82.9433
53 3.14448 -0.0210119 100.411
54 107.699 2.43762 64.7627
55 -0.92341 40.9338 3.22472
56 22.66 2.28836 56.9464
57 1.65926 30.6839 50.4695
58 25.7359 2.09928 50.6501
59 9.80389 13.6334 111.207
60 3.94179 13.5443 112.092
61 11.2191 0.296142 109.292
62 28.0562 10.7122 122.301
63 25.6346 10.6805 122.226
64 3.07163 0.654993 117.738
65 16.8355 4.86024 119.153
66 16.5903 33.2933 8.07747
67 20.9733 41.333 9.36924
68 19.6136 39.6983 7.93575
69 -0.731896 44.0935 13.6844
70 16.9178 25.1881 11.1321
71 0.475576 55.5724 0.769266
72 21.003 29.5742 0.833959
73 1.04661 18.1462 1.24598
74 35.1712 38.7954 0.121868
75 75.3219 1.25814 99.0822
76 0.887388 8.00425 120.534
77 115.394 44.8053 99.5853
78 65.8314 30.5875 121.673
79 7.96753 0.209677 109.572
80 34.2895 44.2495 60.1587
81 71.1331 29.0542 36.4862
82 91.9902 92.274 -1.07333
83 1.45807 87.6236 28.2511
84 2.37966 50.5272 45.545
85 105.98 109.738 -0.984709
86 -0.250386 7.03138 34.6408
87 19.3709 110.821 121.535
88 34.0243 111.856 35.586
89 50.8351 2.51583 59.2497
90 2.77496 0.640287 109.633
91 114.565 6.14505 104.909
92 0.759661 50.7944 120.564
93 39.2413 0.39969 94.6338
94 9.46982 52.3102 0.738693
95 57.7355 106.333 -0.438184
96 78.3692 66.6277 -1.04082
97 33.7788 2.31679 56.5036
98 104.986 11.8332 121.474
99 110.128 1.9798 29.7221
100 113.802 87.3642 29.6045
101 49.8503 98.2466 -0.426437
102 99.5226 113.402 120.323
103 112.926 115.074 109.798
104 2.39698 56.6634 78.1507
105 81.9123 2.44836 59.2386
106 113.756 95.3962 32.1031
107 5.71657 98.7414 121.613
108 114.802 2.42924 105.534
109 74.3913 35.4649 101.951
110 11.3224 1.36737 49.7395
111 79.065 5.18884 121.436
112 77.1873 114.751 83.8742
113 112.625 18.5371 78.6869
114 87.9801 1.26889 17.4855
115 72.3436 114.222 3.71542
116 2.18182 70.5622 36.8365
117 20.6375 101.108 -0.0186678
118 0.781242 7.76426 106.904
119 81.2624 114.721 89.9586
120 102.14 2.53512 58.4877
121 2.3951 101.542 50.0273
122 19.4274 47.9377 107.493
123 -0.143123 1.22883 78.4046
124 88.253 113.336 120.45
125 35.7807 32.1741 111.754
126 26.5428 43.47 114.538
127 22.0387 44.7375 116.213
128 0.647067 22.2219 103.892
129 19.5347 51.0571 110.419
130 5.22136 36.7103 122.384
131 13.8701 45.0447 122.287
132 23.7112 24.9337 110.845
133 27.912 22.0356 110.412
134 26.8373 68.3813 18.8508
135 3.5719 61.0126 0.728575
136 22.4863 68.6411 13.3364
137 22.5279 65.4097 13.4398
138 -0.864783 49.5338 19.8355
139 -1.00649 67.0349 11.0867
140 18.429 46.8536 9.31245
141 1.60998 1.387 1.28332
142 17.4047 33.552 122.328
143 115.28 75.8308 89.4736
144 76.7871 2.73511 80.2706
145 99.6896 19.3504 121.158
146 25.7486 65.5271 13.332
147 2.66226 79.2464 68.47
148 0.679396 109.724 114.583
149 77.8798 103.956 -0.771541
150 25.3136 104.311 121.73
151 26.5186 97.8114 0.0509715
152 60.6939 77.6306 -0.730576
153 14.0067 114.768 114.356
154 -0.283543 44.5855 36.5343
155 2.20314 64.9413 121.951
156 6.7691 60.7887 0.661333
157 96.5781 28.3482 121.415
158 9.75311 113.501 93.1509
159 69.1768 111.886 47.123
160 112.301 71.799 49.4831
161 44.7774 114.518 93.2187
162 29.3601 112.983 94.2316
163 2.37209 102.702 94.7164
164 81.0073 -0.362518 15.8644
165 0.493124 61.9979 114.668
166 2.31224 70.9422 69.1139
167 39.7578 0.542039 117.361
168 2.50557 105.728 91.7098
169 0.712968 61.015 0.740844
170 1.12456 10.6705 91.3467
171 17.38 52.3422 0.573503
172 18.6637 72.3656 -0.073506
173 40.1111 2.90409 74.3981
174 -0.888664 86.6408 11.2072
175 111.012 115.063 104.139
176 12.3896 111.842 45.2982
177 2.3784 85.4082 60.027
178 112.365 38.0184 62.0963
179 -0.322399 33.0152 28.5861
180 2.77436 71.5514 122.662
181 65.0055 61.7124 47.3481
182 24.3957 46.7951 67.4816
183 26.6044 79.75 82.396
184 9.54849 60.0637 111.904
185 33.3966 0.0667065 112.06
186 0.380733 56.2578 114.601
187 115.633 107.487 110.287
188 94.9459 114.498 46.6619
189 19.4795 58.3628 110.523
190 17.9749 46.8478 106.018
191 0.575244 73.8919 117.54
192 13.8783 59.1243 122.042
193 19.8037 62.0337 122.189
194 9.62794 38.7579 114.958
195 8.50312 64.9437 122.155
196 18.9379 59.1384 118.874
197 20.6239 58.7683 105.887
198 31.0635 78.8316 121.718
199 9.56813 65.1836 9.75203
200 15.3981 100.421 3.30093
201 15.8912 83.8619 6.32005
202 21.0612 78.2904 6.28622
203 17.8733 75.2464 0.180427
204 17.5248 89.5154 0.0252695
205 -0.957348 75.2761 4.83695
206 16.7501 75.3162 15.1766
207 11.5001 75.0972 0.123683
208 21.9842 71.3377 7.54635
209 91.027 2.22049 34.9558
210 66.1292 114.373 6.87034
211 90.9249 99.8793 120.714
212 113.68 63.8352 0.561582
213 29.5904 66.8248 11.7792
214 54.0854 112.862 67.6581
215 38.2241 98.2401 -0.319107
216 16.7415 92.3836 13.2133
217 114.324 35.3418 1.86784
218 79.399 1.92157 41.6816
219 75.1555 114.474 33.1398
220 2.46613 99.4282 83.186
221 0.974271 41.2924 77.2589
222 115.497 64.8064 104.648
223 1.56328 99.3374 21.5449
224 64.8647 113.856 32.8492
225 74.7474 81.8141 54.9694
226 -0.829191 24.3485 25.3388
227 1.51388 102.282 27.6995
228 112.014 113.799 54.3752
229 25.0367 45.3932 122.054
230 14.9085 30.0507 0.471286
231 32.3922 114.122 7.30584
232 112.504 80.6798 62.8979
233 75.2608 98.4274 -0.563598
234 35.1862 112.482 67.5095
235 66.1208 113.803 34.0895
236 83.7162 114.29 29.4531
237 52.4765 111.878 32.6978
238 0.962749 12.7026 62.8338
239 2.03678 70.7011 71.8525
240 113.092 69.8343 28.809
241 -0.735686 18.5181 14.0682
242 113.355 98.3104 32.2763
243 78.052 41.808 -0.545695
244 85.3666 39.4612 121.132
245 113.697 49.5872 1.37729
246 22.2448 42.185 122.311
247 56.493 66.6509 54.05
248 105.131 114.491 83.4409
249 26.0499 -0.442178 5.79845
250 86.1985 112.015 53.1542
251 33.2816 70.7945 122.024
252 105.467 31.0648 120.91
253 92.3137 114.347 43.6955
254 57.6511 114.33 18.1901
255 8.19463 114.86 106.214
256 -1.76758 2.9146 16.4773
257 112.645 6.59054 26.5215
258 14.1974 3.62789 123.083
259 -0.469791 4.35157 8.759
260 2.48857 56.5815 39.7934
261 24.5527 2.07426 122.723
262 30.9934 0.325244 86.5127
263 92.0395 96.8236 78.093
264 114.645 26.5773 104.847
265 104.7 115.223 106.369
266 16.8979 71.8573 112.437
267 65.2084 109.862 120.751
268 0.458096 73.4719 108.573
269 58.9439 114.268 90.5783
270 16.7168 89.3617 109.899
271 16.4541 87.6363 112.689
272 36.7594 79.8016 121.709
273 3.60141 70.1641 111.793
274 0.8929 87.6408 117.543
275 32.191 81.7655 103.143
276 32.2773 82.4508 111.49
277 25.2138 89.6571 109.822
278 29.2185 109.524 -0.0901739
279 21.9518 79.682 16.2705
280 27.8779 99.1244 7.36699
281 19.7315 106.684 8.94771
282 15.1832 113.994 7.49839
283 6.36315 100.802 0.280863
284 2.15061 90.4607 71.2429
285 0.91691 50.5741 103.733
286 2.40799 105.67 82.7346
287 84.7039 0.779384 102.535
288 9.32993 112.36 0.260829
289 94.189 10.9756 121.396
290 0.650955 19.5123 115.246
291 46.6076 113.019 75.8506
292 85.3702 115.092 115.797
293 2.60981 82.0988 56.5319
294 16.774 89.8915 13.5639
295 82.5003 88.195 120.919
296 0.73149 29.2837 48.7555
297 0.640702 76.2043 115.507
298 114.98 95.729 86.9318
299 20.4377 112.228 0.315238
300 0.967929 47.4593 88.5801
301 57.7457 74.921 -0.575457
302 9.5988 112.053 41.0108
303 0.934906 33.1941 79.6117
304 76.8636 59.1623 121.43
305 52.4735 112.717 79.8636
306 2.39143 56.6924 65.6387
307 3.00066 10.6432 122.591
308 -0.813043 95.0358 5.46708
309 9.57089 112.002 59.3897
310 35.5799 6.93054 0.750887
311 8.87599 112.865 97.8541
312 2.28241 61.3281 45.4747
313 112.214 70.0098 61.1112
314 25.3193 19.6123 122.452
315 91.9351 0.863621 104.931
316 82.004 114.716 98.7423
317 2.65577 36.9458 63.074
318 103.438 69.8953 -0.806814
319 115.278 79.8481 101.384
320 97.7819 -0.465231 7.88499
321 115.254 56.1053 98.9093
322 5.88247 0.276043 86.1492
323 40.8034 107.335 -0.530112
324 69.6199 -0.479729 13.33
325 30.8024 114.989 113.891
326 2.32927 86.2229 80.3615
327 3.00619 3.38429 123.363
328 115.398 93.6571 115.336
329 49.9416 60.7598 71.6773
330 57.7712 112.231 67.2562
331 59.6249 44.6315 121.927
332 19.6468 76.4095 122.093
333 100.545 41.6258 -0.78036
334 81.6162 114.39 86.8138
335 -1.02188 7.72147 2.968
336 0.065109 68.4159 97.1205
337 15.1933 0.442846 43.4982
338 22.2976 114.985 96.9314
339 28.0269 105.031 121.4
340 0.695484 101.968 114.054
341 8.28284 101.523 118.349
342 3.71343 107.34 111.249
343 36.9113 28.983 13.4812
344 26.638 -0.658087 19.4048
345 49.3083 -0.679205 16.6453
346 43.9154 15.3706 0.213285
347 57.8558 -0.530193 19.1393
348 40.2575 15.606 17.9997
349 31.9267 12.4741 0.70305
350 40.18 15.5497 21.0553
351 45.3041 23.0437 16.3222
352 74.949 23.5258 -0.167795
353 115.616 21.3306 107.748
354 109.396 66.7985 -0.795614
355 26.4887 1.4481 0.871351
356 43.9735 69.5566 -0.473861
357 67.8586 114.124 75.7504
358 110.64 0.756041 119.106
359 11.4367 0.289934 118.408
360 2.15873 69.9066 33.6145
361 112.269 18.56 41.0984
362 37.9213 -0.339331 16.7186
363 16.7786 38.9136 122.383
364 -0.646947 38.3901 20.3536
365 0.142021 60.0467 28.286
366 0.448214 89.783 105.97
367 0.819445 33.5928 94.3775
368 23.0439 111.913 23.9667
369 63.4458 12.471 0.226136
370 0.159611 103.53 114.319
371 114.154 53.6179 120.298
372 80.2867 1.89716 38.5625
373 2.21533 76.7927 77.5829
374 97.8868 114.469 46.6832
375 49.6291 114.273 4.29445
376 2.44203 53.162 43.4715
377 113.964 12.9119 7.13807
378 59.6494 0.450181 114.439
379 16.7716 2.41855 65.5161
380 0.891119 25.0121 117.847
381 99.7458 2.26726 38.0588
382 79.7039 1.64544 29.569
383 1.34039 37.7835 43.861
384 65.5333 40.1834 89.1131
385 -0.204829 3.27531 52.2159
386 78.9083 114.036 78.3101
387 2.29678 93.494 74.9094
388 76.4121 2.35742 59.9417
389 19.8499 39.3302 122.231
390 43.3739 21.9709 104.292
391 16.867 97.79 122.282
392 41.3827 114.387 12.8367
393 53.9466 14.103 121.806
394 39.5329 5.13045 122.15
395 48.0937 23.4934 122.429
396 45.5181 26.4235 108.522
397 36.5916 0.553108 120.206
398 42.4335 0.486932 114.482
399 49.2426 24.7647 95.0136
400 62.8446 10.8581 121.953
401 45.2562 22.6703 118.818
402 37.8842 26.3989 0.483372
403 38.1027 35.216 0.0353651
404 23.671 40.7585 0.409355
405 55.4211 23.7037 14.7619
406 55.1946 41.2135 -0.22947
407 52.4325 38.5839 5.94449
408 22.2514 41.245 5.93835
409 38.1095 45.7767 12.0106
410 32.4187 26.8062 0.604172
411 48.9568 35.2512 -0.0710883
412 28.0966 41.3262 8.97499
413 39.6756 36.7755 16.4069
414 111.806 10.2146 47.3566
415 40.6717 112.608 68.4471
416 72.2982 59.4942 52.5425
417 40.2246 54.001 13.1142
418 38.1045 42.1308 11.9
419 57.6327 4.31074 0.35195
420 33.9122 51.096 13.2973
421 34.0338 114.739 10.0254
422 9.68454 112.912 101.153
423 0.769209 25.2345 85.7419
424 115.288 5.22316 108.236
425 2.31771 70.629 50.5305
426 38.262 47.6235 44.0993
427 65.0305 3.07328 85.9099
428 73.7894 0.293582 108.299
429 17.5727 2.33966 122.454
430 71.3857 88.3982 33.0123
431 114.851 104.459 83.7919
432 70.4095 2.89683 74.1173
433 -0.297307 38.6865 31.3072
434 35.3941 -0.507761 11.0765
435 112.311 26.6005 64.152
436 2.34929 82.5627 89.5277
437 0.892029 81.457 97.533
438 113.344 71.3017 30.0526
439 83.6264 2.82952 19.8855
440 2.40444 25.4737 63.8015
441 25.3282 2.44893 66.2316
442 2.69643 112.462 121.757
443 0.8745 30.7045 85.5944
444 19.577 57.0402 121.991
445 113.282 107.615 64.7219
446 33.9623 11.5496 122.368
447 55.0791 62.9585 58.5093
448 46.4363 -0.351634 108.899
449 30.6137 81.6261 121.87
450 113.202 82.9318 35.804
451 42.2819 63.7892 62.8926
452 -0.200866 19.3414 43.3429
453 112.687 11.687 19.7388
454 33.8961 2.46843 75.1184
455 113.726 95.4357 21.2808
456 112.471 15.5031 46.7239
457 12.6327 0.0329867 29.2849
458 112.097 105.433 51.6093
459 82.0092 1.86646 47.6249
460 103.798 -0.137207 15.5708
461 62.2937 47.4346 121.813
462 113.298 2.42488 84.7574
463 1.9924 95.9161 35.4088
464 112.114 40.5917 64.1304
465 66.7934 57.5288 82.1294
466 65.1242 33.0143 106.99
467 115.134 93.095 94.6374
468 113.961 21.3846 1.67551
469 45.8811 35.0644 108.703
470 35.8322 47.8031 107.527
471 46.2799 20.672 114.518
472 46.675 31.2722 117.326
473 45.7063 33.7695 122.051
474 33.6797 24.2751 110.383
475 51.1073 27.3725 121.899
476 60.7038 44.8514 97.7635
477 47.884 39.1389 107.363
478 49.5405 29.1493 117.2
479 37.9616 54.8665 102.963
480 38.1482 59.9854 13.8035
481 49.372 63.7653 -0.219315
482 52.0029 68.2491 12.805
483 49.5706 49.571 -0.203362
484 0.64969 93.7242 114.432
485 115.489 27.6018 107.488
486 2.40643 82.0319 62.6003
487 30.9921 60.3233 13.209
488 54.6955 55.6347 11.358
489 112.443 52.5422 40.8683
490 -0.696364 66.8176 2.80158
491 0.986385 44.5368 90.9684
492 21.9778 112.785 79.8534
493 112.152 59.9134 31.4272
494 36.3051 39.3973 122.066
495 66.0635 56.207 52.6938
496 54.0652 0.153381 105.753
497 57.5798 112.103 61.8082
498 45.1401 55.8996 74.5858
499 2.50532 61.3296 34.0685
500 112.399 46.6558 73.7794
501 37.6332 75.3999 -0.367225
502 32.5698 -0.699203 11.6386
503 12.5883 -1.07194 13.1226
504 6.94462 113.962 15.8603
505 2.2195 90.2773 35.8897
506 106.317 100.849 -1.06249
507 100.552 111.645 -1.11124
508 39.4583 115.076 116.795
509 32.1498 1.58295 79.4689
510 1.03599 29.8089 71.4087
511 102.092 2.59907 68.181
512 3.64148 110.287 103.189
513 0.269276 112.577 108.545
514 105.023 113.315 120.162
515 111.8 6.89343 -0.0876637
516 25.2091 83.4052 89.4453
517 74.9553 51.3548 100.573
518 114.983 40.7864 99.2958
519 63.8047 -0.498169 2.18263
520 70.7222 75.9089 50.2609
521 97.9374 87.1686 -1.11954
522 49.4603 91.2165 72.7724
523 51.152 78.5495 83.2677
524 2.26958 59.4668 48.4519
525 -0.642036 46.8993 10.8297
526 28.0074 57.7885 109.039
527 0.929547 69.5896 0.675902
528 5.4881 5.74964 122.767
529 40.9609 48.9597 117.424
530 -0.990923 95.156 0.235734
531 30.9668 61.8935 122.105
532 25.1682 57.087 107.468
533 57.2039 70.4017 121.697
534 33.8054 67.7377 107.201
535 48.0366 64.0731 109.897
536 64.8463 54.0424 98.2766
537 32.5056 80.8193 -0.188523
538 43.5375 84.0726 -0.295476
539 25.146 72.0961 7.26216
540 56.9875 70.9109 9.89137
541 52.2513 82.6362 17.7753
542 23.7668 80.8273 0.135181
543 32.2102 55.5077 0.00902435
544 22.2443 24.8714 122.204
545 112.154 26.4183 35.0582
546 111.325 115.287 107.024
547 108.974 114.375 23.6926
548 83.0836 2.24459 79.8555
549 0.879379 32.9764 74.3508
550 98.1872 46.5252 -1.10015
551 2.35696 72.8753 33.9274
552 41.0678 58.0491 91.0388
553 0.908501 72.0848 93.951
554 36.7909 0.505586 102.945
555 0.670113 95.0225 0.4388
556 102.142 48.0281 120.889
557 74.3531 22.1461 121.531
558 97.4687 103.862 -1.10958
559 102.173 78.9298 120.879
560 25.4475 115.08 105.411
561 55.3143 87.5063 103.716
562 1.97108 90.4846 57.5611
563 113.387 89.5008 35.4849
564 2.05665 58.5158 60.1268
565 -1.26589 4.67116 21.9554
566 113.44 5.4369 85.3423
567 101.87 114.315 57.828
568 2.42115 93.6817 62.4411
569 84.0472 32.6001 -0.467602
570 110.924 2.33932 47.012
571 11.2908 0.0261928 40.8922
572 11.0428 0.448243 97.3863
573 69.4915 15.1573 -0.0564509
574 65.3905 45.9758 95.7077
575 107.696 114.341 80.467
576 36.2442 112.453 21.2998
577 114.233 5.62752 98.731
578 3.16672 0.482961 94.539
579 84.037 114.495 92.6224
580 34.1921 2.73208 70.8104
581 42.1554 100.051 56.2011
582 73.5403 115.119 107.976
583 20.8021 114.477 105.223
584 -0.349568 109.569 15.942
585 85.0695 51.0721 93.9862
586 36.1742 100.129 20.8718
587 6.36327 112.04 24.1893
588 0.913329 19.4396 117.734
589 67.8663 75.0868 56.5587
590 90.7289 1.83261 45.5572
591 26.5924 79.7485 84.6769
592 73.7113 98.3592 121.191
593 62.3441 15.2408 63.6698
594 23.5179 1.92891 48.0288
595 45.1239 84.4896 109.818
596 24.1782 114.047 7.24144
597 113.449 79.4434 77.4567
598 111.723 104.002 -1.33664
599 1.46632 57.2837 85.3178
600 114.097 29.9149 6.77003
601 43.8113 89.018 108.314
602 12.8562 0.100933 23.1214
603 48.9581 93.1973 115.147
604 2.31757 95.8377 65.4848
605 -0.243849 27.6584 31.9229
606 43.7346 36.4797 -0.257247
607 113.743 113.183 87.7303
608 -0.329158 13.0873 28.6682
609 53.7848 83.1898 108.003
610 39.0653 79.1179 107.065
611 50.9645 74.2263 109.565
612 42.5052 87.1978 109.834
613 38.2412 73.4608 115.739
614 44.746 87.694 109.776
615 53.7137 79.7304 109.773
616 38.8645 96.7218 7.1425
617 43.7557 114.258 1.68475
618 54.9692 112.366 -0.401035
619 26.6594 95.269 8.89726
620 49.1354 114.406 1.71525
621 53.5393 101.204 13.9663
622 59.205 98.1622 11.5056
623 38.1218 108.329 13.795
624 40.9751 85.246 11.0432
625 37.0257 111.059 4.16007
626 49.5053 102.477 10.2513
627 109.092 89.8484 -1.03444
628 54.4134 112.068 56.2353
629 101.634 114.855 98.0015
630 2.2986 97.7681 95.1402
631 65.2573 51.889 95.26
632 24.1427 1.23776 73.6904
633 37.6824 60.6694 -0.404573
634 93.3552 113.934 65.8274
635 49.0828 55.1864 -0.381878
636 57.2572 80.9154 -0.495983
637 2.19165 83.4841 95.0877
638 2.2054 41.7651 57.5197
639 112.203 108.508 60.3139
640 93.42 113.822 71.1954
641 28.2198 113.435 100.708
642 106.384 114.866 55.7035
643 48.3777 5.43224 122.103
644 50.9197 114.824 101.753
645 3.84172 77.4166 0.401353
646 113.737 103.945 3.18598
647 112.208 37.3127 29.4204
648 108.839 63.7926 -0.911531
649 97.0959 0.37373 111.247
650 78.0526 114.222 24.1893
651 104.409 114.64 26.4083
652 112.189 43.8103 -0.56069
653 104.797 2.45018 76.5922
654 28.5864 90.7099 121.669
655 102.279 93.3636 120.538
656 28.3576 114.718 119.529
657 111.947 90.7307 66.5384
658 11.0253 114.787 119.542
659 10.0432 112.391 79.713
660 100.974 1.72452 17.5532
661 106.429 1.24141 -0.0922961
662 2.96721 13.8519 122.49
663 7.05141 111.918 53.5492
664 103.913 -0.355288 4.4784
665 38.0717 -0.511091 2.42866
666 100.668 114.375 36.3284
667 27.0624 50.8626 44.007
668 0.46556 2.39315 59.1233
669 6.77775 2.52232 123.105
670 3.7853 113.734 13.1774
671 9.46684 18.0111 0.772693
672 113.52 113.355 59.2175
673 4.64113 112.09 62.4639
674 112.271 65.7496 29.3498
675 75.2461 114.369 37.7657
676 110.794 2.51077 90.6309
677 2.14372 96.142 77.3004
678 2.48028 110.8 93.7301
679 71.0002 113.307 120.677
680 42.6598 90.6264 121.571
681 42.1184 97.6215 113.555
682 43.8399 107.689 116.003
683 36.5774 90.3846 121.604
684 50.7775 115.292 108.215
685 35.1589 104.14 108.151
686 33.3797 115.137 107.788
687 41.8953 115.149 119.437
688 36.8029 96.2777 121.462
689 57.5142 102.078 121.565
690 59.478 113.278 120.973
691 66.5701 4.3284 0.286344
692 69.2326 32.5279 -0.21697
693 79.1808 23.8935 1.09119
694 74.0797 18.4485 6.26325
695 66.412 15.0664 0.0981873
696 62.5798 14.0655 16.168
697 -1.25147 4.81353 1.20122
698 114.164 90.0607 9.34734
699 62.3951 18.3292 13.2432
700 5.28503 0.0813824 82.9416
701 113.702 30.6379 120.594
702 10.1034 112.703 83.0536
703 66.2849 114.544 12.2959
704 87.7148 2.77539 85.7816
705 61.2451 5.51165 13.4243
706 97.7454 1.34684 -0.278407
707 31.5132 2.32177 50.9767
708 3.49236 -1.98402 19.0741
709 11.0638 2.41686 60.2093
710 112.119 3.1567 38.6899
711 115.159 8.2755 119.507
712 91.9592 113.977 0.730332
713 5.55071 85.1959 121.849
714 0.643714 89.5743 0.365878
715 112.135 66.4192 31.5918
716 41.0113 -0.173563 23.0719
717 105.579 2.2482 100.031
718 2.13595 65.049 86.4894
719 0.641182 107.215 106.229
720 59.5202 10.974 122.038
721 -0.17984 2.34128 34.8968
722 74.7883 27.2838 -0.295418
723 -0.61758 38.2948 5.86531
724 102.417 19.3071 121.03
725 51.794 2.14755 122.428
726 115.917 114.283 99.6171
727 100.83 114.9 31.1566
728 99.464 114.582 97.8913
729 93.4175 2.23171 53.6303
730 100.4 4.16274 -0.343754
731 59.6023 0.374745 108.903
732 113.781 1.8966 15.7891
733 83.5532 9.58282 105.428
734 83.0021 10.5866 115.455
735 83.6028 9.22394 116.922
736 86.5414 21.6162 108.247
737 68.9986 20.5409 114.275
738 67.9453 0.281834 108.915
739 73.4526 24.7479 101.165
740 82.5326 16.7767 121.504
741 62.3558 19.2518 115.814
742 72.4674 13.6015 116.425
743 80.6849 29.2203 111.096
744 59.4123 0.449299 117.409
745 62.1684 16.1148 121.984
746 62.455 0.106955 108.643
747 59.68 16.3419 121.81
748 71.7928 26.7823 -0.296728
749 72.4037 41.0872 -0.297302
750 88.0415 52.6956 10.422
751 80.1226 27.1567 23.0212
752 72.3656 32.2924 -0.310518
753 63.7902 18.3291 -0.0109859
754 113.885 4.31131 7.10534
755 52.3035 46.8503 14.5301
756 -0.440689 41.6254 37.1309
757 45.1256 54.3933 73.7861
758 60.0535 28.3103 13.2062
759 112.45 36.7514 23.2733
760 88.2231 1.45392 30.2957
761 29.256 112.544 74.1923
762 -0.763026 9.98893 6.22316
763 -0.414609 9.91925 19.345
764 47.8859 114.069 87.5067
765 114.553 100.872 80.8948
766 72.1221 4.06269 0.304102
767 2.42361 53.3826 48.5524
768 66.9871 95.3887 -0.619607
769 104.006 114.525 89.2185
770 48.781 1.73247 35.8046
771 89.7543 69.5142 -0.705563
772 2.27093 90.4576 53.812
773 88.2395 105.057 120.545
774 80.9439 114.039 77.8614
775 82.6601 2.49209 65.2265
776 59.3366 115.166 110.294
777 15.3376 58.1565 0.538331
778 65.3707 45.4423 80.1644
779 108.805 2.13993 67.6621
780 110.812 2.48201 25.3041
781 0.519387 64.5855 109.303
782 21.1235 51.2996 73.5132
783 22.2473 0.31528 100.378
784 24.5408 -0.0245441 94.6968
785 22.6452 2.43915 66.2104
786 111.867 27.5759 26.2408
787 0.515386 35.7749 106.459
788 73.7083 32.9366 121.464
789 72.3659 39.4627 58.705
790 27.7034 83.3402 20.8371
791 70.6729 114.562 93.0095
792 46.3473 1.43875 87.4674
793 112.344 12.8848 53.0322
794 25.8231 48.0551 67.5349
795 56.5335 0.412682 95.372
796 13.8319 100.836 -0.345641
797 107.298 114.627 92.3679
798 23.8563 41.0045 66.5013
799 87.8136 0.256395 108.837
800 78.0492 41.0882 108.238
801 113.786 89.7888 3.32446
802 -0.211167 4.62585 26.3255
803 60.6677 81.1583 20.0136
804 59.515 24.9866 121.754
805 71.1297 30.8776 121.563
806 62.0627 24.9846 112.923
807 83.622 27.93 111.564
808 66.8192 34.6896 108.471
809 82.0822 31.0116 112.528
810 89.8059 49.4913 -0.814012
811 69.8423 58.2147 -0.828008
812 52.252 61.0986 -0.276017
813 59.7097 56.8823 12.8299
814 64.87 62.4583 9.8399
815 72.0775 49.998 8.46447
816 65.3207 59.0496 15.7479
817 92.3469 72.7508 16.7079
818 63.6243 52.1344 -0.373049
819 82.5937 57.0207 12.6087
820 82.4117 45.5119 9.8003
821 70.9478 30.3844 34.8277
822 60.6944 71.0352 67.3952
823 86.4118 44.3761 -0.442322
824 98.3048 37.6473 24.44
825 114.033 111.568 26.3604
826 60.7484 70.8028 70.4418
827 56.7308 64.068 5.82764
828 113.315 94.1162 41.5831
829 12.7044 113.195 104.237
830 112.55 37.1243 20.8007
831 43.7009 111.796 35.3773
832 40.6918 21.3898 0.2164
833 112.164 75.035 73.0311
834 6.99332 112.001 44.7226
835 1.66685 0.655336 30.8092
836 4.68842 113.235 31.9024
837 113.948 107.088 9.24109
838 2.55428 58.4353 33.8299
839 112.44 18.014 55.7449
840 2.52366 36.557 54.4478
841 109.145 20.9302 -0.52046
842 6.5891 52.5082 0.853842
843 51.5029 19.463 122.06
844 45.3354 104.091 121.441
845 28.266 41.1559 42.7089
846 83.7475 92.3259 -0.901985
847 113.598 74.3581 82.4875
848 46.4071 112.542 81.767
849 112.382 43.7516 61.0718
850 21.1263 108.796 -0.351036
851 -1.01172 15.4499 9.19585
852 84.3202 27.9624 88.7242
853 54.3663 57.616 57.1005
854 0.587809 52.4072 91.3452
855 78.1631 -0.611663 5.25485
856 94.8637 29.1936 98.9609
857 99.6236 1.79933 23.5954
858 77.1255 53.7139 121.474
859 12.293 113.138 96.8124
860 80.6333 51.0233 76.3889
861 -0.289051 3.02659 73.1454
862 69.3531 65.8399 108.199
863 85.943 1.5246 27.0389
864 115.489 36.3077 107.453
865 85.2107 43.1654 112.313
866 114.462 112.497 80.3565
867 75.134 72.6354 113.865
868 86.5353 44.9457 111.185
869 85.1309 46.4463 109.609
870 81.1449 47.9215 122.001
871 71.4057 67.7892 121.487
872 79.609 55.7683 121.344
873 93.2466 67.5328 103.437
874 73.7371 63.4761 112.853
875 87.9165 59.5712 121.189
876 89.3251 70.3381 7.95868
877 58.4884 72.3439 8.47609
878 86.3399 89.4773 8.09963
879 65.0119 80.8623 4.36735
880 63.9205 92.4717 -0.651745
881 60.5457 72.838 -0.345012
882 66.9194 71.1603 18.0251
883 63.6152 83.3552 5.28337
884 69.5438 63.5835 -0.64389
885 64.1024 86.8773 5.4713
886 103.522 114.606 41.1582
887 73.3197 82.7899 9.61617
888 112.387 10.0666 67.2244
889 86.6062 42.5191 28.6135
890 101.754 1.37584 20.9731
891 57.9274 86.6247 14.1077
892 2.08479 105.375 50.7807
893 90.8636 106.972 121.008
894 70.1089 1.72968 32.9927
895 90.8396 84.8156 120.784
896 84.4162 0.296581 116.864
897 56.6658 2.989 82.6253
898 29.7787 32.2691 0.264618
899 114.781 101.524 92.7154
900 59.1645 114.201 86.998
901 32.9824 94.7726 20.9292
902 115.385 87.865 118.646
903 115.061 110.492 106.682
904 113.638 7.0651 4.58672
905 41.0486 112.019 55.8507
906 57.7216 6.79534 0.390773
907 29.3264 26.0009 88.5294
908 29.5501 -0.569055 14.6094
909 25.6697 33.6036 122.245
910 112.391 66.2417 46.8827
911 99.4168 87.6383 120.564
912 0.76641 95.6739 120.031
913 15.3723 112.098 18.1889
914 2.32132 64.3839 36.8185
915 76.0025 72.0416 59.6356
916 113.862 0.552329 116.466
917 49.4509 111.767 46.9577
918 89.2645 58.1306 -0.677592
919 4.3034 111.86 56.9594
920 -0.334984 10.8685 49.0866
921 2.53317 58.8241 51.4104
922 69.5939 112.102 41.2605
923 56.5286 68.9749 108.146
924 110.216 2.52093 44.4013
925 18.3089 1.22551 75.2995
926 112.291 2.05345 61.7267
927 2.2057 93.4682 32.9475
928 115.399 84.9467 113.251
929 85.5984 84.8983 120.974
930 59.4672 84.8004 121.326
931 80.1254 70.8456 121.312
932 84.5677 86.0669 110.585
933 77.8915 84.8626 110.452
934 68.4646 70.6658 121.585
935 70.8133 78.9469 121.35
936 68.3672 70.6715 112.506
937 68.4454 90.8548 121.348
938 79.4458 99.2108 9.58628
939 58.314 108.186 9.64244
940 56.7629 93.7239 6.85498
941 69.3498 92.1461 -0.697542
942 114.127 67.1008 11.8293
943 100.515 55.1225 -0.758638
944 113.503 0.496541 113.451
945 115.709 85.9812 84.0204
946 112.144 48.8554 43.5655
947 32.3687 111.9 47.1431
948 22.2549 115.468 96.2812
949 112.406 114.604 94.8756
950 34.0692 67.621 122.042
951 30.4597 113.257 121.398
952 0.718058 44.7833 94.7274
953 -0.877643 69.5628 8.33105
954 115.551 59.1513 116.127
955 19.1241 112.082 59.2742
956 1.70258 109.867 24.9115
957 71.0674 39.6221 121.559
958 106.277 95.6204 -0.898142
959 112.05 63.2447 49.1801
960 9.38891 113.997 15.731
961 21.9992 45.1073 122.086
962 61.8828 114.472 83.442
963 -0.772614 32.6699 8.11638
964 111.689 115.017 13.1817
965 2.74752 73.9952 65.8336
966 113.051 113.071 119.991
967 114.877 111.369 2.34017
968 2.48831 53.1855 36.8656
969 100.526 9.25584 -0.677585
970 98.2346 39.8518 24.4368
971 11.4746 0.372579 91.4333
972 27.8237 30.6357 122.307
973 105.593 1.76867 47.1655
974 113.671 84.2715 32.1852
975 107.513 115.037 101.1
976 114.713 27.8046 102.026
977 108.048 2.4945 81.7159
978 2.35181 62.3992 54.6518
979 114.278 38.4121 12.9762
980 101.992 114.661 95.0624
981 52.5197 93.0275 -0.523246
982 113.596 110.25 52.3365
983 51.1291 115.361 121.123
984 65.1139 113.413 120.538
985 112.036 83.7093 72.6391
986 0.788249 30.4204 120.673
987 49.631 92.6245 22.7851
988 114.472 114.826 104.021
989 109.246 12.8697 -0.322895
990 56.5939 2.29704 121.769
991 114.999 111.84 36.8174
992 4.07906 4.06035 1.14514
993 18.1437 112.736 91.3757
994 39.9793 93.3127 121.478
995 113.649 77.8444 29.699
996 71.4141 94.6231 107.63
997 2.15956 93.5914 53.9473
998 67.485 101.984 120.813
999 62.1552 115.27 116.032
1000 76.5007 107.675 120.704
1001 65.1388 94.2371 121.267
1002 90.818 90.8065 120.756
1003 57.9819 90.4272 117.51
1004 85.0936 115.11 110.151
1005 50.8314 115.236 113.279
1006 95.8259 104.917 111.599
1007 72.3612 105.935 116.169
1008 113.922 12.5575 0.886952
1009 105.645 19.852 4.18602
1010 87.8859 19.3003 7.16915
1011 106.641 -0.373911 10.2155
1012 89.1617 3.32026 -0.549942
1013 96.7306 17.2652 10.065
1014 93.7435 20.2682 9.99131
1015 115.548 107.471 112.156
1016 115.298 91.025 107.152
1017 102.35 2.11915 85.9237
1018 92.1415 11.5593 10.2091
1019 113.923 92.2369 15.0361
1020 0.736827 10.8395 94.74
1021 71.1273 12.6742 20.9141
1022 113.75 112.105 44.2729
1023 2.27367 84.7845 33.2469
1024 113.901 47.6053 120.719
1025 88.0473 2.50281 79.192
1026 21.5516 0.438278 40.7525
1027 115.009 84.6257 89.7938
1028 35.5852 21.0053 0.335926
1029 53.6279 43.545 36.619
1030 42.7204 0.769055 31.9474
1031 67.5687 114.5 87.3086
1032 57.9611 1.53455 90.7621
1033 2.54869 48.1158 66.9464
1034 65.1738 115.275 116.121
1035 113.829 27.3308 14.8556
1036 32.6397 21.3682 0.493944
1037 114.015 55.2985 18.1326
1038 107.39 1.97866 33.0275
1039 114.035 72.8851 15.5227
1040 82.6522 61.694 121.426
1041 104.854 115.101 115.414
1042 115.538 86.2127 92.7387
1043 9.68156 -0.279342 17.8032
1044 115.517 111.748 103.943
1045 6.49848 -0.323513 2.70792
1046 114.673 112.096 89.2276
1047 87.5161 115.283 44.1881
1048 114.898 37.6108 101.901
1049 96.8146 81.9162 120.619
1050 112.237 32.2569 64.2905
1051 74.7196 112.673 66.7256
1052 112.308 77.8119 55.8269
1053 113.56 96.698 70.8821
1054 115.232 64.5519 90.6905
1055 72.3424 -0.347378 4.43864
1056 112.098 32.2271 49.5862
1057 85.7198 0.812915 105.176
1058 79.5916 0.286176 16.6052
1059 15.2596 114.328 15.6124
1060 1.06434 16.9639 120.773
1061 -0.324134 10.9394 51.6091
1062 45.5306 55.3739 72.0559
1063 96.6975 22.5979 121.589
1064 112.581 94.7011 62.5179
1065 62.6406 -0.0317947 100.204
1066 100.648 5.07559 110.115
1067 115.305 13.855 110.551
1068 113.706 5.23523 120.861
1069 100.179 16.2181 95.3544
1070 91.9829 35.5382 -0.729972
1071 89.3228 43.2394 -0.694749
1072 92.3426 18.8005 2.76695
1073 99.6769 45.9405 15.5514
1074 100.75 42.6467 2.63026
1075 99.3826 44.4514 3.8003
1076 103.822 32.3619 11.2547
1077 86.568 31.6989 11.4321
1078 102.358 38.3616 10.8135
1079 73.8601 56.2536 45.6345
1080 73.5162 65.2822 121.566
1081 36.8329 2.41694 68.5535
1082 2.598 79.5347 70.8952
1083 17.966 29.4652 0.62447
1084 103.948 60.9989 -0.890016
1085 113.861 81.5161 20.6047
1086 74.2806 80.9052 -0.673644
1087 1.21814 103.47 0.322999
1088 93.3259 2.60102 65.7181
1089 16.7376 79.4123 122.042
1090 112.506 1.65913 83.5225
1091 79.6838 40.7935 65.9127
1092 9.5856 0.288868 74.5537
1093 53.827 25.7599 67.5329
1094 67.8002 1.88585 41.199
1095 113.381 88.2443 76.6478
1096 62.8862 114.848 20.9304
1097 32.5155 1.42079 82.2434
1098 71.5184 48.679 101.449
1099 114.197 23.9935 12.8601
1100 111.979 94.5149 54.3587
1101 106.361 52.2876 -0.484915
1102 66.3756 49.372 -0.636538
1103 112.156 37.5747 49.6143
1104 44.0389 47.5955 98.1667
1105 49.3809 95.3199 -0.458671
1106 59.5886 78.8229 121.514
1107 0.896728 10.8153 71.2603
1108 103.003 95.1676 -1.17437
1109 76.4699 114.308 90.404
1110 112.174 17.631 38.398
1111 113.991 58.8778 12.1023
1112 36.8907 8.02788 122.078
1113 112.482 55.8252 25.7977
1114 112.372 18.1779 53.0155
1115 73.6269 0.814354 24.9937
1116 32.4199 96.7824 -0.761846
1117 100.606 114.508 44.2774
1118 76.1894 55.4042 45.3281
1119 67.9851 41.0326 80.9099
1120 0.918354 27.5833 77.0845
1121 27.847 42.0593 122.162
1122 1.01867 44.6798 82.1511
1123 102.173 39.2731 120.84
1124 90.114 113.884 74.8274
1125 72.733 109.429 -0.869138
1126 6.47277 0.322529 29.0457
1127 92.5205 32.259 107.991
1128 59.7031 1.54364 39.9358
1129 102.39 44.6399 112.019
1130 111.222 25.0163 120.819
1131 113.853 39.4092 120.654
1132 107.918 46.2413 101.273
1133 115.272 42.519 110.629
1134 105.122 44.9908 121.027
1135 105.044 35.004 106.476
1136 84.9744 59.4003 121.291
1137 92.1754 55.1124 8.27657
1138 106.626 54.1016 12.5853
1139 91.9436 52.6339 -0.548536
1140 102.952 57.0445 15.3357
1141 112.518 44.3282 85.0341
1142 9.26963 111.717 33.384
1143 112.117 80.749 66.6757
1144 90.4995 54.0994 12.6098
1145 75.1976 57.3786 45.3942
1146 69.2155 1.33412 0.245613
1147 -1.10677 60.589 8.19869
1148 102.327 58.2888 8.32694
1149 57.0074 114.411 92.895
1150 90.957 115.082 118.393
1151 0.585944 62.087 105.241
1152 112.228 17.6473 26.5047
1153 62.3465 114.453 87.1289
1154 72.2276 114.515 35.0576
1155 114.975 104.786 101.211
1156 50.7122 16.4962 121.85
1157 63.7113 114.265 9.21756
1158 10.1893 -0.168711 31.5852
1159 75.2397 95.4839 -0.809233
1160 69.2785 80.5955 -0.628386
1161 115.24 67.7135 116.264
1162 112.357 51.9763 28.8277
1163 32.353 89.6666 -0.201487
1164 111.123 3.18555 22.3335
1165 114.757 109.629 72.4151
1166 31.5207 111.91 41.579
1167 39.6287 50.6068 121.921
1168 66.9289 59.6542 52.6005
1169 97.5119 114.272 14.5906
1170 112.558 29.0941 76.2002
1171 112.45 18.0546 32.4859
1172 114.643 111.559 66.1645
1173 112.366 45.5717 25.9529
1174 3.95608 14.8881 1.0555
1175 80.9782 114.551 12.3451
1176 19.2192 81.8395 121.829
1177 112.273 55.2866 84.2321
1178 23.3469 106.299 0.121665
1179 113.527 115.079 112.743
1180 2.31663 85.8724 86.7125
1181 46.8344 59.4935 70.6856
1182 50.7793 62.1513 81.4967
1183 62.6913 53.6967 121.642
1184 60.5588 70.7709 72.8242
1185 86.5645 114.211 14.7193
1186 113.499 17.9423 101.677
1187 112.227 63.9832 69.6006
1188 61.1047 1.24312 38.8473
1189 1.43924 74.0931 22.1609
1190 109.305 80.3237 -1.26214
1191 112.048 86.1835 42.7706
1192 7.15079 1.22841 61.7641
1193 91.0328 2.59142 68.1365
1194 37.9047 59.8497 19.1466
1195 2.1263 1.34272 69.9008
1196 20.8339 112.201 65.3778
1197 51.0109 61.355 83.1575
1198 99.4319 63.2691 101.635
1199 37.9094 88.0656 52.0564
1200 99.2226 60.5068 103.546
1201 84.5135 56.4045 115.253
1202 87.5235 59.113 115.103
1203 108.073 56.6015 120.73
1204 98.3669 68.899 110.566
1205 93.7414 57.0136 121.103
1206 108.077 64.818 120.596
1207 81.3526 83.7434 -0.85866
1208 89.1913 80.5875 -0.878521
1209 100.878 90.0087 7.99445
1210 113.766 75.3944 3.50112
1211 86.7139 88.4192 25.4444
1212 106.564 82.4395 10.5747
1213 86.5063 80.4847 -0.974706
1214 78.0147 69.8165 19.8409
1215 86.3979 76.8434 10.567
1216 113.819 87.0232 0.651306
1217 115.422 33.6282 118.582
1218 55.3645 84.1275 -0.413155
1219 35.2551 91.7966 21.3662
1220 112.167 59.7321 43.7726
1221 73.6533 27.9348 121.699
1222 110.957 114.528 49.923
1223 84.9224 114.072 74.5015
1224 77.3702 86.7363 11.0629
1225 12.12 100.514 0.1383
1226 26.9278 0.431229 40.2105
1227 103.425 75.9145 -0.68624
1228 88.1014 27.4336 121.381
1229 41.7832 110.523 121.257
1230 2.46429 65.0684 75.003
1231 39.9677 2.04886 44.4514
1232 6.74939 114.004 5.37776
1233 100.837 84.1635 -1.03302
1234 1.50839 109.54 18.7619
1235 106.146 66.8287 -0.953059
1236 -0.984062 83.634 2.14943
1237 53.7795 65.5154 121.871
1238 111.983 55.343 49.8241
1239 39.7372 113.139 19.9125
1240 109.832 114.757 73.2588
1241 32.3709 112.349 59.2452
1242 114.536 74.2598 84.259
1243 99.3672 1.84891 29.1546
1244 67.0277 44.3201 96.5924
1245 108.988 52.591 -0.787253
1246 7.41989 -0.101019 23.1348
1247 74.0601 1.87541 95.9168
1248 113.888 52.9266 18.0829
1249 77.4544 80.0139 84.4191
1250 79.8561 107.886 120.756
1251 60.5698 114.169 3.93479
1252 2.32442 31.6177 63.4088
1253 103.437 114.037 0.646182
1254 2.27517 101.779 71.1046
1255 112.609 5.25094 73.2597
1256 80.8911 114.107 71.8683
1257 11.0228 38.8163 122.465
1258 64.9535 114.391 90.1708
1259 108.454 2.17677 96.3116
1260 2.34624 89.296 95.1538
1261 3.96737 92.321 0.268859
1262 6.86469 111.895 39.0238
1263 86.4735 75.2097 107.855
1264 67.7215 114.937 102.051
1265 115.151 87.2635 103.988
1266 107.819 76.3231 108.789
1267 88.1749 73.7293 120.846
1268 115.348 73.8378 107.417
1269 93.784 69.1477 121.641
1270 115.362 87.6816 110.101
1271 107.901 79.4294 108.762
1272 96.3568 85.1182 114.578
1273 93.3213 85.1855 114.684
1274 109.277 81.6318 116.007
1275 93.5493 60.6118 107.712
1276 115.34 82.2 113.175
1277 96.5248 88.0095 120.801
1278 82.4046 80.565 112.709
1279 105.27 90.5075 111.529
1280 105.132 76.2324 117.476
1281 110.848 92.3557 6.47818
1282 95.0865 114.164 12.2103
1283 112.088 114.151 6.30783
1284 113.966 97.6246 14.7856
1285 99.3837 109.576 12.9807
1286 114.683 113.993 36.4771
1287 7.00396 78.2967 0.342159
1288 45.2073 115.199 105.892
1289 0.518344 22.3842 109.168
1290 37.6938 54.9698 -0.169752
1291 112.161 17.6264 -0.349407
1292 114.18 8.20877 98.3004
1293 87.4624 68.7993 56.5669
1294 100.772 114.629 27.1092
1295 61.0248 25.106 -0.463723
1296 112.649 1.74723 32.6763
1297 6.07336 1.56504 58.4158
1298 0.572224 86.3734 22.966
1299 64.9622 71.4928 33.1915
1300 109.383 78.4295 -0.768684
1301 114.767 104.268 74.6801
1302 66.2534 58.5879 -0.423798
1303 51.4986 2.84431 77.0398
1304 77.7457 92.9779 -0.860812
1305 114.683 112.41 74.7842
1306 2.26201 31.2164 55.3226
1307 114.847 90.2775 86.8062
1308 113.395 104.959 70.6925
1309 54.0329 115.258 119.214
1310 115.463 42.1109 118.87
1311 112.353 31.4314 32.0658
1312 108.821 4.39727 -0.0963521
1313 1.02714 61.9946 99.5989
1314 65.107 44.7745 121.672
1315 73.7944 19.6005 121.659
1316 97.5742 114.388 23.0295
1317 112.547 10.4867 79.1788
1318 112.279 40.8451 57.7487
1319 59.2361 75.162 74.2087
1320 15.3554 -0.374679 17.1777
1321 114.645 73.3046 120.301
1322 89.6831 -0.323612 13.3581
1323 107.346 113.667 68.8926
1324 112.437 52.5377 81.1959
1325 2.18951 86.963 94.9994
1326 7.08178 112.655 74.9881
1327 112.847 9.49111 87.8508
1328 99.5116 115.35 120.431
1329 87.555 114.012 77.4822
1330 20.0546 112.179 23.5437
1331 22.5491 36.7021 122.193
1332 91.4749 45.1615 121.578
1333 96.3041 110.306 108.51
1334 103.564 96.2159 111.382
1335 87.7022 106.964 108.701
1336 114.306 104.71 120.139
1337 115.223 101.46 115.409
1338 115.15 101.783 112.37
1339 105.473 110.286 120.541
1340 115.047 109.946 100.947
1341 85.2207 94.6701 101.99
