0 6.55144 15.7138 0.902909
1 6.95942 9.60785 7.2163
2 16.4055 28.2791 13.8277
3 26.5164 -0.604316 14.1837
4 26.8257 4.23149 0.973223
5 9.6344 4.62769 4.37039
6 4.14879 9.76311 4.36166
7 12.5378 2.63851 11.6214
8 23.9503 15.6069 0.842466
9 1.09493 15.2934 1.31626
10 -0.0527085 55.0133 71.4697
11 40.9837 -0.329907 19.7578
12 16.7918 -0.544363 54.4906
13 9.38891 44.0688 0.410975
14 113.968 21.132 9.60711
15 30.0177 28.8843 65.3724
16 -0.294327 23.9206 51.6109
17 36.5508 0.239421 83.1447
18 10.0457 -0.452528 23.1586
19 -0.292599 7.34536 28.8552
20 1.83837 -0.0527206 51.6116
21 70.2381 -0.14867 80.0485
22 -0.241385 0.984868 31.4686
23 55.4039 -0.37572 8.30354
24 -0.282152 30.2506 60.5187
25 8.83047 26.9572 57.2238
26 0.0905844 2.15977 66.2175
27 -0.803362 58.2761 28.7764
28 0.0460226 41.4949 77.4036
29 0.0374853 10.3425 56.7247
30 32.8589 -0.416635 25.4093
31 35.4523 -0.565445 20.0182
32 60.8479 49.4582 17.3496
33 13.404 -0.20062 51.3773
34 0.757033 43.2113 88.908
35 38.374 -0.382963 22.4339
36 0.531278 16.2011 91.7772
37 34.4182 32.143 91.371
38 53.3939 -0.48153 83.795
39 83.0037 0.0797728 85.1697
40 47.1632 -0.136523 76.973
41 0.985106 5.11137 101.088
42 24.379 -0.198965 62.7386
43 -0.285097 27.6824 31.2418
44 5.10092 -0.0118223 86.8559
45 18.2581 0.0606409 60.1199
46 -0.246804 21.6049 45.3572
47 0.534752 47.4267 97.5634
48 0.667275 33.4491 94.3887
49 61.6634 53.5362 77.7622
50 -0.0297885 20.8795 66.0106
51 22.5433 22.8753 107.174
52 23.5838 36.3864 116.813
53 35.1707 45.9494 99.967
54 47.4296 -0.336584 72.0853
55 0.599311 37.0792 114.519
56 16.3176 -0.16903 68.7785
57 0.679499 10.3261 103.859
58 8.12897 0.260358 100.629
59 9.57564 13.5903 105.127
60 3.94179 13.5443 106.064
61 11.2191 0.296142 103.265
62 28.0562 10.7122 116.273
63 25.6346 10.6805 116.199
64 3.07163 0.654993 111.711
65 16.8355 4.86024 113.125
66 16.5903 33.2933 8.07747
67 20.9733 41.333 9.36924
68 19.6136 39.6983 7.93575
69 -0.731896 44.0935 13.6844
70 16.9178 25.1881 11.1321
71 0.475576 55.5724 0.769266
72 21.003 29.5742 0.833959
73 1.04661 18.1462 1.24598
74 1.71645 -0.0508628 37.5791
75 0.0430987 81.7672 62.7351
76 72.9283 -0.195953 62.4945
77 -0.493394 24.3558 39.9212
78 -0.730892 12.8845 14.0931
79 -0.416477 55.0161 45.7495
80 27.2146 70.8796 52.2001
81 39.1353 52.6497 17.3759
82 -0.422713 44.3737 25.8007
83 1.99269 -0.155392 40.4221
84 -0.216405 33.6666 63.0857
85 4.00298 25.9644 0.676342
86 61.4208 1.14587 0.721528
87 -0.320489 61.6838 65.9956
88 -0.585797 89.6353 33.6075
89 0.127532 39.1184 71.9289
90 20.4051 43.9637 76.9691
91 49.8448 10.5248 46.7078
92 -0.24122 98.3875 42.1725
93 8.10235 0.118951 83.915
94 -0.491935 55.5757 34.1226
95 -0.604776 41.1262 16.7214
96 16.6415 20.1451 39.6863
97 -0.548475 44.7039 36.7983
98 -0.347021 12.9182 34.3038
99 -0.254182 7.26881 59.8071
100 89.4315 -0.603192 9.67595
101 28.4442 54.5271 25.0534
102 10.104 -0.129728 54.367
103 43.294 73.163 89.7207
104 -0.2425 89.7563 47.9813
105 10.6674 0.203725 88.8136
106 -0.00560217 32.5639 82.9699
107 44.5429 32.7326 60.8535
108 32.6431 -0.345124 28.6082
109 52.7196 50.2841 83.7016
110 21.7379 45.9514 74.9162
111 66.4657 16.5368 116.433
112 70.7392 20.2968 70.8219
113 0.352619 82.0675 102.436
114 25.1822 0.329023 105.765
115 21.6484 20.2888 65.2255
116 11.4345 96.2208 115.622
117 22.4706 50.8818 95.5576
118 2.54088 114.835 74.0039
119 0.262161 87.6768 79.8224
120 -0.574751 22.8498 34.3956
121 -0.182948 30.1073 53.7363
122 19.5543 47.5459 101.457
123 16.5222 36.6502 101.623
124 51.0699 39.2714 95.5203
125 35.7807 32.1741 105.727
126 26.5428 43.47 108.511
127 22.0387 44.7375 110.185
128 0.647067 22.2219 97.8641
129 19.5347 51.0571 104.391
130 5.22136 36.7103 116.357
131 13.8701 45.0447 116.259
132 23.7112 24.9337 104.817
133 27.912 22.0356 104.385
134 26.8373 68.3813 18.8508
135 3.5719 61.0126 0.728575
136 22.4863 68.6411 13.3364
137 22.5279 65.4097 13.4398
138 -0.864783 49.5338 19.8355
139 -1.00649 67.0349 11.0867
140 18.2861 46.7039 9.40628
141 21.9065 52.3518 -0.240152
142 -0.603347 55.6428 39.0272
143 -0.937136 52.8126 32.072
144 41.365 37.0866 27.2552
145 80.6177 9.7216 -0.115187
146 25.6564 65.3725 13.3811
147 -0.604841 52.6168 22.2815
148 6.94869 52.5757 26.9397
149 12.5519 87.5161 20.7502
150 0.00931401 29.8581 71.67
151 15.4479 65.9656 20.762
152 -0.325405 98.8548 39.3606
153 17.9523 68.6698 99.9143
154 36.8616 41.1098 21.4079
155 70.7804 85.9028 58.6855
156 -0.0903069 27.1265 54.4416
157 -0.23141 38.6577 45.8843
158 -0.436854 38.7208 42.813
159 -0.648584 69.5708 31.5475
160 -0.0810159 64.8252 60.0347
161 17.3638 34.5965 39.6804
162 8.71876 70.5416 116.023
163 -0.651769 64.8527 25.1936
164 27.9915 56.3213 95.4958
165 27.4487 37.3787 53.6299
166 -0.548833 58.4351 37.4809
167 7.27626 46.1345 85.7161
168 0.350792 95.8464 96.9202
169 10.948 24.455 55.6792
170 0.991631 13.5835 111.457
171 13.2255 45.9551 70.9452
172 -0.649485 104.362 36.4262
173 0.222184 59.1917 83.4109
174 2.10829 0.159228 60.2172
175 0.324172 48.0928 105.712
176 63.5733 46.4359 93.8255
177 0.0233895 53.0905 80.4847
178 -0.0572694 104.163 79.7609
179 0.134626 47.1374 71.5658
180 0.156946 4.83082 51.1238
181 46.4677 30.5309 92.5971
182 44.1642 49.0374 88.0677
183 45.0427 70.2159 80.877
184 10.0081 60.5529 105.86
185 39.7739 40.2219 68.0749
186 0.380733 56.2578 108.573
187 0.475152 64.8237 99.9096
188 13.7696 113.129 115.213
189 19.4795 58.3628 104.495
190 17.9749 46.8478 99.9904
191 0.575244 73.8919 111.512
192 13.8783 59.1243 116.015
193 19.8037 62.0337 116.161
194 9.62794 38.7579 108.93
195 8.50312 64.9437 116.127
196 18.9379 59.1384 112.846
197 20.6239 58.7683 99.8597
198 31.0635 78.8316 115.69
199 9.56813 65.1836 9.75203
200 15.3981 100.421 3.30093
201 15.8912 83.8619 6.32005
202 21.0612 78.2904 6.28622
203 17.8733 75.2464 0.180427
204 17.5248 89.5154 0.0252695
205 -0.957348 75.2761 4.83695
206 16.7501 75.3162 15.1766
207 11.5001 75.0972 0.123683
208 21.9842 71.3377 7.54635
209 18.0874 114.641 38.976
210 11.6116 115.081 42.1908
211 0.200602 107.625 76.609
212 75.9163 85.9155 68.4899
213 29.73 66.555 11.8045
214 15.4353 90.8116 14.8252
215 -0.446244 84.0118 39.4526
216 16.8411 92.4805 13.225
217 33.1431 114.334 44.5139
218 34.0843 74.0876 21.7565
219 -0.544203 98.1273 24.9131
220 5.75143 96.0227 48.3989
221 -0.235693 79.2579 57.0047
222 0.151094 64.627 88.6745
223 -0.706984 41.935 34.5137
224 -0.635131 97.5893 22.0147
225 35.1231 57.3979 56.4965
226 -0.326327 55.6617 51.1176
227 7.46296 93.8888 16.3848
228 0.180786 112.861 79.3502
229 -0.805807 52.9699 28.1928
230 0.446263 93.511 91.2257
231 47.0392 114.569 55.9319
232 -0.123976 87.2587 58.9541
233 -0.601585 21.0362 22.7909
234 48.3555 97.2116 67.4989
235 8.72877 34.3648 51.2784
236 10.5016 114.749 88.2782
237 0.166531 90.9332 88.3849
238 0.446582 56.1131 100.095
239 -0.558628 49.9142 30.8575
240 -0.147127 104.216 56.5186
241 0.599436 39.2974 97.4394
242 2.18113 114.596 62.3101
243 48.5383 27.3541 72.2476
244 0.224708 50.3881 85.6173
245 0.320994 48.3972 88.8179
246 0.70486 113.103 93.9131
247 51.0869 33.1464 57.9419
248 45.891 76.0938 61.8195
249 14.4025 99.0562 115.801
250 23.3024 75.1639 79.577
251 1.79114 114.92 56.7571
252 38.2115 54.9821 88.0179
253 28.6488 88.821 70.7175
254 0.842888 22.0593 106.271
255 -0.128738 67.7647 65.4699
256 0.341962 101.594 85.2677
257 2.46419 114.883 93.6223
258 19.3126 100.749 92.0713
259 0.340248 85.1934 99.8516
260 -0.374469 18.7144 39.4931
261 -0.614363 96.9541 53.7906
262 -0.0998999 78.2309 62.6215
263 52.8984 80.3994 99.3836
264 0.0489716 89.8223 71.0545
265 4.47683 16.4995 117.014
266 16.6082 71.259 107.022
267 36.8078 113.41 115.463
268 87.5391 64.3509 80.066
269 47.242 114.904 67.6785
270 16.6814 89.3271 104.062
271 16.4541 87.6363 106.661
272 36.7594 79.8016 115.681
273 3.60141 70.1641 105.765
274 0.8929 87.6408 111.516
275 32.191 81.7655 97.1151
276 32.2773 82.4508 105.463
277 25.2138 89.6571 103.794
278 29.2185 109.524 -0.0901739
279 21.9518 79.682 16.2705
280 27.8779 99.1244 7.36699
281 19.7315 106.684 8.94771
282 15.1832 113.994 7.49839
283 6.36315 100.802 0.280863
284 57.9951 114.613 32.5223
285 -0.21817 114.027 3.28994
286 47.1848 114.711 52.4153
287 -0.629872 66.8395 32.0344
288 -0.715854 75.3012 24.7695
289 16.2238 114.75 72.8911
290 21.8897 114.695 64.8713
291 29.3126 114.195 9.82502
292 10.1277 114.62 41.7139
293 4.56645 114.395 42.0422
294 16.8197 89.7293 13.5071
295 0.230363 47.6828 91.4947
296 74.9172 66.8252 -0.548048
297 14.8039 114.203 24.4589
298 75.9062 115.28 81.7257
299 39.5631 88.929 36.0876
300 26.3495 74.1201 50.6962
301 -0.0931924 112.681 41.4626
302 -0.445476 66.7703 39.6813
303 -0.654338 101.446 33.1805
304 24.282 114.585 30.7244
305 18.2852 114.125 10.163
306 7.38078 115.011 68.6663
307 1.12893 114.532 5.99515
308 40.921 114.496 23.7826
309 55.041 114.457 29.8308
310 -0.460002 80.7357 30.7372
311 -0.355761 87.1522 45.4748
312 44.7349 115.035 64.3854
313 -0.274093 112.481 33.4586
314 36.2892 114.811 70.1951
315 -0.618307 97.8141 8.54276
316 -0.520719 95.5695 31.1087
317 0.584857 104.651 113.789
318 33.1331 114.654 67.5925
319 64.7849 114.79 75.8611
320 23.3431 57.1483 56.8868
321 2.29256 114.67 82.561
322 38.6467 114.767 53.0493
323 24.3321 114.81 56.0052
324 33.3182 114.831 78.9283
325 47.8572 114.711 73.1604
326 -0.318756 92.8044 51.2083
327 0.124937 110.492 85.1746
328 5.26 114.698 76.8143
329 70.7139 64.7541 65.9425
330 0.0562137 95.4275 62.2043
331 16.5837 104.488 115.509
332 87.3403 114.811 71.6916
333 10.5591 114.707 70.5566
334 8.25391 114.928 90.879
335 56.8562 113.233 114.96
336 0.570436 113.263 88.1016
337 22.047 114.877 84.9817
338 22.2976 114.985 90.9037
339 28.0269 105.031 115.372
340 0.695484 101.968 108.027
341 8.28284 101.523 112.321
342 3.71343 107.34 105.221
343 36.9113 28.983 13.4812
344 26.638 -0.658087 19.4048
345 49.3083 -0.679205 16.6453
346 43.9154 15.3706 0.213285
347 57.8558 -0.530193 19.1393
348 40.2575 15.606 17.9997
349 31.9267 12.4741 0.70305
350 40.18 15.5497 21.0553
351 45.3041 23.0437 16.3222
352 27.1687 -0.337274 45.6249
353 66.9928 -0.115579 71.1502
354 44.7935 -0.624414 39.6225
355 45.971 -1.08564 56.7661
356 111.566 78.1179 -0.816623
357 49.9605 29.513 43.6675
358 75.5491 -0.260417 16.1821
359 32.9493 -0.49939 51.9674
360 -0.402371 9.83869 23.1737
361 58.8391 -0.417995 65.9546
362 66.8815 -0.367023 36.6824
363 49.9542 47.3851 49.1703
364 29.0386 61.3897 52.1696
365 27.266 -0.52765 39.8829
366 13.4512 0.0604126 77.121
367 0.381515 15.9292 86.2599
368 75.3304 -0.251127 34.1037
369 88.8752 -0.361628 1.59196
370 -0.21305 36.0117 45.2908
371 32.8156 -0.465873 39.5891
372 -0.0477354 32.414 97.4284
373 30.7342 0.206074 77.6562
374 52.9148 0.00727608 65.4318
375 46.6818 -0.959237 21.4162
376 14.7711 -0.80955 45.9294
377 105.112 0.0827315 73.4872
378 64.5017 0.139699 88.212
379 65.4994 17.4677 59.3473
380 27.5354 0.0772736 94.7966
381 63.6981 7.51739 87.0372
382 59.2505 0.084178 73.9622
383 48.2168 0.507367 113.799
384 42.8859 66.2106 93.8164
385 10.425 -0.0421472 71.8955
386 52.2785 44.9691 93.1365
387 87.6926 -0.225345 90.0147
388 107.692 0.182898 81.4996
389 30.8431 23.9995 95.467
390 43.3739 21.9709 98.2648
391 61.5671 -0.0341679 59.4507
392 74.7257 53.0337 63.0268
393 53.9466 14.103 115.778
394 39.5329 5.13045 116.123
395 48.0937 23.4934 116.402
396 45.5181 26.4235 102.494
397 36.5916 0.553108 114.178
398 42.4335 0.486932 108.454
399 49.2426 24.7647 88.9859
400 62.8446 10.8581 115.925
401 45.2562 22.6703 112.791
402 37.8842 26.3989 0.483372
403 38.1027 35.216 0.0353651
404 23.671 40.7585 0.409355
405 55.4211 23.7037 14.7619
406 55.1946 41.2135 -0.22947
407 52.4325 38.5839 5.94449
408 22.2514 41.245 5.93835
409 38.1095 45.7767 12.0106
410 32.4187 26.8062 0.604172
411 48.9568 35.2512 -0.0710883
412 28.0966 41.3262 8.97499
413 39.6756 36.7755 16.4069
414 54.9742 84.1392 17.1482
415 -0.213114 72.4423 51.405
416 56.8205 29.5852 21.2215
417 40.4065 54.042 13.1234
418 37.9969 42.3831 12.0803
419 29.9322 18.4223 26.789
420 33.7615 51.0268 13.316
421 0.471111 35.9807 91.7062
422 71.2064 58.4799 40.0119
423 -0.583705 12.9506 19.7067
424 60.0541 15.9372 63.7077
425 0.104517 18.7889 49.0684
426 33.9266 48.7117 50.7102
427 61.1079 -0.317843 36.4827
428 32.9095 -0.948238 2.67808
429 -0.241931 70.4625 54.0236
430 24.314 34.5127 68.657
431 89.2893 50.1647 16.947
432 0.14686 1.80149 51.6169
433 47.8835 36.7318 92.53
434 -0.892169 42.8557 45.696
435 37.4068 38.8667 81.3025
436 54.6303 39.7382 79.6164
437 69.234 21.5962 51.994
438 48.2614 40.1739 70.8522
439 93.6497 0.155114 114.869
440 17.9591 46.7909 94.0549
441 0.592724 5.01341 86.5252
442 0.505992 2.01899 75.1507
443 -0.38533 24.0115 28.6747
444 2.42382 0.609561 94.8393
445 48.3577 74.1086 33.0199
446 51.8066 -0.512256 13.6755
447 35.5905 63.5108 37.9028
448 85.6307 42.5221 64.7079
449 0.312861 7.56269 83.2933
450 51.0644 13.2715 75.3515
451 33.0542 42.6475 30.746
452 46.0519 57.7269 70.6586
453 90.1256 43.0141 59.4704
454 -0.213641 61.4791 45.9635
455 49.4363 54.1012 17.9709
456 21.8081 40.0708 67.1951
457 36.2529 23.4818 91.2594
458 0.133571 21.9915 80.1918
459 41.7854 -0.327141 65.1548
460 37.4153 52.9547 52.1256
461 -0.460013 30.2631 40.0819
462 12.3226 -0.330477 48.7981
463 -0.579508 78.2947 42.8472
464 19.3841 0.276937 83.3477
465 60.839 67.4314 77.6509
466 64.966 33.3727 100.968
467 34.7152 84.5015 86.1755
468 69.0479 47.6888 84.9831
469 45.9516 35.0942 102.742
470 35.8322 47.8031 101.499
471 46.2799 20.672 108.49
472 46.675 31.2722 111.298
473 45.7063 33.7695 116.023
474 33.6797 24.2751 104.355
475 51.1073 27.3725 115.871
476 60.7038 44.8514 91.7358
477 47.884 39.1389 101.335
478 49.5405 29.1493 111.173
479 37.9616 54.8665 96.9358
480 38.1482 59.9854 13.8035
481 49.372 63.7653 -0.219315
482 52.0029 68.2491 12.805
483 49.5706 49.571 -0.203362
484 14.7718 51.2459 56.7921
485 44.1029 114.464 44.3986
486 69.9733 114.643 55.8434
487 30.426 59.7145 13.2795
488 54.9636 55.9144 11.3153
489 41.3995 66.2213 29.2093
490 48.4866 61.3068 28.3089
491 21.8052 -0.439587 19.7802
492 28.4152 83.5759 16.2069
493 39.6694 78.4152 29.1625
494 21.9832 35.8433 90.0187
495 47.3801 83.5045 51.6739
496 37.1234 70.4905 42.0332
497 53.396 85.5368 32.9819
498 39.8481 88.8557 44.7497
499 50.4671 39.5882 18.9812
500 74.8123 39.9647 41.8145
501 45.5701 48.2041 47.9152
502 27.1303 22.7235 44.1553
503 17.4798 19.7053 68.4995
504 -0.654111 90.4202 36.7571
505 22.4819 49.8575 15.8535
506 101.42 114.698 43.4974
507 59.1916 114.897 61.2807
508 60.5945 85.8544 64.6489
509 64.7409 71.4861 74.3587
510 39.0822 58.6063 23.5662
511 76.0291 28.8989 63.9253
512 41.7215 92.8314 37.5058
513 29.8498 62.3212 43.6018
514 47.755 72.3823 80.6447
515 20.8508 59.0667 96.4476
516 72.0257 65.7854 96.1985
517 50.5194 94.1785 83.6094
518 73.5364 69.8082 22.7844
519 41.5138 31.4827 43.4071
520 65.7076 56.2954 52.9309
521 53.1797 43.0028 60.54
522 42.0133 39.1362 78.1346
523 72.0941 43.2913 90.6844
524 0.17252 58.9598 89.0299
525 39.2021 60.667 92.9301
526 28.0623 57.8031 102.516
527 41.2139 84.515 28.8543
528 22.0604 68.4636 86.6871
529 40.7768 49.2411 111.412
530 21.2037 38.8631 75.4296
531 30.9668 61.8935 116.077
532 25.1682 57.087 101.44
533 57.2039 70.4017 115.669
534 33.8054 67.7377 101.173
535 48.0366 64.0731 103.869
536 64.8463 54.0424 92.2489
537 32.5056 80.8193 -0.188523
538 43.5375 84.0726 -0.295476
539 25.146 72.0961 7.26216
540 56.9875 70.9109 9.89137
541 52.2513 82.6362 17.7753
542 23.7668 80.8273 0.135181
543 32.2102 55.5077 0.00902435
544 29.741 79.1623 34.8641
545 21.402 44.954 29.4574
546 68.292 65.3806 18.4896
547 42.0245 91.3338 35.8514
548 35.2749 66.3136 20.4253
549 44.0717 42.7149 38.6009
550 55.6857 43.6882 31.8735
551 49.3808 95.0377 22.6892
552 52.6806 77.5374 25.8578
553 23.0226 34.378 36.7051
554 58.1927 47.6007 23.0712
555 36.2001 27.4751 84.0231
556 50.487 88.5005 32.8671
557 21.9995 114.934 75.943
558 48.5003 75.5567 23.4449
559 62.6345 82.8496 24.2435
560 39.6398 83.2198 81.9573
561 18.4793 85.5871 35.2232
562 61.2756 54.4143 43.5608
563 35.382 114.707 42.0167
564 -0.00740569 72.7864 62.7554
565 55.379 106.223 34.3834
566 -0.243498 61.4209 42.6611
567 80.9734 101.935 62.8557
568 42.3976 114.897 96.9809
569 62.3032 67.0755 16.8409
570 78.34 102.771 40.7597
571 9.89961 78.0447 32.3523
572 -1.01918 52.124 48.2932
573 -0.299416 75.6289 45.3057
574 76.3379 41.3565 86.5422
575 36.2647 55.2643 66.6725
576 56.2196 115.031 78.0711
577 -0.371523 60.6776 51.1656
578 65.3242 82.2746 24.2804
579 52.9714 114.799 64.5607
580 -0.24354 58.7262 53.7356
581 49.5304 61.776 95.1629
582 58.0444 77.5968 93.6314
583 64.7468 74.292 77.5472
584 0.138078 82.093 76.7536
585 69.0245 68.5225 75.9394
586 58.8867 62.2422 66.1976
587 46.3095 54.3332 30.2608
588 0.32923 81.6851 91.9421
589 30.6907 86.0818 90.2689
590 53.4696 115.15 95.3238
591 41.589 51.785 58.3162
592 26.6933 85.81 73.6239
593 62.1317 75.5549 86.1988
594 0.374395 50.5325 100.71
595 45.3688 84.7188 103.783
596 70.0491 115.432 74.6197
597 76.5848 67.3763 88.8936
598 21.3383 114.692 39.1869
599 26.9314 95.9612 63.4845
600 49.4137 58.1409 96.5899
601 43.8113 89.018 102.287
602 -0.457906 70.4767 45.7566
603 48.7656 93.1198 109.256
604 40.078 66.2821 88.1196
605 0.520053 24.4985 94.4108
606 61.1902 66.5538 43.0917
607 60.0456 83.4254 84.7936
608 7.57735 71.2722 69.8104
609 53.7848 83.1898 101.975
610 39.0653 79.1179 101.037
611 50.9645 74.2263 103.538
612 42.5052 87.1978 103.806
613 38.2412 73.4608 109.712
614 44.746 87.694 103.749
615 53.7137 79.7304 103.745
616 38.8645 96.7218 7.1425
617 43.7557 114.258 1.68475
618 54.9692 112.366 -0.401035
619 26.6594 95.269 8.89726
620 49.1354 114.406 1.71525
621 53.5393 101.204 13.9663
622 59.205 98.1622 11.5056
623 38.1218 108.329 13.795
624 40.9751 85.246 11.0432
625 37.0257 111.059 4.16007
626 49.5053 102.477 10.2513
627 26.273 114.294 9.92236
628 24.0165 114.167 12.887
629 9.50889 113.944 15.9287
630 28.5721 94.3483 41.9804
631 52.1191 52.5701 96.7863
632 28.2883 25.6139 22.1236
633 28.9297 114.691 24.569
634 74.3818 114.249 3.47224
635 105.814 114.132 0.529844
636 72.8026 114.475 41.2834
637 4.31243 114.64 50.3705
638 0.137964 67.1766 77.3668
639 84.546 115.018 69.878
640 50.2691 114.842 61.6538
641 40.7651 94.9208 87.8411
642 25.454 58.5201 25.7737
643 19.2574 114.777 70.795
644 63.7573 114.254 26.5092
645 1.34335 114.087 30.488
646 81.8431 93.0403 56.9808
647 68.7525 79.8912 52.9745
648 75.9788 114.801 49.4281
649 -0.0114965 109.673 59.4292
650 25.1822 114.78 70.0347
651 42.3611 115.043 90.6315
652 47.6625 114.846 95.4824
653 47.0431 114.56 29.5719
654 56.2161 69.442 83.4664
655 25.1138 114.988 97.0254
656 10.8296 114.956 93.396
657 47.3772 114.724 26.8953
658 53.5677 89.1996 98.4713
659 21.5272 114.597 47.1426
660 43.4053 50.3611 86.2003
661 30.4712 114.933 61.6968
662 24.2672 114.959 46.7985
663 33.5937 114.881 90.0547
664 5.78471 44.6973 116.0
665 13.3789 114.853 87.9039
666 35.7163 114.497 21.2971
667 32.0886 65.2983 88.2062
668 50.8591 95.6988 77.6596
669 53.4856 114.719 81.5715
670 0.156889 101.499 79.3006
671 44.6727 115.034 79.1322
672 10.6443 114.742 79.054
673 50.1381 115.119 70.0545
674 22.4637 50.6099 115.942
675 42.194 115.081 84.998
676 47.4651 74.814 99.1679
677 29.9421 114.707 44.2707
678 78.9929 114.924 75.2539
679 45.3287 104.563 115.365
680 42.6598 90.6264 115.543
681 42.1184 97.6215 107.527
682 43.8399 107.689 109.975
683 36.5774 90.3846 115.576
684 50.7775 115.292 102.187
685 35.1589 104.14 102.124
686 33.3797 115.137 101.76
687 41.8953 115.149 113.409
688 36.8029 96.2777 115.435
689 57.5142 102.078 115.537
690 59.478 113.278 114.945
691 66.5701 4.3284 0.286344
692 69.2326 32.5279 -0.21697
693 79.1808 23.8935 1.09119
694 74.0797 18.4485 6.26325
695 66.412 15.0664 0.0981873
696 62.5798 14.0655 16.168
697 57.8637 -0.243473 39.4001
698 114.518 35.9706 40.7097
699 62.3951 18.3292 13.2432
700 87.9912 -0.058852 73.3685
701 114.504 13.1791 38.9621
702 78.3746 -0.250317 47.3527
703 9.50613 59.7726 0.211156
704 114.513 12.8773 30.1835
705 60.9218 5.67952 12.878
706 63.4718 28.5766 73.6424
707 58.0309 44.5866 40.4746
708 81.7583 -0.273302 33.3832
709 48.5679 32.7428 58.6989
710 42.3062 -0.0219003 88.5895
711 52.7907 -0.429879 28.3089
712 87.6873 -0.00826708 82.566
713 30.262 -0.381002 36.9527
714 60.8644 -0.450191 22.1175
715 76.1257 -0.151252 39.122
716 -0.758977 32.4692 20.2419
717 69.7375 -0.629249 18.5769
718 41.5305 -0.296262 54.2479
719 11.1114 44.4769 116.269
720 50.4922 0.305538 103.042
721 27.2135 -0.105879 56.8771
722 96.2654 -0.0762848 50.0605
723 52.2438 -0.197322 50.9162
724 44.5331 -0.342486 54.5799
725 17.1308 0.189833 97.3498
726 24.9615 -0.0429089 74.721
727 110.609 0.131853 88.2921
728 57.5599 73.1639 71.3774
729 95.7291 0.0453854 82.1797
730 35.5463 -0.398294 54.2446
731 42.2997 0.337837 100.083
732 76.1103 0.440526 105.544
733 83.5532 9.58282 99.4008
734 83.0021 10.5866 109.427
735 83.6028 9.22394 110.895
736 86.5414 21.6162 102.219
737 68.9986 20.5409 108.247
738 67.9453 0.281834 102.887
739 73.4526 24.7479 95.1371
740 82.5326 16.7767 115.477
741 62.3558 19.2518 109.787
742 72.4674 13.6015 110.397
743 80.6849 29.2203 105.068
744 59.4123 0.449299 111.381
745 62.1684 16.1148 115.956
746 62.455 0.106955 102.615
747 59.68 16.3419 115.782
748 71.7928 26.7823 -0.296728
749 72.4037 41.0872 -0.297302
750 88.0415 52.6956 10.422
751 80.1226 27.1567 23.0212
752 72.3656 32.2924 -0.310518
753 63.7902 18.3291 -0.0109859
754 101.035 51.2553 21.5308
755 52.2967 46.7546 14.4237
756 54.6938 57.0308 15.7906
757 41.3732 44.5613 49.185
758 59.565 28.0317 13.2536
759 63.5239 40.0837 44.7192
760 -0.633572 109.259 2.04068
761 32.7155 54.4968 34.532
762 61.2171 31.34 33.3033
763 48.7102 41.4177 53.4712
764 102.994 78.6378 44.8546
765 50.2048 -0.126401 65.6249
766 40.7937 62.7681 16.2819
767 61.4778 -0.329925 42.2719
768 107.633 64.7071 53.9276
769 115.014 18.9824 75.4912
770 75.4945 45.8807 56.3191
771 114.18 49.5223 15.3106
772 102.549 16.2399 33.0697
773 115.432 45.2124 109.97
774 55.622 60.1326 52.9871
775 33.5477 -0.290089 68.3993
776 7.30922 51.6016 59.1355
777 93.815 30.1759 28.396
778 103.649 44.6202 71.3616
779 63.8567 11.9126 85.1393
780 86.2936 81.7623 86.4694
781 0.4239 50.7809 97.6831
782 75.0203 63.0335 76.0707
783 69.1686 45.8646 87.8164
784 107.472 0.212875 64.923
785 74.9383 50.4488 85.402
786 53.4862 44.8194 89.6019
787 66.3402 22.9877 96.6032
788 115.172 78.6364 100.956
789 65.1069 32.0805 95.6273
790 54.161 30.8537 27.5943
791 70.4557 31.8495 75.3455
792 -0.392565 41.2795 31.85
793 115.215 64.9095 89.9272
794 92.1532 15.8383 93.3978
795 99.2126 0.283504 87.8658
796 52.7084 33.1261 78.1903
797 114.772 112.453 80.6449
798 29.3164 67.3081 57.7834
799 56.5815 36.145 95.4634
800 78.0492 41.0882 102.21
801 72.7626 30.3105 40.4226
802 91.3642 8.17709 115.255
803 90.4405 41.7268 80.3368
804 59.515 24.9866 115.726
805 71.1297 30.8776 115.536
806 62.0627 24.9846 106.896
807 83.622 27.93 105.536
808 66.8192 34.6896 102.444
809 82.0822 31.0116 106.501
810 89.8059 49.4913 -0.814012
811 69.8423 58.2147 -0.828008
812 52.252 61.0986 -0.276017
813 59.7097 56.8823 12.8299
814 64.87 62.4583 9.8399
815 72.0775 49.998 8.46447
816 65.3207 59.0496 15.7479
817 92.3469 72.7508 16.7079
818 63.6243 52.1344 -0.373049
819 82.5937 57.0207 12.6087
820 82.4117 45.5119 9.8003
821 46.7414 55.2012 20.3523
822 62.7215 64.6728 41.6313
823 97.154 8.75849 30.2834
824 76.8556 41.3991 43.3768
825 70.9574 75.1182 18.1674
826 75.3225 91.1627 21.6766
827 56.5126 64.0708 5.47281
828 67.3169 86.1297 73.0359
829 53.5911 97.201 21.2516
830 90.4037 58.4241 31.1477
831 89.8172 79.8383 48.6338
832 73.0743 90.4102 54.1938
833 98.2526 23.3067 70.321
834 114.34 67.5804 35.1657
835 67.1326 51.4303 45.4986
836 59.7207 55.6542 30.1502
837 114.279 71.995 20.5707
838 55.547 34.2747 47.4319
839 88.9314 4.50827 79.7072
840 39.4308 28.8767 82.3076
841 78.124 61.3558 31.4139
842 39.8812 72.8783 58.1798
843 45.2155 16.0495 66.8531
844 68.9283 101.121 19.5492
845 63.0928 38.7141 57.7434
846 114.567 104.567 57.8009
847 85.8336 58.9476 47.2503
848 82.9359 51.9019 58.9012
849 80.3548 63.5905 93.2437
850 115.017 41.6362 63.337
851 77.5032 44.3577 84.6151
852 87.4779 54.8227 92.8217
853 66.0746 31.2299 59.239
854 21.9917 109.857 40.5038
855 78.8203 53.9729 65.8475
856 84.2013 76.3812 48.3365
857 49.5194 36.3321 95.2661
858 99.4935 63.1975 93.0754
859 70.7309 70.0893 57.3526
860 59.4072 59.5071 92.2112
861 43.9737 31.6276 88.1766
862 69.5074 66.4129 102.023
863 115.749 4.97433 80.3834
864 63.942 49.2198 93.8482
865 85.2107 43.1654 106.285
866 33.4013 30.0751 89.8753
867 75.134 72.6354 107.837
868 86.5353 44.9457 105.157
869 85.1309 46.4463 103.581
870 81.1449 47.9215 115.973
871 71.4057 67.7892 115.459
872 79.609 55.7683 115.317
873 93.2466 67.5328 97.4095
874 73.7371 63.4761 106.825
875 87.9165 59.5712 115.162
876 89.3251 70.3381 7.95868
877 58.4884 72.3439 8.47609
878 86.3399 89.4773 8.09963
879 65.0119 80.8623 4.36735
880 63.9205 92.4717 -0.651745
881 60.5457 72.838 -0.345012
882 66.9194 71.1603 18.0251
883 63.6152 83.3552 5.28337
884 69.5438 63.5835 -0.64389
885 64.1024 86.8773 5.4713
886 105.191 72.791 15.949
887 73.3925 82.8509 9.57089
888 91.1551 67.4371 35.331
889 79.5522 49.817 17.4886
890 114.76 44.8762 64.5285
891 57.9662 87.0781 14.0739
892 84.0252 114.696 43.8006
893 111.646 60.6605 49.6727
894 81.6637 60.8243 66.2006
895 45.3816 115.018 18.4693
896 78.8152 83.9427 77.4096
897 69.4029 45.8565 58.9517
898 96.8683 92.6492 31.0364
899 80.8344 99.5139 16.5331
900 77.4816 94.995 98.6062
901 69.5027 79.8538 20.5801
902 39.9768 89.8924 37.9181
903 56.2339 60.2368 79.2787
904 27.4167 60.1429 70.973
905 65.7885 68.4642 15.5308
906 86.8653 114.555 24.124
907 47.6631 48.8218 89.8587
908 59.6503 20.1825 21.9964
909 53.0912 114.691 52.5639
910 57.0579 72.9819 30.2322
911 58.8548 43.4867 78.9221
912 44.0765 63.2083 90.8933
913 55.4682 114.502 26.6928
914 64.2816 114.852 43.9004
915 54.5209 47.2798 66.0018
916 86.6422 79.8824 29.7751
917 65.0059 71.9879 97.0065
918 66.0321 61.753 72.6745
919 85.591 95.7795 41.8288
920 77.1675 76.0121 54.1479
921 48.721 75.9085 66.222
922 89.0286 59.8447 55.8523
923 56.1364 69.0222 102.114
924 78.5647 115.084 58.3136
925 58.7736 114.956 75.8489
926 42.8169 67.3938 71.8932
927 84.0777 62.1093 45.7642
928 92.0527 93.8489 84.1401
929 85.5984 84.8983 114.946
930 59.4672 84.8004 115.298
931 80.1254 70.8456 115.285
932 84.5677 86.0669 104.557
933 77.8915 84.8626 104.425
934 68.4646 70.6658 115.558
935 70.8133 78.9469 115.323
936 68.3672 70.6715 106.478
937 68.4454 90.8548 115.32
938 79.4458 99.2108 9.58628
939 58.314 108.186 9.64244
940 56.7629 93.7239 6.85498
941 69.3498 92.1461 -0.697542
942 38.9327 114.394 35.8126
943 114.394 112.427 45.9204
944 70.5507 115.124 69.6149
945 92.7915 115.436 59.4731
946 89.3359 74.9388 -0.918548
947 78.4309 114.693 46.2469
948 72.3957 114.551 24.1282
949 21.4352 114.444 18.6785
950 42.6074 115.209 38.6565
951 112.846 114.685 69.2689
952 61.0793 106.868 22.4988
953 63.1623 84.3163 42.9675
954 114.193 101.495 37.7989
955 63.9726 114.793 55.7545
956 89.4036 114.76 30.1753
957 7.22498 114.525 42.2508
958 98.9716 114.863 72.2407
959 114.902 96.4937 75.3222
960 49.6838 114.716 33.0563
961 44.3249 114.722 38.8509
962 49.8993 114.618 41.5428
963 39.2021 114.913 73.0124
964 99.12 114.969 75.2108
965 45.6403 94.2292 27.2339
966 84.3388 114.795 52.6042
967 49.3801 114.621 18.394
968 80.5637 80.1321 44.1363
969 114.592 76.2065 46.5897
970 78.9983 71.3116 29.9157
971 55.5514 114.597 49.8531
972 87.9129 115.17 63.9523
973 70.1602 114.684 32.4228
974 113.812 104.165 3.46782
975 55.518 115.04 72.7116
976 71.39 60.6053 61.9243
977 78.8841 114.742 69.8101
978 13.8997 114.97 104.653
979 81.0151 77.0196 32.1257
980 59.2451 114.996 81.4755
981 76.3688 115.057 83.9653
982 69.7252 114.458 29.9736
983 0.420077 101.667 94.27
984 30.6589 115.099 92.557
985 79.2017 115.453 88.437
986 115.608 70.5345 100.792
987 65.6854 82.1168 52.8994
988 33.7522 73.7441 115.778
989 115.161 67.8641 87.6069
990 56.5421 114.988 87.6844
991 73.0956 114.81 60.8135
992 66.0732 87.9997 75.8975
993 94.2193 102.029 114.297
994 70.9215 115.045 104.476
995 50.1877 88.8156 51.2083
996 71.9091 94.4511 101.683
997 90.0479 114.703 46.3012
998 67.485 101.984 114.785
999 62.1552 115.27 110.004
1000 76.5007 107.675 114.676
1001 65.1388 94.2371 115.239
1002 90.818 90.8065 114.729
1003 57.9819 90.4272 111.482
1004 85.0936 115.11 104.123
1005 50.8314 115.236 107.251
1006 95.8259 104.917 105.571
1007 72.3612 105.935 110.141
1008 113.922 12.5575 0.886952
1009 105.645 19.852 4.18602
1010 87.8859 19.3003 7.16915
1011 106.641 -0.373911 10.2155
1012 89.1617 3.32026 -0.549942
1013 96.7306 17.2652 10.065
1014 93.7435 20.2682 9.99131
1015 114.739 58.2719 29.5538
1016 87.0027 -0.56139 41.2123
1017 58.9707 0.163048 88.5472
1018 92.2467 11.563 10.1194
1019 87.1405 -0.380326 33.5668
1020 77.5731 81.4198 25.6362
1021 71.1273 12.6742 20.9141
1022 115.035 84.8462 81.1538
1023 87.3158 -0.26517 59.5657
1024 114.248 4.97237 32.9328
1025 114.78 47.1008 49.908
1026 24.2627 -0.501555 37.0959
1027 114.39 47.1698 40.9246
1028 98.1825 -0.323381 39.1282
1029 88.2941 35.5637 33.1206
1030 78.7967 -0.739061 13.4556
1031 112.967 0.557569 96.6186
1032 115.203 10.0388 75.9882
1033 95.6444 -0.127561 33.4781
1034 115.443 18.7857 110.12
1035 114.244 1.23189 36.0841
1036 97.7744 -0.351282 10.4124
1037 112.742 0.00752918 38.7882
1038 114.953 27.5628 70.4554
1039 97.3233 81.1756 61.0045
1040 114.746 55.7727 58.2807
1041 107.776 0.334087 76.4232
1042 107.761 0.13223 70.3318
1043 98.2519 -0.323566 24.5481
1044 113.957 4.12592 10.0626
1045 35.0616 -0.676777 33.7847
1046 84.5402 -0.128571 78.9286
1047 71.3514 47.1723 29.2942
1048 114.689 30.3345 52.605
1049 87.9479 1.69894 115.519
1050 76.189 -0.0803164 65.413
1051 115.296 8.1541 78.8077
1052 115.582 6.20701 90.4247
1053 115.384 33.1793 95.6353
1054 105.181 0.282881 96.1049
1055 86.7862 -0.306601 45.0278
1056 52.8067 -0.336721 53.9664
1057 101.078 -0.298083 15.9584
1058 76.7419 8.26426 115.394
1059 94.9024 -0.476519 27.4127
1060 58.7769 25.7543 54.5082
1061 115.111 41.6346 86.7572
1062 100.322 47.5453 78.194
1063 115.156 101.944 101.233
1064 93.8241 7.16576 115.893
1065 107.586 0.505687 104.95
1066 100.648 5.07559 104.087
1067 115.305 13.855 104.524
1068 113.706 5.23523 114.834
1069 100.179 16.2181 89.3267
1070 91.9829 35.5382 -0.729972
1071 89.3228 43.2394 -0.694749
1072 92.3426 18.8005 2.76695
1073 99.6769 45.9405 15.5514
1074 100.75 42.6467 2.63026
1075 99.3826 44.4514 3.8003
1076 104.03 32.3989 11.1184
1077 86.6646 31.9927 11.4313
1078 102.806 38.3173 11.022
1079 82.6898 53.994 35.6002
1080 75.6864 88.8327 51.9922
1081 114.144 38.3409 12.7854
1082 76.5786 58.4797 37.4383
1083 113.901 35.6825 3.98315
1084 114.568 30.2217 49.7665
1085 115.231 33.4588 90.4392
1086 85.9519 81.8817 72.868
1087 109.7 114.414 40.3111
1088 114.288 38.8645 20.9866
1089 114.259 18.2978 24.5247
1090 82.7843 27.5069 39.0894
1091 62.0686 41.4705 46.2535
1092 114.927 50.2789 67.0305
1093 58.1889 51.477 48.2515
1094 94.6117 30.0183 22.8133
1095 114.615 98.9256 54.8566
1096 114.788 64.3448 49.6443
1097 115.328 98.7095 109.758
1098 90.3346 22.0894 57.4987
1099 114.571 7.69789 56.2613
1100 115.002 41.7815 72.7864
1101 114.542 21.5772 41.8282
1102 114.149 24.3967 24.2605
1103 115.122 12.9288 75.6431
1104 85.8677 49.7413 58.6724
1105 114.688 12.4605 47.0448
1106 67.0463 -0.565291 16.4262
1107 82.9079 31.5684 53.3493
1108 114.067 55.505 21.5081
1109 114.789 72.3564 46.6287
1110 110.258 2.34225 115.182
1111 114.623 64.3421 46.6701
1112 50.2609 27.049 81.0391
1113 114.617 22.0632 44.3376
1114 107.067 38.6006 71.5106
1115 108.86 16.1248 72.3264
1116 115.576 25.0427 104.588
1117 89.9074 25.383 48.9314
1118 98.4755 59.9498 15.6277
1119 66.5866 30.3874 78.0296
1120 72.032 48.0183 96.6944
1121 40.4726 20.5609 79.8621
1122 84.6753 -0.143308 93.548
1123 114.65 70.1325 52.2476
1124 95.0067 38.8281 87.5188
1125 114.858 44.9006 84.6149
1126 114.898 27.5372 72.4832
1127 92.1125 32.4054 101.91
1128 112.978 0.451041 64.3671
1129 102.39 44.6399 105.991
1130 111.222 25.0163 114.792
1131 113.853 39.4092 114.626
1132 107.918 46.2413 95.2451
1133 115.272 42.519 104.602
1134 105.122 44.9908 114.999
1135 105.044 35.004 100.449
1136 84.9744 59.4003 115.264
1137 92.1754 55.1124 8.27657
1138 106.626 54.1016 12.5853
1139 91.9436 52.6339 -0.548536
1140 102.952 57.0445 15.3357
1141 114.175 58.3877 12.2004
1142 114.12 32.9429 15.3482
1143 113.954 43.942 6.92413
1144 90.773 54.415 12.6112
1145 89.7899 52.9789 14.0639
1146 114.394 64.7528 12.0949
1147 24.6867 -0.73999 5.73369
1148 102.381 58.2658 8.32873
1149 65.7018 65.6447 18.5054
1150 63.8628 68.5506 41.4228
1151 93.9954 0.0802599 76.3332
1152 114.835 27.316 29.409
1153 113.985 41.1358 4.21663
1154 114.745 95.6976 55.1802
1155 114.661 81.6369 46.9002
1156 35.8275 104.761 63.3191
1157 113.931 64.4056 6.5277
1158 114.566 70.1444 50.2809
1159 59.6006 63.5547 33.0243
1160 114.459 61.5273 43.6076
1161 115.436 47.5339 59.6972
1162 112.981 0.202345 55.7514
1163 57.5057 2.64043 50.9809
1164 115.127 49.9398 83.9653
1165 114.435 112.452 52.1266
1166 69.5896 69.8597 28.5019
1167 115.481 36.3351 104.482
1168 83.3889 67.4231 77.5002
1169 81.6934 62.2061 63.0877
1170 114.808 55.3401 66.981
1171 114.759 27.9949 58.4996
1172 115.021 92.7897 80.9292
1173 98.5913 59.1616 51.2651
1174 114.963 47.6938 67.4611
1175 92.4658 73.2666 80.1191
1176 114.029 53.0036 9.48808
1177 83.4252 75.2803 67.0582
1178 109.275 14.674 90.2446
1179 114.571 13.0286 55.6079
1180 115.482 19.4771 102.189
1181 63.1804 48.6603 53.3195
1182 79.4438 42.9684 50.3137
1183 115.26 76.9047 81.1908
1184 69.2502 25.9534 50.4428
1185 87.6762 57.833 74.6828
1186 114.807 104.654 77.8337
1187 114.913 35.8016 67.2541
1188 114.894 32.7432 72.9265
1189 115.003 16.0949 69.9566
1190 114.874 53.4588 61.1862
1191 114.828 70.2513 72.53
1192 47.9431 69.8696 92.3911
1193 115.075 82.491 86.666
1194 66.0529 43.0185 67.7267
1195 43.2466 110.724 115.504
1196 46.6981 75.9951 89.5234
1197 70.4934 42.759 83.6529
1198 99.4319 63.2691 95.607
1199 54.803 71.8963 76.2906
1200 99.2226 60.5068 97.5181
1201 84.5135 56.4045 109.226
1202 87.5235 59.113 109.075
1203 108.073 56.6015 114.702
1204 98.3669 68.899 104.538
1205 93.7414 57.0136 115.075
1206 108.077 64.818 114.568
1207 81.3526 83.7434 -0.85866
1208 89.1913 80.5875 -0.878521
1209 100.878 90.0087 7.99445
1210 113.766 75.3944 3.50112
1211 86.7139 88.4192 25.4444
1212 106.564 82.4395 10.5747
1213 86.5063 80.4847 -0.974706
1214 78.0147 69.8165 19.8409
1215 86.3979 76.8434 10.567
1216 113.819 87.0232 0.651306
1217 112.768 114.605 49.4768
1218 114.515 87.4292 54.7793
1219 34.2434 59.9292 18.9228
1220 64.062 114.895 49.9124
1221 107.018 34.4246 47.0498
1222 115.02 61.6297 78.1838
1223 43.3079 72.7373 -0.345788
1224 77.3098 86.815 11.0623
1225 81.7086 95.7234 39.7405
1226 115.196 8.20504 93.4724
1227 95.4747 114.679 49.594
1228 114.951 65.5258 40.9112
1229 114.891 61.285 61.0421
1230 78.3859 55.6073 22.6978
1231 114.71 56.0323 49.7288
1232 114.155 72.9468 8.88007
1233 114.61 89.8214 38.129
1234 114.881 38.7567 46.7398
1235 114.593 70.0517 43.7876
1236 114.334 81.6312 38.0512
1237 72.9763 59.267 48.931
1238 114.793 87.2101 69.7322
1239 68.1017 9.703 -0.309659
1240 92.5458 40.105 28.4383
1241 115.326 89.9634 92.4692
1242 115.047 87.6679 64.2395
1243 114.638 77.3534 26.3494
1244 75.1634 70.0719 48.7084
1245 115.42 87.6064 98.5123
1246 114.542 78.3062 34.426
1247 112.445 56.3253 115.246
1248 114.234 86.8604 26.5739
1249 67.5385 68.9844 74.9644
1250 114.995 79.1726 114.494
1251 61.4444 64.1525 34.4675
1252 56.289 83.7488 83.1902
1253 104.946 114.611 75.1297
1254 44.6921 114.927 70.2254
1255 90.1592 20.6757 99.3808
1256 115.208 92.9484 92.3929
1257 89.1165 115.669 95.5008
1258 114.752 104.59 86.092
1259 68.894 51.8729 93.527
1260 43.8309 81.8826 97.6266
1261 93.977 115.2 104.121
1262 114.458 104.424 66.2006
1263 86.4548 75.2303 101.811
1264 114.697 109.732 72.4645
1265 102.343 44.084 115.266
1266 107.819 76.3231 102.761
1267 88.1749 73.7293 114.818
1268 115.348 73.8378 101.39
1269 93.784 69.1477 115.613
1270 115.362 87.6816 104.074
1271 107.901 79.4294 102.734
1272 96.3568 85.1182 108.551
1273 93.3213 85.1855 108.656
1274 109.277 81.6318 109.98
1275 93.5493 60.6118 101.684
1276 115.34 82.2 107.147
1277 96.5248 88.0095 114.773
1278 82.4046 80.565 106.681
1279 105.27 90.5075 105.501
1280 105.132 76.2324 111.448
1281 110.848 92.3557 6.47818
1282 95.0865 114.164 12.2103
1283 112.088 114.151 6.30783
1284 113.966 97.6246 14.7856
1285 99.3837 109.576 12.9807
1286 114.57 49.8753 46.7026
1287 114.751 93.025 69.2329
1288 114.731 44.4173 37.8977
1289 109.469 114.468 32.1798
1290 114.336 24.4618 26.8994
1291 114.374 49.9115 20.4407
1292 114.15 53.0683 26.4348
1293 92.6925 83.1269 45.8523
1294 112.105 114.319 32.0805
1295 113.882 69.5373 3.85114
1296 92.6501 114.736 46.8317
1297 114.176 104.009 26.6376
1298 114.706 95.6575 72.2425
1299 101.346 95.3987 56.5154
1300 101.325 71.1888 45.3052
1301 114.545 84.6962 60.4391
1302 114.503 98.577 45.9757
1303 110.212 114.763 86.4458
1304 83.7709 114.366 26.2719
1305 83.8 114.377 17.8654
1306 17.7185 114.097 5.05816
1307 84.1606 85.1106 51.2484
1308 110.129 114.697 80.7766
1309 90.3763 114.906 69.7227
1310 64.3276 114.926 64.3281
1311 98.544 100.117 61.7858
1312 114.234 33.0659 23.9009
1313 87.1308 114.952 81.0677
1314 67.4159 114.913 92.9639
1315 114.868 104.579 69.3357
1316 61.4649 72.3784 28.5946
1317 115.074 109.565 86.2188
1318 104.677 114.725 66.6393
1319 78.9492 71.8013 74.9827
1320 114.917 81.6981 77.7648
1321 115.785 62.3292 83.4415
1322 115.132 39.4276 89.873
1323 99.2276 115.202 100.607
1324 104.946 70.4633 114.87
1325 66.9937 78.8073 71.6328
1326 115.128 70.4546 84.8303
1327 104.834 30.8465 115.03
1328 115.326 90.9294 112.316
1329 115.759 87.8333 106.953
1330 96.2373 114.815 89.2679
1331 84.8772 115.201 95.4264
1332 115.126 110.406 100.768
1333 96.3041 110.306 102.483
1334 103.564 96.2159 105.354
1335 87.7022 106.964 102.673
1336 114.306 104.71 114.111
1337 115.223 101.46 109.382
1338 115.15 101.783 106.342
1339 105.473 110.286 114.513
1340 115.047 109.946 94.9194
1341 85.2207 94.6701 95.9619
