0 26.3534 -0.212688 86.6259
1 9.34195 0.19718 0.218631
2 6.91773 10.1165 7.12506
3 3.19045 13.3553 48.2807
4 64.3306 64.3349 122.534
5 10.5857 -0.0604957 76.3624
6 0.76212 9.10475 -0.902725
7 43.8143 27.9413 6.82072
8 14.17 -0.00906127 4.98969
9 39.7095 15.1049 -1.03198
10 41.2644 32.7928 122.465
11 58.5222 113.762 60.4095
12 45.7139 30.2279 -1.10454
13 41.1793 16.1767 -0.999826
14 114.057 15.1535 107.28
15 9.03738 28.2954 -1.11925
16 25.9315 -0.0940742 53.6921
17 -0.574303 19.3638 0.29538
18 38.3966 29.578 -1.03709
19 30.0947 9.7392 -1.37343
20 40.9132 114.932 9.89254
21 42.4583 -0.177715 66.2728
22 13.5522 2.44724 -1.40763
23 35.0151 -0.260193 15.3623
24 39.57 -0.217597 2.36523
25 5.05443 3.83532 28.1744
26 62.5116 17.1519 10.5521
27 36.5208 -0.039699 27.1846
28 75.054 113.754 46.466
29 105.44 17.6495 122.146
30 15.2649 112.765 -0.42008
31 23.076 68.2013 -0.61327
32 31.1611 15.2936 -1.0321
33 5.9263 68.1979 41.5041
34 62.3375 -1.32747 107.537
35 40.1072 53.718 122.444
36 2.01988 5.28721 68.6656
37 35.0643 -0.258724 7.19265
38 86.1883 -0.827564 46.8652
39 19.3109 114.273 84.7719
40 20.5629 1.5024 -1.11995
41 114.561 36.8503 121.612
42 43.7991 -0.141119 16.7405
43 22.7298 114.112 95.9646
44 2.21167 15.0851 70.4873
45 34.6806 -0.465806 75.2092
46 33.6977 0.0939806 38.2689
47 111.896 74.1107 -0.594405
48 -1.77529 4.2476 -0.283577
49 114.681 22.4958 0.547973
50 3.69096 29.2101 44.6004
51 9.42735 8.52469 -0.959796
52 30.479 -0.0113921 51.7764
53 73.4335 0.84503 122.201
54 -0.790728 2.65593 120.964
55 105.635 -0.980815 24.1852
56 7.14444 49.938 32.13
57 2.46882 20.2771 -0.826375
58 63.421 -0.457288 23.6576
59 25.3493 -0.0223613 65.956
60 65.1935 0.944826 104.024
61 93.9381 17.5865 -0.988236
62 4.73301 9.26211 38.42
63 86.713 -1.4586 116.718
64 114.323 16.0728 10.2486
65 36.6033 114.958 12.4027
66 33.9686 -0.118134 61.1948
67 66.2762 -0.477836 42.0568
68 1.08563 105.375 19.829
69 112.237 76.5689 65.2447
70 113.355 37.8467 33.6337
71 85.196 0.264331 101.807
72 111.424 66.4612 57.7301
73 11.0041 -0.0973674 14.5274
74 -0.455886 17.6882 17.4268
75 45.6248 114.2 33.0734
76 37.8392 -1.04871 108.349
77 89.8463 7.90489 122.239
78 10.7229 2.54405 121.882
79 76.6895 -0.73713 68.7887
80 87.1735 1.04313 97.0979
81 51.0886 -0.196268 26.4639
82 47.1075 -0.523519 71.7201
83 8.11425 115.186 20.4111
84 76.0055 -0.727937 48.7111
85 29.9673 -0.143045 60.1259
86 36.4006 -0.413135 87.4329
87 29.1473 -0.833585 104.037
88 109.326 -1.13118 11.4875
89 69.4927 3.08691 121.859
90 39.7518 0.0956146 31.1096
91 28.2714 -0.143158 33.6273
92 114.691 75.1648 17.5644
93 -0.979464 9.99322 116.797
94 110.923 99.9767 122.851
95 -0.312238 20.71 106.596
96 71.439 1.25234 92.256
97 85.0511 36.7172 122.814
98 12.7985 0.0323451 57.9838
99 2.49895 53.5979 72.7783
100 35.6804 -0.267685 54.6451
101 0.208908 30.5353 100.887
102 76.2535 -0.454887 21.88
103 109.432 6.61813 88.9956
104 92.1139 -0.820524 39.467
105 90.2397 -0.703666 21.9241
106 91.8682 -1.09994 87.2948
107 6.1225 88.1417 122.587
108 28.1021 18.4013 -1.1281
109 1.9926 -0.179181 107.213
110 112.82 102.859 93.7485
111 39.4189 -0.811972 102.443
112 43.6265 14.881 110.303
113 -0.381221 63.6898 120.989
114 21.7232 15.2396 110.147
115 -1.2064 1.02316 110.987
116 37.0751 -0.401394 58.1144
117 29.1329 3.32812 122.162
118 9.36505 24.2721 122.164
119 6.14048 -0.49635 108.304
120 29.2484 0.399906 121.91
121 57.9795 -1.18266 120.807
122 17.5627 7.76583 122.139
123 8.25205 0.0978314 61.194
124 101.299 114.078 7.19918
125 2.96975 39.3231 62.3583
126 2.1259 0.466507 1.95286
127 46.7285 15.6718 109.457
128 42.1464 6.93806 107.93
129 32.5 20.4774 117.262
130 2.53804 13.7427 52.6125
131 6.75148 25.268 109.711
132 20.9976 9.75322 111.497
133 29.5667 23.6039 122.063
134 42.6191 31.6384 114.778
135 39.6513 14.2432 122.328
136 89.6768 0.222826 -1.16558
137 46.6697 11.2717 112.759
138 74.6511 -0.603699 74.9663
139 25.2954 20.0239 106.65
140 36.2891 5.19693 122.083
141 59.9395 -0.453473 85.0943
142 38.03 6.43714 115.422
143 34.0656 8.72849 118.402
144 17.9862 -0.737275 108.25
145 7.55238 5.59792 122.034
146 23.3813 -0.894599 117.569
147 14.0403 17.5543 122.43
148 52.5175 12.3841 122.045
149 -0.641614 26.7118 105.072
150 42.4273 9.18217 122.035
151 45.3852 1.06508 122.3
152 37.868 8.36627 122.235
153 12.3565 20.9464 122.219
154 100.973 11.527 -1.149
155 42.6165 114.291 28.8997
156 95.9583 47.6119 122.395
157 55.4359 -0.314671 38.4867
158 13.134 50.5806 13.1056
159 45.906 58.938 15.9997
160 29.5716 -0.00136099 3.77466
161 112.614 0.181859 31.3775
162 34.1403 39.9947 -1.21502
163 22.8595 50.4322 5.02563
164 48.4175 38.464 -0.970511
165 -0.0340001 86.3956 2.44558
166 36.8769 35.722 -1.01903
167 56.8506 -0.314452 66.6483
168 25.0217 54.461 10.9904
169 26.9091 25.3198 -1.29676
170 38.6623 49.9611 7.59262
171 2.44205 0.163283 102.784
172 24.6339 -0.15382 41.95
173 3.76747 48.7057 7.38673
174 68.7387 70.6043 -1.17703
175 31.0263 34.3527 7.20632
176 81.6215 -0.796377 27.2262
177 44.3575 50.4462 14.5627
178 22.4192 114.528 80.7368
179 17.1088 43.9027 -0.752345
180 12.534 114.951 59.1819
181 39.3776 6.22284 122.243
182 56.6963 114.534 13.1496
183 0.403529 25.9819 101.182
184 45.7943 35.7695 -1.33553
185 16.104 56.7427 20.9918
186 -0.552775 29.394 6.32588
187 3.25857 102.745 22.3624
188 28.6078 39.9899 -1.0267
189 51.2114 31.4949 -1.02511
190 102.036 -0.691826 17.6425
191 22.839 45.8951 6.26175
192 5.18602 89.4912 67.2579
193 -0.444599 53.9597 18.4095
194 27.2063 52.1089 19.0026
195 -0.260501 53.8847 6.39273
196 41.1789 48.5673 -0.984533
197 9.56448 52.4822 13.3113
198 47.2079 40.0137 15.1878
199 8.66743 68.6781 -0.817463
200 51.6885 113.969 62.1859
201 114.824 72.1097 115.125
202 52.2111 -0.363207 45.2347
203 6.18843 54.734 41.5471
204 78.2954 28.3924 122.634
205 24.9417 59.6684 122.559
206 45.3113 18.3424 122.078
207 88.2521 104.863 -0.352302
208 38.9988 -0.681943 92.9237
209 110.596 9.90842 44.4321
210 -0.0446765 97.4345 119.587
211 6.61487 14.4092 23.2008
212 112.38 84.4712 61.4415
213 7.18339 0.304049 58.934
214 0.532596 53.21 102.839
215 52.3768 113.977 108.357
216 55.2773 -1.00896 105.053
217 110.073 68.3181 75.8633
218 5.09318 97.4541 33.5233
219 66.6784 4.89708 -1.23305
220 115.507 94.3424 12.8031
221 89.4161 113.856 19.5782
222 34.9038 -0.0946682 3.17306
223 64.6152 -0.646449 76.5107
224 86.7952 15.86 -1.1092
225 113.895 62.128 25.7325
226 95.0908 -0.910058 61.9299
227 82.1959 -0.800022 76.3302
228 0.883798 9.08658 89.364
229 21.5566 65.4589 122.74
230 52.2495 -0.221213 41.8599
231 46.8642 113.639 76.4962
232 115.438 84.5179 14.366
233 103.328 -1.16709 42.9398
234 113.709 39.6092 26.9006
235 0.0362514 87.701 20.1717
236 5.36319 55.4968 48.6703
237 19.4577 114.495 114.743
238 2.62708 5.07175 59.902
239 11.5841 114.453 90.7292
240 0.562089 114.15 3.05686
241 48.8516 69.8913 122.686
242 2.08506 63.6117 79.456
243 5.76654 81.6234 51.1281
244 4.91866 0.313519 10.4002
245 80.5941 -0.745509 46.6774
246 6.06074 79.6145 37.2283
247 48.1702 114.01 45.791
248 112.021 96.3685 73.9139
249 0.87373 55.8987 95.3985
250 75.1715 113.474 72.7589
251 6.79668 31.8649 30.0746
252 43.4941 98.3297 122.815
253 109.805 16.2691 63.0164
254 5.58275 73.9 46.5424
255 0.15444 107.562 121.543
256 43.9758 -1.01676 100.962
257 100.858 0.547561 -1.17936
258 65.4854 -0.334282 63.0252
259 33.4385 -0.0499823 47.5352
260 48.0784 113.491 -0.358952
261 110.747 44.5134 91.5636
262 11.0929 0.00368966 82.8141
263 2.39412 49.2853 73.2056
264 0.0469309 48.461 107.349
265 6.53858 114.439 112.384
266 2.7033 82.3812 22.2982
267 83.4251 74.7671 -0.397625
268 66.0987 59.3136 -0.857391
269 6.7142 21.5831 32.3881
270 0.372238 101.966 111.622
271 3.69998 107.723 -0.0711311
272 109.476 31.5125 48.1615
273 43.2056 -0.144534 46.1164
274 -0.597972 33.1347 5.94175
275 4.13031 0.326117 80.434
276 7.00139 45.6235 28.2947
277 1.35321 85.7314 98.5929
278 58.7781 0.54735 122.242
279 110.014 27.5857 122.066
280 58.0452 113.867 107.122
281 72.2341 -0.707018 70.627
282 58.5258 113.988 28.8066
283 113.494 21.6272 25.5842
284 4.01371 110.495 69.6984
285 69.2467 -0.632126 46.9837
286 44.2625 39.9225 122.462
287 114.971 74.153 121.295
288 -0.581109 30.8197 112.816
289 5.80519 92.5433 -0.234862
290 38.3443 41.7441 119.069
291 26.0132 43.1933 108.586
292 34.6689 -0.25622 72.5612
293 26.8041 44.0271 122.527
294 54.9805 -1.1983 109.557
295 35.2331 53.4763 122.69
296 42.7964 38.8593 122.459
297 73.6432 113.622 44.5435
298 4.74632 50.1143 118.383
299 29.7676 35.6398 122.319
300 4.94233 53.7717 54.6495
301 42.6619 36.0204 111.148
302 17.8788 57.9475 104.316
303 98.0458 106.084 122.907
304 112.108 58.6941 97.7888
305 49.8812 32.7121 122.401
306 27.2959 69.4458 122.562
307 16.0662 47.884 122.575
308 90.7222 -1.12389 72.1975
309 11.1668 40.3199 115.907
310 -0.467418 49.0197 110.949
311 37.7185 -0.399435 71.5974
312 47.0924 44.4545 122.366
313 44.2873 49.7547 112.256
314 1.19002 56.6595 121.896
315 19.9044 54.0261 122.542
316 17.034 30.9572 122.289
317 13.0578 27.6388 108.133
318 113.458 110.333 50.9444
319 12.5775 0.146681 63.3685
320 18.9311 33.366 122.504
321 63.8493 113.645 76.4915
322 3.37179 19.2022 42.7484
323 61.0838 -0.477399 12.2629
324 14.7907 80.5625 -0.628123
325 98.1578 113.287 115.416
326 30.1459 67.0737 6.59369
327 42.0095 64.7895 -1.03034
328 23.6452 114.675 63.9872
329 0.251917 94.1228 10.8881
330 37.4437 69.5937 9.95906
331 52.4109 114.813 15.4165
332 23.1403 67.2503 8.54036
333 43.4038 80.2173 -0.705807
334 114.328 7.66999 111.606
335 10.849 109.073 122.955
336 30.3231 70.1659 -0.681659
337 45.3864 113.683 96.5829
338 56.2762 76.9714 12.708
339 28.1585 114.321 24.7331
340 -0.00532258 83.4988 121.168
341 31.5704 59.2289 -0.728774
342 3.51106 -0.649352 120.286
343 35.6194 72.4311 10.9965
344 21.4108 61.0469 -0.686484
345 0.154072 17.8666 98.9697
346 19.6157 86.1731 62.8618
347 54.7722 79.2111 11.7056
348 46.5683 78.8125 9.32331
349 19.0604 82.6949 -0.724979
350 0.0095404 73.871 2.5593
351 109.55 112.98 116.195
352 113.492 42.3606 30.2327
353 11.4808 69.0057 5.41732
354 45.9809 68.2504 -1.10427
355 4.36459 102.018 65.388
356 24.3334 57.4558 3.88704
357 115.496 93.2582 18.7182
358 4.17855 111.676 72.0372
359 39.4383 84.8626 3.31625
360 5.1768 75.5561 61.217
361 30.4182 73.2602 15.8797
362 1.30308 37.4522 85.5973
363 0.725472 82.0981 102.601
364 112.983 77.9406 46.548
365 0.193358 97.8119 115.363
366 0.158713 46.6249 101.103
367 106.166 112.801 94.4757
368 13.1452 114.945 39.4426
369 35.0223 114.346 108.316
370 77.3845 113.906 32.0364
371 8.02007 114.551 117.79
372 78.3417 -0.637905 34.2374
373 12.3479 12.7027 122.132
374 42.5619 -0.320174 13.4531
375 11.2179 114.262 106.275
376 -0.240345 43.9042 12.5627
377 30.2509 114.375 85.6599
378 6.37043 99.6999 29.3792
379 61.1933 113.962 77.9377
380 24.9683 113.81 104.835
381 98.1192 113.454 60.7559
382 5.32429 0.214834 83.7703
383 19.7448 23.8699 -1.35476
384 60.6459 106.241 122.789
385 4.72986 99.3286 35.6964
386 1.73088 77.3394 21.246
387 51.4291 46.349 17.0641
388 71.3987 113.512 61.9153
389 61.2703 29.4754 -0.977141
390 108.674 41.8438 122.32
391 33.3691 -0.723562 106.1
392 110.94 35.9886 95.0356
393 112.907 49.6954 37.7802
394 13.9278 30.8205 122.213
395 70.3103 75.8864 122.781
396 0.239556 36.4832 101.857
397 3.36188 -0.444506 112.473
398 18.2223 114.459 79.6569
399 113.292 71.6743 105.851
400 4.42421 85.9577 75.5189
401 9.43524 114.787 60.0083
402 6.67026 17.5664 32.0845
403 3.19814 73.3825 69.7056
404 54.4967 36.022 19.1282
405 9.93907 84.5805 122.924
406 63.6464 110.293 123.075
407 80.256 113.269 99.6091
408 96.5539 57.4628 -0.950822
409 39.649 114.336 30.0459
410 15.1698 115.22 10.3773
411 109.147 1.77635 94.6495
412 3.18077 86.1714 22.4671
413 106.439 113.241 77.673
414 6.24915 0.758866 36.0456
415 115.741 90.5339 117.074
416 5.10477 -0.135888 88.0918
417 66.2159 102.691 123.063
418 68.1125 113.782 105.038
419 4.9319 2.21191 122.005
420 2.91306 82.8109 122.438
421 72.5624 113.407 106.697
422 -1.04651 15.0203 3.92768
423 13.3014 114.355 98.7905
424 4.92801 17.0401 38.552
425 40.1729 62.9685 122.345
426 1.38182 14.8086 79.4485
427 24.5163 -0.330186 96.7886
428 22.6327 114.96 28.5575
429 111.306 43.2086 102.162
430 114.339 96.4422 23.8091
431 111.106 58.1873 48.2812
432 102.962 37.8282 -0.88205
433 52.9098 -0.395935 82.3864
434 7.6893 88.7734 122.752
435 0.977691 17.1989 89.2734
436 29.3662 114.798 57.2029
437 -0.533879 43.3847 8.19491
438 93.3668 113.358 76.7659
439 35.5514 37.8904 -1.22261
440 35.9528 85.2472 50.2107
441 -0.852304 6.14118 120.296
442 15.939 73.6061 113.945
443 4.24395 64.6991 122.198
444 37.9392 -1.14581 116.598
445 14.4548 86.6012 122.438
446 2.99944 70.8061 113.486
447 1.80621 1.48676 68.3883
448 17.0971 56.0851 112.245
449 45.7508 59.3616 122.816
450 49.3684 73.8579 108.648
451 -1.03793 5.46647 13.5982
452 44.7821 77.931 114.801
453 40.4407 82.7138 109.852
454 53.0806 84.044 122.856
455 25.464 114.639 110.507
456 36.1743 114.043 86.9936
457 28.6945 62.2293 122.511
458 55.9417 59.7565 122.536
459 14.3071 74.3695 122.674
460 -0.250291 61.0266 111.409
461 62.353 0.816479 122.123
462 44.4115 63.9857 122.761
463 44.396 51.8922 122.641
464 56.0192 63.7886 122.696
465 -0.835908 26.2969 109.398
466 20.1598 71.4714 122.513
467 33.3611 -0.213646 69.3775
468 3.10513 73.2888 110.991
469 -0.0858668 39.4216 105.334
470 35.7927 60.4454 114.002
471 0.771714 112.936 112.064
472 12.7228 114.842 77.9306
473 29.5677 71.7915 116.71
474 25.5157 84.1082 112.79
475 113.206 110.568 43.215
476 45.1518 6.22801 -1.17732
477 19.6827 113.96 106.218
478 58.6996 72.9905 122.725
479 19.3332 -0.298723 87.4196
480 76.4246 100.231 122.84
481 59.0041 76.008 122.648
482 17.2885 74.8678 122.511
483 44.482 53.2106 106.022
484 4.4979 69.4132 113.342
485 9.40161 114.591 110.904
486 30.3251 68.0025 110.299
487 60.3307 70.9549 122.645
488 41.6485 81.8149 114.759
489 19.7747 42.9305 122.229
490 108.587 0.747707 78.4005
491 -0.348582 72.2189 112.334
492 31.415 114.144 41.5192
493 27.5882 81.4723 122.633
494 13.4703 61.8982 108.536
495 49.5415 -1.04583 105.303
496 53.8179 114.852 3.83112
497 24.6946 77.2727 -0.798666
498 19.1137 93.3262 3.59727
499 46.2178 88.2068 -0.615307
500 29.9841 114.138 71.7295
501 15.0371 103.552 12.0685
502 48.9065 95.0849 1.12394
503 10.7126 109.851 -0.390496
504 14.8582 94.5621 6.11771
505 34.846 104.504 -0.488957
506 20.8027 115.125 10.8325
507 6.60259 21.734 -1.12717
508 83.8421 114.099 10.166
509 106.236 -0.963257 67.6978
510 27.7783 96.316 6.74799
511 103.375 113.604 24.073
512 77.4473 113.366 54.9342
513 0.838756 92.2844 108.504
514 11.827 96.5766 -0.425518
515 46.752 94.371 13.6323
516 27.2939 88.9538 3.24121
517 57.9759 110.011 14.4767
518 0.139711 97.9302 6.54728
519 17.3842 88.5735 -0.514431
520 5.37881 49.5199 26.2282
521 47.7278 102.627 13.3209
522 15.8133 101.486 -0.58062
523 54.7684 -1.51295 120.543
524 59.4064 99.3612 10.8604
525 5.98984 79.8252 32.6255
526 56.4444 114.841 7.73397
527 50.9113 114.783 5.03183
528 44.8206 86.2899 -0.699243
529 30.6501 94.6464 -0.628091
530 27.9404 92.7027 7.13445
531 13.6384 115.366 8.38767
532 26.2132 90.5016 122.776
533 5.03573 102.475 37.7276
534 25.1981 -0.16731 70.3007
535 36.196 114.405 62.5839
536 93.171 61.3687 -0.854588
537 110.004 45.5441 69.5928
538 12.3872 114.804 55.5378
539 26.7651 113.893 98.1993
540 -9.21208e-04 77.6304 107.692
541 110.298 47.8278 -0.416267
542 40.265 113.691 89.512
543 12.5459 33.8941 -0.900909
544 40.7566 111.618 -0.462669
545 86.6274 94.8485 -0.652827
546 11.7814 114.741 86.2334
547 46.2549 115.041 5.85149
548 26.7451 114.626 76.0055
549 18.3078 19.97 122.2
550 2.86958 93.3344 22.0227
551 0.0429021 100.582 4.87642
552 0.48103 55.0241 100.676
553 54.7188 91.4528 122.788
554 3.79032 113.675 77.8777
555 57.9127 11.9551 -1.36184
556 103.841 113.291 112.266
557 22.0898 104.996 122.708
558 4.80282 3.62592 44.1647
559 86.8914 107.581 -0.28767
560 39.8797 114.026 70.3759
561 29.4971 113.766 102.536
562 63.6719 113.542 81.8406
563 15.4532 114.882 47.1359
564 86.4503 113.4 74.3178
565 3.09874 74.1101 73.2983
566 111.798 82.4895 80.0521
567 38.4229 114.442 39.304
568 114.278 4.25097 5.9479
569 19.6035 114.607 46.0043
570 4.98597 0.0651807 5.10658
571 21.531 114.545 74.4706
572 37.944 114.259 51.9376
573 103.63 112.968 73.3123
574 72.4694 113.286 77.0007
575 31.8117 0.221052 122.059
576 113.718 52.7119 106.103
577 25.5744 31.6014 -1.15707
578 104.643 -1.46973 98.9114
579 33.5424 110.821 -0.512097
580 29.5361 114.296 80.2049
581 23.9945 24.9297 122.182
582 93.9937 112.055 122.861
583 31.2904 114.825 28.675
584 1.58944 110.743 106.442
585 30.8805 114.419 58.0007
586 4.25102 114.687 106.867
587 46.9727 114.426 22.5934
588 4.36744 58.7678 55.6426
589 29.3857 114.404 115.597
590 83.3376 113.852 77.077
591 6.95223 114.524 108.193
592 16.5773 110.006 -0.42457
593 35.3915 114.436 55.6618
594 96.3548 113.66 21.5429
595 0.825852 43.2662 91.3789
596 114.37 88.7607 23.9555
597 28.1794 106.752 -0.532941
598 17.3523 45.9593 122.595
599 35.3503 113.989 75.3792
600 9.73926 115.025 44.2666
601 20.8205 114.404 116.67
602 105.342 113.408 113.402
603 8.52107 70.494 122.363
604 14.1517 -0.322665 97.7838
605 5.10469 105.685 49.051
606 25.5785 112.92 22.571
607 5.10576 111.931 51.6481
608 5.50721 93.8614 63.9284
609 22.624 114.867 67.9785
610 89.3594 102.118 122.846
611 35.1681 114.365 51.82
612 38.8746 113.757 87.2049
613 53.4447 114.083 55.8201
614 112.405 106.625 122.634
615 111.978 92.2539 103.69
616 14.1357 51.1507 122.179
617 11.1078 114.596 95.6923
618 3.96266 61.3944 -0.811883
619 76.3934 113.35 106.033
620 73.3222 113.285 97.3097
621 45.6725 113.829 65.9772
622 69.0988 113.999 30.4038
623 32.4615 83.0072 -0.960428
624 45.2363 108.56 122.869
625 7.88838 113.288 122.793
626 39.094 89.5836 106.026
627 13.566 102.343 100.94
628 24.1678 94.2992 118.818
629 39.5087 114.269 54.4222
630 42.4571 114.481 20.4242
631 0.207135 89.4635 103.525
632 3.22891 96.118 122.604
633 54.0177 110.287 110.871
634 14.745 91.8854 122.773
635 106.314 90.5579 122.734
636 -0.199368 32.5567 106.707
637 54.4083 98.8734 -0.728501
638 46.3977 94.3844 122.784
639 32.2645 104.01 123.011
640 20.5282 87.434 122.689
641 46.8518 114.222 112.447
642 102.197 51.5162 -0.867356
643 5.15062 77.5834 59.1029
644 15.3302 106.6 116.802
645 -0.712094 13.2977 9.88354
646 1.03112 77.272 97.7812
647 2.3969 101.58 100.351
648 3.13645 75.3433 71.1076
649 3.63549 83.5736 82.1075
650 13.4688 104.883 122.859
651 86.3952 -1.06206 27.7571
652 37.6964 96.347 -0.399827
653 33.6579 100.661 122.832
654 -0.0376603 82.5218 2.43146
655 0.78148 83.8307 104.609
656 17.6463 0.224686 43.8743
657 33.5194 105.099 113.857
658 2.53422 73.1042 76.8106
659 41.494 91.9575 116.901
660 46.6047 109.231 111.831
661 8.9378 77.2314 103.796
662 17.5228 104.0 122.89
663 3.11725 96.0843 98.3292
664 15.8771 88.5 122.671
665 23.6268 106.602 108.966
666 35.0839 114.143 116.485
667 3.11985 80.5767 -0.490671
668 42.7577 81.8218 116.931
669 12.1816 94.5636 116.954
670 109.263 17.9622 73.9678
671 26.8081 12.3978 -1.0449
672 76.4886 -0.989666 2.27327
673 99.8344 9.30798 4.58438
674 69.8814 29.2464 -1.1502
675 85.5942 26.766 -0.935518
676 62.9726 15.5306 -1.11333
677 114.12 12.0589 13.9387
678 95.9033 39.1471 10.8866
679 87.6276 33.3663 19.122
680 97.3516 6.94995 2.77643
681 89.7036 19.9158 11.4747
682 77.3371 -0.713128 29.3474
683 74.1628 27.089 -0.950995
684 69.5491 -0.375198 69.2592
685 89.6887 12.7562 -1.19595
686 88.1176 114.126 12.0638
687 109.504 -1.51759 112.486
688 79.7836 11.2607 6.85173
689 95.4932 6.88364 18.9532
690 114.868 40.0781 14.0821
691 80.7164 -0.767762 66.7947
692 95.5169 0.220363 -1.0131
693 95.4059 19.576 20.3516
694 66.7499 10.4725 5.97755
695 70.8515 33.4204 10.8458
696 76.9741 25.6773 -1.15644
697 84.0486 22.9682 13.2281
698 39.664 18.6464 122.335
699 98.3765 31.4853 3.11406
700 80.9432 107.975 -0.16327
701 2.8092 67.1779 67.7249
702 112.295 -0.687702 4.31931
703 112.585 79.0917 104.18
704 115.605 112.498 10.7109
705 95.9048 -0.821481 50.5011
706 42.2508 -0.630375 93.0958
707 5.72112 10.5106 31.066
708 48.1722 63.4686 122.973
709 5.36226 30.1527 121.984
710 115.04 85.7158 121.295
711 80.5731 -1.42522 0.766646
712 106.865 113.448 34.9338
713 92.8809 57.3475 -0.965833
714 106.642 82.1166 -0.531076
715 103.322 -1.15202 70.8235
716 109.247 11.6533 75.7047
717 50.796 -0.382902 17.6304
718 72.7059 -0.538175 58.0506
719 114.141 113.764 1.47467
720 80.8952 -1.65267 108.652
721 113.224 11.3307 23.3169
722 65.2331 114.738 0.866546
723 81.6125 113.994 36.9967
724 85.723 113.486 62.236
725 110.989 47.9087 50.5096
726 72.836 32.3393 122.559
727 3.06224 3.1496 50.5477
728 87.905 -0.775731 14.477
729 10.2929 -0.248902 95.5053
730 1.84823 98.5 20.6873
731 48.5082 49.8311 122.746
732 12.8237 64.5171 122.491
733 113.928 1.15984 104.91
734 77.8638 113.64 46.8798
735 31.4172 -0.664109 97.8873
736 50.8356 -1.28659 115.57
737 114.166 82.2763 25.0251
738 105.484 20.7128 122.127
739 111.453 43.9275 99.001
740 112.477 8.12754 40.3603
741 109.318 19.7476 88.2064
742 66.8439 113.766 69.2653
743 109.687 27.4332 95.9971
744 5.42089 84.0388 61.1705
745 77.5985 1.06748 97.6795
746 107.534 -0.0540815 73.5527
747 91.0707 113.123 66.6523
748 1.39156 73.2242 93.5003
749 70.6339 1.17477 97.4765
750 54.9886 -0.412313 95.1746
751 110.122 113.155 48.8408
752 14.3654 -0.243156 93.3058
753 18.245 -0.0861629 61.9806
754 8.3633 26.9581 122.319
755 1.31845 13.0658 80.7951
756 112.427 89.4398 122.778
757 6.62704 114.543 55.4073
758 3.97552 36.7259 122.36
759 13.6418 0.207263 34.8834
760 79.9859 -0.683722 91.0889
761 99.5155 -1.00209 42.5819
762 22.7372 -0.225634 79.544
763 110.711 27.1584 45.6455
764 60.4639 -0.296856 38.7694
765 0.427218 54.6023 105.002
766 50.9746 13.2397 122.239
767 94.1571 113.533 54.2196
768 105.101 4.83284 122.017
769 43.6319 -0.232247 41.6853
770 1.92726 63.4841 83.6858
771 99.0948 -1.23574 69.6225
772 26.751 0.0565127 64.0139
773 86.8708 30.0769 115.966
774 84.2895 40.1273 122.403
775 98.5939 14.4093 116.269
776 102.621 21.4315 121.909
777 73.8559 18.0257 122.278
778 106.889 22.9621 121.506
779 27.7512 -0.436206 91.5052
780 25.4409 -0.882512 102.122
781 63.8836 -1.3615 112.424
782 73.6294 -1.56648 107.549
783 110.837 -1.80826 118.587
784 75.3609 11.0896 122.2
785 80.8564 22.8811 122.463
786 66.6457 10.865 122.002
787 36.9959 -0.801769 98.456
788 99.5041 -0.958088 5.6792
789 85.5214 21.2351 122.342
790 110.8 21.4966 44.4511
791 108.411 30.831 118.63
792 82.9653 24.5865 110.453
793 85.8029 24.6167 110.347
794 92.8011 24.0096 122.11
795 110.654 45.2669 47.5027
796 62.1424 9.00812 122.032
797 41.5131 -0.226225 81.8616
798 113.04 20.481 106.005
799 18.615 0.0663735 57.9931
800 106.308 10.322 110.159
801 55.4861 -0.436692 3.01268
802 114.3 23.2881 119.158
803 86.6003 0.634078 -1.37635
804 114.43 15.2601 111.089
805 0.211917 98.5128 3.06734
806 95.166 10.83 122.194
807 92.4825 7.77515 122.152
808 85.9375 32.8563 122.537
809 84.3522 22.5742 114.51
810 60.931 14.2083 94.7073
811 59.7279 -0.325817 89.1722
812 63.9579 16.1857 122.379
813 105.912 -0.639912 92.3909
814 106.676 15.2352 105.199
815 92.4064 63.5835 27.3392
816 87.0761 53.8919 2.7866
817 18.0201 115.09 14.3958
818 105.281 113.777 16.3706
819 96.8184 26.2325 -0.900358
820 101.767 51.5509 11.3831
821 76.8527 114.512 4.20799
822 114.137 94.4246 29.5657
823 100.306 49.9361 11.6031
824 81.4073 34.7371 14.5489
825 81.2967 -0.470418 30.8702
826 97.4494 45.7365 -0.748907
827 2.70596 8.90302 55.9625
828 78.5919 40.1288 -1.0059
829 77.022 33.2683 14.7773
830 54.1652 36.7564 5.60669
831 71.5709 44.2181 10.6189
832 68.2599 49.7411 13.0654
833 86.4525 78.7135 -0.418565
834 83.0511 54.5051 -0.862306
835 111.105 111.006 87.6707
836 75.1225 43.7242 11.0388
837 87.5635 64.4702 -0.870452
838 114.135 1.79869 12.1531
839 66.9989 36.122 -1.23955
840 50.8145 5.96875 122.103
841 59.0265 68.6707 -0.735877
842 96.1089 -1.15534 73.8612
843 96.5283 113.003 76.7912
844 106.43 113.601 43.4442
845 75.9007 36.9386 -0.817718
846 93.5634 -0.932941 17.5606
847 113.217 44.6821 -0.509729
848 67.3495 54.9405 18.3349
849 114.086 19.5505 18.1199
850 -1.11524 1.72795 9.88119
851 64.4152 33.5313 7.22226
852 75.5167 27.6408 3.06138
853 78.8551 52.5105 7.8271
854 70.116 45.4121 15.5192
855 0.668621 111.276 121.427
856 76.3348 39.8085 -1.18444
857 111.425 39.292 45.8001
858 42.4659 23.4702 -0.97467
859 45.564 -0.38639 4.9769
860 8.21499 42.3083 122.29
861 87.5888 -0.782082 76.5875
862 110.359 69.8124 70.0327
863 12.1953 -0.616684 120.56
864 34.2196 -0.0140649 23.1138
865 35.0886 8.47199 122.128
866 -0.700263 21.8286 17.3709
867 5.0215 -0.574624 114.299
868 9.74149 114.582 77.7703
869 107.432 44.5427 -0.616916
870 109.564 29.6069 81.9505
871 49.1896 -1.21427 108.605
872 108.935 41.7356 -0.688777
873 109.649 90.3636 -0.545375
874 -0.472829 59.5669 120.691
875 97.9147 113.193 69.236
876 70.0214 113.86 33.7144
877 83.3861 113.658 49.6734
878 91.8929 -1.38256 105.479
879 71.8306 -0.608785 81.8037
880 112.715 29.2111 102.884
881 109.456 26.0432 90.6833
882 110.784 41.5272 93.0816
883 13.6522 0.190758 17.625
884 114.304 17.4973 120.92
885 58.4526 -0.469166 34.2693
886 65.1355 -1.19844 115.413
887 90.8284 6.55056 -1.25253
888 85.8828 113.784 31.0862
889 115.607 100.265 11.0189
890 111.196 72.7829 102.224
891 52.3412 -0.291558 34.0127
892 111.73 92.2215 90.3798
893 2.96894 59.4143 66.8016
894 109.836 40.2817 76.4102
895 84.9642 113.321 104.82
896 114.988 102.476 16.5006
897 113.318 22.4059 28.943
898 80.0995 17.626 -1.3373
899 30.6227 -0.940409 111.492
900 2.72793 29.4162 64.498
901 80.6117 89.9756 122.88
902 110.505 50.3051 61.9057
903 90.1277 37.1689 15.22
904 108.558 0.269069 95.1242
905 19.765 -0.420155 103.16
906 5.9761 114.558 101.885
907 110.954 15.8232 45.905
908 76.7181 102.13 -0.427047
909 107.987 6.62675 -1.09137
910 109.89 17.8558 65.8276
911 114.891 58.2204 8.5613
912 3.60065 67.5512 59.3239
913 112.433 81.7196 59.848
914 69.0791 -0.579242 19.5746
915 99.9347 33.7864 -0.903784
916 112.125 113.21 39.1356
917 99.4739 113.956 16.2185
918 74.1413 -0.63219 60.0659
919 51.8929 87.2586 122.785
920 110.004 76.3268 75.9117
921 84.4159 -0.75962 50.3576
922 110.737 38.5739 53.2853
923 4.279 77.72 122.227
924 110.289 87.8007 97.0746
925 111.841 -0.716453 19.8772
926 97.7137 -1.13797 104.321
927 -0.722255 9.40275 6.22739
928 114.508 27.0398 119.037
929 80.9133 -1.39024 105.234
930 42.5399 113.977 101.927
931 111.354 18.565 -0.475591
932 79.9708 -0.914462 59.2465
933 86.951 -0.782969 34.0758
934 74.2646 45.7097 122.514
935 3.61242 39.6103 42.9623
936 23.1301 52.6187 25.2071
937 112.882 4.31202 23.1668
938 74.758 -0.830514 25.1668
939 6.90249 28.1994 122.183
940 7.97973 -0.512108 118.257
941 54.6425 61.6468 20.181
942 100.371 -0.708467 48.4757
943 65.3739 26.3747 122.485
944 73.7125 30.6891 116.621
945 60.3051 113.778 62.8406
946 95.8593 52.1893 122.441
947 2.92799 63.5643 70.9042
948 97.1115 34.0469 122.349
949 80.0255 48.7142 115.152
950 107.411 52.3174 122.343
951 110.066 32.0836 122.211
952 69.3555 41.0257 114.479
953 23.8007 0.148484 35.7979
954 105.168 85.558 -0.632895
955 75.8487 43.2023 106.092
956 113.238 2.30527 20.1777
957 58.8046 51.6976 122.603
958 95.2438 113.351 115.781
959 101.385 54.9797 106.279
960 104.902 32.4817 114.397
961 63.7112 34.8475 110.666
962 99.2434 -0.846029 64.1091
963 77.5236 114.193 23.8261
964 9.26399 -0.612485 112.488
965 90.1573 46.1329 120.244
966 101.414 14.9983 122.28
967 83.0965 113.848 30.5787
968 1.79505 0.250972 95.102
969 90.7201 46.8645 116.484
970 88.581 37.9749 113.543
971 112.009 71.0925 56.2774
972 82.9119 113.703 63.7861
973 114.011 106.162 38.2649
974 109.04 13.7804 82.1996
975 89.9632 35.8574 113.362
976 2.83932 56.4507 -0.852908
977 54.3344 48.7039 112.161
978 84.0546 24.3214 122.414
979 81.3259 35.3182 122.469
980 12.9259 74.3897 -0.70738
981 87.1791 43.3378 122.48
982 64.1027 34.3322 107.406
983 113.907 5.86782 0.217764
984 88.2149 -1.10006 59.5983
985 92.7027 48.685 112.44
986 114.759 57.7264 109.461
987 75.7423 36.1452 105.749
988 24.9812 2.29152 121.885
989 94.5236 18.4124 116.28
990 93.4214 72.9603 -0.477707
991 73.2527 66.3086 5.42508
992 74.9608 81.3161 10.134
993 81.8965 84.6195 -0.711617
994 105.373 97.4752 -0.534088
995 114.433 19.5512 9.86088
996 51.6156 113.454 89.6714
997 19.1042 115.418 1.26856
998 86.631 4.65229 -1.29351
999 76.4998 113.184 88.4803
1000 94.7038 63.1664 -0.895538
1001 101.806 72.1484 -0.674575
1002 78.3631 63.8336 9.03844
1003 70.3939 65.356 -0.764185
1004 63.4973 86.649 8.98316
1005 80.5118 81.6785 13.6815
1006 115.259 93.9955 113.749
1007 115.048 66.5625 16.3293
1008 97.6937 66.9293 -0.598598
1009 111.841 61.9821 -0.699561
1010 102.044 69.1706 -0.747976
1011 81.7325 62.7832 9.83709
1012 109.286 21.3797 94.7414
1013 106.277 66.1576 -0.760791
1014 52.6151 69.2361 19.3253
1015 115.166 80.269 3.13412
1016 85.8482 75.6855 21.5189
1017 90.5722 76.4722 -0.706543
1018 8.39398 114.701 83.3895
1019 54.9686 92.0724 11.6793
1020 70.5465 114.236 25.7525
1021 63.7431 78.3979 9.03705
1022 89.1703 83.3581 -0.63865
1023 83.2018 63.5989 13.1196
1024 97.7322 73.6222 7.14567
1025 109.284 66.2041 -0.570845
1026 55.6081 114.008 27.7558
1027 115.035 74.4662 20.5926
1028 54.6017 114.102 39.7171
1029 84.6266 67.3476 14.6983
1030 86.1297 90.4498 -0.705686
1031 88.0744 67.7539 3.05757
1032 26.7087 114.299 80.145
1033 64.5733 69.6706 3.4304
1034 69.1817 76.413 14.8178
1035 83.4972 63.7413 9.1191
1036 61.902 82.0561 -0.781798
1037 74.7368 70.5836 -0.832184
1038 95.9097 73.5813 -0.798229
1039 76.4432 83.1192 6.23244
1040 113.791 61.2583 20.1222
1041 104.711 71.1788 14.9585
1042 113.822 85.2939 -0.311228
1043 110.61 112.866 76.8779
1044 84.2662 49.7847 13.3039
1045 55.369 111.202 -0.3081
1046 69.508 113.485 73.8516
1047 59.3 44.2203 88.6149
1048 76.6545 22.1298 122.452
1049 52.6678 113.801 76.0091
1050 110.86 0.430531 122.119
1051 93.5024 113.275 97.6505
1052 68.2658 113.41 -0.215744
1053 55.7012 23.2713 19.5893
1054 49.6171 114.176 35.3153
1055 96.5628 113.188 72.5709
1056 69.5262 -0.466514 62.2449
1057 69.849 -0.836082 7.31475
1058 89.737 114.181 5.85332
1059 114.737 72.6759 19.7572
1060 6.91662 35.8189 25.8545
1061 68.6395 113.711 58.7005
1062 0.853739 105.337 107.78
1063 108.213 113.199 59.9842
1064 79.6004 -1.46338 106.215
1065 70.0808 -0.516893 53.5793
1066 10.3207 0.0771147 50.0757
1067 57.1386 -0.0974712 55.0387
1068 115.501 92.5899 6.84285
1069 114.018 92.1373 122.19
1070 8.11421 115.475 4.00729
1071 60.8801 114.589 19.0571
1072 93.1792 113.271 80.1089
1073 57.6252 65.4201 74.9783
1074 -0.417701 34.564 120.896
1075 46.8947 28.8185 122.153
1076 87.3168 113.776 34.2364
1077 115.978 111.992 14.5037
1078 20.3431 78.4548 122.739
1079 18.6467 65.2876 122.645
1080 6.34029 -0.598324 120.552
1081 46.3623 -0.390143 90.9807
1082 109.216 6.03925 77.8299
1083 15.2814 114.516 107.153
1084 62.5903 3.19181 -1.41847
1085 95.5492 113.594 53.3877
1086 78.0811 113.494 69.7164
1087 46.4925 114.937 10.1809
1088 114.818 25.9451 0.732183
1089 103.715 7.47882 -1.28672
1090 7.85988 2.7052 121.978
1091 3.241 90.4377 88.953
1092 69.9953 53.2898 -0.892496
1093 3.66269 115.444 7.39735
1094 87.8931 113.795 118.717
1095 106.539 -1.27607 35.9044
1096 72.5642 114.355 18.4699
1097 115.081 81.9656 109.622
1098 113.422 27.8099 27.4299
1099 49.7073 114.104 120.757
1100 13.1912 0.102347 77.845
1101 7.49629 92.8735 122.604
1102 112.061 96.2987 66.1347
1103 45.6241 38.8999 -0.982509
1104 112.341 48.6005 106.025
1105 64.8417 81.2176 -0.547077
1106 104.172 113.388 52.8858
1107 43.1964 114.206 53.6811
1108 46.2114 83.4137 122.751
1109 88.0131 -1.42329 106.184
1110 109.972 46.1304 73.8324
1111 101.247 113.134 56.8698
1112 4.40434 88.0544 55.09
1113 113.476 98.3639 42.302
1114 96.6853 113.283 64.0937
1115 113.884 88.6228 122.373
1116 9.11637 0.335878 43.9324
1117 21.5042 68.3322 122.243
1118 67.3224 40.3151 -1.19731
1119 79.1015 96.4202 122.694
1120 20.7514 114.709 59.7809
1121 37.9001 113.752 104.206
1122 80.8214 110.136 123.048
1123 26.4378 95.7418 -0.623293
1124 4.5487 1.57081 42.6192
1125 90.0206 113.329 56.1993
1126 110.214 63.2683 122.661
1127 39.8565 0.156662 26.0214
1128 100.333 71.1635 112.494
1129 86.0557 86.9548 122.785
1130 86.732 11.9808 122.189
1131 110.365 61.4389 111.67
1132 75.9775 66.5981 112.192
1133 103.576 75.4795 -0.699478
1134 67.2683 59.8727 109.748
1135 94.5492 113.193 85.8864
1136 58.8623 113.618 95.2307
1137 60.3177 65.7803 122.718
1138 107.589 83.5123 122.575
1139 90.163 64.475 122.655
1140 71.6618 113.121 99.2894
1141 79.0145 83.9827 122.678
1142 74.9118 82.0243 105.12
1143 115.076 64.3958 114.993
1144 34.7994 -0.553457 90.8647
1145 101.591 59.3661 122.442
1146 96.0042 67.5359 122.735
1147 75.8659 68.9091 122.711
1148 99.6947 -1.03929 29.5308
1149 81.8128 76.6044 122.644
1150 115.058 50.4581 12.0274
1151 108.106 70.9524 110.453
1152 57.9299 113.699 49.0041
1153 91.2978 33.8278 122.418
1154 47.2054 57.0091 122.457
1155 68.9433 73.3121 102.829
1156 64.578 83.972 122.838
1157 105.758 77.0705 108.562
1158 114.444 32.2587 6.20535
1159 115.8 102.952 104.544
1160 80.2548 69.779 122.537
1161 72.183 0.526123 -1.2456
1162 95.668 113.631 30.3208
1163 111.667 40.6436 122.269
1164 101.079 113.127 104.126
1165 91.5807 -1.04443 20.7956
1166 113.279 72.1917 117.211
1167 1.02578 49.2289 -0.555633
1168 1.74443 69.5423 85.9994
1169 84.5497 73.1613 108.7
1170 115.27 74.5714 0.891141
1171 84.3777 56.6179 122.563
1172 69.0814 70.9353 122.628
1173 10.8379 114.584 118.336
1174 73.0011 59.6444 122.399
1175 88.8774 80.4333 119.503
1176 83.7249 98.0075 122.687
1177 79.7299 114.334 12.016
1178 106.55 110.491 122.704
1179 101.212 113.957 3.14969
1180 108.877 0.487359 101.923
1181 110.03 18.1523 53.1444
1182 102.963 101.963 3.51232
1183 98.0647 78.0876 -0.801966
1184 50.2854 -0.243209 79.3906
1185 58.1058 104.24 -0.51008
1186 82.6424 104.948 -0.507418
1187 75.2204 103.549 4.29114
1188 115.391 92.7207 10.7469
1189 65.1893 113.723 39.797
1190 76.4018 96.8076 -0.631667
1191 72.7022 106.298 11.4298
1192 26.8213 0.035773 0.0968801
1193 109.075 15.4842 80.1512
1194 96.7958 101.764 -0.283757
1195 90.1502 2.97689 -1.57509
1196 90.9657 113.463 121.752
1197 93.8725 105.886 -0.516374
1198 12.6416 115.061 15.624
1199 112.774 46.2151 37.9315
1200 90.6391 91.8223 11.1804
1201 63.9002 114.53 6.00401
1202 93.6862 88.5087 -0.664233
1203 115.735 108.58 10.8273
1204 115.388 106.433 109.216
1205 -0.444276 33.7142 9.94356
1206 39.6342 114.652 21.5896
1207 99.3948 95.3869 6.98761
1208 104.075 107.423 -0.424961
1209 69.381 104.14 -0.616899
1210 112.613 113.716 11.4479
1211 92.326 89.8664 11.295
1212 62.0344 110.566 -0.665038
1213 103.316 113.31 102.89
1214 42.2239 115.093 4.17497
1215 83.981 -0.054211 122.061
1216 37.9009 107.499 -0.491623
1217 76.7334 113.684 51.5836
1218 60.7977 114.066 44.2911
1219 100.218 -0.766828 51.6725
1220 112.324 113.071 112.196
1221 9.55239 115.343 10.2628
1222 49.5667 114.798 14.3074
1223 94.7602 113.418 51.0632
1224 115.518 96.4132 2.78348
1225 109.977 11.5568 122.029
1226 86.1134 71.3194 -0.458148
1227 70.7795 113.481 52.9489
1228 84.9473 5.40826 -1.1894
1229 89.797 113.647 33.9101
1230 31.3893 114.079 96.3944
1231 109.461 25.7655 78.2107
1232 17.7227 0.0629246 33.0734
1233 78.9673 -0.74316 84.5047
1234 114.471 47.2245 107.617
1235 92.0495 113.195 90.135
1236 112.464 98.4404 63.329
1237 -0.353278 49.7043 10.3505
1238 10.7312 100.99 122.708
1239 113.349 102.179 95.1293
1240 77.3811 46.5394 -1.14613
1241 112.57 49.9076 45.9065
1242 69.5013 -1.4616 109.484
1243 107.625 114.184 5.78983
1244 11.4768 114.678 37.0717
1245 111.372 22.3986 -0.622368
1246 101.801 -1.10437 78.4887
1247 111.993 86.2668 75.8208
1248 44.8698 114.037 58.9903
1249 37.2463 113.945 92.1643
1250 56.6331 113.836 114.338
1251 113.667 81.8342 30.5181
1252 112.599 48.0544 44.0922
1253 9.25183 0.218436 11.4621
1254 45.3357 114.099 106.157
1255 111.925 0.519261 43.6953
1256 99.0299 96.7684 122.791
1257 80.4694 113.366 103.746
1258 110.916 62.4404 52.2603
1259 7.67357 109.789 -0.516956
1260 78.0505 113.637 76.6094
1261 114.741 62.0808 121.649
1262 4.37234 97.7768 61.5459
1263 47.3382 113.748 91.723
1264 87.5947 113.54 53.2433
1265 56.5814 114.042 69.6604
1266 6.01134 100.154 122.765
1267 107.634 51.8036 -0.70118
1268 52.6949 114.126 45.6359
1269 4.69718 78.1641 67.2432
1270 35.5008 114.218 44.3393
1271 110.807 25.6365 56.3716
1272 41.358 114.522 43.836
1273 115.827 100.838 2.9405
1274 64.2989 113.774 68.056
1275 110.405 69.5534 82.8886
1276 112.13 106.283 68.0847
1277 86.9846 113.762 38.8407
1278 67.8021 113.629 82.9821
1279 49.4365 104.47 -0.535637
1280 22.3948 114.4 121.407
1281 73.4328 113.717 55.8826
1282 51.4021 109.868 123.01
1283 71.0444 113.68 70.487
1284 90.077 48.2092 122.433
1285 3.46099 61.3923 57.2693
1286 79.032 73.72 -0.871551
1287 44.9864 114.256 51.0751
1288 3.08077 62.2573 61.595
1289 93.7317 112.864 -0.464655
1290 99.2249 113.532 39.8456
1291 5.88629 0.217665 55.7142
1292 113.767 103.383 122.445
1293 112.842 101.082 100.407
1294 114.127 3.76865 13.8594
1295 113.62 60.6369 27.8193
1296 39.4649 115.113 0.815277
1297 54.2878 113.84 61.4396
1298 36.3686 114.364 46.965
1299 90.5659 84.6863 113.523
1300 78.9464 95.5149 111.085
1301 107.843 97.8178 116.044
1302 78.1059 113.645 115.393
1303 74.9124 82.8688 110.136
1304 86.451 109.678 118.872
1305 91.8739 81.7217 122.663
1306 70.6332 88.9385 -0.573689
1307 64.4854 113.149 96.2246
1308 110.131 63.5178 88.9473
1309 108.047 107.694 122.884
1310 110.158 62.8215 56.0381
1311 74.9533 113.825 116.614
1312 109.388 100.637 107.393
1313 73.3346 103.826 116.96
1314 90.9498 108.115 122.714
1315 102.897 82.7811 122.849
1316 74.9263 94.4505 109.474
1317 105.034 101.539 119.104
1318 62.9651 49.7475 122.534
1319 46.6176 110.566 122.878
1320 90.2849 99.6767 123.049
1321 73.1575 91.8641 122.879
1322 103.324 88.3732 111.766
1323 73.8764 107.277 112.418
1324 21.4535 114.245 93.7696
1325 1.30804 19.2479 78.6678
1326 115.187 97.8196 117.366
1327 98.673 -1.17896 86.275
1328 113.983 113.04 121.333
1329 72.3312 110.329 123.007
1330 60.9739 114.052 119.445
1331 114.437 76.766 106.592
1332 90.8373 113.713 117.409
1333 58.9769 89.3765 122.875
1334 105.813 92.9417 110.89
1335 55.0645 114.118 108.132
1336 89.1924 96.9294 112.08
1337 69.3121 99.2791 122.694
1338 19.5699 114.654 49.5469
1339 29.4962 -0.138786 11.3068
1340 80.2558 86.8612 122.78
1341 83.9411 113.512 69.7751
