0 8.86797 0.308711 62.0581
1 9.34195 0.19718 0.218631
2 6.91773 10.1165 7.12506
3 15.1251 0.497879 48.7733
4 78.7506 52.4571 123.871
5 -0.162766 18.7819 105.821
6 0.76212 9.10475 -0.902725
7 43.8143 27.9413 6.82072
8 14.17 -0.00906127 4.98969
9 39.7095 15.1049 -1.03198
10 20.3486 0.532453 123.322
11 53.4666 76.1504 124.019
12 45.7139 30.2279 -1.10454
13 41.1793 16.1767 -0.999826
14 109.452 8.02306 102.271
15 9.03738 28.2954 -1.11925
16 21.6418 0.22764 59.3654
17 -0.574303 19.3638 0.29538
18 38.3966 29.578 -1.03709
19 30.0947 9.7392 -1.37343
20 68.6955 114.664 19.7517
21 37.0199 -0.286785 65.9873
22 13.5522 2.44724 -1.40763
23 49.2529 -0.0657208 41.7468
24 39.57 -0.217597 2.36523
25 28.5524 -0.472841 96.3523
26 62.6202 17.1461 10.4977
27 40.8261 0.184224 40.7988
28 50.3408 113.851 65.0126
29 97.9532 38.5749 123.862
30 26.3454 92.5861 -0.610843
31 20.9346 0.276396 0.0565421
32 40.7887 9.13036 -1.0748
33 -0.244066 64.2636 12.4346
34 59.0672 -1.65442 117.206
35 60.4458 83.3595 124.138
36 9.08218 -0.742854 117.799
37 30.9791 3.52093 -1.39182
38 109.804 17.9022 57.9625
39 35.8437 113.971 77.4039
40 16.8825 0.332025 26.9853
41 114.447 47.3657 108.804
42 60.9534 1.0237 -0.978748
43 39.8492 114.171 74.2248
44 7.74 0.384591 77.4557
45 20.0639 -0.326731 84.0621
46 21.2151 0.165219 63.6734
47 113.354 9.803 20.3694
48 3.7663 16.7222 -1.19866
49 115.02 66.9768 0.928915
50 5.37361 47.7814 45.6737
51 2.29674 6.90149 -1.23914
52 19.1562 -0.00810846 70.874
53 78.8141 -0.784403 81.1058
54 -0.649921 1.05407 102.784
55 114.447 23.5062 13.8048
56 6.44775 81.8229 35.0561
57 9.42617 8.40613 -1.21844
58 51.2427 0.216437 63.8322
59 41.6341 0.0766288 82.9794
60 50.9145 22.3616 123.707
61 85.7783 46.2322 -0.917112
62 -0.165534 63.6925 8.31153
63 91.2757 29.1714 123.576
64 105.72 41.605 -0.677331
65 46.7594 114.981 1.94959
66 2.2244 87.3322 89.5093
67 83.6282 -0.851051 0.233995
68 0.404479 94.195 18.384
69 111.063 43.1267 103.749
70 112.309 13.4174 33.2929
71 53.0497 1.58154 100.309
72 112.143 68.8474 48.6109
73 -0.77713 25.0096 17.6723
74 5.57592 -0.0842797 6.70936
75 17.6721 108.801 -0.471993
76 28.7573 -0.283129 81.6158
77 74.1197 30.3127 123.744
78 23.6068 -0.949796 113.573
79 72.1244 -1.14838 105.387
80 110.896 17.7034 35.8868
81 62.3499 -0.546903 14.6886
82 54.7038 -0.0168185 46.9789
83 0.772037 106.723 18.4012
84 87.7224 -0.86152 68.9653
85 43.1673 0.051019 50.4754
86 40.9623 -0.564759 92.5329
87 55.497 0.309506 88.1976
88 103.208 -1.03244 68.5835
89 88.0329 -1.41498 107.628
90 54.5644 -0.351598 51.1316
91 52.2441 -0.580184 16.6794
92 111.852 50.7463 -0.358662
93 -0.902307 10.4282 117.957
94 113.979 99.4216 123.838
95 -0.701044 32.6204 116.694
96 62.4515 5.03932 123.462
97 88.3474 12.7121 123.859
98 11.91 0.263085 79.9743
99 8.56021 114.497 92.2847
100 27.8594 0.320873 47.0309
101 12.2684 -0.785009 109.737
102 89.2446 -0.864112 12.3462
103 114.188 7.56556 119.972
104 84.6172 -0.826287 42.2526
105 69.671 3.6783 -1.33499
106 66.4312 -0.320586 78.1678
107 1.89071 114.492 111.618
108 6.67875 21.3779 40.3691
109 6.20007 82.2555 38.8834
110 77.858 113.239 77.9827
111 39.4189 -0.811972 103.816
112 43.6482 14.8169 111.722
113 4.70891 88.4911 79.183
114 21.7232 15.2396 111.521
115 3.79555 -0.525831 117.534
116 44.8563 -0.228576 71.888
117 29.1329 3.32812 123.536
118 9.36505 24.2721 123.537
119 6.14048 -0.49635 109.678
120 29.2484 0.399906 123.283
121 57.9795 -1.18266 122.18
122 17.5627 7.76583 123.513
123 52.1677 -0.434211 96.0915
124 84.4533 113.792 30.1814
125 5.41057 55.5797 45.7299
126 10.9577 0.29061 51.9436
127 46.7285 15.6718 110.831
128 42.1464 6.93806 109.304
129 32.5 20.4774 118.636
130 7.52262 30.5418 35.7444
131 6.75148 25.268 111.085
132 20.9976 9.75322 112.871
133 29.5667 23.6039 123.437
134 42.6191 31.6384 116.152
135 39.6513 14.2432 123.701
136 53.8454 -0.350774 13.3059
137 46.6697 11.2717 114.132
138 98.4927 -0.930443 54.0814
139 25.2954 20.0239 108.024
140 36.2891 5.19693 123.456
141 32.266 -0.129749 87.8326
142 38.03 6.43714 116.796
143 34.0656 8.72849 119.776
144 17.9862 -0.737275 109.624
145 7.55238 5.59792 123.408
146 23.3813 -0.894599 118.943
147 14.0403 17.5543 123.803
148 20.7185 4.76346 123.551
149 -0.641614 26.7118 106.446
150 2.59004 -0.11826 102.806
151 45.3852 1.06508 123.673
152 37.868 8.36627 123.609
153 12.3565 20.9464 123.593
154 86.2411 -0.676295 66.5323
155 30.8023 115.165 8.06693
156 73.9225 114.079 114.537
157 25.1939 0.155403 25.9738
158 13.134 50.5806 13.1056
159 45.906 58.938 15.9997
160 28.3084 -0.145877 13.1254
161 72.4629 -0.925603 12.5848
162 34.1403 39.9947 -1.21502
163 22.8595 50.4322 5.02563
164 48.4175 38.464 -0.970511
165 0.917842 114.069 18.6523
166 36.8769 35.722 -1.01903
167 52.9118 -0.220035 83.6506
168 25.0326 54.4669 10.9729
169 26.9091 25.3198 -1.29676
170 38.6623 49.9611 7.59262
171 3.05818 55.9469 71.9786
172 37.7764 -0.0104032 50.432
173 3.76747 48.7057 7.38673
174 95.9419 114.47 11.5038
175 30.899 34.2034 7.04998
176 38.7018 45.8919 -1.11081
177 44.3575 50.4462 14.5627
178 69.5895 113.718 109.85
179 17.1088 43.9027 -0.752345
180 58.5341 113.224 92.6961
181 8.08668 0.120772 73.0466
182 48.225 114.936 7.94202
183 -0.723833 0.418538 120.48
184 45.7943 35.7695 -1.33553
185 16.104 56.7427 20.9918
186 -0.417348 39.5852 7.84385
187 5.01663 111.718 56.3808
188 28.6078 39.9899 -1.0267
189 51.2114 31.4949 -1.02511
190 98.8323 -0.79825 41.239
191 22.839 45.8951 6.26175
192 19.7993 112.404 101.97
193 -0.444599 53.9597 18.4095
194 27.2063 52.1089 19.0026
195 -0.260501 53.8847 6.39273
196 41.1789 48.5673 -0.984533
197 10.2379 52.8975 12.7774
198 47.2079 40.0137 15.1878
199 -0.355214 59.8849 4.68153
200 83.9844 113.769 56.5926
201 114.654 52.098 108.983
202 28.0571 -0.288789 9.23052
203 1.33974 71.5902 96.8456
204 59.7028 18.5941 123.726
205 9.26622 112.097 124.082
206 59.4756 -1.35148 108.928
207 91.0967 104.689 -0.491029
208 15.9296 -0.060024 64.5745
209 101.0 -0.665383 51.2019
210 4.33491 95.1181 50.7843
211 5.76119 10.2397 35.4032
212 113.333 35.7097 23.6237
213 4.10104 32.874 45.615
214 6.21845 114.074 86.7098
215 71.8749 70.7959 123.915
216 66.4065 2.90685 123.403
217 108.599 113.157 48.1067
218 5.03657 101.923 58.3325
219 30.692 105.4 -0.498387
220 90.9692 113.94 16.111
221 83.3703 113.682 51.6035
222 60.5374 -0.221357 23.8122
223 47.0412 -0.19674 84.3225
224 75.4036 3.75332 -1.04642
225 104.79 105.986 -0.612941
226 110.447 27.8966 51.696
227 69.729 -0.541639 67.0514
228 6.75577 30.0242 23.91
229 2.50518 43.5136 75.8612
230 44.1862 -0.635102 98.5553
231 39.1403 114.119 55.909
232 113.787 28.1019 18.9717
233 89.8324 -0.714873 54.5737
234 112.383 0.38401 27.8793
235 -0.449005 35.4721 4.24973
236 2.40847 115.168 17.6069
237 14.577 114.448 103.373
238 6.59104 15.4623 34.0225
239 2.85615 110.88 103.439
240 0.226871 104.568 1.24453
241 42.5914 30.3934 123.656
242 5.47367 33.6543 22.2169
243 0.806434 26.7207 92.2406
244 2.50863 3.0168 19.7438
245 70.0066 -0.41428 54.4539
246 3.20572 5.49188 57.1556
247 54.6638 114.271 48.0738
248 113.005 50.6765 34.7244
249 0.61086 111.143 115.45
250 32.6041 114.154 84.7885
251 6.94668 13.8386 28.558
252 22.8519 70.3077 123.954
253 110.008 47.3461 69.1683
254 22.2012 104.838 124.278
255 3.4937 109.221 98.0696
256 54.0923 2.35378 123.474
257 114.584 22.2025 4.22099
258 74.6787 -0.651071 23.8843
259 5.11602 7.45645 36.8871
260 36.3333 90.5336 -0.446637
261 87.493 -0.532075 45.276
262 35.6076 -0.0447335 83.8587
263 3.80294 67.4673 64.3373
264 3.40685 54.2335 65.9941
265 2.05406 65.058 86.9171
266 -0.320318 40.9626 13.8134
267 115.0 62.1851 8.49621
268 47.0386 25.1903 -1.22011
269 -0.502748 39.6825 0.364424
270 -0.856115 68.3445 111.756
271 0.609498 112.527 1.26287
272 109.555 29.7072 78.7857
273 40.1167 0.128907 53.5829
274 -0.74988 23.9129 4.14719
275 19.3252 -0.809768 120.108
276 7.08219 47.0317 30.4427
277 3.46359 71.4404 68.5176
278 66.3768 -1.39166 121.918
279 104.427 43.282 123.802
280 59.3701 114.06 115.725
281 85.6065 -0.826668 85.0873
282 93.2884 113.845 25.9285
283 106.56 87.3517 -0.360362
284 2.87702 67.6829 76.2423
285 36.9144 0.0590823 30.3212
286 44.2625 39.9225 123.836
287 113.185 35.8151 123.508
288 -0.581109 30.8197 114.19
289 5.34814 92.6516 24.1255
290 38.3443 41.7441 120.442
291 26.0132 43.1933 109.96
292 17.8858 -0.245119 90.4847
293 26.8041 44.0271 123.9
294 42.3315 17.6798 123.697
295 35.2331 53.4763 124.064
296 42.7964 38.8593 123.833
297 58.4577 113.973 29.1067
298 4.74632 50.1143 119.757
299 29.7676 35.6398 123.693
300 5.8403 45.7984 26.5516
301 42.6619 36.0204 112.522
302 17.8788 57.9475 105.689
303 103.162 112.979 96.6855
304 108.409 5.57038 60.3827
305 49.8812 32.7121 123.775
306 2.97181 71.9379 123.783
307 16.0662 47.884 123.949
308 97.8934 -0.871559 64.0341
309 11.1668 40.3199 117.281
310 -0.467418 49.0197 112.322
311 46.2711 -0.131422 78.3535
312 47.0924 44.4545 123.74
313 44.2873 49.7547 113.63
314 1.19002 56.6595 123.269
315 19.9044 54.0261 123.916
316 17.034 30.9572 123.662
317 13.0578 27.6388 109.507
318 114.49 76.1961 22.9176
319 3.78843 19.7355 43.2182
320 18.9311 33.366 123.878
321 70.8598 113.312 76.6477
322 20.8978 0.242949 28.1937
323 74.8338 59.4002 -0.900364
324 14.7907 80.5625 -0.628123
325 89.9659 113.398 86.3542
326 30.1459 67.0737 6.59369
327 42.0095 64.7895 -1.03034
328 1.72367 60.4035 83.3888
329 0.337534 98.507 2.71767
330 37.4437 69.5937 9.95906
331 62.1363 98.2038 -0.529365
332 23.1723 67.1585 8.57022
333 43.4038 80.2173 -0.705807
334 109.464 32.2561 89.1548
335 22.1015 97.6248 124.199
336 30.3231 70.1659 -0.681659
337 52.307 113.825 41.6841
338 56.2762 76.9714 12.708
339 31.2868 114.613 25.6593
340 -0.0919475 85.2141 120.796
341 31.5704 59.2289 -0.728774
342 4.6926 25.5807 123.711
343 35.6194 72.4311 10.9965
344 21.4108 61.0469 -0.686484
345 2.88932 15.7904 62.8498
346 18.905 85.6894 62.5044
347 54.802 79.0322 11.8289
348 46.2821 79.02 9.13683
349 19.0604 82.6949 -0.724979
350 0.0095404 73.871 2.5593
351 111.772 76.4941 65.8535
352 108.227 -0.886412 48.1918
353 11.4808 69.0057 5.41732
354 45.9809 68.2504 -1.10427
355 43.9693 114.145 39.6486
356 24.3334 57.4558 3.88704
357 81.9591 114.031 21.6065
358 3.20394 93.8641 98.3237
359 39.4383 84.8626 3.31625
360 3.41723 73.2118 70.6147
361 30.4182 73.2602 15.8797
362 1.74589 94.8132 102.701
363 0.22836 95.7141 118.811
364 110.142 112.677 77.7551
365 23.2296 78.4214 124.251
366 0.757285 59.6489 102.087
367 113.566 70.0802 30.499
368 17.1724 114.803 25.8521
369 19.2714 114.385 114.942
370 51.1462 114.062 29.3882
371 2.42577 105.108 102.604
372 94.9708 -0.818043 15.3154
373 3.74757 39.3928 51.0909
374 48.4384 34.3547 -1.05055
375 0.261146 100.117 122.363
376 18.7058 40.7598 -1.15884
377 9.18575 114.588 101.765
378 4.64989 96.0606 83.2449
379 50.6178 113.466 87.3701
380 52.4373 113.871 108.467
381 73.4 113.256 88.6074
382 -0.369714 14.0476 109.3
383 6.69672 9.95147 -1.01803
384 73.3477 97.153 124.061
385 2.37758 115.28 1.61509
386 4.72455 72.1341 23.0011
387 51.9665 46.9634 21.2465
388 111.512 97.6885 93.8571
389 72.2653 0.701136 -1.27315
390 114.514 29.1305 111.095
391 77.9623 -1.62104 113.728
392 109.946 60.8737 56.7061
393 109.753 7.4424 -1.16216
394 1.31164 81.8902 123.545
395 53.7665 113.923 115.754
396 8.13415 26.8486 123.681
397 1.40387 27.7915 83.5608
398 6.43286 88.1346 37.6419
399 108.83 7.54871 84.3042
400 7.24785 77.6963 123.946
401 7.86425 114.381 66.1467
402 -0.00658209 6.81968 100.686
403 0.290247 87.2403 111.097
404 53.6737 57.5514 21.2479
405 10.8529 41.817 123.861
406 39.02 113.953 87.8916
407 72.2298 106.151 124.312
408 82.3342 2.35251 -1.22419
409 32.4783 114.799 18.4326
410 6.94672 113.664 27.668
411 110.073 85.9775 99.7868
412 3.36465 34.0286 56.5041
413 71.5893 113.025 99.9783
414 12.6068 0.174852 31.9657
415 115.24 89.9704 118.809
416 8.864 -0.115409 98.8879
417 104.248 113.132 94.6681
418 59.3647 113.637 122.934
419 -1.40121 2.55647 113.913
420 -0.0198249 77.4767 116.711
421 94.6984 74.7253 123.934
422 15.1914 1.72716 -1.27155
423 1.33418 23.4193 88.3472
424 0.574746 32.5764 98.8895
425 59.2687 -0.440768 94.6681
426 7.18015 0.28455 85.6654
427 25.1838 1.17276 51.676
428 2.11364 115.209 12.1155
429 113.587 40.4391 109.37
430 114.184 79.0192 20.3994
431 115.34 109.826 22.5078
432 76.2329 76.7352 -0.650138
433 66.5972 -0.331024 74.5691
434 -0.321246 29.4477 108.537
435 -0.338205 36.2368 109.098
436 57.101 113.584 74.6526
437 -0.565523 46.215 17.7001
438 112.669 74.8223 50.5185
439 62.4936 11.0667 -1.10132
440 33.7387 84.8577 50.6863
441 6.80003 -0.282329 106.525
442 15.939 73.6061 115.319
443 4.24395 64.6991 123.572
444 24.9918 13.5216 123.474
445 14.4548 86.6012 123.811
446 2.99944 70.8061 114.859
447 0.681222 85.463 108.125
448 17.0971 56.0851 113.619
449 45.7508 59.3616 124.19
450 49.3684 73.8579 110.022
451 85.1008 89.0018 -0.701339
452 44.7821 77.931 116.175
453 40.4407 82.7138 111.226
454 53.0806 84.044 124.229
455 12.2441 114.492 99.2063
456 49.4447 114.002 109.558
457 28.6945 62.2293 123.885
458 55.9417 59.7565 123.91
459 14.3071 74.3695 124.048
460 -0.250291 61.0266 112.782
461 76.511 -1.18526 104.445
462 44.4115 63.9857 124.134
463 44.396 51.8922 124.015
464 56.0192 63.7886 124.07
465 3.89302 91.4434 87.5113
466 20.1598 71.4714 123.887
467 15.8212 0.141305 59.0192
468 3.10019 73.4978 112.447
469 5.45269 55.6953 123.6
470 35.7927 60.4454 115.375
471 5.04155 90.1621 71.8086
472 5.27617 95.5957 74.8824
473 29.5093 71.7993 118.089
474 25.5157 84.1082 114.163
475 98.0529 94.5719 -0.403561
476 112.734 58.1132 38.8253
477 6.44689 114.525 109.603
478 58.6996 72.9905 124.098
479 12.6643 -0.0533267 86.197
480 68.2854 113.554 106.658
481 59.0041 76.008 124.022
482 17.2885 74.8678 123.884
483 44.482 53.2106 107.395
484 4.4979 69.4132 114.716
485 0.43603 95.9616 110.112
486 30.3251 68.0025 111.672
487 60.3307 70.9549 124.019
488 41.6485 81.8149 116.133
489 19.7747 42.9305 123.603
490 106.953 -1.11075 36.9803
491 -0.348582 72.2189 113.708
492 23.0545 114.395 47.0417
493 27.5882 81.4723 124.007
494 13.4703 61.8982 109.91
495 79.7824 -0.451265 55.8475
496 53.8179 114.852 3.83112
497 24.6946 77.2727 -0.798666
498 19.1137 93.3262 3.59727
499 46.2178 88.2068 -0.615307
500 13.0939 114.89 43.597
501 15.6623 103.005 11.55
502 48.9065 95.0849 1.12394
503 10.7126 109.851 -0.390496
504 14.8582 94.5621 6.11771
505 34.846 104.504 -0.488957
506 20.6533 115.261 11.1316
507 19.6329 34.7564 -1.09917
508 42.2612 114.677 17.6161
509 105.809 -0.943266 89.3679
510 27.7783 96.316 6.74799
511 95.2916 114.29 7.06529
512 90.4874 113.035 80.6093
513 4.02834 103.234 90.7154
514 11.827 96.5766 -0.425518
515 46.752 94.371 13.6323
516 27.2939 88.9538 3.24121
517 57.9759 110.011 14.4767
518 0.139711 97.9302 6.54728
519 17.3842 88.5735 -0.514431
520 6.4581 87.9392 41.4324
521 47.7278 102.627 13.3209
522 15.8133 101.486 -0.58062
523 39.2729 -1.1066 116.88
524 59.4079 99.3852 10.822
525 11.613 113.686 24.2204
526 56.4444 114.841 7.73397
527 50.9113 114.783 5.03183
528 44.8206 86.2899 -0.699243
529 30.6501 94.6464 -0.628091
530 27.9404 92.7027 7.13445
531 13.6384 115.366 8.38767
532 18.2521 114.42 109.859
533 3.77014 61.4935 65.4344
534 31.0564 -0.487805 104.512
535 59.6932 113.571 103.399
536 114.319 98.6737 26.4079
537 113.544 17.7996 20.2977
538 3.5102 82.8386 83.8729
539 52.1919 113.657 81.3424
540 12.0728 114.79 69.4285
541 98.6002 40.8226 -0.914754
542 29.2357 114.157 89.7899
543 11.4434 71.6036 -0.755116
544 6.525 112.871 -0.184263
545 99.9173 114.053 13.4547
546 25.6463 114.219 81.94
547 36.323 102.286 -0.483476
548 40.5266 114.147 62.6267
549 21.1156 114.54 117.105
550 15.1299 111.65 -0.479779
551 -0.355112 51.7152 12.0793
552 2.36109 53.3297 77.5896
553 41.9338 84.7232 124.292
554 3.69951 108.046 124.174
555 102.801 33.8218 -0.735321
556 83.4722 113.277 82.5254
557 32.3133 113.9 103.955
558 27.4268 0.254976 56.4852
559 89.5073 114.235 10.9718
560 32.4162 114.145 81.5953
561 43.3757 98.3898 124.18
562 65.6446 113.566 66.8163
563 37.2455 114.088 73.9883
564 69.1872 113.161 86.245
565 4.29905 76.9479 123.622
566 109.91 78.2233 87.6256
567 17.0926 114.789 38.2049
568 110.785 -1.03628 10.2965
569 49.3765 114.159 44.3269
570 3.62608 0.265486 0.0878957
571 52.6471 113.629 76.7127
572 73.3936 113.805 52.9328
573 101.831 112.793 77.6641
574 70.6169 113.106 85.1765
575 77.5187 -0.536351 84.6521
576 110.823 44.8968 105.345
577 49.8643 56.3612 -1.2983
578 113.311 14.4495 107.111
579 21.9984 115.221 3.90744
580 43.6622 114.087 49.6538
581 63.1549 83.1953 124.26
582 112.982 98.9904 103.661
583 52.4143 114.904 11.307
584 13.7799 114.732 66.5583
585 29.5751 114.312 18.4324
586 35.034 114.307 121.822
587 26.5579 114.614 56.4022
588 5.87223 65.9471 47.5373
589 45.0473 104.818 124.198
590 90.5485 113.146 77.5473
591 26.4979 114.487 64.8082
592 6.69439 64.7494 27.9605
593 12.9299 115.145 47.9327
594 86.2953 106.641 -0.520882
595 10.2916 72.5584 123.989
596 110.807 88.1016 -0.292772
597 9.03736 104.085 -0.282009
598 38.0628 19.2711 123.575
599 31.5979 87.784 124.331
600 6.07152 70.0095 26.5463
601 -0.153756 77.5 120.474
602 106.184 112.811 100.864
603 0.626603 21.2657 94.5204
604 1.91409 21.0689 78.1484
605 31.2745 114.346 30.1225
606 5.14789 106.415 49.4042
607 8.96075 99.0041 123.849
608 6.28385 114.55 68.1425
609 43.4162 113.87 57.0378
610 97.0359 112.177 124.07
611 16.7347 115.049 17.3772
612 31.655 114.185 75.1124
613 79.6891 113.758 40.641
614 113.235 67.3627 123.664
615 109.724 65.9529 83.3394
616 16.9247 42.1394 123.664
617 12.5453 114.558 84.2705
618 0.312138 54.5765 19.8097
619 67.4341 113.732 55.812
620 34.5705 114.725 112.813
621 45.8298 113.894 65.611
622 74.7422 114.271 22.4617
623 68.8297 75.8844 -0.780993
624 45.2363 108.56 124.243
625 7.88838 113.288 124.167
626 39.094 89.5836 107.4
627 13.566 102.343 102.313
628 24.1678 94.2992 120.192
629 17.1962 114.48 78.0982
630 74.4522 113.976 32.2456
631 0.207135 89.4635 104.898
632 3.22891 96.118 123.978
633 54.0177 110.287 112.245
634 14.745 91.8854 124.147
635 96.691 103.873 124.171
636 0.966706 41.3768 123.345
637 39.5405 114.163 47.1135
638 46.3977 94.3844 124.157
639 32.2645 104.01 124.385
640 20.5282 87.434 124.063
641 46.8518 114.222 113.82
642 115.081 58.0837 0.896696
643 -0.0706984 67.9406 16.5738
644 15.3302 106.6 118.176
645 6.94933 21.283 28.2696
646 3.08815 41.5868 65.0316
647 6.1877 114.619 63.7101
648 4.84896 99.9396 55.8657
649 5.36532 95.9235 43.7247
650 13.4688 104.883 124.233
651 91.1651 -0.742088 52.9768
652 57.945 83.0218 -0.725548
653 33.6579 100.661 124.206
654 17.8444 75.1999 -1.00888
655 4.2896 98.5652 124.276
656 3.41692 3.35922 50.8499
657 33.5194 105.099 115.231
658 0.350149 110.503 14.5358
659 41.494 91.9575 118.275
660 46.6047 109.231 113.204
661 8.9378 77.2314 105.17
662 17.5228 104.0 124.264
663 0.539153 107.27 111.29
664 15.8771 88.5 124.045
665 23.6268 106.602 110.34
666 35.0839 114.143 117.858
667 -0.411406 52.0959 16.4168
668 42.7577 81.8218 118.305
669 12.1816 94.5636 118.327
670 109.697 23.063 59.0744
671 16.9281 0.246855 34.9654
672 34.2326 56.0547 -1.2045
673 99.8344 9.30798 4.58438
674 69.8814 29.2464 -1.1502
675 85.5942 26.766 -0.935518
676 43.9162 13.3287 -1.1756
677 114.12 12.0589 13.9387
678 95.9033 39.1471 10.8866
679 87.6276 33.3663 19.122
680 97.3516 6.94995 2.77643
681 89.7036 19.9158 11.4747
682 48.1522 0.0780754 31.9187
683 74.1628 27.089 -0.950995
684 49.593 -0.360533 68.7716
685 89.6887 12.7562 -1.19595
686 94.1425 113.021 -0.402893
687 113.967 -0.814107 120.092
688 79.5913 11.1058 6.90959
689 95.4932 6.88364 18.9532
690 109.311 -1.01688 12.4541
691 58.8273 -0.22414 49.2602
692 90.7934 -0.696911 17.1916
693 95.4059 19.576 20.3516
694 66.7753 10.136 5.58041
695 70.8515 33.4204 10.8458
696 76.9741 25.6773 -1.15644
697 84.0486 22.9682 13.2281
698 51.0577 17.9461 123.544
699 98.369 31.7874 3.36565
700 101.476 113.505 29.9755
701 5.09923 105.982 58.2176
702 98.0085 15.5021 -1.15164
703 104.042 113.079 108.229
704 111.188 113.931 5.08053
705 69.7925 -0.444384 61.2044
706 22.6013 -0.285543 100.387
707 8.16389 0.578166 42.4211
708 63.4387 94.4497 124.147
709 3.51248 12.9855 123.288
710 111.487 49.4934 101.526
711 83.9745 15.8402 -1.22218
712 113.203 88.3361 36.7054
713 102.614 18.721 -0.970814
714 112.749 84.5628 44.9736
715 113.597 26.9467 15.6716
716 109.182 33.8759 83.3407
717 41.2081 -0.310628 11.9636
718 87.496 -0.780555 73.0162
719 115.159 74.9362 8.91973
720 108.39 8.45829 123.698
721 103.69 -0.785544 55.6251
722 76.2434 113.419 48.1134
723 99.9931 113.542 31.1354
724 81.9411 113.129 81.4529
725 109.735 14.1396 57.5469
726 71.3292 33.1511 123.81
727 5.21397 1.93171 43.1759
728 56.863 -0.734689 1.41971
729 21.5038 -0.279968 98.2085
730 6.22047 79.6236 37.0109
731 63.7219 -1.09556 122.447
732 10.3088 94.0181 124.101
733 111.03 0.86408 45.6032
734 114.008 66.7757 21.8559
735 55.7454 -0.137471 65.1742
736 82.7098 1.09483 98.6909
737 111.661 99.4881 79.7772
738 109.497 -1.67777 109.864
739 100.473 112.91 82.9482
740 114.666 31.8164 2.29382
741 96.9357 6.73687 -1.28315
742 37.9605 113.649 105.406
743 111.215 23.7174 100.381
744 0.624521 113.941 14.386
745 86.5541 2.48904 123.493
746 93.5142 -1.1036 90.0042
747 67.5517 113.282 88.3486
748 0.992699 57.6982 99.9909
749 105.891 -0.990633 98.177
750 66.1006 -0.674094 69.5468
751 111.996 104.1 62.7222
752 25.1477 0.0371286 70.9463
753 2.45969 1.46861 69.2197
754 2.12866 55.0388 80.7247
755 6.31513 -0.600174 121.74
756 113.984 104.256 123.998
757 5.06616 83.7796 43.2576
758 -0.788749 25.0939 116.365
759 0.703575 1.4816 93.8438
760 113.076 0.392836 23.6651
761 77.5186 -0.938077 16.9275
762 7.40644 0.0434651 97.4766
763 113.92 13.4727 17.013
764 76.3485 -1.02096 5.51079
765 4.71044 48.7863 48.3106
766 52.6164 31.7341 123.859
767 93.7909 113.513 63.2057
768 72.3442 1.34331 99.8027
769 10.5401 -0.0369895 13.2074
770 13.4277 69.8573 124.028
771 92.3172 -0.868686 59.4086
772 46.7473 0.107488 28.4848
773 86.8708 30.0769 117.339
774 70.3278 77.102 123.966
775 98.5939 14.4093 117.643
776 102.621 21.4315 123.283
777 73.8559 18.0257 123.652
778 106.889 22.9621 122.879
779 17.4193 -0.189127 98.9844
780 39.3408 -0.232186 78.7204
781 76.5333 -1.35796 111.75
782 109.433 21.8599 69.7835
783 110.837 -1.80826 119.961
784 75.3609 11.0896 123.573
785 80.8564 22.8811 123.837
786 66.6457 10.865 123.376
787 34.6067 -0.474073 96.5298
788 85.6068 -0.7904 32.4586
789 85.5214 21.2351 123.716
790 108.864 17.9692 83.2003
791 108.411 30.831 120.004
792 82.9653 24.5865 111.826
793 85.2252 24.7665 111.636
794 92.8011 24.0096 123.484
795 115.203 101.456 106.379
796 62.1424 9.00812 123.406
797 30.6392 -0.909116 117.046
798 113.04 20.481 107.378
799 27.4184 -0.17443 78.1705
800 106.308 10.322 111.532
801 63.9044 -0.587405 11.2983
802 114.3 23.2881 120.532
803 81.1092 11.6378 -0.973753
804 114.43 15.2601 112.463
805 5.82805 54.1942 30.6712
806 95.166 10.83 123.567
807 92.4825 7.77515 123.526
808 85.9375 32.8563 123.911
809 84.3522 22.5742 115.884
810 60.931 14.2083 96.081
811 87.2721 -0.72325 82.8096
812 63.9579 16.1857 123.753
813 109.792 78.0585 78.8162
814 106.676 15.2352 106.573
815 92.4064 63.5835 27.3392
816 87.475 53.9762 2.74002
817 -0.261496 35.4737 16.1205
818 100.914 113.664 37.9924
819 96.8184 26.2325 -0.900358
820 101.93 51.4643 11.3882
821 74.301 113.995 26.5227
822 106.779 113.324 30.8093
823 100.306 49.9361 11.6031
824 81.4073 34.7371 14.5489
825 70.7235 -0.290044 40.4573
826 97.4494 45.7365 -0.748907
827 6.78157 0.510386 37.3929
828 78.5919 40.1288 -1.0059
829 77.022 33.2683 14.7773
830 54.1652 36.7564 5.60669
831 71.5226 44.0705 10.7156
832 68.2599 49.7411 13.0654
833 113.003 23.4635 -0.580059
834 83.0511 54.5051 -0.862306
835 115.438 103.845 113.301
836 75.1225 43.7242 11.0388
837 88.7274 46.0445 -1.09545
838 113.622 68.2217 -0.31702
839 66.9989 36.122 -1.23955
840 24.1771 47.8013 124.144
841 59.0265 68.6707 -0.735877
842 105.586 -1.02499 84.4077
843 100.659 113.363 65.7558
844 112.427 76.9257 58.5495
845 75.9007 36.9386 -0.817718
846 70.4895 -0.229446 21.57
847 86.6412 3.54321 -1.09588
848 67.3495 54.9405 18.3349
849 114.329 15.5172 10.5717
850 5.84817 2.03461 23.2268
851 64.4152 33.5313 7.22226
852 75.5167 27.6408 3.06138
853 78.8551 52.5105 7.8271
854 70.116 45.4121 15.5192
855 4.47452 95.9824 86.9467
856 76.3348 39.8085 -1.18444
857 113.532 32.3636 22.7469
858 74.3578 54.1459 -0.935457
859 66.7764 -0.585137 8.66123
860 0.826795 39.9016 102.679
861 95.6351 -0.836576 96.0127
862 113.979 104.169 28.1292
863 29.6879 12.5558 123.631
864 52.6609 -0.670241 4.50659
865 41.1787 11.2497 123.536
866 16.9497 0.223105 42.4571
867 10.2335 -0.0499648 100.833
868 -0.239287 100.623 113.87
869 102.195 -1.06382 6.56191
870 110.193 68.2186 64.2212
871 41.3546 -0.591893 101.49
872 98.8944 55.8263 -0.760024
873 105.041 81.1271 -0.607796
874 -0.0460405 63.3855 114.746
875 87.9616 113.489 73.3709
876 79.6 113.755 35.1314
877 91.5456 113.706 36.948
878 107.883 7.91032 65.5808
879 89.096 -0.829546 75.8183
880 76.6775 -1.18933 108.638
881 113.941 5.46268 110.348
882 114.328 18.9454 112.837
883 12.335 0.203741 8.20399
884 90.5603 -0.937702 104.229
885 29.756 0.00798525 63.6945
886 50.6504 73.1385 124.197
887 68.2292 13.8095 -1.23237
888 109.675 113.097 30.7278
889 115.478 102.393 12.9447
890 109.868 32.3972 63.3302
891 60.8417 -0.432497 70.7133
892 112.31 78.5452 55.7852
893 26.1847 106.832 124.224
894 114.421 29.5798 122.57
895 95.9666 113.073 94.4884
896 73.6093 97.0979 -0.904708
897 100.191 -0.811977 21.0458
898 88.1898 -0.927721 4.93021
899 2.22831 3.06006 123.167
900 4.32326 60.9427 56.8137
901 37.3651 62.3377 123.936
902 107.635 2.25675 76.8255
903 110.237 16.3478 46.1661
904 109.17 36.0197 89.5793
905 25.921 31.452 124.046
906 1.05737 38.2084 100.263
907 109.764 63.5343 88.9903
908 113.656 71.9338 -0.535069
909 85.0143 -0.708905 74.1963
910 94.0827 -0.759489 53.1344
911 78.8065 60.8643 -0.842922
912 1.58158 10.9 84.1095
913 110.26 13.4872 48.3871
914 103.507 3.31105 -1.39448
915 81.785 60.6614 -0.866434
916 114.387 85.645 18.1931
917 82.7562 113.521 36.3779
918 55.1907 -0.163197 70.3244
919 5.45105 51.4954 123.562
920 110.128 57.9911 65.8961
921 77.0984 -0.478657 91.5238
922 114.976 56.0218 112.32
923 0.484994 111.329 111.241
924 115.021 85.8302 122.621
925 98.0896 0.44875 -1.37278
926 105.177 -1.56461 108.626
927 -1.00812 1.74731 5.66224
928 110.423 67.1711 101.134
929 35.1565 -0.248652 87.8857
930 45.0853 114.17 54.5359
931 114.012 9.6529 0.347235
932 76.0887 -0.750706 76.7813
933 75.1463 -1.03107 4.34323
934 53.7603 6.03165 123.312
935 7.14589 37.4954 36.5665
936 26.1955 54.2454 23.9058
937 109.265 0.926931 49.8976
938 82.478 13.8326 -0.82311
939 28.3135 17.4784 123.6
940 37.3963 -0.448438 95.1358
941 52.7739 72.3958 19.8202
942 84.7625 1.01585 96.2842
943 65.3739 26.3747 123.858
944 73.7125 30.6891 117.995
945 66.2216 113.746 59.2226
946 95.8593 52.1893 123.815
947 5.29589 57.5984 55.8174
948 97.1115 34.0469 123.723
949 80.0255 48.7142 116.525
950 107.411 52.3174 123.716
951 110.066 32.0836 123.585
952 69.3555 41.0257 115.853
953 28.7391 0.0229961 57.8015
954 109.534 55.4548 77.2587
955 75.8487 43.2023 107.465
956 112.591 31.4423 39.8773
957 58.8046 51.6976 123.976
958 107.748 113.039 101.741
959 101.385 54.9797 107.653
960 104.902 32.4817 115.771
961 63.7112 34.8475 112.04
962 91.7095 -1.13526 72.2948
963 49.2064 114.087 50.0191
964 9.21888 0.759639 123.166
965 90.1573 46.1329 121.618
966 110.244 28.9299 45.9617
967 43.2552 114.041 61.545
968 0.530137 1.28799 99.5195
969 90.7201 46.8645 117.858
970 88.581 37.9749 114.916
971 109.332 45.7861 87.3611
972 58.2441 113.616 81.3515
973 112.35 102.384 56.2644
974 102.646 -1.22955 71.1057
975 90.0078 35.3972 114.361
976 32.7403 49.9869 -1.02569
977 54.3344 48.7039 113.535
978 84.0546 24.3214 123.788
979 81.3259 35.3182 123.842
980 7.31106 57.1695 -0.760716
981 87.1791 43.3378 123.854
982 64.1027 34.3322 108.78
983 114.85 7.02002 11.0505
984 100.257 -0.979413 96.729
985 92.7027 48.685 113.814
986 110.322 44.0232 123.565
987 75.7423 36.1452 107.122
988 35.0595 0.263824 123.49
989 94.0124 18.3593 117.772
990 93.4214 72.9603 -0.477707
991 73.2527 66.3086 5.42508
992 74.9608 81.3161 10.134
993 81.8965 84.6195 -0.711617
994 110.779 61.2889 52.825
995 91.275 30.8096 -1.09291
996 25.5658 113.898 98.2025
997 1.46017 90.9519 -0.0769475
998 55.4276 37.3907 -1.04594
999 56.9708 103.885 124.553
1000 94.7038 63.1664 -0.895538
1001 101.806 72.1484 -0.674575
1002 78.3631 63.8336 9.03844
1003 70.3939 65.356 -0.764185
1004 63.7596 86.2184 9.51162
1005 80.5118 81.6785 13.6815
1006 110.45 53.6302 57.9495
1007 115.048 66.5625 16.3293
1008 97.6937 66.9293 -0.598598
1009 111.841 61.9821 -0.699561
1010 102.044 69.1706 -0.747976
1011 81.7325 62.7832 9.83709
1012 112.553 36.277 106.899
1013 106.277 66.1576 -0.760791
1014 44.901 77.1731 25.1334
1015 115.166 80.269 3.13412
1016 85.8482 75.6855 21.5189
1017 90.5722 76.4722 -0.706543
1018 22.1584 114.165 86.9754
1019 54.9686 92.0724 11.6793
1020 80.8198 114.46 7.13974
1021 63.7431 78.3979 9.03705
1022 89.1703 83.3581 -0.63865
1023 83.0483 63.7652 13.2665
1024 97.7322 73.6222 7.14567
1025 109.284 66.2041 -0.570845
1026 73.9128 113.555 43.3502
1027 115.035 74.4662 20.5926
1028 81.5326 113.881 28.758
1029 84.6266 67.3476 14.6983
1030 86.1297 90.4498 -0.705686
1031 88.0744 67.7539 3.05757
1032 36.4652 114.206 63.2
1033 64.5733 69.6706 3.4304
1034 69.1817 76.413 14.8178
1035 83.4972 63.7413 9.1191
1036 61.902 82.0561 -0.781798
1037 74.7368 70.5836 -0.832184
1038 95.9097 73.5813 -0.798229
1039 76.2363 82.9173 6.38804
1040 114.031 4.03731 14.564
1041 104.711 71.1788 14.9585
1042 85.1713 96.985 -0.477721
1043 109.923 74.3021 99.5553
1044 84.2662 49.7847 13.3039
1045 42.6838 113.579 -0.334473
1046 69.0283 113.052 90.516
1047 59.5535 44.5717 89.6284
1048 61.9579 77.175 124.068
1049 54.2469 113.777 70.5132
1050 109.81 15.6368 123.479
1051 111.474 93.0698 103.335
1052 87.5317 96.5607 -0.500785
1053 52.607 14.2896 19.1888
1054 62.8129 113.78 67.6545
1055 76.0325 113.273 92.7535
1056 86.6434 -0.831198 62.3647
1057 79.8966 26.8936 -0.975083
1058 97.9953 113.807 18.1751
1059 108.799 113.381 27.1448
1060 5.04108 7.43512 44.7747
1061 75.2637 113.339 66.2854
1062 19.0802 114.64 66.5745
1063 92.4694 113.796 34.906
1064 50.5766 -0.450258 72.374
1065 77.5975 -0.839888 67.5539
1066 3.59458 0.323161 76.7353
1067 58.6361 0.116952 26.266
1068 103.796 8.205 -1.36737
1069 106.514 106.747 124.335
1070 22.1138 115.06 8.14551
1071 76.3395 108.77 -0.36395
1072 96.2572 113.497 63.2498
1073 57.5696 64.1392 74.0418
1074 5.49937 43.1843 123.573
1075 39.7013 34.8079 123.849
1076 113.724 108.872 36.2193
1077 113.4 66.817 33.7167
1078 17.3933 82.7804 123.947
1079 4.64186 75.3037 69.4026
1080 -0.0266897 3.05504 100.885
1081 51.1726 -0.204787 86.6002
1082 93.7582 -1.09362 100.547
1083 12.4386 114.467 109.306
1084 42.7433 26.2787 -1.05338
1085 47.993 113.789 82.9161
1086 42.8795 114.024 75.2979
1087 32.1319 115.243 3.09392
1088 98.886 59.8339 -1.0856
1089 95.182 0.311891 -1.11926
1090 10.8541 6.49151 123.389
1091 11.427 114.932 59.1534
1092 79.1325 68.5789 -0.765337
1093 0.180117 102.22 2.81911
1094 77.6411 98.126 124.285
1095 113.58 62.0046 26.1598
1096 61.786 114.124 28.3479
1097 103.076 70.6259 124.229
1098 108.409 -0.930008 44.2525
1099 75.4659 55.525 124.082
1100 -0.342019 -0.369684 111.216
1101 1.96006 59.8772 88.4771
1102 112.732 82.6682 47.4338
1103 22.9751 63.2952 -0.5926
1104 111.123 49.5574 97.8425
1105 81.7172 45.2958 -1.15045
1106 111.636 105.689 81.7457
1107 32.5572 114.442 36.6691
1108 0.183148 53.7137 107.422
1109 102.977 29.018 123.892
1110 103.439 113.412 62.8194
1111 112.788 51.6177 40.9287
1112 -0.325296 37.2495 17.9676
1113 111.528 88.4428 95.6428
1114 113.167 96.0066 41.3436
1115 92.4173 113.593 112.614
1116 43.2697 0.0424784 45.2772
1117 2.45366 107.271 108.244
1118 20.9821 -0.0792378 11.0695
1119 55.364 110.34 124.563
1120 13.9852 114.554 63.5133
1121 19.5264 114.78 70.888
1122 59.696 97.752 124.218
1123 2.63497 91.3148 21.9448
1124 23.6825 2.03167 46.6317
1125 87.1072 113.474 57.6696
1126 111.031 113.188 118.586
1127 29.7312 0.00196762 28.2687
1128 100.333 71.1635 113.868
1129 86.0557 86.9548 124.158
1130 82.268 8.72948 123.621
1131 110.365 61.4389 113.043
1132 75.9775 66.5981 113.566
1133 47.6775 85.2479 -0.877531
1134 67.2683 59.8727 111.122
1135 83.3752 113.879 118.187
1136 70.1986 113.155 92.2379
1137 60.3177 65.7803 124.092
1138 107.589 83.5123 123.949
1139 90.163 64.475 124.029
1140 87.9156 113.697 111.87
1141 79.0145 83.9827 124.052
1142 74.9118 82.0243 106.494
1143 115.076 64.3958 116.367
1144 50.912 -0.725294 93.6126
1145 101.591 59.3661 123.816
1146 96.0042 67.5359 124.109
1147 75.8659 68.9091 124.084
1148 87.2443 -0.547984 27.3807
1149 81.8128 76.6044 124.018
1150 114.603 21.9681 7.88195
1151 108.106 70.9524 111.826
1152 37.2992 113.827 93.2902
1153 102.329 -1.742 113.025
1154 47.2054 57.0091 123.83
1155 68.9433 73.3121 104.203
1156 64.578 83.972 124.212
1157 105.758 77.0705 109.936
1158 107.158 39.6373 -1.04528
1159 115.088 73.4795 115.315
1160 80.2548 69.779 123.911
1161 99.4185 -0.785087 33.8806
1162 107.087 113.992 2.56513
1163 111.678 40.8025 123.535
1164 113.431 109.406 96.7098
1165 82.7102 -0.538904 28.1474
1166 113.279 72.1917 118.585
1167 4.24534 42.2123 -0.756195
1168 -0.52412 56.9379 120.169
1169 84.5497 73.1613 110.073
1170 115.4 71.0731 0.950031
1171 84.3777 56.6179 123.937
1172 69.0814 70.9353 124.002
1173 33.6537 109.386 124.321
1174 73.0011 59.6444 123.772
1175 88.8818 80.2204 121.223
1176 114.33 21.2449 122.32
1177 79.7299 114.334 12.016
1178 99.1087 113.212 97.3668
1179 101.212 113.957 3.14969
1180 110.942 -1.61891 116.146
1181 105.854 -1.04579 71.2744
1182 102.963 101.963 3.51232
1183 98.0647 78.0876 -0.801966
1184 7.66629 0.150365 81.4513
1185 58.1058 104.24 -0.51008
1186 82.6424 104.948 -0.507418
1187 75.2204 103.549 4.29114
1188 115.391 92.7207 10.7469
1189 56.4921 113.53 84.5754
1190 76.4018 96.8076 -0.631667
1191 72.5707 106.296 11.4259
1192 0.429767 24.9565 -0.801155
1193 91.8738 0.633816 49.3146
1194 96.7958 101.764 -0.283757
1195 64.8661 -0.443605 37.2401
1196 94.6185 113.16 99.809
1197 93.8725 105.886 -0.516374
1198 0.257537 83.8706 20.3138
1199 112.92 17.5936 24.8613
1200 90.6391 91.8223 11.1804
1201 63.9002 114.53 6.00401
1202 93.6862 88.5087 -0.664233
1203 115.735 108.58 10.8273
1204 107.852 87.7483 124.099
1205 57.3419 39.3744 -1.17204
1206 63.0347 114.029 36.0503
1207 99.3948 95.3869 6.98761
1208 104.075 107.423 -0.424961
1209 69.381 104.14 -0.616899
1210 112.613 113.716 11.4479
1211 92.326 89.8664 11.295
1212 62.0344 110.566 -0.665038
1213 65.2036 113.49 80.6508
1214 49.3992 112.565 -0.317352
1215 76.0117 -0.950842 82.4201
1216 38.0222 115.098 6.20451
1217 90.0188 113.574 52.5874
1218 63.6753 113.791 45.355
1219 80.655 -0.640389 67.6963
1220 101.381 113.383 112.489
1221 86.1313 114.337 15.697
1222 26.5889 115.055 2.95158
1223 66.465 114.649 7.02965
1224 116.088 106.959 1.46357
1225 98.8071 -1.07178 100.375
1226 107.723 113.061 35.9299
1227 87.3362 113.379 88.8579
1228 74.5368 -0.379956 29.1735
1229 84.585 113.648 67.1381
1230 36.3989 113.927 106.121
1231 111.095 39.8123 103.69
1232 3.57859 0.236768 8.37766
1233 104.478 -0.90712 79.0692
1234 109.552 64.0022 85.8585
1235 90.1989 113.152 93.1433
1236 115.288 88.4531 112.956
1237 2.08373 44.6619 19.3815
1238 3.21162 95.282 94.981
1239 111.977 102.259 72.5693
1240 82.2198 -0.979301 14.3461
1241 115.808 112.458 2.93567
1242 78.698 2.98617 98.103
1243 104.806 72.0153 -0.716867
1244 5.14428 101.783 45.502
1245 110.467 -0.80536 38.7371
1246 110.446 12.3744 102.806
1247 111.539 103.393 91.2667
1248 41.0815 113.848 81.7603
1249 45.5255 113.478 98.0913
1250 74.0546 113.778 110.414
1251 109.565 37.9051 78.637
1252 110.851 33.8962 45.275
1253 40.6335 84.282 -0.767759
1254 53.8285 113.796 122.919
1255 93.2469 -0.508388 18.7794
1256 113.97 54.9223 107.188
1257 81.8204 72.6562 124.032
1258 103.569 113.358 39.4404
1259 16.4912 115.095 0.990329
1260 71.3797 113.606 68.3352
1261 95.8389 39.875 123.783
1262 3.89438 107.378 95.3027
1263 50.7605 113.992 114.758
1264 113.302 111.481 50.1292
1265 47.6339 113.98 60.0422
1266 5.58921 114.284 95.2805
1267 114.898 60.4737 2.63763
1268 49.8815 113.496 19.6458
1269 6.06587 76.4719 34.0274
1270 20.2072 114.832 45.5422
1271 82.376 13.0994 123.82
1272 42.1646 114.823 9.17098
1273 99.4463 88.1911 -0.559302
1274 69.1314 113.646 74.5594
1275 112.27 10.1663 38.0297
1276 95.7335 113.289 48.3523
1277 99.36 113.654 37.038
1278 80.5066 113.04 96.5045
1279 44.6977 114.701 24.3056
1280 21.9705 92.7761 124.12
1281 43.6165 114.191 109.675
1282 8.93774 92.0495 123.909
1283 91.6319 113.103 96.9362
1284 89.9795 31.7942 123.734
1285 7.38383 49.0722 -0.879433
1286 106.643 11.3478 -0.907325
1287 57.9226 113.918 44.9669
1288 1.81561 21.2492 81.816
1289 86.6266 102.678 -0.4611
1290 111.283 112.618 -0.0527321
1291 10.8814 30.9223 123.613
1292 99.462 108.028 124.255
1293 112.151 81.9612 52.1794
1294 110.58 26.4811 44.901
1295 111.868 65.022 52.0948
1296 35.459 114.308 43.8185
1297 60.9024 113.667 108.656
1298 4.38082 98.2629 65.8351
1299 90.5659 84.6863 114.897
1300 78.9464 95.5149 112.459
1301 107.843 97.8178 117.418
1302 78.1059 113.645 116.767
1303 74.9124 82.8688 111.51
1304 86.451 109.678 120.246
1305 91.8739 81.7217 124.037
1306 50.3404 69.9777 -1.04045
1307 63.5446 101.99 124.231
1308 73.2258 71.6909 124.231
1309 108.047 107.694 124.258
1310 113.431 79.4485 35.6556
1311 74.9533 113.825 117.987
1312 109.388 100.637 108.767
1313 73.2369 103.672 118.216
1314 90.9498 108.115 124.088
1315 102.897 82.7811 124.223
1316 74.9263 94.4505 110.847
1317 105.034 101.539 120.477
1318 45.0956 -1.23114 121.13
1319 56.3299 96.4237 124.078
1320 90.2849 99.6767 124.422
1321 50.1087 61.0976 123.93
1322 103.324 88.3732 113.14
1323 73.8764 107.277 113.792
1324 18.433 114.436 80.0813
1325 8.0326 70.8715 34.2801
1326 115.187 97.8196 118.739
1327 109.524 -1.01044 105.379
1328 113.983 113.04 122.707
1329 72.3312 110.329 124.381
1330 60.9739 114.052 120.819
1331 115.276 82.1647 118.809
1332 90.8373 113.713 118.783
1333 58.9769 89.3765 124.249
1334 105.813 92.9417 112.263
1335 55.0645 114.118 109.506
1336 89.1924 96.9294 113.454
1337 69.3121 99.2791 124.068
1338 6.65676 101.795 27.6228
1339 25.0617 -0.258995 10.2488
1340 80.2558 86.8612 124.153
1341 115.338 66.102 4.94768
