0 4.46363 21.2804 71.2838
1 9.34195 0.19718 0.218631
2 6.91773 10.1165 7.12506
3 6.42023 1.29968 20.479
4 94.1304 34.1921 124.54
5 0.0307064 24.3312 100.823
6 0.76212 9.10475 -0.902725
7 43.8143 27.9413 6.82072
8 14.17 -0.00906127 4.98969
9 39.7095 15.1049 -1.03198
10 13.9632 -0.561387 105.083
11 53.2573 63.5123 124.758
12 45.7139 30.2279 -1.10454
13 41.1793 16.1767 -0.999826
14 106.82 7.51375 90.5837
15 9.03738 28.2954 -1.11925
16 21.8051 -0.244066 62.7694
17 -0.574303 19.3638 0.29538
18 38.3966 29.578 -1.03709
19 30.0947 9.7392 -1.37343
20 57.1116 115.142 9.37818
21 46.3338 -0.32444 49.9906
22 13.5522 2.44724 -1.40763
23 45.7389 -0.287707 70.1094
24 39.57 -0.217597 2.36523
25 30.7635 -0.0712068 82.7414
26 62.6237 17.1392 10.5705
27 36.2645 -0.495902 64.6986
28 44.5947 114.494 64.2261
29 74.6754 65.4459 124.704
30 -0.203703 45.406 2.14993
31 32.456 16.7204 -1.33627
32 5.26348 7.7212 -1.00552
33 5.00107 60.856 23.9178
34 46.891 -0.991891 103.306
35 64.9512 79.8685 124.813
36 7.78981 -0.569457 109.519
37 43.862 13.0967 -1.2687
38 107.6 72.4536 95.4529
39 26.6087 114.119 64.3558
40 26.606 0.129109 32.0706
41 107.42 43.98 124.49
42 51.1873 2.46816 -1.17869
43 22.5378 114.466 67.3225
44 19.8235 -2.29969 98.7118
45 20.2507 -0.196704 69.9153
46 16.0982 0.240597 59.6841
47 106.916 -1.08325 34.4986
48 3.67226 16.8321 -1.00244
49 75.814 32.3953 -1.22726
50 -0.997086 0.726003 116.455
51 9.63223 13.8586 -0.893968
52 49.7377 -0.613951 77.683
53 102.273 -1.16504 76.8883
54 5.3913 0.389034 76.6912
55 114.798 37.8891 4.63321
56 5.55617 107.748 40.0808
57 -1.29081 1.94977 1.71316
58 55.3069 -0.607972 85.7137
59 17.6947 0.197858 61.7308
60 45.2894 21.1493 124.314
61 72.4458 21.1037 -1.03067
62 7.10106 45.7553 28.9322
63 114.852 37.0497 122.885
64 113.254 55.7904 -0.450769
65 45.3167 115.02 0.983052
66 6.19729 91.7534 62.3238
67 65.3947 17.9741 -1.09535
68 25.6424 22.6481 -1.2904
69 109.746 44.588 104.104
70 111.052 7.54766 45.313
71 46.715 -0.486504 81.3441
72 109.575 90.0486 74.6084
73 6.55291 8.82377 35.8578
74 16.668 -0.138868 5.32674
75 90.745 69.6851 -0.625597
76 22.7548 -0.588866 93.04
77 82.5308 17.1027 124.338
78 3.89324 20.8258 124.131
79 71.015 -1.44791 112.908
80 111.439 28.4178 42.3911
81 52.3405 -0.3367 0.013041
82 66.2365 -0.461669 54.0216
83 0.489364 112.008 12.5064
84 69.5733 -0.388449 39.0256
85 34.448 -0.494983 74.7361
86 39.0283 -1.23728 116.395
87 64.7403 -0.593475 56.903
88 93.9062 -0.353976 105.149
89 72.2021 0.932457 100.18
90 49.1233 -0.259958 49.1186
91 84.9104 -1.07518 22.9597
92 109.914 48.2428 55.8902
93 1.44021 8.66545 98.7284
94 115.326 97.5636 123.359
95 3.5718 -0.35751 110.42
96 58.3683 6.85364 124.165
97 80.731 -1.70044 118.673
98 -0.354758 8.31799 105.055
99 5.73696 97.4156 76.3447
100 26.7449 -0.0263739 36.1314
101 12.3418 27.7316 124.291
102 85.1255 -0.868759 10.6192
103 114.474 15.6036 116.703
104 76.7902 -0.657243 44.2029
105 69.6019 17.0242 -1.17614
106 76.7155 -0.736148 72.1328
107 0.369 95.5896 115.534
108 8.21896 22.4184 41.7796
109 5.4718 65.4731 67.8337
110 69.9923 113.949 68.5769
111 39.4189 -0.811972 104.498
112 43.5605 14.887 112.419
113 0.47044 113.025 122.19
114 21.7232 15.2396 112.202
115 4.07403 -0.376836 107.621
116 38.8505 -0.0503955 59.3104
117 29.1329 3.32812 124.217
118 9.36505 24.2721 124.219
119 6.14048 -0.49635 110.359
120 29.2484 0.399906 123.965
121 57.9795 -1.18266 122.862
122 17.5627 7.76583 124.194
123 14.3971 -0.293404 92.8362
124 83.0042 113.801 35.7306
125 5.6477 46.0458 51.1504
126 6.61032 9.21312 44.4908
127 46.7285 15.6718 111.512
128 42.1464 6.93806 109.985
129 32.5 20.4774 119.318
130 -0.197707 43.785 15.9303
131 6.75148 25.268 111.766
132 20.9976 9.75322 113.552
133 29.5667 23.6039 124.118
134 42.6191 31.6384 116.833
135 39.6513 14.2432 124.383
136 76.6588 -0.937062 22.6712
137 46.6697 11.2717 114.814
138 98.239 0.872526 37.7003
139 25.2954 20.0239 108.706
140 36.2891 5.19693 124.138
141 59.549 -1.18712 109.514
142 38.03 6.43714 117.477
143 34.0656 8.72849 120.457
144 17.9862 -0.737275 110.305
145 7.55238 5.59792 124.09
146 23.3813 -0.894599 119.624
147 14.0403 17.5543 124.485
148 26.2508 -1.14007 123.075
149 -0.641614 26.7118 107.127
150 0.263534 29.1105 100.699
151 45.3852 1.06508 124.355
152 37.868 8.36627 124.29
153 12.3565 20.9464 124.274
154 89.9586 -0.968537 70.5031
155 18.6721 114.856 36.0791
156 49.4413 114.068 117.374
157 16.4934 0.107211 9.25288
158 13.134 50.5806 13.1056
159 45.906 58.938 15.9997
160 21.8746 0.14469 10.3934
161 100.335 -0.660061 24.4488
162 34.1403 39.9947 -1.21502
163 22.8595 50.4322 5.02563
164 48.4175 38.464 -0.970511
165 4.65127 115.479 11.9381
166 36.8769 35.722 -1.01903
167 44.6287 -0.335269 64.7376
168 24.9985 54.5122 11.0472
169 26.9091 25.3198 -1.29676
170 38.6623 49.9611 7.59262
171 5.67479 77.9922 72.266
172 49.4644 -0.380322 21.1758
173 3.76747 48.7057 7.38673
174 96.8626 114.125 9.17128
175 30.8673 34.2779 6.98634
176 59.5855 114.782 3.89525
177 44.3575 50.4462 14.5627
178 69.6046 113.857 114.325
179 17.1088 43.9027 -0.752345
180 62.2715 114.014 112.346
181 -0.272001 50.8402 119.183
182 32.4264 115.056 14.7623
183 3.83025 13.1006 79.5403
184 45.7943 35.7695 -1.33553
185 16.104 56.7427 20.9918
186 -0.836989 22.7874 0.456172
187 21.037 114.468 56.1412
188 28.6078 39.9899 -1.0267
189 51.2114 31.4949 -1.02511
190 109.847 23.9708 48.1481
191 22.839 45.8951 6.26175
192 24.4694 77.4598 124.791
193 -0.444599 53.9597 18.4095
194 27.2063 52.1089 19.0026
195 -0.260501 53.8847 6.39273
196 41.1789 48.5673 -0.984533
197 10.2016 52.8098 12.9224
198 47.2079 40.0137 15.1878
199 -0.24738 68.1974 8.77869
200 75.7891 113.876 36.4183
201 108.747 43.8322 101.235
202 44.0417 20.1821 -1.08575
203 0.418986 67.676 107.316
204 41.2296 28.727 124.385
205 53.5196 101.33 124.824
206 52.2532 -1.20548 111.408
207 105.479 114.024 1.19699
208 14.9866 -0.0185217 64.2391
209 105.988 5.95636 69.9193
210 6.0228 71.6885 41.0624
211 8.32567 19.8725 36.0495
212 110.799 25.6296 25.27
213 4.97375 38.6027 65.7527
214 5.47493 83.7692 82.4101
215 94.9818 93.7963 124.75
216 57.3051 0.105012 105.413
217 111.853 92.3969 45.7789
218 18.5205 114.612 43.3344
219 1.22311 114.624 18.5453
220 82.1779 114.418 7.88686
221 98.1014 113.833 65.0828
222 56.5258 -0.463151 9.09674
223 35.3255 -0.709599 103.445
224 66.7383 0.543225 -1.20115
225 114.259 100.927 0.293357
226 109.921 18.2976 45.422
227 65.9194 -0.696422 70.5596
228 -0.833579 5.58778 13.6358
229 5.02978 73.7759 80.678
230 45.1325 -0.636161 82.2482
231 36.4312 114.388 62.7115
232 111.014 51.9719 31.6895
233 79.868 -0.923136 71.5053
234 112.692 25.8661 18.4196
235 4.10361 40.9315 -0.651105
236 6.36002 112.94 -0.175922
237 31.1617 113.8 98.3597
238 4.27841 1.95395 62.9511
239 5.70442 93.5305 99.1005
240 11.9282 91.6413 -0.612102
241 46.7112 16.3824 124.122
242 6.05093 34.559 47.828
243 -0.23673 66.9879 119.349
244 4.93898 0.100764 10.4025
245 62.0951 -0.26261 44.6809
246 4.07262 5.54732 75.617
247 11.8748 115.166 28.9569
248 113.212 40.9994 26.1585
249 5.6176 106.202 92.4006
250 28.7202 114.142 86.8545
251 0.114011 69.5475 18.0772
252 25.9464 70.2999 124.615
253 111.611 46.3214 43.4771
254 15.2028 114.157 110.355
255 5.49551 113.63 62.5694
256 39.83 26.6506 124.324
257 104.441 47.8689 -0.696378
258 51.1871 -0.076202 30.3381
259 7.9548 0.457396 46.2176
260 21.7647 77.5027 -0.63153
261 75.5478 -0.975827 77.3657
262 17.2875 -0.185037 69.966
263 5.90492 97.464 80.8076
264 5.82306 97.2525 31.9821
265 4.69955 85.74 92.5876
266 5.59518 46.1521 26.1775
267 113.554 68.9437 -0.269833
268 28.9979 63.0849 -0.950503
269 6.79538 25.8067 32.8234
270 4.41814 61.6741 83.9428
271 2.33932 115.171 8.37003
272 111.58 18.256 30.6155
273 31.3211 -0.418269 74.6049
274 -0.706998 27.6052 8.46401
275 -0.855664 6.11979 122.438
276 5.75341 50.0908 47.1147
277 4.25777 49.8011 83.7535
278 56.8629 17.44 124.241
279 98.2993 11.9596 124.379
280 65.2073 113.769 115.593
281 86.4736 -1.142 94.0098
282 70.8104 113.862 46.7862
283 91.428 109.914 -0.40185
284 -0.602074 54.7605 115.609
285 40.6389 -0.353436 41.9498
286 44.2625 39.9225 124.517
287 114.546 47.4181 109.567
288 -0.581109 30.8197 114.872
289 6.35524 78.2899 30.4957
290 38.3443 41.7441 121.124
291 26.0132 43.1933 110.642
292 12.197 -0.465685 123.088
293 26.8041 44.0271 124.582
294 0.860914 -0.0481541 106.963
295 35.2331 53.4763 124.745
296 42.7964 38.8593 124.514
297 45.0508 114.624 16.2281
298 4.74632 50.1143 120.438
299 29.7676 35.6398 124.374
300 5.65956 49.441 26.4423
301 42.6619 36.0204 113.203
302 17.8788 57.9475 106.371
303 90.5809 113.901 52.4334
304 109.996 6.4294 49.3638
305 49.8812 32.7121 124.456
306 2.88481 78.6831 99.8332
307 16.0662 47.884 124.63
308 86.3926 -1.05269 82.7263
309 11.1668 40.3199 117.962
310 -0.467418 49.0197 113.004
311 30.3019 -0.147503 59.7764
312 47.0924 44.4545 124.421
313 44.2873 49.7547 114.311
314 1.19002 56.6595 123.951
315 19.9044 54.0261 124.597
316 17.034 30.9572 124.344
317 13.0578 27.6388 110.188
318 114.971 52.3684 13.8661
319 5.03082 0.225342 82.0114
320 18.9311 33.366 124.559
321 54.6647 113.985 66.3158
322 26.4709 -0.0293643 44.2123
323 77.5132 59.4525 -0.963816
324 14.7907 80.5625 -0.628123
325 99.5965 113.464 88.0648
326 30.1459 67.0737 6.59369
327 42.0095 64.7895 -1.03034
328 3.25301 35.0346 94.108
329 0.502841 112.194 1.1974
330 37.4437 69.5937 9.95906
331 71.7097 74.5254 -1.20573
332 23.1128 67.2344 8.60514
333 43.4038 80.2173 -0.705807
334 105.543 -0.188717 84.5537
335 25.0453 114.524 115.721
336 30.3231 70.1659 -0.681659
337 85.3867 114.168 12.9209
338 56.2762 76.9714 12.708
339 17.8295 115.333 10.0078
340 35.8444 61.2794 124.712
341 31.5704 59.2289 -0.728774
342 62.253 1.99176 124.139
343 35.6194 72.4311 10.9965
344 21.4108 61.0469 -0.686484
345 8.67773 45.5441 34.7968
346 20.5149 84.6186 63.1306
347 54.758 79.061 11.7017
348 46.2152 79.1042 9.04166
349 19.0604 82.6949 -0.724979
350 0.0095404 73.871 2.5593
351 110.236 69.9268 53.8249
352 104.834 -0.932655 50.3219
353 11.4808 69.0057 5.41732
354 45.9809 68.2504 -1.10427
355 52.3172 114.203 39.7551
356 24.3334 57.4558 3.88704
357 87.6238 113.937 21.4351
358 3.44201 35.3796 90.0733
359 39.4383 84.8626 3.31625
360 -0.812519 2.3488 123.237
361 30.4182 73.2602 15.8797
362 5.48057 109.717 89.5669
363 6.51021 109.143 95.5673
364 103.367 113.654 50.7571
365 34.3733 66.2448 124.404
366 2.62509 5.9663 88.3767
367 107.633 46.2101 72.8201
368 22.7537 114.752 25.6853
369 4.93278 114.634 120.418
370 36.8233 114.762 24.5671
371 6.35886 114.303 77.4067
372 93.277 -0.880947 27.2435
373 -0.343942 29.5209 103.991
374 35.972 53.7755 -0.733968
375 7.68095 106.166 124.66
376 24.7207 86.5086 -0.704561
377 5.78314 113.165 89.1971
378 0.336697 79.1367 111.117
379 55.2691 111.733 98.7056
380 31.3302 114.194 91.1112
381 75.5083 113.77 81.3784
382 3.49556 -0.233864 96.7705
383 -0.647253 11.3456 15.9413
384 67.3804 81.1055 124.757
385 0.488149 108.704 12.384
386 6.08028 111.275 24.3241
387 45.0397 64.3822 17.3954
388 109.751 92.8987 92.5841
389 68.1526 13.8269 -1.13674
390 113.267 48.3538 124.267
391 49.9767 -0.592162 68.0711
392 108.999 49.9262 -0.538345
393 92.5476 11.4779 -1.21368
394 2.88507 79.1392 124.423
395 11.6896 114.449 94.0263
396 8.03993 34.7618 124.442
397 4.65645 47.1269 77.3817
398 10.2996 114.475 87.9012
399 96.703 -1.31933 75.533
400 0.0441331 79.796 123.019
401 11.6077 114.898 38.0894
402 -0.717381 34.6733 119.185
403 0.0128696 90.8767 122.85
404 53.3297 70.0262 17.3558
405 8.88856 66.6601 124.35
406 56.8226 111.664 106.091
407 90.994 113.538 115.253
408 92.207 17.0384 -1.20255
409 43.8736 114.224 43.6691
410 5.04173 111.478 52.1272
411 107.773 51.7284 71.1579
412 6.53589 1.84388 40.1039
413 63.7872 113.923 114.2
414 32.3281 -0.290622 12.3301
415 114.898 76.0488 113.961
416 38.8024 -0.562109 95.3176
417 109.391 82.666 82.7392
418 54.8521 90.1905 124.871
419 7.02888 -1.96032 99.5983
420 3.06279 90.2289 102.129
421 113.759 76.2913 108.14
422 19.4435 7.26996 -1.04023
423 4.83123 9.73466 51.0342
424 0.5975 58.8079 98.9968
425 66.4445 -0.762362 90.701
426 4.14513 12.7221 71.349
427 20.1279 -0.0645343 77.0678
428 0.170447 93.9027 18.5636
429 108.034 30.8629 98.0231
430 110.211 104.811 61.1804
431 97.7604 91.365 -0.414195
432 36.2591 89.3718 -0.60173
433 66.9539 -0.828382 82.2403
434 -0.914779 4.73367 116.728
435 1.95061 2.22581 94.6521
436 74.8896 113.934 88.39
437 20.8617 16.7041 -1.11407
438 104.108 103.348 -0.487355
439 70.8928 -0.764421 9.33283
440 34.8201 84.6379 51.1944
441 19.7304 -0.38125 105.232
442 15.939 73.6061 116.0
443 4.24395 64.6991 124.254
444 -0.807864 16.5141 121.04
445 14.4548 86.6012 124.493
446 2.99944 70.8061 115.541
447 6.51308 84.1917 37.1677
448 17.0971 56.0851 114.3
449 45.7508 59.3616 124.871
450 49.3684 73.8579 110.703
451 71.3389 46.2965 -0.944737
452 44.7821 77.931 116.856
453 40.4407 82.7138 111.907
454 53.0806 84.044 124.911
455 4.1504 109.23 101.255
456 52.2651 113.98 118.587
457 28.6945 62.2293 124.566
458 55.9417 59.7565 124.591
459 14.3071 74.3695 124.729
460 -0.250291 61.0266 113.464
461 72.8137 28.4377 124.532
462 44.4115 63.9857 124.816
463 44.396 51.8922 124.697
464 56.0192 63.7886 124.751
465 2.32992 109.529 107.948
466 20.1598 71.4714 124.569
467 16.8176 0.128257 33.9009
468 3.11849 73.2455 113.052
469 -0.581638 57.6355 121.057
470 35.7927 60.4454 116.057
471 -0.0635918 89.0586 113.28
472 6.26758 88.0078 124.703
473 29.5071 71.8305 118.814
474 25.5157 84.1082 114.845
475 95.398 114.096 14.3244
476 109.977 37.5537 54.8778
477 29.5025 112.24 102.385
478 58.6996 72.9905 124.78
479 10.4453 -0.478306 121.903
480 69.2652 113.365 110.351
481 59.0041 76.008 124.704
482 17.2885 74.8678 124.566
483 44.482 53.2106 108.077
484 4.4979 69.4132 115.397
485 4.60772 89.3288 97.1424
486 30.3251 68.0025 112.354
487 60.3307 70.9549 124.7
488 41.6485 81.8149 116.815
489 19.7747 42.9305 124.284
490 111.347 0.508527 37.7165
491 -0.348582 72.2189 114.389
492 8.316 114.539 54.3962
493 27.5882 81.4723 124.688
494 13.4703 61.8982 110.591
495 72.1933 -0.761108 16.4327
496 53.8179 114.852 3.83112
497 24.6946 77.2727 -0.798666
498 19.1137 93.3262 3.59727
499 46.2178 88.2068 -0.615307
500 6.03672 109.221 24.2759
501 15.1998 103.297 11.7558
502 48.9065 95.0849 1.12394
503 10.7126 109.851 -0.390496
504 14.8582 94.5621 6.11771
505 34.846 104.504 -0.488957
506 22.2158 115.347 3.68954
507 19.7506 34.9975 -1.10444
508 35.1662 114.644 19.3424
509 108.027 -1.48729 112.768
510 27.7783 96.316 6.74799
511 114.09 105.159 -0.276075
512 86.8038 113.836 65.2188
513 9.81721 114.354 96.0388
514 11.827 96.5766 -0.425518
515 46.752 94.371 13.6323
516 27.2939 88.9538 3.24121
517 57.9759 110.011 14.4767
518 0.139711 97.9302 6.54728
519 17.3842 88.5735 -0.514431
520 5.47267 92.147 43.9781
521 47.7278 102.627 13.3209
522 15.8133 101.486 -0.58062
523 40.7208 6.9871 124.343
524 59.4184 99.3681 10.2239
525 32.5094 114.505 26.5611
526 56.4444 114.841 7.73397
527 50.9113 114.783 5.03183
528 44.8206 86.2899 -0.699243
529 30.6501 94.6464 -0.628091
530 27.9404 92.7027 7.13445
531 13.6384 115.366 8.38767
532 12.2576 114.362 118.466
533 8.81186 0.402333 69.401
534 34.8632 -1.02979 122.815
535 46.5881 114.159 106.062
536 106.752 113.942 7.04531
537 104.24 -0.996178 31.3645
538 -0.202517 64.7101 108.521
539 43.0926 114.061 77.8
540 5.97056 95.0142 73.8853
541 95.427 16.6179 -0.873568
542 29.3684 114.172 72.853
543 0.567202 102.499 10.5008
544 29.1095 87.6473 -0.773094
545 113.0 103.68 24.3891
546 15.9771 114.634 87.1232
547 36.2541 102.457 -0.441781
548 46.2921 114.25 66.5746
549 16.7066 112.449 106.521
550 26.4187 88.7298 -0.776986
551 7.20757 39.2951 30.62
552 -0.303373 66.8453 115.998
553 41.873 93.4992 124.853
554 15.0326 95.8705 124.685
555 80.4648 25.4396 -1.17927
556 76.8067 113.551 77.9386
557 24.1681 114.25 93.0363
558 36.0201 -0.352546 60.1678
559 82.3325 114.046 20.2649
560 32.2555 112.228 102.116
561 -0.633045 84.7944 121.817
562 83.0771 113.914 67.1027
563 43.0843 114.359 69.2335
564 50.9997 113.958 103.206
565 0.0957383 81.569 113.164
566 109.699 94.4177 75.394
567 24.2068 114.448 52.8265
568 103.964 -1.16241 12.6734
569 62.0423 114.18 41.9
570 0.460398 0.602832 4.64474
571 43.5205 114.51 56.8222
572 62.4292 114.59 9.06856
573 109.768 105.738 86.7977
574 78.0954 113.669 89.6495
575 57.9163 -0.728061 88.9876
576 114.494 29.2735 111.745
577 47.1375 48.6362 -0.842789
578 114.014 6.831 109.207
579 17.9326 107.747 -0.562309
580 41.0291 114.332 56.4773
581 50.8225 75.905 124.958
582 102.318 113.376 78.5924
583 49.5299 114.763 10.0798
584 35.3646 114.589 30.8907
585 25.4542 114.706 37.2913
586 33.7553 109.889 125.196
587 36.8861 114.474 42.7528
588 5.31395 99.5022 47.424
589 20.6498 114.469 118.747
590 82.3991 113.748 86.2083
591 31.0394 114.362 68.0505
592 6.05234 64.2144 45.1208
593 11.5478 114.705 58.169
594 96.0979 114.412 1.65283
595 10.2879 72.7109 124.567
596 105.715 34.7352 -0.926233
597 22.3706 115.2 11.9388
598 22.767 50.5423 124.485
599 37.2631 75.2979 124.812
600 5.30522 61.0595 64.0792
601 0.0277318 90.069 117.573
602 112.419 113.051 118.217
603 5.40856 77.5346 76.15
604 5.88793 0.36796 53.6283
605 42.3815 114.527 47.2944
606 0.0375742 87.5558 12.2014
607 10.036 77.6473 124.571
608 19.8916 114.707 49.4494
609 48.732 114.272 74.5493
610 96.7917 112.097 124.61
611 25.7373 114.888 33.0441
612 33.182 114.483 79.6169
613 55.2323 114.262 40.475
614 113.357 84.5414 124.632
615 109.44 89.493 98.6988
616 9.44807 7.63216 124.09
617 6.28844 111.22 83.3209
618 0.375922 96.8482 0.330972
619 69.4928 113.921 80.0045
620 39.2089 110.101 124.925
621 12.6761 114.762 52.7852
622 69.0321 114.052 26.5054
623 63.6234 100.236 -0.707179
624 45.2363 108.56 124.924
625 7.88838 113.288 124.848
626 39.094 89.5836 108.081
627 13.566 102.343 102.995
628 24.1678 94.2992 120.874
629 4.29077 112.808 101.313
630 86.7273 113.733 41.6031
631 0.207135 89.4635 105.58
632 3.22891 96.118 124.659
633 54.0177 110.287 112.926
634 14.745 91.8854 124.828
635 69.5574 111.685 103.804
636 -0.0698433 53.0913 109.516
637 9.64163 114.844 72.0424
638 46.3977 94.3844 124.839
639 32.2645 104.01 125.066
640 20.5282 87.434 124.745
641 46.8518 114.222 114.502
642 115.214 66.7975 4.37003
643 0.262068 100.3 1.05727
644 15.3302 106.6 118.858
645 6.5636 5.74258 44.7884
646 4.45951 37.8247 79.5002
647 6.99208 114.527 67.8198
648 10.8686 115.355 9.11207
649 4.85412 100.133 68.0995
650 13.4688 104.883 124.914
651 71.9621 -0.738695 55.1294
652 42.8417 70.8623 -0.844502
653 33.6579 100.661 124.887
654 31.7766 100.726 -0.691242
655 24.9779 112.956 125.089
656 6.83786 1.40504 24.2464
657 33.5194 105.099 115.912
658 36.4489 109.893 -0.37175
659 41.494 91.9575 118.956
660 46.6047 109.231 113.886
661 8.9378 77.2314 105.851
662 17.5228 104.0 124.945
663 6.13917 103.392 74.3671
664 15.8771 88.5 124.726
665 23.6268 106.602 111.021
666 35.0839 114.143 118.54
667 -0.50697 37.0532 13.7205
668 42.7577 81.8218 118.986
669 12.1816 94.5636 119.009
670 112.187 66.3794 35.7606
671 9.47721 0.268354 44.2024
672 40.3056 59.9428 -0.871107
673 99.8344 9.30798 4.58438
674 69.8814 29.2464 -1.1502
675 85.5942 26.766 -0.935518
676 27.2204 21.7884 -1.47778
677 114.12 12.0589 13.9387
678 95.9033 39.1471 10.8866
679 87.6276 33.3663 19.122
680 97.3516 6.94995 2.77643
681 89.7036 19.9158 11.4747
682 30.8913 -0.25262 13.3597
683 74.1628 27.089 -0.950995
684 43.7801 -1.16537 103.275
685 89.6887 12.7562 -1.19595
686 88.0422 93.8272 -0.650575
687 114.205 -0.492384 120.981
688 79.7686 11.1869 6.81205
689 95.4932 6.88364 18.9532
690 111.039 -0.873448 14.6165
691 91.6481 -0.861182 37.6318
692 89.02 -0.742491 19.4831
693 95.4059 19.576 20.3516
694 66.8007 10.297 5.89087
695 70.8515 33.4204 10.8458
696 76.9741 25.6773 -1.15644
697 84.0486 22.9682 13.2281
698 58.1911 23.5334 124.453
699 98.4307 31.6471 3.34367
700 115.618 112.447 6.56131
701 -0.117326 73.7611 6.211
702 114.245 19.9359 6.27451
703 116.098 98.9505 112.674
704 113.8 102.431 18.6822
705 78.8433 -0.727125 65.5341
706 33.1404 -0.505343 90.9881
707 7.4116 0.510106 62.5471
708 59.529 112.001 106.088
709 1.27626 1.61184 97.5327
710 107.521 53.8218 92.7451
711 71.1915 33.8677 -0.905097
712 108.348 113.393 58.2166
713 104.356 27.5878 -1.06068
714 108.402 113.279 75.7347
715 110.027 43.7062 47.4157
716 107.092 37.9351 92.8156
717 41.0602 -0.132427 20.8183
718 92.1349 -1.09913 85.9688
719 115.049 49.8041 4.50871
720 69.4114 7.27266 123.982
721 109.698 9.6786 50.1749
722 74.0551 114.031 39.3142
723 83.5815 113.916 23.214
724 79.9492 113.729 69.7942
725 107.561 10.3671 87.9763
726 71.0426 34.3851 124.605
727 7.373 37.3137 28.8134
728 65.2607 -0.662838 14.7076
729 32.0054 -0.561063 64.9936
730 5.0786 90.2778 42.1422
731 43.7901 23.6808 124.397
732 79.3386 81.0294 124.931
733 101.412 -1.19284 27.1388
734 109.914 82.3097 58.8447
735 48.9062 -0.134867 57.8282
736 86.5402 -1.65217 119.819
737 108.83 58.8342 59.7234
738 69.1762 1.00166 95.95
739 86.8936 113.718 81.3158
740 114.234 2.29676 7.89673
741 88.5812 33.9701 -1.02423
742 41.4988 113.981 85.0682
743 107.034 7.36472 86.9393
744 7.04092 113.753 27.6963
745 100.999 -1.71248 114.647
746 53.4047 -0.330856 56.9547
747 61.1392 114.026 83.7265
748 18.0324 -0.317084 83.4666
749 111.029 4.99225 106.234
750 85.5632 -1.03141 68.3555
751 109.818 110.139 79.2224
752 31.2448 -0.260316 77.8694
753 8.51351 -0.287614 95.619
754 4.09851 45.0361 83.2842
755 -0.700893 28.6802 117.248
756 115.546 102.377 123.232
757 5.30093 97.7659 41.2435
758 -0.758746 18.9509 114.905
759 5.28765 46.3231 124.386
760 76.6441 -0.921385 14.3171
761 90.5668 -0.949972 18.8547
762 22.5125 -0.592591 104.21
763 102.386 9.74043 -1.33921
764 76.5417 -0.606933 10.2846
765 7.49149 55.8298 38.6173
766 65.4659 12.9025 124.174
767 80.2131 113.789 62.4655
768 61.8435 -0.73314 95.4883
769 14.9955 0.344756 41.1855
770 -0.0677918 93.6037 121.35
771 64.7716 -0.431885 47.8287
772 59.3483 -0.693525 17.4395
773 86.8708 30.0769 118.021
774 73.399 93.0432 124.913
775 98.5939 14.4093 118.325
776 102.621 21.4315 123.964
777 73.8559 18.0257 124.333
778 106.889 22.9621 123.561
779 26.5525 -0.320799 83.7134
780 41.5964 -0.239319 68.8389
781 53.766 -1.20184 109.444
782 107.899 64.2186 78.6117
783 110.837 -1.80826 120.642
784 75.3609 11.0896 124.255
785 80.8564 22.8811 124.518
786 66.6457 10.865 124.057
787 49.3314 -1.2456 114.321
788 103.446 -1.12392 21.0295
789 85.5214 21.2351 124.397
790 106.561 3.89536 94.6934
791 108.411 30.831 120.685
792 82.9653 24.5865 112.508
793 84.9591 24.6423 112.353
794 92.8011 24.0096 124.165
795 114.908 84.1282 109.845
796 62.1424 9.00812 124.087
797 30.8125 -1.03335 116.463
798 113.04 20.481 108.06
799 23.6663 -0.166161 79.2154
800 106.308 10.322 112.214
801 79.169 -0.702869 25.6741
802 114.3 23.2881 121.213
803 65.6454 58.2571 -1.14788
804 114.43 15.2601 113.144
805 5.95585 71.6108 57.2696
806 95.166 10.83 124.249
807 92.4825 7.77515 124.208
808 85.9375 32.8563 124.592
809 84.3522 22.5742 116.565
810 60.931 14.2083 96.7624
811 90.4756 -0.928445 26.9653
812 63.9579 16.1857 124.434
813 109.727 100.332 76.8554
814 106.676 15.2352 107.254
815 92.4064 63.5835 27.3392
816 87.3794 53.9319 2.76589
817 3.64793 20.8345 -0.941319
818 101.003 113.681 42.4296
819 96.8184 26.2325 -0.900358
820 101.707 51.524 11.3452
821 77.9264 114.009 23.2667
822 107.065 113.396 33.9565
823 100.306 49.9361 11.6031
824 81.4073 34.7371 14.5489
825 56.6872 -0.404908 13.4071
826 97.4494 45.7365 -0.748907
827 9.6551 0.32871 36.0024
828 78.5919 40.1288 -1.0059
829 77.022 33.2683 14.7773
830 54.1652 36.7564 5.60669
831 71.6354 44.1688 10.6773
832 68.2599 49.7411 13.0654
833 112.387 15.6528 19.9716
834 83.0511 54.5051 -0.862306
835 112.193 92.3435 105.814
836 75.1225 43.7242 11.0388
837 52.6168 -0.596238 3.0411
838 113.7 76.6255 0.0835963
839 66.9989 36.122 -1.23955
840 4.04296 52.3927 124.322
841 59.0265 68.6707 -0.735877
842 91.8854 -0.879985 52.1564
843 109.728 108.571 76.9035
844 108.538 55.0074 96.1584
845 75.9007 36.9386 -0.817718
846 72.0739 -0.518226 51.2462
847 98.1873 0.290058 -1.18293
848 67.3495 54.9405 18.3349
849 114.429 2.06552 4.28656
850 18.988 0.208902 59.5893
851 64.4152 33.5313 7.22226
852 75.5167 27.6408 3.06138
853 78.8551 52.5105 7.8271
854 70.116 45.4121 15.5192
855 27.0388 114.621 57.4057
856 76.3348 39.8085 -1.18444
857 114.59 18.1832 4.36163
858 100.115 38.1613 -0.699948
859 82.6357 17.8494 -1.12991
860 4.43024 27.049 73.7385
861 102.288 -1.33242 109.235
862 115.594 69.8088 4.89245
863 30.8707 -0.866027 108.366
864 48.4219 23.3258 -1.20235
865 29.3459 12.6103 124.315
866 9.26956 0.374782 52.2061
867 5.68095 -1.89939 98.5315
868 4.75007 105.463 61.825
869 100.397 -0.881595 52.1917
870 115.043 56.1075 10.6196
871 77.9456 -1.2376 106.036
872 106.441 -0.847409 16.4986
873 102.208 88.4904 -0.402868
874 -0.806776 22.4107 119.09
875 62.1594 113.981 55.7212
876 111.106 113.422 16.2164
877 105.55 113.643 62.2378
878 107.629 32.2607 70.6474
879 90.991 -0.74405 44.3768
880 107.851 2.59947 103.514
881 92.2491 -1.34337 106.72
882 113.083 26.8078 124.107
883 35.2415 -0.298009 0.0815403
884 71.1893 -1.36722 109.689
885 29.8807 -0.166034 71.3395
886 48.695 66.9008 124.546
887 87.1068 28.7674 -0.968704
888 84.3375 113.744 63.7415
889 110.293 96.6512 56.5001
890 112.887 56.6784 106.426
891 39.3823 -0.470076 85.9595
892 108.249 112.195 87.0994
893 20.8049 112.385 108.605
894 85.9235 28.8898 124.508
895 89.5025 111.932 108.79
896 88.0905 100.802 -0.460153
897 102.389 -1.19302 40.3758
898 76.2951 1.55512 -1.31663
899 3.87897 19.5483 85.5526
900 4.37893 55.1146 82.2243
901 50.1878 61.0854 124.58
902 91.5586 -1.04907 63.6307
903 109.642 14.014 49.6471
904 105.277 -1.64837 109.502
905 37.2474 45.7668 124.376
906 0.530919 50.8548 102.487
907 112.916 25.731 105.562
908 105.382 85.7328 -0.685544
909 94.6175 -0.998116 55.4042
910 96.531 -1.0012 50.1141
911 81.0875 37.3529 -1.0376
912 -0.225213 75.7116 119.235
913 108.972 50.0248 99.3109
914 111.955 0.501246 24.6117
915 92.1623 95.6529 -0.392823
916 115.962 104.668 3.04372
917 54.7661 114.0 69.3468
918 66.6221 -0.528815 46.8389
919 12.0465 -0.260008 88.4883
920 107.167 29.8001 88.7878
921 85.3548 -1.02596 71.287
922 113.186 64.2741 124.447
923 5.51729 113.114 92.634
924 115.172 90.2159 123.162
925 87.6656 1.22011 -1.41819
926 112.858 17.3216 109.181
927 -0.298874 51.9951 0.747817
928 107.292 14.991 91.3855
929 42.3733 -0.327267 77.6808
930 36.8678 114.39 32.991
931 84.147 41.0585 -1.26532
932 57.1954 -0.679665 75.6906
933 86.807 16.8061 -1.17314
934 55.3729 11.1702 124.223
935 7.54135 48.451 42.0372
936 22.9974 54.2154 23.3892
937 109.289 12.2857 55.6183
938 91.8993 54.8404 -0.799318
939 17.8826 4.48268 123.995
940 12.2639 -0.132244 83.3666
941 52.9657 62.013 17.5226
942 77.9981 -0.875408 50.7023
943 65.3739 26.3747 124.54
944 73.7125 30.6891 118.676
945 101.895 113.841 53.3184
946 95.8593 52.1893 124.496
947 -0.303315 31.6062 101.924
948 97.1115 34.0469 124.404
949 80.0255 48.7142 117.207
950 107.411 52.3174 124.398
951 110.066 32.0836 124.266
952 69.3555 41.0257 116.534
953 0.0338863 19.4722 103.065
954 111.591 72.6618 45.6081
955 75.8487 43.2023 108.147
956 112.231 42.2356 32.0466
957 58.8046 51.6976 124.658
958 115.368 107.791 109.772
959 101.385 54.9797 108.334
960 104.902 32.4817 116.452
961 63.7112 34.8475 112.722
962 97.4558 -0.994485 60.5068
963 47.9868 114.063 38.4746
964 14.7728 -0.589 119.642
965 90.1573 46.1329 122.299
966 111.318 21.0017 23.8829
967 10.8398 114.739 79.5456
968 3.07299 -0.518611 103.429
969 90.7201 46.8645 118.539
970 88.581 37.9749 115.598
971 107.328 40.264 90.9382
972 73.9871 113.852 79.127
973 109.424 96.4085 85.1036
974 114.32 21.6061 12.2409
975 89.9447 35.6027 115.712
976 49.045 66.7606 -1.01786
977 54.3344 48.7039 114.216
978 84.0546 24.3214 124.469
979 81.3259 35.3182 124.524
980 12.8485 57.1662 -0.94857
981 87.1791 43.3378 124.535
982 64.1027 34.3322 109.461
983 114.551 38.0973 12.0299
984 90.6968 -1.37145 104.355
985 92.7027 48.685 114.495
986 104.575 64.5673 124.781
987 75.7423 36.1452 107.804
988 39.236 -1.12597 120.785
989 94.0306 18.1229 118.667
990 93.4214 72.9603 -0.477707
991 73.2527 66.3086 5.42508
992 74.9608 81.3161 10.134
993 81.8965 84.6195 -0.711617
994 111.976 85.9974 47.7763
995 104.355 39.8646 -0.961089
996 43.9182 113.795 104.712
997 4.73714 106.988 -0.240186
998 58.372 33.3375 -1.22971
999 65.0544 104.278 124.995
1000 94.7038 63.1664 -0.895538
1001 101.806 72.1484 -0.674575
1002 78.3631 63.8336 9.03844
1003 70.3939 65.356 -0.764185
1004 63.6033 86.1316 9.53326
1005 80.5118 81.6785 13.6815
1006 109.666 28.5908 59.4956
1007 115.048 66.5625 16.3293
1008 97.6937 66.9293 -0.598598
1009 111.841 61.9821 -0.699561
1010 102.044 69.1706 -0.747976
1011 81.7325 62.7832 9.83709
1012 108.607 37.6522 98.9607
1013 106.277 66.1576 -0.760791
1014 44.6982 76.9245 25.4589
1015 115.166 80.269 3.13412
1016 85.8482 75.6855 21.5189
1017 90.5722 76.4722 -0.706543
1018 27.0324 114.195 87.9863
1019 54.9686 92.0724 11.6793
1020 83.8007 98.9655 -0.555425
1021 63.7431 78.3979 9.03705
1022 89.1703 83.3581 -0.63865
1023 83.0205 63.6508 13.1257
1024 97.7322 73.6222 7.14567
1025 109.284 66.2041 -0.570845
1026 83.7441 114.242 11.1211
1027 115.035 74.4662 20.5926
1028 66.3552 113.979 58.4172
1029 84.6266 67.3476 14.6983
1030 86.1297 90.4498 -0.705686
1031 88.0744 67.7539 3.05757
1032 28.8494 114.758 53.6432
1033 64.5733 69.6706 3.4304
1034 69.1817 76.413 14.8178
1035 83.4972 63.7413 9.1191
1036 61.902 82.0561 -0.781798
1037 74.7368 70.5836 -0.832184
1038 95.9097 73.5813 -0.798229
1039 76.3755 83.0926 6.36382
1040 114.096 53.3753 19.6165
1041 104.711 71.1788 14.9585
1042 64.3135 110.866 -0.490769
1043 107.283 32.0469 82.4757
1044 84.2662 49.7847 13.3039
1045 27.816 113.883 -0.267397
1046 41.2692 114.135 88.2374
1047 59.9085 39.6624 91.2401
1048 57.7654 82.9821 124.733
1049 50.7541 114.357 55.9587
1050 114.411 17.0697 119.326
1051 109.369 90.487 94.7526
1052 96.5453 96.3965 -0.489599
1053 53.4566 23.0826 17.5799
1054 67.2029 113.8 72.6721
1055 82.4832 113.716 112.529
1056 69.0654 -0.678435 54.7227
1057 59.8901 27.3216 -1.0286
1058 90.9475 113.969 17.3121
1059 94.9526 113.943 22.1921
1060 -0.267529 31.9278 0.184342
1061 63.8906 113.834 88.4635
1062 5.33365 107.504 56.1605
1063 95.5622 113.638 36.814
1064 27.1799 -0.294239 72.5258
1065 63.8595 -0.35828 37.2013
1066 11.4077 -2.20151 99.3386
1067 72.5069 -0.948758 12.524
1068 98.2378 16.603 -1.0186
1069 106.514 106.738 124.942
1070 22.1761 106.705 -0.521241
1071 54.0505 113.704 20.9792
1072 86.7689 113.74 76.877
1073 56.8073 64.4484 74.3204
1074 15.575 43.9484 124.515
1075 27.9631 6.33453 124.199
1076 111.672 104.696 54.1635
1077 111.796 78.8988 47.572
1078 17.4779 83.5967 124.555
1079 5.40648 109.646 38.0186
1080 1.07392 41.4301 123.975
1081 25.8028 -0.0918285 62.0355
1082 112.394 0.236317 106.082
1083 0.752848 109.798 117.458
1084 38.3701 25.2921 -1.14052
1085 51.2612 113.893 83.1967
1086 49.6329 113.98 92.4391
1087 26.4448 99.5976 -0.401592
1088 99.4834 85.3385 -0.60068
1089 99.4855 -0.842972 9.7483
1090 16.5997 13.6515 124.089
1091 13.9331 114.629 67.1896
1092 103.247 45.8043 -0.809439
1093 0.0574158 90.229 6.93116
1094 79.3458 113.109 124.933
1095 110.206 100.128 56.6334
1096 55.4417 114.125 27.3954
1097 110.679 95.8351 124.53
1098 111.58 40.2461 41.4812
1099 81.4189 48.4912 124.658
1100 0.699266 -0.187511 110.291
1101 2.77508 63.6295 92.7435
1102 113.921 113.556 9.42561
1103 0.00925658 76.4414 0.56366
1104 110.79 40.9799 106.074
1105 91.3742 21.5129 -0.869273
1106 96.7011 113.575 82.7915
1107 48.1942 114.367 42.9527
1108 7.05451 49.6166 124.26
1109 106.989 7.45351 124.186
1110 115.182 98.1949 107.905
1111 109.582 76.8662 60.2508
1112 -0.109054 59.8645 4.42058
1113 107.134 113.231 68.4661
1114 111.969 58.217 43.8924
1115 88.282 113.488 116.42
1116 50.9296 -0.290977 18.8116
1117 7.71941 114.204 101.041
1118 20.9166 4.34382 -1.1846
1119 32.1453 110.475 106.261
1120 19.4906 114.472 80.1449
1121 26.3426 114.286 76.7578
1122 59.4122 97.5323 124.733
1123 5.06351 94.4376 33.1604
1124 38.0303 -0.341118 12.444
1125 89.6364 113.727 85.6253
1126 102.416 113.215 107.053
1127 48.8581 -0.345157 62.8554
1128 100.333 71.1635 114.549
1129 86.0557 86.9548 124.84
1130 101.156 18.9333 124.07
1131 110.365 61.4389 113.725
1132 75.9775 66.5981 114.247
1133 39.0563 90.303 -0.513724
1134 67.2683 59.8727 111.803
1135 57.9896 113.694 110.162
1136 69.5474 113.911 88.1469
1137 60.3177 65.7803 124.773
1138 107.589 83.5123 124.63
1139 90.163 64.475 124.71
1140 75.0195 113.801 109.38
1141 79.0145 83.9827 124.733
1142 74.9118 82.0243 107.175
1143 115.076 64.3958 117.049
1144 46.5518 -1.04368 106.642
1145 101.591 59.3661 124.497
1146 96.0042 67.5359 124.79
1147 75.8659 68.9091 124.766
1148 108.448 21.8869 -0.855292
1149 81.8128 76.6044 124.699
1150 109.285 16.1608 55.8409
1151 108.106 70.9524 112.508
1152 48.1588 114.002 103.945
1153 103.657 -1.79062 119.839
1154 47.2054 57.0091 124.512
1155 68.9433 73.3121 104.884
1156 64.578 83.972 124.893
1157 105.758 77.0705 110.617
1158 94.5398 46.7867 -0.553547
1159 115.032 79.7336 117.688
1160 80.2548 69.779 124.592
1161 105.381 -0.984831 36.6169
1162 115.519 98.8352 1.10988
1163 114.28 22.9103 117.428
1164 114.196 111.859 107.112
1165 83.2422 -0.631771 28.5147
1166 113.279 72.1917 119.266
1167 2.80426 55.2812 -0.734219
1168 1.07355 52.4668 124.126
1169 84.5497 73.1613 110.755
1170 114.841 58.5486 12.3618
1171 84.3777 56.6179 124.618
1172 69.0814 70.9353 124.683
1173 77.8231 102.199 124.8
1174 73.0011 59.6444 124.454
1175 88.9118 80.1003 121.78
1176 108.022 -1.79805 116.21
1177 79.7299 114.334 12.016
1178 109.711 103.801 76.605
1179 101.212 113.957 3.14969
1180 107.415 35.8899 78.8893
1181 109.742 34.7957 46.659
1182 102.963 101.963 3.51232
1183 98.0647 78.0876 -0.801966
1184 23.5573 -0.232648 57.9466
1185 58.1058 104.24 -0.51008
1186 82.6424 104.948 -0.507418
1187 75.2204 103.549 4.29114
1188 115.391 92.7207 10.7469
1189 43.7178 113.873 97.3063
1190 76.4018 96.8076 -0.631667
1191 72.6413 106.383 11.5219
1192 42.2151 7.51239 -1.09102
1193 77.2466 -0.751946 31.7249
1194 96.7958 101.764 -0.283757
1195 57.4956 -0.332688 54.5838
1196 110.832 113.185 107.46
1197 93.8725 105.886 -0.516374
1198 7.22007 53.9756 41.6225
1199 108.798 23.2427 61.2882
1200 90.6391 91.8223 11.1804
1201 63.9002 114.53 6.00401
1202 93.6862 88.5087 -0.664233
1203 115.735 108.58 10.8273
1204 106.251 90.8214 124.852
1205 51.1547 23.3659 -1.09965
1206 63.6665 114.024 48.4528
1207 99.3948 95.3869 6.98761
1208 104.075 107.423 -0.424961
1209 69.381 104.14 -0.616899
1210 112.613 113.716 11.4479
1211 92.326 89.8664 11.295
1212 62.0344 110.566 -0.665038
1213 32.5472 114.685 52.1222
1214 49.4458 112.613 -0.447364
1215 76.028 -0.661155 57.7411
1216 30.9277 115.041 0.839374
1217 92.7903 113.765 63.8697
1218 52.6057 114.208 27.0223
1219 80.7697 -0.186183 94.5148
1220 104.72 113.414 98.9232
1221 92.6791 114.16 5.7603
1222 39.4048 114.968 8.4196
1223 67.9882 101.215 -0.606501
1224 115.756 112.375 3.08577
1225 56.3579 -1.39282 113.26
1226 112.49 111.4 33.0444
1227 90.9684 113.519 94.7407
1228 56.5832 -0.274347 38.95
1229 71.6183 113.786 66.4887
1230 36.4239 112.77 103.133
1231 107.294 45.8986 92.838
1232 3.7124 1.76286 -1.28374
1233 105.797 3.4417 76.788
1234 107.754 60.1787 82.9482
1235 96.7244 113.603 111.827
1236 108.596 55.6815 100.99
1237 -0.282653 33.5312 17.8369
1238 0.680723 105.2 109.977
1239 102.682 113.479 70.5218
1240 99.2383 -1.14442 17.7141
1241 102.884 113.971 13.0566
1242 87.5903 0.680145 98.2228
1243 109.456 113.375 38.8727
1244 9.9929 114.956 44.6501
1245 107.961 -1.0622 50.2055
1246 94.3963 41.1069 124.456
1247 109.224 71.4438 63.4508
1248 34.5837 114.209 73.3556
1249 15.3433 114.045 99.8864
1250 86.7025 113.493 122.298
1251 107.404 21.5948 72.8906
1252 107.698 36.3883 70.9298
1253 19.8465 67.1581 -0.863024
1254 50.6697 84.1869 124.832
1255 79.2415 -0.682004 53.6767
1256 110.559 71.9979 103.827
1257 77.4579 57.6094 124.535
1258 59.6716 113.851 35.1786
1259 20.6447 115.114 7.2508
1260 61.0648 113.726 92.5394
1261 101.399 35.8974 124.591
1262 1.77853 80.819 107.861
1263 65.1339 112.598 124.688
1264 111.9 90.4278 47.9777
1265 37.1753 114.429 37.0212
1266 4.97109 92.1631 59.4968
1267 109.295 75.3659 -0.500527
1268 55.3857 114.006 31.6225
1269 5.88972 53.2756 51.5772
1270 19.4434 114.918 17.3965
1271 77.9407 -1.5654 110.49
1272 50.6272 114.348 30.6349
1273 109.581 83.3742 -0.541869
1274 50.1867 114.038 88.3101
1275 100.954 12.6005 -0.981446
1276 78.3492 114.034 83.8576
1277 85.0813 114.157 25.441
1278 72.4933 113.656 92.6276
1279 63.568 114.455 26.0255
1280 11.7196 106.61 125.216
1281 30.7266 114.13 123.538
1282 4.71089 102.103 124.643
1283 97.0106 113.871 96.142
1284 98.1848 24.1921 124.387
1285 11.8253 80.6136 -0.64673
1286 105.148 5.89352 -1.1854
1287 66.9061 113.958 36.1689
1288 4.18071 49.9646 88.3616
1289 87.0365 111.9 -0.586475
1290 105.504 109.903 -0.386706
1291 25.4418 25.6478 124.449
1292 99.4404 107.872 124.834
1293 108.469 113.045 71.0273
1294 107.53 21.9746 68.6476
1295 111.326 6.63215 23.7684
1296 36.6266 114.633 54.3676
1297 59.253 113.948 123.595
1298 5.1126 108.322 51.5219
1299 90.5659 84.6863 115.579
1300 78.9464 95.5149 113.14
1301 107.843 97.8178 118.099
1302 78.1059 113.645 117.448
1303 74.9124 82.8688 112.191
1304 86.451 109.678 120.927
1305 91.8739 81.7217 124.718
1306 53.2848 73.8583 -0.734296
1307 62.1492 112.516 96.0311
1308 67.521 68.744 124.552
1309 108.047 107.694 124.939
1310 114.253 16.0065 10.4725
1311 74.9533 113.825 118.669
1312 109.388 100.637 109.448
1313 73.2346 103.866 119.133
1314 90.9498 108.115 124.77
1315 102.897 82.7811 124.904
1316 74.9263 94.4505 111.529
1317 105.034 101.539 121.159
1318 45.0401 -1.30966 121.93
1319 56.4021 104.38 124.943
1320 90.2849 99.6767 125.104
1321 35.7375 57.1677 124.421
1322 103.324 88.3732 113.821
1323 73.8764 107.277 114.473
1324 19.8094 114.189 97.8409
1325 0.462414 54.597 19.6174
1326 115.187 97.8196 119.421
1327 114.324 -0.444988 113.105
1328 113.983 113.04 123.388
1329 72.3312 110.329 125.062
1330 60.9739 114.052 121.5
1331 115.19 84.0959 121.755
1332 90.8373 113.713 119.464
1333 58.9769 89.3765 124.93
1334 105.813 92.9417 112.945
1335 55.0645 114.118 110.188
1336 89.1924 96.9294 114.135
1337 69.3121 99.2791 124.749
1338 0.355784 98.0103 18.4409
1339 28.127 -0.201264 13.0617
1340 80.2558 86.8612 124.835
1341 112.705 104.794 38.3219
