0 6.39275 73.8991 55.9239
1 9.34195 0.19718 0.218631
2 6.91773 10.1165 7.12506
3 24.7054 0.0423291 60.2795
4 108.737 45.0001 125.282
5 4.33369 1.94425 67.1402
6 0.76212 9.10475 -0.902725
7 43.8143 27.9413 6.82072
8 14.17 -0.00906127 4.98969
9 39.7095 15.1049 -1.03198
10 10.8254 -0.342482 108.772
11 82.3913 101.206 125.302
12 45.7139 30.2279 -1.10454
13 41.1793 16.1767 -0.999826
14 73.9656 -0.907653 79.8858
15 9.03738 28.2954 -1.11925
16 20.5706 -0.184225 57.5326
17 -0.574303 19.3638 0.29538
18 38.3966 29.578 -1.03709
19 30.0947 9.7392 -1.37343
20 88.1346 114.044 4.34757
21 29.0597 -0.0750803 61.3698
22 13.5522 2.44724 -1.40763
23 31.4432 -0.0107802 71.0463
24 39.57 -0.217597 2.36523
25 38.2136 -0.268213 77.2398
26 62.6028 17.0927 10.4026
27 28.1615 0.0872933 38.5299
28 47.3598 114.043 81.5057
29 89.4024 70.758 125.58
30 3.63977 7.25556 21.8802
31 21.5782 65.3386 -0.750426
32 -1.17102 1.83367 1.60496
33 5.88977 63.526 53.6957
34 42.1287 5.62208 124.884
35 41.963 88.2475 125.614
36 3.69751 20.0543 125.099
37 37.9182 -0.191174 7.60598
38 107.455 41.0831 80.4854
39 7.08605 114.7 64.5398
40 65.3785 -0.596818 75.5154
41 111.477 46.2768 125.04
42 76.8718 14.7368 -1.05277
43 18.0155 115.29 10.0421
44 8.06364 0.105095 85.3263
45 30.9235 -0.0401507 46.8557
46 4.08837 15.4426 77.8852
47 107.413 0.193597 54.5072
48 5.46623 20.1514 -0.921024
49 79.2935 -0.934965 18.7169
50 0.137143 43.4588 106.805
51 13.0908 89.551 -0.574255
52 49.5281 -0.658579 86.2226
53 96.0873 -1.63336 96.8267
54 14.6022 0.363723 69.023
55 114.692 38.261 4.53281
56 3.72128 2.48189 18.7102
57 25.2958 0.138278 21.8032
58 51.9469 1.00861 94.6861
59 10.7214 0.432592 58.7099
60 3.55156 24.645 124.66
61 91.5607 46.791 -0.803372
62 9.22812 42.5922 41.7157
63 114.937 41.2333 123.862
64 112.079 57.3552 21.9587
65 47.7635 89.2222 -0.392006
66 5.25606 106.546 24.5688
67 88.2381 14.6551 -0.929042
68 75.4691 11.8586 -0.988132
69 109.336 76.5229 68.8652
70 104.773 0.478966 73.7815
71 19.6618 -0.0470206 73.3696
72 109.686 85.6133 67.0033
73 5.43367 39.5712 57.295
74 36.6058 -0.306872 5.13453
75 114.036 104.088 -0.0759007
76 7.88098 -0.599514 117.362
77 82.4315 13.8562 125.054
78 -0.744176 20.5442 117.509
79 43.8235 4.21907 125.018
80 111.744 19.4188 29.5946
81 61.0147 20.041 -1.15265
82 86.8963 -0.799913 39.589
83 0.321038 104.609 1.02103
84 36.756 -0.226763 14.737
85 39.6378 -0.397864 73.9837
86 25.0422 10.7184 124.995
87 39.8597 -0.0214326 30.2067
88 107.187 44.9497 63.9364
89 63.9379 0.254064 102.602
90 72.7908 -0.534772 35.122
91 82.405 -0.898722 13.3949
92 107.626 40.2466 70.4815
93 10.4097 0.385286 50.0782
94 109.555 101.573 125.513
95 -0.893993 0.531624 121.496
96 37.9514 -1.05233 111.076
97 85.0516 -1.73116 117.25
98 5.03695 55.7771 77.8158
99 3.99739 72.6848 89.7734
100 16.843 0.110577 14.4886
101 15.4014 24.8015 125.144
102 79.3757 -0.909263 6.19464
103 114.063 9.56768 112.015
104 56.5004 -0.241565 36.0944
105 69.5855 15.9504 -1.00548
106 91.1143 -1.03858 63.3499
107 -0.183038 71.035 124.077
108 -0.189986 49.9749 6.67535
109 5.59857 101.841 58.5256
110 63.4903 113.692 57.1239
111 39.4189 -0.811972 105.215
112 43.5706 14.9116 113.111
113 19.68 100.676 125.651
114 21.7232 15.2396 112.92
115 1.77547 1.55636 124.605
116 28.2843 -0.227431 74.032
117 29.1329 3.32812 124.934
118 9.36505 24.2721 124.936
119 6.14048 -0.49635 111.076
120 29.2484 0.399906 124.682
121 57.9795 -1.18266 123.579
122 17.5627 7.76583 124.911
123 32.3519 -0.805642 104.153
124 112.218 111.327 33.3691
125 4.54294 59.5065 86.6452
126 5.12424 20.1377 23.4975
127 46.7285 15.6718 112.229
128 42.1464 6.93806 110.703
129 32.5 20.4774 120.035
130 14.1167 43.0472 -1.0085
131 6.75148 25.268 112.483
132 20.9976 9.75322 114.269
133 29.5667 23.6039 124.835
134 42.6191 31.6384 117.551
135 39.6513 14.2432 125.1
136 62.3548 -0.547337 14.5353
137 46.6697 11.2717 115.531
138 94.3891 -0.88363 55.591
139 25.2954 20.0239 109.423
140 36.2891 5.19693 124.855
141 75.0582 -0.98329 107.054
142 38.03 6.43714 118.195
143 34.0656 8.72849 121.174
144 17.9862 -0.737275 111.022
145 7.55238 5.59792 124.807
146 23.3813 -0.894599 120.341
147 14.0403 17.5543 125.202
148 34.9746 0.189528 124.813
149 -0.641614 26.7118 107.844
150 4.88378 50.0202 75.829
151 45.3852 1.06508 125.072
152 37.868 8.36627 125.007
153 12.3565 20.9464 124.992
154 92.7486 -0.873973 58.432
155 6.02242 111.509 40.4032
156 50.9569 109.558 125.633
157 23.8429 0.092355 2.97473
158 13.134 50.5806 13.1056
159 45.906 58.938 15.9997
160 6.95446 1.92621 40.1601
161 79.2386 -0.724305 49.8074
162 34.1403 39.9947 -1.21502
163 22.8595 50.4322 5.02563
164 48.4175 38.464 -0.970511
165 0.0793179 102.558 3.17742
166 36.8769 35.722 -1.01903
167 44.2578 -0.378477 72.3188
168 24.9456 54.5416 11.0158
169 26.9091 25.3198 -1.29676
170 38.6623 49.9611 7.59262
171 6.36014 105.408 99.1918
172 51.1213 -0.060023 26.17
173 3.76747 48.7057 7.38673
174 92.6322 114.168 6.40864
175 31.2625 34.5249 7.3052
176 92.0615 94.7311 -0.504962
177 44.3575 50.4462 14.5627
178 69.4519 113.442 110.816
179 17.1088 43.9027 -0.752345
180 42.5236 112.6 125.588
181 5.1732 21.7619 55.5291
182 15.9258 114.646 44.7087
183 8.28522 33.5006 43.1929
184 45.7943 35.7695 -1.33553
185 16.104 56.7427 20.9918
186 -0.489949 3.95064 -0.884094
187 4.97692 108.257 76.6061
188 28.6078 39.9899 -1.0267
189 51.2114 31.4949 -1.02511
190 112.248 37.4507 35.9272
191 22.839 45.8951 6.26175
192 21.4869 69.3298 125.422
193 -0.444599 53.9597 18.4095
194 27.2063 52.1089 19.0026
195 -0.260501 53.8847 6.39273
196 41.1789 48.5673 -0.984533
197 10.3943 52.8409 13.112
198 47.2079 40.0137 15.1878
199 -0.507164 37.8426 2.28901
200 82.8467 113.82 36.0344
201 108.097 56.3301 62.6084
202 47.043 25.4288 -0.989817
203 2.37498 62.9993 100.617
204 32.1859 15.4291 124.99
205 53.8769 113.887 116.225
206 45.0524 -0.861838 109.158
207 115.361 96.7542 2.75763
208 10.965 0.18051 82.4363
209 109.69 11.1212 53.0497
210 5.80731 51.9313 53.5627
211 39.1743 -0.0304892 42.342
212 110.793 24.7134 23.4297
213 0.420312 45.2422 101.979
214 6.38713 61.9762 30.4012
215 106.658 111.863 98.6812
216 52.5852 7.02129 125.057
217 113.591 102.905 19.1844
218 5.40776 103.987 68.7068
219 3.53823 115.493 11.6029
220 63.8922 114.228 18.4805
221 111.768 104.546 28.2277
222 72.3623 11.8846 -0.981172
223 15.5779 -2.11837 100.314
224 49.4111 8.98951 -0.995561
225 113.183 90.092 22.597
226 109.833 14.0108 37.4931
227 57.6433 -0.61636 58.0452
228 0.833258 6.91228 17.8976
229 16.2354 114.494 92.9736
230 46.7669 11.2783 124.917
231 45.0285 114.204 64.298
232 112.388 71.3822 42.5877
233 89.0775 -1.15397 87.369
234 112.391 60.3046 30.3217
235 -0.0490923 75.5396 16.3088
236 0.244821 108.837 1.15942
237 28.7816 112.586 102.904
238 5.53772 21.5053 46.8209
239 0.927047 103.634 108.546
240 16.1115 97.6742 -0.560165
241 63.9564 31.1591 125.427
242 5.73788 55.4948 61.9562
243 7.37724 72.7943 125.216
244 23.8826 -0.0190818 41.4689
245 45.9993 -0.437416 65.9975
246 3.23702 6.95909 89.7511
247 2.28577 115.083 4.89237
248 111.432 73.3163 47.476
249 4.56919 35.9911 74.1256
250 57.1342 113.712 88.2414
251 -0.30297 68.6172 0.946921
252 8.51887 62.4093 125.155
253 104.062 27.5171 -1.10648
254 7.99906 114.462 112.995
255 5.76731 78.7311 27.8146
256 53.8203 71.4847 125.861
257 111.488 36.6895 41.2446
258 54.092 -0.084639 22.2547
259 6.66211 1.87333 36.9372
260 25.9712 62.952 -0.959087
261 54.2283 -0.202312 70.6905
262 11.0463 0.355815 43.4239
263 6.88322 113.376 27.9558
264 6.94693 109.621 28.0814
265 6.131 105.716 85.4627
266 -0.909837 11.3468 15.9637
267 112.178 83.1252 -0.570623
268 64.8669 85.945 -0.655071
269 5.70481 40.0648 45.8865
270 3.54751 24.2556 85.0085
271 0.561771 112.242 16.8338
272 110.672 5.649 -1.18266
273 41.3854 -0.623574 91.94
274 42.5634 19.3314 -0.915742
275 4.38556 35.207 81.9299
276 10.6738 -0.110516 87.0528
277 0.811362 58.939 99.7724
278 49.8568 40.7152 125.359
279 90.9677 -1.64633 117.372
280 66.6318 113.76 114.199
281 73.6854 -0.812257 84.882
282 65.4787 114.265 34.4102
283 100.547 79.4494 -0.420746
284 3.99617 41.0393 124.808
285 4.65944 1.75026 63.3457
286 44.2625 39.9225 125.235
287 95.3989 23.8814 125.034
288 -0.581109 30.8197 115.589
289 6.97065 73.0066 27.9679
290 38.3443 41.7441 121.841
291 26.0132 43.1933 111.359
292 3.47434 3.28024 86.2203
293 26.8041 44.0271 125.299
294 4.43887 43.0365 82.0835
295 35.2331 53.4763 125.462
296 42.7964 38.8593 125.231
297 60.8798 114.683 2.23194
298 4.74632 50.1143 121.155
299 29.7676 35.6398 125.091
300 6.52175 27.2589 30.2397
301 42.6619 36.0204 113.921
302 17.8788 57.9475 107.088
303 91.8775 113.443 50.9399
304 109.152 19.7656 60.5765
305 49.8812 32.7121 125.174
306 5.17733 94.1652 61.9688
307 16.0662 47.884 125.347
308 82.51 -0.819952 75.761
309 11.1668 40.3199 118.679
310 -0.467418 49.0197 113.721
311 41.8944 -0.102593 52.5942
312 47.0924 44.4545 125.138
313 44.2873 49.7547 115.029
314 1.19002 56.6595 124.668
315 19.9044 54.0261 125.314
316 17.034 30.9572 125.061
317 13.0578 27.6388 110.905
318 113.488 106.438 22.831
319 14.9334 -0.126851 83.4734
320 18.9311 33.366 125.277
321 89.2975 113.68 45.4883
322 7.48524 14.4363 35.9652
323 45.8833 71.8949 -0.805302
324 14.7907 80.5625 -0.628123
325 102.946 113.875 45.2458
326 30.1459 67.0737 6.59369
327 42.0095 64.7895 -1.03034
328 0.0315707 58.8337 108.248
329 20.7314 115.025 6.0351
330 37.4437 69.5937 9.95906
331 81.6594 45.2154 -0.969597
332 23.0915 67.1688 8.62816
333 43.4038 80.2173 -0.705807
334 103.252 -1.39504 66.9727
335 5.1202 113.063 125.318
336 30.3231 70.1659 -0.681659
337 75.0082 114.213 26.6274
338 56.2762 76.9714 12.708
339 8.14771 115.328 13.653
340 19.8141 31.3058 125.334
341 31.5704 59.2289 -0.728774
342 48.2277 26.4241 124.999
343 35.6194 72.4311 10.9965
344 21.4108 61.0469 -0.686484
345 6.91607 23.9137 30.6798
346 21.0674 86.6607 62.1343
347 54.7687 78.9993 11.7476
348 46.4688 78.8943 9.18035
349 19.0604 82.6949 -0.724979
350 0.0095404 73.871 2.5593
351 108.943 50.9589 59.511
352 90.6745 -0.870743 41.5558
353 11.4808 69.0057 5.41732
354 45.9809 68.2504 -1.10427
355 69.7883 114.421 15.2645
356 24.3334 57.4558 3.88704
357 93.4718 113.722 21.5316
358 0.291725 7.86162 104.044
359 39.4383 84.8626 3.31625
360 -0.704165 4.59654 117.921
361 30.4182 73.2602 15.8797
362 -0.425669 50.9595 119.933
363 5.36708 103.833 65.0469
364 110.867 103.418 56.0766
365 68.9554 78.0689 125.503
366 1.92275 34.5419 97.5949
367 106.881 21.9685 97.0086
368 38.2246 114.219 19.519
369 38.5577 45.1212 125.292
370 48.3211 114.181 33.4999
371 11.3586 114.331 103.52
372 83.6734 -1.84684 41.0471
373 0.0652731 60.7596 104.702
374 4.97757 0.0861564 5.13916
375 11.376 114.594 107.753
376 29.031 87.7722 -0.69971
377 7.98208 114.318 101.091
378 0.00115797 77.1992 117.786
379 73.6207 113.603 96.4521
380 38.5878 114.153 90.0699
381 83.6375 113.708 122.015
382 5.47623 31.7469 53.3172
383 -0.0324554 26.2422 19.3043
384 72.8341 85.6221 125.763
385 0.0593341 92.5141 4.63191
386 25.645 114.928 38.3506
387 52.9579 68.4072 17.6551
388 105.166 111.572 103.304
389 76.394 -0.724652 18.5137
390 114.624 52.0575 110.431
391 65.4964 -0.936595 70.9745
392 94.748 67.1631 -0.583917
393 92.5782 11.69 -1.16187
394 1.43279 81.5764 124.806
395 5.71254 113.391 54.9817
396 12.045 -0.658879 120.448
397 5.65122 31.4377 49.0475
398 15.7255 114.032 96.8662
399 92.7347 -0.760157 62.0469
400 -0.390543 58.8785 119.554
401 5.88853 113.552 42.3627
402 -0.693192 18.2028 111.118
403 4.19949 71.6367 95.0072
404 52.7448 74.2019 22.0519
405 0.384711 87.4213 112.474
406 63.8907 113.511 110.755
407 87.9319 97.0111 125.458
408 82.6151 18.0429 -1.09341
409 40.6064 114.217 65.5618
410 5.73963 75.6995 78.3054
411 111.927 50.8548 47.2625
412 12.8093 0.428019 36.0594
413 63.7492 114.033 114.283
414 18.0715 0.137584 8.4103
415 110.959 90.2552 106.366
416 10.3621 -0.0516905 94.1013
417 110.005 100.177 65.1048
418 36.0721 81.0353 125.476
419 -0.172073 13.2786 105.803
420 7.21408 77.7732 125.292
421 106.096 62.3025 125.259
422 19.5406 0.121777 1.84502
423 8.89095 49.5635 35.1687
424 4.6892 45.0455 80.5285
425 80.5102 0.924115 102.004
426 5.82949 41.9246 26.1711
427 20.6644 -0.633123 102.432
428 14.4561 59.1033 -1.07262
429 106.594 2.02829 85.4791
430 102.656 113.288 76.0976
431 95.4116 83.8212 -0.938149
432 23.2638 91.6929 -0.586582
433 45.51 -0.642143 75.7088
434 3.43722 17.1566 124.641
435 2.65171 -0.222759 105.866
436 78.2836 113.386 85.11
437 39.5237 1.97346 -1.28059
438 108.269 105.731 -0.374463
439 62.523 -0.379031 10.0951
440 34.8618 84.5879 49.3308
441 35.689 -0.629656 99.7777
442 15.939 73.6061 116.718
443 4.24395 64.6991 124.971
444 0.0390286 32.6553 101.865
445 14.4548 86.6012 125.21
446 2.99944 70.8061 116.258
447 12.9139 114.851 43.4255
448 17.0971 56.0851 115.018
449 45.7508 59.3616 125.588
450 49.3684 73.8579 111.42
451 67.4085 56.6142 -0.734161
452 44.7821 77.931 117.574
453 40.4407 82.7138 112.625
454 53.0806 84.044 125.628
455 0.389963 107.881 112.686
456 5.70114 51.8632 124.94
457 28.6945 62.2293 125.283
458 55.9417 59.7565 125.308
459 14.3071 74.3695 125.447
460 -0.250291 61.0266 114.181
461 68.676 45.4162 125.227
462 44.4115 63.9857 125.533
463 44.396 51.8922 125.414
464 56.0192 63.7886 125.469
465 2.5285 87.1788 102.028
466 20.1598 71.4714 125.286
467 35.3245 0.220985 33.0896
468 3.01249 73.1908 113.924
469 2.33831 28.2053 98.1134
470 35.7927 60.4454 116.774
471 6.40432 75.608 57.7121
472 -0.136195 66.862 120.129
473 29.498 71.8351 119.508
474 25.5157 84.1082 115.562
475 89.2668 113.97 23.6787
476 109.875 27.7961 43.8075
477 20.7625 114.729 115.456
478 58.6996 72.9905 125.497
479 28.0343 14.5443 124.986
480 79.603 105.437 125.714
481 59.0041 76.008 125.421
482 17.2885 74.8678 125.283
483 44.482 53.2106 108.794
484 4.4979 69.4132 116.114
485 6.0627 80.0239 66.8676
486 30.3251 68.0025 113.071
487 60.3307 70.9549 125.417
488 41.6485 81.8149 117.532
489 19.7747 42.9305 125.001
490 110.903 9.75191 43.2014
491 -0.348582 72.2189 115.106
492 1.01544 91.0312 20.0211
493 27.5882 81.4723 125.405
494 13.4703 61.8982 111.308
495 80.8506 -0.91716 7.16359
496 53.8179 114.852 3.83112
497 24.6946 77.2727 -0.798666
498 19.1137 93.3262 3.59727
499 46.2178 88.2068 -0.615307
500 6.22952 102.98 97.5767
501 15.1228 102.607 11.2192
502 48.9065 95.0849 1.12394
503 10.7126 109.851 -0.390496
504 14.8582 94.5621 6.11771
505 34.846 104.504 -0.488957
506 22.2046 115.298 0.910542
507 17.9842 1.16235 24.8112
508 32.6385 114.686 43.6159
509 110.376 47.914 104.529
510 27.7783 96.316 6.74799
511 116.017 106.454 4.59393
512 75.6419 113.921 37.8545
513 5.95136 82.7557 125.28
514 11.827 96.5766 -0.425518
515 46.752 94.371 13.6323
516 27.2939 88.9538 3.24121
517 57.9759 110.011 14.4767
518 0.139711 97.9302 6.54728
519 17.3842 88.5735 -0.514431
520 -0.334283 63.4469 0.280926
521 47.7278 102.627 13.3209
522 15.8133 101.486 -0.58062
523 32.2095 -0.95646 120.421
524 59.436 99.3819 10.1739
525 41.3783 115.136 11.7017
526 56.4444 114.841 7.73397
527 50.9113 114.783 5.03183
528 44.8206 86.2899 -0.699243
529 30.6501 94.6464 -0.628091
530 27.9404 92.7027 7.13445
531 13.6384 115.366 8.38767
532 0.173305 107.896 123.999
533 1.4286 16.595 99.3052
534 35.224 -0.976109 106.878
535 46.9631 113.757 88.8423
536 115.6 104.536 2.76798
537 89.4502 -0.903927 12.0619
538 -0.468213 52.8546 117.988
539 39.7129 113.843 96.191
540 6.03352 79.4479 53.382
541 80.0529 30.8089 -1.12822
542 40.2538 113.881 83.412
543 0.129679 102.631 6.63489
544 28.0004 106.888 -0.584323
545 115.219 72.3904 2.60919
546 18.0425 114.335 118.308
547 45.3792 114.908 7.99229
548 50.4025 114.097 60.2298
549 24.8305 114.493 113.44
550 43.5223 96.5374 -0.59892
551 8.20429 0.275306 26.9292
552 32.7127 61.1544 125.467
553 62.1501 111.521 102.296
554 18.7807 81.6026 125.527
555 83.9991 20.6888 -0.943303
556 95.0404 113.274 94.2802
557 23.8092 114.314 78.6374
558 35.1231 -0.0279657 28.0072
559 85.2523 114.407 5.2897
560 8.80813 87.883 125.278
561 0.173767 83.2968 112.498
562 59.335 113.887 50.813
563 36.4867 114.371 72.7324
564 49.6735 113.699 88.7347
565 6.10873 103.726 87.454
566 112.202 111.543 50.1796
567 12.9746 114.431 102.961
568 73.6922 -0.800391 45.169
569 55.1303 113.98 52.4932
570 9.68632 -0.0790258 8.8457
571 75.1749 113.542 93.2414
572 92.4328 114.019 14.278
573 108.452 109.855 93.9207
574 54.2701 113.618 86.5262
575 22.6685 -2.18207 98.2914
576 114.453 33.483 123.754
577 53.9929 15.377 -1.22694
578 95.2396 -1.42742 111.148
579 20.7998 111.809 -0.405522
580 43.7484 114.298 52.3752
581 54.6832 74.3691 125.177
582 91.1058 113.646 66.3486
583 47.1421 114.081 35.1769
584 58.2356 100.391 -0.560937
585 38.1192 114.315 53.5587
586 44.8179 80.3987 125.565
587 38.2085 114.35 49.2847
588 5.66129 70.6808 51.0101
589 27.9566 114.365 113.525
590 92.3763 113.391 111.367
591 48.8243 114.053 75.2288
592 1.37122 -0.137556 101.992
593 6.85872 74.942 34.349
594 106.802 113.894 3.29706
595 8.65811 71.5922 125.323
596 107.389 47.8123 -0.581231
597 0.634485 113.907 14.6035
598 24.4994 53.3595 125.361
599 36.0695 73.2925 125.447
600 3.59084 51.2327 95.2066
601 0.357562 71.0399 108.219
602 115.259 82.2565 120.561
603 5.12908 69.8682 81.0607
604 16.5633 0.387923 51.7044
605 67.7183 113.987 29.7774
606 4.76853 110.531 -0.230125
607 4.90513 111.167 100.017
608 5.46492 102.057 38.1225
609 67.1117 113.609 73.2203
610 76.5551 113.826 113.22
611 20.1271 96.8834 -0.909965
612 25.4997 114.404 59.2566
613 46.6334 114.294 52.5848
614 114.954 86.0049 124.023
615 110.943 112.993 104.733
616 23.9073 32.0399 125.122
617 5.30454 89.4012 85.8511
618 11.8354 100.055 -0.337048
619 74.7112 113.528 90.5015
620 40.9914 114.338 114.233
621 10.314 114.692 40.5857
622 70.5143 113.715 52.3928
623 36.6325 113.875 -0.3999
624 45.2363 108.56 125.641
625 7.88838 113.288 125.565
626 39.094 89.5836 108.799
627 13.566 102.343 103.712
628 24.1678 94.2992 121.591
629 0.700466 99.7942 108.422
630 67.7597 114.324 25.4137
631 0.207135 89.4635 106.297
632 3.22891 96.118 125.376
633 54.0177 110.287 113.644
634 14.745 91.8854 125.545
635 91.1876 112.024 125.639
636 1.29142 110.106 109.488
637 37.1266 114.486 24.8747
638 46.3977 94.3844 125.556
639 32.2645 104.01 125.784
640 20.5282 87.434 125.462
641 46.8518 114.222 115.219
642 112.18 32.1776 25.1533
643 36.382 101.76 -0.688592
644 15.3302 106.6 119.575
645 13.5792 0.4477 55.8905
646 -0.5866 37.0513 121.647
647 5.69375 109.725 55.0152
648 1.42922 57.6064 20.3548
649 5.48389 95.7836 56.1667
650 13.4688 104.883 125.631
651 66.6176 -0.534006 47.2606
652 54.7549 92.3745 -0.54119
653 33.6579 100.661 125.604
654 69.1525 76.1071 -0.840704
655 23.5199 114.411 118.405
656 9.62472 21.5898 -0.881751
657 33.5194 105.099 116.63
658 46.7042 115.045 3.06635
659 41.494 91.9575 119.674
660 46.6047 109.231 114.603
661 8.9378 77.2314 106.569
662 17.5228 104.0 125.662
663 5.65974 102.017 41.9455
664 15.8771 88.5 125.443
665 23.6268 106.602 111.739
666 35.0839 114.143 119.257
667 21.4217 53.6278 -1.01956
668 42.7577 81.8218 119.703
669 12.1816 94.5636 119.726
670 107.721 69.226 -0.407426
671 6.00512 45.1086 47.6684
672 40.2839 58.8535 -1.01619
673 99.8344 9.30798 4.58438
674 69.8814 29.2464 -1.1502
675 85.5942 26.766 -0.935518
676 48.2072 -0.281714 2.11573
677 114.12 12.0589 13.9387
678 95.9033 39.1471 10.8866
679 87.6276 33.3663 19.122
680 97.3516 6.94995 2.77643
681 89.7036 19.9158 11.4747
682 30.9434 -0.240038 22.909
683 74.1628 27.089 -0.950995
684 42.5114 -0.150762 79.5671
685 89.6887 12.7562 -1.19595
686 77.5203 75.7165 -0.727199
687 82.1648 0.831275 124.762
688 79.6758 11.1054 6.94438
689 95.4932 6.88364 18.9532
690 114.528 22.1754 4.04679
691 86.5734 -1.00393 83.1888
692 94.3164 -0.966106 32.4123
693 95.4059 19.576 20.3516
694 66.7744 10.3461 5.64825
695 70.8515 33.4204 10.8458
696 76.9741 25.6773 -1.15644
697 84.0486 22.9682 13.2281
698 69.6001 15.9872 125.111
699 98.5281 31.4946 3.16921
700 108.436 113.747 16.635
701 6.38863 80.1753 25.1607
702 73.8721 -0.886209 9.25735
703 115.604 104.096 118.76
704 115.409 104.32 14.563
705 61.1078 -0.530963 78.4105
706 45.4864 -0.810241 96.715
707 21.6376 0.046736 62.9479
708 92.32 101.944 125.62
709 0.0287059 24.8461 101.65
710 106.663 11.9075 99.3101
711 22.9735 63.4716 -0.639124
712 93.9626 113.371 74.7516
713 102.238 93.4825 -0.501947
714 94.0584 113.501 70.5835
715 110.318 54.5531 58.6737
716 111.705 41.0147 124.934
717 56.8155 -0.356389 28.0151
718 85.5022 -1.04038 76.8804
719 96.3058 55.7307 -0.952382
720 10.3858 9.68989 124.916
721 99.6913 -1.02569 63.4903
722 83.5461 113.865 50.155
723 74.6019 114.118 36.101
724 61.3471 113.904 77.4434
725 99.2664 -1.27869 73.0131
726 71.4662 37.4156 125.176
727 13.9943 0.285261 39.5354
728 57.915 0.766909 -1.077
729 24.2456 0.163572 64.5336
730 5.55833 113.347 66.3942
731 65.7545 41.3551 125.267
732 73.2828 64.4752 125.379
733 87.7312 -1.04034 13.2016
734 102.204 113.115 88.4704
735 35.8527 -0.230775 67.7279
736 82.4799 -1.89858 116.965
737 108.121 113.092 70.7406
738 56.9034 1.113 102.194
739 84.2116 113.547 81.8652
740 100.892 8.80644 -1.35419
741 106.677 83.3168 -0.561529
742 41.6765 114.305 80.212
743 106.115 0.596 89.9269
744 16.632 113.026 23.8487
745 102.582 -1.81496 113.999
746 49.8504 -0.242422 32.6622
747 76.6875 113.592 79.6687
748 2.93858 3.12496 94.8686
749 114.548 25.6576 112.22
750 91.529 -1.02204 56.5629
751 109.0 111.143 88.8205
752 8.62174 0.313285 37.822
753 39.0537 -1.2032 118.443
754 7.63979 59.4369 39.5082
755 -0.45768 47.0524 123.557
756 115.447 102.254 123.981
757 22.9168 114.618 45.6264
758 -0.200015 2.48372 103.056
759 -0.877501 46.3849 115.449
760 55.5554 -0.222673 30.0596
761 106.615 -1.13626 12.4612
762 1.46528 1.16931 98.8785
763 114.879 28.6914 13.6749
764 66.0011 -0.735847 20.6706
765 6.52705 85.7681 34.9008
766 78.058 16.1423 125.19
767 71.6021 113.885 67.1899
768 79.315 0.874398 103.942
769 12.5165 0.403099 27.9433
770 0.948136 90.3459 104.935
771 79.5265 -0.558837 41.3873
772 48.1298 -0.232403 9.27538
773 86.8708 30.0769 118.738
774 67.9917 113.842 116.268
775 98.5939 14.4093 119.042
776 102.621 21.4315 124.682
777 73.8559 18.0257 125.051
778 106.889 22.9621 124.278
779 15.4091 -0.528427 103.527
780 23.242 -0.185509 85.3251
781 49.592 35.6736 125.12
782 107.402 65.1338 66.0376
783 110.837 -1.80826 121.359
784 75.3609 11.0896 124.972
785 80.8564 22.8811 125.235
786 66.6457 10.865 124.774
787 64.1713 -0.48289 64.7867
788 102.472 -1.11222 9.26736
789 85.5214 21.2351 125.115
790 105.526 1.12715 95.8568
791 108.411 30.831 121.403
792 82.9653 24.5865 113.225
793 85.2378 24.7756 112.982
794 92.8011 24.0096 124.883
795 115.374 83.9597 118.202
796 62.1424 9.00812 124.805
797 24.9637 -0.892401 113.235
798 113.04 20.481 108.777
799 4.20942 53.8294 85.0048
800 106.308 10.322 112.931
801 75.9385 -0.740178 27.0462
802 114.3 23.2881 121.931
803 55.777 36.3826 -0.992474
804 114.43 15.2601 113.861
805 5.48606 89.8481 88.7487
806 95.166 10.83 124.966
807 92.4825 7.77515 124.925
808 85.9375 32.8563 125.309
809 84.3522 22.5742 117.282
810 60.931 14.2083 97.4797
811 73.0148 -0.627231 60.8979
812 63.9579 16.1857 125.152
813 108.36 80.9392 82.4277
814 106.676 15.2352 107.971
815 92.4064 63.5835 27.3392
816 87.3438 54.009 2.69103
817 31.2714 47.9491 -1.14418
818 100.459 113.746 42.9949
819 96.8184 26.2325 -0.900358
820 101.632 51.3309 11.2449
821 58.5951 113.989 29.1538
822 84.4428 114.062 30.0887
823 100.306 49.9361 11.6031
824 81.4073 34.7371 14.5489
825 32.4044 -0.176377 15.4372
826 97.4494 45.7365 -0.748907
827 5.07966 9.15199 26.2487
828 78.5919 40.1288 -1.0059
829 77.022 33.2683 14.7773
830 54.1652 36.7564 5.60669
831 71.5499 44.1784 10.5502
832 68.2599 49.7411 13.0654
833 113.565 56.9182 -0.504763
834 83.0511 54.5051 -0.862306
835 115.159 89.7399 120.066
836 75.1225 43.7242 11.0388
837 38.1816 0.0095398 24.1962
838 115.273 81.0099 14.2538
839 66.9989 36.122 -1.23955
840 -0.314339 56.7619 121.541
841 59.0265 68.6707 -0.735877
842 81.3425 -1.05191 66.4724
843 110.979 106.967 62.1592
844 108.975 57.6459 99.8493
845 75.9007 36.9386 -0.817718
846 65.2073 -0.775766 80.4896
847 114.288 21.9793 12.0865
848 67.3495 54.9405 18.3349
849 105.999 -0.933232 25.3494
850 5.08742 37.1699 59.6203
851 64.4152 33.5313 7.22226
852 75.5167 27.6408 3.06138
853 78.8551 52.5105 7.8271
854 70.116 45.4121 15.5192
855 26.3873 114.394 73.5651
856 76.3348 39.8085 -1.18444
857 114.458 26.4281 4.48452
858 111.402 53.9248 24.4745
859 56.9195 30.2116 -0.635811
860 4.67542 0.173294 90.9885
861 106.628 3.68135 79.3629
862 114.488 74.3048 21.1694
863 26.2232 -0.744838 106.62
864 59.8255 27.5308 -1.01628
865 30.5047 10.6187 125.041
866 4.63869 1.91587 59.5947
867 3.88027 7.47265 81.4097
868 6.35049 112.686 94.7134
869 106.972 3.82133 86.6678
870 108.47 113.134 -0.12329
871 102.553 -1.70505 121.448
872 108.26 -1.04141 10.3018
873 105.357 97.3393 -0.499479
874 3.25149 15.4626 94.7219
875 77.4933 113.838 50.673
876 109.628 109.279 64.57
877 113.088 83.7748 24.7726
878 113.271 62.1416 110.439
879 61.042 -0.603306 4.28937
880 109.882 11.8519 124.761
881 114.412 11.0015 121.906
882 114.169 9.13606 119.889
883 22.7967 50.8222 -1.11609
884 56.7537 6.13328 124.853
885 5.02926 9.47984 55.2708
886 24.9381 104.883 125.725
887 96.6352 13.8497 -1.17014
888 70.1861 113.842 32.5058
889 94.645 113.599 55.1723
890 98.6501 43.2652 124.94
891 34.1788 -0.0833239 70.8337
892 107.305 48.2975 78.9183
893 0.625865 111.36 124.023
894 73.0166 36.7957 125.391
895 92.6523 113.584 80.7347
896 82.5906 114.433 4.89857
897 110.331 1.96743 47.4411
898 73.489 -0.800767 41.5156
899 7.83394 34.3673 37.7426
900 0.141416 87.3389 116.595
901 49.1045 74.0087 125.588
902 108.469 41.9306 95.7971
903 106.042 -0.922313 56.5637
904 93.6527 -1.74599 118.456
905 48.654 66.2459 125.204
906 7.12502 68.5697 40.5683
907 107.13 33.8648 80.8999
908 115.355 84.3625 6.61524
909 84.956 -1.17177 92.3184
910 90.3084 -0.660036 26.4227
911 89.484 71.2905 -0.873262
912 5.30101 27.8448 45.5628
913 107.135 21.2547 101.949
914 106.772 -1.09703 30.2436
915 104.221 89.9854 -0.670348
916 110.705 69.4444 -0.604828
917 30.0143 114.506 39.2482
918 87.5079 -0.898262 18.7518
919 5.08532 0.264802 81.1029
920 107.776 50.0907 69.408
921 89.8281 -1.1951 73.5609
922 110.773 91.7154 125.364
923 17.2115 114.881 49.7113
924 115.231 94.0108 124.074
925 70.6696 -0.554064 18.4454
926 113.109 31.293 108.472
927 -0.369189 51.8328 0.658983
928 104.025 -1.7501 120.648
929 21.3699 -0.139434 12.3719
930 37.2556 114.355 34.1297
931 42.6551 22.546 -1.01807
932 47.8381 -0.151741 47.3385
933 73.8032 17.8262 -1.13097
934 59.7005 17.2512 125.069
935 0.53884 98.1569 18.5408
936 26.0469 54.2129 25.4648
937 107.563 53.462 93.4797
938 63.3798 71.8317 -0.959534
939 32.8271 53.0925 125.12
940 13.7155 -0.442648 109.287
941 52.0721 56.8412 18.0724
942 75.4151 -0.847208 77.8413
943 65.3739 26.3747 125.257
944 73.7125 30.6891 119.394
945 79.4764 113.786 38.8352
946 95.8593 52.1893 125.214
947 -0.481406 53.1584 121.712
948 97.1115 34.0469 125.122
949 80.0255 48.7142 117.924
950 107.411 52.3174 125.115
951 110.066 32.0836 124.983
952 69.3555 41.0257 117.251
953 23.8026 16.7237 124.964
954 112.826 47.9292 20.3251
955 75.8487 43.2023 108.864
956 106.734 20.6195 69.965
957 58.8046 51.6976 125.375
958 76.2943 113.575 96.386
959 101.385 54.9797 109.052
960 104.902 32.4817 117.17
961 63.7112 34.8475 113.439
962 99.0754 -1.15591 80.3061
963 46.5322 114.804 15.1873
964 35.2058 16.3461 125.132
965 90.1573 46.1329 123.016
966 114.582 24.3623 10.6623
967 5.09753 105.98 71.1797
968 5.0711 -0.646144 121.048
969 90.7201 46.8645 119.257
970 88.581 37.9749 116.315
971 108.926 10.0883 57.8628
972 74.7628 113.826 58.2647
973 109.758 78.0826 62.7107
974 111.886 13.723 27.0221
975 90.055 35.1763 116.021
976 49.0526 68.0636 -0.888527
977 54.3344 48.7039 114.933
978 84.0546 24.3214 125.187
979 81.3259 35.3182 125.241
980 6.57826 86.0392 26.6966
981 87.1791 43.3378 125.253
982 64.1027 34.3322 110.179
983 114.98 43.6739 2.2059
984 99.169 -1.31557 93.7493
985 92.7027 48.685 115.213
986 100.766 97.5301 125.659
987 75.7423 36.1452 108.521
988 17.9231 -0.571139 106.789
989 94.3398 18.4919 119.059
990 93.4214 72.9603 -0.477707
991 73.2527 66.3086 5.42508
992 74.9608 81.3161 10.134
993 81.8965 84.6195 -0.711617
994 112.645 100.194 42.3473
995 81.8838 68.0882 -1.03029
996 55.2552 110.399 125.837
997 15.354 114.597 32.1275
998 56.3931 41.6361 -1.38665
999 59.249 92.5482 125.423
1000 94.7038 63.1664 -0.895538
1001 101.806 72.1484 -0.674575
1002 78.3631 63.8336 9.03844
1003 70.3939 65.356 -0.764185
1004 63.6187 86.1638 9.60861
1005 80.5118 81.6785 13.6815
1006 107.946 70.1601 89.47
1007 115.048 66.5625 16.3293
1008 97.6937 66.9293 -0.598598
1009 111.841 61.9821 -0.699561
1010 102.044 69.1706 -0.747976
1011 81.7325 62.7832 9.83709
1012 106.632 19.7597 91.1892
1013 106.277 66.1576 -0.760791
1014 44.0109 76.1099 27.8959
1015 115.166 80.269 3.13412
1016 85.8482 75.6855 21.5189
1017 90.5722 76.4722 -0.706543
1018 32.4634 114.549 66.0007
1019 54.9686 92.0724 11.6793
1020 83.0216 41.9168 -0.987025
1021 63.7431 78.3979 9.03705
1022 89.1703 83.3581 -0.63865
1023 83.2988 63.7068 13.2323
1024 97.7322 73.6222 7.14567
1025 109.284 66.2041 -0.570845
1026 85.198 113.915 21.3804
1027 115.035 74.4662 20.5926
1028 70.2116 113.745 60.8694
1029 84.6266 67.3476 14.6983
1030 86.1297 90.4498 -0.705686
1031 88.0744 67.7539 3.05757
1032 10.3928 114.735 60.1529
1033 64.5733 69.6706 3.4304
1034 69.1817 76.413 14.8178
1035 83.4972 63.7413 9.1191
1036 61.902 82.0561 -0.781798
1037 74.7368 70.5836 -0.832184
1038 95.9097 73.5813 -0.798229
1039 76.2623 82.9516 6.55748
1040 111.875 84.8424 46.0277
1041 104.711 71.1788 14.9585
1042 25.2069 34.5098 -1.1368
1043 109.583 95.8829 81.4689
1044 84.2662 49.7847 13.3039
1045 23.4732 95.5956 -0.648244
1046 62.7699 113.805 73.9749
1047 60.2437 43.2809 91.8056
1048 48.9267 82.8218 125.562
1049 78.8616 113.63 60.8229
1050 97.9094 -1.75221 98.9473
1051 90.345 112.318 73.7188
1052 85.1651 101.066 -0.505511
1053 53.305 16.7388 20.1452
1054 75.8226 113.811 63.7934
1055 69.3173 113.89 114.173
1056 62.1075 -0.588252 53.4971
1057 75.3652 4.19866 -1.02687
1058 100.873 114.119 11.273
1059 111.444 111.108 60.3314
1060 1.2673 50.8862 19.5646
1061 57.5413 113.899 65.7233
1062 5.40452 113.352 74.5997
1063 97.9173 113.779 19.3562
1064 -0.207764 -0.601286 114.788
1065 57.8955 -0.472187 15.3498
1066 14.7924 -0.0805344 87.8464
1067 111.071 -0.330743 34.171
1068 88.4431 30.8878 -1.02583
1069 109.807 106.398 75.5387
1070 17.8159 108.629 -0.379621
1071 78.6308 113.994 32.8646
1072 75.0118 113.838 86.3618
1073 58.0452 63.776 75.0612
1074 15.4416 44.067 125.125
1075 -0.924343 26.517 123.47
1076 109.276 113.284 50.4981
1077 112.199 109.993 44.5417
1078 33.1237 76.6762 125.459
1079 6.20889 77.0137 69.2968
1080 6.78212 0.433668 76.1617
1081 20.676 0.0376739 4.22482
1082 113.416 12.2103 108.503
1083 10.8929 114.452 117.201
1084 6.62221 17.8347 -0.709406
1085 51.336 114.082 73.8694
1086 39.9532 114.31 109.085
1087 37.317 54.6533 -0.837387
1088 97.8509 94.3963 -0.470006
1089 111.074 3.27414 45.5761
1090 -0.0715562 9.69782 106.174
1091 12.4152 114.646 76.9771
1092 105.126 6.54279 -1.28363
1093 0.18049 90.4293 6.6506
1094 109.581 109.965 79.5748
1095 108.396 73.0379 101.023
1096 48.4017 114.1 20.7061
1097 103.657 90.5129 125.22
1098 109.523 72.351 64.8821
1099 100.016 29.54 125.355
1100 26.8263 28.7118 125.31
1101 5.59362 45.7926 51.3974
1102 94.2717 114.208 0.759785
1103 3.57526 99.302 21.955
1104 115.135 58.1171 123.516
1105 45.1415 106.197 -0.279613
1106 65.0388 111.73 98.4743
1107 41.1995 114.499 30.4607
1108 3.83061 45.7625 124.851
1109 105.541 9.79982 124.838
1110 107.566 83.6905 96.059
1111 110.316 63.8968 104.329
1112 -0.397497 56.0178 0.77798
1113 109.854 110.179 75.2403
1114 112.754 100.163 33.8257
1115 65.1025 105.682 125.736
1116 48.531 -0.148844 26.2971
1117 28.1895 114.119 99.9237
1118 25.1297 -0.0766863 13.2779
1119 38.0402 113.247 110.846
1120 6.03283 94.6083 73.6444
1121 35.3012 113.841 98.1638
1122 78.3603 43.2312 125.486
1123 9.52942 72.3242 32.3067
1124 20.9034 0.103999 48.5464
1125 113.392 106.833 101.14
1126 115.904 111.19 110.833
1127 31.6575 -0.0832861 89.4121
1128 100.333 71.1635 115.267
1129 86.0557 86.9548 125.557
1130 102.54 18.1904 125.256
1131 110.365 61.4389 114.442
1132 75.9775 66.5981 114.964
1133 48.0294 115.024 1.08656
1134 67.2683 59.8727 112.521
1135 74.9029 91.0289 125.462
1136 70.8895 113.563 91.1195
1137 60.3177 65.7803 125.491
1138 107.589 83.5123 125.347
1139 90.163 64.475 125.428
1140 60.8843 113.682 111.09
1141 79.0145 83.9827 125.451
1142 74.9118 82.0243 107.893
1143 115.076 64.3958 117.766
1144 40.892 -0.265216 80.6371
1145 101.591 59.3661 125.214
1146 96.0042 67.5359 125.508
1147 75.8659 68.9091 125.483
1148 98.1588 16.622 -1.04591
1149 81.8128 76.6044 125.417
1150 105.868 -0.997716 60.6975
1151 108.106 70.9524 113.225
1152 52.2205 114.034 119.283
1153 75.1664 0.00935265 124.835
1154 47.2054 57.0091 125.229
1155 68.9433 73.3121 105.602
1156 64.578 83.972 125.61
1157 105.758 77.0705 111.335
1158 82.6564 35.0884 -0.917948
1159 115.099 73.4374 123.821
1160 80.2548 69.779 125.309
1161 105.23 -1.06007 37.7469
1162 111.523 55.0633 32.6357
1163 112.317 54.772 106.893
1164 108.173 111.982 125.434
1165 90.146 -1.028 21.5875
1166 113.279 72.1917 119.983
1167 10.0519 65.2635 -0.741416
1168 12.7749 52.5529 124.98
1169 84.5497 73.1613 111.472
1170 111.801 53.9846 44.2949
1171 84.3777 56.6179 125.335
1172 69.0814 70.9353 125.401
1173 56.8921 112.27 125.869
1174 73.0011 59.6444 125.171
1175 88.8538 80.3475 122.393
1176 107.181 32.0588 71.3247
1177 79.7299 114.334 12.016
1178 99.5319 113.304 79.2909
1179 101.212 113.957 3.14969
1180 107.546 54.0947 89.12
1181 109.495 9.7833 45.642
1182 102.963 101.963 3.51232
1183 98.0647 78.0876 -0.801966
1184 43.6388 -0.219848 46.343
1185 58.1058 104.24 -0.51008
1186 82.6424 104.948 -0.507418
1187 75.2204 103.549 4.29114
1188 115.391 92.7207 10.7469
1189 50.896 113.678 103.714
1190 76.4018 96.8076 -0.631667
1191 72.6155 106.297 11.372
1192 75.403 7.72956 -1.19481
1193 84.9947 -1.09153 50.0796
1194 96.7958 101.764 -0.283757
1195 44.5781 -0.35716 60.1993
1196 109.531 102.362 88.0052
1197 93.8725 105.886 -0.516374
1198 -0.957979 23.9014 4.35538
1199 110.989 0.49786 41.1021
1200 90.6391 91.8223 11.1804
1201 63.9002 114.53 6.00401
1202 93.6862 88.5087 -0.664233
1203 115.735 108.58 10.8273
1204 100.588 111.292 105.05
1205 15.1151 9.46521 -0.857356
1206 74.5366 114.041 30.6887
1207 99.3948 95.3869 6.98761
1208 104.075 107.423 -0.424961
1209 69.381 104.14 -0.616899
1210 112.613 113.716 11.4479
1211 92.326 89.8664 11.295
1212 62.0344 110.566 -0.665038
1213 16.8164 114.857 38.437
1214 70.8243 81.289 -0.912051
1215 90.3936 -0.822414 54.1066
1216 22.3204 114.739 8.87212
1217 89.8724 113.451 68.1197
1218 43.8988 114.214 43.6799
1219 77.5472 -0.537259 55.8078
1220 67.8089 96.9276 125.664
1221 88.1442 114.211 8.90037
1222 36.9016 114.762 9.2306
1223 46.6127 115.012 5.96295
1224 111.026 108.189 -0.438705
1225 55.3229 0.302844 124.973
1226 115.396 104.591 10.6162
1227 103.733 113.319 93.3007
1228 83.9624 -1.05307 34.0046
1229 88.3662 113.536 86.9786
1230 22.6004 112.788 111.344
1231 114.408 16.9189 119.946
1232 5.44526 6.43124 -1.17967
1233 109.161 10.0333 50.196
1234 109.961 86.4189 55.5404
1235 89.3813 113.879 114.093
1236 106.722 113.263 107.044
1237 -0.451971 29.1597 10.03
1238 34.9853 114.236 115.359
1239 110.086 93.8777 59.6097
1240 88.9368 -0.906173 56.2025
1241 111.791 106.103 29.4013
1242 92.0845 -1.19517 103.912
1243 113.69 112.2 20.8561
1244 23.6839 114.973 10.0414
1245 106.867 5.97432 77.2476
1246 81.4782 48.5473 125.609
1247 107.278 23.9088 70.6994
1248 42.5084 113.796 103.246
1249 0.8526 97.4334 106.632
1250 89.511 111.382 104.612
1251 106.789 9.55443 84.9829
1252 107.1 25.5636 77.1309
1253 5.82543 63.4549 -0.569204
1254 64.7151 80.0062 125.507
1255 59.0565 -0.795211 56.1363
1256 115.545 93.6613 112.103
1257 65.8758 54.9305 125.339
1258 67.9243 114.112 46.8573
1259 8.25933 115.121 20.1757
1260 66.8516 113.425 80.3914
1261 98.4122 24.0248 124.997
1262 3.63674 57.0851 96.7228
1263 75.1041 113.726 123.487
1264 87.8463 97.8245 -0.446433
1265 58.5815 113.914 71.8509
1266 10.9647 114.756 71.9061
1267 115.527 91.0669 8.33695
1268 76.3401 113.803 55.6471
1269 5.23965 92.1953 59.8029
1270 29.3988 112.038 -0.33457
1271 76.5281 -1.29502 110.101
1272 71.0894 114.731 0.900792
1273 56.2702 73.8989 -0.825374
1274 53.0024 113.942 75.968
1275 99.6933 13.6873 -1.05985
1276 80.7734 111.477 104.734
1277 79.0971 113.785 51.4641
1278 86.6572 113.691 77.653
1279 63.7458 103.677 -0.465463
1280 0.252275 91.2384 116.482
1281 27.4317 100.6 125.618
1282 5.59894 114.486 107.777
1283 56.4878 113.61 95.1923
1284 95.5897 30.909 125.235
1285 3.37208 108.204 20.5013
1286 105.186 9.48089 -1.15903
1287 84.2983 114.031 36.9741
1288 5.18946 29.6565 59.4188
1289 105.391 109.684 -0.249522
1290 115.085 62.4901 8.70577
1291 9.65638 36.1645 125.009
1292 99.4022 113.19 99.773
1293 89.9481 113.651 60.0576
1294 107.3 9.36488 68.3339
1295 106.673 -0.0034235 65.9713
1296 5.78924 111.943 44.4732
1297 60.7329 99.1697 125.572
1298 14.2636 114.867 67.9218
1299 90.5659 84.6863 116.296
1300 78.9464 95.5149 113.857
1301 107.843 97.8178 118.817
1302 78.1059 113.645 118.166
1303 74.9124 82.8688 112.909
1304 86.451 109.678 121.645
1305 91.8739 81.7217 125.436
1306 45.0861 109.89 -0.421658
1307 72.3806 113.614 85.0185
1308 60.3442 83.2913 125.457
1309 108.047 107.694 125.656
1310 114.683 32.071 6.4264
1311 74.9533 113.825 119.386
1312 109.388 100.637 110.165
1313 73.3141 103.958 119.902
1314 90.9498 108.115 125.487
1315 102.897 82.7811 125.621
1316 74.9263 94.4505 112.246
1317 105.034 101.539 121.876
1318 47.007 -1.09876 104.048
1319 56.6241 104.225 125.73
1320 90.2849 99.6767 125.821
1321 39.9453 63.1248 125.371
1322 103.324 88.3732 114.539
1323 73.8764 107.277 115.19
1324 28.2704 114.524 72.5579
1325 -0.399522 47.1629 0.811689
1326 115.187 97.8196 120.138
1327 106.433 -1.76469 120.475
1328 113.983 113.04 124.106
1329 72.3312 110.329 125.779
1330 60.9739 114.052 122.218
1331 115.429 101.666 112.338
1332 90.8373 113.713 120.182
1333 58.9769 89.3765 125.647
1334 105.813 92.9417 113.662
1335 55.0645 114.118 110.905
1336 89.1924 96.9294 114.852
1337 69.3121 99.2791 125.467
1338 0.650281 110.286 18.7573
1339 42.2385 -0.354893 14.5048
1340 80.2558 86.8612 125.552
1341 112.078 104.204 50.5458
