0 50.866 -0.357847 63.1954
1 9.34195 0.19718 0.218631
2 6.91773 10.1165 7.12506
3 21.449 21.9194 -1.24825
4 113.091 43.6299 -0.694025
5 -0.569639 22.6116 103.713
6 0.76212 9.10475 -0.902725
7 43.8143 27.9413 6.82072
8 14.17 -0.00906127 4.98969
9 39.7095 15.1049 -1.03198
10 -0.531953 1.86884 71.628
11 26.7857 114.762 47.466
12 45.7139 30.2279 -1.10454
13 41.1793 16.1767 -0.999826
14 96.2754 -1.22983 84.3299
15 9.03738 28.2954 -1.11925
16 31.1187 -0.224987 43.7505
17 -0.574303 19.3638 0.29538
18 38.3966 29.578 -1.03709
19 30.0947 9.7392 -1.37343
20 6.08716 114.691 42.3276
21 -0.505704 28.7995 105.631
22 13.5522 2.44724 -1.40763
23 2.88286 0.385857 26.0709
24 39.57 -0.217597 2.36523
25 8.63229 0.073535 55.0865
26 62.578 16.9793 10.4769
27 18.2149 13.4222 -1.25228
28 -0.477652 16.8977 23.0698
29 113.939 53.6882 41.703
30 -0.101595 64.8564 110.174
31 63.5009 -0.322762 37.351
32 -0.0624715 34.9359 40.4763
33 30.6203 -0.915706 113.96
34 0.101611 15.3969 66.2627
35 0.489817 65.9767 73.0478
36 7.06791 24.4833 -1.27586
37 43.856 -0.513751 45.5638
38 53.5848 -0.51858 52.1597
39 25.5107 -0.200057 35.1528
40 13.5627 24.1569 -1.23669
41 84.7983 72.8382 -0.881878
42 29.2324 -1.23695 115.151
43 29.2199 65.8182 67.589
44 28.2376 11.4819 -1.09242
45 42.2596 -0.664544 75.655
46 62.2115 -0.602714 47.61
47 112.196 4.03462 -0.956813
48 88.4546 33.3388 42.0167
49 110.532 -0.962725 17.3825
50 0.161998 31.2704 44.9347
51 2.25301 20.1957 -0.990887
52 26.3958 -0.103998 19.5982
53 32.6078 -0.416213 61.0495
54 0.34308 41.2658 72.999
55 39.6667 -0.0696544 22.7223
56 9.79854 -0.0136784 61.2754
57 53.7397 -0.451688 30.9225
58 23.927 -0.163476 20.6365
59 -0.29974 56.2241 4.32565
60 82.0808 -1.01086 64.6145
61 105.381 13.5468 -1.0401
62 0.0197826 10.9496 36.3158
63 65.0031 -0.900119 47.9698
64 114.913 51.846 9.89794
65 -0.0638212 70.0997 10.1817
66 4.2621 0.443705 40.6436
67 18.3431 -0.0400656 24.8034
68 17.8993 58.2399 96.6361
69 73.2873 113.784 67.5881
70 59.4742 -1.16917 98.0179
71 7.94111 -0.0586716 92.5941
72 114.445 72.4331 76.471
73 2.25697 -0.114682 96.6848
74 43.7608 -0.472795 41.3397
75 1.2475 41.6921 -0.512628
76 -0.399882 11.1432 82.5759
77 49.2556 -1.16243 99.9865
78 5.75522 0.150031 30.277
79 37.8094 -0.738293 100.05
80 63.8101 -1.1745 102.845
81 26.5752 -0.597247 90.4557
82 0.704571 12.9682 116.214
83 43.6371 -0.372137 0.314011
84 56.6351 -0.284136 21.6144
85 8.68938 0.140696 34.0093
86 75.273 -1.27459 99.0676
87 0.520806 47.6127 49.3802
88 36.4289 41.802 54.6899
89 43.6963 0.248865 116.552
90 -0.240375 11.654 44.7977
91 5.63471 -0.031021 72.4778
92 113.68 15.1631 80.1096
93 0.0221971 83.5348 108.037
94 32.2559 -0.580666 98.7042
95 18.5336 -0.103088 52.9783
96 64.9439 -1.03541 73.0283
97 49.321 -0.352746 49.7673
98 5.30122 0.337291 21.4945
99 0.336429 31.5131 70.1613
100 0.412495 47.6933 54.3782
101 -1.02545 3.14943 98.588
102 53.4762 -0.380225 27.026
103 82.2037 -0.782674 13.4575
104 98.841 -1.42761 63.2969
105 55.2235 -0.748015 74.6507
106 58.0214 -0.971979 77.8501
107 0.900401 91.8052 62.5503
108 87.289 40.0085 -1.06542
109 15.2167 0.792333 116.658
110 114.212 63.7135 85.4525
111 39.4189 -0.811972 97.0146
112 43.9356 15.0354 104.726
113 -0.0592874 13.4611 55.5302
114 21.7232 15.2396 104.719
115 3.37676 0.231602 3.18607
116 38.0734 -0.438078 87.3535
117 29.1329 3.32812 116.734
118 9.36505 24.2721 116.736
119 6.14048 -0.49635 102.876
120 29.2484 0.399906 116.482
121 57.9795 -1.18266 115.379
122 17.5627 7.76583 116.711
123 -0.423484 36.7505 97.7228
124 64.4293 65.5465 98.9217
125 8.5354 0.423489 43.6255
126 -0.31729 43.1762 4.58548
127 46.7285 15.6718 104.029
128 42.1464 6.93806 102.502
129 32.5 20.4774 111.834
130 35.5462 19.6701 82.3042
131 6.75148 25.268 104.283
132 20.9976 9.75322 106.069
133 29.5667 23.6039 116.635
134 42.6191 31.6384 109.35
135 39.6513 14.2432 116.9
136 113.445 15.8709 59.6301
137 46.6697 11.2717 107.331
138 26.843 0.00620761 40.4862
139 25.2954 20.0239 101.222
140 36.2891 5.19693 116.655
141 15.5107 -0.189283 74.926
142 38.03 6.43714 109.994
143 34.0656 8.72849 112.974
144 17.9862 -0.737275 102.822
145 7.55238 5.59792 116.606
146 23.3813 -0.894599 112.141
147 14.0403 17.5543 117.002
148 46.9174 39.7546 95.0859
149 -0.641614 26.7118 99.6438
150 59.504 -0.946263 72.7345
151 45.3852 1.06508 116.872
152 37.868 8.36627 116.807
153 12.3565 20.9464 116.791
154 29.5531 -0.0850566 70.0498
155 0.748083 65.7696 52.0433
156 42.4108 -0.806368 80.6965
157 62.1982 -0.658347 43.6928
158 13.134 50.5806 13.1056
159 45.906 58.938 15.9997
160 0.23264 35.9158 53.1734
161 113.718 31.6246 76.6287
162 34.1403 39.9947 -1.21502
163 22.8595 50.4322 5.02563
164 48.4175 38.464 -0.970511
165 -0.925147 2.59609 48.4306
166 36.8769 35.722 -1.01903
167 -0.416948 8.78165 68.4405
168 24.9982 54.4493 11.0048
169 26.9091 25.3198 -1.29676
170 38.6623 49.9611 7.59262
171 -0.178217 15.6258 28.6717
172 47.5404 5.79813 -1.36997
173 3.76747 48.7057 7.38673
174 67.971 94.2877 -0.672236
175 30.8711 34.061 6.88101
176 43.9326 -0.214017 48.59
177 44.3575 50.4462 14.5627
178 0.0497304 30.9777 36.8419
179 17.1088 43.9027 -0.752345
180 40.943 114.01 89.2322
181 82.1956 -0.854432 46.5202
182 48.7418 48.3701 39.8313
183 59.2041 -0.889638 84.241
184 45.7943 35.7695 -1.33553
185 16.104 56.7427 20.9918
186 -0.818562 12.8246 18.9658
187 -0.567305 63.347 3.91538
188 28.6078 39.9899 -1.0267
189 51.2114 31.4949 -1.02511
190 33.0775 23.8208 25.5744
191 22.839 45.8951 6.26175
192 1.12379 113.361 56.633
193 -0.444599 53.9597 18.4095
194 27.2063 52.1089 19.0026
195 -0.260501 53.8847 6.39273
196 41.1789 48.5673 -0.984533
197 10.1961 52.6875 13.0299
198 47.2079 40.0137 15.1878
199 0.49563 0.636592 7.27082
200 9.60197 115.025 22.4172
201 113.98 41.8054 70.2943
202 1.12181 34.0 -0.601629
203 5.70003 0.131829 75.6334
204 62.0209 -0.75375 64.4709
205 39.2121 -0.819068 89.6488
206 67.8484 -1.03294 84.4201
207 114.423 74.0323 54.3616
208 52.1615 -0.382475 58.222
209 83.5084 -1.43175 78.0474
210 33.7438 14.5511 116.707
211 5.1592 0.0549255 17.6379
212 114.917 106.387 71.0731
213 39.3499 -0.733946 93.7768
214 0.241907 35.4097 90.3349
215 0.89546 99.5479 87.2724
216 -0.431432 5.09997 80.1002
217 82.1351 61.2712 84.437
218 27.4691 17.846 48.3704
219 12.691 -0.191237 52.8014
220 114.133 23.4406 18.7827
221 86.3232 62.3922 -0.508116
222 11.2409 -0.305159 39.5394
223 53.8771 -0.477636 39.4649
224 64.9925 1.73551 -1.35824
225 67.5897 93.5131 50.6323
226 41.1946 -0.554402 70.8557
227 77.7995 -1.32661 90.4992
228 0.693018 57.5275 47.5403
229 -0.187081 20.8131 84.9761
230 -0.00645567 21.3903 30.7134
231 64.3797 61.8178 -0.820598
232 11.1379 114.344 88.2785
233 53.5451 80.3178 23.5525
234 63.5313 94.3026 34.0715
235 0.9308 113.03 68.3923
236 1.12515 107.727 70.4565
237 62.5086 63.3211 96.7963
238 -1.30214 12.0268 106.11
239 0.668063 93.2245 94.0054
240 15.6681 65.3685 -0.830549
241 13.1976 65.3476 117.214
242 65.2877 55.6572 73.8681
243 20.7752 -0.781175 99.9888
244 20.338 -0.199099 19.2362
245 47.8398 -0.597202 55.9563
246 0.22993 37.259 63.6533
247 59.1875 90.4985 48.6107
248 -0.0692705 69.282 102.024
249 0.06164 81.8337 105.809
250 32.3814 114.509 111.311
251 5.35761 0.211477 38.0842
252 31.3527 114.256 79.4176
253 77.9746 -1.55421 103.923
254 28.3524 -0.287255 63.285
255 14.5933 99.0037 59.3922
256 33.8776 -0.576779 79.7688
257 114.436 29.3612 16.8358
258 60.5672 -0.616889 19.779
259 27.8004 -0.76767 97.9766
260 1.23647 113.07 59.9899
261 84.185 52.236 32.63
262 3.90223 0.0840035 94.3038
263 25.1202 -0.723207 89.4699
264 63.935 77.4755 76.1658
265 0.432017 71.5878 74.0552
266 0.195681 27.2726 74.0434
267 70.7615 -1.06836 35.4451
268 0.404754 43.454 37.5656
269 -0.29009 34.0824 19.0095
270 0.941923 102.304 51.522
271 32.5344 -0.11944 20.5743
272 115.037 61.9696 12.6247
273 60.9552 -0.581226 54.2061
274 0.796361 83.6861 87.4811
275 29.8273 -0.571696 87.4213
276 1.11798 0.298279 66.3493
277 -0.770871 14.8549 107.294
278 0.232495 46.8667 66.7674
279 61.7386 68.3832 71.5133
280 18.6363 114.618 56.7874
281 79.3526 61.1935 92.8994
282 113.949 63.1625 65.2695
283 90.5048 -0.927924 51.3814
284 37.2748 37.6895 83.9458
285 59.5339 14.9563 54.4596
286 44.2625 39.9225 117.034
287 114.145 41.1077 95.4369
288 -0.581109 30.8197 107.388
289 -0.996963 16.5925 113.455
290 38.3443 41.7441 113.641
291 26.0132 43.1933 103.158
292 0.0991905 53.7803 80.6779
293 26.8041 44.0271 117.099
294 -0.770273 1.1032 92.8007
295 35.2331 53.4763 117.262
296 42.7964 38.8593 117.031
297 56.654 114.012 71.9067
298 4.74632 50.1143 112.955
299 29.7676 35.6398 116.891
300 -0.638767 52.8526 113.559
301 42.6619 36.0204 105.72
302 17.8788 57.9475 98.8876
303 5.32781 30.8974 116.339
304 113.245 3.68248 63.3659
305 49.8812 32.7121 116.973
306 46.0144 63.6782 67.2654
307 16.0662 47.884 117.147
308 78.1077 -0.807793 15.7525
309 11.1668 40.3199 110.479
310 -0.467418 49.0197 105.521
311 -0.29639 1.82757 79.945
312 47.0924 44.4545 116.938
313 44.2873 49.7547 106.828
314 1.19002 56.6595 116.468
315 19.9044 54.0261 117.114
316 17.034 30.9572 116.86
317 13.0578 27.6388 102.705
318 76.3947 113.645 87.1072
319 12.8765 52.1177 116.891
320 18.9311 33.366 117.076
321 11.5838 38.6415 -1.20217
322 0.757039 112.116 25.2988
323 4.98684 114.123 -0.244634
324 14.7907 80.5625 -0.628123
325 49.233 114.233 55.7288
326 30.1459 67.0737 6.59369
327 42.0095 64.7895 -1.03034
328 58.1194 114.35 31.8967
329 0.315785 108.682 12.4223
330 37.4437 69.5937 9.95906
331 50.7646 114.437 16.2599
332 23.1267 67.2417 8.63743
333 43.4038 80.2173 -0.705807
334 92.1208 113.738 40.68
335 0.00590053 27.0855 86.9548
336 30.3231 70.1659 -0.681659
337 43.8336 114.126 90.125
338 56.2762 76.9714 12.708
339 32.3931 114.676 55.8061
340 0.343571 82.7049 100.444
341 31.5704 59.2289 -0.728774
342 14.1288 114.839 38.2874
343 35.6194 72.4311 10.9965
344 21.4108 61.0469 -0.686484
345 -0.329022 45.8888 14.5682
346 76.4387 65.8436 46.7775
347 54.7374 78.9919 11.654
348 46.2955 79.2018 9.08413
349 19.0604 82.6949 -0.724979
350 0.0095404 73.871 2.5593
351 84.9624 113.638 96.8368
352 68.1707 114.224 24.5734
353 11.4808 69.0057 5.41732
354 45.9809 68.2504 -1.10427
355 11.9488 85.7161 14.2488
356 24.3334 57.4558 3.88704
357 101.926 113.718 37.2254
358 43.5642 81.3928 48.1557
359 39.4383 84.8626 3.31625
360 16.6517 114.414 109.169
361 30.4182 73.2602 15.8797
362 0.957042 109.668 89.5351
363 8.59617 114.396 87.1533
364 92.1713 113.751 34.9418
365 3.64951 114.595 110.817
366 1.14402 105.871 65.0268
367 38.1689 114.255 89.2482
368 23.8433 114.979 7.15679
369 35.7355 58.0679 71.8523
370 114.244 53.7028 95.8818
371 26.257 114.667 102.793
372 0.0204774 59.346 95.0644
373 -0.520953 46.8483 115.336
374 114.011 49.7474 37.262
375 41.4049 114.069 73.529
376 0.260143 69.674 27.4066
377 71.3807 71.4158 84.5577
378 15.3888 114.827 65.381
379 23.692 114.622 80.7915
380 21.1584 114.988 51.4499
381 55.366 114.78 11.2235
382 8.39872 114.734 45.6136
383 4.0556 0.176765 87.3408
384 65.1699 113.891 54.7917
385 44.5497 57.4502 23.9922
386 4.15484 114.38 59.8099
387 28.2786 17.4804 22.6908
388 5.49114 115.074 20.3983
389 21.2749 -0.0961556 23.6027
390 104.412 43.7241 116.952
391 8.42537 -0.269184 83.841
392 66.1468 77.2733 17.8676
393 114.878 81.7767 95.9659
394 36.903 114.549 50.994
395 22.1732 92.9325 117.357
396 0.203246 71.337 91.1914
397 22.1744 114.352 116.262
398 8.98372 103.893 -0.213657
399 45.1505 114.141 116.017
400 1.16889 109.364 35.8811
401 -0.565499 46.8912 107.464
402 -1.04403 1.9291 9.95982
403 8.10412 -0.761888 112.712
404 57.7847 19.6136 48.3504
405 -0.0202024 89.4827 110.136
406 114.379 72.4358 60.3406
407 10.0197 114.683 80.5875
408 80.3762 51.1096 -1.1293
409 76.3434 113.749 50.8276
410 20.0359 45.9101 75.8698
411 108.843 45.0205 117.0
412 1.02369 97.5227 40.0562
413 115.011 36.8064 107.996
414 0.33157 59.9931 78.9762
415 89.4135 113.416 97.665
416 2.65305 114.378 49.629
417 0.838293 105.949 97.273
418 70.6669 114.144 45.3616
419 40.0502 57.7947 84.2212
420 -0.362792 1.49854 38.8989
421 43.8091 113.981 93.5549
422 0.21404 41.4272 59.7182
423 0.780144 103.926 91.2005
424 -0.171268 71.3958 115.728
425 43.9219 11.6144 116.661
426 31.269 114.9 49.3824
427 0.46609 59.2276 82.7991
428 18.6872 114.798 53.2417
429 68.4128 49.3372 82.1673
430 46.7897 115.087 5.8475
431 114.712 112.024 43.9021
432 13.6392 0.295002 1.55035
433 14.0387 -0.0901549 77.1611
434 28.2391 114.492 99.579
435 7.48124 74.0322 117.161
436 59.2641 114.1 71.6954
437 80.694 -0.760073 32.944
438 69.4054 114.23 39.025
439 0.210175 74.2422 14.9411
440 31.4146 42.3479 23.4346
441 69.6305 -1.36393 99.9866
442 15.939 73.6061 108.517
443 4.24395 64.6991 116.77
444 0.314036 77.1554 93.0345
445 14.4548 86.6012 117.01
446 2.99944 70.8061 108.058
447 -0.540477 38.2798 115.474
448 17.0971 56.0851 106.817
449 45.7508 59.3616 117.388
450 49.3684 73.8579 103.22
451 0.280357 65.8868 22.3747
452 44.7821 77.931 109.373
453 40.4407 82.7138 104.424
454 53.0806 84.044 117.427
455 -0.631432 22.7987 99.3021
456 111.664 113.069 60.1732
457 28.6945 62.2293 117.083
458 55.9417 59.7565 117.108
459 14.3071 74.3695 117.246
460 -0.250291 61.0266 105.98
461 106.723 90.5057 117.255
462 44.4115 63.9857 117.333
463 44.396 51.8922 117.213
464 56.0192 63.7886 117.268
465 2.59153 -0.361927 104.65
466 20.1598 71.4714 117.085
467 -0.291061 22.0134 48.0963
468 2.98695 73.5755 105.459
469 30.7446 114.206 105.019
470 35.7927 60.4454 108.574
471 32.5052 114.675 68.2131
472 16.8397 96.4644 117.498
473 29.4993 71.8312 111.318
474 25.5157 84.1082 107.362
475 67.7657 87.5552 72.0549
476 18.2717 -0.0689263 61.0839
477 43.5052 103.35 117.426
478 58.6996 72.9905 117.297
479 51.1076 77.788 105.243
480 70.5224 57.4085 98.9138
481 59.0041 76.008 117.22
482 17.2885 74.8678 117.083
483 44.482 53.2106 100.594
484 4.4979 69.4132 107.914
485 27.5652 114.43 104.007
486 30.3251 68.0025 104.871
487 60.3307 70.9549 117.217
488 41.6485 81.8149 109.331
489 19.7747 42.9305 116.801
490 114.58 79.7638 51.9
491 -0.348582 72.2189 106.906
492 19.6616 114.342 95.539
493 27.5882 81.4723 117.205
494 13.4703 61.8982 103.108
495 61.3853 -1.6225 110.653
496 53.8179 114.852 3.83112
497 24.6946 77.2727 -0.798666
498 19.1137 93.3262 3.59727
499 46.2178 88.2068 -0.615307
500 17.2032 114.853 28.6802
501 15.3787 103.067 11.6687
502 48.9065 95.0849 1.12394
503 10.7126 109.851 -0.390496
504 14.8582 94.5621 6.11771
505 34.846 104.504 -0.488957
506 23.6273 115.175 15.4516
507 25.5135 114.693 41.2768
508 20.4032 111.775 -0.671339
509 114.513 96.157 56.6753
510 27.7783 96.316 6.74799
511 97.7709 90.5128 -0.438811
512 0.608887 114.193 6.59273
513 4.16457 114.947 34.9459
514 11.827 96.5766 -0.425518
515 46.752 94.371 13.6323
516 27.2939 88.9538 3.24121
517 57.9759 110.011 14.4767
518 0.139711 97.9302 6.54728
519 17.3842 88.5735 -0.514431
520 0.382082 47.709 37.0556
521 47.7278 102.627 13.3209
522 15.8133 101.486 -0.58062
523 29.8203 114.498 73.564
524 59.4281 99.2837 10.3088
525 -0.384174 3.02957 61.3584
526 56.4444 114.841 7.73397
527 50.9113 114.783 5.03183
528 44.8206 86.2899 -0.699243
529 30.6501 94.6464 -0.628091
530 27.9404 92.7027 7.13445
531 13.6384 115.366 8.38767
532 56.5567 114.077 95.6976
533 26.4593 114.787 19.3655
534 16.6107 -0.299578 96.6369
535 49.7106 114.416 40.2347
536 56.4284 76.8026 -0.858511
537 52.3445 114.277 48.8027
538 21.2377 114.451 65.1396
539 0.621963 86.36 47.2422
540 57.2672 58.374 19.4712
541 55.2305 114.282 34.9514
542 103.246 113.603 60.0168
543 11.6547 114.869 50.8255
544 20.8591 115.111 19.4291
545 23.1948 115.4 1.88764
546 35.5714 21.096 57.3615
547 32.1666 96.2088 17.0147
548 81.1864 113.72 103.186
549 0.230097 73.2899 27.7462
550 16.4185 114.987 17.4895
551 24.0259 114.384 57.2502
552 0.429313 57.7362 77.1233
553 70.7033 114.096 67.6372
554 -0.256887 39.1966 16.7777
555 115.04 92.0547 27.0528
556 34.0803 114.274 82.8753
557 46.4299 84.5432 77.8657
558 0.699799 83.6585 32.9485
559 50.8488 114.172 67.4498
560 38.2744 114.585 39.1182
561 31.0323 114.27 87.0901
562 70.7064 113.882 109.044
563 0.745693 73.9971 68.1276
564 113.175 112.837 71.4325
565 0.752952 97.6252 97.5039
566 95.7129 91.1112 52.655
567 50.8453 113.876 88.47
568 114.871 43.7516 6.21963
569 44.2048 114.435 61.2444
570 -0.454143 33.3821 2.22944
571 20.9203 114.96 22.8042
572 3.17202 88.9104 -0.100951
573 80.5952 113.678 69.7513
574 45.0843 114.028 83.2451
575 -0.126316 30.7391 53.3477
576 65.4355 93.736 80.3966
577 0.342222 60.7499 81.2528
578 82.1205 113.718 49.4465
579 -0.390678 43.5839 15.9658
580 40.9926 114.504 36.1641
581 -0.947611 6.8162 114.91
582 60.5062 114.094 81.0318
583 0.655789 51.8442 61.7066
584 39.6836 114.244 57.9196
585 39.412 114.255 100.953
586 0.645325 71.4316 41.5187
587 8.04441 115.059 17.1708
588 -0.217486 54.7193 99.2661
589 19.6078 114.808 63.2911
590 43.8927 114.209 52.6385
591 0.898542 103.662 33.1478
592 37.9445 114.652 22.0334
593 40.7383 114.088 107.1
594 70.9633 113.879 42.507
595 36.6002 114.511 104.712
596 114.873 88.0119 23.6314
597 35.6509 114.798 32.2094
598 42.611 23.1552 100.659
599 73.6299 100.988 117.456
600 -0.481534 63.5078 0.886273
601 1.10582 87.9918 70.8353
602 55.6501 25.5209 44.2701
603 1.04113 107.435 92.0273
604 39.4161 2.15038 116.807
605 1.09428 112.969 43.3394
606 46.5892 114.183 76.6232
607 38.5745 114.571 44.2446
608 14.3414 114.631 79.4694
609 0.228567 85.8201 18.4984
610 104.643 113.301 71.4804
611 35.0015 114.391 102.89
612 42.393 114.249 111.928
613 66.4645 113.636 61.2623
614 43.9083 114.18 98.8734
615 50.7397 97.6473 117.429
616 6.92637 114.299 94.4444
617 11.4532 114.758 57.9805
618 11.9778 99.1667 117.208
619 57.9897 113.896 90.6744
620 10.8054 114.241 100.995
621 32.8135 39.1431 18.5167
622 57.9651 114.389 40.0892
623 23.9287 114.211 97.7323
624 45.2363 108.56 117.441
625 7.88838 113.288 117.365
626 39.094 89.5836 100.598
627 13.566 102.343 95.5117
628 24.1678 94.2992 113.39
629 8.40787 114.779 57.8544
630 30.9137 114.737 32.7005
631 0.207135 89.4635 98.0966
632 3.22891 96.118 117.176
633 54.0177 110.287 105.443
634 14.745 91.8854 117.345
635 69.2609 113.838 93.2494
636 1.28378 107.956 75.4579
637 25.5499 41.6692 18.9409
638 46.3977 94.3844 117.355
639 32.2645 104.01 117.583
640 20.5282 87.434 117.261
641 46.8518 114.222 107.019
642 88.7812 113.702 55.7607
643 36.4951 115.17 4.09045
644 15.3302 106.6 111.374
645 11.2535 -0.141038 79.721
646 45.2634 114.454 101.098
647 15.1327 114.521 105.808
648 36.7777 114.538 66.4737
649 0.402588 97.8967 101.756
650 13.4688 104.883 117.431
651 113.468 17.4473 61.6276
652 0.0745519 67.7548 4.50466
653 33.6579 100.661 117.404
654 32.2606 114.339 97.2242
655 26.2289 73.5858 93.0404
656 49.7019 28.4839 116.69
657 33.5194 105.099 108.429
658 1.11867 99.6531 62.6894
659 41.494 91.9575 111.473
660 46.6047 109.231 106.403
661 8.9378 77.2314 98.3681
662 17.5228 104.0 117.462
663 0.555849 61.21 64.8221
664 15.8771 88.5 117.243
665 23.6268 106.602 103.538
666 35.0839 114.143 111.057
667 4.18228 58.223 -0.448135
668 42.7577 81.8218 111.503
669 12.1816 94.5636 111.526
670 97.5934 -0.832953 36.0459
671 62.6471 31.5532 -1.08071
672 97.3335 -1.19958 62.5265
673 99.8344 9.30798 4.58438
674 69.8814 29.2464 -1.1502
675 85.5942 26.766 -0.935518
676 97.6684 -1.03558 24.788
677 114.12 12.0589 13.9387
678 95.9033 39.1471 10.8866
679 87.6276 33.3663 19.122
680 97.3516 6.94995 2.77643
681 89.7036 19.9158 11.4747
682 66.0624 -0.664949 16.7855
683 74.1628 27.089 -0.950995
684 87.7466 -1.11941 43.9419
685 89.6887 12.7562 -1.19595
686 53.2762 86.0857 -0.805776
687 113.622 9.8917 57.822
688 79.7681 11.1153 6.83535
689 95.4932 6.88364 18.9532
690 73.6815 -0.737622 39.3904
691 73.6249 -0.723066 43.4834
692 94.8165 -1.14289 33.4006
693 95.4059 19.576 20.3516
694 66.834 10.121 5.87631
695 70.8515 33.4204 10.8458
696 76.9741 25.6773 -1.15644
697 84.0486 22.9682 13.2281
698 92.5041 113.557 115.008
699 98.437 31.5956 3.25688
700 114.475 54.2468 24.9668
701 45.107 -0.316187 34.0372
702 115.094 107.915 26.765
703 94.7911 -1.11362 52.9084
704 113.453 11.9241 67.7902
705 85.1691 9.92083 -1.25572
706 63.2906 -1.4343 111.113
707 0.19035 51.2122 87.5438
708 -0.00673067 107.892 1.4082
709 88.153 -1.37923 93.7502
710 109.813 19.6333 -0.486423
711 102.505 -1.09397 2.34039
712 113.587 15.9809 64.2573
713 101.147 114.005 10.1024
714 71.0614 10.1498 -0.973631
715 114.115 31.3849 97.6208
716 113.611 14.0417 62.1201
717 41.8012 3.33052 -1.33495
718 -0.857552 14.6318 103.936
719 114.09 45.6537 33.6299
720 69.487 -0.529328 23.757
721 107.165 32.6607 -0.865523
722 114.028 25.3475 32.3432
723 115.248 98.6007 12.8251
724 45.5154 -0.370634 17.2761
725 113.985 50.4899 40.8689
726 113.582 3.50261 93.3486
727 66.5503 -0.570571 3.63608
728 0.439439 45.4887 52.0807
729 46.4104 -0.641691 87.5789
730 12.529 -0.134105 82.1281
731 114.82 87.7849 94.0172
732 94.0151 25.8786 116.909
733 46.3495 -1.01244 69.4175
734 69.5076 69.372 103.184
735 0.493503 41.6535 43.6147
736 79.1393 -1.22634 84.151
737 114.81 84.0236 39.27
738 73.3912 -1.3281 98.1837
739 96.2935 -0.968964 38.3678
740 104.604 -1.3439 77.0196
741 95.4452 -1.50987 112.494
742 22.554 84.2147 59.6081
743 114.343 9.14843 115.126
744 88.2205 42.1371 79.3351
745 103.667 -1.72646 111.226
746 60.8629 -0.581419 69.5525
747 114.28 9.87712 4.10109
748 25.2572 -0.374579 73.006
749 69.5924 -1.30761 107.309
750 66.657 -1.21 98.9147
751 113.849 22.2429 25.2444
752 37.2945 31.0559 49.8961
753 39.5731 -0.219153 31.0215
754 -1.05462 5.60549 13.6198
755 14.6836 107.906 117.605
756 95.2511 -1.48995 86.1267
757 1.02949 84.2667 28.9889
758 46.078 -0.979863 85.8656
759 41.0384 -0.616082 74.6285
760 57.548 -1.16775 83.7777
761 105.416 5.78473 116.599
762 71.009 5.84706 -0.837811
763 113.914 5.17512 103.342
764 35.4264 -0.655037 87.3705
765 0.447964 47.6172 45.8316
766 83.6543 -1.5173 100.311
767 109.899 18.9774 116.683
768 113.544 -0.698099 92.6209
769 72.3846 -0.988363 81.9993
770 70.9081 -1.2827 96.8207
771 100.525 -1.3378 78.1453
772 114.188 54.0556 54.3721
773 86.8708 30.0769 110.538
774 111.416 -1.59687 75.22
775 98.5939 14.4093 110.841
776 102.621 21.4315 116.481
777 73.8559 18.0257 116.85
778 106.889 22.9621 116.078
779 9.4812 -0.429482 95.7337
780 53.262 -1.42853 106.042
781 110.553 -1.0652 89.2036
782 74.9952 -0.909887 58.0447
783 110.837 -1.80826 113.159
784 75.3609 11.0896 116.772
785 80.8564 22.8811 117.035
786 66.6457 10.865 116.574
787 26.8058 -0.529056 86.3965
788 113.419 2.09264 61.4912
789 85.5214 21.2351 116.914
790 106.308 -0.978029 36.2811
791 108.411 30.831 113.202
792 82.9653 24.5865 105.025
793 85.3438 24.9705 104.595
794 92.8011 24.0096 116.682
795 114.695 55.3602 106.002
796 62.1424 9.00812 116.604
797 95.5366 -1.72264 107.072
798 113.04 20.481 100.577
799 41.3813 43.6948 60.9823
800 106.308 10.322 104.731
801 10.5594 62.7177 52.6221
802 114.3 23.2881 113.73
803 56.8385 -0.430864 13.26
804 114.43 15.2601 105.661
805 -0.855252 3.32436 87.1192
806 95.166 10.83 116.765
807 92.4825 7.77515 116.724
808 85.9375 32.8563 117.109
809 84.3522 22.5742 109.082
810 60.931 14.2083 89.2792
811 53.393 -0.621302 43.6983
812 63.9579 16.1857 116.951
813 111.234 5.6597 116.731
814 106.676 15.2352 99.7708
815 92.4064 63.5835 27.3392
816 87.5762 53.4774 3.32258
817 50.9258 114.371 32.4582
818 114.84 62.448 0.870523
819 96.8184 26.2325 -0.900358
820 101.639 51.3962 11.3161
821 32.2856 92.8186 48.6797
822 111.627 41.8616 116.832
823 100.306 49.9361 11.6031
824 81.4073 34.7371 14.5489
825 103.587 -1.10272 11.2765
826 97.4494 45.7365 -0.748907
827 115.339 79.7391 18.0659
828 78.5919 40.1288 -1.0059
829 77.022 33.2683 14.7773
830 54.1652 36.7564 5.60669
831 71.5702 44.0885 10.6344
832 68.2599 49.7411 13.0654
833 113.973 49.691 57.7777
834 83.0511 54.5051 -0.862306
835 87.2094 38.3941 13.9387
836 75.1225 43.7242 11.0388
837 90.5542 -1.01062 13.1336
838 109.612 8.44978 -1.10361
839 66.9989 36.122 -1.23955
840 113.619 3.52835 84.5951
841 59.0265 68.6707 -0.735877
842 114.241 2.22303 7.90212
843 26.9044 114.654 34.8772
844 113.891 43.5406 43.5377
845 75.9007 36.9386 -0.817718
846 96.2695 -1.08925 31.1533
847 100.523 -0.928884 44.5704
848 67.3495 54.9405 18.3349
849 114.038 24.4103 23.0251
850 35.0399 -0.157018 16.3837
851 64.4152 33.5313 7.22226
852 75.5167 27.6408 3.06138
853 78.8551 52.5105 7.8271
854 70.116 45.4121 15.5192
855 0.0100447 57.0322 96.985
856 76.3348 39.8085 -1.18444
857 101.945 61.1671 15.4688
858 42.346 -0.337431 47.8417
859 78.8553 72.3506 21.168
860 52.2291 -1.06199 91.8053
861 114.305 4.85801 107.323
862 114.187 33.3718 115.717
863 52.1401 -0.337701 36.0666
864 80.8127 -0.962303 44.4871
865 113.854 29.3953 40.8218
866 31.1596 -0.29297 64.0132
867 0.498635 45.5462 60.0169
868 0.104745 77.9238 106.229
869 114.683 108.517 85.6737
870 82.1917 -0.677982 26.6969
871 114.046 2.4084 44.5551
872 112.56 -0.972825 12.6695
873 106.236 113.365 43.1154
874 1.10158 107.661 33.5983
875 103.924 41.0183 94.3502
876 115.145 111.619 89.8404
877 94.5537 113.665 43.6632
878 54.5446 -1.19354 98.3411
879 94.9319 -0.861272 24.493
880 113.974 47.8825 44.002
881 113.991 0.175765 13.7583
882 113.949 37.8586 74.9046
883 29.5193 36.4095 -1.29555
884 114.793 78.6785 25.6361
885 92.0319 -1.1394 33.3622
886 87.6935 -0.75414 54.9676
887 110.193 39.6737 -0.736647
888 104.171 113.808 14.0262
889 47.4663 39.982 19.2207
890 90.6952 -0.577182 22.2727
891 55.9717 55.8781 42.4611
892 114.241 32.0303 26.614
893 1.08067 79.6675 45.2574
894 114.868 50.6037 0.686289
895 114.478 42.3689 24.6042
896 90.9333 114.024 28.6365
897 60.4602 77.9084 27.4862
898 114.258 26.5862 25.1498
899 56.6584 -1.24596 101.815
900 1.33724 0.146664 83.0899
901 104.796 80.4526 116.954
902 114.761 86.8167 33.0517
903 60.8649 35.8176 27.5522
904 114.131 41.9319 75.0557
905 48.8901 77.7127 48.3694
906 29.5017 72.4121 36.2946
907 90.7976 9.56538 -1.24625
908 74.9554 -0.854574 61.4243
909 113.818 17.449 86.569
910 114.324 76.0782 80.676
911 114.901 50.2248 103.178
912 0.408479 65.1344 76.0755
913 115.012 110.913 49.5241
914 113.725 29.7326 79.0969
915 115.114 84.7697 10.8469
916 97.9112 -1.00946 54.1299
917 115.205 104.271 18.9972
918 78.0891 -1.39438 87.7701
919 100.946 54.8823 117.431
920 113.686 20.1331 55.4891
921 114.435 19.1721 105.677
922 112.857 28.6033 -0.764943
923 -0.417686 31.0342 90.9207
924 86.62 113.745 110.125
925 114.796 54.7053 17.2021
926 115.148 77.5339 115.813
927 90.6141 -0.736069 18.7106
928 114.54 34.2099 96.1458
929 48.1681 -0.674607 76.8643
930 59.2164 113.808 100.783
931 114.718 38.7387 15.6944
932 114.917 90.1375 91.3343
933 91.9705 -1.23594 82.0323
934 91.0203 113.658 101.005
935 -0.917501 5.73247 54.786
936 60.5502 77.6951 38.5832
937 114.381 74.1705 70.2021
938 106.495 14.5126 29.9419
939 101.837 -0.986785 51.9499
940 31.0772 -0.332036 75.431
941 28.9022 49.9901 25.9202
942 113.82 10.3741 24.9552
943 65.3739 26.3747 117.057
944 73.7125 30.6891 111.193
945 -0.00951066 53.9811 22.8973
946 95.8593 52.1893 117.013
947 1.01116 94.2459 84.8601
948 97.1115 34.0469 116.921
949 80.0255 48.7142 109.724
950 107.411 52.3174 116.914
951 110.066 32.0836 116.783
952 69.3555 41.0257 109.051
953 69.2892 -0.594318 40.4632
954 114.685 60.361 19.0456
955 75.8487 43.2023 100.664
956 107.583 -1.07229 38.5553
957 58.8046 51.6976 117.174
958 112.153 113.349 78.0026
959 101.385 54.9797 100.851
960 104.902 32.4817 108.969
961 63.7112 34.8475 105.238
962 113.478 1.79284 65.93
963 114.233 15.5832 14.1719
964 16.4454 44.5537 50.3839
965 90.1573 46.1329 114.816
966 57.322 33.3047 71.5359
967 92.8794 114.594 1.96999
968 0.0112706 46.9381 87.386
969 90.7201 46.8645 111.056
970 88.581 37.9749 108.115
971 67.1603 15.1816 56.6666
972 96.2167 60.455 117.113
973 95.1711 -1.32112 99.9778
974 114.386 39.0462 88.8802
975 89.9384 35.8569 108.357
976 34.1179 -0.373207 42.7265
977 54.3344 48.7039 106.733
978 84.0546 24.3214 116.986
979 81.3259 35.3182 117.041
980 57.8409 101.937 26.5515
981 87.1791 43.3378 117.052
982 64.1027 34.3322 101.978
983 108.054 -1.02633 10.4484
984 114.273 49.7089 95.2557
985 92.7027 48.685 107.012
986 114.495 93.6943 71.1196
987 75.7423 36.1452 100.321
988 22.0474 -0.605035 109.939
989 94.5595 18.5059 110.82
990 93.4214 72.9603 -0.477707
991 73.2527 66.3086 5.42508
992 74.9608 81.3161 10.134
993 81.8965 84.6195 -0.711617
994 111.407 -1.02663 29.0912
995 25.1074 16.3264 23.1636
996 37.1699 114.36 71.6481
997 7.65109 58.3534 36.6057
998 68.8362 71.9715 -1.00559
999 111.867 77.3323 22.0227
1000 94.7038 63.1664 -0.895538
1001 101.806 72.1484 -0.674575
1002 78.3631 63.8336 9.03844
1003 70.3939 65.356 -0.764185
1004 63.5795 86.5128 9.1587
1005 80.5118 81.6785 13.6815
1006 115.067 50.3285 4.32287
1007 115.048 66.5625 16.3293
1008 97.6937 66.9293 -0.598598
1009 111.841 61.9821 -0.699561
1010 102.044 69.1706 -0.747976
1011 81.7325 62.7832 9.83709
1012 100.004 25.7511 117.068
1013 106.277 66.1576 -0.760791
1014 56.387 72.3467 15.1548
1015 115.166 80.269 3.13412
1016 85.8482 75.6855 21.5189
1017 90.5722 76.4722 -0.706543
1018 61.0299 114.258 68.3334
1019 54.9686 92.0724 11.6793
1020 113.962 112.691 94.9014
1021 63.7431 78.3979 9.03705
1022 89.1703 83.3581 -0.63865
1023 83.1106 63.2349 12.9085
1024 97.7322 73.6222 7.14567
1025 109.284 66.2041 -0.570845
1026 114.857 46.2852 12.6454
1027 115.035 74.4662 20.5926
1028 76.2651 114.029 41.8124
1029 84.6266 67.3476 14.6983
1030 86.1297 90.4498 -0.705686
1031 88.0744 67.7539 3.05757
1032 40.916 114.454 61.4814
1033 64.5733 69.6706 3.4304
1034 69.1817 76.413 14.8178
1035 83.4972 63.7413 9.1191
1036 61.902 82.0561 -0.781798
1037 74.7368 70.5836 -0.832184
1038 95.9097 73.5813 -0.798229
1039 76.2236 83.3605 6.40437
1040 114.866 104.534 27.3067
1041 104.711 71.1788 14.9585
1042 114.344 74.3855 41.9099
1043 60.8997 114.335 23.6598
1044 84.2662 49.7847 13.3039
1045 59.5954 114.579 16.5219
1046 113.942 112.706 99.3522
1047 70.5832 87.286 89.1929
1048 113.888 27.4774 44.0498
1049 96.3118 113.448 92.2559
1050 115.034 105.754 91.955
1051 90.3892 113.557 70.4995
1052 52.0582 114.418 30.5725
1053 23.4444 56.9275 59.5467
1054 67.8051 113.785 88.0552
1055 111.748 -1.01187 49.1314
1056 60.8262 -0.474698 41.3236
1057 78.0689 -0.822421 27.8628
1058 80.8881 113.559 77.9517
1059 72.5002 114.463 13.9885
1060 96.7364 105.477 -0.30367
1061 55.7125 90.2099 38.551
1062 0.532739 108.397 16.6601
1063 24.1748 114.415 60.1234
1064 78.9242 -1.17431 72.9349
1065 110.646 -1.35258 85.3615
1066 55.5881 40.1713 78.4237
1067 103.848 66.8713 117.253
1068 98.7611 113.693 58.4262
1069 55.9788 64.9094 45.3155
1070 0.254389 87.7575 20.8488
1071 114.634 106.276 45.8254
1072 115.102 84.5985 102.609
1073 56.2341 63.3672 86.3429
1074 45.0564 -0.476117 21.6084
1075 63.4952 -0.866628 83.0906
1076 96.3472 113.467 75.6873
1077 74.5723 63.3693 19.7391
1078 0.0816372 53.9299 72.889
1079 114.601 99.6315 72.352
1080 44.1438 65.995 98.9274
1081 35.0327 0.210277 116.718
1082 114.964 76.0537 102.538
1083 19.8839 114.302 92.4458
1084 106.023 113.592 34.9504
1085 114.653 48.7524 26.5267
1086 108.308 101.148 -0.360624
1087 42.5005 114.619 20.38
1088 114.281 52.4335 23.1067
1089 113.54 19.7388 31.4171
1090 0.18479 17.6302 51.714
1091 51.4982 64.3408 19.5177
1092 65.9323 51.5702 -1.04458
1093 46.9952 30.7606 89.862
1094 95.0027 82.9321 117.412
1095 78.0074 41.5242 29.912
1096 31.1209 115.031 9.38298
1097 114.61 53.9403 115.657
1098 105.001 -1.45712 92.3368
1099 55.0451 99.721 84.4161
1100 0.516662 89.8004 19.0045
1101 67.6146 93.6316 88.7322
1102 114.716 68.9663 18.2567
1103 49.0428 84.0543 -0.777164
1104 113.529 3.50449 47.9173
1105 114.998 104.041 36.0833
1106 113.873 5.28009 98.9099
1107 53.7569 114.195 59.1854
1108 55.1781 -0.672714 86.9682
1109 62.9567 41.6359 117.126
1110 113.924 41.7372 91.8134
1111 114.021 58.2102 37.0239
1112 34.4649 55.5438 94.866
1113 113.788 32.9839 53.2602
1114 115.344 110.215 116.249
1115 114.827 59.4303 110.08
1116 52.909 63.8989 52.969
1117 -0.530758 39.3238 12.4092
1118 80.8565 -0.901802 19.6672
1119 32.8343 114.314 80.6738
1120 94.7251 113.448 85.4171
1121 14.4268 115.016 49.3882
1122 92.0003 113.671 47.4675
1123 49.5803 114.485 43.178
1124 0.0312358 26.9673 78.1693
1125 59.3101 113.888 78.7358
1126 114.379 70.664 79.5131
1127 27.7746 -0.744106 92.7631
1128 100.333 71.1635 107.066
1129 86.0557 86.9548 117.357
1130 114.018 51.3415 52.6016
1131 110.365 61.4389 106.242
1132 75.9775 66.5981 106.764
1133 114.821 111.492 56.0575
1134 67.2683 59.8727 104.32
1135 92.7263 67.2052 86.4262
1136 83.3164 90.1422 117.279
1137 60.3177 65.7803 117.29
1138 107.589 83.5123 117.147
1139 90.163 64.475 117.227
1140 114.787 97.6401 75.2592
1141 79.0145 83.9827 117.25
1142 74.9118 82.0243 99.6921
1143 115.076 64.3958 109.565
1144 59.511 89.7738 82.6212
1145 101.591 59.3661 117.014
1146 96.0042 67.5359 117.307
1147 75.8659 68.9091 117.283
1148 109.017 -1.07717 41.6525
1149 81.8128 76.6044 117.216
1150 113.708 30.1545 49.643
1151 108.106 70.9524 105.025
1152 62.1888 113.705 100.899
1153 114.088 29.3408 94.6997
1154 47.2054 57.0091 117.029
1155 68.9433 73.3121 97.4011
1156 64.578 83.972 117.41
1157 105.758 77.0705 103.134
1158 87.9968 113.45 78.8839
1159 115.208 104.687 23.2288
1160 80.2548 69.779 117.109
1161 44.481 37.0886 54.373
1162 109.09 112.944 80.6427
1163 -0.657602 57.8451 106.21
1164 93.577 101.144 117.452
1165 107.748 -1.8583 104.92
1166 113.279 72.1917 111.783
1167 0.135075 33.7592 64.4619
1168 28.5464 114.66 71.5899
1169 84.5497 73.1613 103.272
1170 114.448 35.7908 18.4407
1171 84.3777 56.6179 117.135
1172 69.0814 70.9353 117.2
1173 30.3575 76.3083 90.9325
1174 73.0011 59.6444 116.971
1175 88.8836 80.1598 114.127
1176 62.2435 113.644 116.029
1177 79.7299 114.334 12.016
1178 83.6489 113.878 34.9372
1179 101.212 113.957 3.14969
1180 114.764 104.554 52.0783
1181 106.677 113.755 30.7478
1182 102.963 101.963 3.51232
1183 98.0647 78.0876 -0.801966
1184 71.705 77.6596 117.508
1185 58.1058 104.24 -0.51008
1186 82.6424 104.948 -0.507418
1187 75.2204 103.549 4.29114
1188 115.391 92.7207 10.7469
1189 88.2529 113.908 21.6434
1190 76.4018 96.8076 -0.631667
1191 71.9907 106.21 11.3704
1192 72.6211 114.419 22.2484
1193 91.9991 -1.22354 69.7435
1194 96.7958 101.764 -0.283757
1195 79.7066 114.244 16.1429
1196 114.877 89.1533 34.8844
1197 93.8725 105.886 -0.516374
1198 44.9828 114.72 28.3773
1199 114.719 84.6845 27.463
1200 90.6391 91.8223 11.1804
1201 63.9002 114.53 6.00401
1202 93.6862 88.5087 -0.664233
1203 115.735 108.58 10.8273
1204 112.321 90.9716 -0.0980027
1205 15.1735 1.70715 -1.3637
1206 114.305 62.008 33.0674
1207 99.3948 95.3869 6.98761
1208 104.075 107.423 -0.424961
1209 69.381 104.14 -0.616899
1210 112.613 113.716 11.4479
1211 92.326 89.8664 11.295
1212 62.0344 110.566 -0.665038
1213 114.037 55.4048 72.1055
1214 79.708 114.235 20.1854
1215 60.8533 86.1666 117.452
1216 114.742 104.622 60.1393
1217 96.2809 113.595 50.6512
1218 62.2603 114.317 40.7433
1219 103.23 55.0139 -0.584375
1220 114.249 88.1746 56.4625
1221 26.3908 80.4455 33.8528
1222 76.5926 114.145 25.5594
1223 87.0615 114.266 13.931
1224 99.1136 113.85 33.028
1225 108.661 114.063 1.25519
1226 115.421 111.859 19.5425
1227 74.9521 113.825 56.2884
1228 78.4054 16.0153 -1.1456
1229 114.715 112.148 31.938
1230 76.9658 59.3915 90.6952
1231 115.348 94.231 115.707
1232 42.4712 114.775 12.1162
1233 115.403 107.97 69.4291
1234 114.495 60.2261 51.5734
1235 96.9672 114.038 13.0784
1236 115.696 99.1173 107.186
1237 93.8592 80.3036 -0.791729
1238 -0.177032 22.8826 95.2842
1239 63.6914 113.776 106.928
1240 45.2535 114.402 54.9111
1241 95.1004 113.616 88.994
1242 108.362 30.7152 -0.751108
1243 101.905 113.079 84.1682
1244 54.2031 114.562 40.9786
1245 115.08 74.1169 107.907
1246 115.305 102.347 104.027
1247 113.364 9.72358 45.4091
1248 95.0763 113.893 27.7496
1249 68.0284 113.991 66.5734
1250 114.213 108.719 0.649941
1251 114.817 102.381 37.6062
1252 82.0786 113.433 96.4091
1253 1.25699 101.692 73.2368
1254 74.9046 114.176 39.0647
1255 114.555 70.2383 83.5076
1256 115.127 108.134 89.7535
1257 86.5076 113.647 89.4321
1258 114.752 70.4699 20.8967
1259 67.6947 84.9713 -0.807856
1260 106.557 113.686 22.657
1261 113.727 19.9513 80.0877
1262 28.177 114.826 29.9828
1263 38.258 114.849 26.5
1264 115.249 106.412 17.27
1265 90.6022 113.446 83.1668
1266 50.8143 114.181 104.946
1267 113.765 1.66187 87.0555
1268 58.1786 114.315 44.0884
1269 46.7625 114.156 55.799
1270 79.3956 113.663 103.798
1271 109.32 113.29 76.1998
1272 56.8075 114.03 50.7184
1273 115.883 111.975 15.0847
1274 42.4759 114.369 45.734
1275 79.4041 113.611 83.9726
1276 96.545 113.363 107.899
1277 115.489 106.312 116.02
1278 49.4835 86.1071 35.9607
1279 77.8882 113.965 34.8533
1280 74.1375 114.153 45.2367
1281 104.873 113.174 78.5819
1282 42.4517 114.093 66.4946
1283 81.9595 113.905 41.0752
1284 93.3584 113.713 53.9127
1285 7.01018 114.569 82.1135
1286 110.683 113.492 24.7266
1287 115.082 109.792 83.7747
1288 0.918858 91.2056 67.0558
1289 104.796 113.209 75.7383
1290 101.327 44.0035 -0.742092
1291 0.442247 49.1414 85.0742
1292 114.777 107.981 73.2795
1293 113.823 25.6735 37.3103
1294 90.5895 113.523 75.7203
1295 114.635 60.528 23.2718
1296 79.6504 113.136 -0.470446
1297 76.3974 114.017 59.1368
1298 103.458 113.623 32.1947
1299 90.5659 84.6863 108.095
1300 78.9464 95.5149 105.657
1301 107.843 97.8178 110.616
1302 78.1059 113.645 109.965
1303 74.9124 82.8688 104.708
1304 86.451 109.678 113.444
1305 91.8739 81.7217 117.235
1306 115.184 74.4562 0.8917
1307 87.9983 113.674 104.873
1308 101.447 113.471 62.0267
1309 108.047 107.694 117.456
1310 102.362 113.395 96.9081
1311 74.9533 113.825 111.185
1312 109.388 100.637 101.965
1313 73.1508 103.894 111.648
1314 90.9498 108.115 117.286
1315 102.897 82.7811 117.421
1316 74.9263 94.4505 104.045
1317 105.034 101.539 113.676
1318 49.2418 113.952 90.5038
1319 69.2344 113.717 98.8454
1320 90.2849 99.6767 117.621
1321 113.046 112.769 54.908
1322 103.324 88.3732 106.338
1323 73.8764 107.277 106.99
1324 96.6246 113.457 112.81
1325 7.38842 114.649 77.8874
1326 115.187 97.8196 111.937
1327 55.0615 102.32 117.378
1328 113.983 113.04 115.905
1329 72.3312 110.329 117.579
1330 60.9739 114.052 114.017
1331 86.4274 113.772 43.1686
1332 90.8373 113.713 111.981
1333 58.9769 89.3765 117.447
1334 105.813 92.9417 105.462
1335 55.0645 114.118 102.704
1336 89.1924 96.9294 106.652
1337 69.3121 99.2791 117.266
1338 66.3921 113.87 76.6202
1339 20.4206 62.4091 46.5547
1340 80.2558 86.8612 117.352
1341 80.5786 113.723 64.2198
