0 35.4374 -0.196238 88.1936
1 9.34195 0.19718 0.218631
2 6.91773 10.1165 7.12506
3 -1.00697 1.80419 9.79996
4 112.645 0.248221 52.3354
5 -0.48563 37.3048 108.044
6 0.76212 9.10475 -0.902725
7 43.8143 27.9413 6.82072
8 14.17 -0.00906127 4.98969
9 39.7095 15.1049 -1.03198
10 6.56625 20.2962 119.312
11 36.9641 114.385 50.5548
12 45.7139 30.2279 -1.10454
13 41.1793 16.1767 -0.999826
14 79.7985 20.9245 119.404
15 9.03738 28.2954 -1.11925
16 57.8469 -0.329457 49.6275
17 -0.574303 19.3638 0.29538
18 38.3966 29.578 -1.03709
19 30.0947 9.7392 -1.37343
20 21.0817 114.876 27.0066
21 9.15862 0.248304 119.014
22 13.5522 2.44724 -1.40763
23 0.109848 15.2127 25.1054
24 39.57 -0.217597 2.36523
25 48.1262 -0.182112 52.7451
26 62.6654 17.1047 10.5392
27 42.361 -0.44121 9.06759
28 41.7714 53.8071 -1.2488
29 113.555 19.4086 95.4031
30 0.131529 87.0829 110.422
31 55.4798 25.4984 -1.06636
32 25.4929 19.74 -1.25385
33 2.19138 0.566347 51.0319
34 28.0571 -0.19528 18.7161
35 39.346 96.4014 120.058
36 0.284196 4.06327 42.0845
37 16.3302 0.0150664 55.3111
38 24.356 -0.189675 85.1142
39 2.18219 114.515 115.267
40 15.9974 0.0852585 33.8107
41 98.3572 23.5679 -0.873399
42 67.8154 -0.789736 91.4566
43 58.9391 92.2082 45.8354
44 43.6892 -0.341671 15.4397
45 23.2115 -0.131246 64.715
46 66.6486 -0.42135 20.1983
47 110.64 -0.916359 17.4891
48 34.5375 38.4347 36.9165
49 114.364 33.9762 8.01343
50 2.05466 0.680288 72.043
51 -0.642547 39.5536 8.66217
52 -0.992108 1.60554 5.57693
53 56.5849 -1.1563 112.858
54 2.38314 30.9508 119.123
55 56.4435 -0.537888 2.62571
56 0.504703 63.6934 21.1678
57 15.2385 0.0249974 -0.0485418
58 34.084 -0.200174 48.7387
59 -1.06989 1.48756 2.23939
60 69.4976 -0.144456 119.053
61 114.031 74.1702 38.5722
62 3.98879 0.596643 16.8952
63 97.6485 -1.33262 81.3018
64 115.269 78.0932 5.03582
65 1.02293 59.7307 72.0914
66 18.4162 0.461701 24.9741
67 18.2707 0.197847 29.5075
68 0.833871 66.1687 27.7503
69 95.7351 113.362 76.4806
70 113.409 32.3675 49.3721
71 32.1186 7.81057 119.297
72 111.938 112.861 99.6998
73 40.9313 -0.26257 66.8237
74 0.383745 5.83994 44.3759
75 11.5394 114.587 34.7635
76 8.44692 0.10806 95.7678
77 53.4954 -0.918169 100.324
78 1.27422 88.2165 51.5434
79 52.2303 -0.323364 71.3706
80 42.0581 -0.661867 100.322
81 75.9532 -0.884743 60.4615
82 45.3664 -0.166244 66.0419
83 36.0653 70.2888 -0.976809
84 83.0745 -0.98014 80.868
85 5.74548 0.358123 36.3097
86 15.5406 28.4651 119.319
87 9.85871 64.4138 119.72
88 112.923 25.4136 67.8028
89 92.716 -1.68208 106.603
90 11.1981 0.52273 18.7752
91 14.4712 1.41677e-04 74.697
92 107.589 -0.880813 23.2987
93 1.37139 107.244 93.4707
94 49.8291 24.4544 119.302
95 11.165 -0.278887 86.0276
96 91.7371 -1.23122 93.9853
97 55.2056 -1.45029 110.618
98 0.184371 29.5551 23.0864
99 5.80919 0.18364 90.2708
100 0.715016 27.0555 63.543
101 12.0155 -0.458142 117.863
102 66.6472 -0.661738 15.3393
103 92.923 -0.914244 60.5689
104 113.767 29.5979 97.8918
105 49.6109 -0.353129 62.3475
106 72.3998 -1.2551 106.43
107 18.9123 114.291 82.6156
108 46.745 -0.368883 -0.191936
109 -0.85575 23.0706 113.895
110 108.039 113.264 66.8548
111 39.4189 -0.811972 99.527
112 43.7668 15.1147 107.198
113 1.23933 97.4189 91.8671
114 21.7232 15.2396 107.232
115 0.653843 48.003 29.0417
116 39.4246 -0.756556 95.824
117 29.1329 3.32812 119.246
118 9.36505 24.2721 119.248
119 6.14048 -0.49635 105.388
120 29.2484 0.399906 118.994
121 57.9795 -1.18266 117.891
122 17.5627 7.76583 119.223
123 0.471334 21.4958 48.6409
124 115.271 102.498 16.8508
125 11.7489 0.239647 34.6855
126 8.58688 0.492209 27.311
127 46.7285 15.6718 106.541
128 42.1464 6.93806 105.015
129 32.5 20.4774 114.347
130 0.620618 36.5756 60.6206
131 6.75148 25.268 106.795
132 20.9976 9.75322 108.581
133 29.5667 23.6039 119.147
134 42.6191 31.6384 111.863
135 39.6513 14.2432 119.412
136 104.406 -1.06332 38.8209
137 46.6697 11.2717 109.843
138 64.5909 -0.555265 56.0465
139 25.2954 20.0239 103.735
140 36.2891 5.19693 119.167
141 31.4087 -0.136637 51.5741
142 38.03 6.43714 112.506
143 34.0656 8.72849 115.486
144 17.9862 -0.737275 105.334
145 7.55238 5.59792 119.119
146 23.3813 -0.894599 114.653
147 14.0403 17.5543 119.514
148 6.28647 -0.527863 117.487
149 -0.641614 26.7118 102.156
150 65.2618 -0.694797 79.0153
151 45.3852 1.06508 119.384
152 37.868 8.36627 119.319
153 12.3565 20.9464 119.304
154 34.0846 -0.086032 44.3376
155 1.37194 85.727 31.8382
156 49.2772 -0.805265 102.213
157 62.0019 -0.655949 47.5518
158 13.134 50.5806 13.1056
159 45.906 58.938 15.9997
160 11.1262 14.5471 -1.1732
161 86.3859 -0.689151 28.0327
162 34.1403 39.9947 -1.21502
163 22.8595 50.4322 5.02563
164 48.4175 38.464 -0.970511
165 1.38397 93.6585 62.2315
166 36.8769 35.722 -1.01903
167 16.218 -0.00358743 76.9354
168 24.9155 54.5283 10.9527
169 26.9091 25.3198 -1.29676
170 38.6623 49.9611 7.59262
171 0.158653 12.03 28.5355
172 29.3318 0.0221151 16.5332
173 3.76747 48.7057 7.38673
174 53.5739 114.877 1.09921
175 31.2813 34.4849 7.34386
176 69.7943 -0.128516 25.4107
177 44.3575 50.4462 14.5627
178 1.27269 99.8641 85.574
179 17.1088 43.9027 -0.752345
180 1.85288 111.632 42.3034
181 59.3785 -0.399311 78.5523
182 93.2177 98.0721 26.6121
183 36.9333 -0.305132 87.4486
184 45.7943 35.7695 -1.33553
185 16.104 56.7427 20.9918
186 0.922538 65.9901 73.6773
187 -0.403475 49.5918 10.4142
188 28.6078 39.9899 -1.0267
189 51.2114 31.4949 -1.02511
190 113.581 37.9694 33.2553
191 22.839 45.8951 6.26175
192 1.28343 71.4815 89.5515
193 -0.444599 53.9597 18.4095
194 27.2063 52.1089 19.0026
195 -0.260501 53.8847 6.39273
196 41.1789 48.5673 -0.984533
197 10.398 52.8968 12.9641
198 47.2079 40.0137 15.1878
199 -0.0449014 61.752 6.19196
200 32.4401 114.964 14.9011
201 113.889 6.07524 16.6622
202 20.9348 0.250537 19.7514
203 20.179 -0.20336 81.7461
204 75.0336 -0.926674 96.9689
205 21.6613 5.1406 119.375
206 68.0523 5.25004 119.123
207 86.5248 102.506 -0.337738
208 55.0433 -0.23928 59.5663
209 107.568 -1.10927 94.6488
210 4.45189 92.9597 119.792
211 26.495 9.44164 -1.24424
212 114.272 102.379 76.1724
213 27.0551 -0.0132552 59.3678
214 -0.134998 70.9463 106.537
215 80.3808 91.153 120.007
216 17.5744 0.0329481 68.9838
217 95.399 -0.0906755 119.198
218 -0.334255 77.6414 2.4516
219 46.6934 -0.101718 11.4477
220 111.443 29.5686 -0.797533
221 99.4124 113.574 21.7065
222 0.672309 22.0669 -0.539493
223 69.3645 -0.25983 32.6568
224 54.9495 -0.372811 19.4004
225 70.3997 79.6753 47.5356
226 60.7553 -0.324802 42.3711
227 76.727 -1.44003 103.144
228 0.906989 37.7402 74.643
229 0.821542 56.0118 62.9012
230 12.3578 -0.126792 61.7955
231 6.05229 114.716 46.093
232 25.3502 114.859 29.216
233 74.7519 33.4117 27.9209
234 114.947 66.3317 4.80377
235 1.60991 81.1606 54.199
236 0.200737 31.7241 102.686
237 42.1023 -1.33051 115.747
238 23.8945 44.9957 119.73
239 14.5097 79.296 119.828
240 0.790847 26.0215 43.6148
241 48.0131 105.716 119.957
242 0.766403 54.98 72.7543
243 12.9156 64.4506 119.375
244 0.0605988 10.8432 33.7481
245 57.777 -0.165482 62.4313
246 0.656047 29.5219 43.8798
247 30.2824 114.549 39.6211
248 66.3545 113.367 92.5303
249 21.8153 81.5169 119.58
250 42.5782 113.901 94.6456
251 0.630448 9.82362 56.4607
252 37.6049 114.422 109.7
253 113.956 55.5527 95.7011
254 9.08435 0.354889 57.1798
255 1.13349 83.691 81.3468
256 25.9681 -0.285809 74.4991
257 80.063 30.51 -1.07409
258 45.1367 -0.244833 35.4634
259 34.189 -0.290645 77.5484
260 23.6006 114.821 6.294
261 113.271 32.1505 70.1794
262 13.525 0.0646635 68.067
263 0.403803 1.81365 56.9823
264 1.0766 103.615 25.0668
265 13.4686 114.646 52.7073
266 0.549797 114.243 7.01976
267 95.0059 7.85882 -1.21908
268 6.35626 0.363425 12.433
269 4.1029 0.452782 24.1495
270 0.694337 67.0854 93.4504
271 1.08776 71.6551 38.0279
272 112.747 26.2448 63.8212
273 35.2899 -0.334021 55.4374
274 -0.324676 60.2542 0.759996
275 0.766676 13.0525 118.65
276 1.26043 51.5629 54.4691
277 10.9126 37.7719 119.554
278 11.364 58.8868 119.409
279 113.153 37.6098 84.3187
280 26.7948 114.239 105.717
281 112.848 7.92643 52.0953
282 114.616 37.6194 16.2058
283 113.136 4.14357 23.1625
284 24.6408 114.535 60.9552
285 84.5938 -0.689541 43.1948
286 44.2625 39.9225 119.547
287 114.152 -0.434736 107.697
288 -0.581109 30.8197 109.901
289 -0.0122795 39.3702 97.9676
290 38.3443 41.7441 116.153
291 26.0132 43.1933 105.671
292 0.847428 73.6469 95.3611
293 26.8041 44.0271 119.611
294 31.3154 -0.0249435 64.5248
295 35.2331 53.4763 119.774
296 42.7964 38.8593 119.543
297 63.708 113.999 61.324
298 4.74632 50.1143 115.467
299 29.7676 35.6398 119.403
300 0.734015 33.5815 60.5569
301 42.6619 36.0204 108.232
302 17.8788 57.9475 101.4
303 37.3974 50.8739 119.72
304 110.918 -0.821733 54.3285
305 49.8812 32.7121 119.486
306 16.2231 114.438 69.9616
307 16.0662 47.884 119.659
308 50.793 -0.234386 27.3172
309 11.1668 40.3199 112.991
310 -0.467418 49.0197 108.033
311 25.4905 0.140782 35.9444
312 47.0924 44.4545 119.45
313 44.2873 49.7547 109.341
314 1.19002 56.6595 118.98
315 19.9044 54.0261 119.626
316 17.034 30.9572 119.373
317 13.0578 27.6388 105.217
318 102.965 113.262 79.769
319 0.472234 7.18033 38.1141
320 18.9311 33.366 119.589
321 7.35228 114.769 35.5065
322 -0.821683 9.93629 9.77291
323 30.8364 -0.179399 9.48325
324 14.7907 80.5625 -0.628123
325 60.7519 113.793 74.1847
326 30.1459 67.0737 6.59369
327 42.0095 64.7895 -1.03034
328 18.8501 114.525 48.4932
329 2.96494 83.7693 -0.53723
330 37.4437 69.5937 9.95906
331 45.2387 113.646 -0.409842
332 23.1604 67.17 8.58877
333 43.4038 80.2173 -0.705807
334 114.379 105.979 37.8916
335 0.423307 43.0401 33.1334
336 30.3231 70.1659 -0.681659
337 71.0472 113.8 88.9746
338 56.2762 76.9714 12.708
339 46.8969 114.106 40.6015
340 1.38526 89.6167 83.5726
341 31.5704 59.2289 -0.728774
342 17.0606 114.771 34.5364
343 35.6194 72.4311 10.9965
344 21.4108 61.0469 -0.686484
345 12.4203 15.986 119.139
346 65.915 59.5525 67.2466
347 54.6456 80.0559 11.5231
348 46.502 78.8306 9.33756
349 19.0604 82.6949 -0.724979
350 0.0095404 73.871 2.5593
351 114.907 53.0269 114.32
352 88.6642 113.633 52.7103
353 11.4808 69.0057 5.41732
354 45.9809 68.2504 -1.10427
355 3.66082 115.124 15.8425
356 24.3334 57.4558 3.88704
357 83.5008 82.6925 -0.884086
358 1.63161 105.446 57.3152
359 39.4383 84.8626 3.31625
360 11.5421 78.5136 119.714
361 30.4182 73.2602 15.8797
362 1.2122 114.113 100.729
363 1.50617 87.5845 85.3482
364 98.6868 113.32 59.2267
365 13.6677 113.001 120.175
366 1.33965 89.7951 36.7852
367 38.2777 114.294 79.5711
368 0.938817 111.094 90.1371
369 61.2526 44.752 119.35
370 114.158 83.3873 65.2053
371 20.8682 114.287 92.6414
372 63.1429 33.2801 119.689
373 -0.468078 34.6777 118.293
374 81.8683 -0.516247 27.3568
375 28.7427 114.539 60.3907
376 -1.19912 32.6428 1.2623
377 60.7961 114.026 113.366
378 17.6292 114.338 75.9909
379 31.5997 114.259 63.2172
380 11.8145 114.6 80.3197
381 76.3169 113.808 47.4923
382 10.1754 114.44 40.9266
383 48.916 47.9488 -1.01396
384 49.4078 113.834 75.2212
385 -0.426196 23.0839 16.8078
386 16.8399 114.922 21.7568
387 68.9367 43.5579 15.2503
388 7.77091 114.801 52.3463
389 32.5655 -0.048705 3.14122
390 114.043 84.4567 83.2072
391 17.8056 0.0283632 65.8994
392 114.775 54.498 11.987
393 114.091 99.8182 83.1686
394 1.23334 103.563 93.2489
395 45.0345 8.9335 119.397
396 -0.613432 16.3792 108.137
397 3.3994 114.327 54.6567
398 51.1229 113.831 63.507
399 84.5382 63.5059 119.661
400 1.85602 105.586 74.0156
401 -0.111122 78.1798 14.9272
402 29.3483 -0.0848877 7.48541
403 0.271313 22.7497 84.0446
404 84.7363 31.1153 47.1152
405 14.7921 114.439 60.0638
406 104.833 91.5667 119.765
407 41.2613 113.701 88.291
408 100.577 74.6996 -0.759056
409 98.0719 113.755 19.6888
410 0.488356 68.476 21.5438
411 104.678 -1.09642 94.6055
412 0.464281 38.611 83.8433
413 108.236 113.214 62.6465
414 0.712135 7.74063 41.5689
415 101.371 113.397 84.9255
416 15.0612 0.803968 119.102
417 25.9484 62.0214 119.679
418 52.3665 114.162 45.1071
419 -0.590715 32.678 107.953
420 1.5019 94.096 70.6457
421 67.9136 96.0506 120.052
422 14.7193 0.00290948 51.9264
423 -0.153691 93.7122 116.446
424 0.84237 51.6724 75.9415
425 61.2363 24.4251 119.439
426 -0.0057617 83.1039 114.668
427 0.346906 3.61561 80.7691
428 19.0326 114.626 61.0464
429 91.9426 55.0767 71.0987
430 114.185 111.891 61.8195
431 112.674 7.56581 65.2518
432 92.2469 -0.874795 12.0499
433 38.2909 -0.187432 63.1427
434 35.4318 113.961 95.5941
435 0.221157 60.3974 100.936
436 50.4465 114.392 24.6476
437 -0.639895 29.0705 10.1001
438 73.9699 109.196 -0.457137
439 7.9533 82.8993 -0.760525
440 46.4557 59.8801 55.8737
441 17.0464 -0.311784 91.5605
442 15.939 73.6061 111.03
443 4.24395 64.6991 119.283
444 22.3459 96.5153 120.037
445 14.4548 86.6012 119.522
446 2.99944 70.8061 110.57
447 0.0524568 3.11063 93.4291
448 17.0971 56.0851 109.33
449 45.7508 59.3616 119.9
450 49.3684 73.8579 105.732
451 -0.233813 7.16908 21.2786
452 44.7821 77.931 111.886
453 40.4407 82.7138 106.937
454 53.0806 84.044 119.94
455 0.202945 73.9277 18.3523
456 99.8275 113.446 73.9608
457 28.6945 62.2293 119.595
458 55.9417 59.7565 119.62
459 14.3071 74.3695 119.759
460 -0.250291 61.0266 108.493
461 73.9724 10.0881 119.32
462 44.4115 63.9857 119.845
463 44.396 51.8922 119.726
464 56.0192 63.7886 119.781
465 0.80684 53.6803 82.9946
466 20.1598 71.4714 119.598
467 38.0049 0.0348048 32.1741
468 3.01668 73.2959 108.176
469 0.647531 70.1454 119.35
470 35.7927 60.4454 111.086
471 23.0943 114.367 86.1947
472 15.1168 114.487 117.701
473 29.4696 71.828 113.826
474 25.5157 84.1082 109.874
475 114.16 111.832 52.828
476 41.0736 -0.109084 41.0155
477 60.8624 111.292 120.006
478 58.6996 72.9905 119.809
479 20.0837 43.4793 101.268
480 98.3174 66.9911 101.337
481 59.0041 76.008 119.733
482 17.2885 74.8678 119.595
483 44.482 53.2106 103.106
484 4.4979 69.4132 110.426
485 15.0086 114.232 113.424
486 30.3251 68.0025 107.383
487 60.3307 70.9549 119.729
488 41.6485 81.8149 111.844
489 19.7747 42.9305 119.313
490 113.762 85.8336 67.7106
491 -0.348582 72.2189 109.418
492 24.7508 114.395 75.6641
493 27.5882 81.4723 119.717
494 13.4703 61.8982 105.62
495 80.9432 -0.45326 118.971
496 53.8179 114.852 3.83112
497 24.6946 77.2727 -0.798666
498 19.1137 93.3262 3.59727
499 46.2178 88.2068 -0.615307
500 32.5217 114.704 31.0357
501 14.6446 102.983 11.6445
502 48.9065 95.0849 1.12394
503 10.7126 109.851 -0.390496
504 14.8582 94.5621 6.11771
505 34.846 104.504 -0.488957
506 42.4747 114.392 33.0048
507 15.3842 26.0293 -1.11724
508 0.642674 114.503 3.10733
509 113.573 0.75554 22.9031
510 27.7783 96.316 6.74799
511 114.575 96.6237 96.1402
512 106.888 113.689 10.4491
513 0.852983 87.4389 21.9098
514 11.827 96.5766 -0.425518
515 46.752 94.371 13.6323
516 27.2939 88.9538 3.24121
517 57.9759 110.011 14.4767
518 0.139711 97.9302 6.54728
519 17.3842 88.5735 -0.514431
520 -0.0242977 82.5192 10.3437
521 47.7278 102.627 13.3209
522 15.8133 101.486 -0.58062
523 0.188539 101.043 108.302
524 59.4245 99.4106 10.8067
525 1.09129 82.8685 89.9923
526 56.4444 114.841 7.73397
527 50.9113 114.783 5.03183
528 44.8206 86.2899 -0.699243
529 30.6501 94.6464 -0.628091
530 27.9404 92.7027 7.13445
531 13.6384 115.366 8.38767
532 24.1751 52.0183 119.554
533 14.6238 114.402 47.5468
534 21.4483 -0.253539 85.1374
535 49.764 114.168 39.7917
536 112.981 40.8059 -0.780971
537 115.178 90.9355 17.5008
538 29.0553 114.388 64.7214
539 0.447791 97.635 108.6
540 1.66843 91.4831 46.577
541 115.643 75.0332 0.829658
542 72.0723 113.797 45.4927
543 0.658554 67.8755 25.0597
544 36.9841 114.161 38.5856
545 108.105 84.272 -0.387049
546 14.7317 114.496 73.03
547 9.6391 115.11 18.4217
548 49.4442 114.089 105.286
549 -0.150571 25.3461 95.5318
550 25.9335 114.582 37.6861
551 23.3044 95.6211 -0.665589
552 10.1256 0.00868197 89.5662
553 88.5048 113.254 82.8503
554 1.51345 105.895 32.4191
555 93.4076 114.656 1.61671
556 45.3721 113.864 85.9735
557 0.358736 68.6066 98.8275
558 -0.217737 61.6473 14.134
559 62.4025 114.154 34.6872
560 12.5284 115.129 24.0908
561 3.72821 111.128 119.938
562 66.4066 113.665 82.6989
563 1.69379 112.776 65.9057
564 108.313 113.015 71.0561
565 14.3449 67.6 119.728
566 115.195 108.455 19.7718
567 60.4881 113.709 79.6074
568 102.413 -0.989623 6.40158
569 3.37498 114.457 71.8608
570 -0.444974 37.4591 5.72052
571 49.7703 114.118 57.0306
572 53.8464 101.23 -0.626338
573 56.6659 113.88 60.3777
574 60.7245 113.829 105.476
575 0.882025 31.9497 87.8732
576 113.237 29.2257 47.1582
577 1.10656 63.3306 80.5745
578 113.407 66.2108 63.5637
579 13.8557 114.862 17.2694
580 6.56347 115.36 3.21457
581 -1.16792 2.32991 110.206
582 102.424 113.246 118.39
583 20.8164 115.193 1.96389
584 14.8051 114.453 64.6661
585 26.9558 114.301 92.6415
586 -1.63453 15.4474 116.786
587 46.6973 114.451 28.1042
588 7.99662 114.542 107.306
589 36.6381 114.142 118.87
590 52.6224 113.907 65.5281
591 1.38257 92.1248 42.3977
592 42.5917 113.595 -0.35899
593 25.408 114.397 90.5324
594 96.0129 113.585 60.23
595 3.00821 113.624 89.9214
596 115.462 84.9127 6.66831
597 31.6213 84.1929 -0.909496
598 0.878427 41.685 60.9544
599 26.3943 114.346 112.749
600 8.5204 38.9467 -0.785045
601 0.336106 90.0294 10.7978
602 113.75 39.0983 56.1578
603 0.297954 100.959 103.615
604 12.5676 -0.0151128 93.8448
605 10.1124 114.36 87.9809
606 41.364 114.27 53.7333
607 27.2452 114.389 44.2807
608 32.1311 115.074 7.23039
609 35.8222 114.313 61.438
610 105.183 113.088 101.817
611 14.2798 114.417 93.4542
612 28.0556 114.287 103.39
613 43.9514 114.145 57.1542
614 80.9526 113.733 112.473
615 108.493 113.205 73.9584
616 1.54671 103.45 84.858
617 0.721277 111.521 118.577
618 0.783743 91.9294 21.2657
619 82.16 113.398 94.6377
620 36.6022 114.253 99.1513
621 18.2053 114.275 100.055
622 67.7709 113.984 50.4861
623 0.954418 97.86 19.4199
624 45.2363 108.56 119.953
625 7.88838 113.288 119.877
626 39.094 89.5836 103.111
627 13.566 102.343 98.0241
628 24.1678 94.2992 115.903
629 24.1241 114.585 23.7422
630 40.8661 114.609 18.1053
631 0.207135 89.4635 100.609
632 3.22891 96.118 119.688
633 54.0177 110.287 107.955
634 14.745 91.8854 119.857
635 70.795 113.42 103.22
636 18.1121 114.512 105.581
637 18.6691 70.4164 -0.93268
638 46.3977 94.3844 119.868
639 32.2645 104.01 120.096
640 20.5282 87.434 119.774
641 46.8518 114.222 109.531
642 112.478 113.65 35.2033
643 1.05122 106.182 23.5001
644 15.3302 106.6 113.887
645 -0.771298 13.0148 6.03593
646 36.9497 79.7547 120.064
647 0.970959 97.7431 100.734
648 1.04412 59.6057 33.9892
649 4.70656 114.142 66.6031
650 13.4688 104.883 119.943
651 93.338 -0.685279 26.1519
652 37.3296 99.1991 -0.745825
653 33.6579 100.661 119.916
654 0.651195 106.987 106.07
655 0.887792 41.2705 69.5995
656 13.6745 39.0815 119.397
657 33.5194 105.099 110.942
658 0.934105 50.0506 56.8666
659 41.494 91.9575 113.986
660 46.6047 109.231 108.915
661 8.9378 77.2314 100.881
662 17.5228 104.0 119.974
663 1.30825 71.3545 63.1798
664 15.8771 88.5 119.755
665 23.6268 106.602 106.051
666 35.0839 114.143 113.569
667 0.693962 102.998 15.6807
668 42.7577 81.8218 114.015
669 12.1816 94.5636 114.038
670 114.481 15.6886 9.88945
671 18.2293 0.00264685 21.1568
672 88.3288 -0.886482 14.7989
673 99.8344 9.30798 4.58438
674 69.8814 29.2464 -1.1502
675 85.5942 26.766 -0.935518
676 56.8934 6.66938 -1.01389
677 114.12 12.0589 13.9387
678 95.9033 39.1471 10.8866
679 87.6276 33.3663 19.122
680 97.3516 6.94995 2.77643
681 89.7036 19.9158 11.4747
682 58.9024 -0.427476 21.5761
683 74.1628 27.089 -0.950995
684 90.9024 -0.871119 21.6068
685 89.6887 12.7562 -1.19595
686 74.7206 113.94 48.2478
687 114.098 29.6306 101.847
688 79.5296 11.2324 6.72685
689 95.4932 6.88364 18.9532
690 99.9456 -1.13698 49.7273
691 83.101 -0.796754 71.399
692 87.8898 1.47526 -1.17095
693 95.4059 19.576 20.3516
694 66.8309 10.6122 6.07522
695 70.8515 33.4204 10.8458
696 76.9741 25.6773 -1.15644
697 84.0486 22.9682 13.2281
698 100.097 40.9815 119.427
699 98.5235 31.6575 3.37607
700 114.159 90.8489 39.0741
701 3.11159 0.70279 40.0771
702 114.458 86.4895 25.8418
703 113.686 55.7995 31.0273
704 114.935 45.7018 0.645853
705 94.1792 22.3958 -1.02114
706 55.1278 3.59587 119.18
707 0.249126 58.127 22.6246
708 -0.497302 47.0476 118.252
709 23.9268 -0.286568 96.956
710 115.285 93.863 107.085
711 97.3593 -1.16525 14.9822
712 115.09 103.032 20.9885
713 115.728 102.528 4.60347
714 114.932 48.4399 14.5098
715 91.4911 -0.785995 55.245
716 98.6731 -0.732634 34.494
717 62.7151 30.5026 -0.983672
718 8.08957 34.5586 119.482
719 114.823 81.7171 22.017
720 112.995 12.0192 60.7572
721 109.653 12.0776 -0.948598
722 103.854 -1.08576 4.25262
723 96.8633 113.946 17.3908
724 87.0412 37.1464 -1.18618
725 93.8876 113.904 24.6114
726 108.343 9.88306 119.202
727 22.853 0.181409 44.4374
728 77.9356 -0.927345 0.3358
729 53.4507 -1.02491 102.948
730 1.79343 83.0098 52.0787
731 95.8791 95.4185 119.935
732 74.3205 45.5077 119.537
733 98.6336 -0.960832 53.0836
734 113.713 50.5626 29.9943
735 0.548954 53.6267 90.5409
736 53.6465 -0.580935 91.6483
737 105.276 113.573 17.463
738 76.2083 -0.851976 82.291
739 107.072 19.5045 -0.839113
740 81.5795 -0.55297 39.1216
741 114.244 1.35924 110.059
742 74.7882 113.649 65.4886
743 111.375 28.7432 119.221
744 32.9283 35.0716 100.714
745 79.5487 -1.25128 91.9967
746 81.718 -0.927837 82.0529
747 114.342 16.0281 6.09648
748 0.722842 30.6226 68.358
749 80.8285 -1.16077 98.0651
750 58.0101 -0.519828 67.9586
751 114.444 44.3948 18.532
752 28.7448 -0.234816 74.5194
753 25.8071 -0.162333 70.1846
754 6.6544 0.242046 65.9049
755 -1.46738 7.48087 114.613
756 114.855 53.7139 105.825
757 1.10444 113.539 27.7414
758 22.1345 -0.618859 103.109
759 23.2373 -0.183068 70.2559
760 62.4303 -0.942474 100.049
761 114.424 39.2767 104.505
762 57.8741 -0.290585 28.077
763 114.022 94.3641 77.1382
764 53.9497 -0.495123 68.9599
765 1.41163 83.5845 68.3387
766 43.8085 0.295921 119.219
767 114.412 106.759 34.0118
768 81.6439 -0.392742 65.8397
769 67.9803 -0.834475 70.2778
770 38.0078 -0.975491 117.727
771 112.858 1.83264 71.9908
772 86.102 -1.01378 89.4657
773 86.8708 30.0769 113.05
774 109.917 60.6381 119.847
775 98.5939 14.4093 113.354
776 102.621 21.4315 118.994
777 73.8559 18.0257 119.363
778 106.889 22.9621 118.59
779 26.4695 -0.361538 96.5613
780 45.2432 5.2569 119.132
781 113.327 -0.191906 94.8004
782 106.846 -1.2164 64.5239
783 110.837 -1.80826 115.671
784 75.3609 11.0896 119.284
785 80.8564 22.8811 119.547
786 66.6457 10.865 119.086
787 6.3198 -0.119978 78.3382
788 99.8473 -1.02066 68.0778
789 85.5214 21.2351 119.426
790 108.304 -1.19783 62.4831
791 108.411 30.831 115.715
792 82.9653 24.5865 107.537
793 85.7177 24.6317 107.357
794 92.8011 24.0096 119.195
795 114.47 31.6133 2.49504
796 62.1424 9.00812 119.117
797 61.0216 16.4712 119.37
798 113.04 20.481 103.089
799 64.24 17.0471 88.174
800 106.308 10.322 107.243
801 1.04 57.1915 -0.69591
802 114.3 23.2881 116.243
803 47.8427 77.103 -0.965349
804 114.43 15.2601 108.173
805 -0.922449 5.1183 5.91571
806 95.166 10.83 119.278
807 92.4825 7.77515 119.237
808 85.9375 32.8563 119.621
809 84.3522 22.5742 111.594
810 60.931 14.2083 91.7916
811 25.8468 -0.190535 77.4662
812 63.9579 16.1857 119.464
813 106.715 -1.71658 105.776
814 106.676 15.2352 102.283
815 92.4064 63.5835 27.3392
816 87.891 53.6212 3.00135
817 25.1056 115.071 7.8314
818 114.213 86.6723 37.7201
819 96.8184 26.2325 -0.900358
820 101.758 51.4347 11.2671
821 59.5612 113.887 72.0689
822 113.27 19.5512 39.7901
823 100.306 49.9361 11.6031
824 81.4073 34.7371 14.5489
825 91.3854 -0.870986 45.4826
826 97.4494 45.7365 -0.748907
827 37.8671 80.7284 -0.93579
828 78.5919 40.1288 -1.0059
829 77.022 33.2683 14.7773
830 54.1652 36.7564 5.60669
831 71.6584 44.1367 10.5812
832 68.2599 49.7411 13.0654
833 114.379 88.896 32.4983
834 83.0511 54.5051 -0.862306
835 77.9377 29.299 40.8932
836 75.1225 43.7242 11.0388
837 112.181 0.8602 -1.09485
838 102.871 -0.962665 33.8482
839 66.9989 36.122 -1.23955
840 110.02 -1.28307 85.7838
841 59.0265 68.6707 -0.735877
842 73.2195 -0.502838 51.6127
843 75.3302 114.409 9.97729
844 113.593 12.1165 22.3759
845 75.9007 36.9386 -0.817718
846 79.0164 -0.801041 35.7092
847 113.114 0.439959 31.7761
848 67.3495 54.9405 18.3349
849 115.635 99.7567 108.366
850 6.47077 1.57956 -1.06448
851 64.4152 33.5313 7.22226
852 75.5167 27.6408 3.06138
853 78.8551 52.5105 7.8271
854 70.116 45.4121 15.5192
855 15.2713 55.9638 119.631
856 76.3348 39.8085 -1.18444
857 101.834 61.4329 15.3212
858 22.9334 0.238903 48.9299
859 90.7319 85.6135 -0.62426
860 -1.04116 37.4975 111.876
861 94.7001 -1.25768 93.9293
862 113.986 69.9587 37.8005
863 19.7845 -0.215397 87.518
864 67.6342 -0.412389 30.3983
865 81.6456 60.6323 119.794
866 11.3736 0.249876 26.6013
867 2.49228 35.4782 -0.572162
868 22.8561 114.428 76.1583
869 113.618 65.9766 72.3381
870 112.991 7.83168 43.7513
871 83.0461 -0.968228 68.4043
872 114.405 13.5889 0.531513
873 108.839 113.663 32.698
874 4.84064e-04 64.493 96.2064
875 91.8803 113.47 91.1066
876 100.046 113.109 66.851
877 95.6191 113.524 73.4262
878 34.053 -0.0489476 81.9246
879 76.7904 -0.745241 18.9072
880 112.592 0.300583 56.2874
881 114.213 80.8269 31.3206
882 113.354 71.3162 119.379
883 0.858219 45.2369 40.2647
884 114.24 99.6622 52.5952
885 49.4951 -0.207292 49.6827
886 32.2225 -1.13387 109.367
887 94.0395 17.6191 -0.731499
888 85.4185 109.609 -0.502033
889 98.37 74.1645 35.2591
890 113.063 7.66469 40.0448
891 63.2472 37.6255 49.4051
892 112.521 113.095 71.8658
893 0.969979 61.0847 87.6225
894 113.62 58.2529 37.7916
895 91.3525 113.507 74.9883
896 104.205 111.753 -0.337636
897 62.0828 86.0629 32.7602
898 92.1774 7.57051 -1.26843
899 53.5898 -0.643291 74.7543
900 0.0219497 4.97022 31.9473
901 114.341 25.492 114.099
902 115.45 82.1843 12.8361
903 90.1185 37.3463 15.1287
904 113.602 17.7084 89.079
905 0.782892 27.7273 72.4451
906 1.33343 101.895 66.4511
907 108.021 -0.928857 5.57194
908 55.0249 -0.199385 33.9677
909 112.998 31.6275 61.469
910 112.821 15.5037 52.827
911 113.281 35.6415 44.9585
912 1.78364 99.6372 55.4102
913 113.646 76.3978 49.0406
914 64.3937 52.4532 -0.843606
915 115.423 98.1563 1.15015
916 114.055 83.9287 79.2406
917 114.993 112.028 19.8625
918 93.4314 -0.895314 90.556
919 99.2073 -1.20652 100.368
920 113.6 44.6279 66.1438
921 104.441 -0.870313 43.1313
922 96.0955 -0.798568 21.5812
923 15.1397 112.026 120.007
924 91.2169 112.197 119.803
925 112.429 -0.993146 7.12549
926 113.412 53.5391 81.2822
927 48.1754 34.1751 -1.24597
928 114.431 39.5563 112.401
929 56.5497 -0.640219 86.2085
930 56.6017 108.416 119.998
931 100.759 -0.902318 15.3201
932 112.914 19.6822 61.3945
933 65.9309 -0.30904 42.3488
934 109.672 113.342 55.0657
935 0.0341109 31.896 20.3158
936 55.7295 31.1946 18.8934
937 113.887 17.7086 15.8748
938 88.5095 -0.843536 58.4644
939 92.8244 -1.04727 66.2078
940 -0.945834 2.77267 117.502
941 46.3738 87.7976 25.4019
942 114.082 5.79943 3.99239
943 65.3739 26.3747 119.569
944 73.7125 30.6891 113.706
945 21.2933 36.9475 -1.09533
946 95.8593 52.1893 119.526
947 15.1658 114.593 108.214
948 97.1115 34.0469 119.434
949 80.0255 48.7142 112.236
950 107.411 52.3174 119.427
951 110.066 32.0836 119.295
952 69.3555 41.0257 111.563
953 26.0028 0.230166 61.9048
954 113.39 36.4945 -0.618199
955 75.8487 43.2023 103.176
956 90.409 -0.540507 39.9229
957 58.8046 51.6976 119.687
958 73.8241 112.379 120.052
959 101.385 54.9797 103.364
960 104.902 32.4817 111.482
961 63.7112 34.8475 107.751
962 88.5409 -0.806419 55.0414
963 114.175 104.146 45.265
964 0.72628 41.8844 44.9626
965 90.1573 46.1329 117.328
966 46.7254 -0.615893 88.3486
967 97.2676 113.519 66.7563
968 7.51915 0.118688 80.8598
969 90.7201 46.8645 113.569
970 88.581 37.9749 110.627
971 114.819 74.2683 16.2318
972 110.989 88.2293 119.979
973 114.032 11.3765 104.421
974 114.62 77.2201 102.875
975 89.8587 35.2771 110.07
976 18.5718 0.126268 37.7644
977 54.3344 48.7039 109.245
978 84.0546 24.3214 119.499
979 81.3259 35.3182 119.553
980 10.1185 111.557 -0.645575
981 87.1791 43.3378 119.565
982 64.1027 34.3322 104.491
983 110.957 -0.890917 2.32348
984 112.787 5.80141 62.9867
985 92.7027 48.685 109.525
986 115.704 110.238 111.017
987 75.7423 36.1452 102.833
988 56.6461 2.21223 118.977
989 94.0396 18.1933 113.636
990 93.4214 72.9603 -0.477707
991 73.2527 66.3086 5.42508
992 74.9608 81.3161 10.134
993 81.8965 84.6195 -0.711617
994 113.548 14.302 25.5893
995 113.446 7.78736 94.6392
996 35.7392 113.95 69.6124
997 0.0223757 88.3683 4.54065
998 108.984 45.6559 -0.631069
999 101.53 113.261 72.0613
1000 94.7038 63.1664 -0.895538
1001 101.806 72.1484 -0.674575
1002 78.3631 63.8336 9.03844
1003 70.3939 65.356 -0.764185
1004 63.4399 85.9419 9.7167
1005 80.5118 81.6785 13.6815
1006 114.944 53.3495 109.996
1007 115.048 66.5625 16.3293
1008 97.6937 66.9293 -0.598598
1009 111.841 61.9821 -0.699561
1010 102.044 69.1706 -0.747976
1011 81.7325 62.7832 9.83709
1012 113.272 15.5683 86.5399
1013 106.277 66.1576 -0.760791
1014 56.1238 72.4542 15.27
1015 115.166 80.269 3.13412
1016 85.8482 75.6855 21.5189
1017 90.5722 76.4722 -0.706543
1018 41.2802 114.046 66.749
1019 54.9686 92.0724 11.6793
1020 114.152 103.921 79.3149
1021 63.7431 78.3979 9.03705
1022 89.1703 83.3581 -0.63865
1023 83.2912 63.7538 13.3592
1024 97.7322 73.6222 7.14567
1025 109.284 66.2041 -0.570845
1026 114.705 75.8727 18.3699
1027 115.035 74.4662 20.5926
1028 96.1028 113.531 37.3695
1029 84.6266 67.3476 14.6983
1030 86.1297 90.4498 -0.705686
1031 88.0744 67.7539 3.05757
1032 30.0343 114.444 48.4666
1033 64.5733 69.6706 3.4304
1034 69.1817 76.413 14.8178
1035 83.4972 63.7413 9.1191
1036 61.902 82.0561 -0.781798
1037 74.7368 70.5836 -0.832184
1038 95.9097 73.5813 -0.798229
1039 76.3804 83.029 6.05814
1040 113.866 53.6636 54.5015
1041 104.711 71.1788 14.9585
1042 99.0493 113.739 28.9751
1043 115.57 112.404 10.9413
1044 84.2662 49.7847 13.3039
1045 49.684 114.461 27.9296
1046 84.9448 113.463 94.652
1047 78.2722 59.2854 79.836
1048 113.266 33.8807 41.6409
1049 112.649 112.869 77.3026
1050 114.448 25.2367 106.635
1051 78.1342 113.671 105.433
1052 82.4023 113.848 28.8482
1053 39.677 62.2708 45.3411
1054 91.2799 113.423 69.7848
1055 115.329 109.775 118.661
1056 69.2337 -1.02727 96.9448
1057 41.1869 -0.0719865 49.3532
1058 57.9865 113.925 49.6194
1059 73.7692 114.358 16.221
1060 17.2853 60.1673 -0.773421
1061 65.0293 113.89 41.6858
1062 1.48817 111.53 85.2832
1063 84.338 113.798 56.2815
1064 98.8175 -1.24969 87.2214
1065 105.402 -1.13231 72.1635
1066 37.0659 57.8096 90.5796
1067 60.5633 -0.895693 92.4045
1068 102.962 113.635 48.2544
1069 114.99 95.4719 100.231
1070 1.17212 99.4156 25.9066
1071 77.8283 113.764 31.153
1072 104.744 113.134 89.0058
1073 47.4678 44.0652 79.7373
1074 -0.105482 15.7697 104.96
1075 60.8303 -1.24464 117.728
1076 85.9414 113.195 65.5024
1077 85.5518 114.467 3.70141
1078 1.84228 101.925 53.0003
1079 109.41 93.5311 119.727
1080 12.2044 -0.482304 110.312
1081 59.0434 -1.56281 111.284
1082 95.4603 31.9254 119.563
1083 2.17735 114.608 118.162
1084 111.202 -0.732165 42.3712
1085 112.443 112.921 64.6632
1086 65.1228 114.053 30.167
1087 39.8466 114.605 24.5928
1088 111.526 33.5264 -0.73751
1089 100.179 29.7738 -0.954866
1090 0.311243 5.64973 70.0284
1091 0.844756 43.0753 46.0623
1092 71.1696 42.1375 -1.289
1093 1.27888 104.152 33.7569
1094 62.1806 113.748 90.6219
1095 101.656 -1.02669 36.0675
1096 38.0904 114.869 13.9603
1097 93.1934 84.7824 119.785
1098 113.203 36.3758 52.5325
1099 60.5905 113.733 96.5545
1100 -0.0534198 35.8013 16.6627
1101 0.291544 76.5526 105.073
1102 85.468 113.994 8.10907
1103 78.0328 82.4085 -0.806818
1104 113.329 21.49 80.486
1105 114.839 88.8487 19.6543
1106 114.202 3.38638 108.309
1107 51.2652 114.049 69.0768
1108 106.97 26.7773 119.59
1109 87.2805 -1.03263 65.0318
1110 70.3579 -0.585682 74.3549
1111 110.371 113.352 29.4496
1112 80.0685 62.6041 102.173
1113 115.303 88.7234 6.27319
1114 80.7462 113.364 101.165
1115 113.027 44.393 52.3548
1116 36.2848 56.3808 32.1292
1117 -0.592554 30.0518 19.4448
1118 73.9921 6.92192 -1.17715
1119 93.143 71.5973 119.653
1120 72.2455 113.282 96.3238
1121 34.177 114.188 69.0515
1122 80.6177 113.642 39.9055
1123 40.0723 114.399 37.1207
1124 18.118 0.0875639 16.5879
1125 60.9271 113.874 71.0011
1126 96.7178 109.167 119.78
1127 27.2309 -0.0892969 66.8129
1128 100.333 71.1635 109.579
1129 86.0557 86.9548 119.869
1130 113.462 36.3438 78.1662
1131 110.365 61.4389 108.754
1132 75.9775 66.5981 109.276
1133 90.4289 113.701 34.8861
1134 67.2683 59.8727 106.833
1135 113.649 79.6416 73.8111
1136 36.1668 89.6366 120.098
1137 60.3177 65.7803 119.803
1138 107.589 83.5123 119.659
1139 90.163 64.475 119.74
1140 114.731 111.373 90.7754
1141 79.0145 83.9827 119.763
1142 74.9118 82.0243 102.205
1143 115.076 64.3958 112.078
1144 52.4249 -0.369726 81.0136
1145 101.591 59.3661 119.526
1146 96.0042 67.5359 119.819
1147 75.8659 68.9091 119.795
1148 84.9288 -0.801013 35.7425
1149 81.8128 76.6044 119.729
1150 113.581 55.5417 43.9147
1151 108.106 70.9524 107.537
1152 78.9145 113.456 73.1293
1153 109.615 -0.602734 119.035
1154 47.2054 57.0091 119.541
1155 68.9433 73.3121 99.9135
1156 64.578 83.972 119.922
1157 105.758 77.0705 105.647
1158 81.8471 113.579 51.7918
1159 114.717 80.1314 99.5132
1160 80.2548 69.779 119.621
1161 100.251 -0.987498 25.1304
1162 70.7996 113.613 58.9906
1163 49.4837 7.38229 119.099
1164 66.7111 111.484 120.026
1165 104.292 -1.1964 78.6243
1166 113.279 72.1917 114.295
1167 8.56811 76.6494 -0.59666
1168 12.7069 114.29 101.229
1169 84.5497 73.1613 105.784
1170 110.313 52.6208 -0.673984
1171 84.3777 56.6179 119.647
1172 69.0814 70.9353 119.713
1173 -0.0654802 55.9937 98.3865
1174 73.0011 59.6444 119.483
1175 88.8624 80.3721 116.688
1176 110.491 113.073 97.5854
1177 79.7299 114.334 12.016
1178 97.008 113.566 62.5078
1179 101.212 113.957 3.14969
1180 113.709 38.2079 25.4498
1181 115.486 107.855 103.871
1182 102.963 101.963 3.51232
1183 98.0647 78.0876 -0.801966
1184 45.2808 -0.617738 94.8659
1185 58.1058 104.24 -0.51008
1186 82.6424 104.948 -0.507418
1187 75.2204 103.549 4.29114
1188 115.391 92.7207 10.7469
1189 88.9641 113.757 31.3085
1190 76.4018 96.8076 -0.631667
1191 71.8897 106.554 11.5673
1192 54.4729 74.8907 -0.696416
1193 98.5444 -0.996028 30.3127
1194 96.7958 101.764 -0.283757
1195 95.4005 113.907 14.1551
1196 115.511 106.289 110.638
1197 93.8725 105.886 -0.516374
1198 45.4981 114.494 30.3592
1199 113.758 73.8322 63.2848
1200 90.6391 91.8223 11.1804
1201 63.9002 114.53 6.00401
1202 93.6862 88.5087 -0.664233
1203 115.735 108.58 10.8273
1204 114.142 87.3672 86.7442
1205 15.7946 8.16192 -1.27678
1206 56.346 82.2466 -0.853364
1207 99.3948 95.3869 6.98761
1208 104.075 107.423 -0.424961
1209 69.381 104.14 -0.616899
1210 112.613 113.716 11.4479
1211 92.326 89.8664 11.295
1212 62.0344 110.566 -0.665038
1213 114.437 88.3437 95.3683
1214 78.1294 114.224 13.9101
1215 79.5799 -1.14662 94.9133
1216 114.822 86.7467 21.1896
1217 63.5848 113.863 52.4067
1218 62.4808 114.15 29.2471
1219 113.124 14.0913 33.5862
1220 113.929 103.437 119.701
1221 41.191 114.36 28.1731
1222 79.1572 113.613 34.5363
1223 98.0171 86.7193 -0.591374
1224 109.526 113.644 19.779
1225 114.032 67.4379 91.2555
1226 115.025 66.3445 1.02586
1227 92.9506 113.577 64.2118
1228 65.0135 -0.194494 26.0434
1229 114.096 60.118 27.4872
1230 13.4306 114.56 79.6455
1231 114.892 73.8152 106.175
1232 71.7279 94.7478 -0.744514
1233 97.4799 -1.23204 79.6515
1234 111.152 33.942 119.323
1235 114.074 108.307 48.9454
1236 113.758 76.0796 66.1092
1237 0.0102401 92.6791 1.21269
1238 0.534508 85.9868 99.3152
1239 77.7297 99.0603 119.989
1240 94.8063 66.1699 -0.646208
1241 104.329 113.389 76.1853
1242 113.209 19.8088 74.0559
1243 114.28 112.322 48.4106
1244 56.3762 113.421 94.8252
1245 113.717 22.7129 15.316
1246 113.857 58.1792 89.7544
1247 102.305 113.211 115.429
1248 59.2912 113.973 37.8454
1249 46.3925 114.041 101.226
1250 62.2861 113.588 56.178
1251 113.94 74.1905 33.6315
1252 105.524 112.993 105.942
1253 2.0456 0.415276 5.46175
1254 95.9346 113.254 84.8038
1255 114.431 112.148 40.3251
1256 109.497 98.5056 119.726
1257 57.9717 113.85 45.2413
1258 115.105 65.7079 12.1726
1259 9.93887 42.4229 -1.10691
1260 105.849 113.509 32.5989
1261 114.328 60.1605 100.094
1262 9.60821 115.522 5.82089
1263 53.829 113.818 60.3182
1264 113.766 80.6749 -0.109242
1265 42.2532 114.407 50.2865
1266 71.542 65.8199 119.735
1267 113.296 26.0379 37.7351
1268 50.551 114.463 34.4987
1269 9.06165 114.389 77.2225
1270 21.2461 113.958 100.98
1271 115.295 94.2683 110.695
1272 66.6443 114.126 24.0713
1273 115.35 89.0805 14.2087
1274 11.5227 114.435 67.3077
1275 90.4925 113.254 84.9037
1276 92.3038 113.524 108.215
1277 104.203 113.177 84.6649
1278 66.2601 113.751 87.1254
1279 65.1286 114.585 13.066
1280 71.9993 113.9 52.7129
1281 95.815 113.563 71.7698
1282 52.2018 114.125 109.032
1283 91.5777 113.398 58.0168
1284 79.9406 41.4643 119.519
1285 22.4625 114.293 103.194
1286 114.778 53.6923 17.2583
1287 47.6466 114.085 82.2077
1288 8.86011 114.273 85.7736
1289 81.1735 94.6269 -0.947662
1290 103.422 66.2255 -0.76855
1291 -0.499836 22.6105 106.16
1292 114.589 70.8273 88.2714
1293 114.062 65.9932 29.4067
1294 87.2961 113.736 47.5711
1295 105.644 -1.12306 33.6285
1296 47.9918 109.811 -0.414838
1297 61.9255 114.053 43.1011
1298 92.0299 113.768 40.9472
1299 90.5659 84.6863 110.608
1300 78.9464 95.5149 108.169
1301 107.843 97.8178 113.129
1302 78.1059 113.645 112.478
1303 74.9124 82.8688 107.221
1304 86.451 109.678 115.957
1305 91.8739 81.7217 119.748
1306 63.3636 95.2996 -0.58349
1307 58.1224 113.619 101.027
1308 114.122 96.5534 53.1846
1309 108.047 107.694 119.968
1310 114.191 63.7365 95.5161
1311 74.9533 113.825 113.698
1312 109.388 100.637 104.477
1313 73.5373 104.053 114.332
1314 90.9498 108.115 119.799
1315 102.897 82.7811 119.933
1316 74.9263 94.4505 106.558
1317 105.034 101.539 116.188
1318 54.9221 113.953 101.165
1319 56.7677 114.052 67.5394
1320 90.2849 99.6767 120.133
1321 113.552 68.4866 61.1678
1322 103.324 88.3732 108.851
1323 73.8764 107.277 109.502
1324 42.5338 114.103 103.262
1325 1.02413 1.18372 118.831
1326 115.187 97.8196 114.45
1327 114.184 51.9593 96.1357
1328 113.983 113.04 118.417
1329 72.3312 110.329 120.091
1330 60.9739 114.052 116.53
1331 113.991 103.571 62.3801
1332 90.8373 113.713 114.493
1333 58.9769 89.3765 119.959
1334 105.813 92.9417 107.974
1335 55.0645 114.118 105.217
1336 89.1924 96.9294 109.164
1337 69.3121 99.2791 119.778
1338 49.7129 113.979 66.8357
1339 43.69 55.9735 56.0226
1340 80.2558 86.8612 119.864
1341 81.7204 113.677 68.8058
