0 35.6115 -0.640458 94.7286
1 9.34195 0.19718 0.218631
2 6.91773 10.1165 7.12506
3 -0.883971 3.34236 12.0304
4 113.397 59.4743 48.6364
5 1.41463 0.0845873 94.4422
6 0.76212 9.10475 -0.902725
7 43.8143 27.9413 6.82072
8 14.17 -0.00906127 4.98969
9 39.7095 15.1049 -1.03198
10 2.06368 25.9453 120.032
11 53.6831 114.053 37.6184
12 45.7139 30.2279 -1.10454
13 41.1793 16.1767 -0.999826
14 114.413 3.75783 108.47
15 9.03738 28.2954 -1.11925
16 66.3872 -0.496346 55.6363
17 -0.574303 19.3638 0.29538
18 38.3966 29.578 -1.03709
19 30.0947 9.7392 -1.37343
20 42.6029 114.903 17.3601
21 2.82427 51.7401 120.236
22 13.5522 2.44724 -1.40763
23 -1.02713 1.82372 9.95592
24 39.57 -0.217597 2.36523
25 44.117 0.0558567 37.1292
26 62.4002 17.2854 10.652
27 42.5563 -0.513339 10.6226
28 66.4338 114.052 32.789
29 114.086 -0.560876 116.836
30 2.27177 103.729 59.9514
31 96.2867 69.3147 -0.5791
32 26.9842 40.9244 -1.0431
33 0.160385 35.0951 21.2631
34 30.1558 -0.374162 76.314
35 29.3887 95.7658 120.861
36 0.985653 39.5703 46.534
37 42.4797 -0.0505241 49.1909
38 45.4069 -0.500224 91.2268
39 1.16971 97.7866 96.0432
40 20.2481 0.139223 31.9942
41 112.841 0.805696 36.0993
42 54.0974 -0.124447 56.3114
43 49.6865 113.996 57.3451
44 22.9746 -0.112934 43.1606
45 14.8534 0.160355 57.5497
46 62.4604 -0.534158 17.5128
47 114.639 28.4503 6.20511
48 0.961344 41.698 35.8586
49 114.576 32.0057 2.18272
50 0.392622 17.883 40.8867
51 1.22121 42.0393 -0.739644
52 -0.970191 1.74775 5.49001
53 72.4711 7.97493 120.156
54 -0.800928 6.01447 118.586
55 73.4183 -0.0815533 31.7147
56 1.74263 75.9037 47.2197
57 -0.705268 19.3744 4.17038
58 46.7283 -0.337414 51.26
59 4.66043 0.138051 2.20708
60 66.5616 -1.24411 118.698
61 115.61 61.2858 1.60029
62 23.2236 0.143516 39.2902
63 79.4283 -0.982458 99.9937
64 114.362 57.6891 20.4717
65 0.415455 113.525 15.6757
66 21.9963 -0.132157 45.6441
67 39.6624 0.0124902 39.1815
68 1.63895 95.4346 33.7062
69 102.493 113.056 78.8645
70 112.381 3.5927 49.138
71 30.8562 10.6313 120.254
72 110.874 96.396 120.462
73 42.2938 -0.370191 52.0979
74 14.5788 0.308311 34.9836
75 32.5066 114.453 31.1141
76 -0.452419 28.3985 109.37
77 73.9723 -1.4658 104.058
78 0.772202 15.6754 58.8217
79 59.3724 -0.395597 75.0035
80 45.1172 -0.482462 96.6734
81 67.9176 -0.444564 43.8628
82 63.3486 -0.245002 59.9498
83 29.999 48.8939 -1.0499
84 66.7388 -1.36257 106.348
85 21.6673 0.278889 38.4829
86 29.2717 8.32954 120.105
87 4.92223 -0.626945 111.987
88 113.093 37.9387 59.9164
89 91.5511 -1.09205 82.0004
90 4.5078 0.37564 29.8101
91 14.7183 0.0447649 65.1933
92 107.05 -0.904778 47.5302
93 0.184845 36.8538 100.701
94 110.379 63.7893 120.788
95 15.5148 -0.425026 97.3953
96 105.421 -1.07019 81.4715
97 65.5031 38.5278 120.548
98 -1.6419 4.24746 1.15152
99 -0.743289 14.3766 106.323
100 3.23532 0.636674 57.7994
101 14.9718 8.81284 120.033
102 71.7883 -0.621219 37.0588
103 105.252 -1.04083 62.9181
104 112.453 5.41705 54.6945
105 55.1325 -0.432173 58.4817
106 82.3181 1.26524 119.924
107 7.57962 114.313 92.9955
108 31.2454 18.2882 -1.31253
109 7.81936 -0.566485 109.521
110 114.286 100.223 83.0495
111 39.4189 -0.811972 100.41
112 43.7665 15.0671 108.064
113 0.827318 76.9249 92.5233
114 21.7232 15.2396 108.115
115 3.55863 0.648932 119.755
116 44.1512 -0.356472 68.9122
117 29.1329 3.32812 120.13
118 9.36505 24.2721 120.131
119 6.14048 -0.49635 106.272
120 29.2484 0.399906 119.877
121 57.9795 -1.18266 118.774
122 17.5627 7.76583 120.107
123 -0.558987 11.3176 16.1519
124 114.92 106.184 25.4555
125 16.0194 0.135241 42.8572
126 0.39802 1.25902 0.182806
127 46.7285 15.6718 107.425
128 42.1464 6.93806 105.898
129 32.5 20.4774 115.23
130 4.39386 0.36566 60.2154
131 6.75148 25.268 107.679
132 20.9976 9.75322 109.465
133 29.5667 23.6039 120.031
134 42.6191 31.6384 112.746
135 39.6513 14.2432 120.295
136 80.739 -0.632718 24.287
137 46.6697 11.2717 110.726
138 52.3853 0.0307467 29.4845
139 25.2954 20.0239 104.618
140 36.2891 5.19693 120.051
141 31.3952 0.249773 60.7431
142 38.03 6.43714 113.39
143 34.0656 8.72849 116.37
144 17.9862 -0.737275 106.218
145 7.55238 5.59792 120.002
146 23.3813 -0.894599 115.537
147 14.0403 17.5543 120.397
148 3.44687 17.1506 120.024
149 -0.641614 26.7118 103.04
150 52.2977 -0.804105 101.597
151 45.3852 1.06508 120.267
152 37.868 8.36627 120.203
153 12.3565 20.9464 120.187
154 32.4566 0.0700244 20.9205
155 0.478605 88.0143 16.3185
156 71.9103 -1.47005 114.332
157 56.6642 -0.168485 40.3625
158 13.134 50.5806 13.1056
159 45.906 58.938 15.9997
160 13.4771 11.8682 -1.2975
161 81.6971 -0.266471 36.0341
162 34.1403 39.9947 -1.21502
163 22.8595 50.4322 5.02563
164 48.4175 38.464 -0.970511
165 1.48555 71.9194 46.4612
166 36.8769 35.722 -1.01903
167 7.33673 0.0206376 85.6516
168 25.0228 54.4408 11.0167
169 26.9091 25.3198 -1.29676
170 38.6623 49.9611 7.59262
171 0.798314 29.2809 61.4278
172 58.0073 -0.357262 45.4018
173 3.76747 48.7057 7.38673
174 71.2842 114.675 5.08189
175 31.0223 34.2577 7.09163
176 75.2847 -0.59308 25.1655
177 44.3575 50.4462 14.5627
178 0.0745156 83.6159 111.588
179 17.1088 43.9027 -0.752345
180 10.9507 114.502 61.5514
181 52.1863 -0.593156 98.7794
182 87.6651 92.7231 16.1544
183 42.3273 -1.06306 105.385
184 45.7943 35.7695 -1.33553
185 16.104 56.7427 20.9918
186 4.99539 0.520751 55.0695
187 0.529557 32.8821 36.5789
188 28.6078 39.9899 -1.0267
189 51.2114 31.4949 -1.02511
190 114.762 29.7117 12.6051
191 22.839 45.8951 6.26175
192 -0.446789 67.5551 111.623
193 -0.444599 53.9597 18.4095
194 27.2063 52.1089 19.0026
195 -0.260501 53.8847 6.39273
196 41.1789 48.5673 -0.984533
197 10.3558 52.8559 12.892
198 47.2079 40.0137 15.1878
199 1.11322 65.8654 31.526
200 49.314 114.609 15.473
201 112.808 24.2278 53.3088
202 13.1436 0.280871 28.5088
203 18.7523 -0.155412 81.7383
204 56.6688 -0.469387 75.0456
205 8.20436 39.2536 120.254
206 61.211 40.3828 120.499
207 86.2103 86.5166 -0.422553
208 50.7625 -0.425514 58.0795
209 112.941 1.95739 81.1264
210 12.211 108.256 120.993
211 2.84191 55.1963 -0.735371
212 113.966 105.524 82.0124
213 58.304 17.2704 -0.99242
214 1.05928 76.1247 25.9165
215 73.5819 81.1118 120.944
216 31.3524 -0.0595263 83.8753
217 86.6502 -0.677832 119.751
218 -0.0190073 90.5841 11.2655
219 42.3007 -0.266641 21.7756
220 114.023 61.9193 25.536
221 90.8608 114.028 16.3977
222 3.57771 0.163857 11.1704
223 51.0805 -0.283901 43.6228
224 53.768 -0.486429 14.1888
225 57.2304 74.1283 47.9487
226 78.9897 -0.435414 27.642
227 61.4352 -0.714185 79.8574
228 1.28563 57.5274 62.0759
229 1.26789 73.6447 83.6648
230 27.056 -0.212553 81.6399
231 18.1164 114.562 60.9737
232 46.6136 114.389 19.6766
233 96.1914 13.2237 25.9095
234 115.217 76.5755 14.2648
235 1.1971 74.2009 35.6797
236 1.14702 53.6023 69.9079
237 20.5294 95.9538 120.721
238 -0.0582354 77.2885 117.322
239 22.9291 67.4294 120.446
240 0.829378 15.3297 54.7861
241 39.3635 89.3407 120.846
242 0.143593 19.7482 90.2397
243 1.25613 63.5882 77.3571
244 16.9595 0.172079 22.0243
245 55.1351 -0.310774 51.1408
246 0.258346 76.754 15.9486
247 45.4798 114.185 37.638
248 63.8288 113.594 97.384
249 5.79207 79.8131 120.342
250 33.6181 114.119 104.297
251 0.899726 26.6284 47.3293
252 40.5494 103.497 120.858
253 113.442 81.8451 63.8394
254 21.6794 -0.0440431 84.556
255 0.190797 108.059 119.48
256 33.0274 -0.19221 64.4382
257 100.891 -1.02675 -0.1672
258 48.2749 -0.178505 27.3336
259 28.6101 0.187292 48.1841
260 29.2151 100.376 -0.626125
261 112.699 22.069 68.5516
262 7.78831 0.405249 76.0056
263 1.20046 49.8431 44.7517
264 0.723405 60.4769 84.3262
265 0.00164548 82.2774 10.5557
266 1.09562 87.5304 29.5531
267 92.1978 7.52748 -1.22544
268 26.2544 13.7603 -1.2228
269 -0.136507 5.51382 22.5785
270 1.94634 111.305 76.7697
271 3.36818 107.931 -0.152115
272 112.722 6.05976 59.0626
273 33.2258 0.0532452 54.18
274 -0.411828 57.7337 10.1633
275 6.3046 0.92388 120.025
276 0.60969 39.8269 33.9307
277 -0.195501 62.961 106.966
278 17.4017 70.7216 120.396
279 112.776 24.2902 56.7759
280 24.3781 114.141 96.3698
281 88.7583 -0.990041 80.2755
282 115.105 62.524 4.85127
283 112.904 0.691558 26.7692
284 1.86439 111.081 81.5426
285 76.2618 -0.527519 40.4832
286 44.2625 39.9225 120.43
287 114.199 76.5187 88.4735
288 -0.581109 30.8197 110.784
289 0.940186 41.3194 83.0114
290 38.3443 41.7441 117.036
291 26.0132 43.1933 106.554
292 0.839121 38.9579 81.3808
293 26.8041 44.0271 120.495
294 49.7034 -0.395388 81.9072
295 35.2331 53.4763 120.658
296 42.7964 38.8593 120.427
297 73.7968 113.899 46.3583
298 4.74632 50.1143 116.351
299 29.7676 35.6398 120.287
300 0.982537 35.2756 42.7272
301 42.6619 36.0204 109.116
302 17.8788 57.9475 102.283
303 80.6277 109.797 121.072
304 113.306 40.5166 74.4223
305 49.8812 32.7121 120.369
306 45.5567 113.971 90.8258
307 16.0662 47.884 120.543
308 52.6289 -0.0764985 21.0254
309 11.1668 40.3199 113.875
310 -0.467418 49.0197 108.917
311 29.9086 0.110967 29.6169
312 47.0924 44.4545 120.334
313 44.2873 49.7547 110.224
314 1.19002 56.6595 119.863
315 19.9044 54.0261 120.51
316 17.034 30.9572 120.256
317 13.0578 27.6388 106.101
318 95.6677 113.497 50.5556
319 0.472473 7.29429 33.4392
320 18.9311 33.366 120.472
321 6.57252 114.61 43.3407
322 0.721144 44.6429 17.5857
323 30.8501 -0.190432 9.23484
324 14.7907 80.5625 -0.628123
325 71.8199 113.633 79.318
326 30.1459 67.0737 6.59369
327 42.0095 64.7895 -1.03034
328 25.1865 115.166 13.2809
329 9.50697 115.393 10.1545
330 37.4437 69.5937 9.95906
331 43.7002 56.326 -1.23627
332 23.1882 67.1859 8.64404
333 43.4038 80.2173 -0.705807
334 113.663 40.037 88.1511
335 1.43745 57.1664 74.7903
336 30.3231 70.1659 -0.681659
337 64.8825 113.662 85.5178
338 56.2762 76.9714 12.708
339 35.4979 114.216 31.5704
340 1.35597 75.6054 80.8606
341 31.5704 59.2289 -0.728774
342 1.49244 62.0566 43.9954
343 35.6194 72.4311 10.9965
344 21.4108 61.0469 -0.686484
345 12.1546 8.8316 120.176
346 91.1785 77.5318 63.1667
347 54.7912 79.8459 11.7416
348 46.6258 78.8328 9.27284
349 19.0604 82.6949 -0.724979
350 0.0095404 73.871 2.5593
351 112.425 112.889 104.759
352 90.2069 113.508 43.3473
353 11.4808 69.0057 5.41732
354 45.9809 68.2504 -1.10427
355 2.87575 114.939 22.0432
356 24.3334 57.4558 3.88704
357 83.4785 82.6029 -0.872466
358 20.5742 114.38 67.9947
359 39.4383 84.8626 3.31625
360 37.0053 34.9235 120.488
361 30.4182 73.2602 15.8797
362 1.373 83.1766 85.8666
363 0.698476 93.8737 104.592
364 106.816 113.033 72.2342
365 12.074 111.949 121.052
366 1.20169 52.3318 119.956
367 60.1561 113.808 70.2096
368 1.06339 75.4828 89.9245
369 72.8217 56.7714 120.502
370 97.5429 112.913 93.3219
371 14.1491 114.256 98.5166
372 93.7369 -1.33355 101.261
373 -0.904242 2.20591 114.747
374 67.9279 -0.318173 26.192
375 30.4807 114.205 70.491
376 -0.405762 33.3271 13.7707
377 51.1864 113.736 94.1927
378 1.7347 99.9298 76.6313
379 36.3769 114.114 52.8883
380 18.8202 114.372 83.0859
381 80.6019 113.762 31.4428
382 2.13225 111.502 56.1312
383 57.6208 79.6742 -0.834024
384 27.0581 114.071 92.2919
385 1.29895 51.708 42.8459
386 20.7489 115.002 14.2557
387 56.4036 27.6174 19.4139
388 6.63314 114.512 54.9413
389 43.9712 3.90826 -1.23591
390 113.23 25.5977 94.2552
391 35.7899 -0.083539 58.8938
392 114.856 51.9574 14.9109
393 113.577 70.9719 59.2332
394 0.77471 113.223 113.533
395 56.3915 2.06922 119.988
396 -0.0439643 10.9806 97.8679
397 0.340998 42.9935 102.158
398 52.8135 113.785 57.1803
399 71.2513 26.5462 120.294
400 2.14324 107.653 55.9002
401 1.97761 95.9844 56.1613
402 26.6133 -0.0608582 7.87683
403 0.185176 3.89505 50.4633
404 58.6436 45.4788 47.6732
405 0.588083 107.82 111.797
406 95.4472 113.456 113.491
407 78.1091 111.452 120.794
408 111.867 50.5181 -0.458901
409 76.3085 113.776 38.8231
410 1.25074 103.658 25.1705
411 113.762 76.0342 91.9528
412 1.466 63.8001 55.112
413 94.3432 113.785 32.351
414 1.02285 31.4204 68.19
415 113.867 106.3 63.7786
416 10.8648 -0.656593 113.497
417 49.4512 113.874 97.6852
418 44.2034 113.976 63.2002
419 3.98352 36.5949 120.189
420 12.1422 114.465 82.8155
421 50.5517 113.973 104.26
422 12.7508 0.616823 24.3622
423 11.3344 114.63 114.942
424 0.813991 56.7138 87.029
425 51.1142 21.6379 120.251
426 1.21344 74.7648 76.3033
427 10.0932 -0.0653408 89.006
428 33.3717 114.313 63.2525
429 114.019 89.2906 82.2393
430 113.448 68.628 44.2201
431 113.775 31.2112 96.6179
432 83.531 -0.39689 21.1694
433 39.6729 -0.237585 70.4715
434 31.5116 113.908 82.4992
435 4.4314 0.0297298 88.819
436 48.2443 113.862 46.4511
437 1.341 38.2669 -0.78465
438 86.3998 113.812 32.4894
439 40.1157 71.3611 -0.74392
440 25.0463 60.0678 51.9978
441 47.7455 -1.24984 105.488
442 15.939 73.6061 111.913
443 4.24395 64.6991 120.166
444 37.824 103.259 120.89
445 14.4548 86.6012 120.405
446 2.99944 70.8061 111.453
447 26.1147 -0.0656152 52.115
448 17.0971 56.0851 110.213
449 45.7508 59.3616 120.784
450 49.3684 73.8579 106.616
451 -1.066 5.69263 5.83046
452 44.7821 77.931 112.769
453 40.4407 82.7138 107.82
454 53.0806 84.044 120.823
455 0.00734447 66.215 14.9314
456 98.4566 113.491 63.6702
457 28.6945 62.2293 120.479
458 55.9417 59.7565 120.504
459 14.3071 74.3695 120.642
460 -0.250291 61.0266 109.376
461 78.3141 14.9371 120.322
462 44.4115 63.9857 120.728
463 44.396 51.8922 120.609
464 56.0192 63.7886 120.664
465 0.550499 56.3859 99.5006
466 20.1598 71.4714 120.481
467 39.3646 -0.0337033 17.498
468 3.12233 73.1845 108.938
469 0.796766 79.4932 98.0896
470 35.7927 60.4454 111.97
471 23.3862 114.317 76.9629
472 0.661915 111.344 119.346
473 29.4974 71.8475 114.673
474 25.5157 84.1082 110.757
475 114.229 92.3624 28.1338
476 35.1363 0.0542096 23.8493
477 23.0883 114.504 102.536
478 58.6996 72.9905 120.692
479 -0.483184 34.6372 119.02
480 58.21 113.846 101.948
481 59.0041 76.008 120.616
482 17.2885 74.8678 120.479
483 44.482 53.2106 103.989
484 4.4979 69.4132 111.31
485 0.195629 99.8403 111.945
486 30.3251 68.0025 108.266
487 60.3307 70.9549 120.613
488 41.6485 81.8149 112.727
489 19.7747 42.9305 120.197
490 114.848 110.137 34.9651
491 -0.348582 72.2189 110.302
492 20.0542 114.51 61.0803
493 27.5882 81.4723 120.601
494 13.4703 61.8982 106.504
495 68.1487 -1.32855 109.548
496 53.8179 114.852 3.83112
497 24.6946 77.2727 -0.798666
498 19.1137 93.3262 3.59727
499 46.2178 88.2068 -0.615307
500 21.3769 114.307 41.311
501 14.9734 103.042 11.7423
502 48.9065 95.0849 1.12394
503 10.7126 109.851 -0.390496
504 14.8582 94.5621 6.11771
505 34.846 104.504 -0.488957
506 35.6222 114.324 28.1332
507 0.725204 25.8492 -0.882175
508 6.5008 115.475 11.0441
509 115.078 52.6851 10.4065
510 27.7783 96.316 6.74799
511 114.673 89.8088 103.287
512 86.7114 113.937 19.7858
513 1.83927 96.0582 46.7615
514 11.827 96.5766 -0.425518
515 46.752 94.371 13.6323
516 27.2939 88.9538 3.24121
517 57.9759 110.011 14.4767
518 0.139711 97.9302 6.54728
519 17.3842 88.5735 -0.514431
520 1.4301 99.9617 25.3277
521 47.7278 102.627 13.3209
522 15.8133 101.486 -0.58062
523 0.158913 81.5966 109.204
524 59.4273 99.3024 10.5438
525 0.559529 65.0824 100.758
526 56.4444 114.841 7.73397
527 50.9113 114.783 5.03183
528 44.8206 86.2899 -0.699243
529 30.6501 94.6464 -0.628091
530 27.9404 92.7027 7.13445
531 13.6384 115.366 8.38767
532 12.7048 61.3828 120.554
533 10.814 114.326 71.6849
534 12.5144 -0.246505 97.4231
535 34.2213 114.309 42.4051
536 104.407 45.0765 -0.923637
537 113.682 63.9941 36.607
538 44.3195 113.973 52.7889
539 19.4995 114.571 112.691
540 1.17364 103.61 98.2671
541 98.8164 64.2615 -1.06333
542 73.6035 113.675 61.0379
543 0.689312 68.2124 25.9234
544 36.9589 114.148 37.844
545 115.284 82.7236 0.829161
546 25.99 114.203 86.7026
547 22.5675 114.885 21.8934
548 42.8955 113.889 86.6009
549 0.313966 -0.255629 111.026
550 14.1988 114.664 25.0924
551 25.0148 93.641 -0.685071
552 0.963865 25.3871 61.3639
553 66.6608 113.882 106.602
554 9.57577 114.555 65.01
555 72.5229 114.209 9.9437
556 55.2408 113.679 88.9281
557 17.2055 51.4797 120.298
558 1.33591 65.9637 45.1585
559 63.6849 113.849 45.4884
560 8.0036 114.63 41.6013
561 25.3827 114.455 119.4
562 46.661 113.839 80.1381
563 1.9445 111.519 68.3632
564 109.358 112.96 69.4971
565 1.01604 55.2323 38.0914
566 105.286 113.007 76.0244
567 60.9487 113.3 66.2334
568 95.0751 -1.15405 12.444
569 1.09116 88.181 76.2753
570 -0.681646 25.3999 10.4283
571 24.7456 114.359 61.7262
572 53.7532 114.296 20.8501
573 66.4501 113.811 57.4201
574 58.0614 113.379 78.9409
575 1.918 0.496727 80.9309
576 113.123 42.3614 64.2364
577 -0.079621 23.8388 17.0139
578 113.811 72.1042 79.2761
579 0.468212 110.495 14.7241
580 3.94168 114.933 18.6234
581 6.30642 0.203114 74.8237
582 102.383 113.329 119.546
583 -0.0150948 74.0315 10.3827
584 1.82861 107.183 81.9594
585 42.7924 113.97 77.4882
586 0.794364 59.4166 93.8431
587 38.4778 114.069 44.0814
588 1.21917 90.755 93.4674
589 28.2947 114.144 104.261
590 71.8652 113.598 74.8367
591 1.05676 92.5757 99.8755
592 36.6025 115.122 0.760789
593 46.967 113.551 71.8873
594 113.88 95.9681 66.5906
595 0.725821 101.063 106.052
596 112.354 94.3221 -0.254028
597 17.9861 114.949 14.5299
598 -0.718186 10.7712 106.935
599 42.2725 114.122 115.346
600 -0.0377585 83.5846 12.3315
601 0.593209 100.155 16.5994
602 113.397 80.4327 58.2
603 -0.0447118 71.416 115.626
604 21.1777 -0.178958 93.2422
605 17.1951 114.135 91.1351
606 21.5373 114.549 35.8291
607 27.2689 114.373 45.6194
608 32.0906 104.77 -0.222239
609 30.2383 114.086 67.331
610 99.4361 112.012 120.594
611 1.89805 109.213 75.4629
612 38.567 114.098 88.8629
613 70.8419 113.892 63.7285
614 99.0393 87.823 120.558
615 108.36 113.03 75.9116
616 1.20159 70.6304 84.8113
617 3.40615 106.851 120.597
618 16.8454 31.9722 -0.914509
619 79.5249 113.237 102.687
620 45.4298 113.949 98.6939
621 28.0053 114.061 98.4662
622 81.6656 113.522 50.6049
623 12.5716 60.9326 -0.942749
624 45.2363 108.56 120.837
625 7.88838 113.288 120.761
626 39.094 89.5836 103.994
627 13.566 102.343 98.9075
628 24.1678 94.2992 116.786
629 0.870263 113.403 18.6232
630 43.6851 114.906 10.7455
631 0.207135 89.4635 101.492
632 3.22891 96.118 120.572
633 54.0177 110.287 108.839
634 14.745 91.8854 120.741
635 64.4271 113.907 104.698
636 1.00946 107.693 102.87
637 6.38571 103.982 -0.314747
638 46.3977 94.3844 120.751
639 32.2645 104.01 120.979
640 20.5282 87.434 120.657
641 46.8518 114.222 110.415
642 114.928 62.1573 8.80797
643 3.60878 114.507 46.5469
644 15.3302 106.6 114.77
645 -0.828572 27.028 0.519595
646 47.4695 80.0088 120.78
647 2.47048 114.283 102.539
648 0.940929 32.7935 75.2074
649 15.828 114.731 57.1494
650 13.4688 104.883 120.827
651 90.6459 -0.760239 18.966
652 38.9844 102.812 -0.565619
653 33.6579 100.661 120.8
654 30.4369 84.8085 120.559
655 0.894469 49.5941 31.2408
656 0.653246 1.61077 73.615
657 33.5194 105.099 111.825
658 0.900941 53.3083 91.7844
659 41.494 91.9575 114.869
660 46.6047 109.231 109.799
661 8.9378 77.2314 101.764
662 17.5228 104.0 120.858
663 1.34111 103.598 94.367
664 15.8771 88.5 120.639
665 23.6268 106.602 106.934
666 35.0839 114.143 114.452
667 5.99888 83.5564 -0.608564
668 42.7577 81.8218 114.899
669 12.1816 94.5636 114.921
670 112.332 0.379795 66.1971
671 22.1074 -0.00270633 2.20059
672 80.6559 0.422126 -1.25413
673 99.8344 9.30798 4.58438
674 69.8814 29.2464 -1.1502
675 85.5942 26.766 -0.935518
676 44.0987 9.28858 -1.07579
677 114.12 12.0589 13.9387
678 95.9033 39.1471 10.8866
679 87.6276 33.3663 19.122
680 97.3516 6.94995 2.77643
681 89.7036 19.9158 11.4747
682 79.0509 -0.739561 56.2297
683 74.1628 27.089 -0.950995
684 89.0902 -0.582136 24.0632
685 89.6887 12.7562 -1.19595
686 76.2168 113.678 46.2474
687 113.667 2.11709 103.142
688 79.5476 11.2516 6.8677
689 95.4932 6.88364 18.9532
690 113.517 29.8052 29.376
691 87.2724 -0.887271 66.5699
692 95.0623 12.83 -0.984915
693 95.4059 19.576 20.3516
694 66.8189 10.5611 6.04049
695 70.8515 33.4204 10.8458
696 76.9741 25.6773 -1.15644
697 84.0486 22.9682 13.2281
698 78.0173 -1.55859 110.222
699 98.2555 31.4947 3.18321
700 114.448 107.927 36.9159
701 3.61178 0.214957 70.4477
702 113.441 25.8608 29.4368
703 113.586 55.0493 64.9641
704 99.0597 72.2815 -0.747239
705 114.713 25.8395 0.371674
706 60.0045 4.81446 120.108
707 0.687041 16.885 65.4289
708 33.7339 112.991 120.823
709 31.0142 -0.325714 100.003
710 114.548 66.6603 94.6247
711 88.0198 -0.565762 1.83865
712 106.949 113.497 39.0956
713 115.379 100.517 10.6413
714 113.273 59.4835 56.974
715 113.004 11.4316 83.188
716 101.036 -0.91444 47.7861
717 60.7306 -0.368976 15.4445
718 49.4018 -1.33312 114.553
719 114.57 99.6052 22.4885
720 112.695 12.3072 78.6589
721 114.008 7.87942 9.94807
722 61.5913 37.5532 -1.22097
723 91.4298 114.602 3.64657
724 72.673 114.33 15.6358
725 114.649 92.2317 23.9726
726 62.8188 46.0487 120.609
727 0.294122 36.4264 75.5048
728 75.338 -0.775455 19.7903
729 23.4313 -1.09131 110.173
730 0.46562 114.242 3.05811
731 69.3649 93.927 120.881
732 50.0029 53.0665 120.614
733 108.68 -1.20932 62.8681
734 115.117 98.1802 17.639
735 6.60008 24.9849 119.805
736 53.514 4.98774 120.087
737 106.671 113.77 18.7948
738 73.2187 -0.586174 86.6061
739 114.249 9.67669 4.30288
740 105.208 -0.966192 68.6819
741 103.551 -1.11286 97.528
742 83.073 113.721 70.584
743 114.508 31.2847 109.307
744 25.398 24.7653 105.721
745 89.1356 -0.898508 86.036
746 92.0734 -1.0848 94.6637
747 114.986 45.6836 4.07231
748 10.5355 -0.0904124 62.988
749 83.4233 -0.816352 90.0595
750 65.0916 -0.830713 82.2845
751 114.876 82.7081 16.193
752 27.2385 -0.331474 64.4532
753 28.1341 -0.28439 95.3556
754 3.57878 0.269145 52.6182
755 0.765665 -0.557921 118.235
756 113.374 57.8677 81.1661
757 2.05565 103.251 47.5757
758 25.5191 -0.131778 91.164
759 9.23913 0.0664028 69.276
760 87.2505 -0.831619 75.2039
761 113.537 0.0472472 99.8879
762 70.4038 -0.53331 40.4531
763 113.754 69.4435 85.1635
764 49.5746 -0.184784 37.0134
765 1.29643 55.3057 67.9397
766 43.5535 0.239563 120.079
767 111.041 113.144 53.072
768 90.7831 -1.18186 101.028
769 49.59 -0.0782595 49.6323
770 26.6606 -0.559545 101.935
771 110.815 -0.960476 50.208
772 59.3924 -1.33491 113.53
773 86.8708 30.0769 113.933
774 82.7928 37.2659 120.467
775 98.5939 14.4093 114.237
776 102.621 21.4315 119.877
777 73.8559 18.0257 120.246
778 106.889 22.9621 119.473
779 31.114 -0.376647 91.1553
780 49.3049 15.0773 120.284
781 106.091 -0.970843 93.169
782 96.2631 -1.33626 95.2783
783 110.837 -1.80826 116.555
784 75.3609 11.0896 120.167
785 80.8564 22.8811 120.431
786 66.6457 10.865 119.97
787 1.7986 0.0307995 92.7321
788 95.4755 -0.601826 62.1189
789 85.5214 21.2351 120.31
790 95.2894 -0.895922 56.5961
791 108.411 30.831 116.598
792 82.9653 24.5865 108.42
793 85.4485 24.7188 108.255
794 92.8011 24.0096 120.078
795 114.377 33.8348 12.4049
796 62.1424 9.00812 120.0
797 56.5529 -1.51032 112.327
798 113.04 20.481 103.973
799 56.3527 -0.713488 95.507
800 106.308 10.322 108.126
801 42.7091 19.3376 -1.27877
802 114.3 23.2881 117.126
803 56.3546 80.815 -1.05773
804 114.43 15.2601 109.057
805 8.71588 60.2952 -0.790461
806 95.166 10.83 120.161
807 92.4825 7.77515 120.12
808 85.9375 32.8563 120.505
809 84.3522 22.5742 112.478
810 60.931 14.2083 92.675
811 12.23 -0.0370612 69.1467
812 63.9579 16.1857 120.347
813 107.454 -1.26188 96.8185
814 106.676 15.2352 103.167
815 92.4064 63.5835 27.3392
816 87.3274 53.8602 2.628
817 28.0109 114.889 8.70948
818 110.115 113.33 35.1117
819 96.8184 26.2325 -0.900358
820 101.657 51.4841 11.2687
821 52.6617 114.012 50.0428
822 112.786 20.2112 49.4246
823 100.306 49.9361 11.6031
824 81.4073 34.7371 14.5489
825 105.221 -0.959431 56.0049
826 97.4494 45.7365 -0.748907
827 10.4009 114.85 28.6849
828 78.5919 40.1288 -1.0059
829 77.022 33.2683 14.7773
830 54.1652 36.7564 5.60669
831 71.6053 44.2361 10.4726
832 68.2599 49.7411 13.0654
833 113.687 66.4122 34.3975
834 83.0511 54.5051 -0.862306
835 113.317 38.6765 46.2154
836 75.1225 43.7242 11.0388
837 112.395 0.693208 -1.0073
838 104.08 -0.73724 35.0498
839 66.9989 36.122 -1.23955
840 103.847 -1.76095 111.425
841 59.0265 68.6707 -0.735877
842 91.128 -0.847836 58.5874
843 82.9915 113.385 57.3726
844 114.072 50.1807 20.68
845 75.9007 36.9386 -0.817718
846 88.3713 -0.633958 42.7286
847 113.934 10.7288 21.6116
848 67.3495 54.9405 18.3349
849 114.316 54.8876 103.875
850 13.7726 0.191849 9.06261
851 64.4152 33.5313 7.22226
852 75.5167 27.6408 3.06138
853 78.8551 52.5105 7.8271
854 70.116 45.4121 15.5192
855 43.9358 85.9205 120.954
856 76.3348 39.8085 -1.18444
857 101.685 61.0823 15.8075
858 29.9885 0.165415 42.6672
859 72.4176 86.7478 -0.55302
860 6.31958 103.095 120.624
861 90.0706 -0.885801 78.0827
862 114.083 108.414 41.0287
863 17.1742 -0.131577 86.9702
864 60.9569 -0.335582 42.7792
865 64.0247 32.5786 120.498
866 14.5523 -0.0122855 52.5878
867 0.309516 9.99383 69.2243
868 1.80364 111.513 50.965
869 113.645 50.1177 29.9695
870 112.377 0.381135 44.1236
871 82.9103 -0.676906 77.4032
872 115.132 49.9969 12.4435
873 105.651 113.893 8.36942
874 11.9131 71.8725 120.532
875 92.8673 113.191 74.0339
876 84.5444 113.633 56.413
877 94.398 113.133 74.6589
878 46.6038 -0.405863 84.7002
879 90.5204 -0.495223 27.6213
880 112.9 25.7656 42.3961
881 113.218 29.506 77.1679
882 114.804 43.1434 116.917
883 0.740342 27.0005 76.245
884 113.642 71.8707 84.039
885 28.1431 0.0465223 26.2456
886 30.7778 -1.0216 116.454
887 107.8 1.47462 -1.07819
888 115.252 90.5451 8.8656
889 114.895 37.5126 0.999196
890 114.057 29.4803 20.4587
891 32.7729 11.9147 47.4207
892 111.931 113.014 74.0111
893 1.45161 85.0483 70.4334
894 113.46 65.6798 72.3102
895 91.596 112.953 88.6632
896 100.995 94.6676 -0.158215
897 73.2802 59.7831 30.2751
898 89.7572 0.602751 -1.28321
899 52.3699 -0.471043 86.0837
900 1.88681 0.672584 47.2591
901 94.9518 99.1272 120.835
902 113.927 52.1805 23.7038
903 90.0108 37.4435 15.1304
904 113.308 7.16003 95.24
905 -0.282789 7.68136 89.8902
906 1.40692 77.5656 40.292
907 102.778 -1.07831 37.5153
908 38.3434 -0.0535885 51.1808
909 113.787 34.4865 24.7545
910 101.356 -0.803216 30.9809
911 113.477 44.561 44.3828
912 0.921513 41.7553 73.9226
913 113.822 104.134 61.6058
914 55.3461 16.0944 -1.27338
915 102.6 113.92 0.970976
916 115.215 88.4449 114.025
917 111.365 113.864 1.07207
918 96.0173 -1.18706 88.4084
919 79.1226 -0.854308 92.4332
920 112.872 29.8436 50.4561
921 97.7012 -0.925899 20.7053
922 112.97 11.8804 31.8247
923 2.89333 114.399 97.9893
924 94.618 113.252 96.1734
925 113.256 40.6209 31.0589
926 113.854 65.4562 97.7141
927 23.77 21.2121 -1.15465
928 111.777 46.1443 120.189
929 58.0371 -0.646022 84.6957
930 51.0992 113.405 120.895
931 96.0317 -0.717617 30.6898
932 113.614 10.3289 16.7601
933 69.2502 -0.906031 84.5785
934 113.906 76.8794 101.73
935 0.49286 5.46706 36.0217
936 54.8622 62.1668 19.4292
937 113.609 19.99 22.3628
938 80.169 -0.64385 71.7249
939 80.4404 -1.06838 95.0137
940 -0.929657 2.53915 118.41
941 57.2373 50.341 15.6266
942 114.462 17.6699 0.429388
943 65.3739 26.3747 120.452
944 73.7125 30.6891 114.589
945 63.4151 92.4559 -0.679401
946 95.8593 52.1893 120.409
947 22.2856 113.196 120.857
948 97.1115 34.0469 120.317
949 80.0255 48.7142 113.119
950 107.411 52.3174 120.31
951 110.066 32.0836 120.179
952 69.3555 41.0257 112.447
953 24.4405 -0.06436 47.1434
954 115.053 52.2023 2.13218
955 75.8487 43.2023 104.059
956 92.6602 -0.630422 44.8673
957 58.8046 51.6976 120.57
958 108.401 112.866 84.5074
959 101.385 54.9797 104.247
960 104.902 32.4817 112.365
961 63.7112 34.8475 108.634
962 77.8366 -0.91721 77.0924
963 105.47 113.396 45.836
964 0.692534 21.2176 35.7021
965 90.1573 46.1329 118.212
966 52.3436 -0.431788 81.7149
967 88.7396 113.322 58.6687
968 0.234714 2.152 66.1778
969 90.7201 46.8645 114.452
970 88.581 37.9749 111.51
971 112.851 25.6011 59.583
972 113.911 112.031 107.143
973 86.6902 -1.73152 111.404
974 112.535 5.43694 37.3913
975 89.8617 35.1911 111.122
976 0.0166848 29.5312 18.2129
977 54.3344 48.7039 110.129
978 84.0546 24.3214 120.382
979 81.3259 35.3182 120.436
980 0.328294 102.81 6.69564
981 87.1791 43.3378 120.448
982 64.1027 34.3322 105.374
983 112.366 -0.808617 8.47067
984 109.57 -0.94711 83.6349
985 92.7027 48.685 110.408
986 110.985 104.659 120.777
987 75.7423 36.1452 103.716
988 42.4039 14.0056 120.01
989 94.0059 18.5417 114.205
990 93.4214 72.9603 -0.477707
991 73.2527 66.3086 5.42508
992 74.9608 81.3161 10.134
993 81.8965 84.6195 -0.711617
994 115.175 53.7368 7.99317
995 113.26 11.8701 95.35
996 45.5036 113.77 74.0588
997 0.213938 83.304 16.1653
998 108.186 9.6837 -0.961217
999 105.246 113.213 103.096
1000 94.7038 63.1664 -0.895538
1001 101.806 72.1484 -0.674575
1002 78.3631 63.8336 9.03844
1003 70.3939 65.356 -0.764185
1004 63.8144 86.5926 9.21238
1005 80.5118 81.6785 13.6815
1006 104.053 90.8475 120.734
1007 115.048 66.5625 16.3293
1008 97.6937 66.9293 -0.598598
1009 111.841 61.9821 -0.699561
1010 102.044 69.1706 -0.747976
1011 81.7325 62.7832 9.83709
1012 113.651 45.6368 93.967
1013 106.277 66.1576 -0.760791
1014 56.4763 72.3644 15.1445
1015 115.166 80.269 3.13412
1016 85.8482 75.6855 21.5189
1017 90.5722 76.4722 -0.706543
1018 31.6833 114.153 59.5187
1019 54.9686 92.0724 11.6793
1020 85.8794 113.366 45.7397
1021 63.7431 78.3979 9.03705
1022 89.1703 83.3581 -0.63865
1023 82.9698 63.8275 13.3223
1024 97.7322 73.6222 7.14567
1025 109.284 66.2041 -0.570845
1026 106.847 53.3876 -0.887317
1027 115.035 74.4662 20.5926
1028 61.2562 114.01 37.0048
1029 84.6266 67.3476 14.6983
1030 86.1297 90.4498 -0.705686
1031 88.0744 67.7539 3.05757
1032 31.3953 114.42 34.8567
1033 64.5733 69.6706 3.4304
1034 69.1817 76.413 14.8178
1035 83.4972 63.7413 9.1191
1036 61.902 82.0561 -0.781798
1037 74.7368 70.5836 -0.832184
1038 95.9097 73.5813 -0.798229
1039 76.363 83.1174 6.48191
1040 114.867 44.2625 9.98011
1041 104.711 71.1788 14.9585
1042 108.24 113.881 5.12408
1043 114.97 106.486 20.8041
1044 84.2662 49.7847 13.3039
1045 51.1336 114.422 17.5332
1046 90.4232 113.302 82.5799
1047 44.4455 51.7813 73.9315
1048 112.988 6.21837 80.6203
1049 92.9114 113.628 63.8813
1050 83.6058 -1.3838 103.294
1051 97.696 113.125 88.8813
1052 76.5949 113.782 24.7403
1053 15.7289 64.2077 45.8276
1054 90.7661 113.758 24.8356
1055 93.0596 113.284 82.4008
1056 86.518 -1.1019 97.5601
1057 39.7958 -0.112127 26.284
1058 66.5684 113.75 70.2721
1059 89.331 113.821 23.7851
1060 -0.355306 48.1987 0.751751
1061 80.467 113.571 44.3312
1062 17.2453 114.381 95.5958
1063 96.9873 113.213 45.7214
1064 105.318 -1.00359 73.2254
1065 102.388 -0.949875 71.7663
1066 33.5492 56.0111 84.7698
1067 46.779 -0.337596 63.252
1068 115.717 111.667 18.7121
1069 115.365 104.153 117.832
1070 0.451655 106.797 6.78883
1071 59.4699 114.42 16.2995
1072 91.9464 113.422 104.904
1073 78.0548 33.4425 78.2682
1074 0.901414 21.2919 119.659
1075 41.2077 28.603 120.218
1076 95.3206 114.393 6.45655
1077 93.4215 77.522 -0.618526
1078 0.0237656 87.3725 118.941
1079 75.4953 36.2229 120.517
1080 12.1205 -0.581103 118.602
1081 27.6656 -1.15594 117.403
1082 110.981 4.55298 120.042
1083 5.16901 114.56 111.313
1084 88.4986 -0.71618 50.1079
1085 114.376 78.4538 25.7703
1086 72.1658 113.825 49.8224
1087 36.8306 115.074 13.268
1088 105.889 41.8176 -0.691196
1089 101.075 8.85147 -1.36556
1090 6.28474 0.441363 69.3978
1091 0.572583 12.6196 73.7583
1092 71.5076 43.261 -1.02585
1093 3.62611 115.452 6.14207
1094 63.6794 110.194 121.06
1095 90.6241 -0.997846 13.2682
1096 60.9826 114.152 27.0564
1097 90.1825 52.1656 120.462
1098 113.031 10.5091 33.2864
1099 50.4454 96.2851 120.857
1100 -0.316871 32.0807 16.8203
1101 0.848483 66.5219 97.8004
1102 115.64 102.573 12.8614
1103 91.9606 67.108 -0.740496
1104 113.489 51.2502 92.5
1105 103.931 102.576 -0.553053
1106 113.576 55.6115 88.0159
1107 68.2746 114.025 63.5607
1108 102.524 17.6719 120.224
1109 104.477 -1.3145 91.0815
1110 84.6201 -0.433375 69.5075
1111 104.817 113.368 26.1625
1112 46.8171 45.8268 104.224
1113 115.544 88.1744 11.1555
1114 86.3691 113.416 100.651
1115 114.155 25.3339 119.648
1116 30.1566 24.0159 19.2083
1117 1.00014 60.4067 50.1263
1118 54.0322 11.1584 -1.15026
1119 73.5722 97.4761 120.882
1120 52.4523 113.767 80.0737
1121 18.8525 114.344 80.0614
1122 90.5032 113.647 29.2372
1123 28.1475 114.585 33.2321
1124 17.0765 0.423956 26.3581
1125 66.8217 113.917 28.2284
1126 76.453 100.378 120.789
1127 32.9866 0.0825751 32.4662
1128 100.333 71.1635 110.462
1129 86.0557 86.9548 120.752
1130 111.55 28.6478 120.213
1131 110.365 61.4389 109.638
1132 75.9775 66.5981 110.16
1133 115.279 100.713 14.6636
1134 67.2683 59.8727 107.716
1135 113.475 41.2404 67.5523
1136 44.8128 72.7628 120.71
1137 60.3177 65.7803 120.686
1138 107.589 83.5123 120.543
1139 90.163 64.475 120.623
1140 84.9246 113.436 94.5341
1141 79.0145 83.9827 120.646
1142 74.9118 82.0243 103.088
1143 115.076 64.3958 112.961
1144 65.0209 -1.04471 99.7201
1145 101.591 59.3661 120.41
1146 96.0042 67.5359 120.703
1147 75.8659 68.9091 120.678
1148 62.3748 1.88449 -1.50208
1149 81.8128 76.6044 120.612
1150 108.116 -0.67266 30.2202
1151 108.106 70.9524 108.42
1152 62.2754 113.808 76.6627
1153 109.632 -0.179699 120.115
1154 47.2054 57.0091 120.424
1155 68.9433 73.3121 100.797
1156 64.578 83.972 120.806
1157 105.758 77.0705 106.53
1158 101.492 113.512 43.7342
1159 115.421 92.5362 109.215
1160 80.2548 69.779 120.505
1161 83.129 -0.49771 28.6877
1162 76.3236 113.684 55.0088
1163 58.1322 27.6351 120.159
1164 101.773 76.0758 120.543
1165 113.18 7.80066 91.9006
1166 113.279 72.1917 115.179
1167 11.4649 72.5702 -0.598844
1168 8.06672 114.658 119.272
1169 84.5497 73.1613 106.667
1170 108.981 58.9894 -0.572555
1171 84.3777 56.6179 120.531
1172 69.0814 70.9353 120.596
1173 1.56416 86.1291 84.0876
1174 73.0011 59.6444 120.366
1175 88.8836 80.543 117.533
1176 106.074 112.921 93.2467
1177 79.7299 114.334 12.016
1178 114.182 109.576 81.9117
1179 101.212 113.957 3.14969
1180 112.982 20.041 58.0181
1181 113.473 41.5734 80.4773
1182 102.963 101.963 3.51232
1183 98.0647 78.0876 -0.801966
1184 50.8417 -0.281102 78.449
1185 58.1058 104.24 -0.51008
1186 82.6424 104.948 -0.507418
1187 75.2204 103.549 4.29114
1188 115.391 92.7207 10.7469
1189 86.7937 114.266 10.9642
1190 76.4018 96.8076 -0.631667
1191 72.1236 106.741 11.7464
1192 18.8121 66.1689 -0.682668
1193 89.8758 -0.990685 47.8878
1194 96.7958 101.764 -0.283757
1195 91.3707 109.865 -0.371685
1196 85.1473 113.835 111.51
1197 93.8725 105.886 -0.516374
1198 18.3311 114.836 24.0928
1199 103.878 113.493 50.7953
1200 90.6391 91.8223 11.1804
1201 63.9002 114.53 6.00401
1202 93.6862 88.5087 -0.664233
1203 115.735 108.58 10.8273
1204 116.044 92.8792 114.53
1205 18.2887 21.9821 -1.33156
1206 45.1934 113.483 -0.44714
1207 99.3948 95.3869 6.98761
1208 104.075 107.423 -0.424961
1209 69.381 104.14 -0.616899
1210 112.613 113.716 11.4479
1211 92.326 89.8664 11.295
1212 62.0344 110.566 -0.665038
1213 99.2077 113.219 98.6553
1214 89.5694 114.402 1.95591
1215 63.885 -1.40849 110.274
1216 95.1167 86.4357 -0.521197
1217 52.325 113.925 44.4209
1218 56.6214 113.849 39.0087
1219 112.957 32.3893 53.5286
1220 113.688 95.5077 69.915
1221 28.3268 114.622 24.6216
1222 80.6263 113.767 35.7194
1223 116.058 98.0215 1.46097
1224 115.506 100.173 2.96459
1225 113.686 43.8246 100.159
1226 84.1219 44.3712 -1.02139
1227 103.815 113.224 65.1375
1228 85.7919 -0.65197 37.0674
1229 114.084 100.618 58.6024
1230 11.8933 114.402 78.2971
1231 115.388 94.2534 115.186
1232 47.9353 6.98509 -1.27552
1233 98.374 -1.08303 61.1019
1234 102.767 25.8239 120.362
1235 110.756 113.073 116.349
1236 113.849 77.6631 37.6016
1237 1.48274 91.262 29.0569
1238 12.0401 114.383 106.347
1239 76.4733 104.462 120.558
1240 86.082 66.6249 -0.865548
1241 105.339 113.049 70.3217
1242 102.917 -1.28539 88.7417
1243 113.28 76.0123 53.5325
1244 38.0716 114.095 101.789
1245 114.566 18.1453 4.50484
1246 113.28 39.5836 69.846
1247 113.61 83.8221 66.981
1248 47.903 114.337 26.0816
1249 43.7846 113.747 101.66
1250 49.6972 113.861 67.1429
1251 115.268 84.6458 6.57976
1252 115.597 111.566 109.685
1253 0.371663 13.7937 35.2986
1254 84.5868 113.269 91.2009
1255 112.993 36.0944 53.0602
1256 100.847 89.5146 120.567
1257 76.0702 113.672 50.9125
1258 113.601 52.3852 61.3767
1259 53.9784 113.7 -0.472586
1260 96.8695 113.935 16.4587
1261 113.79 99.9112 70.9258
1262 2.1231 113.302 62.0722
1263 49.5622 114.287 31.4027
1264 115.303 89.7366 17.8927
1265 49.5883 113.934 52.7881
1266 59.5631 21.4486 120.17
1267 113.353 3.87501 22.9898
1268 56.7382 113.743 60.9794
1269 16.3287 114.181 78.6338
1270 9.25511 114.421 86.748
1271 114.228 81.9256 98.1595
1272 70.8096 113.911 39.2389
1273 115.401 90.3088 12.8582
1274 25.8124 114.091 72.4407
1275 108.213 113.094 112.37
1276 91.8909 113.323 97.6375
1277 100.125 113.578 36.9506
1278 53.8688 113.588 85.6512
1279 72.5964 114.326 22.3658
1280 57.8738 113.83 57.3174
1281 109.831 112.901 65.154
1282 59.3697 108.516 120.881
1283 94.1882 113.397 67.2475
1284 112.824 30.9452 120.109
1285 1.63136 105.526 87.5567
1286 115.115 62.6723 12.3831
1287 52.6932 113.737 61.6232
1288 1.55196 113.488 88.3726
1289 76.3607 113.811 30.4575
1290 113.845 88.0176 -0.181033
1291 1.73346 67.3641 59.2613
1292 114.927 106.419 102.638
1293 113.024 112.542 89.4907
1294 111.005 113.16 41.4776
1295 113.265 39.938 39.8445
1296 27.9892 114.623 17.5821
1297 26.1805 114.216 56.4864
1298 102.673 113.556 54.1686
1299 90.5659 84.6863 111.491
1300 78.9464 95.5149 109.053
1301 107.843 97.8178 114.012
1302 78.1059 113.645 113.361
1303 74.9124 82.8688 108.104
1304 86.451 109.678 116.84
1305 91.8739 81.7217 120.631
1306 49.4377 104.632 -0.447165
1307 41.3541 113.765 88.9356
1308 113.874 100.154 62.5255
1309 108.047 107.694 120.852
1310 114.467 109.389 85.8423
1311 74.9533 113.825 114.581
1312 109.388 100.637 105.361
1313 73.4893 103.999 115.161
1314 90.9498 108.115 120.682
1315 102.897 82.7811 120.817
1316 74.9263 94.4505 107.441
1317 105.034 101.539 117.071
1318 59.4356 113.834 107.366
1319 36.6049 113.881 98.726
1320 90.2849 99.6767 121.017
1321 114.53 72.2539 105.994
1322 103.324 88.3732 109.734
1323 73.8764 107.277 110.386
1324 38.4788 114.014 75.9636
1325 0.167927 34.9665 97.6474
1326 115.187 97.8196 115.333
1327 113.491 33.5288 90.0596
1328 113.983 113.04 119.301
1329 72.3312 110.329 120.975
1330 60.9739 114.052 117.413
1331 95.6057 113.462 68.3435
1332 90.8373 113.713 115.377
1333 58.9769 89.3765 120.843
1334 105.813 92.9417 108.858
1335 55.0645 114.118 106.1
1336 89.1924 96.9294 110.048
1337 69.3121 99.2791 120.662
1338 40.2036 113.905 60.816
1339 61.9266 47.5163 54.3185
1340 80.2558 86.8612 120.747
1341 67.8748 113.783 50.8332
