0 33.8803 -0.688889 105.766
1 9.34195 0.19718 0.218631
2 6.91773 10.1165 7.12506
3 -0.865301 1.76221 5.65056
4 113.6 61.5169 52.145
5 7.70162 -0.128088 88.6926
6 0.76212 9.10475 -0.902725
7 43.8143 27.9413 6.82072
8 14.17 -0.00906127 4.98969
9 39.7095 15.1049 -1.03198
10 -0.695975 31.2401 118.978
11 52.566 114.004 40.6397
12 45.7139 30.2279 -1.10454
13 41.1793 16.1767 -0.999826
14 110.886 -1.5383 103.976
15 9.03738 28.2954 -1.11925
16 63.4523 -0.354777 58.953
17 -0.574303 19.3638 0.29538
18 38.3966 29.578 -1.03709
19 30.0947 9.7392 -1.37343
20 45.2352 114.888 9.1842
21 0.908516 45.2902 120.016
22 13.5522 2.44724 -1.40763
23 -0.194375 11.6141 20.3255
24 39.57 -0.217597 2.36523
25 24.4521 -0.0790462 33.9189
26 62.4709 17.224 10.6416
27 53.8753 6.32481 -1.10045
28 63.5697 114.069 28.232
29 114.169 -0.500249 116.993
30 2.05912 101.369 75.2732
31 82.1583 76.4484 -0.820619
32 27.014 40.6911 -1.15994
33 -0.908735 35.3327 0.294405
34 34.4315 -0.214159 79.7055
35 29.1725 95.9069 121.098
36 0.813454 33.403 35.9066
37 48.2376 -0.284827 47.8311
38 43.7838 -0.329611 90.3636
39 2.33362 114.35 102.86
40 29.5238 -0.0719966 16.8157
41 112.608 9.79521 68.0136
42 60.9222 -0.264549 58.7832
43 48.3789 113.851 56.3901
44 24.45 0.176606 42.0175
45 13.0409 -0.128001 60.2249
46 63.5613 -0.500997 16.9574
47 114.529 30.1302 12.2098
48 0.151324 35.1064 20.2632
49 114.629 31.6981 2.62448
50 -0.0109955 5.4433 26.5483
51 1.26392 41.8055 -0.593662
52 -0.836493 2.08981 13.2626
53 72.4534 8.02871 120.32
54 -0.908693 6.63564 118.61
55 80.8284 -0.67943 20.1848
56 0.983401 57.8094 28.1634
57 -0.867591 19.1772 4.45359
58 45.5355 0.0141606 53.3659
59 6.68293 1.92531 -1.24783
60 51.9711 0.243538 120.33
61 114.955 46.2066 12.4783
62 18.9738 -0.0152789 41.4589
63 81.0239 -1.06694 99.1305
64 114.621 33.0817 17.7328
65 0.572613 111.722 17.6141
66 23.057 -0.130943 53.255
67 46.7823 0.0667258 33.8709
68 1.78528 113.693 35.5715
69 100.017 113.21 71.7706
70 110.798 -1.02585 54.3493
71 30.6228 10.3118 120.368
72 114.041 100.64 120.424
73 45.7035 0.0479792 57.8137
74 14.5879 0.1567 34.8201
75 27.2218 114.632 31.3439
76 0.0541906 33.7765 106.017
77 86.4898 -1.09422 97.4973
78 0.774703 8.93695 62.3693
79 51.0303 -0.349706 82.6225
80 69.5662 -0.988291 99.2199
81 68.8279 -0.376755 41.4141
82 70.5372 -0.874028 71.023
83 20.1193 71.1196 -0.972843
84 54.9799 -0.785059 102.239
85 23.7965 -0.143277 32.3513
86 29.1567 8.379 120.225
87 -0.463778 5.01556 105.129
88 112.798 9.54244 64.3724
89 90.0539 -0.703368 79.6301
90 -0.249242 4.4688 32.914
91 13.4458 0.0459975 67.2961
92 113.006 5.87811 46.216
93 0.360575 38.5337 98.0397
94 100.729 90.5587 120.608
95 15.4271 -0.434251 98.9989
96 108.917 -1.24627 77.753
97 76.4115 30.5204 120.714
98 -1.83844 4.01098 0.976253
99 1.06429 27.4296 76.4721
100 7.58025 0.211749 54.3468
101 14.9083 7.75367 120.106
102 69.0812 -0.401035 46.1147
103 105.179 -1.07719 67.4923
104 112.508 3.40783 69.9469
105 54.9445 -0.1556 51.5123
106 101.264 11.8753 120.245
107 10.1399 114.023 97.6509
108 31.264 19.6048 -1.03817
109 7.8849 -0.504435 112.315
110 111.198 113.135 82.9301
111 39.4189 -0.811972 100.572
112 43.6045 15.1297 108.28
113 -0.228337 67.3759 111.655
114 21.7232 15.2396 108.277
115 3.48572 0.710302 119.939
116 47.0065 -0.254502 62.8867
117 29.1329 3.32812 120.292
118 9.36505 24.2721 120.293
119 6.14048 -0.49635 106.434
120 29.2484 0.399906 120.039
121 57.9795 -1.18266 118.936
122 17.5627 7.76583 120.269
123 -0.271212 13.9777 19.0802
124 114.213 104.171 31.7333
125 22.6309 -0.0310095 49.47
126 0.595405 0.485446 3.23183
127 46.7285 15.6718 107.587
128 42.1464 6.93806 106.06
129 32.5 20.4774 115.392
130 10.7936 0.124312 64.21
131 6.75148 25.268 107.841
132 20.9976 9.75322 109.627
133 29.5667 23.6039 120.193
134 42.6191 31.6384 112.908
135 39.6513 14.2432 120.457
136 92.2148 -0.854877 21.2026
137 46.6697 11.2717 110.888
138 50.6728 -0.124039 34.8705
139 25.2954 20.0239 104.78
140 36.2891 5.19693 120.212
141 31.4079 -0.257652 62.2827
142 38.03 6.43714 113.552
143 34.0656 8.72849 116.532
144 17.9862 -0.737275 106.38
145 7.55238 5.59792 120.164
146 23.3813 -0.894599 115.699
147 14.0403 17.5543 120.559
148 3.66186 17.2445 120.187
149 -0.641614 26.7118 103.202
150 59.4543 -1.05612 104.342
151 45.3852 1.06508 120.429
152 37.868 8.36627 120.365
153 12.3565 20.9464 120.349
154 32.3083 -0.0880236 19.6911
155 3.16453 114.475 30.832
156 73.9038 -1.27296 105.627
157 55.1446 0.00706212 42.6919
158 13.134 50.5806 13.1056
159 45.906 58.938 15.9997
160 7.86896 6.29138 -1.16258
161 76.2532 -0.424068 30.4497
162 34.1403 39.9947 -1.21502
163 22.8595 50.4322 5.02563
164 48.4175 38.464 -0.970511
165 1.59167 72.1377 38.9884
166 36.8769 35.722 -1.01903
167 10.5506 0.017891 80.5284
168 25.0672 54.4329 10.9984
169 26.9091 25.3198 -1.29676
170 38.6623 49.9611 7.59262
171 1.08099 21.5215 66.2587
172 65.1451 -0.475948 56.7466
173 3.76747 48.7057 7.38673
174 72.3692 112.319 -0.4877
175 31.1191 34.3827 7.11446
176 72.1024 -0.421815 25.2445
177 44.3575 50.4462 14.5627
178 0.762193 99.9453 104.041
179 17.1088 43.9027 -0.752345
180 9.26868 114.514 59.6799
181 52.1198 -0.422712 97.6987
182 83.639 91.9957 17.4047
183 42.4096 -0.658499 97.2721
184 45.7943 35.7695 -1.33553
185 16.104 56.7427 20.9918
186 5.36474 0.300405 60.1528
187 0.494667 55.6795 21.176
188 28.6078 39.9899 -1.0267
189 51.2114 31.4949 -1.02511
190 114.596 32.2736 6.44686
191 22.839 45.8951 6.26175
192 1.3911 75.0058 89.763
193 -0.444599 53.9597 18.4095
194 27.2063 52.1089 19.0026
195 -0.260501 53.8847 6.39273
196 41.1789 48.5673 -0.984533
197 10.1591 52.8989 12.9274
198 47.2079 40.0137 15.1878
199 1.21499 96.1955 34.7839
200 51.0856 114.454 26.3905
201 113.05 42.258 68.6344
202 10.1046 0.256169 29.9003
203 20.3723 -3.72421e-04 74.2861
204 45.3601 -0.453508 83.888
205 2.53387 59.817 120.223
206 58.4741 36.4391 120.542
207 86.3634 86.898 -0.357515
208 60.8249 -0.163424 38.5438
209 112.845 -0.226516 87.3714
210 10.5506 109.071 120.972
211 2.53806 55.0525 -0.78617
212 114.031 109.907 85.9779
213 59.7878 18.0442 -0.901329
214 0.533331 100.098 17.1525
215 47.6387 84.057 120.813
216 28.6248 -0.163399 79.6556
217 85.0382 1.16442 120.114
218 -0.0239681 82.273 10.7068
219 48.4032 -0.365888 17.4434
220 113.808 78.2384 43.4811
221 89.6628 114.22 15.383
222 6.01509 -0.115891 12.9843
223 50.8419 -0.247334 44.8136
224 67.6773 -0.307693 30.4317
225 71.3239 63.51 47.7943
226 79.1694 -0.496522 27.41
227 60.8593 -0.623885 81.6306
228 0.976681 49.7033 88.096
229 1.32874 71.5531 90.3041
230 26.1159 -0.209502 71.3359
231 22.1581 114.33 62.9965
232 48.3171 114.89 12.9828
233 95.9856 17.2189 26.0865
234 114.609 88.0971 23.2988
235 1.64988 75.6369 42.727
236 1.66626 73.1529 53.1971
237 20.6011 95.6323 120.922
238 -0.033806 76.9845 117.15
239 0.466736 101.383 113.654
240 0.235163 21.4703 23.3644
241 50.7269 65.2071 120.805
242 0.663695 5.78755 82.5933
243 0.920881 53.0575 87.4685
244 18.305 0.397931 25.1256
245 59.3464 -0.191124 36.1519
246 1.55801 81.3404 35.6949
247 46.7833 114.139 31.3708
248 73.5482 113.485 90.2786
249 6.10519 78.5483 120.749
250 32.6608 113.858 96.5854
251 1.00427 13.1512 62.1893
252 39.3409 101.606 120.886
253 113.943 85.1188 57.1679
254 21.7594 -0.259745 81.5825
255 1.24487 100.924 120.37
256 29.0255 -0.311216 71.0451
257 100.799 -1.04292 0.427155
258 48.1366 0.032763 27.2144
259 32.8765 -0.156732 42.538
260 29.2628 99.5599 -0.480046
261 113.218 41.4959 71.9601
262 1.86794 0.48883 77.144
263 0.991247 33.3744 56.9975
264 0.975066 27.1977 80.5908
265 -0.0899818 61.3231 15.1369
266 0.712624 85.7354 18.7938
267 92.351 8.73441 -1.35227
268 26.8061 17.091 -1.17123
269 -1.2302 4.45538 19.824
270 2.21333 111.394 60.0156
271 3.55382 108.682 -0.213155
272 112.732 1.74573 59.856
273 32.8186 -0.149073 54.5111
274 -0.523846 37.091 13.7522
275 6.28314 0.758635 120.07
276 1.17848 53.5892 35.6713
277 0.272537 56.3799 103.821
278 18.771 65.0449 120.816
279 113.081 32.2522 75.03
280 22.8784 114.149 91.2279
281 83.3903 -0.80537 86.1756
282 114.783 56.139 14.4587
283 114.167 34.4494 20.4003
284 13.4917 114.514 65.9051
285 81.7616 -0.628711 47.7289
286 44.2625 39.9225 120.592
287 114.748 97.3015 103.92
288 -0.581109 30.8197 110.946
289 1.34278 49.0227 66.2492
290 38.3443 41.7441 117.198
291 26.0132 43.1933 106.716
292 0.6307 17.7189 78.1891
293 26.8041 44.0271 120.657
294 46.7689 -0.34627 80.5357
295 35.2331 53.4763 120.82
296 42.7964 38.8593 120.589
297 79.3031 113.616 38.1061
298 4.74632 50.1143 116.513
299 29.7676 35.6398 120.449
300 0.667452 10.1499 36.931
301 42.6619 36.0204 109.278
302 17.8788 57.9475 102.445
303 79.1318 96.4328 120.649
304 112.808 35.9693 70.0327
305 49.8812 32.7121 120.531
306 49.6588 113.876 87.8407
307 16.0662 47.884 120.705
308 75.8938 -0.437053 43.3365
309 11.1668 40.3199 114.037
310 -0.467418 49.0197 109.078
311 35.7 0.0353513 42.5073
312 47.0924 44.4545 120.496
313 44.2873 49.7547 110.386
314 1.19002 56.6595 120.025
315 19.9044 54.0261 120.672
316 17.034 30.9572 120.418
317 13.0578 27.6388 106.263
318 103.756 113.305 42.416
319 1.67763 0.653902 24.6239
320 18.9311 33.366 120.634
321 4.99053 114.441 45.7206
322 1.17584 41.9565 45.1719
323 30.7747 -0.308609 10.1341
324 14.7907 80.5625 -0.628123
325 79.0919 113.248 72.587
326 30.1459 67.0737 6.59369
327 42.0095 64.7895 -1.03034
328 17.8206 115.03 15.0263
329 17.889 115.336 9.97852
330 37.4437 69.5937 9.95906
331 50.5951 93.5982 -0.769571
332 23.1891 67.1259 8.59571
333 43.4038 80.2173 -0.705807
334 112.915 40.5398 84.1316
335 0.12344 50.6842 103.126
336 30.3231 70.1659 -0.681659
337 66.1131 113.562 87.6936
338 56.2762 76.9714 12.708
339 32.6906 114.634 31.2089
340 1.20876 64.0661 86.4182
341 31.5704 59.2289 -0.728774
342 1.64086 69.6108 57.2535
343 35.6194 72.4311 10.9965
344 21.4108 61.0469 -0.686484
345 12.1558 8.87923 120.319
346 58.2561 67.7225 60.964
347 54.7306 79.0877 11.651
348 46.7442 78.9344 9.24771
349 19.0604 82.6949 -0.724979
350 0.0095404 73.871 2.5593
351 112.352 112.715 105.009
352 87.5058 113.61 34.6245
353 11.4808 69.0057 5.41732
354 45.9809 68.2504 -1.10427
355 8.00211 114.69 41.4419
356 24.3334 57.4558 3.88704
357 80.5363 74.8268 -0.566478
358 24.478 114.374 76.3489
359 39.4383 84.8626 3.31625
360 32.958 52.6109 120.368
361 30.4182 73.2602 15.8797
362 1.19036 59.5992 85.159
363 0.938078 69.2487 96.1237
364 99.6761 113.01 67.4187
365 11.9556 112.02 121.191
366 9.71284 48.406 120.405
367 53.5696 113.657 82.6415
368 1.48219 80.9996 87.2349
369 75.8991 52.7804 120.7
370 94.4654 113.229 89.2929
371 10.9541 114.585 102.782
372 97.9379 -1.66025 118.421
373 -0.839139 0.601935 117.236
374 65.1488 -0.347605 31.5574
375 30.1055 114.24 71.882
376 -0.135007 17.3711 18.3465
377 52.2287 113.773 93.6624
378 1.54627 85.5161 75.4568
379 38.6093 114.422 44.3917
380 20.0793 114.186 89.9395
381 80.5037 113.611 31.281
382 1.4764 92.2056 69.4464
383 59.2154 77.0095 -0.813461
384 26.7497 114.055 92.0161
385 0.0260844 46.3207 17.9028
386 22.4743 115.012 13.3404
387 49.8375 32.5063 15.6642
388 16.8839 114.491 50.1874
389 53.7812 15.2357 -1.23382
390 113.552 24.8039 101.912
391 44.0542 -0.220851 45.7638
392 114.476 45.3493 22.1027
393 113.232 50.4288 64.5229
394 0.492936 111.354 108.144
395 61.3104 36.2741 120.411
396 1.1643 31.0697 77.2612
397 0.667385 30.7163 93.6458
398 56.7502 114.018 52.4178
399 82.8285 49.2436 120.722
400 2.20754 113.148 66.9579
401 2.04586 103.829 55.2241
402 26.576 -0.0981754 7.15403
403 0.652643 11.0479 46.1146
404 69.926 49.4812 50.1629
405 3.87615 114.674 114.093
406 87.8776 91.6701 120.98
407 83.7101 113.723 113.73
408 115.295 61.8729 0.730759
409 68.9733 113.957 45.6253
410 2.50197 114.672 20.8324
411 113.702 50.4088 86.1663
412 1.41318 83.4365 59.5347
413 90.0693 113.736 30.8631
414 0.49581 54.0514 27.3282
415 113.724 108.127 70.6473
416 12.147 -0.597478 114.47
417 63.5548 113.686 93.7859
418 38.3705 114.315 71.8246
419 12.5682 31.8114 120.228
420 10.0406 114.078 91.8052
421 51.8445 111.814 121.189
422 10.0079 0.396636 23.9932
423 9.32101 114.536 113.549
424 1.07216 50.8595 85.0178
425 58.2335 19.2341 120.397
426 1.37566 57.7455 70.6121
427 18.6866 -0.12338 89.1291
428 30.3826 114.105 61.401
429 113.446 76.1694 75.4551
430 113.616 78.362 69.2307
431 113.284 42.2698 85.9461
432 86.5592 -0.774704 16.8612
433 37.0875 -0.1556 75.327
434 31.452 114.053 81.3971
435 0.434445 26.4619 98.8137
436 48.3615 113.987 46.3867
437 -0.523291 28.0254 0.471469
438 86.7429 113.624 23.8049
439 50.4106 61.2291 -1.05559
440 29.6455 63.9499 52.1741
441 49.4686 -0.887155 101.822
442 15.939 73.6061 112.075
443 4.24395 64.6991 120.328
444 33.1693 84.2797 120.836
445 14.4548 86.6012 120.567
446 2.99944 70.8061 111.615
447 27.2826 0.207668 50.1831
448 17.0971 56.0851 110.375
449 45.7508 59.3616 120.946
450 49.3684 73.8579 106.778
451 -1.03532 7.52572 4.20777
452 44.7821 77.931 112.931
453 40.4407 82.7138 107.982
454 53.0806 84.044 120.985
455 1.60055 91.0133 35.0678
456 96.8392 113.319 58.8576
457 28.6945 62.2293 120.641
458 55.9417 59.7565 120.666
459 14.3071 74.3695 120.804
460 -0.250291 61.0266 109.538
461 78.2685 14.6752 120.544
462 44.4115 63.9857 120.89
463 44.396 51.8922 120.771
464 56.0192 63.7886 120.826
465 -0.567099 42.6644 110.873
466 20.1598 71.4714 120.643
467 42.8967 -0.248124 23.0364
468 3.11456 73.5193 109.601
469 0.109073 95.7837 108.023
470 35.7927 60.4454 112.132
471 18.9802 114.37 71.7418
472 0.635801 111.565 119.407
473 29.5418 71.8212 114.842
474 25.5157 84.1082 110.919
475 114.303 94.735 33.7975
476 36.9081 0.016484 21.8795
477 22.7527 114.271 98.7469
478 58.6996 72.9905 120.854
479 2.58441 42.2205 120.214
480 56.8492 113.856 100.135
481 59.0041 76.008 120.778
482 17.2885 74.8678 120.64
483 44.482 53.2106 104.151
484 4.4979 69.4132 111.472
485 0.518241 105.677 109.665
486 30.3251 68.0025 108.428
487 60.3307 70.9549 120.775
488 41.6485 81.8149 112.889
489 19.7747 42.9305 120.359
490 114.156 84.1846 28.3401
491 -0.348582 72.2189 110.464
492 17.5832 114.523 56.7761
493 27.5882 81.4723 120.763
494 13.4703 61.8982 106.666
495 68.1031 -1.17083 109.572
496 53.8179 114.852 3.83112
497 24.6946 77.2727 -0.798666
498 19.1137 93.3262 3.59727
499 46.2178 88.2068 -0.615307
500 19.1986 114.556 52.9353
501 15.0589 103.183 11.6741
502 48.9065 95.0849 1.12394
503 10.7126 109.851 -0.390496
504 14.8582 94.5621 6.11771
505 34.846 104.504 -0.488957
506 37.6926 115.169 1.69226
507 0.640132 24.6977 -0.735443
508 5.22126 115.322 8.33021
509 114.239 49.8707 21.806
510 27.7783 96.316 6.74799
511 114.116 98.1553 85.8666
512 85.0075 113.811 20.4805
513 1.9378 109.346 57.6878
514 11.827 96.5766 -0.425518
515 46.752 94.371 13.6323
516 27.2939 88.9538 3.24121
517 57.9759 110.011 14.4767
518 0.139711 97.9302 6.54728
519 17.3842 88.5735 -0.514431
520 1.33442 83.349 38.8183
521 47.7278 102.627 13.3209
522 15.8133 101.486 -0.58062
523 0.133988 81.4683 109.652
524 59.4308 99.2892 10.1532
525 -0.186336 85.8892 114.057
526 56.4444 114.841 7.73397
527 50.9113 114.783 5.03183
528 44.8206 86.2899 -0.699243
529 30.6501 94.6464 -0.628091
530 27.9404 92.7027 7.13445
531 13.6384 115.366 8.38767
532 13.3327 68.3789 120.7
533 14.9198 114.517 76.8261
534 11.1312 -0.17271 99.7191
535 38.5651 114.106 50.1855
536 104.602 43.7548 -0.831972
537 114.98 58.4696 0.82627
538 44.1149 114.02 45.6953
539 19.1024 114.547 113.071
540 5.66307 114.657 110.991
541 86.6309 71.7083 -0.781462
542 73.245 113.604 59.6622
543 0.676194 45.0348 23.5443
544 43.7755 114.371 23.9355
545 105.135 81.4098 -0.515628
546 29.968 114.19 78.9286
547 32.4273 114.663 22.7881
548 40.9895 113.758 83.2645
549 0.585239 -0.225554 111.338
550 11.5983 114.543 30.3937
551 24.8151 94.3813 -0.599697
552 0.611887 22.8443 42.9545
553 59.5657 113.795 108.316
554 16.4088 114.508 61.5983
555 66.5532 114.653 5.94975
556 53.799 113.458 90.191
557 11.1396 42.1263 120.481
558 1.15736 78.4218 39.8053
559 66.261 113.665 41.2187
560 19.1595 114.254 66.0049
561 24.9944 113.182 121.175
562 46.5994 113.985 80.4905
563 8.0658 114.501 71.5282
564 98.368 113.3 68.4411
565 1.45677 59.7498 55.8813
566 102.382 113.31 80.4779
567 60.8943 113.735 61.8778
568 95.2013 -1.02713 11.7005
569 1.55476 65.1335 70.2992
570 -0.562466 25.8182 10.0731
571 26.0382 114.275 59.6715
572 34.2183 114.529 33.2435
573 66.3811 113.945 57.5202
574 59.4726 113.658 85.524
575 0.654363 11.2425 80.4202
576 112.996 24.02 78.7071
577 0.764712 41.7549 27.9489
578 113.677 74.5286 56.0695
579 1.05627 104.351 20.9882
580 7.22562 114.932 28.4828
581 0.639058 3.6257 80.6739
582 102.435 113.219 119.54
583 0.632773 71.8248 21.0401
584 1.32993 105.774 97.2382
585 44.1896 113.878 79.1841
586 0.829655 56.703 92.4913
587 53.6793 114.311 29.107
588 5.1221 114.209 79.0332
589 23.6009 114.241 118.641
590 69.3931 113.576 74.7075
591 1.63728 108.92 83.1028
592 33.7569 115.209 4.04635
593 45.5043 113.771 60.7474
594 114.319 105.838 34.7148
595 1.75869 99.6453 86.0438
596 115.91 99.2529 5.36947
597 24.9963 115.111 0.740971
598 1.10599 17.1333 120.089
599 39.5884 114.085 104.313
600 0.810177 85.3939 27.4058
601 1.44138 107.94 34.4407
602 113.819 98.8366 59.2412
603 -0.329309 71.4584 115.74
604 20.3071 -0.24923 86.9707
605 13.2924 114.264 87.6101
606 24.9398 114.691 37.0958
607 20.1911 114.477 42.272
608 32.092 104.518 -0.277707
609 27.6764 114.102 63.1012
610 77.9805 113.55 117.686
611 7.83097 114.345 75.5667
612 38.0967 113.89 93.3001
613 66.4021 113.999 48.8939
614 99.5528 75.1089 120.851
615 105.487 113.079 87.6364
616 0.517287 85.2411 105.281
617 0.352818 107.683 115.624
618 16.8167 31.874 -1.09895
619 84.9868 113.413 95.2612
620 43.5973 113.72 102.147
621 36.6753 114.416 104.548
622 81.7648 113.845 52.0299
623 11.4477 64.6103 -0.792987
624 45.2363 108.56 120.999
625 7.88838 113.288 120.923
626 39.094 89.5836 104.156
627 13.566 102.343 99.0694
628 24.1678 94.2992 116.948
629 0.750415 114.416 10.7332
630 42.4795 114.856 4.94211
631 0.207135 89.4635 101.654
632 3.22891 96.118 120.734
633 54.0177 110.287 109.001
634 14.745 91.8854 120.903
635 69.4414 113.724 106.281
636 0.169995 97.7574 113.891
637 10.7491 102.796 -0.389568
638 46.3977 94.3844 120.913
639 32.2645 104.01 121.141
640 20.5282 87.434 120.819
641 46.8518 114.222 110.576
642 101.965 65.3533 -0.798361
643 3.85689 114.338 55.2935
644 15.3302 106.6 114.932
645 0.821962 20.8929 -0.621825
646 44.9019 85.0887 120.808
647 0.842951 91.5026 102.841
648 0.569761 42.3164 89.014
649 12.5948 114.825 69.9488
650 13.4688 104.883 120.989
651 89.2609 -0.699878 19.8539
652 57.9023 82.857 -0.717715
653 33.6579 100.661 120.962
654 22.9954 92.1331 121.097
655 0.868968 38.9824 67.6528
656 4.92632 0.0509909 73.0202
657 33.5194 105.099 111.987
658 0.644503 56.6973 96.8191
659 41.494 91.9575 115.031
660 46.6047 109.231 109.96
661 8.9378 77.2314 101.926
662 17.5228 104.0 121.02
663 1.37712 101.187 100.619
664 15.8771 88.5 120.801
665 23.6268 106.602 107.096
666 35.0839 114.143 114.614
667 6.21121 84.9862 -0.529128
668 42.7577 81.8218 115.061
669 12.1816 94.5636 115.083
670 112.948 14.119 68.0103
671 22.3181 0.131059 1.92282
672 80.6597 -1.13308 -0.123273
673 99.8344 9.30798 4.58438
674 69.8814 29.2464 -1.1502
675 85.5942 26.766 -0.935518
676 40.9674 0.759724 -1.1236
677 114.12 12.0589 13.9387
678 95.9033 39.1471 10.8866
679 87.6276 33.3663 19.122
680 97.3516 6.94995 2.77643
681 89.7036 19.9158 11.4747
682 82.9184 -0.685748 50.0412
683 74.1628 27.089 -0.950995
684 90.209 -0.831336 23.1698
685 89.6887 12.7562 -1.19595
686 83.1579 113.582 40.0812
687 113.493 -0.0592985 99.8258
688 79.6914 11.2927 6.74501
689 95.4932 6.88364 18.9532
690 113.348 28.0789 27.513
691 87.1815 -0.985258 73.5868
692 95.2342 12.8302 -1.07237
693 95.4059 19.576 20.3516
694 66.728 10.5404 5.86114
695 70.8515 33.4204 10.8458
696 76.9741 25.6773 -1.15644
697 84.0486 22.9682 13.2281
698 78.0738 -1.68718 110.469
699 98.6147 31.5946 3.30654
700 115.555 108.693 14.3809
701 3.57486 0.202732 83.6428
702 113.314 34.4595 50.492
703 112.477 23.7516 53.5869
704 112.19 74.3126 -0.236422
705 114.664 26.2034 0.337881
706 69.5181 -1.58912 118.621
707 0.438721 34.7081 98.8521
708 33.8951 112.689 120.982
709 9.40693 -0.556817 110.597
710 114.233 58.4724 90.783
711 86.3937 0.725647 -1.37749
712 101.306 113.418 37.8625
713 113.714 85.1582 -0.224018
714 113.643 67.7563 36.2432
715 103.862 -0.730847 78.4238
716 108.035 -1.00747 60.0547
717 55.1582 0.0231425 16.7883
718 53.7103 -1.18058 117.759
719 102.615 112.644 -0.389702
720 112.593 10.0377 71.7802
721 114.257 8.04409 9.67071
722 51.4174 35.2841 -1.04548
723 86.5112 103.808 -0.587714
724 69.1517 114.064 22.9994
725 113.83 56.1754 28.0929
726 72.6727 32.2373 120.591
727 0.893232 25.341 52.2042
728 75.1909 -0.854881 16.6378
729 23.5886 -0.783272 107.514
730 0.425333 112.365 1.1266
731 76.1459 79.8428 121.069
732 50.1162 53.1633 120.688
733 112.596 12.0534 57.5534
734 115.338 110.524 16.8415
735 11.33 25.6614 120.535
736 47.933 6.51052 120.39
737 88.3508 114.076 0.824444
738 86.3792 -0.728019 93.6114
739 114.092 31.2998 17.8432
740 109.108 -1.27518 69.3393
741 96.1824 -1.35333 101.369
742 85.8193 113.196 74.7716
743 114.342 23.7962 105.287
744 9.93583 27.31 104.419
745 92.0914 -1.15766 98.003
746 90.6287 -1.13243 91.1267
747 114.498 38.0106 12.4154
748 10.7423 -0.0819896 58.6623
749 79.3768 -0.798129 97.0207
750 71.9041 -0.505209 80.6454
751 115.307 92.7141 15.3575
752 17.7335 -0.00796806 62.1446
753 35.29 -0.568767 99.0744
754 2.27354 0.51693 54.4322
755 0.6043 -0.402725 118.553
756 114.026 52.1998 101.165
757 1.82065 98.9921 65.0142
758 27.07 -0.478231 93.4743
759 12.0417 0.180501 65.3379
760 87.1736 -0.642652 78.0974
761 108.812 -1.27667 97.4688
762 77.4051 -0.511359 51.4264
763 114.083 72.3824 92.8922
764 67.8328 -0.468516 53.682
765 1.57535 71.4565 76.4347
766 43.8632 0.374486 120.255
767 113.736 97.9785 47.5813
768 96.3755 -1.25408 96.8817
769 49.8519 -0.370292 51.369
770 27.9897 -0.652561 104.247
771 109.367 -1.0346 65.1467
772 52.2148 -1.05271 107.558
773 86.8708 30.0769 114.095
774 82.9102 37.2624 120.607
775 98.5939 14.4093 114.399
776 102.621 21.4315 120.039
777 73.8559 18.0257 120.408
778 106.889 22.9621 119.635
779 33.9694 -0.430207 92.7006
780 66.3625 0.239516 120.376
781 104.59 -1.21995 92.4928
782 94.8936 -1.2317 97.8073
783 110.837 -1.80826 116.717
784 75.3609 11.0896 120.329
785 80.8564 22.8811 120.593
786 66.6457 10.865 120.132
787 0.426213 8.75925 87.6814
788 95.3931 -0.906713 60.9485
789 85.5214 21.2351 120.472
790 95.5243 -0.900121 56.4478
791 108.411 30.831 116.76
792 82.9653 24.5865 108.582
793 85.0502 24.5219 108.637
794 92.8011 24.0096 120.24
795 114.246 45.6488 17.408
796 62.1424 9.00812 120.162
797 49.1614 -1.27214 119.067
798 113.04 20.481 104.135
799 63.5335 -0.756299 86.2826
800 106.308 10.322 108.288
801 48.3072 26.1289 -1.073
802 114.3 23.2881 117.288
803 56.2618 73.3155 -0.968134
804 114.43 15.2601 109.219
805 8.73195 59.2866 -0.839359
806 95.166 10.83 120.323
807 92.4825 7.77515 120.282
808 85.9375 32.8563 120.667
809 84.3522 22.5742 112.64
810 60.931 14.2083 92.837
811 20.0914 -0.147356 77.9957
812 63.9579 16.1857 120.509
813 112.07 -1.05374 94.4003
814 106.676 15.2352 103.329
815 92.4064 63.5835 27.3392
816 87.2087 53.8958 2.7609
817 27.7683 115.069 9.03656
818 109.906 113.322 35.0011
819 96.8184 26.2325 -0.900358
820 101.925 51.4734 11.3732
821 55.1323 114.13 57.3367
822 113.2 14.3975 29.4103
823 100.306 49.9361 11.6031
824 81.4073 34.7371 14.5489
825 100.027 -0.957878 55.9577
826 97.4494 45.7365 -0.748907
827 6.85517 114.979 20.2105
828 78.5919 40.1288 -1.0059
829 77.022 33.2683 14.7773
830 54.1652 36.7564 5.60669
831 71.5689 44.0078 10.7303
832 68.2599 49.7411 13.0654
833 114.716 80.3944 24.2044
834 83.0511 54.5051 -0.862306
835 113.21 44.2943 40.0823
836 75.1225 43.7242 11.0388
837 112.129 0.886696 -1.07771
838 108.168 -1.07125 41.3358
839 66.9989 36.122 -1.23955
840 103.759 -1.68619 111.748
841 59.0265 68.6707 -0.735877
842 91.5709 -0.940731 58.8112
843 77.6712 113.676 57.2324
844 113.55 56.0041 32.0758
845 75.9007 36.9386 -0.817718
846 91.4288 -0.617863 42.5765
847 112.907 2.10907 33.4753
848 67.3495 54.9405 18.3349
849 113.468 33.3724 94.2958
850 16.6935 -0.0318803 14.8109
851 64.4152 33.5313 7.22226
852 75.5167 27.6408 3.06138
853 78.8551 52.5105 7.8271
854 70.116 45.4121 15.5192
855 47.4434 80.0268 120.936
856 76.3348 39.8085 -1.18444
857 101.634 61.4299 15.293
858 46.8237 0.216703 36.9524
859 67.5625 82.072 -0.471289
860 6.41514 102.926 120.673
861 99.7373 -1.0997 81.9407
862 114.39 99.2303 44.3324
863 21.4816 -0.151114 85.7708
864 63.4745 -0.285564 43.024
865 36.6857 22.7507 120.459
866 10.658 0.415395 46.5181
867 0.355246 3.05923 89.1532
868 6.65728 114.46 50.7555
869 112.928 45.5666 64.8507
870 112.977 14.3 33.3674
871 77.7626 -0.485981 89.3648
872 114.559 58.9049 16.2424
873 102.781 113.91 8.03631
874 5.92445 70.8473 120.337
875 85.7318 113.484 70.53
876 85.5157 113.51 63.0842
877 97.3571 113.321 84.9994
878 55.1534 -0.396466 81.8654
879 90.5841 -0.807219 27.8675
880 113.634 19.7843 18.1089
881 112.909 31.6747 53.6156
882 114.796 43.8515 117.237
883 0.946252 27.2588 85.2678
884 113.586 45.0245 81.9205
885 28.042 0.173398 23.0076
886 30.7032 -1.06853 117.614
887 107.846 2.55267 -1.27599
888 114.213 112.575 -0.205694
889 114.895 38.3228 0.86079
890 114.343 54.4292 20.8511
891 24.5327 0.237637 36.8657
892 114.358 102.108 77.9015
893 1.36844 69.9985 66.8736
894 113.829 56.2749 84.0656
895 87.2578 113.2 82.6324
896 101.062 99.0736 -0.366985
897 76.0185 57.8321 28.3473
898 89.5896 0.375676 -0.978169
899 45.2001 -0.408801 87.0797
900 0.454902 3.38329 51.2249
901 79.3041 113.4 119.855
902 113.479 67.7569 44.2923
903 89.9149 37.2509 15.489
904 113.47 3.31838 96.0106
905 1.96855 -0.0572272 92.9272
906 1.13092 91.7987 29.3402
907 107.015 -0.911311 36.4189
908 34.2119 0.101879 49.1043
909 114.383 20.1602 6.3229
910 111.255 -0.656347 34.3988
911 113.475 52.8345 32.4518
912 1.11321 53.7967 74.0929
913 113.568 83.5411 57.3824
914 45.3727 10.2647 -1.06133
915 114.028 87.8907 -0.195646
916 115.111 91.7758 104.656
917 111.249 113.929 1.29809
918 95.9844 -1.212 86.9477
919 75.1669 -0.934762 102.233
920 112.87 34.4026 46.2235
921 100.473 -0.954909 21.1063
922 113.329 33.6793 30.2244
923 1.63935 97.1066 88.3922
924 103.294 112.958 97.478
925 114.816 24.5857 10.8991
926 114.064 77.3466 94.0834
927 23.9768 21.6195 -1.17109
928 111.617 46.1034 120.467
929 62.3368 -0.700853 88.4666
930 36.423 105.726 121.165
931 94.6127 -0.69647 36.9054
932 112.881 30.0107 42.352
933 69.0306 -0.816612 89.2204
934 114.319 77.9465 98.8371
935 0.991153 25.3668 48.5252
936 56.4148 70.6649 22.1781
937 114.349 15.9947 10.3785
938 81.6148 -0.92761 69.5055
939 83.773 -1.79439 107.697
940 -0.920128 10.8282 107.071
941 57.3872 57.6336 15.0286
942 114.386 9.71382 12.2138
943 65.3739 26.3747 120.614
944 73.7125 30.6891 114.751
945 63.2735 90.967 -0.783797
946 95.8593 52.1893 120.571
947 19.2671 109.065 121.194
948 97.1115 34.0469 120.479
949 80.0255 48.7142 113.281
950 107.411 52.3174 120.472
951 110.066 32.0836 120.341
952 69.3555 41.0257 112.609
953 27.5536 -0.204408 45.8331
954 115.052 48.4373 6.14886
955 75.8487 43.2023 104.221
956 105.552 -0.841899 41.5772
957 58.8046 51.6976 120.732
958 108.355 112.954 84.6624
959 101.385 54.9797 104.409
960 104.902 32.4817 112.527
961 63.7112 34.8475 108.796
962 81.945 -0.970317 79.7021
963 102.568 113.253 54.4605
964 0.596989 25.5999 32.1084
965 90.1573 46.1329 118.374
966 58.0582 -0.73785 84.9567
967 89.9971 113.515 43.155
968 0.857547 3.49945 59.813
969 90.7201 46.8645 114.614
970 88.581 37.9749 111.672
971 112.754 15.9115 35.8817
972 116.222 109.43 108.397
973 92.1225 -1.21937 101.982
974 112.921 20.2059 36.0029
975 89.812 35.6683 111.093
976 -0.0149471 23.8241 17.1141
977 54.3344 48.7039 110.291
978 84.0546 24.3214 120.544
979 81.3259 35.3182 120.598
980 -0.182454 84.73 4.10783
981 87.1791 43.3378 120.61
982 64.1027 34.3322 105.536
983 112.487 -0.75234 8.19576
984 109.228 -1.35807 70.9777
985 92.7027 48.685 110.57
986 110.997 104.709 120.873
987 75.7423 36.1452 103.878
988 42.7071 13.1213 120.481
989 94.0352 18.8816 114.047
990 93.4214 72.9603 -0.477707
991 73.2527 66.3086 5.42508
992 74.9608 81.3161 10.134
993 81.8965 84.6195 -0.711617
994 109.27 63.447 -1.01671
995 112.67 1.79911 77.1545
996 45.3203 113.958 74.0855
997 0.105886 102.757 6.2865
998 107.932 9.50401 -1.06364
999 108.079 113.336 104.238
1000 94.7038 63.1664 -0.895538
1001 101.806 72.1484 -0.674575
1002 78.3631 63.8336 9.03844
1003 70.3939 65.356 -0.764185
1004 64.0317 86.3409 9.42733
1005 80.5118 81.6785 13.6815
1006 110.814 95.7068 120.675
1007 115.048 66.5625 16.3293
1008 97.6937 66.9293 -0.598598
1009 111.841 61.9821 -0.699561
1010 102.044 69.1706 -0.747976
1011 81.7325 62.7832 9.83709
1012 113.156 47.9768 74.6808
1013 106.277 66.1576 -0.760791
1014 56.0873 72.4326 15.272
1015 115.166 80.269 3.13412
1016 85.8482 75.6855 21.5189
1017 90.5722 76.4722 -0.706543
1018 33.1787 114.143 58.5085
1019 54.9686 92.0724 11.6793
1020 84.6429 113.775 47.7629
1021 63.7431 78.3979 9.03705
1022 89.1703 83.3581 -0.63865
1023 82.9886 63.7726 13.3922
1024 97.7322 73.6222 7.14567
1025 109.284 66.2041 -0.570845
1026 106.05 58.0629 -0.587252
1027 115.035 74.4662 20.5926
1028 58.7603 114.018 39.5023
1029 84.6266 67.3476 14.6983
1030 86.1297 90.4498 -0.705686
1031 88.0744 67.7539 3.05757
1032 30.1294 114.42 36.8911
1033 64.5733 69.6706 3.4304
1034 69.1817 76.413 14.8178
1035 83.4972 63.7413 9.1191
1036 61.902 82.0561 -0.781798
1037 74.7368 70.5836 -0.832184
1038 95.9097 73.5813 -0.798229
1039 76.4487 83.288 6.22978
1040 114.71 42.1347 3.92442
1041 104.711 71.1788 14.9585
1042 108.351 113.752 9.40125
1043 113.651 90.437 47.1251
1044 84.2662 49.7847 13.3039
1045 45.1017 114.988 3.91752
1046 91.6037 113.206 80.3173
1047 54.7842 58.0516 69.262
1048 109.345 -0.900815 74.3935
1049 85.3612 113.804 67.6918
1050 87.631 -1.30337 101.29
1051 86.0209 113.358 80.3867
1052 76.5807 113.825 24.7454
1053 14.1548 64.1256 45.5668
1054 91.8854 113.481 35.5221
1055 88.9128 112.994 93.187
1056 93.409 -1.1274 92.4963
1057 39.6109 -0.192063 27.6481
1058 60.8952 113.638 71.7274
1059 88.062 113.903 21.7146
1060 -0.416568 48.1982 0.747505
1061 78.7196 113.69 46.3835
1062 17.0373 114.348 95.5215
1063 109.7 113.222 38.0546
1064 99.6425 -0.90695 69.0411
1065 102.494 -0.7465 71.7926
1066 31.8887 41.673 84.6972
1067 39.9732 -0.536677 75.426
1068 115.353 98.838 12.2984
1069 94.0459 105.041 120.752
1070 3.38518 104.476 -0.198301
1071 60.6309 114.081 23.8231
1072 93.8352 113.4 108.472
1073 52.8975 23.7043 78.0264
1074 -0.872261 22.5971 118.734
1075 41.3834 27.3189 120.509
1076 104.915 113.393 21.9932
1077 93.4434 77.4792 -0.48208
1078 0.0810184 87.2671 119.244
1079 75.7035 39.3269 120.75
1080 12.099 -0.504413 118.931
1081 42.0715 -1.28077 112.574
1082 111.457 5.73826 120.243
1083 5.71359 114.363 102.679
1084 88.5191 -0.787497 51.2772
1085 113.848 60.1073 23.6305
1086 72.1634 113.874 41.5295
1087 37.0955 114.296 30.4868
1088 104.299 35.77 -1.02622
1089 101.039 8.57153 -1.28782
1090 6.74036 -0.118027 70.3687
1091 0.691613 9.47696 82.9167
1092 78.6892 45.1259 -0.88731
1093 -0.10649 112.747 5.33058
1094 59.3893 109.369 120.951
1095 90.6421 -0.891757 13.363
1096 62.3474 114.666 12.2918
1097 88.6497 49.0825 120.734
1098 108.173 -0.739014 34.071
1099 47.9628 105.288 121.072
1100 0.468951 37.4542 23.4649
1101 1.78731 93.5346 83.4302
1102 114.019 98.1227 38.68
1103 94.285 57.7642 -1.1316
1104 113.786 48.2175 87.1712
1105 88.8418 94.1933 -0.701102
1106 113.08 39.3648 74.2221
1107 61.9344 113.941 52.234
1108 95.5453 26.8568 120.717
1109 101.499 -1.32426 86.8884
1110 91.5875 -1.034 71.8563
1111 105.819 113.295 27.2106
1112 29.5405 51.5375 104.524
1113 113.82 66.3051 30.2187
1114 86.3508 113.473 100.94
1115 114.595 43.0949 105.665
1116 23.845 22.045 19.0727
1117 0.843431 46.7023 85.8071
1118 54.0126 11.0897 -0.996455
1119 74.744 99.3595 121.06
1120 49.4976 113.949 79.3479
1121 19.156 114.176 61.785
1122 87.7269 113.624 37.5555
1123 4.41647 114.834 24.0412
1124 16.689 0.149791 27.7789
1125 67.5267 113.945 37.4522
1126 68.2678 81.3261 121.079
1127 39.9084 0.0167974 30.4849
1128 100.333 71.1635 110.624
1129 86.0557 86.9548 120.914
1130 111.486 29.7359 120.345
1131 110.365 61.4389 109.799
1132 75.9775 66.5981 110.322
1133 115.576 94.5276 1.03468
1134 67.2683 59.8727 107.878
1135 113.011 46.2009 59.3513
1136 51.8777 95.2262 121.021
1137 60.3177 65.7803 120.848
1138 107.589 83.5123 120.705
1139 90.163 64.475 120.785
1140 87.7988 113.337 99.6596
1141 79.0145 83.9827 120.808
1142 74.9118 82.0243 103.25
1143 115.076 64.3958 113.123
1144 66.4783 -0.919175 103.407
1145 101.591 59.3661 120.572
1146 96.0042 67.5359 120.865
1147 75.8659 68.9091 120.84
1148 56.8562 14.824 -1.24034
1149 81.8128 76.6044 120.774
1150 102.972 -0.84639 24.9157
1151 108.106 70.9524 108.582
1152 63.7584 113.608 76.2762
1153 109.68 -0.589364 120.089
1154 47.2054 57.0091 120.586
1155 68.9433 73.3121 100.959
1156 64.578 83.972 120.968
1157 105.758 77.0705 106.692
1158 108.236 113.111 45.7757
1159 115.213 95.9991 113.576
1160 80.2548 69.779 120.667
1161 84.7314 -0.497356 26.2283
1162 80.3225 113.639 49.9827
1163 56.8634 17.4336 120.461
1164 103.039 66.331 120.733
1165 112.61 14.7243 120.19
1166 113.279 72.1917 115.341
1167 11.5626 72.33 -0.60189
1168 7.95556 114.601 119.754
1169 84.5497 73.1613 106.829
1170 110.175 51.6848 -0.579784
1171 84.3777 56.6179 120.693
1172 69.0814 70.9353 120.758
1173 0.786185 105.836 100.856
1174 73.0011 59.6444 120.528
1175 88.9027 79.903 117.874
1176 105.668 113.063 91.8999
1177 79.7299 114.334 12.016
1178 113.899 60.4622 95.9217
1179 101.212 113.957 3.14969
1180 112.787 21.9581 59.845
1181 112.908 27.8801 70.4841
1182 102.963 101.963 3.51232
1183 98.0647 78.0876 -0.801966
1184 62.0033 -0.500134 78.368
1185 58.1058 104.24 -0.51008
1186 82.6424 104.948 -0.507418
1187 75.2204 103.549 4.29114
1188 115.391 92.7207 10.7469
1189 74.0762 114.466 12.9238
1190 76.4018 96.8076 -0.631667
1191 72.0891 106.235 11.3272
1192 14.1263 51.9694 -1.08557
1193 99.6451 -0.767284 46.8666
1194 96.7958 101.764 -0.283757
1195 91.3532 109.748 -0.400283
1196 82.0298 113.471 103.232
1197 93.8725 105.886 -0.516374
1198 9.88997 114.986 19.9438
1199 114.152 100.659 35.9791
1200 90.6391 91.8223 11.1804
1201 63.9002 114.53 6.00401
1202 93.6862 88.5087 -0.664233
1203 115.735 108.58 10.8273
1204 114.378 93.3891 94.0189
1205 18.3594 21.7486 -1.08117
1206 48.0424 115.057 0.826749
1207 99.3948 95.3869 6.98761
1208 104.075 107.423 -0.424961
1209 69.381 104.14 -0.616899
1210 112.613 113.716 11.4479
1211 92.326 89.8664 11.295
1212 62.0344 110.566 -0.665038
1213 95.3343 113.306 113.849
1214 93.9775 114.163 9.09659
1215 67.8098 -1.2976 113.799
1216 92.2173 98.5618 -0.587022
1217 52.3427 113.771 44.2946
1218 60.934 113.993 32.7058
1219 112.553 15.849 61.0969
1220 113.937 110.193 51.4738
1221 25.8261 115.341 13.5706
1222 69.1685 113.66 31.3056
1223 115.005 100.131 15.3947
1224 89.4559 114.318 13.8105
1225 113.711 44.3059 91.3677
1226 84.1397 47.8927 -1.00208
1227 100.903 113.359 61.0646
1228 84.5563 -0.531167 34.7995
1229 113.853 89.5686 68.1055
1230 15.0739 114.399 64.9541
1231 115.303 93.885 115.725
1232 38.2279 0.0704423 16.6352
1233 99.454 -0.968756 64.4278
1234 101.603 28.1398 120.559
1235 115.306 105.68 115.83
1236 113.405 61.9171 46.6164
1237 0.0614923 86.4104 14.1012
1238 15.4808 113.925 101.922
1239 82.3871 108.366 121.089
1240 84.5089 64.2948 -0.783485
1241 105.321 113.236 63.1448
1242 96.1717 -1.22468 92.6275
1243 113.327 74.1337 51.5268
1244 33.9535 113.899 91.1127
1245 113.081 19.577 -0.440122
1246 112.881 20.1078 66.3665
1247 113.735 79.8026 40.2874
1248 43.8543 114.354 28.1205
1249 46.765 114.046 105.149
1250 52.6684 113.992 74.9221
1251 114.522 68.5514 19.5917
1252 114.1 86.5031 93.9845
1253 0.560442 28.3382 24.448
1254 84.4036 113.257 89.7462
1255 113.235 51.8115 49.2013
1256 99.6557 113.55 119.446
1257 67.9536 113.613 55.512
1258 113.332 65.7318 59.5193
1259 33.4978 97.7991 -0.793757
1260 98.3527 114.154 14.1901
1261 113.596 93.6119 72.2898
1262 1.67187 101.282 44.6301
1263 41.0876 114.081 32.6935
1264 115.487 88.3397 10.817
1265 44.5846 114.079 49.8806
1266 36.2644 43.5607 120.958
1267 113.232 8.46716 27.9312
1268 52.4922 113.853 71.6866
1269 14.7195 114.469 82.542
1270 9.37703 114.2 85.3389
1271 115.612 91.7229 117.454
1272 60.8622 113.883 41.3352
1273 115.208 81.0884 14.3449
1274 27.5419 113.895 70.4784
1275 105.962 113.244 100.445
1276 92.0174 113.205 100.938
1277 91.6242 113.316 45.7254
1278 53.8318 113.64 86.9812
1279 53.6836 114.288 20.444
1280 56.585 114.054 50.6718
1281 113.804 105.805 64.1351
1282 63.4756 103.421 121.133
1283 88.7849 113.433 71.7725
1284 99.8314 30.3897 120.659
1285 1.13738 95.3479 98.9243
1286 114.465 62.3938 21.692
1287 51.0467 113.751 59.464
1288 1.13214 81.1596 97.0211
1289 76.2073 113.791 29.0609
1290 105.226 93.4205 -0.521616
1291 1.6904 79.8228 63.6143
1292 115.612 102.256 115.971
1293 115.047 87.2929 104.594
1294 114.498 106.536 30.6457
1295 113.586 44.0922 32.2728
1296 20.6876 115.117 10.8203
1297 27.2597 114.248 54.3965
1298 103.817 113.231 59.7134
1299 90.5659 84.6863 111.653
1300 78.9464 95.5149 109.215
1301 107.843 97.8178 114.174
1302 78.1059 113.645 113.523
1303 74.9124 82.8688 108.266
1304 86.451 109.678 117.002
1305 91.8739 81.7217 120.793
1306 33.8899 113.855 -0.579895
1307 42.3992 113.734 91.1581
1308 114.212 84.5441 36.9881
1309 108.047 107.694 121.014
1310 113.878 103.499 74.7145
1311 74.9533 113.825 114.743
1312 109.388 100.637 105.523
1313 73.5284 104.071 115.381
1314 90.9498 108.115 120.844
1315 102.897 82.7811 120.979
1316 74.9263 94.4505 107.603
1317 105.034 101.539 117.233
1318 58.0232 113.707 105.563
1319 39.6148 114.493 108.644
1320 90.2849 99.6767 121.178
1321 115.02 83.7573 113.678
1322 103.324 88.3732 109.896
1323 73.8764 107.277 110.548
1324 41.7011 114.022 70.5073
1325 -0.118307 46.5774 102.906
1326 115.187 97.8196 115.495
1327 112.849 17.578 71.8334
1328 113.983 113.04 119.463
1329 72.3312 110.329 121.137
1330 60.9739 114.052 117.575
1331 102.517 113.106 45.7677
1332 90.8373 113.713 115.539
1333 58.9769 89.3765 121.005
1334 105.813 92.9417 109.02
1335 55.0645 114.118 106.262
1336 89.1924 96.9294 110.21
1337 69.3121 99.2791 120.824
1338 35.7604 114.116 76.381
1339 76.5719 41.7049 54.7457
1340 80.2558 86.8612 120.909
1341 62.3795 113.973 46.3336
