0 6.55144 15.7138 0.902909
1 6.95942 9.60785 7.2163
2 16.4055 28.2791 13.8277
3 26.5164 -0.604316 14.1837
4 26.8257 4.23149 0.973223
5 9.6344 4.62769 4.37039
6 4.14879 9.76311 4.36166
7 12.5378 2.63851 11.6214
8 23.9503 15.6069 0.842466
9 1.09493 15.2934 1.31626
10 2.49217 23.9321 34.3816
11 18.5881 4.10396 18.6511
12 16.8372 8.70738 34.5239
13 12.3643 1.60732 22.6229
14 23.4216 -0.356315 13.9281
15 7.00748 24.6191 29.9382
16 2.53132 21.1383 37.1356
17 30.832 19.9167 37.3693
18 2.18599 5.13957 52.4619
19 16.7806 25.4458 33.911
20 32.6523 14.0621 43.3139
21 3.02001 4.68162 70.9995
22 31.3737 14.8108 38.4819
23 21.7648 2.14956 28.1103
24 2.55863 26.3314 43.5315
25 30.8033 19.8971 58.0089
26 15.5659 15.6999 66.0508
27 8.14088 22.7122 49.4477
28 25.5562 14.4272 70.4105
29 18.045 2.30946 43.8368
30 11.3867 25.2687 58.7215
31 17.957 2.49996 58.1766
32 27.5277 19.9333 52.2757
33 17.1682 11.1981 58.6098
34 2.37935 12.5869 71.792
35 25.4088 8.60392 67.2658
36 17.2043 11.3531 67.6866
37 21.199 32.3871 60.1214
38 15.1871 2.61377 61.0675
39 21.3023 2.52641 61.7636
40 24.2684 7.5861 77.8766
41 21.4189 18.6593 71.8844
42 17.5603 14.4542 79.4515
43 12.7671 9.39722 94.6243
44 13.2971 18.6546 84.0837
45 21.7151 2.84954 81.8823
46 12.0566 14.4536 79.6402
47 2.79623 6.3262 107.621
48 28.4726 11.3599 76.6217
49 41.997 24.8256 102.127
50 7.9675 17.7637 106.579
51 22.882 23.447 115.744
52 3.71582 13.8064 94.7115
53 19.7097 13.3741 108.128
54 28.9484 10.5491 108.034
55 32.483 7.74464 110.343
56 16.5763 22.1162 102.342
57 7.45298 20.6622 103.133
58 3.56977 19.0317 97.3462
59 9.66865 13.5701 114.769
60 3.94179 13.5443 115.575
61 11.2191 0.296142 112.776
62 28.0562 10.7122 125.784
63 25.6346 10.6805 125.71
64 3.07163 0.654993 121.222
65 16.8355 4.86024 122.637
66 16.5903 33.2933 8.07747
67 20.9733 41.333 9.36924
68 19.6136 39.6983 7.93575
69 -0.731896 44.0935 13.6844
70 16.9178 25.1881 11.1321
71 0.475576 55.5724 0.769266
72 21.003 29.5742 0.833959
73 1.04661 18.1462 1.24598
74 7.22207 26.7674 30.0249
75 2.35455 34.6791 46.5289
76 7.52725 29.7487 18.43
77 11.2361 35.693 16.2675
78 8.40539 28.2274 40.271
79 9.14414 43.1781 40.8504
80 15.5833 40.1186 50.7206
81 17.5299 46.0929 40.3216
82 12.0308 40.1535 40.6904
83 12.9344 34.9999 47.6887
84 17.1822 48.7037 31.2416
85 1.70834 40.7003 36.5113
86 12.1663 43.1348 43.8403
87 13.9221 41.5366 52.2789
88 22.1287 44.1355 47.4362
89 7.23612 24.2027 54.0321
90 28.6743 34.0721 37.5308
91 29.6463 35.6529 44.3116
92 2.54589 41.8341 64.3134
93 16.7218 30.8219 46.3665
94 9.85457 20.8488 45.0203
95 29.1281 36.2107 56.9348
96 16.8232 49.5566 61.7804
97 32.8243 41.8358 50.7377
98 11.369 33.7011 58.5635
99 9.93411 32.1295 75.4553
100 22.8822 30.739 73.5084
101 27.8841 33.8913 58.2934
102 2.81188 23.7391 70.8499
103 22.5136 50.0886 62.0455
104 21.3978 45.6859 53.5252
105 17.6049 43.8345 78.2868
106 35.6377 39.9927 69.3418
107 14.7674 25.2072 82.3685
108 25.4526 27.881 83.6366
109 27.8188 33.2183 80.8319
110 22.0172 33.1801 93.1511
111 2.36381 39.3901 89.5684
112 33.8859 41.9044 87.1072
113 16.7435 36.1018 99.2649
114 17.7512 25.8621 91.8681
115 22.6389 39.2965 108.016
116 21.0836 48.8427 97.4219
117 14.9236 45.7843 100.574
118 0.956454 23.7568 106.782
119 28.1487 36.0267 108.017
120 26.5015 31.9012 100.619
121 22.1985 47.5201 99.1073
122 19.3265 47.6471 110.86
123 16.3929 36.5611 111.096
124 19.0289 33.2976 99.229
125 35.7807 32.1741 115.238
126 26.5428 43.47 118.022
127 22.0387 44.7375 119.697
128 0.647067 22.2219 107.375
129 19.5347 51.0571 113.902
130 5.22136 36.7103 125.868
131 13.8701 45.0447 125.77
132 23.7112 24.9337 114.328
133 27.912 22.0356 113.896
134 26.8373 68.3813 18.8508
135 3.5719 61.0126 0.728575
136 22.4863 68.6411 13.3364
137 22.5279 65.4097 13.4398
138 -0.864783 49.5338 19.8355
139 -1.00649 67.0349 11.0867
140 18.1896 47.0404 9.40829
141 11.405 68.5104 49.1286
142 -0.409947 44.8789 17.1196
143 10.3292 58.462 36.1248
144 31.4799 57.0999 28.1613
145 0.173947 57.3794 32.3965
146 25.7563 65.4991 13.3526
147 13.4556 58.7723 35.9518
148 12.6073 40.3057 47.492
149 27.073 55.3321 26.655
150 21.2284 60.2637 49.1625
151 15.8927 49.0119 44.1969
152 14.6053 70.5916 37.2785
153 19.6558 61.9314 47.5364
154 30.227 47.1957 35.6017
155 27.3599 63.2756 47.2661
156 11.8764 57.0624 34.3988
157 9.02619 65.7517 40.615
158 20.7487 51.3959 43.2888
159 2.06577 58.1337 48.5681
160 17.2031 66.1159 43.0552
161 22.0391 58.1782 63.3816
162 14.3388 63.7619 60.7144
163 12.572 50.1002 46.7899
164 30.7472 59.5183 53.543
165 24.1029 37.5575 63.2394
166 19.9491 54.5695 61.6341
167 15.7698 61.5098 82.9004
168 3.20658 54.6681 75.1189
169 21.5709 60.6025 59.1106
170 22.0297 55.4071 59.5684
171 32.7178 52.948 76.6105
172 13.5045 65.9267 70.2381
173 27.4127 65.7727 84.9008
174 14.6635 53.3451 92.6294
175 2.74052 66.4237 76.6724
176 13.9626 57.2932 87.7309
177 20.0148 59.8723 78.5428
178 15.7669 45.1068 79.9459
179 17.6657 67.2114 89.1352
180 2.33508 44.8305 83.9001
181 25.1255 47.3283 102.174
182 11.8935 67.1469 91.5123
183 29.3584 48.4417 100.503
184 9.9832 60.5305 115.404
185 21.6386 54.7563 103.676
186 0.380733 56.2578 118.085
187 2.30515 80.8716 91.7764
188 2.27936 69.9965 92.2529
189 19.4795 58.3628 114.006
190 17.9749 46.8478 109.502
191 0.575244 73.8919 121.023
192 13.8783 59.1243 125.526
193 19.8037 62.0337 125.673
194 9.62794 38.7579 118.441
195 8.50312 64.9437 125.638
196 18.9379 59.1384 122.357
197 20.6239 58.7683 109.371
198 31.0635 78.8316 125.201
199 9.56813 65.1836 9.75203
200 15.3981 100.421 3.30093
201 15.8912 83.8619 6.32005
202 21.0612 78.2904 6.28622
203 17.8733 75.2464 0.180427
204 17.5248 89.5154 0.0252695
205 -0.957348 75.2761 4.83695
206 16.7501 75.3162 15.1766
207 11.5001 75.0972 0.123683
208 21.9842 71.3377 7.54635
209 18.5292 75.2519 26.4463
210 21.1401 86.8833 26.4771
211 10.263 95.0621 24.2608
212 28.4306 90.9121 19.0294
213 29.9653 66.7549 11.7836
214 15.4306 90.9008 14.8796
215 14.1351 74.8622 16.307
216 16.7947 92.3986 13.3359
217 25.6844 79.0042 22.1761
218 24.361 86.7491 32.7364
219 11.3208 73.4669 19.3204
220 8.60103 76.8388 28.426
221 24.7214 77.9174 39.1968
222 10.1382 89.899 47.3209
223 14.5567 79.9675 43.0414
224 8.18657 79.2052 28.0275
225 15.515 76.6852 35.1474
226 26.0765 70.5603 54.7743
227 22.9843 94.3875 51.7707
228 26.6213 78.919 59.4651
229 6.13163 77.7028 58.0362
230 24.2348 95.7411 62.1039
231 32.7518 77.1014 46.4966
232 2.61841 81.9639 66.2282
233 6.89494 64.199 50.163
234 19.8778 69.5052 67.8856
235 21.2647 68.1142 66.112
236 14.4872 54.521 69.0346
237 11.4472 71.919 60.9747
238 2.46565 71.4008 42.8085
239 2.38663 63.6499 78.7711
240 8.56465 80.8092 69.939
241 21.4016 73.3155 65.5467
242 3.27536 65.9613 70.3498
243 18.4347 68.5008 69.7479
244 26.8638 93.0342 77.0679
245 2.19385 74.8094 80.3139
246 21.3036 95.3339 71.153
247 24.3538 73.4096 62.3967
248 19.9256 83.3107 69.7321
249 2.35529 71.8255 78.0127
250 29.5854 72.0807 79.7325
251 14.3015 86.1236 75.8728
252 29.1796 71.8471 94.5661
253 21.9061 81.649 104.726
254 19.4299 73.1854 95.8928
255 21.5596 85.4615 90.4402
256 34.1594 78.8425 92.922
257 32.0248 82.8209 88.076
258 24.5305 81.7795 92.7425
259 8.19342 80.7914 97.804
260 7.26421 82.0417 71.6043
261 9.99437 82.4883 77.8174
262 5.54962 89.8424 98.7128
263 40.3485 71.3303 91.6191
264 20.6826 75.3076 85.289
265 0.608943 78.6171 104.049
266 16.6751 71.9589 116.041
267 2.23088 80.0214 95.0651
268 32.3095 88.9349 96.9886
269 17.9639 72.684 88.7875
270 16.6219 88.8566 113.201
271 16.4541 87.6363 116.172
272 36.7594 79.8016 125.192
273 3.60141 70.1641 115.277
274 0.8929 87.6408 121.027
275 32.191 81.7655 106.626
276 32.2773 82.4508 114.974
277 25.2138 89.6571 113.305
278 29.2185 109.524 -0.0901739
279 21.9518 79.682 16.2705
280 27.8779 99.1244 7.36699
281 19.7315 106.684 8.94771
282 15.1832 113.994 7.49839
283 6.36315 100.802 0.280863
284 35.6354 92.3229 20.4722
285 -0.0510154 96.5292 17.0055
286 15.2126 111.416 39.7729
287 8.18843 99.5115 19.3082
288 8.61548 102.208 31.2889
289 14.9145 103.579 17.793
290 2.30849 101.361 28.2434
291 19.9255 113.671 16.2462
292 2.35387 89.3373 28.44
293 22.1019 96.8917 30.4876
294 16.8256 89.7393 13.6793
295 9.54039 114.217 13.1836
296 21.4524 112.015 23.8585
297 33.168 102.833 42.459
298 35.9187 105.795 45.0915
299 32.1589 87.6297 44.0922
300 25.1965 105.738 45.6048
301 2.13116 106.589 42.0161
302 10.192 100.89 32.5382
303 6.78961 111.224 39.4274
304 9.45134 111.158 39.9137
305 26.5469 98.3248 41.2209
306 12.5757 111.108 25.2657
307 15.5812 86.9314 38.3135
308 22.8578 102.479 42.6448
309 24.0009 101.234 41.1477
310 2.4465 89.9838 52.1888
311 35.4508 92.7898 53.266
312 16.8407 102.523 54.6366
313 21.2861 95.4242 44.4285
314 18.5449 89.8734 53.3897
315 3.0287 107.13 72.4591
316 15.3664 111.479 73.4288
317 10.8063 111.625 87.6117
318 8.40986 91.1284 57.7457
319 20.8948 107.245 74.1022
320 18.7585 96.1577 89.9984
321 13.8412 106.706 92.4016
322 20.4699 111.35 75.5398
323 3.16014 110.122 72.9799
324 17.0354 105.354 78.6593
325 2.75454 90.5317 79.1622
326 3.15892 109.676 80.4148
327 2.50765 101.621 66.4981
328 27.7658 97.856 88.6848
329 30.9262 107.182 107.236
330 29.917 92.885 80.4715
331 12.3244 108.303 105.398
332 9.4126 91.7546 106.178
333 13.6431 103.075 101.543
334 5.22531 106.135 110.202
335 6.81523 112.491 106.167
336 9.17999 103.731 103.737
337 19.2587 101.037 89.1652
338 22.2976 114.985 100.415
339 28.0269 105.031 124.883
340 0.695484 101.968 117.538
341 8.28284 101.523 121.833
342 3.71343 107.34 114.733
343 36.9113 28.983 13.4812
344 26.638 -0.658087 19.4048
345 49.3083 -0.679205 16.6453
346 43.9154 15.3706 0.213285
347 57.8558 -0.530193 19.1393
348 40.2575 15.606 17.9997
349 31.9267 12.4741 0.70305
350 40.18 15.5497 21.0553
351 45.3041 23.0437 16.3222
352 36.1263 0.60696 27.6988
353 60.9174 9.95444 17.8915
354 34.1082 0.330235 23.0404
355 46.7512 1.11059 28.0578
356 48.4351 1.51221 33.452
357 32.713 15.7252 27.1193
358 28.3791 27.791 19.4745
359 45.3585 12.5322 32.3562
360 26.2482 6.86708 39.1218
361 44.4477 1.98593 42.5481
362 31.7371 20.3832 34.7855
363 59.8685 17.3262 31.2924
364 45.4656 23.1841 34.3203
365 61.7907 1.31587 33.4949
366 34.1749 21.2863 56.3652
367 32.0306 18.3501 56.4668
368 50.5115 11.0674 54.1054
369 46.1965 16.5442 44.9147
370 41.6458 33.1504 35.3741
371 20.5606 2.56789 54.9472
372 28.1293 19.9632 58.2351
373 45.4133 12.6932 56.1685
374 50.8028 13.2665 62.7932
375 52.905 21.9005 69.0517
376 14.781 2.42855 52.6873
377 36.6276 8.8852 91.8241
378 51.5359 17.1451 81.4368
379 41.5282 25.233 78.0697
380 31.0534 10.8212 95.9885
381 54.1166 17.4156 80.9504
382 35.3514 7.42399 93.4282
383 56.5396 9.2004 91.9311
384 33.939 25.039 99.2416
385 39.9772 3.15602 76.4712
386 30.9578 16.6292 92.6797
387 66.3356 0.904539 105.969
388 45.1392 2.02005 89.5386
389 39.5056 24.9386 102.087
390 43.3739 21.9709 107.776
391 63.6731 13.7087 90.2933
392 46.2715 31.3848 97.5333
393 53.9466 14.103 125.289
394 39.5329 5.13045 125.634
395 48.0937 23.4934 125.913
396 45.5181 26.4235 112.005
397 36.5916 0.553108 123.69
398 42.4335 0.486932 117.965
399 49.2426 24.7647 98.4971
400 62.8446 10.8581 125.437
401 45.2562 22.6703 122.302
402 37.8842 26.3989 0.483372
403 38.1027 35.216 0.0353651
404 23.671 40.7585 0.409355
405 55.4211 23.7037 14.7619
406 55.1946 41.2135 -0.22947
407 52.4325 38.5839 5.94449
408 22.2514 41.245 5.93835
409 38.1095 45.7767 12.0106
410 32.4187 26.8062 0.604172
411 48.9568 35.2512 -0.0710883
412 28.0966 41.3262 8.97499
413 39.6756 36.7755 16.4069
414 39.6796 42.6503 25.1319
415 23.1868 23.2703 37.5942
416 42.0735 53.8143 18.9456
417 40.956 54.151 13.9695
418 37.965 42.4981 11.5241
419 28.2162 20.7697 16.8671
420 33.9792 51.154 13.2576
421 28.822 23.2343 34.7676
422 36.5599 32.2321 46.6134
423 59.8472 25.7793 33.9899
424 43.6915 35.631 23.5649
425 24.6704 19.0164 36.5728
426 58.5678 33.1689 44.6485
427 56.1111 19.8257 42.3506
428 32.8506 18.7932 33.1809
429 39.8697 34.9011 40.0486
430 29.9971 32.6424 35.9505
431 53.326 31.2545 45.5278
432 33.3086 38.8578 41.7649
433 39.9201 29.5285 52.5172
434 43.2545 35.4243 61.6106
435 30.1219 25.2735 46.1113
436 36.3543 31.1147 60.5401
437 39.1116 33.8319 57.1123
438 41.5138 50.2 57.0371
439 45.7209 38.2417 61.8403
440 48.313 43.6919 70.4198
441 24.6297 24.4322 78.0243
442 45.1033 27.895 62.5179
443 25.6219 54.1588 71.8473
444 40.4656 20.9388 91.648
445 40.6416 23.8778 72.252
446 39.0412 31.6082 57.2543
447 48.1732 26.6099 52.1772
448 45.5384 26.6145 76.3298
449 34.4579 31.6527 88.6602
450 49.7354 37.2229 60.4241
451 36.6204 41.3669 86.8805
452 32.8109 43.9162 78.5929
453 59.5774 42.0156 84.0434
454 28.4496 49.2001 74.7275
455 49.6841 30.8692 53.6351
456 38.7662 39.2964 93.1831
457 57.744 35.2125 82.3941
458 42.2753 36.4804 89.8008
459 25.1527 30.9017 89.9416
460 42.0133 39.1138 93.1856
461 40.4344 37.4794 91.6444
462 54.7518 34.9442 91.4195
463 46.4728 40.625 94.5323
464 66.4022 23.8533 91.4844
465 34.8285 31.8998 94.6185
466 65.0298 32.9889 110.549
467 38.1401 40.3764 94.7494
468 59.2701 44.2969 95.9149
469 45.9621 35.0468 112.152
470 35.8322 47.8031 111.01
471 46.2799 20.672 118.001
472 46.675 31.2722 120.809
473 45.7063 33.7695 125.534
474 33.6797 24.2751 113.866
475 51.1073 27.3725 125.382
476 60.7038 44.8514 101.247
477 47.884 39.1389 110.847
478 49.5405 29.1493 120.684
479 37.9616 54.8665 106.447
480 38.1482 59.9854 13.8035
481 49.372 63.7653 -0.219315
482 52.0029 68.2491 12.805
483 49.5706 49.571 -0.203362
484 41.3901 41.1071 26.5141
485 34.5946 51.133 22.3165
486 58.2144 73.7259 29.0129
487 31.2256 60.0345 13.2663
488 54.7823 55.4976 11.3818
489 45.6094 56.7086 30.8036
490 35.0654 61.4911 26.6811
491 45.4116 54.0584 27.8637
492 45.4294 45.5521 25.0867
493 54.2457 57.5848 42.6171
494 52.8279 35.648 35.41
495 41.3027 69.4545 26.3758
496 49.9295 47.4787 32.2433
497 34.9511 72.7444 38.2651
498 43.5714 57.5911 52.6097
499 35.1121 65.8509 55.3111
500 48.4146 38.7458 62.2712
501 38.775 50.3368 47.5951
502 42.8309 54.7893 45.7774
503 48.2225 57.05 64.5266
504 29.34 63.0683 51.9377
505 44.7154 64.1523 54.6186
506 48.0379 63.417 61.8648
507 55.8567 72.009 74.5582
508 29.8585 52.1498 85.6281
509 39.3914 62.5124 75.1202
510 36.3521 50.0851 57.393
511 49.7519 59.9595 60.1702
512 38.9909 50.2172 57.0706
513 31.2786 51.9473 68.4952
514 40.7118 66.3842 97.4251
515 38.0011 60.0056 94.9115
516 50.6804 58.4524 90.2958
517 37.8554 60.3379 88.6858
518 34.4413 62.4123 74.733
519 43.4813 63.1259 82.5343
520 43.9147 59.7132 79.4653
521 40.7475 58.0143 88.73
522 45.1452 64.3023 80.9693
523 54.5736 56.1435 98.7308
524 43.5073 53.2307 101.097
525 52.1891 49.6627 103.261
526 28.3278 57.793 112.339
527 42.3521 56.1563 99.0621
528 34.952 46.6173 109.422
529 40.5575 49.0932 120.948
530 35.946 56.2198 104.95
531 30.9668 61.8935 125.588
532 25.1682 57.087 110.951
533 57.2039 70.4017 125.18
534 33.8054 67.7377 110.685
535 48.0366 64.0731 113.38
536 64.8463 54.0424 101.76
537 32.5056 80.8193 -0.188523
538 43.5375 84.0726 -0.295476
539 25.146 72.0961 7.26216
540 56.9875 70.9109 9.89137
541 52.2513 82.6362 17.7753
542 23.7668 80.8273 0.135181
543 32.2102 55.5077 0.00902435
544 45.2993 82.2898 21.6471
545 44.174 75.2412 29.2249
546 43.5479 78.5481 26.2998
547 39.5747 92.6551 14.8354
548 36.9378 71.2537 18.9088
549 48.0236 82.532 24.7502
550 56.91 71.2348 24.6045
551 61.3154 87.1621 31.6918
552 48.7165 79.5574 33.5296
553 31.5968 76.6185 43.0649
554 52.666 78.1291 34.8697
555 52.3695 73.3232 60.543
556 25.9144 68.3347 25.1924
557 37.185 88.2225 30.8991
558 45.9325 59.7925 36.7325
559 46.6228 86.334 29.1861
560 38.6747 61.3771 41.3727
561 41.1186 75.5238 38.281
562 62.4837 74.223 39.2386
563 61.1269 82.7674 48.0883
564 34.0347 77.5809 51.5212
565 52.5878 67.3717 28.9415
566 38.1555 87.2783 44.092
567 56.9923 86.2907 57.4181
568 48.1333 80.0211 61.4143
569 61.537 64.6227 56.0784
570 50.0948 86.0529 57.8101
571 24.8646 67.5746 47.4147
572 45.7725 71.1015 45.5516
573 49.2997 76.0523 75.4567
574 62.8892 54.6653 55.5859
575 34.0997 83.2948 48.6868
576 31.4342 61.7874 58.4193
577 32.1149 74.1487 49.1648
578 26.6794 68.2386 49.4583
579 41.2905 89.6837 80.719
580 53.9058 87.3399 66.3132
581 44.1551 91.6061 73.2503
582 36.4558 91.6918 75.7531
583 48.8164 73.0717 66.6277
584 32.9445 87.4594 74.2872
585 39.5717 72.5659 80.7449
586 37.7435 90.5153 68.0577
587 45.9537 82.4658 85.1477
588 29.7443 84.7113 83.9613
589 36.0761 81.9032 92.7239
590 49.2508 83.3787 100.032
591 58.1703 74.6177 100.044
592 49.2388 77.1206 88.3353
593 49.1234 77.8228 97.1909
594 21.1968 82.8294 90.7555
595 45.2381 84.7796 113.237
596 44.7906 84.3816 98.6241
597 47.7423 64.8789 107.817
598 22.3567 67.2599 98.9977
599 54.7364 88.9725 99.5669
600 40.2553 86.2746 103.149
601 43.8113 89.018 111.798
602 47.1036 71.7794 106.163
603 48.8977 93.2226 118.705
604 59.3275 75.6655 101.593
605 30.3065 76.3269 95.8915
606 56.2711 85.123 95.3813
607 46.7869 63.1421 97.4084
608 44.9017 59.1952 101.989
609 53.7848 83.1898 111.486
610 39.0653 79.1179 110.548
611 50.9645 74.2263 113.049
612 42.5052 87.1978 113.317
613 38.2412 73.4608 119.223
614 44.746 87.694 113.26
615 53.7137 79.7304 113.256
616 38.8645 96.7218 7.1425
617 43.7557 114.258 1.68475
618 54.9692 112.366 -0.401035
619 26.6594 95.269 8.89726
620 49.1354 114.406 1.71525
621 53.5393 101.204 13.9663
622 59.205 98.1622 11.5056
623 38.1218 108.329 13.795
624 40.9751 85.246 11.0432
625 37.0257 111.059 4.16007
626 49.5053 102.477 10.2513
627 23.707 114.358 10.0447
628 48.1133 93.8875 27.7223
629 24.12 114.076 12.9979
630 22.7655 99.6107 25.0798
631 37.3671 96.5637 34.0977
632 38.2966 93.8573 29.3069
633 34.7135 112.46 30.057
634 58.0881 98.7361 17.1071
635 21.5155 100.644 27.2021
636 57.9024 112.124 44.9965
637 25.1023 97.0789 42.6629
638 56.7491 103.405 44.1589
639 44.1576 91.5765 41.4441
640 48.8 95.8476 52.7118
641 45.1739 93.915 45.4117
642 50.8764 98.6523 52.272
643 27.9358 108.688 60.6765
644 45.6161 91.0222 49.5664
645 47.552 112.379 38.8384
646 41.1764 89.4706 38.0932
647 44.1464 87.5288 46.5672
648 29.4334 111.888 64.0352
649 47.7346 113.153 80.4295
650 43.2313 95.9817 71.5549
651 40.6792 112.174 69.9559
652 57.4742 89.4347 77.9632
653 57.5032 110.553 57.2006
654 43.7065 89.9828 62.3905
655 34.8343 102.789 93.7806
656 50.736 93.5145 69.0344
657 32.6445 90.3135 92.5938
658 47.5164 100.522 91.3152
659 36.9499 97.1243 84.5049
660 28.4903 91.2945 78.6608
661 48.2484 112.279 64.7802
662 50.5108 113.742 89.9176
663 43.2641 112.361 64.1788
664 35.4097 107.18 92.5883
665 45.3431 113.811 94.9747
666 56.0205 112.329 76.8351
667 39.6896 91.0016 82.2931
668 39.0692 92.9966 92.5183
669 33.0951 95.7878 86.3381
670 40.0587 104.396 80.4262
671 28.5777 101.601 95.4821
672 38.8293 96.0965 95.3359
673 48.8976 101.937 89.6189
674 40.6892 102.774 96.41
675 39.6664 107.663 107.275
676 65.0065 98.988 100.751
677 42.214 114.873 106.235
678 51.7835 108.13 98.7126
679 36.2722 115.126 117.43
680 42.6598 90.6264 125.055
681 42.1184 97.6215 117.039
682 43.8399 107.689 119.486
683 36.5774 90.3846 125.088
684 50.7775 115.292 111.698
685 35.1589 104.14 111.635
686 33.3797 115.137 111.271
687 41.8953 115.149 122.921
688 36.8029 96.2777 124.946
689 57.5142 102.078 125.048
690 59.478 113.278 124.456
691 66.5701 4.3284 0.286344
692 69.2326 32.5279 -0.21697
693 79.1808 23.8935 1.09119
694 74.0797 18.4485 6.26325
695 66.412 15.0664 0.0981873
696 62.5798 14.0655 16.168
697 89.5941 1.55266 20.599
698 66.4068 4.62566 24.0002
699 62.3951 18.3292 13.2432
700 82.1328 1.35618 23.2415
701 75.0994 -0.603912 17.9576
702 72.2415 -0.217701 19.9649
703 58.2375 0.428822 28.6429
704 66.8598 10.4353 23.868
705 61.0006 5.58605 13.1746
706 61.1722 17.5224 48.9003
707 61.4844 14.6086 45.6907
708 74.918 25.661 45.2934
709 82.5149 29.2678 43.2303
710 73.5181 21.7719 44.0372
711 74.051 2.7449 36.5109
712 64.2928 11.133 54.5939
713 54.9684 12.6055 47.0
714 69.6207 19.7974 42.3172
715 68.1107 21.2114 44.0166
716 54.4141 21.9463 47.762
717 66.9386 7.22816 43.8068
718 87.4077 15.7565 58.8436
719 53.9403 3.5999 61.9564
720 86.8844 17.844 81.2847
721 61.2145 7.46852 63.195
722 72.0346 2.79185 76.4462
723 64.3259 23.2219 70.6306
724 66.7193 2.76782 77.137
725 77.5672 5.94163 54.3655
726 49.9579 13.4598 75.8844
727 90.775 3.64405 90.8248
728 59.4238 15.9464 101.654
729 71.0043 17.8328 79.6467
730 72.404 12.9406 93.1771
731 57.8188 12.967 93.82
732 86.4393 1.35052 102.511
733 83.5532 9.58282 108.912
734 83.0021 10.5866 118.938
735 83.6028 9.22394 120.406
736 86.5414 21.6162 111.73
737 68.9986 20.5409 117.758
738 67.9453 0.281834 112.399
739 73.4526 24.7479 104.648
740 82.5326 16.7767 124.988
741 62.3558 19.2518 119.298
742 72.4674 13.6015 119.909
743 80.6849 29.2203 114.579
744 59.4123 0.449299 120.893
745 62.1684 16.1148 125.467
746 62.455 0.106955 112.126
747 59.68 16.3419 125.293
748 71.7928 26.7823 -0.296728
749 72.4037 41.0872 -0.297302
750 88.0415 52.6956 10.422
751 80.1226 27.1567 23.0212
752 72.3656 32.2924 -0.310518
753 63.7902 18.3291 -0.0109859
754 72.6687 46.9168 20.1383
755 52.1767 46.95 14.4154
756 50.5475 48.3325 19.0635
757 57.539 21.4866 26.6036
758 59.6405 28.192 13.3106
759 62.8936 23.8999 40.3743
760 60.0571 26.6345 43.53
761 70.7283 43.0091 36.5612
762 62.7826 26.0332 33.9034
763 83.4676 23.0409 66.3407
764 77.6898 37.3133 54.9164
765 62.4274 39.0641 56.9812
766 58.481 38.6831 59.5803
767 77.9713 17.356 48.4844
768 76.5234 32.8834 56.3764
769 72.5265 38.7442 41.2398
770 73.904 37.356 36.4774
771 87.629 34.3987 42.4073
772 77.4034 31.0571 41.9749
773 81.6033 30.8446 79.3878
774 77.978 39.739 73.4055
775 48.2626 32.4579 73.2232
776 60.9144 41.6535 63.1798
777 65.9207 38.6601 66.2278
778 86.5387 36.4724 79.0675
779 86.5469 28.9343 72.3082
780 57.4982 38.0429 78.7918
781 55.6922 26.4256 80.4129
782 68.5001 46.8563 75.5198
783 69.1648 23.7852 94.2195
784 91.11 30.2097 80.3102
785 76.5125 27.8479 98.5904
786 71.858 40.7421 88.1039
787 71.9901 20.8895 97.1461
788 73.2221 50.4108 92.5267
789 59.5446 36.2712 92.943
790 72.0101 37.9759 75.6151
791 84.3479 44.7046 92.7171
792 59.2413 39.0141 80.6477
793 80.5228 32.0562 87.7946
794 66.9489 26.1446 108.981
795 74.7644 29.1421 103.146
796 51.9176 41.8904 101.794
797 83.4703 32.0927 96.9698
798 70.7114 35.1655 95.395
799 60.4705 46.3952 100.334
800 78.0492 41.0882 111.721
801 83.1544 26.6356 90.5968
802 83.4813 23.4965 96.8391
803 71.982 45.96 97.2956
804 59.515 24.9866 125.238
805 71.1297 30.8776 125.047
806 62.0627 24.9846 116.407
807 83.622 27.93 115.047
808 66.8192 34.6896 111.955
809 82.0822 31.0116 116.012
810 89.8059 49.4913 -0.814012
811 69.8423 58.2147 -0.828008
812 52.252 61.0986 -0.276017
813 59.7097 56.8823 12.8299
814 64.87 62.4583 9.8399
815 72.0775 49.998 8.46447
816 65.3207 59.0496 15.7479
817 92.3469 72.7508 16.7079
818 63.6243 52.1344 -0.373049
819 82.5937 57.0207 12.6087
820 82.4117 45.5119 9.8003
821 71.1277 57.1365 15.5968
822 62.308 64.7646 15.5687
823 72.2299 44.2729 20.1472
824 69.647 69.2508 28.9191
825 76.7275 63.4508 24.4556
826 65.737 65.3084 15.6953
827 56.8022 64.1072 5.73562
828 84.3573 70.9673 43.0461
829 75.7481 66.6099 22.954
830 78.4704 70.1723 37.6992
831 76.6098 65.8511 33.0979
832 69.6013 75.3398 34.608
833 92.9865 41.4987 46.6184
834 70.7497 48.5967 39.4385
835 67.3287 68.3634 27.3631
836 75.2931 70.0994 34.5069
837 81.4489 72.6793 37.5919
838 74.0663 45.9145 39.4465
839 83.6059 56.2958 76.1671
840 56.7387 56.7173 61.2725
841 66.8573 61.9699 56.2592
842 59.1266 50.4417 81.1008
843 70.2989 59.8129 56.274
844 63.1445 66.3759 70.2147
845 79.2376 61.3289 66.1602
846 84.6854 60.9791 61.5409
847 66.4116 64.554 60.5054
848 78.1953 59.6546 64.3532
849 70.6772 47.1783 92.7369
850 78.5694 56.0256 83.6689
851 74.6935 48.8189 94.1923
852 77.6365 71.7054 94.0246
853 80.0097 60.3676 85.0316
854 65.4895 57.6576 79.4573
855 82.0917 55.0018 77.6615
856 73.1759 64.4885 95.6528
857 61.5012 53.2139 81.2637
858 69.4565 63.2053 103.009
859 73.237 47.2793 95.7656
860 42.5799 64.7127 107.568
861 65.2601 44.9814 101.764
862 69.2009 66.516 111.79
863 65.4331 34.514 125.427
864 52.0778 57.0189 103.404
865 85.2107 43.1654 115.796
866 73.6513 38.6973 107.451
867 75.134 72.6354 117.348
868 86.5353 44.9457 114.668
869 85.1309 46.4463 113.092
870 81.1449 47.9215 125.484
871 71.4057 67.7892 124.971
872 79.609 55.7683 124.828
873 93.2466 67.5328 106.921
874 73.7371 63.4761 116.337
875 87.9165 59.5712 124.673
876 89.3251 70.3381 7.95868
877 58.4884 72.3439 8.47609
878 86.3399 89.4773 8.09963
879 65.0119 80.8623 4.36735
880 63.9205 92.4717 -0.651745
881 60.5457 72.838 -0.345012
882 66.9194 71.1603 18.0251
883 63.6152 83.3552 5.28337
884 69.5438 63.5835 -0.64389
885 64.1024 86.8773 5.4713
886 78.5302 75.7282 37.6032
887 73.4747 82.8351 9.5741
888 88.0479 63.1981 18.5138
889 73.0249 66.784 16.8505
890 79.4725 77.081 29.9098
891 58.1726 86.8578 14.238
892 75.2915 83.6976 37.8889
893 65.478 68.9408 24.5905
894 70.898 84.2528 43.3528
895 70.9428 79.608 38.9861
896 75.7611 80.9828 31.5642
897 72.8576 70.6307 49.2475
898 81.8929 82.7451 26.9557
899 87.9129 76.9386 36.4737
900 64.6775 94.3916 53.2632
901 80.6089 93.31 36.3127
902 77.643 67.4464 53.4631
903 70.5402 82.2527 58.8556
904 54.5977 76.1635 60.134
905 65.4532 63.3312 42.2654
906 65.9686 84.4811 65.5997
907 69.0573 66.9554 60.5403
908 65.7093 66.3768 70.2036
909 63.2473 84.972 81.6623
910 68.0502 87.8976 55.7496
911 77.4728 72.8749 70.2047
912 70.3195 83.603 79.8911
913 70.9067 82.0375 64.8508
914 71.7903 72.3078 63.7312
915 76.8926 81.7405 77.4259
916 89.0442 81.4197 96.0323
917 67.0245 60.299 94.1858
918 64.8596 83.1477 97.5855
919 57.5333 84.6023 78.6273
920 80.2838 74.5131 91.0224
921 82.2903 73.656 67.9868
922 63.0537 82.3107 84.8881
923 56.4168 68.9927 111.602
924 59.9541 71.7821 100.105
925 53.2075 90.3035 98.1151
926 64.671 90.5305 101.001
927 68.8202 84.7396 78.0638
928 73.4501 80.9602 104.255
929 85.5984 84.8983 124.457
930 59.4672 84.8004 124.809
931 80.1254 70.8456 124.796
932 84.5677 86.0669 114.068
933 77.8915 84.8626 113.936
934 68.4646 70.6658 125.069
935 70.8133 78.9469 124.834
936 68.3672 70.6715 115.989
937 68.4454 90.8548 124.831
938 79.4458 99.2108 9.58628
939 58.314 108.186 9.64244
940 56.7629 93.7239 6.85498
941 69.3498 92.1461 -0.697542
942 82.2803 105.344 27.0196
943 78.4002 114.472 14.9327
944 79.0706 112.443 25.3896
945 59.5362 102.373 27.6679
946 60.6009 114.337 6.84836
947 80.513 104.094 19.6222
948 46.8491 106.909 20.3097
949 69.353 108.966 26.5802
950 58.604 89.9849 25.9216
951 69.1169 112.389 39.0915
952 47.207 94.9981 51.4909
953 74.1501 91.0506 33.2691
954 85.4345 100.23 36.0237
955 55.844 100.107 32.8675
956 76.754 90.5899 36.3068
957 79.1182 101.869 61.6494
958 68.7811 93.2607 68.5704
959 82.2661 95.9279 70.6402
960 76.652 91.5192 30.0534
961 59.9935 110.856 57.3915
962 82.1529 111.927 60.0776
963 68.7097 112.555 45.3636
964 60.0364 79.5 42.3883
965 69.7066 91.4625 50.4977
966 65.2327 94.5408 47.1502
967 59.5063 112.136 41.9679
968 77.9541 91.5701 51.1063
969 78.0495 94.7386 66.4146
970 90.4807 90.6977 67.5057
971 58.7764 110.822 66.3429
972 67.4204 100.315 73.5368
973 86.2144 86.1993 66.0427
974 68.2115 111.368 62.9886
975 67.8445 100.378 79.5415
976 67.6981 103.214 90.9369
977 83.9537 108.711 84.0613
978 64.5223 97.9473 88.3973
979 67.3586 91.5548 70.2934
980 72.0585 94.5925 96.2228
981 83.0848 111.961 84.1723
982 66.6897 112.818 82.6915
983 74.1342 101.452 86.0443
984 64.7282 94.9645 94.8006
985 75.0565 112.529 75.2284
986 74.7244 114.776 107.808
987 70.5587 87.8967 101.054
988 65.244 108.828 124.844
989 76.7018 93.3309 97.7823
990 56.3397 90.778 101.142
991 83.1528 111.824 104.993
992 63.4502 91.1081 105.418
993 76.2448 107.091 97.393
994 62.6488 96.1404 100.876
995 76.1822 104.218 97.5354
996 71.9943 94.3675 111.222
997 61.991 115.099 108.568
998 67.485 101.984 124.296
999 62.1552 115.27 119.516
1000 76.5007 107.675 124.187
1001 65.1388 94.2371 124.75
1002 90.818 90.8065 124.24
1003 57.9819 90.4272 120.993
1004 85.0936 115.11 113.634
1005 50.8314 115.236 116.762
1006 95.8259 104.917 115.082
1007 72.3612 105.935 119.653
1008 113.922 12.5575 0.886952
1009 105.645 19.852 4.18602
1010 87.8859 19.3003 7.16915
1011 106.641 -0.373911 10.2155
1012 89.1617 3.32026 -0.549942
1013 96.7306 17.2652 10.065
1014 93.7435 20.2682 9.99131
1015 108.13 17.2025 18.8575
1016 102.979 5.2943 27.5392
1017 104.442 1.91359 21.957
1018 92.1953 11.5544 9.69432
1019 90.4067 6.48602 25.5993
1020 102.043 14.7184 25.1802
1021 71.1273 12.6742 20.9141
1022 94.5198 19.573 32.8952
1023 106.289 2.34148 42.3887
1024 111.628 4.18712 33.8756
1025 101.434 28.8268 37.3577
1026 87.5258 18.0205 40.6544
1027 97.2353 8.10483 33.2745
1028 80.9678 10.1111 26.3077
1029 91.5856 19.9384 39.1921
1030 87.6535 24.5358 58.8133
1031 80.6077 9.05323 66.6741
1032 111.789 10.8521 59.8472
1033 100.088 14.5927 57.2607
1034 107.517 18.8397 70.6189
1035 92.7324 2.75223 48.2375
1036 104.1 18.4904 46.4597
1037 90.3168 2.64674 54.4245
1038 98.9801 21.2009 64.6325
1039 91.8749 9.1393 84.3583
1040 111.851 21.0125 50.9751
1041 104.947 3.01926 81.1661
1042 102.323 2.90357 72.2205
1043 84.5408 3.00248 57.1281
1044 95.914 2.8979 60.1246
1045 86.4775 25.7881 72.3778
1046 92.3298 6.0843 75.3083
1047 81.1711 20.3865 88.0341
1048 104.361 16.172 85.8239
1049 111.507 8.24419 90.7586
1050 104.695 3.18386 75.8509
1051 102.588 12.2627 87.2567
1052 112.121 27.176 75.4537
1053 111.408 10.8481 90.971
1054 101.418 3.46154 90.3756
1055 96.5646 3.1039 72.3661
1056 90.3581 16.5806 98.0976
1057 111.359 9.38593 87.6856
1058 102.839 2.37024 104.634
1059 90.4971 22.0966 88.9887
1060 94.6481 20.9928 96.3236
1061 97.4511 23.3282 84.3452
1062 93.6958 18.8233 101.241
1063 102.712 15.3306 101.945
1064 83.6535 6.2612 108.85
1065 104.553 6.30801 107.244
1066 100.648 5.07559 113.598
1067 115.305 13.855 114.035
1068 113.706 5.23523 124.345
1069 100.179 16.2181 98.8379
1070 91.9829 35.5382 -0.729972
1071 89.3228 43.2394 -0.694749
1072 92.3426 18.8005 2.76695
1073 99.6769 45.9405 15.5514
1074 100.75 42.6467 2.63026
1075 99.3826 44.4514 3.8003
1076 104.191 32.5515 11.1404
1077 86.6244 31.9397 11.5207
1078 102.621 38.4401 11.2452
1079 92.3724 41.682 26.0525
1080 87.9758 40.177 24.575
1081 113.281 37.449 21.7843
1082 83.5803 33.4484 38.1216
1083 112.314 42.5326 44.7383
1084 113.292 41.773 26.5113
1085 95.6121 40.7006 43.55
1086 93.2655 37.1973 33.7303
1087 114.14 35.4531 17.8982
1088 99.4322 49.1289 18.4102
1089 101.41 23.9822 46.4928
1090 97.5374 27.2122 20.1886
1091 82.3995 35.0697 40.1372
1092 101.684 19.9071 59.3567
1093 91.728 38.5048 50.9909
1094 92.0376 39.3136 63.2806
1095 102.214 56.0091 48.4509
1096 84.743 51.5511 42.7488
1097 101.466 26.5997 46.4678
1098 91.3938 33.8489 48.1917
1099 112.841 42.9701 59.3168
1100 90.5164 35.8494 64.8546
1101 100.686 38.8667 53.7447
1102 111.584 13.9462 50.9828
1103 97.4749 31.0849 57.1255
1104 93.9891 46.2194 64.5928
1105 92.3751 34.3659 72.2084
1106 100.68 33.7287 69.1185
1107 90.3409 30.033 52.9012
1108 100.39 28.2041 63.2412
1109 112.017 31.5432 47.8352
1110 112.09 40.3099 75.1906
1111 106.159 41.8724 68.8564
1112 104.05 27.1777 79.8308
1113 101.75 32.537 61.4911
1114 92.528 41.4206 86.1526
1115 90.605 32.9737 77.0127
1116 114.859 36.5195 101.492
1117 92.4744 28.5991 81.7958
1118 98.9675 40.6113 78.0312
1119 81.6519 25.3492 88.6153
1120 73.3785 41.7627 86.6358
1121 88.5676 43.3272 91.1956
1122 88.3665 32.5816 80.9608
1123 101.836 44.6897 100.755
1124 87.2739 33.2271 83.1252
1125 113.759 49.4634 91.7394
1126 112.002 29.9566 78.5174
1127 92.6445 32.0115 111.45
1128 92.504 34.7327 105.674
1129 102.39 44.6399 115.503
1130 111.222 25.0163 124.303
1131 113.853 39.4092 124.137
1132 107.918 46.2413 104.756
1133 115.272 42.519 114.113
1134 105.122 44.9908 124.51
1135 105.044 35.004 109.96
1136 84.9744 59.4003 124.775
1137 92.1754 55.1124 8.27657
1138 106.626 54.1016 12.5853
1139 91.9436 52.6339 -0.548536
1140 102.952 57.0445 15.3357
1141 112.741 63.6153 31.9324
1142 102.099 62.2825 18.3234
1143 105.882 55.6447 26.798
1144 90.9371 53.8595 12.6389
1145 89.8989 52.8294 14.0852
1146 112.343 51.2613 29.0244
1147 114.092 58.3174 14.8382
1148 102.446 58.3035 8.32025
1149 95.084 78.1168 28.4232
1150 90.8694 68.2121 18.3483
1151 87.7252 51.5751 39.5686
1152 99.8418 55.8399 32.5899
1153 93.526 50.9915 30.2677
1154 94.9723 75.7657 28.4951
1155 98.4204 54.2569 34.1707
1156 80.8644 70.1509 40.9309
1157 112.725 49.9813 38.239
1158 99.2299 63.8915 45.6794
1159 96.1972 69.0622 45.9493
1160 112.44 69.0731 47.1153
1161 112.472 42.2311 50.5261
1162 93.321 53.7667 58.0658
1163 95.0682 54.8699 74.484
1164 106.275 46.7464 56.1486
1165 112.444 61.1991 52.2206
1166 92.19 69.7779 34.8122
1167 112.926 53.6445 55.1609
1168 90.1748 71.0645 68.5392
1169 101.579 60.9535 75.7297
1170 102.242 57.5113 62.4367
1171 103.895 51.357 67.4131
1172 110.842 55.0457 69.8324
1173 88.7752 56.0083 76.5152
1174 94.9637 54.9965 66.3634
1175 90.118 52.3208 74.2393
1176 100.532 67.6144 56.5762
1177 103.239 69.7808 76.1469
1178 89.212 61.6496 89.4475
1179 91.3375 43.867 67.8966
1180 99.9029 45.922 67.4137
1181 101.935 48.8247 67.3067
1182 94.6661 50.0991 83.0603
1183 107.253 44.4744 97.0892
1184 86.8216 50.3364 86.6766
1185 83.1296 51.7322 91.1757
1186 92.1258 44.8524 82.7519
1187 113.042 67.2155 85.3461
1188 113.179 47.2971 88.1333
1189 112.951 58.4113 82.135
1190 111.64 50.0097 76.22
1191 107.586 70.4611 100.412
1192 86.7186 51.8659 105.616
1193 110.894 51.7354 95.0361
1194 88.927 58.9853 97.5176
1195 108.315 51.6072 95.4468
1196 94.3554 69.1801 93.3683
1197 79.3333 63.3387 106.463
1198 99.4319 63.2691 105.118
1199 93.3806 67.9331 95.1675
1200 99.2226 60.5068 107.029
1201 84.5135 56.4045 118.737
1202 87.5235 59.113 118.587
1203 108.073 56.6015 124.213
1204 98.3669 68.899 114.05
1205 93.7414 57.0136 124.586
1206 108.077 64.818 124.079
1207 81.3526 83.7434 -0.85866
1208 89.1913 80.5875 -0.878521
1209 100.878 90.0087 7.99445
1210 113.766 75.3944 3.50112
1211 86.7139 88.4192 25.4444
1212 106.564 82.4395 10.5747
1213 86.5063 80.4847 -0.974706
1214 78.0147 69.8165 19.8409
1215 86.3979 76.8434 10.567
1216 113.819 87.0232 0.651306
1217 112.648 88.7305 18.4044
1218 113.013 55.896 31.0926
1219 95.5821 84.2445 25.4855
1220 69.8553 72.4066 19.9085
1221 106.181 72.6884 25.7393
1222 111.137 90.7053 26.3712
1223 85.459 86.8328 26.5313
1224 77.4025 86.7841 11.0799
1225 89.3604 85.6407 21.5399
1226 109.044 73.1612 50.2419
1227 105.623 86.191 38.5802
1228 103.528 70.5773 53.2473
1229 92.4411 68.0667 40.5257
1230 93.1684 75.7712 36.3343
1231 91.5126 67.1016 38.5836
1232 112.244 74.4671 34.9353
1233 80.5414 88.6212 38.7212
1234 91.6481 78.0844 41.5573
1235 100.548 73.0224 47.2485
1236 87.3839 84.8898 61.7431
1237 87.2838 76.9201 52.4401
1238 111.98 87.8621 50.4607
1239 97.1609 86.6143 44.7787
1240 80.6813 83.1046 66.1487
1241 102.904 69.7695 69.4008
1242 96.2832 79.0294 67.5516
1243 104.872 76.4718 73.6403
1244 97.737 72.1855 69.5848
1245 111.919 84.8819 68.6273
1246 104.552 71.2298 74.2605
1247 104.1 63.5926 74.999
1248 93.2781 87.2669 58.5058
1249 93.9224 82.2539 79.9419
1250 112.121 90.3464 80.4506
1251 97.6688 83.1299 92.9558
1252 88.5921 69.8319 79.3666
1253 112.005 64.8647 79.4107
1254 90.29 73.2776 64.742
1255 94.7432 71.9172 93.3967
1256 111.5 65.7956 76.0543
1257 84.3656 80.8643 82.4656
1258 112.524 80.8222 80.6683
1259 89.2605 91.6963 81.157
1260 90.7303 84.9443 97.7576
1261 115.319 84.7929 102.762
1262 84.7644 93.106 100.65
1263 86.4061 75.2333 111.321
1264 91.6793 74.0561 93.5916
1265 104.932 84.9801 103.314
1266 107.819 76.3231 112.272
1267 88.1749 73.7293 124.329
1268 115.348 73.8378 110.901
1269 93.784 69.1477 125.124
1270 115.362 87.6816 113.585
1271 107.901 79.4294 112.245
1272 96.3568 85.1182 118.062
1273 93.3213 85.1855 118.167
1274 109.277 81.6318 119.491
1275 93.5493 60.6118 111.196
1276 115.34 82.2 116.658
1277 96.5248 88.0095 124.284
1278 82.4046 80.565 116.193
1279 105.27 90.5075 115.012
1280 105.132 76.2324 120.96
1281 110.848 92.3557 6.47818
1282 95.0865 114.164 12.2103
1283 112.088 114.151 6.30783
1284 113.966 97.6246 14.7856
1285 99.3837 109.576 12.9807
1286 105.742 103.174 20.1156
1287 107.497 105.051 17.9263
1288 91.5074 97.2326 38.9963
1289 97.8255 106.675 19.531
1290 111.424 95.2458 29.5827
1291 106.331 101.33 16.5075
1292 91.6055 106.853 22.6168
1293 99.2679 97.2248 35.8818
1294 107.196 111.626 44.8198
1295 84.9681 111.878 35.5508
1296 99.1353 99.8425 32.9408
1297 83.4912 97.3129 38.8644
1298 111.879 96.2113 51.1648
1299 102.986 97.4437 50.8061
1300 95.7705 93.3463 43.4664
1301 87.0978 94.7099 35.1354
1302 81.9676 90.576 52.6373
1303 94.0896 102.955 47.849
1304 107.578 92.9575 64.4143
1305 111.796 109.803 53.6602
1306 84.7852 111.712 47.5445
1307 101.67 87.778 55.1849
1308 91.6367 103.317 56.8534
1309 111.802 104.593 65.0532
1310 88.9763 94.781 66.0633
1311 84.1129 95.9597 73.6071
1312 103.078 91.9632 71.6873
1313 111.477 109.961 81.6559
1314 88.2562 111.714 84.0169
1315 111.943 96.2662 68.734
1316 94.5847 92.0037 63.0148
1317 105.493 91.5659 98.617
1318 98.5582 111.477 86.7401
1319 93.2328 99.9318 96.2656
1320 93.7869 88.0353 89.202
1321 112.059 88.506 86.6458
1322 106.127 86.7369 83.8201
1323 111.434 107.11 84.0425
1324 106.912 111.377 98.2122
1325 90.6633 100.311 101.676
1326 103.384 89.14 93.1861
1327 85.0734 96.1061 103.574
1328 115.374 90.5376 121.637
1329 111.791 99.0811 92.5868
1330 101.03 107.908 100.947
1331 91.1821 109.126 107.843
1332 87.6069 109.9 103.485
1333 96.3041 110.306 111.994
1334 103.564 96.2159 114.866
1335 87.7022 106.964 112.184
1336 114.306 104.71 123.622
1337 115.223 101.46 118.893
1338 115.15 101.783 115.853
1339 105.473 110.286 124.024
1340 115.047 109.946 104.431
1341 85.2207 94.6701 105.473
