0 6.55144 15.7138 0.902909
1 6.95942 9.60785 7.2163
2 16.4055 28.2791 13.8277
3 26.5164 -0.604316 14.1837
4 26.8257 4.23149 0.973223
5 9.6344 4.62769 4.37039
6 4.14879 9.76311 4.36166
7 12.5378 2.63851 11.6214
8 23.9503 15.6069 0.842466
9 1.09493 15.2934 1.31626
10 2.72623 28.5411 32.1031
11 18.3504 4.20199 18.5832
12 14.3071 9.64065 35.0589
13 12.8477 2.12925 22.2654
14 23.9689 -0.374641 13.8061
15 6.77318 25.6834 30.029
16 2.75182 19.6964 38.5416
17 30.6008 19.9194 37.0996
18 2.49382 5.56118 52.9879
19 18.3885 24.3566 32.6043
20 35.4147 14.5304 42.0626
21 3.8393 4.50149 75.0934
22 31.327 15.0772 37.4823
23 20.5077 1.98962 27.5551
24 2.75198 28.2055 45.7214
25 30.8573 21.7775 58.4344
26 15.8416 16.0799 70.2947
27 8.81418 23.806 49.2008
28 28.0404 17.7443 71.3203
29 17.6023 3.25418 43.8638
30 14.1433 25.0055 60.1027
31 17.5182 5.09608 59.7874
32 29.8751 20.5999 52.0337
33 16.9542 14.1487 58.8303
34 4.47159 12.9257 71.8052
35 24.4372 11.4074 69.7011
36 18.1026 13.097 71.7464
37 24.4309 31.999 61.37
38 14.6319 4.96443 59.7486
39 20.069 5.33142 63.4881
40 25.125 7.23648 82.6238
41 24.6276 18.2973 76.3991
42 20.2013 14.5472 83.4674
43 12.439 9.88845 98.1759
44 15.4534 19.5883 87.2177
45 21.3521 2.64271 87.1513
46 12.0964 15.1359 83.319
47 2.44625 7.39814 111.252
48 26.3762 11.3899 81.1387
49 40.9433 22.8603 103.886
50 6.52684 17.7506 110.044
51 22.6489 23.458 118.937
52 3.98036 14.5777 97.8827
53 19.6265 15.0627 111.684
54 28.8442 9.17085 110.0
55 33.0715 7.85693 114.061
56 16.8204 22.3356 105.706
57 5.84593 22.4031 105.82
58 3.15365 18.7872 100.832
59 9.63881 13.7401 117.845
60 3.94179 13.5443 118.673
61 11.2191 0.296142 115.874
62 28.0562 10.7122 128.882
63 25.6346 10.6805 128.808
64 3.07163 0.654993 124.319
65 16.8355 4.86024 125.734
66 16.5903 33.2933 8.07747
67 20.9733 41.333 9.36924
68 19.6136 39.6983 7.93575
69 -0.731896 44.0935 13.6844
70 16.9178 25.1881 11.1321
71 0.475576 55.5724 0.769266
72 21.003 29.5742 0.833959
73 1.04661 18.1462 1.24598
74 7.06809 27.7503 29.8248
75 4.52702 35.3635 47.4771
76 6.91731 34.1127 18.1763
77 12.4766 37.0617 16.4199
78 7.54036 29.588 40.0809
79 8.69743 44.2059 42.1729
80 17.6335 40.3523 50.9077
81 18.8183 44.7613 38.7177
82 12.1524 41.273 40.473
83 15.335 36.6053 48.9015
84 17.271 48.4588 31.1215
85 2.66876 41.9716 39.6823
86 13.8083 42.62 42.4408
87 17.3807 41.351 54.1455
88 22.6535 45.0656 48.001
89 8.72373 23.4973 55.6733
90 28.6497 36.0559 36.9486
91 30.6644 35.6567 42.9829
92 5.64656 42.0356 65.5336
93 18.1882 32.7206 46.0232
94 9.7894 22.5213 44.7802
95 31.2894 35.7309 56.9561
96 20.0883 50.9243 62.6943
97 33.9782 41.7085 50.507
98 15.6774 32.8355 60.5793
99 12.9674 32.9519 77.1378
100 25.1859 34.3685 76.5752
101 30.1415 34.1838 58.6733
102 5.41847 24.2428 72.5462
103 25.6286 49.7021 63.0308
104 23.2469 45.7856 52.8487
105 17.6397 44.1787 80.1298
106 37.9283 39.3427 74.2674
107 16.1644 27.0465 85.5422
108 25.6046 28.3153 87.5632
109 28.9411 32.8538 85.7305
110 22.1099 35.2696 96.7073
111 2.7131 40.5252 92.2516
112 33.9544 42.2403 90.5842
113 15.6242 34.8102 101.072
114 17.3533 28.2298 95.6293
115 21.9825 39.1537 111.117
116 20.9016 48.7141 100.754
117 15.5598 46.2699 103.759
118 0.478447 25.025 110.815
119 28.713 36.3729 111.062
120 26.4817 33.6115 104.016
121 22.5476 47.6203 102.292
122 19.4529 47.4458 114.035
123 16.6662 35.9106 114.059
124 19.6545 33.3602 102.422
125 35.7807 32.1741 118.336
126 26.5428 43.47 121.119
127 22.0387 44.7375 122.794
128 0.647067 22.2219 110.473
129 19.5347 51.0571 117.0
130 5.22136 36.7103 128.965
131 13.8701 45.0447 128.868
132 23.7112 24.9337 117.426
133 27.912 22.0356 116.994
134 26.8373 68.3813 18.8508
135 3.5719 61.0126 0.728575
136 22.4863 68.6411 13.3364
137 22.5279 65.4097 13.4398
138 -0.864783 49.5338 19.8355
139 -1.00649 67.0349 11.0867
140 18.3722 46.7704 9.36474
141 13.4645 67.7841 50.4946
142 -0.735863 44.1323 16.9692
143 9.90906 58.9253 35.7766
144 30.9926 53.8777 28.2521
145 -0.194282 55.7729 30.8284
146 25.7769 65.4033 13.3313
147 12.7227 58.4795 35.6495
148 15.6246 41.7314 49.0302
149 27.9493 55.799 26.7133
150 21.2671 59.2727 46.9848
151 15.3148 50.4763 45.3616
152 14.8679 72.6275 37.7903
153 19.9881 62.0762 46.7638
154 30.0458 43.8028 35.3421
155 28.6704 62.8816 48.3383
156 11.5231 56.9778 34.2705
157 7.62093 63.6799 42.3889
158 20.0981 51.8156 43.3586
159 2.91172 57.0994 49.6926
160 17.4654 66.0117 42.868
161 26.7618 53.323 66.1766
162 16.3852 63.6357 62.0833
163 13.3345 50.7702 45.6136
164 33.7778 58.2981 52.6649
165 30.1379 37.4582 65.2216
166 22.5928 53.9304 64.5419
167 17.1745 60.1674 85.5726
168 5.8328 54.8826 75.7628
169 25.266 56.6052 59.9727
170 24.4606 53.129 60.9863
171 34.4765 52.4767 80.6668
172 16.8971 64.3555 71.2606
173 25.6747 65.4432 88.5322
174 13.3558 53.2951 96.6945
175 5.82189 65.3051 77.9603
176 14.4489 57.1181 91.4756
177 22.2171 59.2637 81.2781
178 15.5995 45.1447 82.1267
179 15.4642 66.9319 93.8819
180 3.90649 45.9983 83.1182
181 25.1087 47.2425 105.311
182 10.6269 65.6374 95.5492
183 29.3299 48.5175 103.824
184 9.92984 60.4616 118.496
185 20.7119 55.0123 106.615
186 0.380733 56.2578 121.182
187 5.37356 82.8323 84.049
188 2.63503 67.7898 96.0889
189 19.4795 58.3628 117.104
190 17.9749 46.8478 112.599
191 0.575244 73.8919 124.121
192 13.8783 59.1243 128.624
193 19.8037 62.0337 128.77
194 9.62794 38.7579 121.539
195 8.50312 64.9437 128.736
196 18.9379 59.1384 125.455
197 20.6239 58.7683 112.469
198 31.0635 78.8316 128.299
199 9.56813 65.1836 9.75203
200 15.3981 100.421 3.30093
201 15.8912 83.8619 6.32005
202 21.0612 78.2904 6.28622
203 17.8733 75.2464 0.180427
204 17.5248 89.5154 0.0252695
205 -0.957348 75.2761 4.83695
206 16.7501 75.3162 15.1766
207 11.5001 75.0972 0.123683
208 21.9842 71.3377 7.54635
209 16.9896 75.994 28.1853
210 21.6421 84.115 26.3759
211 12.0272 95.1808 25.6459
212 28.1242 87.9054 19.1161
213 29.5494 67.1535 11.8163
214 15.3826 90.5671 14.8075
215 14.0302 72.4224 15.983
216 16.8527 92.5077 13.4378
217 22.8668 79.2698 22.1017
218 24.9878 86.4006 33.0465
219 12.6855 76.4802 17.5049
220 8.35726 76.6934 28.4144
221 27.0408 78.5141 40.8113
222 12.5423 88.2752 49.6466
223 16.6087 80.0434 42.9366
224 6.97851 78.1565 27.0107
225 18.7539 78.1802 32.4016
226 27.3904 67.6428 55.7495
227 25.0582 91.6119 54.016
228 29.6687 76.3837 60.9875
229 7.93436 75.686 59.741
230 26.5423 93.2801 64.3899
231 34.673 76.9683 45.4775
232 4.88911 79.283 68.7115
233 9.07016 62.5181 52.0126
234 22.0704 67.5654 68.9031
235 23.63 66.313 67.2575
236 18.2168 54.6283 70.5887
237 13.5488 70.0481 62.3043
238 4.45148 71.7651 45.4893
239 6.00378 62.0555 79.8251
240 11.1409 78.3277 71.9384
241 23.7655 71.5148 66.997
242 4.79941 64.8942 72.2948
243 19.0751 67.087 71.6999
244 29.069 90.3892 79.398
245 4.6257 72.4474 81.96
246 24.3007 93.0437 73.2478
247 26.6286 71.1282 64.0314
248 22.4602 80.6033 71.6137
249 4.29695 69.502 79.5989
250 28.2303 71.6322 83.606
251 17.2212 85.9743 77.764
252 29.507 71.7545 97.7607
253 22.8156 81.7404 107.998
254 19.1708 72.9551 99.4673
255 19.8048 84.2125 96.0282
256 33.5821 78.5872 96.1024
257 31.9877 82.8221 91.762
258 23.6421 82.8615 94.4937
259 7.91205 81.4278 102.195
260 9.84999 79.3802 73.2682
261 12.8767 79.5611 79.5596
262 7.99772 92.8627 101.769
263 40.6017 71.2331 94.6183
264 20.2383 74.9986 89.3596
265 0.474242 78.7484 107.123
266 16.7764 71.6359 119.803
267 1.9266 76.6018 99.512
268 32.1249 88.7932 100.32
269 16.7496 72.9882 93.2593
270 16.7079 89.3497 116.749
271 16.4541 87.6363 119.27
272 36.7594 79.8016 128.29
273 3.60141 70.1641 118.374
274 0.8929 87.6408 124.125
275 32.191 81.7655 109.724
276 32.2773 82.4508 118.071
277 25.2138 89.6571 116.403
278 29.2185 109.524 -0.0901739
279 21.9518 79.682 16.2705
280 27.8779 99.1244 7.36699
281 19.7315 106.684 8.94771
282 15.1832 113.994 7.49839
283 6.36315 100.802 0.280863
284 34.6764 94.0633 21.8585
285 0.0551267 96.6648 16.7404
286 18.3686 108.883 42.3584
287 9.79183 101.477 23.6911
288 9.25069 97.5727 31.6436
289 14.5541 101.041 17.7392
290 3.59196 102.382 28.6045
291 20.0018 113.953 16.2748
292 2.91286 88.6913 28.4424
293 20.8901 97.7599 32.5251
294 16.8463 89.5815 13.1991
295 8.66521 111.991 17.3423
296 20.8644 112.441 26.4048
297 36.6524 102.303 45.5254
298 38.3801 103.268 47.4807
299 32.5565 87.3012 43.7093
300 27.6409 103.129 47.9795
301 5.50887 104.324 42.1718
302 12.1931 99.2551 34.5151
303 15.0197 109.034 42.1159
304 12.4899 109.039 39.3386
305 29.5842 97.5932 43.9864
306 13.0412 110.812 24.7505
307 16.6607 86.2588 39.0265
308 25.5784 99.644 45.2623
309 26.3127 99.0719 43.5154
310 4.781 87.8338 53.9762
311 37.7171 90.3851 55.3886
312 19.6642 100.36 57.0357
313 23.8655 93.1903 46.5321
314 20.66 87.7457 55.3943
315 5.47113 104.281 77.2687
316 18.7755 109.407 74.6392
317 13.3658 109.515 88.9751
318 11.8387 89.0152 60.199
319 21.7708 104.671 76.1616
320 17.2188 93.2794 94.4107
321 16.8573 103.794 92.669
322 24.1978 109.556 83.4618
323 5.46967 106.67 74.9188
324 20.6419 103.15 80.3126
325 5.42478 88.1279 80.8633
326 5.31685 107.026 77.7581
327 5.46768 98.9434 69.2067
328 29.6905 100.155 93.936
329 29.8841 103.091 109.163
330 31.0774 91.9199 83.2064
331 12.6992 107.168 109.66
332 9.30637 91.5012 109.381
333 11.6467 105.124 103.147
334 5.18901 105.979 113.051
335 8.27274 112.359 110.058
336 8.52398 102.811 107.596
337 20.3283 100.416 92.1127
338 22.2976 114.985 103.513
339 28.0269 105.031 127.981
340 0.695484 101.968 120.635
341 8.28284 101.523 124.93
342 3.71343 107.34 117.83
343 36.9113 28.983 13.4812
344 26.638 -0.658087 19.4048
345 49.3083 -0.679205 16.6453
346 43.9154 15.3706 0.213285
347 57.8558 -0.530193 19.1393
348 40.2575 15.606 17.9997
349 31.9267 12.4741 0.70305
350 40.18 15.5497 21.0553
351 45.3041 23.0437 16.3222
352 35.7934 0.246391 28.2395
353 58.0153 9.16657 17.9699
354 32.6137 -0.0706395 22.57
355 47.0881 -0.208066 25.7536
356 48.5374 0.586706 31.6008
357 32.608 11.6606 26.9847
358 25.6458 27.0363 18.7018
359 47.0352 11.7688 31.7722
360 24.9177 7.35896 38.7646
361 44.9498 3.23099 42.709
362 31.6661 20.2767 34.2043
363 60.1994 20.472 30.7822
364 44.5305 22.9946 31.117
365 60.8504 1.17288 32.4897
366 34.9672 22.6229 56.1152
367 31.0266 20.0776 55.5057
368 48.1826 14.3553 56.912
369 46.4931 15.8321 43.8793
370 41.5076 35.4939 35.2065
371 20.2809 4.95298 57.081
372 28.4599 22.2774 57.2757
373 43.2752 15.9007 58.51
374 49.7502 16.2699 64.0436
375 53.0111 25.1668 70.8076
376 15.4151 4.03845 52.4925
377 35.6525 9.3687 97.9797
378 51.8097 16.6913 84.2756
379 42.4114 25.2445 82.2099
380 30.7855 11.2706 99.2291
381 54.364 16.8099 84.3857
382 37.2363 5.17586 99.5492
383 56.5573 7.88229 96.501
384 33.8371 23.6186 102.556
385 39.8454 4.69873 78.0338
386 31.3785 16.547 96.6688
387 67.9077 0.383207 109.038
388 48.7176 1.48959 91.9632
389 39.5966 24.0436 105.352
390 43.3739 21.9709 110.874
391 61.6263 10.63 96.3532
392 46.7459 32.0509 100.741
393 53.9466 14.103 128.387
394 39.5329 5.13045 128.732
395 48.0937 23.4934 129.011
396 45.5181 26.4235 115.103
397 36.5916 0.553108 126.787
398 42.4335 0.486932 121.063
399 49.2426 24.7647 101.595
400 62.8446 10.8581 128.534
401 45.2562 22.6703 125.399
402 37.8842 26.3989 0.483372
403 38.1027 35.216 0.0353651
404 23.671 40.7585 0.409355
405 55.4211 23.7037 14.7619
406 55.1946 41.2135 -0.22947
407 52.4325 38.5839 5.94449
408 22.2514 41.245 5.93835
409 38.1095 45.7767 12.0106
410 32.4187 26.8062 0.604172
411 48.9568 35.2512 -0.0710883
412 28.0966 41.3262 8.97499
413 39.6756 36.7755 16.4069
414 40.0185 42.8551 24.929
415 23.3862 23.8779 37.6616
416 42.7818 54.3046 19.0083
417 40.6081 54.0239 12.9052
418 38.0979 42.7228 12.3328
419 28.3698 22.6358 19.521
420 33.804 51.1254 13.2892
421 28.9532 23.4017 34.3041
422 37.2773 32.0455 45.4586
423 58.6765 27.4485 32.2311
424 40.7239 35.6806 23.6516
425 26.2864 19.1536 34.9524
426 58.7864 35.3841 41.0543
427 56.16 20.2067 41.673
428 32.6715 19.1788 32.7843
429 40.2493 32.1346 39.5098
430 30.0668 31.3065 35.4639
431 56.2132 28.257 44.3316
432 32.8767 38.9092 41.0801
433 41.269 30.4016 52.5061
434 43.3781 36.8292 65.2967
435 31.4654 26.0679 45.3536
436 36.7895 33.9039 59.5823
437 40.0831 34.8185 58.3875
438 42.6536 49.9878 56.3106
439 48.3186 40.7414 63.285
440 48.9463 43.6908 73.4639
441 26.932 24.5488 82.3925
442 46.524 29.3316 63.3746
443 28.7807 54.0046 75.1186
444 42.8557 20.586 94.73
445 41.1102 25.4277 76.3768
446 40.0192 32.1736 58.0487
447 47.9629 26.7851 51.3979
448 46.177 26.3334 80.8805
449 35.249 32.9332 92.2357
450 51.7705 37.5571 61.1567
451 36.6374 40.613 90.4714
452 32.5009 43.5126 82.8469
453 59.1906 42.115 87.007
454 31.054 49.7951 79.7438
455 49.552 30.8658 53.6159
456 39.4165 39.3758 96.3652
457 57.8824 35.2842 85.7061
458 42.7362 36.388 93.3589
459 25.4306 30.4459 93.8776
460 42.6639 39.303 96.3022
461 40.8624 37.761 95.0035
462 54.5557 35.1513 94.7524
463 47.0357 40.7114 97.6829
464 65.1357 23.6977 94.1606
465 35.0894 33.418 97.248
466 64.8988 33.3792 113.425
467 38.0526 40.7816 97.9183
468 59.4437 45.1576 99.1029
469 45.8017 35.01 115.188
470 35.8322 47.8031 114.108
471 46.2799 20.672 121.099
472 46.675 31.2722 123.907
473 45.7063 33.7695 128.632
474 33.6797 24.2751 116.964
475 51.1073 27.3725 128.48
476 60.7038 44.8514 104.345
477 47.884 39.1389 113.944
478 49.5405 29.1493 123.782
479 37.9616 54.8665 109.545
480 38.1482 59.9854 13.8035
481 49.372 63.7653 -0.219315
482 52.0029 68.2491 12.805
483 49.5706 49.571 -0.203362
484 41.1954 42.055 26.4951
485 36.0625 52.7241 23.3968
486 57.2206 74.0277 30.512
487 31.0558 60.3319 13.2403
488 54.8538 55.685 11.3546
489 45.4456 57.1885 30.8745
490 36.0224 64.1258 26.3709
491 45.5103 54.3892 27.8948
492 45.6338 44.35 23.5135
493 54.2366 57.1277 42.633
494 52.3831 33.1009 35.1826
495 41.4942 69.697 26.3366
496 49.8089 47.6037 32.1952
497 35.6579 73.5514 38.2206
498 46.5482 57.1722 52.9059
499 34.0034 63.5669 53.7252
500 49.4117 42.3856 63.0699
501 38.5639 49.97 47.5557
502 42.7472 54.359 45.8054
503 48.4101 56.672 64.5252
504 30.0485 62.6087 51.5333
505 45.5957 63.7726 55.4163
506 48.6011 63.4716 63.5957
507 56.0882 72.7009 77.5241
508 32.3655 51.3607 88.9001
509 40.1594 63.2393 78.3353
510 37.6658 49.5081 56.9707
511 51.2992 60.6047 60.9014
512 39.9027 49.6486 56.6201
513 34.2602 51.2948 71.2971
514 42.5797 64.6379 102.005
515 37.5347 60.3424 97.816
516 49.9821 58.8868 92.8807
517 41.5207 60.223 92.0335
518 34.815 62.3823 78.7706
519 43.9338 63.0907 85.5051
520 44.7198 60.1859 81.9923
521 41.0916 55.9273 92.5278
522 45.1876 64.4409 83.9193
523 56.4877 56.8285 101.779
524 44.799 53.0959 105.066
525 52.1426 48.9401 106.512
526 28.2538 57.7432 115.449
527 42.3018 56.4918 102.157
528 34.8035 45.9724 112.577
529 40.8628 48.7838 124.055
530 37.0708 56.0716 108.097
531 30.9668 61.8935 128.686
532 25.1682 57.087 114.049
533 57.2039 70.4017 128.278
534 33.8054 67.7377 113.782
535 48.0366 64.0731 116.478
536 64.8463 54.0424 104.858
537 32.5056 80.8193 -0.188523
538 43.5375 84.0726 -0.295476
539 25.146 72.0961 7.26216
540 56.9875 70.9109 9.89137
541 52.2513 82.6362 17.7753
542 23.7668 80.8273 0.135181
543 32.2102 55.5077 0.00902435
544 45.5375 82.695 21.7069
545 43.8952 75.7463 29.0643
546 46.7222 78.4952 26.2364
547 40.0424 92.5229 14.4563
548 36.7415 70.6521 18.9665
549 47.5554 82.7089 24.5087
550 56.6964 70.9473 24.5905
551 60.992 87.2356 31.8069
552 48.1231 79.8281 33.6183
553 32.7875 76.1302 43.6987
554 49.6262 78.147 35.0511
555 52.956 74.2641 61.2636
556 26.2279 68.5396 24.9727
557 34.0416 90.3566 30.5293
558 45.8126 59.7914 36.7361
559 44.8354 88.5995 30.4963
560 38.2201 61.5097 41.2538
561 40.8483 77.1821 36.5021
562 62.2516 74.1215 39.1186
563 61.0961 83.5713 46.6532
564 34.9633 76.8693 51.8151
565 52.6833 67.1382 29.2333
566 38.9343 86.6241 44.2612
567 58.5364 81.1787 58.454
568 48.6917 78.1367 61.2616
569 61.9244 63.8857 56.8645
570 48.7524 84.0201 55.4496
571 25.3597 66.8585 47.6544
572 44.7434 72.7826 47.4705
573 49.1185 76.9811 79.3211
574 66.0006 53.8334 56.7518
575 34.8051 82.6321 49.0679
576 33.4743 60.4126 56.9893
577 32.1032 71.5365 51.5201
578 27.2816 67.7262 49.5287
579 42.8737 90.0444 83.6909
580 54.2477 86.6351 70.384
581 44.5446 90.2611 78.2
582 37.608 90.4472 79.7493
583 46.991 71.4272 71.6238
584 34.0229 85.3769 77.0629
585 39.4035 73.6812 82.9564
586 40.1958 87.6273 70.6286
587 43.1874 82.8626 88.4336
588 31.6589 87.058 86.0984
589 35.1589 81.4806 96.1924
590 48.9675 83.4192 103.168
591 57.5979 74.5609 103.022
592 48.7917 80.2888 91.2804
593 49.2258 77.5448 100.245
594 21.1209 82.5385 94.6448
595 45.3037 84.8002 116.359
596 45.0868 85.1406 101.831
597 48.1132 62.7543 110.845
598 22.2695 68.8282 102.808
599 54.9705 89.1916 102.989
600 41.4226 86.0797 106.276
601 43.8113 89.018 114.896
602 46.4599 71.3588 109.135
603 48.7273 93.293 121.792
604 59.083 77.5273 105.386
605 30.6485 76.1339 99.1909
606 56.3598 87.2947 98.4891
607 46.5058 63.8015 100.491
608 44.0181 57.7138 103.557
609 53.7848 83.1898 114.584
610 39.0653 79.1179 113.646
611 50.9645 74.2263 116.147
612 42.5052 87.1978 116.415
613 38.2412 73.4608 122.321
614 44.746 87.694 116.357
615 53.7137 79.7304 116.354
616 38.8645 96.7218 7.1425
617 43.7557 114.258 1.68475
618 54.9692 112.366 -0.401035
619 26.6594 95.269 8.89726
620 49.1354 114.406 1.71525
621 53.5393 101.204 13.9663
622 59.205 98.1622 11.5056
623 38.1218 108.329 13.795
624 40.9751 85.246 11.0432
625 37.0257 111.059 4.16007
626 49.5053 102.477 10.2513
627 23.958 114.314 9.97552
628 48.023 94.2672 27.5332
629 23.7257 114.356 13.4704
630 22.8179 99.5517 25.3895
631 37.6078 96.9958 33.9087
632 39.6596 96.0835 30.4845
633 33.8206 112.5 28.809
634 56.9733 98.1539 17.1173
635 21.8152 101.884 26.9068
636 57.279 111.336 45.5879
637 27.3502 95.198 44.1268
638 56.6585 103.737 44.7951
639 45.8056 94.0601 39.5387
640 50.3009 95.8421 55.0101
641 45.6437 93.4096 45.9316
642 52.1923 95.2955 54.4033
643 30.4064 105.907 62.976
644 44.7055 89.2225 47.8886
645 49.238 112.152 37.8458
646 41.4576 89.7661 38.1923
647 44.2331 86.6518 47.4646
648 31.4326 109.519 68.5089
649 49.3921 111.937 82.3117
650 45.2852 93.9073 73.728
651 42.0656 109.841 71.8546
652 57.0959 91.8963 82.2631
653 58.5661 111.105 59.0886
654 45.436 87.4422 64.7902
655 34.9915 102.655 97.1853
656 52.7377 92.8456 72.2318
657 33.3528 95.8164 96.0662
658 47.1904 101.72 95.634
659 36.0418 96.2578 90.4965
660 30.1489 90.129 81.3294
661 49.0504 111.062 66.1093
662 55.9123 114.411 94.8435
663 43.9013 109.96 68.7601
664 36.6264 106.45 92.0484
665 44.8937 114.702 100.426
666 55.754 113.19 78.3649
667 37.6026 90.1236 88.6566
668 39.1884 93.8463 95.905
669 33.3113 95.3311 89.8678
670 40.5208 103.025 85.0188
671 29.1401 102.67 100.059
672 39.4645 98.5785 98.9032
673 48.5164 103.15 94.2017
674 41.986 101.765 101.588
675 40.0517 107.402 110.44
676 64.8726 97.6475 105.372
677 42.5051 115.072 108.85
678 50.5484 108.493 104.077
679 36.0477 115.152 120.51
680 42.6598 90.6264 128.152
681 42.1184 97.6215 120.136
682 43.8399 107.689 122.584
683 36.5774 90.3846 128.185
684 50.7775 115.292 114.796
685 35.1589 104.14 114.733
686 33.3797 115.137 114.369
687 41.8953 115.149 126.018
688 36.8029 96.2777 128.044
689 57.5142 102.078 128.146
690 59.478 113.278 127.554
691 66.5701 4.3284 0.286344
692 69.2326 32.5279 -0.21697
693 79.1808 23.8935 1.09119
694 74.0797 18.4485 6.26325
695 66.412 15.0664 0.0981873
696 62.5798 14.0655 16.168
697 89.3557 1.51541 20.717
698 67.0136 7.23714 23.6919
699 62.3951 18.3292 13.2432
700 82.7609 0.793874 22.9089
701 75.4792 -0.325808 18.6084
702 72.4816 -0.371007 18.9959
703 60.3758 0.00322594 31.2634
704 67.1011 10.4569 23.4583
705 61.0987 5.58297 13.233
706 60.7742 18.6461 48.7312
707 60.5216 15.4457 46.1174
708 74.2277 26.5148 45.0787
709 81.942 29.4941 42.6682
710 72.77 22.1605 43.5886
711 73.2751 4.62736 37.8428
712 63.8945 14.6123 56.7822
713 54.8075 13.9576 46.706
714 69.2888 20.1845 41.7256
715 67.9976 21.7303 43.2667
716 54.1331 22.352 46.7849
717 63.2634 9.48166 45.6266
718 85.3033 18.4991 60.843
719 50.4292 5.33048 63.1623
720 84.0405 20.2283 83.3871
721 58.4996 10.2858 64.5048
722 69.2366 5.96077 77.7653
723 62.9549 25.4186 72.3722
724 63.7265 5.82373 77.8182
725 75.7594 8.34476 56.6632
726 48.9285 13.0863 80.8867
727 87.6909 5.57068 91.3844
728 59.7018 16.8981 105.13
729 70.7327 20.1167 83.9499
730 73.3116 13.9202 98.7981
731 57.8261 12.2914 97.7712
732 85.9821 1.92654 105.086
733 83.5532 9.58282 112.01
734 83.0021 10.5866 122.036
735 83.6028 9.22394 123.504
736 86.5414 21.6162 114.828
737 68.9986 20.5409 120.856
738 67.9453 0.281834 115.496
739 73.4526 24.7479 107.746
740 82.5326 16.7767 128.086
741 62.3558 19.2518 122.396
742 72.4674 13.6015 123.006
743 80.6849 29.2203 117.677
744 59.4123 0.449299 123.99
745 62.1684 16.1148 128.565
746 62.455 0.106955 115.224
747 59.68 16.3419 128.391
748 71.7928 26.7823 -0.296728
749 72.4037 41.0872 -0.297302
750 88.0415 52.6956 10.422
751 80.1226 27.1567 23.0212
752 72.3656 32.2924 -0.310518
753 63.7902 18.3291 -0.0109859
754 75.0418 46.8902 20.0273
755 52.3431 46.9757 14.3938
756 49.8188 47.0503 17.5237
757 57.1534 23.4591 27.822
758 59.6525 28.1449 13.2552
759 62.9639 23.8513 39.6957
760 59.9592 26.6524 42.8596
761 70.7637 43.3895 36.2244
762 64.0389 24.4538 34.9575
763 79.6964 27.5334 66.739
764 77.018 39.041 55.2252
765 61.488 40.4659 57.8017
766 57.5621 39.3131 58.5905
767 75.6543 19.9967 50.3584
768 74.8274 35.7739 57.5517
769 71.1302 38.0773 42.3764
770 73.8686 37.4407 36.148
771 88.2062 35.7569 41.5723
772 77.5993 31.5097 41.0327
773 80.5673 32.2528 82.7917
774 78.0091 41.1677 76.7429
775 48.5276 32.0212 76.3502
776 59.9645 40.8782 65.077
777 64.7828 41.4578 69.4923
778 85.7117 37.116 83.8615
779 84.2078 31.5904 74.4336
780 57.9856 37.5246 82.6057
781 56.5485 25.6497 84.0187
782 69.0748 47.1288 78.7635
783 68.0345 23.6726 97.4659
784 89.4046 31.9077 82.5269
785 72.1722 27.9055 101.771
786 72.1668 40.799 91.5776
787 70.7328 20.8386 99.8054
788 73.5083 50.7998 95.7604
789 59.635 36.697 96.0972
790 71.7063 38.7718 79.3096
791 83.3741 43.3375 94.3314
792 59.4949 39.2925 84.1893
793 80.6311 32.6395 91.2566
794 66.2108 26.107 112.1
795 75.2499 29.5347 106.194
796 50.884 44.7298 104.936
797 82.2456 30.6574 101.676
798 72.2521 34.6081 97.3695
799 61.189 46.5723 103.34
800 78.0492 41.0882 114.819
801 82.6147 26.3065 94.3682
802 83.6636 21.476 99.9953
803 71.8989 46.0564 100.295
804 59.515 24.9866 128.335
805 71.1297 30.8776 128.145
806 62.0627 24.9846 119.504
807 83.622 27.93 118.145
808 66.8192 34.6896 115.053
809 82.0822 31.0116 119.109
810 89.8059 49.4913 -0.814012
811 69.8423 58.2147 -0.828008
812 52.252 61.0986 -0.276017
813 59.7097 56.8823 12.8299
814 64.87 62.4583 9.8399
815 72.0775 49.998 8.46447
816 65.3207 59.0496 15.7479
817 92.3469 72.7508 16.7079
818 63.6243 52.1344 -0.373049
819 82.5937 57.0207 12.6087
820 82.4117 45.5119 9.8003
821 71.0072 56.779 15.6192
822 62.3492 65.1554 15.6384
823 72.5307 43.4931 19.9293
824 69.8804 72.587 28.7263
825 76.6106 63.6419 24.2452
826 67.166 65.5953 18.3451
827 56.7028 64.1072 5.66438
828 83.1614 72.6864 40.3906
829 75.406 66.7142 22.8581
830 77.6036 72.6034 37.0831
831 76.6657 65.4608 32.9515
832 69.5332 76.7699 34.8932
833 92.6363 43.8908 45.9891
834 71.1423 48.9662 39.2561
835 70.9424 69.5463 27.5906
836 73.5504 69.7184 31.44
837 81.0106 72.9917 37.1075
838 73.6686 46.1276 39.209
839 84.1434 56.5429 80.365
840 56.7888 57.0805 62.6008
841 67.7319 62.1924 58.4917
842 59.4846 50.4475 83.7478
843 70.4542 58.3118 55.855
844 63.3313 64.8515 72.4337
845 79.3006 59.9507 69.4239
846 84.431 60.7656 64.506
847 66.7336 64.663 61.1927
848 76.4398 63.2323 67.0034
849 70.7355 47.8442 95.8435
850 79.0312 56.3161 86.7297
851 75.2086 49.1431 97.2893
852 77.2836 71.5394 96.9857
853 80.3975 60.0397 88.1251
854 65.9237 58.0379 81.9303
855 82.9156 54.8666 82.2586
856 73.4497 64.4423 98.5841
857 62.1158 53.4602 83.7764
858 67.942 66.3282 106.807
859 73.7106 47.7062 98.9464
860 42.6775 64.7261 110.947
861 64.83 45.1031 104.963
862 69.5292 66.1915 114.887
863 67.7979 30.6286 128.537
864 56.6568 57.7225 108.714
865 85.2107 43.1654 118.894
866 73.4721 39.3973 110.55
867 75.134 72.6354 120.446
868 86.5353 44.9457 117.766
869 85.1309 46.4463 116.19
870 81.1449 47.9215 128.582
871 71.4057 67.7892 128.068
872 79.609 55.7683 127.926
873 93.2466 67.5328 110.018
874 73.7371 63.4761 119.434
875 87.9165 59.5712 127.77
876 89.3251 70.3381 7.95868
877 58.4884 72.3439 8.47609
878 86.3399 89.4773 8.09963
879 65.0119 80.8623 4.36735
880 63.9205 92.4717 -0.651745
881 60.5457 72.838 -0.345012
882 66.9194 71.1603 18.0251
883 63.6152 83.3552 5.28337
884 69.5438 63.5835 -0.64389
885 64.1024 86.8773 5.4713
886 78.2269 75.2263 37.2464
887 73.4157 82.6341 9.59907
888 88.5485 62.8097 18.293
889 71.2935 65.0429 18.4417
890 79.4448 78.3766 28.9134
891 58.2015 86.5492 14.1417
892 75.5894 86.4899 37.5777
893 65.1472 67.0666 24.0652
894 71.3587 83.7174 41.5243
895 72.1837 76.5192 37.6545
896 75.2145 79.604 34.7666
897 70.8649 70.248 48.9618
898 82.4199 85.4803 27.001
899 87.8712 76.6421 36.0112
900 62.8577 91.7926 54.7146
901 79.1843 92.1277 35.3417
902 74.5571 68.8157 51.3971
903 69.3069 80.8347 59.7397
904 55.3488 74.9161 63.9938
905 65.4643 62.7423 42.3158
906 64.4955 82.1959 67.2685
907 68.6179 67.71 61.8007
908 66.9271 64.8823 69.7689
909 63.1899 85.8767 85.4238
910 66.8711 85.8056 56.3702
911 77.3294 72.7387 73.7528
912 69.9984 84.2016 83.6054
913 69.6398 81.7294 67.1226
914 72.0906 71.9182 67.0529
915 75.9436 81.5556 80.8217
916 88.3961 81.7236 101.318
917 69.3047 60.8103 97.294
918 63.2382 83.1043 100.13
919 58.7305 85.5842 82.1232
920 80.1915 74.6845 94.1725
921 80.5228 73.3111 71.1421
922 61.3353 84.2752 86.7905
923 56.3394 69.0135 114.825
924 61.8915 71.7421 102.913
925 53.5291 90.3472 101.442
926 67.7539 89.168 101.559
927 68.1297 85.4891 81.9926
928 73.4115 81.8527 107.3
929 85.5984 84.8983 127.555
930 59.4672 84.8004 127.907
931 80.1254 70.8456 127.893
932 84.5677 86.0669 117.166
933 77.8915 84.8626 117.033
934 68.4646 70.6658 128.167
935 70.8133 78.9469 127.931
936 68.3672 70.6715 119.087
937 68.4454 90.8548 127.929
938 79.4458 99.2108 9.58628
939 58.314 108.186 9.64244
940 56.7629 93.7239 6.85498
941 69.3498 92.1461 -0.697542
942 82.9214 105.575 26.5285
943 78.0472 114.195 9.69418
944 77.4179 113.628 24.3136
945 59.439 102.566 27.1941
946 60.6338 114.222 6.81953
947 79.4604 104.148 18.943
948 47.1469 106.926 19.9322
949 70.0087 109.654 25.6443
950 60.7839 88.2608 26.68
951 67.5091 110.727 40.1153
952 48.8721 95.685 50.3322
953 73.8064 91.68 33.1715
954 81.9506 99.8558 36.6913
955 55.4876 101.253 32.0346
956 76.9996 89.6648 36.8365
957 77.898 100.165 63.3719
958 66.5871 91.418 69.8185
959 79.7114 94.1175 72.7147
960 75.0482 92.3538 31.5629
961 61.2367 110.56 58.9651
962 79.3418 110.302 61.4056
963 67.0154 110.482 42.2189
964 56.8693 80.2202 42.2394
965 68.6533 89.5085 50.8631
966 63.3256 94.131 48.5061
967 59.6959 112.024 41.0921
968 76.9107 89.6073 51.0122
969 76.309 93.0086 68.1609
970 87.7692 88.4373 69.38
971 59.9254 110.662 64.005
972 65.6953 98.8179 75.3272
973 83.5375 84.2802 67.7635
974 69.1628 109.274 64.1156
975 67.2111 100.896 82.8293
976 67.6291 105.925 95.1424
977 82.1049 106.93 86.5603
978 62.3415 98.6686 92.3876
979 66.7283 90.4024 73.988
980 71.9073 95.2147 99.85
981 81.8324 111.217 86.8496
982 65.3477 112.219 86.2811
983 73.7357 102.214 90.3732
984 64.7006 101.989 98.3787
985 72.2211 110.503 75.2786
986 76.3407 115.89 109.446
987 70.5426 86.9212 104.366
988 61.9598 110.572 127.511
989 75.8071 93.3621 101.419
990 56.4176 90.5581 104.405
991 84.9655 111.956 108.334
992 63.2318 91.8253 108.687
993 75.2242 110.458 101.018
994 60.6373 96.4055 103.106
995 78.6786 106.27 102.425
996 71.7382 94.6093 114.294
997 64.4875 115.249 108.156
998 67.485 101.984 127.394
999 62.1552 115.27 122.613
1000 76.5007 107.675 127.285
1001 65.1388 94.2371 127.848
1002 90.818 90.8065 127.338
1003 57.9819 90.4272 124.091
1004 85.0936 115.11 116.732
1005 50.8314 115.236 119.86
1006 95.8259 104.917 118.18
1007 72.3612 105.935 122.75
1008 113.922 12.5575 0.886952
1009 105.645 19.852 4.18602
1010 87.8859 19.3003 7.16915
1011 106.641 -0.373911 10.2155
1012 89.1617 3.32026 -0.549942
1013 96.7306 17.2652 10.065
1014 93.7435 20.2682 9.99131
1015 107.84 17.2112 18.8324
1016 98.1133 7.37231 28.9053
1017 104.967 2.77903 19.7602
1018 92.1181 11.5696 10.6319
1019 89.0967 7.23684 23.6063
1020 101.517 14.4069 22.1563
1021 71.1273 12.6742 20.9141
1022 93.5979 20.2818 34.1095
1023 104.158 4.24767 44.9817
1024 108.734 5.6923 35.7072
1025 100.026 30.6616 38.8035
1026 85.3215 20.3698 42.2806
1027 93.4836 11.6366 34.0625
1028 79.7606 9.96166 25.8489
1029 89.423 21.5883 41.0857
1030 86.2441 27.4504 60.8929
1031 78.977 11.7771 68.4767
1032 109.261 11.7474 63.1585
1033 97.5068 16.4074 59.4942
1034 105.13 20.1115 72.625
1035 92.8716 4.33784 49.9579
1036 102.28 19.8693 48.8203
1037 84.8341 5.34098 56.3926
1038 96.813 23.8838 66.856
1039 89.1033 11.0336 85.9716
1040 109.833 22.4929 53.5816
1041 101.631 5.1806 82.9376
1042 99.1521 4.92184 74.4744
1043 82.2223 5.49328 59.0956
1044 93.2935 4.88858 62.785
1045 84.3342 28.7106 74.3465
1046 89.0766 8.85483 77.3326
1047 79.6315 21.4008 90.7145
1048 102.138 18.1871 87.3807
1049 109.038 9.56723 91.4323
1050 101.465 4.96408 77.6201
1051 100.355 14.2561 88.7754
1052 110.286 25.5604 76.8724
1053 109.27 12.5541 92.0495
1054 98.4126 5.57074 92.2344
1055 90.3411 5.32506 74.7242
1056 88.9239 16.4489 101.811
1057 109.405 12.249 85.4335
1058 100.292 3.70814 106.085
1059 90.8239 24.1099 92.7568
1060 93.8055 22.8742 98.1722
1061 95.5404 25.2935 86.5005
1062 95.6941 19.4616 103.946
1063 101.394 15.0482 105.378
1064 83.4552 6.43847 111.975
1065 103.034 4.63239 107.418
1066 100.648 5.07559 116.696
1067 115.305 13.855 117.133
1068 113.706 5.23523 127.442
1069 100.179 16.2181 101.936
1070 91.9829 35.5382 -0.729972
1071 89.3228 43.2394 -0.694749
1072 92.3426 18.8005 2.76695
1073 99.6769 45.9405 15.5514
1074 100.75 42.6467 2.63026
1075 99.3826 44.4514 3.8003
1076 103.772 32.9582 11.1908
1077 86.5869 31.9568 11.4959
1078 102.439 38.3351 10.8418
1079 92.4442 41.1923 25.964
1080 88.1069 44.2158 24.6988
1081 114.003 35.3399 21.3222
1082 83.6367 33.3551 37.9329
1083 110.398 43.8309 46.1504
1084 114.343 41.399 26.3872
1085 95.6114 41.2417 43.6164
1086 93.7952 37.0245 33.4407
1087 114.151 32.9248 18.6964
1088 99.1333 48.1609 18.3837
1089 99.5311 25.9667 48.3638
1090 97.9727 27.7035 20.0663
1091 82.0926 34.849 39.5062
1092 99.5795 23.4089 60.512
1093 89.5615 40.6952 52.0664
1094 90.3802 41.6188 65.2067
1095 101.602 56.3029 49.3033
1096 85.58 51.5834 42.322
1097 99.3057 28.5347 48.4081
1098 89.8844 35.3981 49.2746
1099 111.225 43.0685 61.1912
1100 88.9599 38.0438 67.3157
1101 98.2518 40.5178 55.5524
1102 109.447 16.8087 53.4503
1103 95.4255 32.8234 58.5827
1104 91.6069 47.6813 65.7568
1105 90.3685 37.019 74.8029
1106 98.9789 35.8648 71.7821
1107 87.8948 32.0581 53.8953
1108 98.1069 29.8327 64.9445
1109 110.291 36.117 48.9853
1110 110.256 39.9755 77.2023
1111 104.093 42.6493 70.9963
1112 103.009 29.058 81.9645
1113 99.6576 33.6489 63.0484
1114 92.7209 42.6102 89.0793
1115 89.107 34.951 79.5338
1116 115.304 36.3473 105.08
1117 90.7466 30.2663 84.1233
1118 97.9526 42.3272 79.9931
1119 81.1402 26.4054 91.706
1120 73.9518 42.1274 89.9389
1121 90.4507 43.4365 94.2313
1122 88.2371 35.5998 81.6542
1123 101.945 44.6324 104.011
1124 87.4571 34.9764 85.2017
1125 114.545 47.5901 96.5761
1126 110.452 31.0619 80.915
1127 92.4154 31.7483 114.624
1128 93.8844 36.7176 107.219
1129 102.39 44.6399 118.6
1130 111.222 25.0163 127.401
1131 113.853 39.4092 127.235
1132 107.918 46.2413 107.854
1133 115.272 42.519 117.21
1134 105.122 44.9908 127.608
1135 105.044 35.004 113.058
1136 84.9744 59.4003 127.872
1137 92.1754 55.1124 8.27657
1138 106.626 54.1016 12.5853
1139 91.9436 52.6339 -0.548536
1140 102.952 57.0445 15.3357
1141 113.146 63.4946 31.507
1142 104.094 61.355 16.924
1143 105.997 55.698 25.5568
1144 90.4863 53.9776 12.6749
1145 89.2776 52.5143 14.0439
1146 113.803 49.6542 26.931
1147 114.477 59.3041 15.0842
1148 102.332 58.2525 8.25522
1149 95.5287 78.3218 28.4326
1150 91.1722 65.7541 18.3403
1151 88.2709 51.7151 39.0934
1152 100.773 55.5411 31.5636
1153 93.608 51.27 30.3771
1154 95.4854 75.8786 28.4027
1155 102.48 54.2639 33.3265
1156 80.7375 69.798 40.1884
1157 112.355 51.0943 38.7146
1158 98.1977 62.7919 46.0631
1159 94.4695 68.7794 44.6794
1160 111.28 70.7597 47.7891
1161 110.682 43.6847 51.7862
1162 91.8238 53.3825 59.9651
1163 94.3196 55.2025 77.6125
1164 105.023 48.9275 58.1183
1165 111.464 61.845 53.8338
1166 93.6059 70.1605 34.3425
1167 111.442 53.7905 57.3337
1168 88.3493 70.4076 70.4945
1169 98.0275 60.3173 79.4739
1170 101.632 57.3662 64.3461
1171 102.613 52.3093 69.4143
1172 110.685 56.0419 70.382
1173 89.5819 56.9059 80.0423
1174 92.5477 54.2434 66.5725
1175 89.1794 51.8168 79.8124
1176 99.9932 66.7651 58.3198
1177 101.423 69.0443 77.9964
1178 90.3529 63.4754 92.4505
1179 89.6969 46.1531 70.654
1180 97.6442 46.5214 69.3018
1181 98.8469 48.065 67.6268
1182 95.8023 50.8103 86.252
1183 105.493 44.7874 104.026
1184 87.6733 51.4951 89.7609
1185 83.5839 52.2974 94.168
1186 93.7293 47.769 84.3967
1187 112.539 65.1654 88.9517
1188 113.527 50.1916 92.7852
1189 113.04 58.255 86.2632
1190 111.25 50.9014 77.3813
1191 106.253 68.5615 102.332
1192 86.8845 51.8882 108.744
1193 115.224 53.214 98.4581
1194 89.3596 60.4685 102.796
1195 109.062 52.0278 99.4012
1196 93.1888 69.121 99.5528
1197 80.6506 64.1784 108.665
1198 99.4319 63.2691 108.216
1199 91.9335 67.9454 96.8784
1200 99.2226 60.5068 110.127
1201 84.5135 56.4045 121.834
1202 87.5235 59.113 121.684
1203 108.073 56.6015 127.311
1204 98.3669 68.899 117.147
1205 93.7414 57.0136 127.684
1206 108.077 64.818 127.177
1207 81.3526 83.7434 -0.85866
1208 89.1913 80.5875 -0.878521
1209 100.878 90.0087 7.99445
1210 113.766 75.3944 3.50112
1211 86.7139 88.4192 25.4444
1212 106.564 82.4395 10.5747
1213 86.5063 80.4847 -0.974706
1214 78.0147 69.8165 19.8409
1215 86.3979 76.8434 10.567
1216 113.819 87.0232 0.651306
1217 112.86 88.7223 18.6145
1218 113.263 55.9923 33.0544
1219 93.5333 86.8615 25.5768
1220 70.3847 74.3102 21.1601
1221 106.394 72.765 25.1803
1222 110.207 90.5708 27.7114
1223 85.1996 84.1247 26.9269
1224 77.4213 86.7869 11.0239
1225 87.115 86.9815 22.4256
1226 105.963 71.6637 52.1805
1227 103.665 84.3132 39.8283
1228 102.491 70.0672 54.6309
1229 93.1015 67.5763 39.7547
1230 92.2451 77.0363 35.8103
1231 92.012 67.1906 37.422
1232 110.688 71.5361 36.1721
1233 79.7739 88.5862 38.7492
1234 90.8952 77.5503 41.133
1235 98.1015 72.9227 47.9391
1236 85.54 83.0768 62.4714
1237 84.8846 75.5924 52.7331
1238 109.631 86.3118 52.2935
1239 95.4945 84.6174 45.8162
1240 78.4294 81.7642 67.706
1241 99.7271 66.8519 70.6154
1242 93.0546 77.5814 69.632
1243 100.425 74.1221 74.1395
1244 93.2994 70.0558 69.3128
1245 109.131 83.5684 70.3352
1246 101.689 70.2053 75.76
1247 102.324 64.2282 78.1562
1248 90.6844 85.9905 59.2546
1249 92.4575 81.5441 83.1396
1250 109.799 88.1687 82.136
1251 97.4526 82.8404 96.4914
1252 88.5209 69.8549 82.3264
1253 110.807 64.9514 81.3007
1254 87.2731 73.0481 66.4544
1255 94.9475 69.1413 96.8966
1256 110.008 66.2713 76.2771
1257 83.4879 79.5567 87.0065
1258 110.18 77.6866 82.963
1259 86.9499 92.7045 85.8503
1260 90.4485 84.8847 101.171
1261 115.073 84.652 105.727
1262 84.2049 94.7507 105.427
1263 86.4163 75.2784 114.445
1264 91.8548 73.2695 97.6186
1265 104.83 84.5047 106.609
1266 107.819 76.3231 115.37
1267 88.1749 73.7293 127.427
1268 115.348 73.8378 113.999
1269 93.784 69.1477 128.222
1270 115.362 87.6816 116.682
1271 107.901 79.4294 115.343
1272 96.3568 85.1182 121.16
1273 93.3213 85.1855 121.265
1274 109.277 81.6318 122.588
1275 93.5493 60.6118 114.293
1276 115.34 82.2 119.756
1277 96.5248 88.0095 127.382
1278 82.4046 80.565 119.29
1279 105.27 90.5075 118.11
1280 105.132 76.2324 124.057
1281 110.848 92.3557 6.47818
1282 95.0865 114.164 12.2103
1283 112.088 114.151 6.30783
1284 113.966 97.6246 14.7856
1285 99.3837 109.576 12.9807
1286 105.648 103.415 20.6412
1287 107.309 105.05 18.2693
1288 89.8133 95.8138 39.6642
1289 97.9189 106.702 19.6037
1290 109.98 93.9676 30.9022
1291 106.502 100.824 16.5948
1292 92.2694 106.263 22.7453
1293 98.1337 96.0653 37.0095
1294 105.92 109.847 47.0959
1295 80.1052 110.447 37.2125
1296 98.5066 98.6609 34.0055
1297 82.1053 96.1927 39.0935
1298 109.128 94.0003 55.6631
1299 100.669 95.4789 52.1071
1300 94.1468 91.3376 43.9387
1301 87.1565 93.0003 33.6814
1302 79.7738 88.8434 53.8144
1303 92.9459 101.49 48.7422
1304 105.001 91.7102 66.052
1305 107.942 109.407 55.9987
1306 82.997 110.339 48.6696
1307 98.975 86.3477 56.3713
1308 89.7802 101.064 58.6327
1309 109.266 102.318 67.5488
1310 86.4495 92.5295 67.9849
1311 82.489 93.8125 75.5755
1312 100.688 89.3669 73.6257
1313 107.176 109.719 82.3012
1314 85.9895 110.199 85.8524
1315 109.847 96.7523 76.7535
1316 92.1026 90.0288 64.5391
1317 107.702 89.8524 103.418
1318 99.4584 109.546 88.4962
1319 94.2345 98.2795 97.1559
1320 93.4461 87.6648 92.5226
1321 110.635 85.9875 89.3563
1322 104.532 84.4258 85.5088
1323 109.782 102.409 82.683
1324 106.248 110.645 99.8514
1325 91.5193 100.485 102.013
1326 100.49 89.6932 93.7343
1327 83.9817 96.2403 106.591
1328 115.309 90.614 124.747
1329 109.584 98.798 94.5262
1330 100.848 107.659 104.014
1331 90.5387 109.248 110.892
1332 87.8742 111.918 104.415
1333 96.3041 110.306 115.092
1334 103.564 96.2159 117.963
1335 87.7022 106.964 115.282
1336 114.306 104.71 126.72
1337 115.223 101.46 121.991
1338 115.15 101.783 118.951
1339 105.473 110.286 127.122
1340 115.047 109.946 107.528
1341 85.2207 94.6701 108.571
