0 6.55144 15.7138 0.902909
1 6.95942 9.60785 7.2163
2 16.4055 28.2791 13.8277
3 26.5164 -0.604316 14.1837
4 26.8257 4.23149 0.973223
5 9.6344 4.62769 4.37039
6 4.14879 9.76311 4.36166
7 12.5378 2.63851 11.6214
8 23.9503 15.6069 0.842466
9 1.09493 15.2934 1.31626
10 -0.407901 21.0268 28.3259
11 19.8792 3.994 19.3196
12 15.613 5.60537 31.2277
13 9.56756 -0.681065 19.3684
14 21.4835 -0.582231 16.636
15 5.50763 23.0741 28.4268
16 -0.529756 18.5706 34.4101
17 29.7573 16.8684 35.0109
18 -0.20384 1.62756 48.5648
19 15.3914 22.9051 31.8804
20 31.3238 10.7891 39.6723
21 2.50818 0.0794329 66.6649
22 29.8578 13.9789 34.6515
23 21.2128 -0.738194 25.0542
24 -0.325251 24.2713 39.8317
25 30.2977 17.2215 53.7038
26 13.3643 13.1639 61.7015
27 7.06021 20.5098 44.418
28 23.3893 11.1913 66.0142
29 15.4093 -0.434645 39.2823
30 8.57152 22.8534 54.5333
31 10.1629 0.233859 54.6111
32 25.9014 17.1163 48.5144
33 13.478 11.6717 54.4169
34 -0.243393 16.027 73.8735
35 23.6836 10.349 61.6815
36 14.8775 9.32278 63.1579
37 18.7587 29.295 55.7466
38 12.8826 0.10001 57.6511
39 19.9642 -0.152762 60.6082
40 22.1051 4.2199 73.5524
41 19.0872 16.5342 67.5322
42 15.469 11.9453 75.1447
43 9.53512 7.95855 90.6236
44 10.5373 16.328 79.4044
45 19.5978 0.424555 78.0377
46 7.96066 13.6799 73.5458
47 0.249901 4.15558 90.0067
48 26.1249 7.73995 73.6082
49 43.7424 23.5322 92.2403
50 9.68719 18.6622 98.565
51 22.6864 22.7878 108.392
52 0.514804 15.7431 95.886
53 20.8618 12.7954 101.426
54 21.824 10.4938 100.077
55 32.4404 8.81428 101.244
56 20.761 21.888 91.903
57 7.46195 20.5977 95.8287
58 0.412436 16.5553 90.0892
59 9.73016 13.659 106.465
60 3.94179 13.5443 107.226
61 11.2191 0.296142 104.427
62 28.0562 10.7122 117.435
63 25.6346 10.6805 117.361
64 3.07163 0.654993 112.873
65 16.8355 4.86024 114.288
66 16.5903 33.2933 8.07747
67 20.9733 41.333 9.36924
68 19.6136 39.6983 7.93575
69 -0.731896 44.0935 13.6844
70 16.9178 25.1881 11.1321
71 0.475576 55.5724 0.769266
72 21.003 29.5742 0.833959
73 1.04661 18.1462 1.24598
74 5.49824 26.0358 28.5427
75 -0.384061 33.1221 39.9052
76 8.20156 30.1953 19.7923
77 12.1238 37.1247 16.6287
78 6.10855 25.5761 37.0769
79 8.26521 41.3458 37.3581
80 12.9149 38.231 46.8132
81 17.5397 45.7804 39.5029
82 11.5502 38.5259 38.577
83 9.80955 34.5027 43.7634
84 16.8175 49.9381 30.3557
85 -0.53585 44.2197 36.4983
86 9.80868 42.8579 40.4365
87 11.3073 38.8222 47.9847
88 20.0836 43.0864 45.3799
89 7.45679 21.6359 50.1151
90 29.9076 34.3028 36.3639
91 28.6518 34.2948 42.3323
92 -0.110862 39.3311 57.4306
93 15.3869 29.5735 44.0472
94 6.90903 17.9735 41.3831
95 25.8352 33.0425 52.3175
96 12.9394 48.657 54.2381
97 31.1407 40.1292 48.2603
98 7.99711 31.4764 54.3874
99 7.52715 30.5896 70.7139
100 20.2706 25.5341 65.8912
101 25.5411 31.1838 53.9557
102 0.37872 18.9766 66.3401
103 20.5886 48.7938 56.8348
104 18.6243 42.98 49.2647
105 15.2011 43.0608 71.8197
106 33.0431 36.155 64.2694
107 13.7833 27.3201 79.2999
108 22.171 25.9216 76.4025
109 26.464 28.7145 74.481
110 21.8765 33.2678 84.9648
111 0.598767 35.7794 86.7167
112 33.2859 42.2498 79.095
113 16.3482 35.8496 91.1582
114 16.6808 27.571 85.1584
115 23.9405 41.929 99.4625
116 20.6628 48.7655 89.3882
117 16.5951 46.1215 93.0291
118 0.550029 24.1558 90.0115
119 28.0979 36.174 99.6102
120 22.3993 31.0143 93.8641
121 21.7119 47.6941 90.6345
122 19.6133 47.9982 102.608
123 16.6025 35.7609 102.645
124 17.8881 33.389 91.4307
125 35.7807 32.1741 106.889
126 26.5428 43.47 109.673
127 22.0387 44.7375 111.348
128 0.647067 22.2219 99.0263
129 19.5347 51.0571 105.553
130 5.22136 36.7103 117.519
131 13.8701 45.0447 117.421
132 23.7112 24.9337 105.979
133 27.912 22.0356 105.547
134 26.8373 68.3813 18.8508
135 3.5719 61.0126 0.728575
136 22.4863 68.6411 13.3364
137 22.5279 65.4097 13.4398
138 -0.864783 49.5338 19.8355
139 -1.00649 67.0349 11.0867
140 18.3127 46.7829 9.35515
141 8.43426 67.0124 42.9623
142 -0.960137 46.6004 16.1261
143 9.82805 59.3469 35.3296
144 31.8893 58.2833 29.1667
145 -0.529265 61.6374 33.9404
146 25.6725 65.7093 13.4211
147 13.7347 60.0115 33.6251
148 11.0198 38.6515 44.1878
149 26.7647 54.8273 26.39
150 18.8129 61.1598 46.7344
151 14.2768 49.1421 42.4229
152 14.0602 69.8051 36.5266
153 17.2122 62.4998 45.0884
154 29.9504 45.5973 33.0039
155 27.2626 64.2448 46.56
156 10.7546 57.2048 33.6403
157 7.00582 62.8946 38.5095
158 16.7543 51.7387 42.5767
159 -0.591489 58.6723 44.863
160 15.6779 67.3999 40.6472
161 18.6878 58.1262 58.2602
162 10.9315 65.7464 56.9269
163 9.87499 50.2525 44.0221
164 28.603 61.6947 51.3275
165 21.738 37.3859 57.1626
166 18.5357 54.4999 57.0051
167 13.5776 62.0795 75.9949
168 0.109827 55.981 62.5728
169 18.885 60.2089 54.6293
170 18.6199 57.72 55.3163
171 30.5926 52.2251 70.0175
172 11.106 67.3353 64.176
173 26.2851 64.9704 77.089
174 13.8871 53.405 85.0937
175 0.352006 67.4147 71.7412
176 12.3735 54.6316 80.6596
177 17.6337 60.4381 71.5261
178 13.7317 44.7562 73.4024
179 17.8406 66.1332 80.3934
180 0.658784 44.646 77.6056
181 23.8435 48.826 92.315
182 11.4001 67.2349 84.7636
183 26.6397 50.4995 91.4801
184 9.92883 60.5356 107.004
185 21.1063 54.6395 95.3139
186 0.380733 56.2578 109.736
187 0.411127 81.9387 92.4248
188 0.915485 70.5659 89.7461
189 19.4795 58.3628 105.657
190 17.9749 46.8478 101.153
191 0.575244 73.8919 112.674
192 13.8783 59.1243 117.177
193 19.8037 62.0337 117.324
194 9.62794 38.7579 110.092
195 8.50312 64.9437 117.289
196 18.9379 59.1384 114.008
197 20.6239 58.7683 101.022
198 31.0635 78.8316 116.852
199 9.56813 65.1836 9.75203
200 15.3981 100.421 3.30093
201 15.8912 83.8619 6.32005
202 21.0612 78.2904 6.28622
203 17.8733 75.2464 0.180427
204 17.5248 89.5154 0.0252695
205 -0.957348 75.2761 4.83695
206 16.7501 75.3162 15.1766
207 11.5001 75.0972 0.123683
208 21.9842 71.3377 7.54635
209 17.5327 75.4859 26.543
210 22.5996 87.0105 24.0952
211 14.1839 95.3493 23.778
212 29.6607 90.8796 20.1188
213 29.7256 66.9546 11.8294
214 15.452 91.3258 15.1987
215 17.8026 73.9567 16.3469
216 16.8637 92.5406 13.2556
217 24.364 79.629 18.8373
218 23.4024 86.8119 31.9979
219 11.1185 74.502 19.2715
220 9.73933 74.1537 27.3743
221 22.7309 75.7214 40.3538
222 7.84539 92.8098 43.6929
223 11.3511 83.134 39.3735
224 11.1559 81.2467 28.7265
225 16.7498 78.4404 32.6832
226 24.1231 72.5453 49.3207
227 18.594 100.013 47.0277
228 24.0584 81.8401 55.0499
229 4.78473 80.2062 56.5304
230 20.9676 98.8233 57.9293
231 30.2607 78.6274 43.5954
232 0.0742032 84.5079 62.2939
233 4.23734 63.4654 47.0655
234 17.2343 71.4133 62.6868
235 17.3517 69.351 59.726
236 11.5863 54.4628 62.8181
237 8.71424 74.304 56.7297
238 -0.544075 73.0836 39.5868
239 0.403299 61.516 63.0092
240 6.17089 83.2452 65.8659
241 19.3436 75.7669 61.2523
242 0.208245 67.0259 65.893
243 15.9887 70.4994 64.153
244 24.6492 94.5717 72.2107
245 0.441943 76.5984 74.9403
246 18.3887 98.7586 66.7271
247 21.5694 76.2418 58.3014
248 18.8782 85.8064 69.136
249 0.1068 72.969 72.9046
250 27.3028 73.2251 72.7706
251 11.9354 88.7682 71.4164
252 29.7203 71.7055 86.0675
253 19.7441 81.7231 96.3211
254 17.7204 74.504 89.2554
255 19.3695 87.497 81.7236
256 33.4906 78.5837 84.4909
257 30.6536 84.2279 81.4709
258 24.8721 81.6038 84.6878
259 8.02571 81.6712 87.833
260 5.10287 84.581 67.2721
261 7.58228 81.6225 73.1645
262 3.99431 91.7471 92.1867
263 40.6505 70.499 83.3462
264 19.1154 75.9934 78.7902
265 0.4382 78.3405 95.105
266 16.6617 71.3584 108.135
267 0.651093 78.4523 86.2267
268 29.5442 89.1474 88.8689
269 16.4902 73.0963 81.83
270 16.7173 89.0003 104.927
271 16.4541 87.6363 107.823
272 36.7594 79.8016 116.843
273 3.60141 70.1641 106.928
274 0.8929 87.6408 112.678
275 32.191 81.7655 98.2772
276 32.2773 82.4508 106.625
277 25.2138 89.6571 104.956
278 29.2185 109.524 -0.0901739
279 21.9518 79.682 16.2705
280 27.8779 99.1244 7.36699
281 19.7315 106.684 8.94771
282 15.1832 113.994 7.49839
283 6.36315 100.802 0.280863
284 35.4515 91.1533 21.0205
285 -0.491892 95.0896 16.5795
286 12.4595 114.563 32.9438
287 8.2347 100.873 19.5575
288 5.43413 103.86 27.7354
289 13.2311 102.221 16.3834
290 -0.820085 104.049 22.0393
291 18.6552 114.39 15.8445
292 -0.668085 95.6295 24.7592
293 22.7888 98.3827 25.7101
294 16.8679 89.5331 13.5769
295 9.31346 114.192 15.7099
296 17.5342 114.614 18.7447
297 31.181 104.324 36.9183
298 35.6471 108.604 41.6416
299 29.8325 88.4611 38.2656
300 22.9265 105.933 41.7344
301 -0.654747 112.386 35.9337
302 5.47941 104.289 30.4284
303 3.76586 114.382 36.0405
304 7.26288 114.49 36.5168
305 24.1771 101.846 37.4295
306 9.43782 114.386 21.7969
307 12.6898 92.0118 34.9425
308 21.2454 105.74 38.5667
309 22.8123 104.416 37.3821
310 -0.295332 92.9678 47.9733
311 31.5555 95.7831 49.4171
312 14.1563 105.321 50.6212
313 17.135 98.6241 40.0764
314 14.994 92.8558 49.3711
315 0.465352 109.747 68.047
316 15.9564 114.8 61.3723
317 5.43384 114.475 80.1979
318 5.81585 93.129 54.0797
319 17.7009 108.3 68.3287
320 16.4743 98.553 84.5114
321 9.62521 110.108 87.3274
322 21.8589 114.673 67.4816
323 2.02223 114.131 68.7744
324 14.0555 107.235 75.7627
325 0.318948 92.8378 75.0848
326 0.650887 112.447 77.346
327 -0.264712 102.408 74.5764
328 23.7914 100.399 82.9707
329 28.0277 108.653 98.5919
330 27.6072 97.3041 76.341
331 12.1569 110.181 99.2588
332 9.34116 94.7733 97.8763
333 14.0036 107.276 93.4977
334 5.13886 106.328 101.881
335 13.6473 114.968 100.961
336 7.66846 104.373 96.5288
337 16.7561 104.501 84.5366
338 22.2976 114.985 92.0659
339 28.0269 105.031 116.534
340 0.695484 101.968 109.189
341 8.28284 101.523 113.484
342 3.71343 107.34 106.384
343 36.9113 28.983 13.4812
344 26.638 -0.658087 19.4048
345 49.3083 -0.679205 16.6453
346 43.9154 15.3706 0.213285
347 57.8558 -0.530193 19.1393
348 40.2575 15.606 17.9997
349 31.9267 12.4741 0.70305
350 40.18 15.5497 21.0553
351 45.3041 23.0437 16.3222
352 32.577 -0.499295 25.5579
353 59.843 6.91072 17.6326
354 29.4614 -0.632469 22.0139
355 43.6469 -0.408336 25.2328
356 49.88 -0.703281 25.6148
357 34.0387 16.202 27.8214
358 28.1196 27.0737 18.1072
359 46.9786 11.3014 31.5672
360 27.3901 5.46841 33.7838
361 40.8421 -0.397898 39.5999
362 32.0153 19.8958 33.9055
363 59.7077 20.5706 30.4023
364 45.3595 23.1443 33.5893
365 58.2787 -0.367494 42.1055
366 31.2814 18.6672 52.4521
367 31.6684 15.6867 55.1291
368 51.7841 10.1166 49.5685
369 45.9041 15.7041 40.3819
370 38.5734 31.8763 35.1862
371 21.4456 -0.142727 51.8997
372 27.4001 17.4982 56.1343
373 44.3497 10.9342 52.3158
374 49.7168 11.5342 59.4694
375 53.043 18.8902 63.9819
376 12.3922 -0.0634286 48.8062
377 36.343 7.66206 85.1556
378 51.8278 14.6448 74.5009
379 37.7309 24.0172 71.5904
380 30.7315 11.0666 88.1208
381 57.3906 14.6614 74.4232
382 34.85 9.32378 86.523
383 55.6598 7.92496 84.7934
384 33.7295 26.3119 90.6099
385 35.9414 0.38098 74.8848
386 29.3766 16.4127 84.8672
387 67.3299 0.413866 97.8214
388 44.8884 0.475569 83.0765
389 39.1991 24.543 93.7557
390 43.3739 21.9709 99.4269
391 63.2158 12.3611 83.1822
392 49.3115 28.8745 89.187
393 53.9466 14.103 116.94
394 39.5329 5.13045 117.285
395 48.0937 23.4934 117.564
396 45.5181 26.4235 103.656
397 36.5916 0.553108 115.341
398 42.4335 0.486932 109.616
399 49.2426 24.7647 90.1481
400 62.8446 10.8581 117.087
401 45.2562 22.6703 113.953
402 37.8842 26.3989 0.483372
403 38.1027 35.216 0.0353651
404 23.671 40.7585 0.409355
405 55.4211 23.7037 14.7619
406 55.1946 41.2135 -0.22947
407 52.4325 38.5839 5.94449
408 22.2514 41.245 5.93835
409 38.1095 45.7767 12.0106
410 32.4187 26.8062 0.604172
411 48.9568 35.2512 -0.0710883
412 28.0966 41.3262 8.97499
413 39.6756 36.7755 16.4069
414 38.3615 43.215 26.252
415 21.2432 20.1196 35.5005
416 42.4455 53.7954 18.9566
417 40.5743 54.052 13.4489
418 38.1118 42.6715 12.4635
419 30.5285 22.7513 16.6513
420 33.7664 51.1306 13.239
421 28.3599 21.3415 33.1085
422 37.242 29.086 42.3696
423 58.3272 25.6634 30.7789
424 47.3476 35.8017 23.4505
425 21.3848 17.0254 33.8413
426 57.0865 32.9033 43.4456
427 55.7405 17.5964 40.5197
428 33.9733 18.512 32.1769
429 40.0487 33.8433 39.2258
430 30.7413 32.9392 35.1871
431 52.8391 29.9535 43.5489
432 32.8517 38.3327 40.9125
433 38.6909 25.2159 49.6573
434 41.1981 34.4701 60.0279
435 28.471 23.0328 42.5034
436 34.5277 28.71 56.9939
437 37.4661 33.3587 53.7977
438 40.084 48.4869 53.8555
439 44.5186 35.2226 58.2203
440 47.7594 41.2718 64.241
441 22.3752 22.0902 73.2775
442 44.8368 27.1935 58.2667
443 22.8907 54.3829 65.7507
444 36.2358 22.3016 84.8869
445 38.7333 21.6497 67.2048
446 37.8559 30.2264 52.5457
447 47.3352 23.0208 50.2693
448 44.7309 24.8362 69.964
449 34.8159 31.983 80.4453
450 47.678 34.4848 56.4109
451 36.0284 41.6554 78.8305
452 32.0345 42.8158 71.6687
453 58.8072 41.8846 75.8319
454 25.9663 49.2663 68.6859
455 48.6817 27.1284 50.2037
456 39.2408 39.0426 84.8569
457 56.7969 34.7586 74.2208
458 42.4911 36.1773 81.7089
459 24.7701 30.0639 81.9233
460 42.1518 39.202 84.747
461 40.7428 37.4232 83.2297
462 54.6589 34.6913 83.1828
463 46.2093 40.3806 86.1897
464 65.7984 23.3154 82.9245
465 33.5381 32.0391 86.0708
466 65.0085 33.5747 102.141
467 37.7024 40.7536 86.3391
468 58.9446 44.2112 87.6229
469 45.9834 35.0741 103.868
470 35.8322 47.8031 102.661
471 46.2799 20.672 109.652
472 46.675 31.2722 112.46
473 45.7063 33.7695 117.185
474 33.6797 24.2751 105.517
475 51.1073 27.3725 117.033
476 60.7038 44.8514 92.898
477 47.884 39.1389 102.498
478 49.5405 29.1493 112.335
479 37.9616 54.8665 98.0979
480 38.1482 59.9854 13.8035
481 49.372 63.7653 -0.219315
482 52.0029 68.2491 12.805
483 49.5706 49.571 -0.203362
484 40.151 41.316 26.3671
485 34.1117 49.7055 22.7258
486 59.6014 72.6234 28.9128
487 30.6778 59.8196 13.2718
488 54.7622 55.7109 11.32
489 45.6116 56.4731 30.2473
490 36.9647 61.0328 26.4645
491 45.7871 54.1517 27.5329
492 45.3704 52.6687 23.7135
493 54.3582 57.0074 41.7685
494 54.1182 38.5026 34.8093
495 42.3657 71.0217 27.3422
496 50.4462 46.9209 31.784
497 34.7641 72.8794 37.5703
498 42.4305 58.675 49.2393
499 33.594 67.259 52.3267
500 47.399 35.5255 58.3858
501 38.5019 48.8361 46.4306
502 43.0567 54.4864 45.0495
503 47.3855 57.317 58.8851
504 28.7276 64.4258 50.8098
505 44.2394 64.1358 52.2571
506 49.7841 62.9584 56.3555
507 56.2046 73.1175 66.5819
508 29.1017 51.2819 77.5525
509 37.6049 62.1726 68.2298
510 34.4571 48.5049 53.8644
511 48.9933 59.7625 56.6998
512 37.3033 50.261 54.6759
513 28.7819 52.9171 63.5851
514 40.5803 66.0504 88.9236
515 39.485 60.3424 83.7605
516 50.7099 58.8692 81.5222
517 39.0336 61.6904 78.7438
518 31.8829 63.2973 68.52
519 43.329 62.7248 74.2661
520 43.273 60.2512 71.299
521 40.565 59.6551 80.3483
522 44.5929 65.974 73.1568
523 57.8754 55.2792 88.8035
524 42.0853 53.8039 93.455
525 52.5001 49.0953 94.7375
526 28.2382 57.7193 103.928
527 42.1201 54.8595 90.6593
528 34.6885 46.2139 101.088
529 40.9115 48.8423 112.537
530 36.1995 56.0081 96.574
531 30.9668 61.8935 117.239
532 25.1682 57.087 102.602
533 57.2039 70.4017 116.831
534 33.8054 67.7377 102.336
535 48.0366 64.0731 105.031
536 64.8463 54.0424 93.411
537 32.5056 80.8193 -0.188523
538 43.5375 84.0726 -0.295476
539 25.146 72.0961 7.26216
540 56.9875 70.9109 9.89137
541 52.2513 82.6362 17.7753
542 23.7668 80.8273 0.135181
543 32.2102 55.5077 0.00902435
544 45.5231 81.0847 22.0996
545 43.9991 75.5882 28.7219
546 45.4062 77.7913 24.2678
547 40.0179 92.5128 14.5486
548 37.1633 71.0714 18.8838
549 48.2032 79.1086 21.5295
550 58.2371 73.0768 25.8051
551 59.5401 87.0387 30.1925
552 48.2435 79.5894 32.9352
553 29.8902 77.0426 39.4402
554 53.4434 78.5818 34.3108
555 51.5883 74.066 53.2767
556 25.5366 68.2221 24.9054
557 36.1889 89.8768 31.5976
558 46.17 60.031 36.1136
559 48.4125 85.7995 30.0908
560 38.502 63.5019 40.4534
561 38.5599 76.0851 37.4314
562 62.6673 73.6108 38.5586
563 61.3153 84.7223 45.8562
564 31.8497 79.8898 47.9521
565 55.5323 67.5348 28.7587
566 35.879 88.4769 41.7216
567 55.9653 88.6731 53.5612
568 45.6489 83.0185 56.2685
569 64.3477 68.6039 52.7853
570 49.8766 88.8248 53.276
571 22.7804 67.8183 45.0511
572 46.3917 71.4426 44.8993
573 48.9819 78.7257 65.6479
574 64.3885 54.381 54.4412
575 31.0187 85.6857 47.7418
576 30.1523 63.1109 52.6585
577 30.0132 75.6652 46.5876
578 24.4416 71.3178 45.972
579 40.7817 88.4786 73.8032
580 52.491 90.0297 60.5819
581 43.3405 94.3546 67.8703
582 34.4352 91.4794 71.1309
583 49.7213 75.96 60.7639
584 30.4576 89.6538 69.5453
585 39.2201 73.4764 72.6631
586 36.7889 92.9128 63.5783
587 46.1109 82.8752 76.8561
588 30.0893 87.2451 78.4687
589 36.2767 80.0936 85.6566
590 49.2917 82.5796 91.6407
591 58.1298 74.6047 91.452
592 51.3788 77.3333 79.8504
593 49.0633 77.568 88.5976
594 20.7677 83.4736 83.2415
595 45.2702 84.8567 104.934
596 43.3318 85.8012 88.7168
597 47.8402 64.6996 99.3097
598 23.6665 67.4776 89.1081
599 54.8554 89.0608 91.5827
600 40.7278 84.5117 95.8583
601 43.8113 89.018 103.449
602 47.82 72.5209 96.1051
603 48.9586 93.2116 110.512
604 59.108 76.1868 93.0412
605 32.3199 77.9385 88.8661
606 56.3256 84.1936 87.0508
607 46.6076 62.7445 89.0326
608 45.2774 64.8708 93.3557
609 53.7848 83.1898 103.137
610 39.0653 79.1179 102.199
611 50.9645 74.2263 104.7
612 42.5052 87.1978 104.968
613 38.2412 73.4608 110.874
614 44.746 87.694 104.911
615 53.7137 79.7304 104.907
616 38.8645 96.7218 7.1425
617 43.7557 114.258 1.68475
618 54.9692 112.366 -0.401035
619 26.6594 95.269 8.89726
620 49.1354 114.406 1.71525
621 53.5393 101.204 13.9663
622 59.205 98.1622 11.5056
623 38.1218 108.329 13.795
624 40.9751 85.246 11.0432
625 37.0257 111.059 4.16007
626 49.5053 102.477 10.2513
627 23.5026 114.412 10.332
628 44.7198 95.6344 28.6053
629 26.9691 114.206 12.7975
630 23.5957 100.954 23.1945
631 36.6918 92.7805 34.3853
632 36.8743 89.9429 27.3068
633 35.2334 114.59 26.9966
634 53.6803 101.208 16.5549
635 20.7761 99.7686 24.5736
636 58.4939 114.837 40.9008
637 22.613 98.5882 38.6785
638 55.3328 105.873 41.2736
639 44.1975 94.9459 40.3163
640 48.065 98.7178 48.7841
641 42.4897 95.8034 43.1847
642 50.5819 101.575 48.669
643 28.6155 110.12 56.6493
644 43.2211 92.84 46.1169
645 46.7092 114.828 35.5089
646 41.3063 94.0385 37.1224
647 43.3504 88.5768 44.8571
648 30.109 114.433 59.5471
649 38.3412 114.609 73.9599
650 42.1919 98.6242 66.4211
651 38.9757 114.317 65.1213
652 56.5517 91.5097 70.905
653 58.5702 114.749 53.6589
654 39.2421 94.3161 59.2412
655 37.7819 102.784 85.5754
656 50.2861 95.911 63.3706
657 33.4732 94.2141 84.2464
658 47.8344 101.195 84.0476
659 36.0607 98.8829 78.3711
660 26.0682 94.5331 74.1359
661 44.7188 114.442 58.8535
662 44.8229 114.546 80.0682
663 44.496 114.811 62.7819
664 35.0013 106.974 85.0793
665 42.1106 114.439 85.6494
666 46.7515 114.769 76.6376
667 39.2348 93.0783 75.3229
668 38.9626 92.6493 84.2454
669 31.9531 97.0655 79.8827
670 38.9093 106.464 75.2331
671 27.2761 101.494 87.3675
672 39.4601 95.752 87.37
673 49.3908 103.275 82.5421
674 39.2423 103.001 91.8491
675 39.0582 107.825 99.003
676 62.0526 99.7632 92.693
677 42.1167 114.965 97.7759
678 53.0378 110.336 89.9251
679 35.9697 115.248 108.966
680 42.6598 90.6264 116.705
681 42.1184 97.6215 108.69
682 43.8399 107.689 111.137
683 36.5774 90.3846 116.739
684 50.7775 115.292 103.349
685 35.1589 104.14 103.286
686 33.3797 115.137 102.922
687 41.8953 115.149 114.572
688 36.8029 96.2777 116.597
689 57.5142 102.078 116.699
690 59.478 113.278 116.107
691 66.5701 4.3284 0.286344
692 69.2326 32.5279 -0.21697
693 79.1808 23.8935 1.09119
694 74.0797 18.4485 6.26325
695 66.412 15.0664 0.0981873
696 62.5798 14.0655 16.168
697 89.5602 -1.0234 17.7082
698 66.6728 5.63743 22.9836
699 62.3951 18.3292 13.2432
700 83.921 -0.343895 27.7163
701 78.4134 -0.638321 22.3116
702 73.0783 -0.62388 19.1286
703 58.0346 -0.8064 27.6746
704 67.49 12.7638 23.171
705 60.8235 5.56506 13.3008
706 62.8641 12.9062 44.398
707 62.7979 11.9146 42.1586
708 78.8985 22.946 41.6201
709 82.9172 26.7721 41.9855
710 75.9735 17.26 41.7131
711 78.3109 -0.27767 32.7614
712 64.3468 8.8606 48.5102
713 56.5412 10.0672 43.6244
714 71.2482 17.7962 39.0035
715 68.9295 18.6593 40.6352
716 54.3005 20.3853 45.1663
717 66.7738 4.09355 40.6936
718 89.9869 11.655 54.0569
719 65.1257 0.027678 59.4386
720 88.546 14.9154 76.7865
721 61.9339 4.43517 58.2891
722 70.3039 0.515001 68.3783
723 65.9413 19.6985 65.2783
724 67.587 0.45588 72.0607
725 80.2667 3.16018 50.6686
726 49.7416 10.6503 70.0032
727 90.0323 0.25434 85.6061
728 56.2152 16.223 90.7982
729 71.5923 14.2552 74.3097
730 72.1449 12.2612 85.9592
731 57.849 12.147 86.2008
732 83.8996 0.498376 91.6043
733 83.5532 9.58282 100.563
734 83.0021 10.5866 110.589
735 83.6028 9.22394 112.057
736 86.5414 21.6162 103.381
737 68.9986 20.5409 109.409
738 67.9453 0.281834 104.05
739 73.4526 24.7479 96.2992
740 82.5326 16.7767 116.639
741 62.3558 19.2518 110.949
742 72.4674 13.6015 111.56
743 80.6849 29.2203 106.23
744 59.4123 0.449299 112.544
745 62.1684 16.1148 117.118
746 62.455 0.106955 103.777
747 59.68 16.3419 116.944
748 71.7928 26.7823 -0.296728
749 72.4037 41.0872 -0.297302
750 88.0415 52.6956 10.422
751 80.1226 27.1567 23.0212
752 72.3656 32.2924 -0.310518
753 63.7902 18.3291 -0.0109859
754 72.4665 45.6237 19.7456
755 52.189 46.9215 14.4222
756 51.0624 47.7736 18.71
757 56.6294 24.3289 26.073
758 59.8011 28.4038 13.3103
759 60.094 23.2336 39.2282
760 59.9716 25.0907 42.0336
761 71.2514 44.4936 36.0768
762 62.8315 25.1128 33.1937
763 84.5176 17.5797 61.2655
764 80.2577 34.5717 50.3797
765 63.1939 37.3953 53.4927
766 61.5377 35.3359 55.1197
767 78.4392 14.2912 44.1536
768 79.1936 30.1197 51.9856
769 73.2002 38.8074 40.3902
770 72.0335 37.2172 36.0102
771 86.7426 32.8827 40.2076
772 77.4436 30.1988 40.0951
773 83.1488 28.6243 73.8376
774 80.0014 36.8875 68.0173
775 47.4253 28.8796 67.7574
776 60.1029 38.6324 59.3098
777 67.435 37.5422 58.9086
778 88.8868 33.8949 73.9018
779 88.9754 26.2604 67.6765
780 57.4251 37.6365 71.2342
781 55.7694 24.5675 72.8552
782 69.0935 46.1501 68.2055
783 69.802 23.4399 85.8641
784 93.147 27.2361 75.1229
785 80.5443 27.8271 90.8912
786 73.2766 37.5079 80.7147
787 71.3401 20.7557 88.7702
788 73.2491 50.2436 84.3998
789 58.6024 36.2124 84.5213
790 72.4267 36.224 69.7946
791 84.7275 44.0474 84.0865
792 59.0265 39.0036 72.6672
793 80.4165 31.7158 79.7399
794 66.5084 25.0514 101.186
795 74.839 29.584 97.6235
796 52.7305 40.7389 94.9006
797 83.0331 31.9875 88.733
798 70.7667 36.3019 87.3771
799 63.1847 46.6819 91.749
800 78.0492 41.0882 103.372
801 83.3012 29.5808 82.6561
802 83.4477 24.1427 88.5156
803 71.4305 46.3261 88.7281
804 59.515 24.9866 116.889
805 71.1297 30.8776 116.698
806 62.0627 24.9846 108.058
807 83.622 27.93 106.698
808 66.8192 34.6896 103.606
809 82.0822 31.0116 107.663
810 89.8059 49.4913 -0.814012
811 69.8423 58.2147 -0.828008
812 52.252 61.0986 -0.276017
813 59.7097 56.8823 12.8299
814 64.87 62.4583 9.8399
815 72.0775 49.998 8.46447
816 65.3207 59.0496 15.7479
817 92.3469 72.7508 16.7079
818 63.6243 52.1344 -0.373049
819 82.5937 57.0207 12.6087
820 82.4117 45.5119 9.8003
821 70.7049 56.7198 15.6327
822 64.5704 65.3713 15.5482
823 72.4116 43.1055 20.1397
824 71.2544 69.9505 28.9373
825 76.9663 64.0283 24.9367
826 68.2519 67.4794 15.6823
827 56.4487 64.06 5.55017
828 85.9101 71.5704 41.4199
829 75.1685 67.1421 22.6204
830 79.9202 69.9999 36.5
831 79.7575 63.9934 32.6851
832 69.109 77.2084 32.8341
833 95.7785 40.9314 42.8009
834 71.2913 48.4178 38.7366
835 68.177 69.2864 27.1069
836 76.8674 69.9402 33.7324
837 80.706 71.5148 35.5767
838 74.2468 47.2016 38.9147
839 86.4515 57.456 70.4195
840 56.0344 55.5639 58.1177
841 68.5543 64.6615 53.2438
842 59.1791 50.0379 72.5629
843 71.7967 60.2077 53.2785
844 64.5215 67.6231 63.5868
845 81.7511 61.8662 60.4824
846 88.1467 61.597 57.4107
847 69.0562 65.6886 56.2763
848 79.8397 59.6286 59.0405
849 69.1414 49.0677 82.7922
850 78.8887 56.7841 75.4325
851 74.3764 48.8958 85.8451
852 77.3658 71.9495 85.4091
853 80.2229 59.7923 76.6451
854 66.1005 57.2954 71.0661
855 83.3286 54.3538 70.6499
856 70.5647 64.496 87.1047
857 61.8104 51.7324 73.44
858 69.2056 61.8182 97.6595
859 73.4285 47.8195 87.2357
860 42.0171 64.1588 99.3406
861 65.0872 45.0714 93.2847
862 69.338 66.2609 103.407
863 68.0092 44.5206 116.655
864 50.774 56.6304 96.3583
865 85.2107 43.1654 107.447
866 75.2129 39.1989 99.1476
867 75.134 72.6354 108.999
868 86.5353 44.9457 106.319
869 85.1309 46.4463 104.743
870 81.1449 47.9215 117.135
871 71.4057 67.7892 116.621
872 79.609 55.7683 116.479
873 93.2466 67.5328 98.5716
874 73.7371 63.4761 107.988
875 87.9165 59.5712 116.324
876 89.3251 70.3381 7.95868
877 58.4884 72.3439 8.47609
878 86.3399 89.4773 8.09963
879 65.0119 80.8623 4.36735
880 63.9205 92.4717 -0.651745
881 60.5457 72.838 -0.345012
882 66.9194 71.1603 18.0251
883 63.6152 83.3552 5.28337
884 69.5438 63.5835 -0.64389
885 64.1024 86.8773 5.4713
886 78.3512 77.2288 38.6611
887 73.276 82.7276 9.59738
888 88.0105 63.4305 18.3195
889 72.5664 69.7058 16.9363
890 81.1447 77.5784 31.0971
891 58.2777 86.872 14.0916
892 77.0101 80.9231 38.4222
893 66.7087 71.2927 24.1775
894 69.4648 85.5629 41.5962
895 71.2448 78.3011 38.0988
896 75.3704 82.7508 31.1802
897 74.4854 72.8997 48.9697
898 82.3949 83.4626 26.7692
899 88.4657 78.0964 35.2053
900 67.1583 96.9372 50.9287
901 80.998 94.3294 35.4585
902 80.9863 68.6573 50.3722
903 72.1043 84.2976 54.3835
904 56.9381 77.4921 56.318
905 65.6461 65.4564 41.5703
906 68.7643 86.7836 62.0754
907 71.7183 69.0195 56.1708
908 67.1397 69.999 63.3254
909 62.8886 86.2181 73.588
910 70.3764 87.3789 51.6545
911 79.6783 74.3685 64.7582
912 70.2463 84.2446 72.2976
913 69.7954 85.927 58.593
914 74.7153 74.4577 58.9236
915 78.5088 85.8314 70.7648
916 86.219 80.1647 88.2871
917 65.7772 60.2989 85.5708
918 64.9982 81.8741 89.9873
919 57.5483 85.7714 70.8299
920 80.4245 73.3104 86.2005
921 84.422 76.7269 63.2021
922 63.1919 83.1906 76.5592
923 56.3665 68.9774 103.382
924 63.4497 72.0695 91.4033
925 54.9719 90.2922 88.3182
926 64.7617 84.6217 95.9121
927 69.2433 85.8994 70.6192
928 69.2475 81.656 95.2244
929 85.5984 84.8983 116.108
930 59.4672 84.8004 116.46
931 80.1254 70.8456 116.447
932 84.5677 86.0669 105.719
933 77.8915 84.8626 105.587
934 68.4646 70.6658 116.72
935 70.8133 78.9469 116.485
936 68.3672 70.6715 107.64
937 68.4454 90.8548 116.482
938 79.4458 99.2108 9.58628
939 58.314 108.186 9.64244
940 56.7629 93.7239 6.85498
941 69.3498 92.1461 -0.697542
942 82.5414 105.692 23.9478
943 81.0034 114.42 15.1052
944 80.9917 114.637 26.1585
945 59.7713 104.518 27.327
946 60.69 114.232 6.79889
947 80.8806 103.299 19.3635
948 46.6324 105.589 17.0049
949 65.132 110.062 25.5175
950 56.7315 90.0854 26.3507
951 70.2687 114.73 35.2844
952 45.456 97.49 47.4139
953 75.7885 91.3597 32.6045
954 88.0854 102.823 32.3818
955 55.8566 101.297 31.1531
956 76.9797 92.8579 36.6582
957 81.4128 103.654 56.8545
958 71.5211 97.677 64.3353
959 84.8713 98.5522 65.6045
960 76.9771 89.9429 30.9689
961 60.6399 114.469 49.9701
962 83.9355 114.544 55.752
963 61.3278 114.701 40.6876
964 59.5216 79.9285 41.6543
965 69.9599 91.7034 48.1233
966 65.4574 96.7355 44.253
967 55.4597 115.046 42.0582
968 79.7099 94.4011 46.8732
969 80.4464 96.9981 61.5348
970 92.9217 94.2234 62.1994
971 58.5657 114.478 62.0195
972 68.924 102.149 67.3333
973 88.8187 88.7044 61.3825
974 70.0185 114.537 55.6988
975 67.6125 101.733 71.8779
976 67.7225 104.216 83.7874
977 85.9234 107.987 78.9405
978 64.7362 98.8191 80.9094
979 69.4218 94.4344 64.525
980 72.2199 94.3022 88.3445
981 84.5366 114.349 75.9883
982 64.7097 114.541 75.9774
983 76.0857 102.943 78.8506
984 63.2088 92.1073 85.5354
985 81.641 115.237 77.2302
986 79.5935 115.354 100.093
987 69.1442 88.9665 91.3082
988 62.4505 106.059 116.605
989 76.0889 93.0613 89.6843
990 54.8206 91.6912 91.3696
991 84.6299 111.857 96.7908
992 63.5653 93.0842 99.1543
993 75.9281 106.887 89.5416
994 62.1739 93.3641 92.7398
995 73.529 104.14 89.65
996 71.7548 94.4935 102.871
997 61.8051 115.183 99.906
998 67.485 101.984 115.947
999 62.1552 115.27 111.167
1000 76.5007 107.675 115.838
1001 65.1388 94.2371 116.401
1002 90.818 90.8065 115.891
1003 57.9819 90.4272 112.644
1004 85.0936 115.11 105.285
1005 50.8314 115.236 108.413
1006 95.8259 104.917 106.733
1007 72.3612 105.935 111.304
1008 113.922 12.5575 0.886952
1009 105.645 19.852 4.18602
1010 87.8859 19.3003 7.16915
1011 106.641 -0.373911 10.2155
1012 89.1617 3.32026 -0.549942
1013 96.7306 17.2652 10.065
1014 93.7435 20.2682 9.99131
1015 106.737 20.0752 16.493
1016 105.189 4.16527 23.1111
1017 103.577 -0.718752 21.0737
1018 92.4796 11.5097 10.27
1019 94.1564 4.22 23.6652
1020 101.843 14.1808 24.1518
1021 71.1273 12.6742 20.9141
1022 96.9568 18.1077 30.1867
1023 112.583 0.0460094 38.3549
1024 106.685 2.73268 35.627
1025 104.177 27.8652 34.1577
1026 90.8701 15.8453 37.0173
1027 99.8706 7.0824 30.5166
1028 81.0768 11.6284 25.7403
1029 94.1776 15.7956 35.9552
1030 90.1082 19.9418 54.6251
1031 82.9303 6.39644 62.4082
1032 114.559 3.66965 55.9988
1033 103.039 12.4659 53.1257
1034 108.446 19.0624 65.5774
1035 96.0009 0.0576462 44.7687
1036 104.141 15.6996 42.9663
1037 92.9845 -0.151384 44.9489
1038 101.964 18.8275 60.3124
1039 96.2776 8.03008 81.2478
1040 114.845 19.0911 50.6445
1041 106.848 0.611767 73.9273
1042 104.64 0.444105 68.7577
1043 87.6561 -0.346632 57.7585
1044 96.6643 0.211265 56.248
1045 90.5547 22.0777 66.2749
1046 94.3684 3.14623 71.0835
1047 83.4812 17.5031 82.7978
1048 107.446 13.5386 81.0802
1049 114.811 2.88603 88.5107
1050 107.672 0.632404 71.1579
1051 105.625 8.09749 81.2049
1052 110.055 19.2126 69.2749
1053 114.698 7.69017 82.4004
1054 101.756 0.629203 85.7142
1055 98.8636 0.0177963 61.6559
1056 90.5623 16.3768 90.0727
1057 114.718 5.38372 85.5523
1058 104.178 0.439579 97.643
1059 92.1053 20.3248 82.6292
1060 94.6588 19.4438 88.2296
1061 100.444 20.6771 79.5298
1062 90.5934 21.66 92.9948
1063 101.999 17.3503 92.9952
1064 83.7341 6.62527 100.643
1065 105.943 6.29062 97.3114
1066 100.648 5.07559 105.249
1067 115.305 13.855 105.686
1068 113.706 5.23523 115.996
1069 100.179 16.2181 90.4888
1070 91.9829 35.5382 -0.729972
1071 89.3228 43.2394 -0.694749
1072 92.3426 18.8005 2.76695
1073 99.6769 45.9405 15.5514
1074 100.75 42.6467 2.63026
1075 99.3826 44.4514 3.8003
1076 104.016 32.9209 11.1747
1077 86.5515 31.8325 11.5348
1078 102.356 38.4294 10.9181
1079 94.0156 41.7001 23.8326
1080 88.0368 41.3142 24.3008
1081 114.399 38.7634 18.1649
1082 84.1269 33.2788 37.3468
1083 114.669 42.3738 41.1189
1084 114.371 41.1926 23.6514
1085 98.5383 38.0737 39.8771
1086 94.2358 38.4679 35.5714
1087 113.96 35.7348 10.118
1088 99.5983 49.9823 18.7896
1089 104.38 21.0682 42.8845
1090 92.3912 28.5528 23.1994
1091 82.7879 32.6392 39.3785
1092 104.397 14.9387 54.0369
1093 92.5345 35.8604 48.8381
1094 94.4029 37.5396 58.878
1095 104.334 54.5307 45.042
1096 87.2027 51.2429 42.2729
1097 104.387 25.5817 42.7305
1098 94.2301 31.499 47.4858
1099 114.578 42.4787 55.7635
1100 92.9361 34.0559 60.4561
1101 102.827 37.9139 50.04
1102 107.165 3.25905 53.8032
1103 100.313 25.3142 53.0677
1104 98.7742 45.3753 60.3435
1105 94.975 31.7323 70.7785
1106 103.188 31.7193 64.6588
1107 91.8717 30.0707 48.8365
1108 103.039 27.1091 58.6137
1109 114.624 33.6509 46.9866
1110 114.581 38.9987 70.6222
1111 108.241 40.1786 64.696
1112 107.889 24.6926 75.0777
1113 103.761 28.9581 58.8
1114 91.4781 40.442 76.6346
1115 93.1222 30.0681 72.275
1116 115.027 43.5303 84.9589
1117 94.814 26.3795 76.5656
1118 101.377 38.9008 72.2618
1119 82.0127 24.2607 81.2133
1120 73.4141 41.4441 78.4967
1121 88.8572 44.7007 82.1056
1122 91.5769 30.3811 75.5609
1123 102.426 45.1371 92.7451
1124 88.8225 31.8847 76.8182
1125 114.871 47.502 87.166
1126 114.603 30.5829 73.4887
1127 91.7352 31.9386 103.122
1128 92.1204 33.9178 99.9694
1129 102.39 44.6399 107.154
1130 111.222 25.0163 115.954
1131 113.853 39.4092 115.788
1132 107.918 46.2413 96.4072
1133 115.272 42.519 105.764
1134 105.122 44.9908 116.161
1135 105.044 35.004 101.611
1136 84.9744 59.4003 116.426
1137 92.1754 55.1124 8.27657
1138 106.626 54.1016 12.5853
1139 91.9436 52.6339 -0.548536
1140 102.952 57.0445 15.3357
1141 114.538 64.0822 25.9954
1142 101.641 62.654 18.1461
1143 108.423 55.6809 26.8935
1144 90.7704 53.7116 12.6408
1145 89.6717 52.9452 14.1333
1146 114.113 50.4601 23.634
1147 114.052 58.0266 15.1013
1148 102.328 58.3189 8.37998
1149 95.3849 79.062 28.0245
1150 88.1472 66.9828 17.6903
1151 88.6238 52.9163 37.7383
1152 101.208 54.2107 31.5988
1153 92.6354 51.7188 28.3045
1154 97.4283 75.6723 28.0779
1155 99.8246 55.417 32.1204
1156 81.3149 70.0614 39.838
1157 114.535 52.6729 41.2065
1158 100.048 64.551 41.2353
1159 99.2747 70.0408 42.6276
1160 114.596 70.0623 41.4185
1161 114.525 47.4264 49.6179
1162 95.9427 51.5582 54.7838
1163 97.4935 54.7502 67.5887
1164 107.363 48.8974 51.8609
1165 114.591 61.2266 49.4822
1166 92.6995 69.3373 34.02
1167 114.755 53.271 53.0198
1168 92.7657 76.0595 65.8337
1169 104.792 61.8615 68.9077
1170 105.596 57.3776 58.6241
1171 105.335 51.6868 61.6225
1172 114.489 59.0651 64.8403
1173 90.3017 56.1185 69.021
1174 97.2339 54.5698 61.7664
1175 91.665 51.377 67.6347
1176 103.032 68.464 52.5734
1177 105.803 71.7011 70.2075
1178 91.6525 61.5822 79.9659
1179 93.1888 41.7723 63.2465
1180 99.6274 44.5848 63.392
1181 104.606 47.4688 62.979
1182 96.971 52.0085 76.3505
1183 107.703 43.3516 90.4475
1184 87.6041 50.1949 78.0908
1185 83.2876 52.1941 82.6157
1186 93.1435 44.075 75.0427
1187 114.64 67.2041 81.8082
1188 114.764 50.2667 82.1418
1189 114.607 55.2345 76.1746
1190 114.622 48.459 73.2579
1191 107.592 70.7731 92.2372
1192 91.2013 53.5501 98.611
1193 110.585 53.4232 86.558
1194 90.6142 59.1386 89.9542
1195 108.754 52.3799 88.0675
1196 94.379 68.6682 85.3466
1197 79.4424 64.5236 98.7253
1198 99.4319 63.2691 96.7691
1199 93.232 67.6871 86.6472
1200 99.2226 60.5068 98.6802
1201 84.5135 56.4045 110.388
1202 87.5235 59.113 110.238
1203 108.073 56.6015 115.864
1204 98.3669 68.899 105.7
1205 93.7414 57.0136 116.237
1206 108.077 64.818 115.73
1207 81.3526 83.7434 -0.85866
1208 89.1913 80.5875 -0.878521
1209 100.878 90.0087 7.99445
1210 113.766 75.3944 3.50112
1211 86.7139 88.4192 25.4444
1212 106.564 82.4395 10.5747
1213 86.5063 80.4847 -0.974706
1214 78.0147 69.8165 19.8409
1215 86.3979 76.8434 10.567
1216 113.819 87.0232 0.651306
1217 113.957 89.8679 17.2712
1218 114.411 58.8018 29.4872
1219 94.019 82.6132 26.4888
1220 71.5802 71.3758 18.324
1221 105.488 72.8744 25.2463
1222 114.104 92.8539 23.2757
1223 86.8031 86.8153 28.1366
1224 77.3314 86.793 11.1197
1225 91.2027 87.0095 19.9703
1226 110.367 74.4661 46.554
1227 108.605 88.5379 34.8535
1228 105.681 73.0413 51.612
1229 94.1236 69.5488 38.3199
1230 95.6701 76.7517 36.7747
1231 92.2994 65.6563 35.0779
1232 114.511 80.9855 31.8727
1233 82.6654 89.9028 37.7298
1234 94.3078 78.3172 37.9614
1235 103.535 74.3407 43.9679
1236 91.7113 87.3702 58.0561
1237 89.7464 78.1674 48.2291
1238 114.511 95.493 46.3033
1239 99.9045 86.9804 40.5263
1240 83.5915 84.4673 59.8987
1241 106.017 71.5048 64.3403
1242 98.8018 81.5503 62.6585
1243 108.507 80.0113 67.1558
1244 100.187 75.9524 65.5334
1245 114.627 87.4007 64.4564
1246 107.132 73.6483 68.6599
1247 107.23 64.8067 68.95
1248 95.6794 89.1335 50.9569
1249 95.9642 84.7371 74.5886
1250 114.464 92.8636 76.0516
1251 97.253 83.0163 85.0966
1252 90.3217 69.8592 72.1563
1253 114.436 64.4801 73.1234
1254 92.9925 75.7208 59.8807
1255 94.7174 71.7486 85.2765
1256 114.45 72.6789 78.7931
1257 84.9689 81.8243 74.78
1258 114.546 78.7396 79.2111
1259 91.4038 94.6178 75.9309
1260 90.674 84.7927 89.4245
1261 114.958 84.4164 90.3482
1262 90.487 90.1988 89.5399
1263 86.4513 75.301 102.962
1264 90.2994 77.2801 83.8004
1265 104.44 81.8651 95.1488
1266 107.819 76.3231 103.923
1267 88.1749 73.7293 115.98
1268 115.348 73.8378 102.552
1269 93.784 69.1477 116.775
1270 115.362 87.6816 105.236
1271 107.901 79.4294 103.896
1272 96.3568 85.1182 109.713
1273 93.3213 85.1855 109.818
1274 109.277 81.6318 111.142
1275 93.5493 60.6118 102.847
1276 115.34 82.2 108.309
1277 96.5248 88.0095 115.935
1278 82.4046 80.565 107.844
1279 105.27 90.5075 106.663
1280 105.132 76.2324 112.61
1281 110.848 92.3557 6.47818
1282 95.0865 114.164 12.2103
1283 112.088 114.151 6.30783
1284 113.966 97.6246 14.7856
1285 99.3837 109.576 12.9807
1286 106.621 102.643 18.8672
1287 108.546 103.903 16.3544
1288 93.9669 100.789 34.9794
1289 97.9751 107.611 19.2777
1290 114.118 98.5246 23.5429
1291 108.004 101.197 18.0425
1292 90.8061 107.077 22.4882
1293 103.378 99.8986 32.026
1294 106.613 114.781 40.5902
1295 89.3214 114.771 29.237
1296 102.442 102.019 29.1425
1297 85.6705 101.483 36.6012
1298 114.61 98.3971 40.8226
1299 106.132 101.456 44.9079
1300 98.6394 94.3751 38.236
1301 88.2754 97.2885 32.3921
1302 84.2729 93.4962 48.2063
1303 96.8384 107.291 44.4183
1304 110.578 95.8981 59.5415
1305 114.351 112.926 49.2828
1306 95.6899 114.624 57.9767
1307 104.357 91.5941 51.3015
1308 98.5394 105.862 53.0392
1309 114.652 105.55 60.9508
1310 91.5028 97.9574 61.3555
1311 87.2643 98.5632 68.7187
1312 105.648 94.2115 66.9494
1313 114.222 112.419 75.9416
1314 90.1018 114.579 81.0347
1315 114.739 101.707 63.2283
1316 97.4069 94.8084 58.15
1317 107.272 93.3325 89.1964
1318 104.452 111.672 82.2495
1319 94.6875 100.384 87.8033
1320 94.5051 87.9329 82.0198
1321 114.44 90.0211 78.9591
1322 108.608 88.795 78.9123
1323 114.68 104.794 75.9369
1324 107.198 114.874 93.2865
1325 91.4118 100.417 93.5664
1326 104.582 90.0574 86.2525
1327 82.2294 95.6481 95.4346
1328 115.329 90.4822 113.354
1329 114.884 104.405 87.0589
1330 103.513 108.932 93.4952
1331 91.789 107.489 98.1002
1332 86.4092 110.407 95.2847
1333 96.3041 110.306 103.645
1334 103.564 96.2159 106.517
1335 87.7022 106.964 103.835
1336 114.306 104.71 115.273
1337 115.223 101.46 110.544
1338 115.15 101.783 107.504
1339 105.473 110.286 115.675
1340 115.047 109.946 96.0815
1341 85.2207 94.6701 97.1241
