0 6.55144 15.7138 0.902909
1 6.95942 9.60785 7.2163
2 16.4055 28.2791 13.8277
3 26.5164 -0.604316 14.1837
4 26.8257 4.23149 0.973223
5 9.6344 4.62769 4.37039
6 4.14879 9.76311 4.36166
7 12.5378 2.63851 11.6214
8 23.9503 15.6069 0.842466
9 1.09493 15.2934 1.31626
10 0.0205136 21.3671 31.7795
11 19.934 4.23207 17.9687
12 14.4337 6.16157 31.9272
13 9.40823 -0.384914 20.0956
14 21.3189 -0.267301 17.1992
15 5.92317 22.8134 28.962
16 0.0174571 18.3753 34.8767
17 31.1774 18.7076 35.4564
18 0.450046 1.52404 50.0587
19 15.8427 22.9562 32.2623
20 31.363 11.681 40.4767
21 3.27916 0.319326 67.1774
22 30.0673 12.7132 35.9348
23 21.0334 -0.0823472 26.0549
24 0.16944 24.2292 40.698
25 30.349 17.6327 55.7617
26 13.5359 13.439 62.5794
27 7.55108 20.225 46.5001
28 23.4595 11.9966 67.0368
29 15.8509 0.0685123 40.8591
30 9.26287 23.2346 55.2387
31 10.9614 0.477423 55.642
32 26.3632 17.351 48.96
33 15.0982 12.3494 55.4444
34 0.448788 16.4001 72.4267
35 23.5535 10.5726 62.2774
36 15.3879 9.39621 64.2299
37 19.4743 30.1798 56.5926
38 13.6653 0.319685 58.6143
39 22.8438 -0.27054 58.4936
40 22.063 5.41817 74.5116
41 19.6649 16.7794 68.5108
42 15.3526 13.09 75.874
43 9.69876 6.72366 90.7781
44 11.0794 17.187 80.3162
45 19.3341 0.3835 79.6764
46 8.19663 13.4913 74.5152
47 0.827356 5.35128 90.6371
48 26.696 9.3618 72.8623
49 43.6489 23.303 93.2878
50 8.80558 17.8208 99.5662
51 22.5003 23.0302 109.317
52 0.985639 16.3527 96.4667
53 21.2554 12.3942 102.291
54 23.0606 10.6344 101.042
55 32.5018 9.60194 102.137
56 20.8597 22.2601 95.1543
57 6.55413 20.8055 96.5741
58 0.879365 16.4177 90.6032
59 9.87508 13.627 107.112
60 3.94179 13.5443 108.157
61 11.2191 0.296142 105.357
62 28.0562 10.7122 118.365
63 25.6346 10.6805 118.291
64 3.07163 0.654993 113.803
65 16.8355 4.86024 115.218
66 16.5903 33.2933 8.07747
67 20.9733 41.333 9.36924
68 19.6136 39.6983 7.93575
69 -0.731896 44.0935 13.6844
70 16.9178 25.1881 11.1321
71 0.475576 55.5724 0.769266
72 21.003 29.5742 0.833959
73 1.04661 18.1462 1.24598
74 5.74733 25.3042 28.7958
75 -0.321843 29.1245 40.7339
76 8.34849 29.1743 19.8072
77 10.9862 36.5333 16.8769
78 6.47734 25.7708 37.64
79 8.18097 41.4073 39.0241
80 13.2457 38.8234 47.7905
81 17.3273 45.7806 40.139
82 10.479 38.7314 38.9711
83 10.3276 33.4524 44.7287
84 17.6146 48.4867 31.3984
85 -0.248185 44.329 38.1923
86 10.2183 42.362 41.888
87 11.4149 40.2196 49.2015
88 19.6655 42.9871 45.9631
89 8.44135 21.6543 51.1004
90 30.0338 34.3717 36.1879
91 28.6646 34.6635 43.0315
92 0.504503 39.2122 60.6529
93 15.2235 28.9773 43.1031
94 7.48708 18.8818 42.2372
95 27.5992 33.3925 53.3954
96 12.0648 48.2348 58.1335
97 31.5284 40.2824 48.7841
98 9.04128 31.4599 55.326
99 7.34008 30.5102 71.3259
100 20.4951 25.5082 66.9215
101 26.1026 31.4404 55.012
102 0.629479 19.0207 67.3223
103 20.3552 48.7368 57.8552
104 18.7758 44.3015 50.5271
105 15.0414 43.6215 72.6461
106 34.0695 39.0888 65.2487
107 12.169 26.1655 78.7818
108 22.2108 26.3478 78.2947
109 26.9342 29.36 75.6707
110 22.5541 33.8496 86.1088
111 0.383695 36.2942 88.4876
112 34.0072 41.9166 79.8011
113 16.341 36.3609 92.0097
114 16.799 27.83 86.0735
115 22.1752 42.1189 100.726
116 20.8332 48.7834 90.3806
117 14.8484 46.4355 93.4104
118 0.325809 24.9728 95.0871
119 27.7541 36.2007 100.647
120 22.1606 32.767 94.7502
121 22.0263 47.5857 91.9106
122 19.661 47.7687 103.508
123 16.2697 36.2918 103.562
124 18.0646 33.6384 92.8926
125 35.7807 32.1741 107.819
126 26.5428 43.47 110.603
127 22.0387 44.7375 112.278
128 0.647067 22.2219 99.9565
129 19.5347 51.0571 106.483
130 5.22136 36.7103 118.449
131 13.8701 45.0447 118.351
132 23.7112 24.9337 106.909
133 27.912 22.0356 106.477
134 26.8373 68.3813 18.8508
135 3.5719 61.0126 0.728575
136 22.4863 68.6411 13.3364
137 22.5279 65.4097 13.4398
138 -0.864783 49.5338 19.8355
139 -1.00649 67.0349 11.0867
140 18.3783 47.0388 9.4008
141 8.89075 68.1378 46.1883
142 -0.74194 49.5756 14.4411
143 10.18 58.1993 35.8863
144 31.2789 58.4096 28.9031
145 -0.130611 61.8958 34.5699
146 25.8509 65.5841 13.3524
147 12.6213 59.9462 34.7717
148 10.8624 38.5603 44.7255
149 27.2196 55.8843 26.7759
150 18.9115 61.5883 47.2966
151 14.306 48.7043 43.2968
152 14.2774 69.6372 36.7046
153 17.5761 63.0999 45.995
154 30.4259 47.0214 35.456
155 27.3161 65.6854 47.9301
156 11.4464 57.3977 34.3306
157 7.28366 64.1923 38.8622
158 18.7868 51.2919 43.0438
159 -0.31093 58.6294 45.3338
160 15.7489 67.2225 41.573
161 18.9179 58.2225 59.2798
162 11.9385 65.6121 57.8208
163 11.07 50.0866 44.6445
164 28.8112 61.4149 51.8393
165 21.8202 37.4639 60.4333
166 17.7965 54.6384 57.7999
167 13.4881 61.7359 77.0368
168 0.455434 56.1962 64.2221
169 19.1906 60.1332 55.3105
170 19.0928 55.7205 56.2954
171 30.737 52.8051 71.0139
172 10.582 67.8269 65.2143
173 26.5803 65.7278 78.3256
174 14.1344 53.3375 85.9685
175 0.580912 66.7578 72.6527
176 12.1422 56.0418 80.0736
177 17.6935 59.9747 72.6529
178 14.0071 44.563 74.19
179 17.9131 66.2095 81.3691
180 0.606847 45.0849 78.7629
181 23.9234 49.289 93.1853
182 10.8898 67.6382 85.9152
183 27.8518 50.9615 91.7165
184 9.97233 60.56 107.974
185 20.5141 56.2196 94.7109
186 0.380733 56.2578 110.666
187 0.549184 81.5861 92.478
188 0.86345 69.9924 87.2918
189 19.4795 58.3628 106.588
190 17.9749 46.8478 102.083
191 0.575244 73.8919 113.604
192 13.8783 59.1243 118.107
193 19.8037 62.0337 118.254
194 9.62794 38.7579 111.022
195 8.50312 64.9437 118.219
196 18.9379 59.1384 114.938
197 20.6239 58.7683 101.952
198 31.0635 78.8316 117.782
199 9.56813 65.1836 9.75203
200 15.3981 100.421 3.30093
201 15.8912 83.8619 6.32005
202 21.0612 78.2904 6.28622
203 17.8733 75.2464 0.180427
204 17.5248 89.5154 0.0252695
205 -0.957348 75.2761 4.83695
206 16.7501 75.3162 15.1766
207 11.5001 75.0972 0.123683
208 21.9842 71.3377 7.54635
209 18.4071 75.3114 26.9798
210 22.8345 86.873 25.9639
211 11.1513 95.3397 22.3983
212 28.0426 91.0485 19.0982
213 29.4048 67.0054 11.9164
214 15.4129 91.0502 15.2471
215 15.6502 73.8537 16.1836
216 16.7303 92.4309 13.0446
217 23.9387 79.4935 21.1378
218 23.309 86.9644 32.61
219 11.1593 72.9088 19.2982
220 10.0075 74.3027 27.2608
221 23.1488 76.8026 39.7916
222 7.2262 92.8195 44.5041
223 11.823 82.6549 40.04
224 11.0607 81.1453 29.5259
225 17.2437 78.4093 36.2909
226 23.3587 74.4889 51.5597
227 20.5765 99.7694 48.5782
228 24.6006 81.3451 55.8385
229 5.28467 79.9491 55.423
230 21.8897 98.111 58.787
231 29.5663 78.5568 44.0993
232 0.508625 83.9705 63.8721
233 4.72492 64.1392 47.7207
234 17.8477 71.4706 63.3884
235 17.6488 69.3574 60.4946
236 11.9725 54.5542 63.8626
237 8.72127 74.0032 57.9323
238 -0.113385 72.7357 39.686
239 0.525131 61.6741 64.2912
240 6.64216 82.6287 66.572
241 19.1955 75.7905 61.9346
242 0.587996 67.4021 66.7183
243 16.6381 69.8311 65.0949
244 25.0436 95.3196 73.4702
245 0.701497 75.8286 76.0573
246 19.4826 97.9218 67.7497
247 22.0501 75.1978 58.9218
248 19.4465 85.886 68.3668
249 0.489767 73.1484 72.2408
250 27.7658 72.8546 73.6786
251 12.266 88.5363 72.3744
252 29.3916 71.7296 87.1762
253 18.8712 81.808 97.2943
254 18.0047 74.2882 90.38
255 19.4977 87.0959 82.6459
256 33.7493 78.7388 85.5899
257 30.9477 84.2796 82.5204
258 25.2747 81.7617 85.508
259 6.74153 81.5616 90.9825
260 4.93027 84.0373 68.1063
261 7.80214 81.5097 73.9975
262 4.04263 91.01 92.9976
263 40.5493 71.9252 84.0955
264 19.5116 76.0131 79.6981
265 0.446578 78.3408 96.1219
266 16.5474 71.5128 108.96
267 0.820134 75.4173 86.7852
268 29.4743 88.2656 89.9302
269 16.2201 72.814 82.6785
270 16.7012 89.3773 106.178
271 16.4541 87.6363 108.753
272 36.7594 79.8016 117.773
273 3.60141 70.1641 107.858
274 0.8929 87.6408 113.608
275 32.191 81.7655 99.2075
276 32.2773 82.4508 107.555
277 25.2138 89.6571 105.887
278 29.2185 109.524 -0.0901739
279 21.9518 79.682 16.2705
280 27.8779 99.1244 7.36699
281 19.7315 106.684 8.94771
282 15.1832 113.994 7.49839
283 6.36315 100.802 0.280863
284 35.4502 91.1074 22.8324
285 -0.792871 95.9114 16.6597
286 12.7991 114.272 33.7543
287 7.48423 99.5406 19.4941
288 5.76848 102.362 28.2243
289 13.9139 101.697 16.274
290 -0.701083 103.914 22.1511
291 19.1176 114.129 16.251
292 -0.336074 94.599 25.4715
293 23.5031 98.1209 29.3017
294 16.8125 89.5061 13.6141
295 9.04307 113.915 16.0771
296 21.3262 114.145 19.2101
297 31.3717 104.422 39.3831
298 34.5701 108.458 42.2718
299 29.6678 89.7609 41.1737
300 23.1187 105.264 42.5624
301 0.151623 111.901 37.3371
302 5.76791 103.741 31.5321
303 4.01557 114.054 37.2326
304 7.19872 113.957 37.2734
305 24.1674 101.278 38.1649
306 8.92117 114.371 21.9759
307 12.9864 89.5494 35.5346
308 21.9959 105.373 39.418
309 21.1241 104.108 38.1943
310 0.254053 92.9048 48.8607
311 31.7416 95.5625 49.029
312 14.396 105.014 51.5687
313 18.7071 98.0761 41.2159
314 16.04 92.7998 50.1382
315 0.822522 109.507 69.3635
316 19.2191 114.554 69.54
317 5.57299 114.697 81.781
318 6.62107 93.8456 54.9062
319 17.8148 108.257 69.1314
320 17.1857 98.3458 85.4777
321 9.3782 109.885 88.3366
322 22.2865 114.394 69.2127
323 1.50516 113.978 69.2494
324 13.6512 107.26 76.6707
325 0.722229 92.3765 75.4263
326 0.655659 112.178 78.0575
327 0.0683125 103.812 73.2
328 24.3449 99.9159 84.0187
329 28.1223 107.224 99.8749
330 28.7088 95.6019 76.6127
331 12.5268 110.146 99.7715
332 8.81589 91.475 98.8616
333 13.861 107.469 94.3665
334 5.21487 106.423 102.958
335 14.038 114.839 101.527
336 7.30352 104.351 97.3623
337 17.1708 104.2 85.4054
338 22.2976 114.985 92.9961
339 28.0269 105.031 117.465
340 0.695484 101.968 110.119
341 8.28284 101.523 114.414
342 3.71343 107.34 107.314
343 36.9113 28.983 13.4812
344 26.638 -0.658087 19.4048
345 49.3083 -0.679205 16.6453
346 43.9154 15.3706 0.213285
347 57.8558 -0.530193 19.1393
348 40.2575 15.606 17.9997
349 31.9267 12.4741 0.70305
350 40.18 15.5497 21.0553
351 45.3041 23.0437 16.3222
352 32.7726 -0.14346 26.3614
353 60.7527 8.40773 15.8601
354 30.2716 -0.318662 23.0109
355 43.5852 -0.132552 25.7928
356 47.0076 -0.213308 25.1212
357 32.9742 15.9513 27.0471
358 26.938 26.9962 18.2371
359 45.576 11.8229 31.4166
360 25.5843 6.17779 34.5633
361 41.8476 -0.0373403 40.3461
362 32.185 20.0899 34.3656
363 59.8548 17.3416 31.0099
364 45.6973 23.2995 34.1636
365 58.498 0.080044 42.977
366 30.852 19.0299 53.5393
367 30.2106 16.2406 53.5429
368 50.3568 10.5574 50.4363
369 45.7286 16.0964 42.0919
370 39.7507 32.8395 35.5863
371 19.0734 0.20044 52.3677
372 27.3132 17.6437 54.7531
373 44.525 10.7615 53.4559
374 50.4597 10.7073 59.1784
375 53.518 18.9095 65.096
376 13.7312 0.380733 49.1958
377 36.1173 7.92378 86.0836
378 52.2178 14.8279 75.5408
379 37.9531 23.5018 72.6316
380 30.7515 10.9286 89.0037
381 55.3844 15.1939 75.3536
382 34.7943 9.02047 87.5601
383 56.3904 7.36581 85.8277
384 33.6493 26.4798 90.8645
385 36.2066 0.402882 72.5084
386 31.0959 16.7025 86.0804
387 68.5141 0.275751 98.4985
388 44.5821 0.642855 84.5142
389 39.2125 25.5366 94.7482
390 43.3739 21.9709 100.357
391 63.4613 12.3494 84.1052
392 49.4599 29.0886 90.0088
393 53.9466 14.103 117.87
394 39.5329 5.13045 118.215
395 48.0937 23.4934 118.494
396 45.5181 26.4235 104.586
397 36.5916 0.553108 116.271
398 42.4335 0.486932 110.546
399 49.2426 24.7647 91.0783
400 62.8446 10.8581 118.018
401 45.2562 22.6703 114.883
402 37.8842 26.3989 0.483372
403 38.1027 35.216 0.0353651
404 23.671 40.7585 0.409355
405 55.4211 23.7037 14.7619
406 55.1946 41.2135 -0.22947
407 52.4325 38.5839 5.94449
408 22.2514 41.245 5.93835
409 38.1095 45.7767 12.0106
410 32.4187 26.8062 0.604172
411 48.9568 35.2512 -0.0710883
412 28.0966 41.3262 8.97499
413 39.6756 36.7755 16.4069
414 39.5965 43.1575 25.1337
415 21.4948 20.2913 35.9886
416 42.7136 54.9156 18.9216
417 40.9465 54.0928 13.5745
418 38.0038 42.6493 11.2738
419 30.6446 22.7776 16.6733
420 33.8411 51.16 13.2587
421 28.4571 21.4989 35.7649
422 34.8259 28.6488 43.0169
423 59.764 25.2345 33.9563
424 46.7331 35.7467 23.5071
425 22.9406 17.1491 34.6672
426 58.5641 33.3895 44.1273
427 54.6156 18.6361 40.555
428 33.467 18.5042 32.8831
429 39.7781 34.4932 40.0643
430 31.6661 32.9444 35.7636
431 53.2223 30.4707 44.2179
432 32.9193 38.6463 41.5328
433 38.6374 27.1818 50.2689
434 41.7433 34.8462 59.6367
435 28.7723 22.8886 43.0354
436 34.2801 28.8622 57.6513
437 37.8017 31.5394 54.7147
438 40.5876 48.7855 54.5792
439 45.0509 36.02 58.8879
440 47.6657 41.2254 64.7926
441 22.1633 22.8258 74.4966
442 44.4696 24.882 59.1061
443 23.2832 54.4158 66.6723
444 36.4835 21.6469 85.9203
445 39.185 22.3283 68.2404
446 37.5912 29.3366 54.7259
447 47.7246 24.1478 50.2016
448 44.6833 24.099 71.1218
449 34.8835 31.8065 81.5025
450 48.7087 34.3273 57.5993
451 36.3384 41.8665 79.7294
452 32.5298 43.2039 72.5205
453 58.8731 42.2516 76.4632
454 26.5401 49.1388 69.5066
455 48.6022 29.4296 51.6197
456 38.924 38.8991 85.6586
457 57.5919 34.8537 75.1076
458 42.0356 36.0111 82.7385
459 25.1247 31.3304 83.0601
460 42.1352 39.6996 85.8265
461 40.6999 37.6889 84.3436
462 55.2792 35.2753 84.1949
463 46.1673 40.3874 87.194
464 65.7973 23.6153 83.9408
465 34.5225 32.0166 87.4614
466 64.9748 33.234 103.087
467 37.714 40.3551 87.275
468 59.0597 45.4819 88.2815
469 45.8292 35.0059 104.683
470 35.8322 47.8031 103.591
471 46.2799 20.672 110.582
472 46.675 31.2722 113.391
473 45.7063 33.7695 118.115
474 33.6797 24.2751 106.447
475 51.1073 27.3725 117.964
476 60.7038 44.8514 93.8282
477 47.884 39.1389 103.428
478 49.5405 29.1493 113.265
479 37.9616 54.8665 99.0282
480 38.1482 59.9854 13.8035
481 49.372 63.7653 -0.219315
482 52.0029 68.2491 12.805
483 49.5706 49.571 -0.203362
484 41.5874 41.763 26.7834
485 34.1023 51.3185 22.2546
486 59.754 72.6685 29.8194
487 30.3705 59.8164 13.1768
488 54.8785 55.6089 11.3719
489 45.6172 57.9754 30.793
490 35.5786 61.3846 26.6086
491 45.6896 53.9472 27.9503
492 45.6602 51.4362 24.9484
493 53.8145 57.2127 42.5359
494 52.7935 37.2722 35.7365
495 41.3783 70.8732 26.1937
496 49.8336 47.175 32.4555
497 35.8153 72.3359 38.3395
498 43.1495 57.4018 51.4428
499 33.0879 67.6767 52.9513
500 47.3097 36.0209 58.9564
501 38.3711 50.169 47.1598
502 42.8485 54.5097 45.648
503 46.4151 57.1764 60.3436
504 28.9955 64.7428 51.5866
505 44.3349 64.0241 52.966
506 48.7653 64.4541 58.2131
507 55.8979 73.5917 67.4327
508 29.631 51.4316 78.3522
509 37.8246 63.1625 69.0818
510 34.6923 48.6902 54.5733
511 48.8362 59.6732 57.395
512 37.4854 48.7504 54.5844
513 28.8572 51.469 63.3952
514 40.8604 65.7937 89.8021
515 38.2526 60.1993 86.9411
516 50.9604 59.0076 82.4579
517 39.0977 61.8493 79.6011
518 32.1078 62.7308 69.4103
519 43.4789 63.5846 75.0567
520 43.5584 59.5776 72.136
521 40.4583 60.6895 81.1692
522 44.7428 65.2729 73.5793
523 57.6993 54.9222 89.7531
524 42.2827 53.268 94.4404
525 52.2857 49.2718 95.8672
526 28.0752 57.7626 104.942
527 42.1501 54.714 91.0125
528 35.2435 46.7102 101.975
529 40.7548 48.9237 113.505
530 36.2125 56.4707 97.5048
531 30.9668 61.8935 118.17
532 25.1682 57.087 103.532
533 57.2039 70.4017 117.761
534 33.8054 67.7377 103.266
535 48.0366 64.0731 105.962
536 64.8463 54.0424 94.3413
537 32.5056 80.8193 -0.188523
538 43.5375 84.0726 -0.295476
539 25.146 72.0961 7.26216
540 56.9875 70.9109 9.89137
541 52.2513 82.6362 17.7753
542 23.7668 80.8273 0.135181
543 32.2102 55.5077 0.00902435
544 45.6248 82.0592 21.7398
545 44.8206 75.3759 29.3415
546 45.506 76.6698 24.6752
547 39.4244 92.5731 14.9681
548 36.9468 71.0968 19.0404
549 48.5515 79.7965 21.669
550 58.1591 73.0695 26.0716
551 61.1566 86.9573 31.8114
552 47.9965 79.8213 33.7988
553 30.2306 77.0171 42.2665
554 52.8268 78.2907 35.0311
555 51.6309 74.1806 54.019
556 25.3782 68.3089 25.1314
557 37.0021 89.825 32.318
558 45.7556 59.8095 36.8512
559 48.039 85.707 30.7396
560 38.6236 62.9142 40.5435
561 38.2397 75.3373 38.2412
562 63.0769 73.9162 39.3195
563 61.3661 85.2746 46.7399
564 31.7492 79.2522 48.3518
565 55.131 67.2648 29.2205
566 37.3052 88.8634 42.4967
567 56.3789 88.414 53.9402
568 46.294 82.545 57.0408
569 62.4324 68.5822 54.1739
570 48.3617 88.4511 54.0743
571 22.9455 68.5674 45.7244
572 45.222 71.2645 45.409
573 48.957 79.0125 69.0087
574 62.8528 53.9533 54.0696
575 32.5808 86.7986 47.0146
576 30.3837 63.1791 53.3291
577 30.2115 77.261 46.845
578 24.493 69.7603 47.1058
579 40.4669 91.6163 75.053
580 53.3006 89.4182 61.5757
581 42.968 94.2401 68.89
582 35.2192 90.9838 71.9711
583 47.4212 75.8066 61.4752
584 30.9819 89.8137 70.4818
585 39.0769 72.8531 73.5647
586 35.9025 92.612 64.6135
587 46.2822 82.3588 78.0208
588 30.8175 87.4613 79.4558
589 36.6084 81.6628 85.3724
590 49.5616 82.8011 92.6104
591 57.473 74.4359 92.5675
592 50.3884 77.2427 80.4108
593 49.1056 77.6332 89.6917
594 20.793 82.9042 84.0486
595 44.8144 84.6274 105.818
596 43.1126 86.0853 89.8507
597 47.932 64.6177 100.143
598 22.2024 67.336 91.657
599 54.7451 88.3614 92.4952
600 39.799 84.5736 97.0855
601 43.8113 89.018 104.379
602 47.7056 70.2882 97.2081
603 48.8109 93.1177 111.355
604 59.8743 76.1661 94.041
605 32.247 77.6914 89.9115
606 56.2101 84.5971 87.9075
607 46.3168 63.0499 89.8151
608 43.7847 64.657 94.3036
609 53.7848 83.1898 104.068
610 39.0653 79.1179 103.13
611 50.9645 74.2263 105.63
612 42.5052 87.1978 105.898
613 38.2412 73.4608 111.804
614 44.746 87.694 105.841
615 53.7137 79.7304 105.837
616 38.8645 96.7218 7.1425
617 43.7557 114.258 1.68475
618 54.9692 112.366 -0.401035
619 26.6594 95.269 8.89726
620 49.1354 114.406 1.71525
621 53.5393 101.204 13.9663
622 59.205 98.1622 11.5056
623 38.1218 108.329 13.795
624 40.9751 85.246 11.0432
625 37.0257 111.059 4.16007
626 49.5053 102.477 10.2513
627 23.9291 114.21 10.2274
628 47.0357 94.103 27.3424
629 23.4193 114.393 13.0662
630 24.1569 99.6953 24.0168
631 36.4344 92.8001 35.1893
632 38.3831 89.7259 29.3097
633 35.6476 114.215 27.5664
634 53.86 102.761 18.4965
635 20.9699 99.6813 25.3039
636 57.8147 114.315 42.1901
637 22.7906 100.0 39.5796
638 57.6493 105.338 42.2604
639 44.2396 93.8986 40.7825
640 46.8005 98.5826 49.5936
641 44.3495 94.4142 43.7505
642 50.0379 100.739 49.5338
643 28.7708 110.441 57.0671
644 44.1751 92.632 46.6884
645 47.7461 114.43 36.3109
646 41.2357 91.1218 38.1673
647 43.6414 88.4154 45.1262
648 27.8264 114.287 57.2245
649 39.2483 114.279 74.5558
650 41.9733 98.2617 67.3267
651 39.2518 114.383 65.6893
652 57.5272 91.9086 71.5497
653 58.6428 114.149 54.2196
654 37.7137 94.5225 59.9901
655 37.7795 103.087 86.6208
656 50.4035 95.5091 64.5349
657 33.5277 94.2925 84.5632
658 47.9746 101.55 85.0697
659 36.2111 98.749 79.3051
660 26.6705 94.0837 75.0951
661 44.6939 114.33 60.2241
662 44.9253 114.472 80.5657
663 41.034 114.373 63.0012
664 34.9507 108.503 86.4631
665 42.4663 114.632 86.1615
666 47.7082 114.346 77.8783
667 39.2222 92.8627 76.4434
668 40.0652 93.0332 85.3213
669 32.4174 97.3517 80.8651
670 39.2623 106.945 76.0465
671 28.6599 101.422 88.2277
672 39.2383 94.4534 88.6738
673 48.9585 102.925 83.7182
674 39.6695 103.026 89.7056
675 39.3468 107.052 99.8522
676 62.0533 99.1487 93.7826
677 41.8443 114.777 98.0817
678 53.6212 110.072 90.7568
679 36.6701 115.01 110.09
680 42.6598 90.6264 117.636
681 42.1184 97.6215 109.62
682 43.8399 107.689 112.067
683 36.5774 90.3846 117.669
684 50.7775 115.292 104.279
685 35.1589 104.14 104.216
686 33.3797 115.137 103.852
687 41.8953 115.149 115.502
688 36.8029 96.2777 117.527
689 57.5142 102.078 117.63
690 59.478 113.278 117.037
691 66.5701 4.3284 0.286344
692 69.2326 32.5279 -0.21697
693 79.1808 23.8935 1.09119
694 74.0797 18.4485 6.26325
695 66.412 15.0664 0.0981873
696 62.5798 14.0655 16.168
697 89.6599 -0.256525 19.1745
698 66.7446 4.45705 23.7911
699 62.3951 18.3292 13.2432
700 81.2607 -0.53096 25.9726
701 77.9639 -0.183677 21.9332
702 72.645 -0.2326 19.5763
703 58.2533 -0.0240065 27.5928
704 66.7463 10.4052 23.6343
705 60.7044 5.56214 13.1759
706 62.8023 14.2383 45.7348
707 63.2176 11.8084 42.8323
708 77.2319 22.9608 42.418
709 83.9643 25.8857 42.2788
710 75.5926 17.4111 41.7814
711 77.5213 -0.0961917 34.0943
712 64.4174 9.2377 50.2596
713 55.7152 10.1087 44.5718
714 71.2322 16.8811 39.6013
715 69.9488 18.519 41.1051
716 54.1782 20.3584 45.8439
717 66.9611 5.16796 41.4767
718 89.7775 13.796 55.6791
719 61.505 0.44807 63.5728
720 89.1563 14.9979 77.7609
721 61.5252 4.76903 59.2826
722 70.438 0.609154 69.238
723 65.3035 20.6597 66.3021
724 67.5735 0.485792 72.8925
725 79.5068 3.10118 51.3287
726 50.8287 10.5945 70.9637
727 93.3726 0.466325 87.0232
728 59.3399 14.9914 91.8351
729 71.9137 15.6604 75.2091
730 72.2095 12.3919 86.8982
731 57.669 12.3556 87.1701
732 84.4779 0.406238 92.38
733 83.5532 9.58282 101.493
734 83.0021 10.5866 111.519
735 83.6028 9.22394 112.987
736 86.5414 21.6162 104.311
737 68.9986 20.5409 110.34
738 67.9453 0.281834 104.98
739 73.4526 24.7479 97.2295
740 82.5326 16.7767 117.569
741 62.3558 19.2518 111.879
742 72.4674 13.6015 112.49
743 80.6849 29.2203 107.161
744 59.4123 0.449299 113.474
745 62.1684 16.1148 118.048
746 62.455 0.106955 104.708
747 59.68 16.3419 117.875
748 71.7928 26.7823 -0.296728
749 72.4037 41.0872 -0.297302
750 88.0415 52.6956 10.422
751 80.1226 27.1567 23.0212
752 72.3656 32.2924 -0.310518
753 63.7902 18.3291 -0.0109859
754 72.8819 47.0692 20.066
755 52.5121 46.9439 14.4395
756 51.1094 48.3216 18.9433
757 58.2754 24.678 26.3621
758 59.8629 28.1221 13.3436
759 62.9862 22.6791 39.8354
760 59.5049 25.8322 42.6129
761 71.4564 45.9353 36.4649
762 62.8352 26.0104 33.8233
763 84.2247 17.9807 61.0618
764 79.7219 34.2849 51.0327
765 62.3799 37.3787 54.2563
766 59.3354 35.8257 55.7763
767 79.8981 14.539 45.6003
768 78.5019 30.66 52.5414
769 72.5959 38.9692 40.7925
770 73.3912 37.1945 36.4741
771 88.8876 33.1867 40.6988
772 78.5111 29.8815 41.0932
773 83.062 29.642 74.8965
774 79.6405 37.5677 68.8539
775 47.44 30.1832 67.8102
776 60.7105 38.8954 58.7808
777 66.9875 37.3322 60.9959
778 88.7193 34.6661 74.7637
779 88.3694 26.1808 68.8895
780 57.3201 37.4623 72.1744
781 56.3176 25.1743 73.7192
782 68.9913 45.8329 68.8706
783 68.9813 23.4927 86.8904
784 93.1803 28.5021 76.2577
785 79.0998 28.2525 91.1299
786 73.5047 38.9789 82.4035
787 71.6334 20.4309 89.7001
788 72.6906 50.4172 85.0643
789 59.5836 36.3273 85.6421
790 72.8682 35.9766 70.4187
791 84.6719 44.0539 85.0888
792 58.7821 39.1239 73.7208
793 79.9697 31.8114 80.7926
794 66.5379 25.8334 101.503
795 74.8731 29.2119 98.5575
796 52.1061 40.5195 95.7607
797 83.0408 31.8166 89.6675
798 70.943 36.6515 88.1996
799 60.3014 46.5968 92.8647
800 78.0492 41.0882 104.302
801 83.0181 28.9795 83.759
802 83.3025 23.8242 89.7479
803 71.5488 46.1193 89.7883
804 59.515 24.9866 117.819
805 71.1297 30.8776 117.628
806 62.0627 24.9846 108.988
807 83.622 27.93 107.628
808 66.8192 34.6896 104.536
809 82.0822 31.0116 108.593
810 89.8059 49.4913 -0.814012
811 69.8423 58.2147 -0.828008
812 52.252 61.0986 -0.276017
813 59.7097 56.8823 12.8299
814 64.87 62.4583 9.8399
815 72.0775 49.998 8.46447
816 65.3207 59.0496 15.7479
817 92.3469 72.7508 16.7079
818 63.6243 52.1344 -0.373049
819 82.5937 57.0207 12.6087
820 82.4117 45.5119 9.8003
821 70.8922 56.8095 15.5919
822 64.8325 65.5103 15.6322
823 71.8537 44.0591 20.4445
824 69.6961 69.9122 29.2933
825 76.1494 62.6582 24.4671
826 68.0642 66.9107 15.952
827 56.5685 64.0808 5.4625
828 86.0973 71.5165 41.9344
829 74.9181 66.6453 22.9572
830 78.6435 69.7913 37.6481
831 77.3153 65.5557 33.4455
832 69.7104 76.9708 33.9724
833 95.2465 41.6244 43.4351
834 71.4499 47.9501 39.4319
835 67.8938 68.5158 27.667
836 75.4692 69.9953 34.7594
837 81.0619 71.9638 37.6516
838 74.2145 45.557 39.4031
839 85.5721 57.5375 71.5145
840 55.6274 55.517 58.7291
841 68.518 63.3713 53.9656
842 58.9859 51.0185 73.5248
843 71.0306 60.4449 53.8437
844 64.3821 66.8356 64.4332
845 81.2753 61.6617 61.3581
846 87.1396 61.1979 58.3284
847 68.9669 65.7193 56.9699
848 79.9324 60.2509 59.6658
849 69.3151 49.2747 83.6538
850 80.6657 56.1403 75.8832
851 75.2057 49.1196 86.6737
852 77.5578 71.6909 86.3222
853 80.4904 60.2926 77.5145
854 65.9098 57.5036 71.9446
855 82.9646 54.4672 71.6767
856 70.6092 64.4458 88.1238
857 61.8385 52.9579 73.4316
858 69.4251 64.4836 98.0917
859 73.3895 47.6864 88.2575
860 42.373 64.647 100.229
861 64.7403 44.6343 94.2981
862 69.5652 66.2605 104.278
863 71.0809 44.5079 117.526
864 49.888 56.0771 97.2155
865 85.2107 43.1654 108.378
866 75.1283 39.1751 99.5903
867 75.134 72.6354 109.929
868 86.5353 44.9457 107.249
869 85.1309 46.4463 105.673
870 81.1449 47.9215 118.065
871 71.4057 67.7892 117.552
872 79.609 55.7683 117.409
873 93.2466 67.5328 99.5019
874 73.7371 63.4761 108.918
875 87.9165 59.5712 117.254
876 89.3251 70.3381 7.95868
877 58.4884 72.3439 8.47609
878 86.3399 89.4773 8.09963
879 65.0119 80.8623 4.36735
880 63.9205 92.4717 -0.651745
881 60.5457 72.838 -0.345012
882 66.9194 71.1603 18.0251
883 63.6152 83.3552 5.28337
884 69.5438 63.5835 -0.64389
885 64.1024 86.8773 5.4713
886 78.2589 77.2186 37.4121
887 73.5039 82.5224 9.63418
888 87.6484 62.6544 18.3489
889 71.8471 69.7005 16.9244
890 80.1743 76.9036 30.3087
891 57.8059 86.8501 14.2074
892 75.4562 83.0436 37.5038
893 67.0702 69.8538 26.1197
894 70.4597 85.3953 41.9976
895 71.3395 79.4485 39.0394
896 75.1828 80.8175 31.7244
897 74.1255 72.8086 48.0101
898 83.2075 82.8712 26.9584
899 88.2234 77.779 35.985
900 65.8851 97.3285 50.7306
901 81.2803 94.125 36.0947
902 79.839 68.9227 50.8614
903 72.6805 85.0502 55.3142
904 54.8577 77.0866 56.9721
905 65.9616 65.5971 42.4289
906 67.4491 87.0702 61.2307
907 71.3593 69.0655 56.8297
908 67.8483 70.24 64.3818
909 62.775 85.7961 74.6246
910 69.8256 89.0565 52.2946
911 79.9406 74.4455 65.5641
912 69.889 84.2398 73.0792
913 69.8839 85.7388 59.4573
914 74.1421 74.7087 59.6774
915 77.0896 83.2862 71.5587
916 86.0155 80.2297 89.0752
917 66.1972 60.5623 86.6191
918 64.8805 81.98 90.7846
919 57.8952 86.0334 71.8707
920 81.7664 72.8521 84.776
921 83.5711 75.7972 64.0624
922 63.1346 82.9935 77.6689
923 56.3242 69.0205 104.278
924 63.431 71.6649 92.4577
925 54.7929 91.6508 89.4126
926 64.7858 86.4914 96.552
927 68.3386 85.619 71.5459
928 70.4616 82.4633 96.6291
929 85.5984 84.8983 117.039
930 59.4672 84.8004 117.391
931 80.1254 70.8456 117.377
932 84.5677 86.0669 106.65
933 77.8915 84.8626 106.517
934 68.4646 70.6658 117.65
935 70.8133 78.9469 117.415
936 68.3672 70.6715 108.57
937 68.4454 90.8548 117.413
938 79.4458 99.2108 9.58628
939 58.314 108.186 9.64244
940 56.7629 93.7239 6.85498
941 69.3498 92.1461 -0.697542
942 83.6397 105.461 24.5782
943 77.9206 114.982 17.2263
944 81.0569 114.507 28.1803
945 59.9974 102.49 27.3568
946 60.6516 114.207 6.92937
947 81.1335 104.536 19.7594
948 46.5745 106.793 20.2453
949 66.8799 109.308 25.6694
950 58.4653 89.9588 25.9299
951 69.7754 114.101 35.8468
952 45.6335 97.3391 48.2108
953 74.6412 91.1076 33.0894
954 88.2862 102.313 32.8327
955 55.5832 101.143 31.906
956 77.0649 92.6144 37.047
957 81.4355 103.992 57.9663
958 71.4774 96.5378 65.5233
959 84.1098 98.3622 66.7413
960 77.203 89.8429 31.7296
961 61.9674 114.02 51.1282
962 84.2699 114.132 56.5819
963 61.7152 114.164 42.0638
964 60.45 79.9443 42.1356
965 71.3192 92.4798 47.7467
966 65.5533 96.6999 44.8605
967 55.5153 114.22 41.8113
968 79.9728 94.3343 47.6723
969 80.2939 97.1515 62.4939
970 92.6157 92.7828 63.8276
971 58.7173 114.453 62.8723
972 68.828 102.21 68.5009
973 88.601 88.6081 62.4424
974 69.7415 114.297 56.9925
975 67.3379 102.516 73.517
976 67.4028 104.119 84.7175
977 85.3694 108.347 79.895
978 64.8981 98.6945 81.8021
979 68.6863 93.505 65.6646
980 71.6803 94.5167 89.2489
981 84.9711 114.553 76.8074
982 64.5072 114.444 77.2244
983 77.4296 102.128 80.0554
984 62.9634 91.6248 86.3372
985 78.0652 114.517 73.8321
986 76.4542 115.038 101.393
987 69.1703 88.4195 92.0954
988 62.4255 110.721 116.943
989 76.3908 93.0785 90.5735
990 55.0405 90.3422 93.1416
991 83.4905 111.816 97.6233
992 64.4952 93.3066 99.4073
993 75.9407 107.401 90.3618
994 61.0945 93.2751 93.8128
995 73.1967 104.458 90.5528
996 72.0517 94.465 103.794
997 63.0662 115.246 100.625
998 67.485 101.984 116.877
999 62.1552 115.27 112.097
1000 76.5007 107.675 116.769
1001 65.1388 94.2371 117.331
1002 90.818 90.8065 116.821
1003 57.9819 90.4272 113.575
1004 85.0936 115.11 106.216
1005 50.8314 115.236 109.343
1006 95.8259 104.917 107.664
1007 72.3612 105.935 112.234
1008 113.922 12.5575 0.886952
1009 105.645 19.852 4.18602
1010 87.8859 19.3003 7.16915
1011 106.641 -0.373911 10.2155
1012 89.1617 3.32026 -0.549942
1013 96.7306 17.2652 10.065
1014 93.7435 20.2682 9.99131
1015 107.883 18.6702 17.7937
1016 104.915 3.41725 24.8036
1017 103.616 -0.356045 19.2462
1018 92.2222 11.4813 9.89514
1019 93.7941 4.41142 22.7703
1020 99.3989 13.8237 24.6148
1021 71.1273 12.6742 20.9141
1022 96.7743 18.8706 32.7179
1023 108.978 0.261477 39.8318
1024 108.224 0.367691 36.676
1025 104.361 27.1551 34.7739
1026 89.7958 16.217 37.8551
1027 99.6061 5.52221 30.6251
1028 81.3466 10.1853 26.245
1029 93.8053 16.3582 36.3921
1030 89.8867 21.3648 55.7971
1031 82.3976 6.49101 63.0261
1032 114.141 5.45635 56.7499
1033 101.887 12.0655 54.1791
1034 108.581 18.2506 65.7945
1035 96.5646 0.0423354 45.6638
1036 106.559 16.1392 43.7001
1037 89.8387 0.302408 44.9116
1038 101.07 19.3441 61.5063
1039 94.48 7.97505 82.5194
1040 114.313 18.7681 51.0601
1041 106.955 0.820723 74.336
1042 103.574 0.78181 68.6493
1043 86.7445 0.517977 54.388
1044 95.8537 0.681924 57.4278
1045 90.13 22.1757 67.5322
1046 93.3823 3.58464 71.9689
1047 83.2176 18.2363 83.7063
1048 107.702 13.7744 82.0204
1049 115.501 2.63051 87.8306
1050 107.048 0.986545 71.9121
1051 105.721 8.97751 83.4864
1052 109.898 19.0773 70.1772
1053 114.67 7.96494 82.9607
1054 102.139 0.583844 86.7078
1055 98.7438 0.478058 62.8388
1056 90.3349 16.2323 91.1005
1057 114.796 5.49447 85.997
1058 104.658 0.435893 98.5132
1059 91.8941 20.9055 83.6411
1060 94.7006 21.1649 89.56
1061 100.172 20.4288 80.6478
1062 90.5822 19.6278 94.0539
1063 102.632 16.4086 93.7121
1064 83.3044 6.73161 101.523
1065 105.952 6.62351 98.3805
1066 100.648 5.07559 106.179
1067 115.305 13.855 106.616
1068 113.706 5.23523 116.926
1069 100.179 16.2181 91.4191
1070 91.9829 35.5382 -0.729972
1071 89.3228 43.2394 -0.694749
1072 92.3426 18.8005 2.76695
1073 99.6769 45.9405 15.5514
1074 100.75 42.6467 2.63026
1075 99.3826 44.4514 3.8003
1076 103.769 32.753 11.1709
1077 86.6198 31.7585 11.5482
1078 102.701 38.4062 10.8341
1079 93.8886 42.2686 24.5173
1080 88.2387 40.8887 24.7858
1081 114.017 38.8873 18.2714
1082 83.9084 33.3879 37.6478
1083 114.143 41.7415 41.8458
1084 113.99 41.4836 24.7786
1085 98.285 38.5275 40.4473
1086 93.9308 38.8774 33.0603
1087 114.29 35.6688 12.1286
1088 99.596 49.1442 18.5716
1089 103.686 21.7948 43.583
1090 92.4008 28.1762 23.0167
1091 82.3656 34.0669 39.3513
1092 103.948 16.43 55.5225
1093 94.1244 36.018 49.3114
1094 94.4352 37.8431 59.6427
1095 103.849 55.6783 46.2386
1096 86.7078 51.5214 42.2085
1097 104.417 24.6818 43.4753
1098 94.1311 33.059 47.6236
1099 114.492 42.1114 56.5011
1100 92.9808 33.7428 61.3173
1101 102.014 37.3497 50.8986
1102 106.991 0.0675022 54.9822
1103 100.18 26.0922 53.7937
1104 98.4366 44.5573 61.1916
1105 94.4852 31.9377 71.7116
1106 102.749 31.6538 65.727
1107 92.2799 27.3069 49.4622
1108 103.006 26.4616 59.8726
1109 114.374 32.8989 48.168
1110 114.334 38.9372 71.6022
1111 108.444 40.5674 65.468
1112 106.95 25.0446 76.0923
1113 104.205 30.3962 58.2801
1114 91.7998 40.6177 77.5038
1115 92.745 30.6257 73.0419
1116 115.267 39.1753 85.1651
1117 94.6445 26.5556 77.5839
1118 101.576 38.7818 73.0131
1119 81.7582 24.9338 82.3184
1120 72.5522 41.9202 79.3004
1121 88.6355 43.4936 83.5572
1122 90.4371 30.8042 76.2396
1123 101.6 44.9726 93.602
1124 88.7592 32.2551 77.7806
1125 114.688 47.5974 86.3132
1126 114.545 30.6656 74.8284
1127 92.4359 31.9379 104.053
1128 92.1364 33.3413 100.965
1129 102.39 44.6399 108.084
1130 111.222 25.0163 116.884
1131 113.853 39.4092 116.719
1132 107.918 46.2413 97.3375
1133 115.272 42.519 106.694
1134 105.122 44.9908 117.091
1135 105.044 35.004 102.541
1136 84.9744 59.4003 117.356
1137 92.1754 55.1124 8.27657
1138 106.626 54.1016 12.5853
1139 91.9436 52.6339 -0.548536
1140 102.952 57.0445 15.3357
1141 113.924 64.3002 26.3643
1142 102.16 62.7014 18.297
1143 107.888 55.833 25.2525
1144 90.5611 54.0774 12.6215
1145 89.4084 52.9277 13.9692
1146 114.334 49.7662 24.7205
1147 114.137 58.4386 14.7888
1148 102.399 58.2493 8.33874
1149 95.401 78.2489 28.506
1150 87.8762 66.7773 16.6755
1151 88.3716 50.9603 39.2144
1152 101.028 54.1529 31.6754
1153 92.9395 51.4554 30.2712
1154 94.908 75.5829 28.4918
1155 99.7354 55.1484 33.1359
1156 80.81 70.1674 40.4368
1157 114.025 52.5631 41.9207
1158 99.6474 64.3585 42.5584
1159 98.128 70.4333 43.2095
1160 114.337 69.8313 43.4908
1161 114.351 47.9772 50.6647
1162 95.6697 52.2949 55.0565
1163 96.5285 54.5376 68.5598
1164 108.415 47.9252 53.6548
1165 114.337 61.0352 50.3402
1166 91.2541 69.842 34.4972
1167 114.298 53.0496 52.9044
1168 92.7284 76.3877 66.8244
1169 104.27 61.4661 69.9259
1170 105.741 57.2106 59.48
1171 105.258 51.6606 62.5346
1172 114.366 58.4838 65.1702
1173 89.9903 56.2275 70.211
1174 96.9741 54.7022 62.7058
1175 91.5777 51.699 68.5569
1176 102.134 68.8844 53.6864
1177 105.461 71.7817 71.1605
1178 91.7205 61.8556 81.2204
1179 93.1841 41.8728 64.3471
1180 101.379 45.0948 64.1982
1181 104.088 47.7433 64.1458
1182 95.9468 50.5489 75.7966
1183 107.573 44.9308 90.6757
1184 87.3692 50.4596 78.9967
1185 83.0627 51.4399 83.6752
1186 93.4741 44.8015 75.9257
1187 114.441 68.1785 82.7726
1188 114.383 50.3898 82.9795
1189 114.422 57.8152 77.2123
1190 114.236 47.9341 74.1303
1191 107.51 69.861 93.3183
1192 90.7846 52.9111 99.5001
1193 111.614 52.0763 88.8017
1194 90.3314 58.5805 90.8631
1195 108.866 51.7141 88.9694
1196 94.4299 69.023 86.2135
1197 79.698 64.7165 99.5967
1198 99.4319 63.2691 97.6994
1199 92.6926 67.592 87.6492
1200 99.2226 60.5068 99.6105
1201 84.5135 56.4045 111.318
1202 87.5235 59.113 111.168
1203 108.073 56.6015 116.794
1204 98.3669 68.899 106.631
1205 93.7414 57.0136 117.167
1206 108.077 64.818 116.66
1207 81.3526 83.7434 -0.85866
1208 89.1913 80.5875 -0.878521
1209 100.878 90.0087 7.99445
1210 113.766 75.3944 3.50112
1211 86.7139 88.4192 25.4444
1212 106.564 82.4395 10.5747
1213 86.5063 80.4847 -0.974706
1214 78.0147 69.8165 19.8409
1215 86.3979 76.8434 10.567
1216 113.819 87.0232 0.651306
1217 113.814 89.37 17.9552
1218 114.21 58.9821 30.134
1219 95.326 83.8708 25.4422
1220 69.438 72.4253 19.9684
1221 107.077 72.9089 25.5025
1222 113.933 93.0705 24.0161
1223 86.7982 86.6569 28.4517
1224 77.5077 86.7184 11.0957
1225 90.8013 86.241 21.2182
1226 110.884 74.3134 47.4518
1227 108.148 88.5762 35.4893
1228 105.76 71.3545 50.3884
1229 93.4749 68.4305 38.8363
1230 95.5041 77.0662 36.4696
1231 92.5444 65.6778 36.9899
1232 114.031 81.2221 32.6926
1233 81.1998 89.6176 37.4134
1234 94.0732 80.2493 38.7582
1235 102.408 74.3005 44.7805
1236 89.8189 86.9087 57.8231
1237 89.8012 78.9147 49.1316
1238 114.129 94.9045 47.5032
1239 99.5315 88.1135 41.5221
1240 82.9266 84.2185 61.5862
1241 105.339 72.1448 65.1017
1242 98.3598 81.5087 63.9036
1243 108.266 79.4703 68.1039
1244 99.8903 74.0824 65.3066
1245 114.491 86.7475 64.7707
1246 106.954 72.6975 69.6518
1247 107.091 64.8226 69.8403
1248 95.3739 91.2701 53.2889
1249 95.7114 84.6651 75.5268
1250 114.53 92.6672 76.609
1251 97.5228 83.0768 85.8806
1252 90.2817 70.0609 72.9117
1253 114.542 64.57 74.5253
1254 92.3152 75.9401 60.7889
1255 94.766 71.7436 86.0336
1256 114.78 75.2755 79.7697
1257 84.6748 81.4754 75.9427
1258 114.485 79.2666 79.6735
1259 91.4507 93.9072 76.9961
1260 90.412 84.2395 90.3101
1261 114.896 84.772 91.378
1262 90.2467 91.7274 91.0694
1263 86.4786 75.2204 103.899
1264 90.2905 75.7337 84.606
1265 104.796 80.4147 95.9061
1266 107.819 76.3231 104.853
1267 88.1749 73.7293 116.911
1268 115.348 73.8378 103.482
1269 93.784 69.1477 117.705
1270 115.362 87.6816 106.166
1271 107.901 79.4294 104.827
1272 96.3568 85.1182 110.643
1273 93.3213 85.1855 110.748
1274 109.277 81.6318 112.072
1275 93.5493 60.6118 103.777
1276 115.34 82.2 109.24
1277 96.5248 88.0095 116.865
1278 82.4046 80.565 108.774
1279 105.27 90.5075 107.593
1280 105.132 76.2324 113.541
1281 110.848 92.3557 6.47818
1282 95.0865 114.164 12.2103
1283 112.088 114.151 6.30783
1284 113.966 97.6246 14.7856
1285 99.3837 109.576 12.9807
1286 106.415 102.33 19.6422
1287 107.726 103.574 17.7122
1288 94.0097 99.4026 35.6066
1289 97.9315 108.148 19.6461
1290 113.656 98.403 23.0197
1291 107.82 101.088 17.8102
1292 90.8149 106.653 21.2483
1293 101.922 99.6562 32.6807
1294 106.379 114.247 41.9337
1295 89.6996 114.135 29.6858
1296 102.494 102.484 29.726
1297 84.7578 99.8815 35.6852
1298 114.125 97.936 41.4378
1299 106.459 101.529 45.9623
1300 98.1751 95.6219 40.0678
1301 88.2589 95.5279 34.2975
1302 83.9124 92.607 49.0487
1303 96.6785 106.168 44.6126
1304 109.759 95.0405 60.6774
1305 114.059 112.327 50.2495
1306 95.0561 114.273 59.3951
1307 103.648 89.9202 51.8732
1308 98.2769 105.446 53.691
1309 113.846 106.844 62.1866
1310 91.2693 96.2459 62.377
1311 85.7414 98.4026 69.2036
1312 105.442 94.658 68.018
1313 114.009 113.272 76.5955
1314 89.6561 114.351 79.7624
1315 114.146 101.779 64.9122
1316 96.6576 94.4246 59.2903
1317 107.471 93.2436 90.123
1318 105.452 111.07 82.5238
1319 93.9429 100.108 88.6404
1320 94.0442 88.5327 83.0053
1321 114.452 90.2474 82.6124
1322 108.177 88.5723 79.7475
1323 114.295 107.544 76.4499
1324 107.533 114.808 93.9188
1325 91.9579 100.331 94.5652
1326 104.285 90.7674 87.3925
1327 81.7784 96.1578 96.2619
1328 115.374 90.7259 114.523
1329 114.631 104.357 88.441
1330 103.175 109.129 94.4083
1331 92.2672 107.603 98.7458
1332 87.3613 109.955 96.2851
1333 96.3041 110.306 104.575
1334 103.564 96.2159 107.447
1335 87.7022 106.964 104.765
1336 114.306 104.71 116.203
1337 115.223 101.46 111.474
1338 115.15 101.783 108.434
1339 105.473 110.286 116.605
1340 115.047 109.946 97.0118
1341 85.2207 94.6701 98.0543
