0 6.55144 15.7138 0.902909
1 6.95942 9.60785 7.2163
2 16.4055 28.2791 13.8277
3 26.5164 -0.604316 14.1837
4 26.8257 4.23149 0.973223
5 9.6344 4.62769 4.37039
6 4.14879 9.76311 4.36166
7 12.5378 2.63851 11.6214
8 23.9503 15.6069 0.842466
9 1.09493 15.2934 1.31626
10 0.215313 21.661 32.3323
11 18.7658 4.16825 18.5602
12 14.7946 5.87325 32.2056
13 10.1665 -0.235111 20.8349
14 23.1865 -0.228849 17.0421
15 5.66852 23.1616 29.2539
16 0.0701373 18.3934 35.2676
17 29.9451 18.7324 35.9221
18 0.596563 2.41199 50.1845
19 15.898 23.2841 33.0877
20 31.5483 11.8141 40.7177
21 2.90503 0.647844 67.4261
22 29.8645 13.122 36.1479
23 21.6396 -0.106085 26.3835
24 0.200973 24.7841 40.7623
25 30.5233 17.8759 56.0699
26 13.768 13.9478 63.0559
27 6.27889 20.8353 46.84
28 23.5873 12.4453 67.2174
29 16.3463 -0.138369 40.5783
30 9.49085 23.333 55.5915
31 10.8795 0.611882 55.918
32 26.2417 17.4872 49.5481
33 15.1929 9.99866 55.5901
34 0.668549 16.4223 73.1413
35 23.6229 10.6271 64.2551
36 15.3137 9.14493 64.7607
37 18.7051 30.534 56.9723
38 13.8929 0.366997 58.1446
39 22.2156 0.250433 59.1173
40 22.4558 4.49055 74.798
41 19.166 16.51 68.9078
42 15.8885 12.2833 76.3578
43 9.88136 6.7102 91.0506
44 11.1819 17.0592 80.6145
45 18.7802 0.445475 79.0744
46 8.14687 13.8859 74.8237
47 0.584729 5.363 91.1446
48 26.4383 8.83624 73.3741
49 43.7331 23.4615 93.6262
50 9.80714 17.8691 99.9085
51 22.5726 23.3199 109.093
52 0.473064 16.0975 96.9992
53 21.4903 12.2068 102.749
54 23.6762 10.7056 101.386
55 32.785 9.49636 102.458
56 20.7292 22.3443 96.7032
57 6.58673 21.2644 96.9583
58 0.530482 16.2054 91.5287
59 9.7385 13.6756 107.771
60 3.94179 13.5443 108.513
61 11.2191 0.296142 105.713
62 28.0562 10.7122 118.721
63 25.6346 10.6805 118.647
64 3.07163 0.654993 114.159
65 16.8355 4.86024 115.574
66 16.5903 33.2933 8.07747
67 20.9733 41.333 9.36924
68 19.6136 39.6983 7.93575
69 -0.731896 44.0935 13.6844
70 16.9178 25.1881 11.1321
71 0.475576 55.5724 0.769266
72 21.003 29.5742 0.833959
73 1.04661 18.1462 1.24598
74 6.30647 25.9121 29.1804
75 0.119516 27.2691 41.4323
76 8.45094 28.1718 20.0464
77 11.1236 36.4228 16.9111
78 6.17921 25.7919 38.1
79 7.48941 41.2109 39.1651
80 13.3045 39.0099 48.0658
81 18.0121 45.7162 40.4497
82 10.4027 38.9074 39.0711
83 10.4836 33.1082 44.9561
84 17.1958 48.4695 31.3773
85 0.444591 44.5738 38.2547
86 10.5409 40.8918 42.3379
87 11.9341 40.537 49.6142
88 20.5332 42.8727 46.4032
89 7.59728 22.1193 51.4003
90 29.548 34.5295 37.1813
91 28.8048 34.583 43.2073
92 0.492407 38.9212 62.0629
93 14.656 29.2052 43.5411
94 7.77875 19.2111 42.393
95 27.8879 33.2815 53.923
96 14.3518 48.9034 58.2964
97 31.5185 40.7784 49.1506
98 9.42896 32.1096 55.5569
99 7.93915 30.5632 71.8802
100 20.8754 26.2312 67.3008
101 26.0269 31.8246 55.3244
102 0.765073 18.9858 67.485
103 20.7095 48.7674 58.0414
104 19.9303 44.3665 50.7718
105 15.0532 43.0237 72.9488
106 33.3167 38.6519 65.5031
107 12.4331 26.3151 79.2397
108 23.1271 26.3259 79.0906
109 26.4761 29.5523 76.112
110 21.8334 33.746 86.3539
111 0.466946 36.7354 87.9496
112 34.0355 41.9324 80.3298
113 16.5452 36.6948 92.219
114 17.0888 27.6937 86.4318
115 22.3539 40.7692 100.033
116 20.6343 48.9772 90.5939
117 14.8279 46.3748 93.6799
118 0.161331 25.0862 95.5421
119 28.1611 36.5109 100.953
120 22.7887 33.4729 95.2147
121 21.6047 47.7667 92.1106
122 19.2337 47.4058 103.895
123 16.6815 36.4988 103.89
124 18.1229 33.5144 93.8205
125 35.7807 32.1741 108.175
126 26.5428 43.47 110.959
127 22.0387 44.7375 112.634
128 0.647067 22.2219 100.312
129 19.5347 51.0571 106.839
130 5.22136 36.7103 118.805
131 13.8701 45.0447 118.707
132 23.7112 24.9337 107.265
133 27.912 22.0356 106.833
134 26.8373 68.3813 18.8508
135 3.5719 61.0126 0.728575
136 22.4863 68.6411 13.3364
137 22.5279 65.4097 13.4398
138 -0.864783 49.5338 19.8355
139 -1.00649 67.0349 11.0867
140 18.2808 46.9464 9.40058
141 9.32814 68.7745 46.5153
142 -0.823079 49.8405 13.7341
143 10.3296 58.4451 36.2195
144 31.3178 57.5706 28.0151
145 -0.0254436 61.2554 34.3081
146 25.5807 65.6804 13.3776
147 13.0094 59.5525 36.0157
148 10.3703 39.1488 45.0741
149 26.8266 55.3843 26.7751
150 18.747 61.2375 47.7061
151 14.7311 48.4412 43.5522
152 14.4003 70.9745 37.4498
153 17.5383 62.8583 46.2445
154 29.8945 47.4597 35.8867
155 27.5044 64.0861 47.4047
156 11.7659 56.7236 34.6573
157 7.25879 64.4485 39.1875
158 19.9915 51.4879 43.2702
159 0.405258 58.4196 46.542
160 16.1721 67.209 41.8523
161 19.0922 58.3127 59.5985
162 12.2195 65.6535 58.2322
163 10.2285 50.1925 44.9483
164 28.7918 60.8313 51.7857
165 21.9188 37.3887 60.7977
166 18.1356 54.4842 58.2053
167 13.5578 61.0509 77.4182
168 0.344063 56.2557 64.028
169 19.2447 59.9396 56.3602
170 19.3004 56.0307 56.7076
171 30.5262 52.7095 71.0791
172 10.6892 68.6968 66.2622
173 26.3648 65.7447 78.7943
174 13.6783 53.0474 86.3622
175 0.567661 67.3403 73.0202
176 12.4037 55.9991 82.1006
177 17.875 60.1854 72.8686
178 13.6367 44.4962 74.395
179 18.4916 65.8827 81.6659
180 0.427839 44.3522 78.9985
181 23.2314 49.03 93.6726
182 10.4566 67.3612 86.2851
183 27.6992 50.3266 92.1338
184 10.0056 60.4759 108.356
185 20.7816 55.9924 96.3731
186 0.380733 56.2578 111.022
187 0.658727 81.4585 93.8518
188 0.759159 69.5156 87.7649
189 19.4795 58.3628 106.943
190 17.9749 46.8478 102.439
191 0.575244 73.8919 113.96
192 13.8783 59.1243 118.463
193 19.8037 62.0337 118.61
194 9.62794 38.7579 111.378
195 8.50312 64.9437 118.575
196 18.9379 59.1384 115.294
197 20.6239 58.7683 102.308
198 31.0635 78.8316 118.138
199 9.56813 65.1836 9.75203
200 15.3981 100.421 3.30093
201 15.8912 83.8619 6.32005
202 21.0612 78.2904 6.28622
203 17.8733 75.2464 0.180427
204 17.5248 89.5154 0.0252695
205 -0.957348 75.2761 4.83695
206 16.7501 75.3162 15.1766
207 11.5001 75.0972 0.123683
208 21.9842 71.3377 7.54635
209 18.7864 75.3549 26.7569
210 21.8436 86.7747 26.5533
211 11.2271 95.2165 23.4764
212 27.903 90.9272 19.0435
213 29.6153 66.3368 11.8454
214 15.4079 90.6147 14.9285
215 14.003 73.8884 16.5743
216 16.772 92.3926 13.4623
217 24.9528 79.6885 22.2612
218 24.6919 86.7878 32.4398
219 11.0009 74.0926 19.503
220 9.25718 74.1667 28.4658
221 23.0505 76.9683 39.9645
222 7.76736 92.5893 44.9675
223 11.5979 82.5004 40.2238
224 10.0089 80.9178 29.8947
225 17.226 78.436 35.3521
226 23.1071 74.2073 52.062
227 20.7674 99.4706 48.8298
228 24.6599 80.9185 56.4751
229 3.58515 79.7587 55.1974
230 22.1366 98.6406 59.4317
231 30.5491 78.714 44.3937
232 0.323868 84.107 64.9236
233 5.56148 64.3994 47.9968
234 18.4442 71.3906 63.8437
235 17.7706 70.0089 62.2126
236 12.153 54.6114 64.2205
237 9.561 74.2359 58.099
238 0.189818 73.0696 40.9716
239 0.369859 61.5509 64.7575
240 6.84408 82.992 66.8515
241 19.4692 76.1172 62.497
242 0.506445 67.2396 67.3755
243 16.4005 70.1786 65.3873
244 24.9031 95.4206 74.0229
245 0.721262 75.5944 75.4874
246 19.1693 98.3659 68.1344
247 22.1243 75.7907 59.407
248 19.6498 85.3628 67.3375
249 0.721228 72.802 73.2435
250 28.0971 72.8631 74.0426
251 12.3917 88.8672 72.7387
252 29.4514 72.0982 87.4249
253 19.6812 81.939 97.7485
254 18.2607 74.4121 90.5385
255 19.8893 87.3431 83.0213
256 33.903 78.7929 85.8672
257 30.8659 84.5644 82.8013
258 25.587 81.4061 85.9501
259 6.76318 81.6472 90.9991
260 5.34413 84.4642 68.3922
261 8.03936 82.7632 74.124
262 3.98547 91.5061 93.5093
263 40.7549 70.9831 84.4302
264 19.4521 75.5116 80.1855
265 0.706559 79.0078 96.7319
266 16.7889 71.699 109.093
267 0.668605 76.2914 87.9646
268 29.9683 88.5801 90.203
269 16.5609 72.9088 83.0969
270 16.7739 89.0171 106.612
271 16.4541 87.6363 109.109
272 36.7594 79.8016 118.129
273 3.60141 70.1641 108.214
274 0.8929 87.6408 113.964
275 32.191 81.7655 99.5634
276 32.2773 82.4508 107.911
277 25.2138 89.6571 106.243
278 29.2185 109.524 -0.0901739
279 21.9518 79.682 16.2705
280 27.8779 99.1244 7.36699
281 19.7315 106.684 8.94771
282 15.1832 113.994 7.49839
283 6.36315 100.802 0.280863
284 35.6921 91.1186 21.5504
285 -0.559234 95.7333 16.6573
286 13.9467 114.184 34.2172
287 8.60406 99.6213 19.3325
288 6.08353 102.697 28.5356
289 13.7809 102.536 16.345
290 -0.381133 104.066 25.8173
291 18.8899 114.089 16.1103
292 -0.257319 94.9992 26.2246
293 22.189 97.9942 29.3917
294 16.7761 89.6878 13.4722
295 9.32833 113.98 16.0826
296 21.222 113.843 19.6782
297 31.5556 105.222 39.8846
298 34.5379 108.337 42.7734
299 30.013 89.8985 41.3287
300 23.027 105.035 42.8119
301 0.29414 111.966 37.4017
302 5.9457 105.133 31.4559
303 4.57423 114.188 37.0169
304 7.69482 113.953 37.8187
305 24.5547 100.739 38.4162
306 9.82871 113.797 22.5654
307 13.3294 90.0651 35.6552
308 21.434 105.302 39.6138
309 22.1307 103.506 38.4212
310 0.440672 92.3812 49.4548
311 31.5303 95.3823 50.0729
312 14.8719 105.134 52.0821
313 19.1859 98.128 41.5229
314 16.0246 92.3683 50.5941
315 0.635095 109.639 70.0679
316 16.3881 114.103 69.4067
317 5.58839 114.451 81.551
318 6.66381 93.5138 55.2361
319 18.0972 108.446 69.4378
320 16.4959 98.0389 85.7177
321 9.22221 109.867 88.5889
322 22.598 114.408 69.4771
323 2.59466 113.975 69.9191
324 15.3772 106.873 76.8531
325 0.555988 92.8588 75.0939
326 0.706888 112.148 78.5513
327 0.263913 103.762 70.5292
328 24.5005 99.8631 84.1764
329 29.2027 107.37 100.408
330 28.0868 95.5849 76.8732
331 12.2835 110.189 100.67
332 8.49707 91.6899 99.2606
333 13.9602 107.224 94.6484
334 5.23463 105.911 102.82
335 14.006 114.946 101.808
336 8.01542 104.458 97.5494
337 16.7067 103.932 85.7375
338 22.2976 114.985 93.352
339 28.0269 105.031 117.821
340 0.695484 101.968 110.475
341 8.28284 101.523 114.77
342 3.71343 107.34 107.67
343 36.9113 28.983 13.4812
344 26.638 -0.658087 19.4048
345 49.3083 -0.679205 16.6453
346 43.9154 15.3706 0.213285
347 57.8558 -0.530193 19.1393
348 40.2575 15.606 17.9997
349 31.9267 12.4741 0.70305
350 40.18 15.5497 21.0553
351 45.3041 23.0437 16.3222
352 33.4477 -0.100277 25.8956
353 61.0015 8.37616 15.7145
354 29.1427 -0.0936341 22.9254
355 43.4453 -0.0597017 25.8028
356 46.3583 -0.251055 25.8646
357 33.4674 15.9193 26.8735
358 26.8339 28.1651 17.83
359 45.453 11.8202 31.4516
360 24.7612 5.98571 35.2143
361 40.8012 0.0383353 40.9236
362 31.5293 20.2579 34.4533
363 59.7093 17.8893 31.0978
364 45.608 22.6253 34.2032
365 58.6089 0.452942 43.1471
366 32.6899 19.0444 53.6758
367 30.335 16.2383 53.9375
368 50.5283 10.7458 50.7731
369 45.9484 15.5262 43.2525
370 41.0592 33.1992 35.6216
371 19.4765 0.229218 53.2164
372 27.6341 17.8603 54.7602
373 44.6983 10.8711 53.9192
374 50.1288 11.3333 59.6658
375 53.0156 19.376 65.4434
376 13.3733 0.292231 50.1859
377 36.5446 9.05658 86.5081
378 51.8556 15.1636 75.8433
379 38.431 23.6386 73.137
380 30.8872 11.0722 89.4184
381 54.9488 14.7798 75.651
382 35.0758 7.13197 87.7178
383 55.8148 8.1902 85.9751
384 33.6145 26.4848 91.6661
385 36.2927 0.472635 73.6454
386 30.8273 16.6112 86.3774
387 68.0364 0.441939 99.1798
388 45.0512 0.509492 84.5069
389 39.4496 25.4172 95.2905
390 43.3739 21.9709 100.713
391 63.9018 12.0295 84.5616
392 49.0531 28.8104 90.5225
393 53.9466 14.103 118.226
394 39.5329 5.13045 118.571
395 48.0937 23.4934 118.85
396 45.5181 26.4235 104.942
397 36.5916 0.553108 116.627
398 42.4335 0.486932 110.902
399 49.2426 24.7647 91.4342
400 62.8446 10.8581 118.374
401 45.2562 22.6703 115.239
402 37.8842 26.3989 0.483372
403 38.1027 35.216 0.0353651
404 23.671 40.7585 0.409355
405 55.4211 23.7037 14.7619
406 55.1946 41.2135 -0.22947
407 52.4325 38.5839 5.94449
408 22.2514 41.245 5.93835
409 38.1095 45.7767 12.0106
410 32.4187 26.8062 0.604172
411 48.9568 35.2512 -0.0710883
412 28.0966 41.3262 8.97499
413 39.6756 36.7755 16.4069
414 40.0405 42.9037 24.9688
415 21.7485 21.5446 36.2376
416 42.4249 53.8667 19.0559
417 40.988 54.0799 13.4865
418 38.0038 42.4777 11.7869
419 30.4546 22.8188 16.6369
420 33.7289 51.0708 13.2678
421 28.9307 21.5706 35.2651
422 34.9481 29.043 43.2486
423 59.7732 25.6951 33.9383
424 46.656 35.6665 23.7128
425 23.0504 17.5408 34.5625
426 57.9885 33.1083 44.1411
427 54.9977 18.9128 41.7017
428 33.3249 18.6807 32.8833
429 40.1655 33.8693 40.0433
430 30.2875 33.0707 35.6309
431 53.3688 30.1356 44.4618
432 33.2311 38.9406 41.7544
433 38.8241 28.3439 50.5936
434 41.6797 33.3076 59.4432
435 28.2089 23.2208 43.4313
436 34.7104 28.696 58.2267
437 37.2453 32.0127 55.1278
438 40.0994 49.199 54.7187
439 44.8294 36.5546 59.2653
440 47.8881 41.9578 65.1622
441 22.2896 22.6354 74.6836
442 44.5206 25.0554 59.5857
443 23.5852 54.9221 67.0241
444 36.3381 21.4942 86.367
445 39.1333 22.3751 68.5358
446 37.8077 28.9663 55.0562
447 47.1429 24.9496 50.6376
448 44.9533 25.1445 71.4589
449 35.0331 32.2512 81.7201
450 48.7746 34.9039 57.9312
451 36.35 41.2898 80.3465
452 31.657 43.5345 72.7174
453 58.9769 41.8223 76.8805
454 26.2829 49.4326 69.9628
455 48.4173 29.1637 51.9914
456 39.3126 38.7218 86.1479
457 57.8519 34.7758 75.4576
458 42.2362 35.966 83.2012
459 25.1563 30.586 83.3348
460 42.2081 39.376 86.0332
461 40.8607 37.7229 84.6326
462 54.7408 34.661 84.4205
463 46.6431 40.793 87.5179
464 66.2135 23.2208 84.2463
465 34.9028 32.0107 87.7627
466 64.992 33.0864 103.423
467 38.3322 40.572 87.6989
468 58.5822 44.8201 88.7081
469 45.8976 35.0961 105.108
470 35.8322 47.8031 103.947
471 46.2799 20.672 110.938
472 46.675 31.2722 113.746
473 45.7063 33.7695 118.471
474 33.6797 24.2751 106.803
475 51.1073 27.3725 118.319
476 60.7038 44.8514 94.1841
477 47.884 39.1389 103.784
478 49.5405 29.1493 113.621
479 37.9616 54.8665 99.3841
480 38.1482 59.9854 13.8035
481 49.372 63.7653 -0.219315
482 52.0029 68.2491 12.805
483 49.5706 49.571 -0.203362
484 41.3929 41.6739 26.5502
485 33.9518 51.2072 22.1709
486 58.9325 72.567 29.0673
487 30.3958 59.7615 13.227
488 54.8328 55.779 11.3929
489 45.5591 56.3825 30.9756
490 35.6994 61.5742 26.4987
491 45.4636 54.1616 27.9272
492 45.4688 51.1179 24.9085
493 54.1468 57.5633 42.8186
494 52.8536 37.226 35.8325
495 41.028 69.5592 26.3287
496 50.0512 47.1139 32.423
497 35.6948 73.011 38.3864
498 43.001 58.051 51.6859
499 33.0965 66.5156 53.2152
500 47.2967 35.8362 59.3753
501 38.3476 50.0463 47.4795
502 42.9645 54.4567 45.7849
503 46.3775 57.3198 60.6108
504 29.1505 64.1846 50.2112
505 44.3347 64.2284 53.0971
506 47.2503 64.1674 58.9382
507 55.8244 73.1613 67.6186
508 29.2287 51.8764 78.7945
509 38.2061 63.0267 69.705
510 34.7226 48.5159 54.9779
511 48.5529 60.414 57.6312
512 37.6834 48.948 54.8965
513 29.1481 52.2244 63.9603
514 40.983 65.8325 90.2315
515 37.8109 60.4215 87.3376
516 49.9556 58.8753 82.5426
517 39.2985 61.6429 80.0557
518 32.3649 63.0582 69.7976
519 43.0154 63.2019 75.6208
520 43.6047 60.3336 72.5508
521 41.1119 60.4939 81.4492
522 44.9466 64.4622 73.9214
523 58.1051 54.8414 90.1352
524 42.4711 53.4838 94.9386
525 52.3278 48.7461 96.2672
526 28.1321 57.7366 105.515
527 42.2583 55.1531 91.9853
528 35.1021 46.0993 102.413
529 40.883 49.0138 113.871
530 36.4404 56.0648 97.809
531 30.9668 61.8935 118.526
532 25.1682 57.087 103.888
533 57.2039 70.4017 118.117
534 33.8054 67.7377 103.622
535 48.0366 64.0731 106.318
536 64.8463 54.0424 94.6972
537 32.5056 80.8193 -0.188523
538 43.5375 84.0726 -0.295476
539 25.146 72.0961 7.26216
540 56.9875 70.9109 9.89137
541 52.2513 82.6362 17.7753
542 23.7668 80.8273 0.135181
543 32.2102 55.5077 0.00902435
544 45.8816 82.3971 21.7207
545 44.1265 75.6366 29.2296
546 45.1621 76.9841 24.8606
547 39.2849 92.6148 14.7019
548 36.6878 70.7044 19.0831
549 48.3303 79.5958 21.6807
550 57.4644 72.6331 25.8633
551 60.8292 86.4419 31.8773
552 48.2048 79.6039 33.7744
553 31.4522 76.8445 42.6735
554 52.7478 78.2994 35.1127
555 51.4995 74.3504 54.6544
556 25.2199 68.4175 25.062
557 35.6684 89.6449 32.2006
558 46.445 59.9526 36.7524
559 48.3969 85.5296 30.5663
560 38.5834 62.9548 40.7501
561 38.3854 75.1886 38.3055
562 62.5527 74.3495 39.4814
563 61.1588 84.1528 46.9267
564 31.7819 79.7471 48.645
565 55.3611 67.0044 29.1422
566 37.096 88.3129 42.6816
567 57.5174 88.2736 54.3131
568 46.0987 82.7953 57.3358
569 63.0739 67.8197 54.3015
570 48.6037 88.2817 54.6354
571 23.1189 69.1358 46.1139
572 45.5833 71.55 45.6814
573 49.0101 78.3958 69.1125
574 63.0305 54.7499 54.4126
575 33.1349 85.8413 46.9163
576 29.604 62.8863 54.7686
577 30.229 77.1776 48.0006
578 24.5536 70.089 47.404
579 40.6355 91.2361 75.2377
580 52.9518 89.7955 61.7322
581 43.7989 94.3306 69.4116
582 34.9056 90.6519 72.4694
583 47.1734 75.4557 61.7847
584 31.0508 89.8175 71.0144
585 39.1745 73.2241 74.0129
586 35.9923 92.3877 64.9703
587 46.1224 82.8909 78.2092
588 30.9637 85.3788 79.843
589 36.4951 81.5379 85.7839
590 50.0328 83.0969 92.896
591 57.653 73.9098 92.8538
592 49.2836 76.8953 81.1418
593 49.5182 77.4727 90.1565
594 20.2779 82.7393 84.4465
595 45.4226 84.8295 106.21
596 43.7917 86.4905 89.9348
597 47.8892 64.6469 100.601
598 22.3082 66.9961 92.0211
599 54.9904 88.6811 92.7832
600 39.1306 84.9376 97.5207
601 43.8113 89.018 104.735
602 48.1577 70.8049 97.8782
603 48.6932 93.2728 111.714
604 59.3001 76.3558 94.3454
605 32.2557 76.9357 90.1485
606 56.041 84.6593 88.3549
607 46.561 62.9812 90.1925
608 45.3597 64.7654 94.7706
609 53.7848 83.1898 104.423
610 39.0653 79.1179 103.486
611 50.9645 74.2263 105.986
612 42.5052 87.1978 106.254
613 38.2412 73.4608 112.16
614 44.746 87.694 106.197
615 53.7137 79.7304 106.193
616 38.8645 96.7218 7.1425
617 43.7557 114.258 1.68475
618 54.9692 112.366 -0.401035
619 26.6594 95.269 8.89726
620 49.1354 114.406 1.71525
621 53.5393 101.204 13.9663
622 59.205 98.1622 11.5056
623 38.1218 108.329 13.795
624 40.9751 85.246 11.0432
625 37.0257 111.059 4.16007
626 49.5053 102.477 10.2513
627 23.6206 114.276 10.4298
628 48.1086 94.2053 27.6892
629 24.113 114.195 13.1519
630 24.0875 99.716 24.0812
631 37.0891 92.3503 33.7342
632 36.8979 89.6198 28.8032
633 35.608 113.751 27.7811
634 53.793 102.421 18.4574
635 21.3877 99.5694 25.7884
636 58.9754 114.058 42.1508
637 23.2574 99.4461 39.8591
638 57.189 105.516 42.4662
639 44.4702 92.4315 41.2082
640 46.8178 98.3023 50.0623
641 44.2447 94.6155 43.9732
642 50.0976 101.002 50.0466
643 29.2388 111.05 57.6245
644 44.2835 92.6584 47.1234
645 46.4065 113.992 36.6308
646 41.1858 89.8114 38.0728
647 43.117 88.3141 45.5242
648 28.3642 114.372 57.4521
649 39.9486 114.424 75.1203
650 41.7076 98.0078 67.6295
651 38.8257 114.301 66.3668
652 57.2376 90.9119 71.9906
653 58.7736 114.176 53.8614
654 37.6673 93.9911 60.4803
655 37.4771 102.988 87.0364
656 50.4928 95.3984 64.7232
657 33.6591 94.4746 84.935
658 47.8592 101.467 85.4577
659 36.1196 98.4536 79.612
660 26.5661 94.0578 75.3812
661 44.6583 114.391 60.5311
662 44.5515 114.424 81.1581
663 41.4357 114.254 63.459
664 34.6027 108.514 86.8876
665 41.8409 114.593 87.0291
666 48.2018 114.571 77.9244
667 39.4844 92.8433 76.803
668 39.3634 92.6134 85.685
669 32.1464 96.6045 81.3135
670 39.479 106.88 76.6662
671 27.7849 101.455 88.5312
672 39.364 94.5546 88.4732
673 49.435 102.976 83.872
674 39.4678 103.132 89.3435
675 39.3032 107.841 100.261
676 61.7697 98.8289 94.0241
677 42.1561 114.948 98.4623
678 53.4812 109.932 91.0639
679 36.2042 114.973 110.319
680 42.6598 90.6264 117.992
681 42.1184 97.6215 109.976
682 43.8399 107.689 112.423
683 36.5774 90.3846 118.025
684 50.7775 115.292 104.635
685 35.1589 104.14 104.572
686 33.3797 115.137 104.208
687 41.8953 115.149 115.858
688 36.8029 96.2777 117.883
689 57.5142 102.078 117.985
690 59.478 113.278 117.393
691 66.5701 4.3284 0.286344
692 69.2326 32.5279 -0.21697
693 79.1808 23.8935 1.09119
694 74.0797 18.4485 6.26325
695 66.412 15.0664 0.0981873
696 62.5798 14.0655 16.168
697 89.5876 -0.120441 18.6468
698 66.8797 4.87275 23.7109
699 62.3951 18.3292 13.2432
700 81.139 0.270132 25.2661
701 77.9456 -0.683774 21.3275
702 73.1301 -0.0759569 19.6178
703 58.4222 -0.289992 26.5566
704 66.9765 10.0991 23.7237
705 61.1746 5.56532 13.1859
706 63.0607 14.9692 46.1091
707 63.2215 12.0809 43.1439
708 77.4778 23.0176 42.8112
709 84.1113 26.0909 43.5655
710 75.5375 18.384 41.3925
711 77.8476 0.305733 34.3028
712 64.3316 9.28104 51.8423
713 55.6092 10.5683 44.8315
714 70.9792 17.8063 39.9375
715 69.9903 19.0769 41.532
716 54.5183 20.8399 46.2803
717 67.1198 4.84694 41.6652
718 90.2584 13.7779 55.8472
719 57.4186 0.240623 67.0052
720 88.6524 15.3186 78.0671
721 61.6136 4.5474 59.5286
722 70.6346 0.591597 69.3649
723 65.6979 20.8991 66.7383
724 67.7001 0.524361 72.5224
725 80.0887 4.01944 51.9679
726 50.6492 10.5139 71.3615
727 93.8051 0.534005 86.9355
728 58.8723 15.0379 93.4775
729 72.0719 15.2188 75.2959
730 72.3605 12.1221 87.4077
731 57.2428 12.1195 87.4492
732 88.0164 0.27138 92.8286
733 83.5532 9.58282 101.849
734 83.0021 10.5866 111.875
735 83.6028 9.22394 113.343
736 86.5414 21.6162 104.667
737 68.9986 20.5409 110.696
738 67.9453 0.281834 105.336
739 73.4526 24.7479 97.5854
740 82.5326 16.7767 117.925
741 62.3558 19.2518 112.235
742 72.4674 13.6015 112.846
743 80.6849 29.2203 107.516
744 59.4123 0.449299 113.83
745 62.1684 16.1148 118.404
746 62.455 0.106955 105.063
747 59.68 16.3419 118.23
748 71.7928 26.7823 -0.296728
749 72.4037 41.0872 -0.297302
750 88.0415 52.6956 10.422
751 80.1226 27.1567 23.0212
752 72.3656 32.2924 -0.310518
753 63.7902 18.3291 -0.0109859
754 72.3518 46.7814 20.1689
755 52.2178 47.0128 14.4629
756 51.174 48.139 18.9788
757 58.2297 24.9369 26.4579
758 59.6505 28.0707 13.1827
759 62.5619 23.1176 39.9094
760 59.9705 26.212 42.9634
761 70.9178 45.8228 36.7388
762 62.4829 25.8331 33.9035
763 84.196 17.9461 61.3049
764 79.6416 35.03 51.4472
765 63.1394 37.5779 54.432
766 58.8241 35.9044 56.1822
767 80.0679 14.8685 45.729
768 78.5336 30.4277 53.0203
769 72.6227 38.0439 41.081
770 73.9641 37.124 36.7478
771 89.6931 33.0608 41.0117
772 78.4831 30.2143 40.9546
773 82.3804 29.2932 75.379
774 80.2655 37.3704 69.294
775 47.4813 31.084 68.4397
776 61.7615 38.6357 59.1669
777 67.248 37.1767 61.6884
778 88.3953 35.2893 75.0971
779 88.7504 25.8454 69.2285
780 57.7829 37.8654 72.4638
781 55.523 25.1285 74.0791
782 68.8775 45.9483 69.1313
783 68.8611 23.4317 87.4346
784 92.6213 27.6368 76.7581
785 79.2787 27.6247 91.5939
786 73.3346 39.0784 82.8286
787 71.9489 20.8969 90.1464
788 73.2351 50.4901 85.6379
789 58.8489 36.3988 85.8654
790 73.2407 35.9532 71.0096
791 84.6683 45.0665 85.3086
792 58.9046 38.7083 73.8845
793 80.3393 31.986 81.221
794 65.1364 26.356 101.695
795 75.0272 30.186 98.9876
796 53.8106 40.7242 95.4753
797 83.3023 33.3274 90.1586
798 70.8285 36.1494 88.7627
799 60.1729 46.3146 93.1922
800 78.0492 41.0882 104.658
801 83.2511 29.2042 84.1776
802 82.8214 23.7537 89.8933
803 72.2433 46.1927 90.1542
804 59.515 24.9866 118.175
805 71.1297 30.8776 117.984
806 62.0627 24.9846 109.344
807 83.622 27.93 107.984
808 66.8192 34.6896 104.892
809 82.0822 31.0116 108.949
810 89.8059 49.4913 -0.814012
811 69.8423 58.2147 -0.828008
812 52.252 61.0986 -0.276017
813 59.7097 56.8823 12.8299
814 64.87 62.4583 9.8399
815 72.0775 49.998 8.46447
816 65.3207 59.0496 15.7479
817 92.3469 72.7508 16.7079
818 63.6243 52.1344 -0.373049
819 82.5937 57.0207 12.6087
820 82.4117 45.5119 9.8003
821 71.1175 56.8816 15.6477
822 64.8857 65.7862 15.6577
823 72.1185 44.2959 20.1916
824 69.7086 69.7689 28.9284
825 76.7482 62.5184 24.2554
826 68.0577 66.9192 16.0419
827 56.6451 64.1285 5.76998
828 85.5055 70.9078 42.0096
829 75.2294 66.8242 22.9571
830 78.1682 69.5953 37.8244
831 76.6467 65.0871 33.4447
832 69.7541 76.3128 34.816
833 95.1636 41.2691 43.7283
834 71.0713 48.2387 39.5445
835 67.961 68.5467 27.7291
836 75.5735 69.7677 34.8783
837 81.0518 72.862 37.6494
838 74.0127 46.031 39.4138
839 86.0176 57.4302 72.0401
840 55.9494 56.7153 59.0331
841 68.3302 62.8474 54.2501
842 59.0186 50.3493 73.8576
843 70.6983 60.2779 54.2933
844 64.2877 67.2139 64.7676
845 81.2549 61.6365 61.7405
846 86.9791 61.9869 58.5084
847 68.6569 65.793 57.0748
848 80.0495 59.7922 60.2354
849 69.1627 49.3187 84.1709
850 79.1472 55.9023 76.5901
851 74.6271 49.1133 87.0884
852 77.5576 71.7317 86.8929
853 80.2242 60.0007 78.0108
854 65.8161 57.192 72.0922
855 83.2241 54.884 71.9453
856 70.9033 64.5743 88.472
857 61.8145 53.8228 73.7367
858 69.1561 64.5313 96.336
859 73.4247 47.8357 88.6209
860 42.5478 64.5803 100.546
861 64.7989 44.5526 94.7246
862 69.605 66.401 104.668
863 69.2542 44.8086 118.525
864 50.6458 56.1066 97.518
865 85.2107 43.1654 108.733
866 74.7815 39.2063 100.461
867 75.134 72.6354 110.285
868 86.5353 44.9457 107.605
869 85.1309 46.4463 106.029
870 81.1449 47.9215 118.421
871 71.4057 67.7892 117.908
872 79.609 55.7683 117.765
873 93.2466 67.5328 99.8578
874 73.7371 63.4761 109.274
875 87.9165 59.5712 117.61
876 89.3251 70.3381 7.95868
877 58.4884 72.3439 8.47609
878 86.3399 89.4773 8.09963
879 65.0119 80.8623 4.36735
880 63.9205 92.4717 -0.651745
881 60.5457 72.838 -0.345012
882 66.9194 71.1603 18.0251
883 63.6152 83.3552 5.28337
884 69.5438 63.5835 -0.64389
885 64.1024 86.8773 5.4713
886 78.321 75.4504 37.6537
887 73.3346 82.7388 9.59984
888 87.9525 62.8236 18.4501
889 72.3787 68.8809 16.7802
890 80.0693 76.6986 30.204
891 58.3313 86.8415 14.185
892 75.2229 84.0757 37.7666
893 66.8253 69.9225 25.9148
894 71.4156 85.36 42.1086
895 70.8857 79.7967 39.3201
896 75.3383 81.1003 31.8341
897 74.189 71.0739 48.3209
898 82.6138 82.6303 27.1609
899 88.2359 77.0767 36.1273
900 65.7598 96.71 51.2652
901 81.6523 93.8554 36.2215
902 79.9741 68.1579 51.1778
903 72.9626 84.0947 55.5427
904 54.4906 77.4888 57.1775
905 65.6393 64.4824 42.0937
906 67.4733 87.0238 61.6902
907 71.4044 68.7019 57.1889
908 67.2482 68.7754 63.9286
909 63.6126 85.6544 74.9226
910 69.798 89.3632 52.5797
911 80.0457 74.6186 66.0292
912 70.259 84.0564 73.4634
913 70.0169 85.41 60.8124
914 74.4675 74.0646 59.9995
915 77.4105 82.5809 72.0365
916 86.0031 79.9699 89.3844
917 66.5511 60.254 87.0421
918 64.8561 81.0421 91.167
919 57.2508 85.396 72.2019
920 80.154 73.0773 84.7699
921 84.6752 75.7954 64.4557
922 63.2579 82.2733 77.9498
923 56.3448 68.9671 104.58
924 63.3954 71.9854 92.9217
925 54.6883 91.8409 89.7686
926 65.0004 86.1677 96.0605
927 68.6578 85.7749 71.957
928 71.6572 81.8229 97.1392
929 85.5984 84.8983 117.395
930 59.4672 84.8004 117.747
931 80.1254 70.8456 117.733
932 84.5677 86.0669 107.005
933 77.8915 84.8626 106.873
934 68.4646 70.6658 118.006
935 70.8133 78.9469 117.771
936 68.3672 70.6715 108.926
937 68.4454 90.8548 117.769
938 79.4458 99.2108 9.58628
939 58.314 108.186 9.64244
940 56.7629 93.7239 6.85498
941 69.3498 92.1461 -0.697542
942 83.5139 105.898 25.6846
943 77.8993 114.262 15.8155
944 80.8179 114.1 26.2637
945 59.7656 102.72 27.4718
946 60.7348 114.255 7.00479
947 80.9405 104.235 19.7037
948 46.7589 106.773 20.1093
949 67.0026 109.513 25.9375
950 57.7554 89.7222 25.8365
951 69.7354 114.161 37.0467
952 45.6699 96.7116 48.5832
953 73.8585 90.9967 33.0658
954 87.9054 102.516 32.8958
955 55.4014 101.1 31.9434
956 76.9263 92.4945 36.9302
957 81.5196 104.073 58.3286
958 71.3447 95.2466 65.2437
959 84.0209 98.2819 67.3135
960 76.7979 89.6369 31.0643
961 64.4748 114.191 51.221
962 83.7431 114.154 56.9532
963 61.2516 114.509 43.1233
964 59.404 79.9063 42.4303
965 71.2106 94.07 48.2767
966 65.689 96.781 45.3049
967 55.3843 114.337 39.689
968 79.7404 93.3041 48.0436
969 79.7514 97.1582 63.0001
970 92.3054 92.6422 64.2787
971 58.8685 114.312 62.5284
972 68.5264 103.068 68.7316
973 88.3169 88.0767 63.0241
974 70.0785 114.221 57.3532
975 67.4454 102.713 74.1702
976 67.479 104.153 84.9889
977 85.6096 108.371 80.4659
978 64.6887 98.7792 82.1662
979 68.942 94.2778 65.9609
980 71.6643 94.4993 89.6102
981 84.078 114.259 77.6372
982 64.7922 114.562 76.8696
983 77.3114 103.274 80.3983
984 63.3797 91.7699 86.9015
985 78.9322 115.173 73.4016
986 76.2486 115.072 101.59
987 69.5813 88.8043 92.4977
988 62.4564 110.3 117.092
989 76.1077 93.4106 90.9226
990 56.2407 90.0602 94.3622
991 83.059 111.962 97.9362
992 64.5835 93.3444 99.8893
993 76.2453 107.461 90.6388
994 62.0477 93.2777 94.092
995 73.3923 105.1 90.6451
996 72.0462 94.368 104.151
997 62.1337 115.114 101.154
998 67.485 101.984 117.233
999 62.1552 115.27 112.453
1000 76.5007 107.675 117.125
1001 65.1388 94.2371 117.687
1002 90.818 90.8065 117.177
1003 57.9819 90.4272 113.931
1004 85.0936 115.11 106.572
1005 50.8314 115.236 109.699
1006 95.8259 104.917 108.019
1007 72.3612 105.935 112.59
1008 113.922 12.5575 0.886952
1009 105.645 19.852 4.18602
1010 87.8859 19.3003 7.16915
1011 106.641 -0.373911 10.2155
1012 89.1617 3.32026 -0.549942
1013 96.7306 17.2652 10.065
1014 93.7435 20.2682 9.99131
1015 107.879 18.7159 17.8964
1016 104.972 3.42752 25.0164
1017 105.961 0.0355856 18.9576
1018 92.2189 11.5989 9.87204
1019 92.4337 4.19481 23.3703
1020 99.0299 14.7167 24.7808
1021 71.1273 12.6742 20.9141
1022 96.9213 18.7966 32.6046
1023 109.461 0.305339 39.4909
1024 106.522 0.2334 37.0743
1025 103.59 26.6027 35.0177
1026 89.7421 16.2304 38.1838
1027 99.1949 6.2496 31.0162
1028 80.7572 10.357 26.4085
1029 93.907 18.0103 36.6388
1030 89.6467 22.1663 56.2093
1031 83.094 6.46765 63.5795
1032 114.038 5.17028 57.5446
1033 102.341 12.6338 54.5193
1034 109.507 18.0769 66.7128
1035 95.573 0.492012 45.9385
1036 106.01 16.328 44.0891
1037 89.5726 0.280638 46.0595
1038 100.605 19.3465 61.8029
1039 94.2605 7.20544 81.1848
1040 113.996 19.46 51.3875
1041 106.735 0.635743 75.4151
1042 104.158 0.650032 69.041
1043 87.0968 0.45547 54.6862
1044 95.3612 0.525358 58.1737
1045 90.2335 22.1203 67.9514
1046 94.0838 4.1782 72.305
1047 83.3456 18.1384 84.0626
1048 107.335 13.4899 82.3208
1049 115.193 2.55858 87.6035
1050 106.661 0.25893 72.5551
1051 105.635 9.18097 83.756
1052 109.467 19.1051 70.6565
1053 115.47 8.08792 85.0105
1054 101.739 0.539994 86.421
1055 98.0364 0.813082 63.5244
1056 90.8193 16.3471 91.4103
1057 114.555 5.10754 86.6572
1058 105.642 0.159271 98.7509
1059 91.5035 21.7841 84.0931
1060 94.8028 20.4047 90.0217
1061 100.028 20.6825 80.9638
1062 90.5134 19.6649 94.3356
1063 103.46 16.3393 94.5873
1064 83.9793 6.36172 101.824
1065 106.658 6.47175 98.6775
1066 100.648 5.07559 106.535
1067 115.305 13.855 106.972
1068 113.706 5.23523 117.282
1069 100.179 16.2181 91.775
1070 91.9829 35.5382 -0.729972
1071 89.3228 43.2394 -0.694749
1072 92.3426 18.8005 2.76695
1073 99.6769 45.9405 15.5514
1074 100.75 42.6467 2.63026
1075 99.3826 44.4514 3.8003
1076 104.052 32.6221 11.1288
1077 86.6177 31.766 11.5997
1078 102.492 38.3712 11.1418
1079 93.8023 43.2829 24.4341
1080 87.9474 40.4656 24.4725
1081 114.047 37.7972 18.584
1082 84.0225 33.0974 37.9573
1083 114.157 41.4717 42.1132
1084 113.732 41.5784 24.4597
1085 97.785 39.1578 40.7974
1086 93.6899 37.4168 33.4088
1087 114.347 35.1306 12.3975
1088 99.2347 48.409 18.563
1089 103.908 21.943 44.0286
1090 93.0843 27.2513 23.0489
1091 82.6426 34.4864 39.4809
1092 104.131 16.6732 55.8435
1093 94.5944 36.1127 49.8192
1094 94.1121 37.561 60.1827
1095 103.802 56.589 46.484
1096 86.6259 51.554 42.4159
1097 103.695 25.1209 43.8751
1098 93.7991 33.2187 47.1119
1099 114.158 41.9085 56.7672
1100 92.6665 33.6949 61.7042
1101 102.297 37.4255 51.2847
1102 106.437 0.534776 57.5686
1103 99.3423 25.5357 54.3955
1104 98.3603 44.6047 61.4558
1105 94.5173 32.4692 72.3321
1106 102.484 32.0261 66.0787
1107 92.445 27.5752 49.9124
1108 102.966 26.4847 60.1167
1109 114.133 32.9488 48.2212
1110 114.428 39.2323 71.9538
1111 108.239 40.4197 65.9153
1112 106.841 24.888 76.3928
1113 104.148 30.5728 58.659
1114 91.3685 40.2323 78.0189
1115 92.8174 30.8416 73.741
1116 115.362 38.9723 90.2589
1117 94.3232 26.4597 78.1333
1118 101.395 39.411 73.361
1119 81.748 25.1744 82.942
1120 73.17 41.2731 79.7132
1121 88.6978 43.3072 84.0356
1122 90.4312 30.7683 76.7168
1123 101.924 45.0806 94.1373
1124 88.1911 31.9883 78.2011
1125 114.946 47.5628 86.1005
1126 114.44 30.2701 74.8275
1127 92.4958 31.8745 104.404
1128 91.7066 33.4419 100.134
1129 102.39 44.6399 108.44
1130 111.222 25.0163 117.24
1131 113.853 39.4092 117.074
1132 107.918 46.2413 97.6934
1133 115.272 42.519 107.05
1134 105.122 44.9908 117.447
1135 105.044 35.004 102.897
1136 84.9744 59.4003 117.712
1137 92.1754 55.1124 8.27657
1138 106.626 54.1016 12.5853
1139 91.9436 52.6339 -0.548536
1140 102.952 57.0445 15.3357
1141 113.799 63.9983 27.3736
1142 102.335 62.6943 18.2106
1143 106.383 55.2408 25.8742
1144 90.7827 54.0284 12.69
1145 90.0629 52.6468 13.9903
1146 113.606 49.7965 24.4983
1147 114.158 59.5868 15.2786
1148 102.434 58.2862 8.31227
1149 95.1779 78.293 28.6055
1150 88.0268 66.9645 15.9835
1151 89.6979 51.5162 39.2649
1152 100.553 55.9747 31.6761
1153 93.676 51.2243 30.4026
1154 95.1994 75.8352 28.5573
1155 99.3183 54.3727 33.3143
1156 81.1583 70.1358 40.7841
1157 113.983 52.9326 42.7923
1158 100.11 64.373 43.7157
1159 97.939 70.2322 43.5752
1160 113.914 69.2655 44.8723
1161 114.054 47.4618 50.5389
1162 95.5497 52.362 55.5172
1163 96.7092 54.2603 68.8283
1164 108.498 45.9132 53.9743
1165 114.181 61.6331 50.9598
1166 92.3109 69.7894 34.6436
1167 114.018 52.2898 53.8132
1168 92.8935 75.7791 67.3875
1169 104.178 61.5862 70.2071
1170 105.629 57.8527 59.9034
1171 105.162 51.8809 62.7745
1172 114.381 59.0223 65.7075
1173 89.1656 56.0729 70.3666
1174 96.6879 54.4502 62.9741
1175 91.5526 51.8478 68.8672
1176 102.262 68.8917 53.8544
1177 105.443 71.6945 71.4577
1178 90.4082 61.3858 82.2247
1179 92.3699 41.9524 64.8086
1180 101.182 44.5498 64.4991
1181 103.348 47.3415 64.4044
1182 95.5936 50.0298 76.2867
1183 107.822 44.9068 90.8732
1184 87.0803 50.4551 79.267
1185 82.9171 51.9824 83.9578
1186 92.9437 44.332 76.5003
1187 114.855 66.8334 83.2363
1188 114.699 50.7697 83.1839
1189 114.562 58.9346 77.2309
1190 114.567 47.77 74.0899
1191 107.652 70.363 93.5093
1192 91.3371 53.3123 99.8519
1193 111.891 51.9892 89.2655
1194 90.3402 58.8378 91.0077
1195 108.251 51.8776 89.2729
1196 94.7119 68.9458 86.4358
1197 79.4692 64.4492 100.018
1198 99.4319 63.2691 98.0553
1199 92.8682 67.7138 88.045
1200 99.2226 60.5068 99.9664
1201 84.5135 56.4045 111.674
1202 87.5235 59.113 111.524
1203 108.073 56.6015 117.15
1204 98.3669 68.899 106.987
1205 93.7414 57.0136 117.523
1206 108.077 64.818 117.016
1207 81.3526 83.7434 -0.85866
1208 89.1913 80.5875 -0.878521
1209 100.878 90.0087 7.99445
1210 113.766 75.3944 3.50112
1211 86.7139 88.4192 25.4444
1212 106.564 82.4395 10.5747
1213 86.5063 80.4847 -0.974706
1214 78.0147 69.8165 19.8409
1215 86.3979 76.8434 10.567
1216 113.819 87.0232 0.651306
1217 113.673 89.471 18.1186
1218 113.819 57.889 30.3641
1219 95.4676 84.0961 25.5159
1220 69.6476 71.9439 19.9838
1221 106.199 72.6817 25.6527
1222 113.532 94.3333 24.1456
1223 85.2378 86.8679 27.7397
1224 77.3174 86.7895 11.0924
1225 90.6985 85.9389 21.1602
1226 110.877 75.0132 48.0057
1227 108.068 89.8486 35.9194
1228 105.103 71.144 50.9572
1229 93.7546 68.2511 39.1094
1230 95.0665 77.2179 36.6931
1231 92.3588 65.7071 36.6449
1232 113.936 81.713 33.1126
1233 80.7899 89.6103 37.391
1234 93.8185 80.0883 38.9416
1235 102.454 74.2818 45.0365
1236 89.742 86.6409 58.443
1237 90.1108 78.5901 49.3697
1238 114.29 94.5335 47.9818
1239 99.3262 88.4233 41.9664
1240 82.7617 84.0358 63.556
1241 105.732 71.7982 65.433
1242 98.3429 82.0951 64.1864
1243 107.746 78.5371 69.9483
1244 100.281 74.1984 65.8123
1245 114.59 87.1996 64.7132
1246 107.055 72.9506 69.8173
1247 106.926 64.3921 70.0864
1248 95.182 90.994 54.7942
1249 95.5763 84.34 76.1418
1250 114.72 92.7333 77.695
1251 97.1915 83.157 86.3341
1252 90.2096 70.7606 73.1938
1253 114.33 65.3151 74.394
1254 92.3104 75.7688 61.2815
1255 94.703 72.1209 86.5069
1256 114.674 76.6868 80.0602
1257 84.0127 82.0549 76.2721
1258 114.546 78.9178 80.0292
1259 91.3278 94.049 77.4916
1260 90.9301 84.4938 90.7836
1261 114.818 84.4697 91.4514
1262 90.3313 91.6154 91.8552
1263 86.4434 75.2277 104.265
1264 90.4698 75.7954 85.0802
1265 104.742 81.0351 96.2296
1266 107.819 76.3231 105.209
1267 88.1749 73.7293 117.266
1268 115.348 73.8378 103.838
1269 93.784 69.1477 118.061
1270 115.362 87.6816 106.522
1271 107.901 79.4294 105.182
1272 96.3568 85.1182 110.999
1273 93.3213 85.1855 111.104
1274 109.277 81.6318 112.428
1275 93.5493 60.6118 104.133
1276 115.34 82.2 109.596
1277 96.5248 88.0095 117.221
1278 82.4046 80.565 109.13
1279 105.27 90.5075 107.949
1280 105.132 76.2324 113.897
1281 110.848 92.3557 6.47818
1282 95.0865 114.164 12.2103
1283 112.088 114.151 6.30783
1284 113.966 97.6246 14.7856
1285 99.3837 109.576 12.9807
1286 106.297 102.647 18.7057
1287 107.755 104.279 17.7226
1288 93.4438 99.581 35.9727
1289 98.3736 106.62 19.4006
1290 113.793 98.6732 23.8189
1291 107.91 101.7 18.0393
1292 91.1028 107.489 20.834
1293 102.089 99.473 32.9838
1294 106.698 113.994 41.6195
1295 89.9119 113.955 30.3049
1296 102.205 102.433 30.0604
1297 85.2333 99.3674 36.113
1298 113.923 98.1975 41.2701
1299 106.664 100.944 46.4494
1300 97.9596 94.9967 40.396
1301 89.4494 95.5392 34.4986
1302 84.1892 92.6529 49.4876
1303 96.1318 105.307 44.8823
1304 109.545 94.937 61.0715
1305 113.82 111.858 50.8255
1306 94.9263 114.062 59.3767
1307 103.89 89.6374 52.2847
1308 97.3774 105.387 53.8194
1309 114.098 106.637 61.7332
1310 91.0787 96.1686 62.87
1311 86.3127 98.1877 70.2
1312 105.024 94.3365 68.5724
1313 112.268 114.156 76.7354
1314 89.8252 114.261 80.3401
1315 114.054 100.878 64.8782
1316 96.6077 94.0755 59.7386
1317 107.94 93.144 90.3648
1318 105.341 110.848 82.8172
1319 94.4043 100.806 89.1537
1320 94.6031 88.7043 83.4006
1321 114.774 89.4034 82.9898
1322 108.266 88.4428 80.2369
1323 114.561 106.567 76.5095
1324 107.316 114.823 94.339
1325 91.5141 100.45 95.0009
1326 104.109 90.1253 87.5749
1327 81.7088 95.9626 96.7323
1328 115.354 90.4858 114.898
1329 114.591 104.623 88.7473
1330 102.78 108.678 94.859
1331 92.0375 107.619 98.9416
1332 87.6823 109.917 96.2547
1333 96.3041 110.306 104.931
1334 103.564 96.2159 107.803
1335 87.7022 106.964 105.121
1336 114.306 104.71 116.559
1337 115.223 101.46 111.83
1338 115.15 101.783 108.79
1339 105.473 110.286 116.961
1340 115.047 109.946 97.3677
1341 85.2207 94.6701 98.4102
