0 6.55144 15.7138 0.902909
1 6.95942 9.60785 7.2163
2 16.4055 28.2791 13.8277
3 26.5164 -0.604316 14.1837
4 26.8257 4.23149 0.973223
5 9.6344 4.62769 4.37039
6 4.14879 9.76311 4.36166
7 12.5378 2.63851 11.6214
8 23.9503 15.6069 0.842466
9 1.09493 15.2934 1.31626
10 0.34579 22.0426 32.4089
11 18.4445 3.99117 18.7434
12 15.1003 6.50808 32.6131
13 10.3659 0.381002 20.6758
14 23.9583 -0.085062 16.5159
15 6.41092 22.9699 29.5483
16 0.580408 19.2694 35.7288
17 30.5832 18.9284 36.2936
18 1.0597 2.7173 50.5488
19 16.5043 24.6373 33.4652
20 31.8662 12.1309 41.0899
21 3.12805 0.7732 68.1912
22 30.483 13.5867 36.4034
23 21.7731 0.42661 26.7306
24 1.00406 24.6324 41.3873
25 29.3747 17.3427 56.0961
26 14.0858 13.7557 63.7972
27 7.3581 20.7503 47.3954
28 23.6991 12.0862 68.1887
29 16.3124 0.577069 41.6621
30 9.9985 23.85 56.3484
31 10.9595 0.838154 56.8396
32 26.6761 18.0206 50.1548
33 15.508 9.44535 56.3174
34 0.645225 16.5779 74.5475
35 23.6551 9.58453 65.2965
36 15.2465 9.89237 65.4092
37 19.5219 30.2992 57.7574
38 13.6643 0.847151 59.2015
39 22.5827 1.05689 59.0405
40 22.4923 5.76672 75.7052
41 19.6104 17.2819 69.8434
42 15.3585 12.1028 77.0655
43 9.49039 6.29926 92.0335
44 11.181 17.0967 81.4986
45 19.76 0.478238 79.8232
46 7.61869 13.8653 75.69
47 0.53849 4.56095 95.0252
48 26.4323 9.86125 74.2042
49 42.7624 23.5199 94.5078
50 9.49239 17.6212 100.796
51 22.6305 22.8753 110.615
52 0.806154 16.4887 97.9295
53 21.0174 12.9206 103.647
54 25.6916 10.4387 102.13
55 32.3084 9.01008 103.493
56 19.6855 21.9542 96.1809
57 7.37949 20.6806 97.743
58 0.580749 12.367 91.9821
59 9.58226 13.5996 108.617
60 3.94179 13.5443 109.466
61 11.2191 0.296142 106.667
62 28.0562 10.7122 119.675
63 25.6346 10.6805 119.601
64 3.07163 0.654993 115.112
65 16.8355 4.86024 116.527
66 16.5903 33.2933 8.07747
67 20.9733 41.333 9.36924
68 19.6136 39.6983 7.93575
69 -0.731896 44.0935 13.6844
70 16.9178 25.1881 11.1321
71 0.475576 55.5724 0.769266
72 21.003 29.5742 0.833959
73 1.04661 18.1462 1.24598
74 5.95068 25.9889 29.2831
75 0.649519 28.4442 44.5104
76 8.3335 28.418 20.1547
77 11.3726 36.554 16.8426
78 6.95187 25.9234 38.3309
79 8.07799 41.4664 39.5909
80 14.1404 39.0515 48.6798
81 17.7476 46.1244 40.7705
82 10.7726 38.9785 39.2568
83 10.9974 34.0428 45.7793
84 17.6435 48.7672 31.5625
85 0.652499 44.4316 38.1654
86 10.6215 41.4474 42.4842
87 12.4763 40.3255 50.0387
88 20.4668 43.5778 46.8805
89 8.3446 22.0488 51.9012
90 28.9058 34.519 37.5204
91 29.1587 34.2325 43.8399
92 0.462904 39.2114 63.1028
93 15.2331 29.1724 44.2153
94 8.36799 19.2726 42.9774
95 28.1646 33.2249 54.6463
96 15.0343 48.8461 58.957
97 31.9228 40.6078 49.6228
98 10.059 31.9449 56.4085
99 8.05214 30.5862 72.7302
100 21.1257 27.7474 69.4556
101 26.7907 32.1079 56.2085
102 0.81691 19.7077 68.2083
103 21.0345 48.9276 58.9259
104 19.381 44.4974 51.5195
105 15.374 43.4518 74.0711
106 33.5795 38.8119 66.4351
107 12.2286 26.32 80.1091
108 23.3815 26.3495 79.9814
109 26.6809 29.1593 77.0679
110 22.2415 33.6363 87.281
111 0.491008 36.5743 91.9886
112 33.3965 41.4188 81.3756
113 16.7448 36.9897 93.163
114 16.372 27.8269 87.4691
115 22.3803 38.6103 101.932
116 20.6811 49.3177 91.867
117 14.9657 46.6404 94.7207
118 -0.0629284 24.7294 96.1671
119 27.4365 36.3142 101.946
120 22.3357 33.354 96.1643
121 22.3529 47.3734 93.2351
122 19.3474 47.5312 104.801
123 16.5993 36.9122 104.738
124 17.9527 33.5196 93.8228
125 35.7807 32.1741 109.129
126 26.5428 43.47 111.912
127 22.0387 44.7375 113.587
128 0.647067 22.2219 101.266
129 19.5347 51.0571 107.793
130 5.22136 36.7103 119.758
131 13.8701 45.0447 119.661
132 23.7112 24.9337 108.219
133 27.912 22.0356 107.786
134 26.8373 68.3813 18.8508
135 3.5719 61.0126 0.728575
136 22.4863 68.6411 13.3364
137 22.5279 65.4097 13.4398
138 -0.864783 49.5338 19.8355
139 -1.00649 67.0349 11.0867
140 18.1866 46.7586 9.39041
141 9.79737 68.0037 46.8033
142 -0.911048 53.1203 13.9656
143 10.5262 58.7078 36.0579
144 31.6494 56.6812 28.1095
145 0.470589 61.4346 34.4228
146 25.416 65.9003 13.4428
147 13.4771 58.6439 36.1158
148 11.2087 39.2503 45.5829
149 27.4681 55.4248 26.6227
150 20.1675 61.3541 48.1781
151 14.9884 48.7217 43.6324
152 15.0543 71.4116 37.5708
153 18.0581 62.6139 46.7226
154 30.1594 47.2833 35.7205
155 28.0316 64.4124 47.8387
156 12.2075 57.0016 34.5901
157 7.85456 67.1663 39.2663
158 20.6507 51.6331 43.4982
159 0.963062 58.503 46.85
160 16.746 66.6234 42.1077
161 19.5271 58.5928 60.1455
162 12.6049 65.5588 58.6935
163 10.8644 50.2639 45.299
164 29.0321 60.2963 52.6308
165 22.3274 39.3607 60.8146
166 18.3419 54.1518 58.9593
167 13.5602 61.5632 78.3532
168 0.953457 56.2513 65.2299
169 19.4314 61.6039 57.2825
170 19.6584 55.8448 57.2763
171 30.6472 53.1734 72.304
172 11.0423 66.6683 66.2719
173 26.1823 65.8334 79.7317
174 13.6092 53.6859 87.3126
175 0.598482 67.1327 74.5291
176 12.1703 58.1324 82.72
177 18.0893 60.2397 73.9882
178 13.6797 44.7743 75.5612
179 17.9938 66.9285 83.002
180 0.883772 44.6617 80.1425
181 23.3779 49.221 94.6954
182 10.4284 67.3839 87.2392
183 29.447 50.2844 95.029
184 9.8795 60.496 109.277
185 20.8277 54.1043 97.4466
186 0.380733 56.2578 111.975
187 0.538982 81.5798 95.1884
188 0.119568 71.1067 88.5925
189 19.4795 58.3628 107.897
190 17.9749 46.8478 103.392
191 0.575244 73.8919 114.914
192 13.8783 59.1243 119.417
193 19.8037 62.0337 119.563
194 9.62794 38.7579 112.332
195 8.50312 64.9437 119.529
196 18.9379 59.1384 116.248
197 20.6239 58.7683 103.261
198 31.0635 78.8316 119.092
199 9.56813 65.1836 9.75203
200 15.3981 100.421 3.30093
201 15.8912 83.8619 6.32005
202 21.0612 78.2904 6.28622
203 17.8733 75.2464 0.180427
204 17.5248 89.5154 0.0252695
205 -0.957348 75.2761 4.83695
206 16.7501 75.3162 15.1766
207 11.5001 75.0972 0.123683
208 21.9842 71.3377 7.54635
209 18.8785 75.351 26.8218
210 21.2915 86.63 26.8125
211 9.87133 95.1356 23.9912
212 28.3332 91.5546 19.1648
213 29.5009 67.2141 11.9398
214 15.4185 90.842 14.9145
215 13.6481 73.9424 16.569
216 16.7808 92.3764 13.0503
217 25.3933 79.3482 22.0932
218 24.4304 86.4938 32.8731
219 11.58 73.6398 19.4097
220 8.86441 73.5591 28.4756
221 23.4508 76.5913 40.3574
222 8.44288 92.0227 45.5173
223 12.6869 82.1159 40.5589
224 10.4172 81.1021 30.0859
225 16.4654 78.3716 35.9356
226 23.7122 73.9054 52.5488
227 21.2349 99.2212 49.7619
228 25.232 80.921 57.2912
229 3.80115 79.5837 55.8914
230 21.9863 97.8742 60.0652
231 30.6388 78.1811 44.9643
232 0.766814 83.7384 65.0693
233 5.48969 63.979 48.4354
234 17.8552 71.701 64.8835
235 19.5201 69.829 63.204
236 12.2139 54.6318 64.9889
237 9.83422 73.9283 58.8651
238 0.610078 72.5655 40.4962
239 0.986919 61.7575 64.4171
240 6.45349 82.6356 67.8657
241 19.7202 75.5151 63.4219
242 0.787146 67.4919 67.6671
243 16.4201 69.8577 66.3097
244 24.9235 95.3799 74.9491
245 0.662107 75.461 77.4104
246 19.4782 98.1796 68.9754
247 22.3599 75.3395 60.3078
248 18.1349 85.3545 67.7021
249 0.599589 72.8006 73.2815
250 27.8582 72.6942 75.2689
251 12.5136 88.198 73.7562
252 30.1504 71.5438 88.5566
253 19.4754 82.2373 98.6909
254 18.0462 72.773 91.89
255 20.481 87.1717 84.2276
256 33.5663 80.3579 87.9505
257 32.1458 82.4091 82.4442
258 25.026 81.8194 86.8482
259 8.18957 81.4162 92.9599
260 5.29704 84.2391 69.3917
261 9.30585 84.0329 74.9877
262 4.13023 91.6198 94.2254
263 40.2453 71.6555 85.4631
264 19.3797 75.124 81.0867
265 0.648156 77.8914 97.3258
266 16.5962 71.9265 109.978
267 0.476104 75.8632 91.1257
268 32.1175 88.503 91.188
269 16.4451 73.2015 84.2032
270 16.7604 88.9105 107.174
271 16.4541 87.6363 110.063
272 36.7594 79.8016 119.083
273 3.60141 70.1641 109.167
274 0.8929 87.6408 114.918
275 32.191 81.7655 100.517
276 32.2773 82.4508 108.864
277 25.2138 89.6571 107.196
278 29.2185 109.524 -0.0901739
279 21.9518 79.682 16.2705
280 27.8779 99.1244 7.36699
281 19.7315 106.684 8.94771
282 15.1832 113.994 7.49839
283 6.36315 100.802 0.280863
284 35.4199 91.0253 21.0644
285 -0.182223 96.6161 16.9133
286 13.6133 113.836 35.5058
287 8.25591 99.6536 19.452
288 6.21098 102.304 29.0195
289 14.435 102.28 16.3454
290 0.13662 103.62 26.466
291 19.5999 113.608 16.428
292 0.167793 95.1379 26.1969
293 21.5266 97.785 29.7879
294 16.8183 89.4686 13.6363
295 10.0276 114.241 13.3222
296 21.7293 113.796 22.6756
297 31.732 104.653 40.3401
298 34.5341 107.686 43.2169
299 30.3595 89.506 41.8812
300 22.9175 104.734 43.5549
301 0.780295 108.855 37.8948
302 6.7937 104.905 31.9728
303 5.43893 113.443 37.7495
304 8.71331 113.463 37.7632
305 24.9688 100.717 38.9571
306 9.66366 113.517 22.9022
307 13.5853 89.2675 36.0401
308 20.7654 104.411 40.6515
309 22.0904 103.062 39.0364
310 0.716014 92.2088 50.1156
311 33.5787 94.6138 51.0634
312 15.1404 104.782 52.5936
313 19.2175 97.4324 41.9824
314 16.491 91.9289 51.2891
315 1.06652 110.212 70.153
316 16.3172 114.244 70.3651
317 5.88267 114.204 81.9107
318 6.35109 93.5637 55.7337
319 18.2498 109.442 71.5847
320 16.6946 98.5004 86.9678
321 11.0694 110.449 89.5448
322 22.2123 114.052 69.7449
323 2.35651 113.915 70.6632
324 13.7734 107.823 78.0202
325 0.75356 92.8099 76.1421
326 1.00936 112.645 79.6184
327 0.189016 103.761 63.3065
328 26.1406 99.744 85.1647
329 30.4728 107.337 101.262
330 27.8299 95.5369 78.0375
331 12.378 110.11 102.261
332 9.88993 91.9555 100.166
333 13.6656 107.087 95.4567
334 5.12489 105.959 103.683
335 11.0126 114.658 102.982
336 8.06682 104.341 98.5103
337 16.5465 104.104 86.6413
338 22.2976 114.985 94.3055
339 28.0269 105.031 118.774
340 0.695484 101.968 111.428
341 8.28284 101.523 115.723
342 3.71343 107.34 108.623
343 36.9113 28.983 13.4812
344 26.638 -0.658087 19.4048
345 49.3083 -0.679205 16.6453
346 43.9154 15.3706 0.213285
347 57.8558 -0.530193 19.1393
348 40.2575 15.606 17.9997
349 31.9267 12.4741 0.70305
350 40.18 15.5497 21.0553
351 45.3041 23.0437 16.3222
352 32.1406 0.359038 26.5085
353 60.8818 10.7943 18.0254
354 31.2851 0.760462 23.1301
355 44.2096 0.302667 26.2952
356 45.9891 0.100613 26.0374
357 32.7847 16.1164 27.0622
358 27.1768 30.1031 18.2536
359 45.6574 12.1774 31.3604
360 24.6897 5.2846 36.9698
361 41.5798 0.920997 40.5827
362 31.7917 20.3241 34.851
363 59.7957 17.7508 31.3142
364 45.6819 23.0346 34.3276
365 58.5909 1.0661 43.9698
366 33.6623 19.5622 54.5215
367 30.9635 16.5201 54.7146
368 51.4972 11.153 52.2633
369 45.5131 15.2281 43.4839
370 41.5417 32.9914 36.0135
371 16.3159 0.808809 53.4086
372 26.3576 18.0922 56.3679
373 44.4152 10.8428 54.423
374 50.4816 10.6274 60.2572
375 53.596 19.5374 66.1374
376 14.1463 1.03516 50.3743
377 36.6468 7.9315 87.2451
378 52.0424 14.8778 76.7642
379 37.7825 24.0414 73.8637
380 30.9192 10.8023 90.3437
381 55.0078 14.9992 76.8018
382 35.3552 6.27077 88.6725
383 56.0473 7.61255 87.0811
384 33.6253 24.2338 93.1467
385 38.9501 0.407432 73.6767
386 30.6927 15.9407 87.3647
387 67.7028 0.413005 99.8467
388 44.3473 0.366137 85.7111
389 39.483 24.909 95.9859
390 43.3739 21.9709 101.667
391 63.6773 12.0011 85.5431
392 47.7615 29.2242 91.037
393 53.9466 14.103 119.18
394 39.5329 5.13045 119.525
395 48.0937 23.4934 119.804
396 45.5181 26.4235 105.896
397 36.5916 0.553108 117.58
398 42.4335 0.486932 111.856
399 49.2426 24.7647 92.3878
400 62.8446 10.8581 119.327
401 45.2562 22.6703 116.192
402 37.8842 26.3989 0.483372
403 38.1027 35.216 0.0353651
404 23.671 40.7585 0.409355
405 55.4211 23.7037 14.7619
406 55.1946 41.2135 -0.22947
407 52.4325 38.5839 5.94449
408 22.2514 41.245 5.93835
409 38.1095 45.7767 12.0106
410 32.4187 26.8062 0.604172
411 48.9568 35.2512 -0.0710883
412 28.0966 41.3262 8.97499
413 39.6756 36.7755 16.4069
414 40.1846 42.851 25.2395
415 22.0747 21.9271 36.5918
416 42.2898 54.2162 19.085
417 41.0264 54.04 13.3261
418 38.0655 42.6941 12.1578
419 31.0089 22.3738 16.7719
420 33.8247 50.9904 13.2419
421 29.107 23.1461 34.7776
422 34.7892 29.1528 43.7632
423 59.9143 26.174 33.9835
424 46.8544 35.9619 23.5109
425 23.3271 17.5274 35.1061
426 58.4536 33.6782 44.7138
427 55.7604 19.2943 41.9699
428 32.9129 18.9212 33.2125
429 40.015 34.865 40.5173
430 30.6861 33.098 35.9368
431 53.068 31.1196 44.6737
432 33.0604 39.1673 41.8974
433 38.594 28.0127 51.1594
434 42.2035 33.4686 60.3043
435 28.9297 23.5556 43.9717
436 34.9045 29.774 58.9387
437 37.9276 31.8594 55.9317
438 40.3048 49.0521 55.4947
439 44.7664 36.3473 60.4346
440 47.428 41.9283 66.1426
441 22.1182 21.7644 75.6065
442 45.283 25.174 60.4016
443 23.7151 54.7906 67.9617
444 39.4926 22.0199 87.4248
445 39.4435 22.4904 69.3661
446 37.7172 29.1856 55.8315
447 47.5423 24.9166 51.0684
448 44.3551 25.0971 72.4191
449 35.2178 32.8332 82.3941
450 48.8902 34.7602 58.5643
451 36.5495 42.2416 81.2804
452 33.2733 43.4461 74.4293
453 58.9206 42.3688 78.068
454 26.5127 49.2685 70.8977
455 48.9353 29.1204 52.5907
456 39.519 39.3848 87.2342
457 57.0075 34.9391 76.6494
458 42.0547 36.1739 84.1745
459 25.0966 30.5607 84.4268
460 42.0756 39.3647 87.0413
461 40.684 37.638 85.8484
462 54.7081 34.7604 85.3963
463 46.2113 40.5658 88.6057
464 66.2228 23.8873 85.5348
465 34.7656 31.9144 88.6305
466 64.991 33.3329 104.322
467 37.8798 40.5125 88.6578
468 59.0337 44.563 89.6738
469 45.8323 35.0319 106.091
470 35.8322 47.8031 104.901
471 46.2799 20.672 111.892
472 46.675 31.2722 114.7
473 45.7063 33.7695 119.425
474 33.6797 24.2751 107.757
475 51.1073 27.3725 119.273
476 60.7038 44.8514 95.1376
477 47.884 39.1389 104.737
478 49.5405 29.1493 114.575
479 37.9616 54.8665 100.338
480 38.1482 59.9854 13.8035
481 49.372 63.7653 -0.219315
482 52.0029 68.2491 12.805
483 49.5706 49.571 -0.203362
484 41.3406 41.2637 26.8631
485 34.0994 51.5766 22.2379
486 58.314 72.6711 29.1611
487 30.8307 59.4239 13.2769
488 54.806 55.4443 11.4143
489 45.9413 57.302 30.7967
490 35.6257 61.4124 26.6337
491 45.3034 53.9826 27.9995
492 45.6628 51.4398 24.9449
493 54.3267 56.943 42.7832
494 52.8825 35.9741 35.541
495 41.086 69.7022 26.4043
496 49.8197 47.3075 32.4464
497 35.7696 72.7229 38.5282
498 43.332 56.9921 52.2615
499 33.6198 67.0617 53.9298
500 47.4893 36.3908 60.1908
501 39.0582 49.9596 47.7581
502 43.3982 54.3183 46.0124
503 46.4972 56.9978 61.2566
504 28.0064 63.8919 51.248
505 44.6434 64.247 53.718
506 47.6649 64.3677 59.925
507 56.0267 72.9087 68.6812
508 29.3605 51.4036 79.7608
509 38.4869 62.9533 70.5887
510 34.889 49.0155 55.5375
511 49.0201 60.1573 57.9923
512 37.825 49.1123 55.4672
513 29.3437 51.8423 64.6765
514 40.9457 62.8794 91.3352
515 37.7659 60.4577 88.4179
516 50.7458 58.9854 83.9047
517 39.1339 61.7482 81.127
518 32.077 62.973 70.6486
519 43.4202 62.7679 76.6259
520 43.5146 60.4002 73.5607
521 40.509 60.4082 82.627
522 45.0239 64.3885 74.9151
523 57.7406 54.4911 91.3395
524 42.4737 53.2395 95.8946
525 51.5926 48.8536 97.3278
526 28.2379 57.793 106.079
527 42.0976 55.5529 92.9553
528 34.9474 46.4253 103.277
529 40.7277 48.9042 114.831
530 36.3865 57.023 98.799
531 30.9668 61.8935 119.479
532 25.1682 57.087 104.842
533 57.2039 70.4017 119.071
534 33.8054 67.7377 104.575
535 48.0366 64.0731 107.271
536 64.8463 54.0424 95.6507
537 32.5056 80.8193 -0.188523
538 43.5375 84.0726 -0.295476
539 25.146 72.0961 7.26216
540 56.9875 70.9109 9.89137
541 52.2513 82.6362 17.7753
542 23.7668 80.8273 0.135181
543 32.2102 55.5077 0.00902435
544 45.4018 81.5798 21.7296
545 44.2504 75.5196 29.1691
546 45.593 77.2676 24.7787
547 39.8804 92.6245 14.9512
548 37.2138 71.4693 18.9345
549 48.3786 79.9722 21.79
550 57.0472 71.2531 24.7514
551 61.2341 86.7128 32.2317
552 48.7133 79.9935 33.7797
553 31.8474 76.7816 43.3994
554 52.5658 78.3506 35.325
555 50.4914 73.9609 55.4369
556 25.7556 68.5587 25.341
557 35.6016 89.6527 32.5046
558 45.9373 59.6876 36.6961
559 48.3767 84.9371 30.6216
560 39.1053 61.4655 41.4507
561 38.5929 74.9789 38.4987
562 62.5575 73.8141 39.4988
563 61.6767 83.5179 47.2636
564 32.2259 79.6635 49.6884
565 55.9963 66.8052 29.1256
566 37.1468 87.9603 43.2301
567 57.3677 87.9256 54.8077
568 45.9206 82.802 58.1142
569 62.7106 65.8601 54.7565
570 48.3112 88.0512 55.0409
571 23.387 68.4651 46.4478
572 46.2302 71.2745 45.9375
573 49.0469 78.0019 70.3384
574 62.991 54.4701 54.9031
575 32.0689 85.021 46.2888
576 29.6871 62.8885 55.7145
577 30.6463 75.4112 47.9442
578 25.2444 69.6969 48.0003
579 40.841 90.9625 76.2209
580 53.4226 89.5181 62.6184
581 43.6575 94.1622 70.2404
582 34.7883 91.5945 73.4513
583 47.5362 75.1036 62.8712
584 30.76 88.9676 71.9413
585 39.5905 72.596 74.8472
586 36.4334 92.5765 65.9831
587 46.2322 82.805 79.2334
588 28.7958 85.8937 79.4919
589 36.8642 81.5474 86.908
590 49.245 82.9659 94.018
591 57.8088 74.9928 93.8243
592 49.3313 77.7092 82.3107
593 48.9269 77.6037 91.091
594 20.909 82.5765 85.7003
595 44.9206 84.6121 107.129
596 43.4262 85.6856 91.1521
597 47.926 64.4791 101.648
598 22.0494 66.8604 93.0677
599 54.7039 88.7604 93.827
600 39.9595 86.0045 97.1253
601 43.8113 89.018 105.688
602 48.0088 72.0858 98.8129
603 48.8075 93.2251 112.522
604 58.8024 75.7462 95.3303
605 32.5548 77.4517 91.4434
606 56.4392 84.5315 89.3463
607 46.6589 62.9229 91.3388
608 45.1933 63.9108 95.7153
609 53.7848 83.1898 105.377
610 39.0653 79.1179 104.439
611 50.9645 74.2263 106.94
612 42.5052 87.1978 107.208
613 38.2412 73.4608 113.114
614 44.746 87.694 107.15
615 53.7137 79.7304 107.147
616 38.8645 96.7218 7.1425
617 43.7557 114.258 1.68475
618 54.9692 112.366 -0.401035
619 26.6594 95.269 8.89726
620 49.1354 114.406 1.71525
621 53.5393 101.204 13.9663
622 59.205 98.1622 11.5056
623 38.1218 108.329 13.795
624 40.9751 85.246 11.0432
625 37.0257 111.059 4.16007
626 49.5053 102.477 10.2513
627 24.0174 114.278 9.98326
628 48.284 93.2518 27.5926
629 23.5372 114.5 13.1846
630 23.8688 99.2554 25.0064
631 37.1988 93.538 34.0734
632 38.7365 89.4636 29.4021
633 35.5892 113.425 28.5113
634 52.1296 102.12 17.7191
635 21.6229 100.642 26.6021
636 58.3943 113.408 42.4399
637 23.5665 99.0485 40.6844
638 57.2546 104.283 42.6705
639 44.2813 92.0768 41.5468
640 47.2813 97.391 50.6161
641 44.4173 93.1549 44.4075
642 50.0531 100.521 50.4443
643 29.3646 110.707 58.2085
644 44.4029 92.0887 47.6165
645 47.1411 113.595 37.5656
646 41.4537 89.1286 38.4956
647 43.1177 87.6962 46.0137
648 28.2966 113.985 58.1938
649 39.1264 114.292 76.4121
650 42.3072 98.1134 68.684
651 39.0819 114.18 67.1108
652 57.6375 91.207 73.0999
653 58.5747 113.547 54.9678
654 38.0247 93.3138 61.4091
655 36.3284 102.938 88.0563
656 50.6879 95.6532 65.5939
657 33.3535 92.8844 86.8128
658 47.9692 101.459 86.5597
659 37.0781 98.516 80.6907
660 26.5041 94.0547 76.5049
661 44.7776 113.994 61.0315
662 45.6038 114.682 81.5867
663 43.1298 114.613 61.051
664 34.9096 109.49 87.7737
665 42.4614 114.595 87.3324
666 47.6494 114.199 75.2462
667 39.3545 92.6175 77.9762
668 39.7547 92.8455 86.6343
669 31.9959 97.2571 82.2998
670 39.7948 107.001 77.4933
671 27.614 101.422 89.5335
672 39.424 94.7401 89.5385
673 48.8539 102.862 84.8283
674 40.7671 102.986 90.8422
675 38.8288 107.422 101.142
676 62.6773 98.8069 95.0746
677 41.8464 114.939 99.3955
678 51.7873 110.236 92.1926
679 36.7206 114.917 111.3
680 42.6598 90.6264 118.945
681 42.1184 97.6215 110.929
682 43.8399 107.689 113.377
683 36.5774 90.3846 118.978
684 50.7775 115.292 105.589
685 35.1589 104.14 105.526
686 33.3797 115.137 105.162
687 41.8953 115.149 116.811
688 36.8029 96.2777 118.837
689 57.5142 102.078 118.939
690 59.478 113.278 118.347
691 66.5701 4.3284 0.286344
692 69.2326 32.5279 -0.21697
693 79.1808 23.8935 1.09119
694 74.0797 18.4485 6.26325
695 66.412 15.0664 0.0981873
696 62.5798 14.0655 16.168
697 89.7808 -0.0970355 19.4035
698 66.6172 4.35189 23.8889
699 62.3951 18.3292 13.2432
700 82.2895 -0.0805129 25.4917
701 76.95 0.147759 19.4473
702 73.6618 0.03858 19.5305
703 58.1782 0.210731 25.7437
704 66.8188 10.0883 23.7629
705 61.1429 5.5486 13.276
706 62.9574 15.7889 46.6852
707 62.5795 12.5439 43.5144
708 76.6205 23.6268 43.3168
709 83.6062 26.261 43.9913
710 75.1535 19.2202 41.7843
711 78.022 0.700477 35.1299
712 65.4373 10.1542 52.642
713 55.5478 11.1221 45.0022
714 70.97 17.6241 40.0973
715 69.6448 19.5649 41.7624
716 54.5458 20.5571 46.7067
717 67.1272 5.31561 42.142
718 89.3802 14.1707 56.8324
719 56.0785 0.771205 62.0402
720 88.7249 14.4318 79.1358
721 61.5489 5.32135 60.12
722 70.0808 0.291359 70.022
723 65.6488 21.1821 67.5489
724 67.6158 0.556893 73.9372
725 79.5394 4.24748 52.2528
726 50.4853 10.8047 72.2293
727 93.0617 0.655907 88.1663
728 59.3576 16.5463 95.8055
729 71.5284 15.6681 76.417
730 71.9002 12.9737 88.5224
731 57.6835 11.7426 88.4399
732 87.4355 0.643872 93.8998
733 83.5532 9.58282 102.803
734 83.0021 10.5866 112.829
735 83.6028 9.22394 114.296
736 86.5414 21.6162 105.621
737 68.9986 20.5409 111.649
738 67.9453 0.281834 106.289
739 73.4526 24.7479 98.5389
740 82.5326 16.7767 118.879
741 62.3558 19.2518 113.189
742 72.4674 13.6015 113.799
743 80.6849 29.2203 108.47
744 59.4123 0.449299 114.783
745 62.1684 16.1148 119.358
746 62.455 0.106955 106.017
747 59.68 16.3419 119.184
748 71.7928 26.7823 -0.296728
749 72.4037 41.0872 -0.297302
750 88.0415 52.6956 10.422
751 80.1226 27.1567 23.0212
752 72.3656 32.2924 -0.310518
753 63.7902 18.3291 -0.0109859
754 72.5214 46.9995 20.2537
755 52.1008 47.0214 14.4533
756 51.1327 49.0497 18.895
757 58.4593 24.5473 26.5754
758 59.5747 28.2545 13.253
759 62.5287 23.4814 40.3249
760 59.9619 26.5547 43.2889
761 71.0857 42.9869 36.6223
762 62.6522 26.5639 34.0487
763 83.8465 18.0149 62.1322
764 79.5935 34.8786 52.1997
765 62.8765 38.1524 55.268
766 58.674 36.1767 56.9421
767 79.6095 15.3656 46.5679
768 78.3418 30.3365 53.6954
769 72.4235 38.778 41.434
770 74.0303 37.309 36.7083
771 89.1629 33.5805 41.5385
772 77.7546 30.6044 41.605
773 82.7668 29.4151 76.3771
774 80.251 37.7353 70.3557
775 48.3063 30.7207 69.1928
776 61.182 39.39 59.9081
777 66.9029 36.444 62.9204
778 88.756 34.9204 76.095
779 88.4836 25.2543 70.1939
780 57.4421 37.8204 73.4253
781 56.5029 24.9333 75.2141
782 68.6504 46.5395 70.3188
783 69.0622 23.4663 88.3374
784 92.8731 28.2189 77.667
785 77.5137 27.9244 93.3479
786 71.5557 40.5527 82.3154
787 71.742 20.6147 91.2924
788 73.3319 50.4624 86.7692
789 59.1755 35.1299 87.2878
790 72.5138 36.5043 71.762
791 84.9144 44.931 86.3678
792 58.9145 39.3395 74.9497
793 80.313 32.247 82.1689
794 65.1103 26.2593 102.411
795 74.7393 30.7442 97.1388
796 53.4649 38.5347 95.6538
797 83.4202 32.1477 90.9073
798 70.4683 36.6062 89.6067
799 61.0168 46.3663 94.192
800 78.0492 41.0882 105.612
801 83.0169 29.0895 85.1308
802 83.1817 22.8308 91.195
803 72.0959 46.3825 91.1895
804 59.515 24.9866 119.128
805 71.1297 30.8776 118.937
806 62.0627 24.9846 110.297
807 83.622 27.93 108.938
808 66.8192 34.6896 105.846
809 82.0822 31.0116 109.902
810 89.8059 49.4913 -0.814012
811 69.8423 58.2147 -0.828008
812 52.252 61.0986 -0.276017
813 59.7097 56.8823 12.8299
814 64.87 62.4583 9.8399
815 72.0775 49.998 8.46447
816 65.3207 59.0496 15.7479
817 92.3469 72.7508 16.7079
818 63.6243 52.1344 -0.373049
819 82.5937 57.0207 12.6087
820 82.4117 45.5119 9.8003
821 70.8968 56.5003 15.754
822 64.9329 65.4309 15.8308
823 72.4292 44.1479 20.2241
824 69.8521 69.8567 28.8862
825 76.8535 62.4137 24.4892
826 68.0405 67.243 15.5875
827 56.8552 64.1336 5.71976
828 85.1006 71.4308 42.6053
829 74.7999 67.215 22.8423
830 77.5227 69.9583 38.0653
831 76.647 65.7091 33.3019
832 69.7181 75.415 34.9101
833 94.9008 41.983 44.4412
834 70.8869 48.6307 39.6003
835 68.5109 68.2835 27.5437
836 75.2855 69.8042 34.8701
837 81.0716 72.686 37.8278
838 73.5745 45.8403 39.7542
839 85.6692 55.912 72.8188
840 55.8762 56.0566 59.5137
841 68.2453 62.993 54.76
842 59.1497 50.4313 75.0032
843 70.9996 59.8469 54.5917
844 63.678 67.3899 65.5191
845 81.3285 61.6019 62.3237
846 86.6715 61.4788 59.2774
847 68.2891 65.9359 58.0104
848 79.4772 60.0033 60.9266
849 68.8727 49.0268 85.1653
850 78.4752 56.2778 77.4848
851 74.6032 48.9675 88.1133
852 78.1183 71.87 87.7353
853 80.2387 60.5685 78.9758
854 66.1114 57.434 73.2826
855 82.1617 54.5229 72.9792
856 70.4397 64.1754 89.3765
857 61.879 53.2674 74.7978
858 69.4748 63.2797 96.7387
859 73.2529 47.7289 89.6372
860 42.1451 65.0514 101.72
861 65.1592 44.6825 95.6668
862 69.1707 66.2874 105.63
863 62.5797 45.3944 118.934
864 50.7642 57.2421 98.6421
865 85.2107 43.1654 109.687
866 74.9751 39.2505 101.3
867 75.134 72.6354 111.239
868 86.5353 44.9457 108.559
869 85.1309 46.4463 106.983
870 81.1449 47.9215 119.375
871 71.4057 67.7892 118.861
872 79.609 55.7683 118.719
873 93.2466 67.5328 100.811
874 73.7371 63.4761 110.227
875 87.9165 59.5712 118.563
876 89.3251 70.3381 7.95868
877 58.4884 72.3439 8.47609
878 86.3399 89.4773 8.09963
879 65.0119 80.8623 4.36735
880 63.9205 92.4717 -0.651745
881 60.5457 72.838 -0.345012
882 66.9194 71.1603 18.0251
883 63.6152 83.3552 5.28337
884 69.5438 63.5835 -0.64389
885 64.1024 86.8773 5.4713
886 78.3125 75.4512 38.0301
887 73.4862 82.525 9.61028
888 88.0643 62.5015 18.4349
889 72.4695 66.1473 17.0194
890 79.4578 77.2504 30.4385
891 58.1459 87.3013 14.1762
892 75.6137 83.9548 38.0135
893 66.8139 69.1177 25.9103
894 71.1628 85.0453 42.6854
895 71.2621 79.7895 39.5674
896 75.2821 81.3266 31.8123
897 73.8059 71.3109 48.9276
898 81.9766 82.707 27.4014
899 88.2642 76.6454 36.5327
900 65.4069 96.2688 51.9084
901 82.6888 93.6082 36.7066
902 79.1617 68.296 51.8246
903 72.8318 83.881 56.3432
904 54.2064 76.9778 58.0619
905 65.5768 62.7011 42.3061
906 67.0244 86.8787 62.4412
907 70.9775 68.3174 57.9543
908 67.2736 67.5758 65.5275
909 62.9755 85.205 76.008
910 69.9848 89.5598 53.4321
911 80.0542 74.3959 67.017
912 70.2839 84.3677 74.4954
913 71.8256 83.9541 62.5116
914 74.0154 73.8589 60.9372
915 77.2871 82.6127 72.7565
916 87.9589 80.1146 90.4058
917 66.6508 60.3059 88.0872
918 64.748 82.1314 92.2453
919 57.6358 85.9879 73.1379
920 80.2645 74.177 84.7707
921 84.0674 75.747 65.3298
922 63.3398 82.5388 79.0537
923 56.2151 69.0341 105.468
924 62.0192 71.7841 93.3619
925 54.634 90.2072 92.3314
926 64.7936 86.661 95.1336
927 68.2835 85.6018 72.8478
928 71.8485 80.3475 99.4115
929 85.5984 84.8983 118.348
930 59.4672 84.8004 118.7
931 80.1254 70.8456 118.686
932 84.5677 86.0669 107.959
933 77.8915 84.8626 107.826
934 68.4646 70.6658 118.96
935 70.8133 78.9469 118.724
936 68.3672 70.6715 109.88
937 68.4454 90.8548 118.722
938 79.4458 99.2108 9.58628
939 58.314 108.186 9.64244
940 56.7629 93.7239 6.85498
941 69.3498 92.1461 -0.697542
942 83.5393 106.321 26.0592
943 78.1875 114.044 16.4612
944 81.116 113.651 27.7376
945 59.761 102.082 27.5195
946 60.8049 114.315 6.77088
947 80.7146 103.753 19.6976
948 46.938 106.67 20.2819
949 68.0396 109.167 26.5068
950 58.3199 89.9009 25.8809
951 69.5254 113.528 36.0736
952 45.7619 96.4598 49.0104
953 74.0321 90.9977 33.4275
954 87.8136 101.934 33.4537
955 55.5654 100.601 32.2571
956 76.5116 90.4847 36.5432
957 81.1852 103.531 59.2858
958 70.0339 95.5866 65.3465
959 84.3288 98.1755 68.267
960 76.6574 89.6731 29.432
961 64.378 113.774 55.2306
962 83.651 113.795 57.4837
963 66.5832 113.559 42.3553
964 60.002 79.3818 42.8485
965 70.8301 93.9563 48.6689
966 65.4288 96.5355 45.6554
967 57.8723 113.407 37.2295
968 79.4865 93.5614 48.8214
969 79.8276 96.7493 63.8677
970 91.9106 92.655 65.2832
971 58.8769 114.159 64.0967
972 68.5304 102.648 69.7235
973 88.1559 88.4753 63.8992
974 69.7871 114.642 58.7783
975 67.4262 102.671 76.5147
976 66.7268 104.475 86.0001
977 85.8926 108.706 81.2779
978 65.116 98.7839 83.3751
979 69.1991 93.9534 66.9925
980 72.1913 94.4962 90.5228
981 83.6662 114.622 78.3681
982 65.1223 114.565 78.5168
983 76.968 103.102 81.5977
984 63.2899 91.5702 87.8305
985 72.9848 114.148 72.284
986 76.4968 115.203 101.424
987 69.3094 87.4203 95.9749
988 62.3613 110.539 118.361
989 76.0111 93.4211 91.9946
990 57.0515 90.1882 95.2239
991 83.9115 111.992 98.8266
992 63.2629 92.006 99.3841
993 76.0413 107.295 91.8164
994 61.783 95.9706 95.1
995 76.1705 104.691 91.9432
996 71.5664 94.6091 105.15
997 61.8999 115.262 101.742
998 67.485 101.984 118.187
999 62.1552 115.27 113.406
1000 76.5007 107.675 118.078
1001 65.1388 94.2371 118.641
1002 90.818 90.8065 118.13
1003 57.9819 90.4272 114.884
1004 85.0936 115.11 107.525
1005 50.8314 115.236 110.653
1006 95.8259 104.917 108.973
1007 72.3612 105.935 113.543
1008 113.922 12.5575 0.886952
1009 105.645 19.852 4.18602
1010 87.8859 19.3003 7.16915
1011 106.641 -0.373911 10.2155
1012 89.1617 3.32026 -0.549942
1013 96.7306 17.2652 10.065
1014 93.7435 20.2682 9.99131
1015 108.097 17.2934 18.8685
1016 104.714 3.4726 25.7073
1017 106.31 0.16853 20.2857
1018 91.6706 11.6199 10.2913
1019 92.2948 4.9946 23.7224
1020 99.4617 14.6489 24.9382
1021 71.1273 12.6742 20.9141
1022 95.3454 19.3776 32.5281
1023 108.425 0.976007 40.0604
1024 109.333 0.47972 34.7949
1025 103.266 27.6781 35.3165
1026 89.3188 16.5469 38.7135
1027 99.1658 6.75654 31.2971
1028 81.0689 10.5144 26.7067
1029 93.9905 18.0107 37.1918
1030 89.2168 22.5139 56.8366
1031 82.7771 6.75149 64.2818
1032 113.792 5.06187 58.5395
1033 102.053 12.2626 55.2298
1034 109.674 17.0372 68.5779
1035 94.7478 1.05001 46.6687
1036 106.513 16.9103 44.7488
1037 89.0707 1.02781 46.3431
1038 100.679 19.4578 62.7391
1039 94.2004 6.68551 82.1389
1040 113.605 19.6366 52.399
1041 106.83 0.595698 75.2815
1042 103.737 0.609222 69.2129
1043 86.4985 0.658188 55.7366
1044 94.8235 0.871772 57.699
1045 90.0321 22.4758 68.8397
1046 94.1265 3.66446 73.036
1047 82.937 19.4472 85.3297
1048 107.394 13.3296 83.0447
1049 114.602 2.14152 90.1129
1050 106.766 0.590903 72.416
1051 105.961 9.67478 84.7704
1052 109.694 19.4713 71.2909
1053 114.73 8.63299 87.4085
1054 101.55 0.467369 86.9015
1055 97.7241 0.611722 64.3442
1056 90.7413 16.5187 92.3976
1057 114.485 4.5817 87.3876
1058 104.381 0.513911 99.5497
1059 91.4209 20.839 85.0793
1060 94.7216 20.3 90.8066
1061 100.551 20.6781 81.8652
1062 91.4315 19.3455 95.4762
1063 103.263 16.4006 97.4428
1064 83.1366 6.20578 102.755
1065 106.221 7.23578 99.4811
1066 100.648 5.07559 107.489
1067 115.305 13.855 107.926
1068 113.706 5.23523 118.235
1069 100.179 16.2181 92.7285
1070 91.9829 35.5382 -0.729972
1071 89.3228 43.2394 -0.694749
1072 92.3426 18.8005 2.76695
1073 99.6769 45.9405 15.5514
1074 100.75 42.6467 2.63026
1075 99.3826 44.4514 3.8003
1076 104.199 32.5563 11.1894
1077 86.5686 31.7616 11.5696
1078 102.588 38.42 11.2292
1079 93.4695 42.7866 24.6177
1080 88.0235 39.874 24.5777
1081 113.743 38.2237 19.0175
1082 83.7215 33.094 38.4189
1083 113.385 41.6526 42.9414
1084 113.46 41.4292 24.8745
1085 97.7486 38.7484 41.3843
1086 93.4786 37.9243 33.5831
1087 113.981 35.4663 12.9587
1088 99.8414 48.3808 18.5127
1089 103.409 22.107 44.7113
1090 92.2667 27.1602 23.2949
1091 82.3947 34.6635 39.9788
1092 103.539 17.0532 56.8344
1093 93.4783 37.8172 49.1005
1094 94.0305 37.6928 61.074
1095 103.413 55.6389 47.0695
1096 85.2061 51.5509 42.8289
1097 103.243 25.2338 44.4747
1098 93.7536 32.148 45.9821
1099 113.854 42.2652 57.5967
1100 92.1897 33.3368 62.7631
1101 102.514 37.7491 51.83
1102 104.02 0.717507 58.2372
1103 99.201 26.6329 55.1646
1104 95.0989 45.3539 62.5406
1105 92.7687 31.9511 72.0498
1106 102.433 32.1529 67.1282
1107 92.0176 28.1461 50.9087
1108 102.236 26.5095 61.0459
1109 113.672 33.3919 48.6504
1110 114.513 39.1939 72.2188
1111 108.696 40.6236 66.7804
1112 106.966 24.9885 77.3609
1113 103.734 30.2967 59.4915
1114 92.3772 41.738 80.2419
1115 92.6759 29.1239 74.6117
1116 115.153 37.9994 96.0807
1117 94.1963 26.3288 79.0645
1118 101.456 38.7047 74.3792
1119 81.5484 25.2139 83.5912
1120 73.014 42.0421 80.7044
1121 88.9452 43.9713 84.8803
1122 90.1134 30.5272 77.6337
1123 101.229 44.7855 94.8423
1124 88.769 32.1909 79.1718
1125 114.92 47.5624 86.8217
1126 114.533 30.6321 76.1577
1127 92.4587 31.9698 105.353
1128 89.5009 33.6253 101.295
1129 102.39 44.6399 109.393
1130 111.222 25.0163 118.194
1131 113.853 39.4092 118.028
1132 107.918 46.2413 98.6469
1133 115.272 42.519 108.003
1134 105.122 44.9908 118.401
1135 105.044 35.004 103.851
1136 84.9744 59.4003 118.665
1137 92.1754 55.1124 8.27657
1138 106.626 54.1016 12.5853
1139 91.9436 52.6339 -0.548536
1140 102.952 57.0445 15.3357
1141 113.387 65.0674 27.3669
1142 102.628 62.5824 18.4334
1143 105.72 55.8112 25.94
1144 90.4993 54.2014 12.6419
1145 89.9914 52.8432 14.1455
1146 113.693 49.911 25.2307
1147 114.195 58.6219 14.5237
1148 102.437 58.318 8.30845
1149 95.0907 78.5055 28.8112
1150 89.6947 66.7103 16.8168
1151 87.9946 51.259 39.5695
1152 100.426 55.8988 31.8981
1153 93.6042 51.3878 30.4674
1154 94.9035 75.68 28.6881
1155 99.0519 54.276 33.4365
1156 80.9611 70.1988 41.1934
1157 113.886 53.0957 40.4122
1158 100.616 64.5388 44.1005
1159 97.9241 70.1123 43.9879
1160 113.551 72.1493 45.2961
1161 113.883 47.4319 51.7528
1162 95.0385 53.0988 56.1852
1163 96.9798 54.9876 69.8308
1164 107.338 45.9222 54.6638
1165 113.552 61.289 51.5447
1166 92.1285 69.824 34.9025
1167 113.783 53.5873 54.4402
1168 92.6795 74.1611 67.6121
1169 104.299 61.5799 71.1616
1170 105.074 57.3445 60.5315
1171 105.496 52.0426 63.666
1172 114.23 59.0588 66.4796
1173 90.0456 55.8547 71.4217
1174 97.0257 54.5255 63.7408
1175 91.0743 51.911 69.9723
1176 102.352 68.3729 54.5131
1177 105.336 71.7715 72.5037
1178 90.1933 61.8398 83.4085
1179 92.4517 41.9913 65.7083
1180 101.017 44.6835 65.3336
1181 103.836 47.9325 65.3649
1182 95.925 50.0932 77.4496
1183 107.648 45.0518 91.8162
1184 87.3096 49.9578 80.3808
1185 83.23 50.3268 85.3747
1186 92.5934 44.758 77.5226
1187 114.613 66.1389 84.0513
1188 115.02 50.987 84.0298
1189 114.57 58.7933 78.0847
1190 114.466 47.8049 71.7483
1191 107.569 71.1855 94.7274
1192 90.5741 54.8369 100.209
1193 111.788 51.8205 90.2806
1194 90.7851 58.6741 92.1261
1195 108.952 51.9736 90.3653
1196 94.6706 68.8522 87.5762
1197 79.421 64.7352 101.075
1198 99.4319 63.2691 99.0088
1199 92.9174 67.286 89.1002
1200 99.2226 60.5068 100.92
1201 84.5135 56.4045 112.627
1202 87.5235 59.113 112.477
1203 108.073 56.6015 118.104
1204 98.3669 68.899 107.94
1205 93.7414 57.0136 118.477
1206 108.077 64.818 117.97
1207 81.3526 83.7434 -0.85866
1208 89.1913 80.5875 -0.878521
1209 100.878 90.0087 7.99445
1210 113.766 75.3944 3.50112
1211 86.7139 88.4192 25.4444
1212 106.564 82.4395 10.5747
1213 86.5063 80.4847 -0.974706
1214 78.0147 69.8165 19.8409
1215 86.3979 76.8434 10.567
1216 113.819 87.0232 0.651306
1217 113.703 89.6383 18.5377
1218 113.286 58.3513 30.6929
1219 94.6586 83.9285 25.7696
1220 69.6925 72.0683 19.8738
1221 105.994 72.4208 25.802
1222 113.37 92.9039 24.3339
1223 84.8282 87.9505 27.3385
1224 77.4466 86.7789 11.0215
1225 90.7956 85.4774 21.2649
1226 110.556 73.9691 48.4143
1227 107.107 88.1706 36.4265
1228 104.752 71.7233 51.6416
1229 93.4219 68.3671 39.6666
1230 93.1958 76.9239 36.3833
1231 92.1244 67.2081 38.0799
1232 113.515 80.8693 33.8316
1233 80.7819 89.3993 38.1954
1234 93.2057 79.626 39.4994
1235 101.736 74.4293 45.7012
1236 89.5211 86.7014 59.4253
1237 89.5561 78.0363 50.3794
1238 113.347 95.3248 48.003
1239 98.821 87.8603 42.6568
1240 82.2062 85.6131 63.968
1241 105.123 71.7456 66.5837
1242 98.0002 81.1255 65.1709
1243 107.182 78.5728 70.9632
1244 99.631 74.2568 66.5877
1245 113.98 86.2569 66.1959
1246 106.806 72.4887 71.1111
1247 107.076 64.2712 70.9825
1248 95.5278 89.639 55.9969
1249 95.7758 84.095 77.0434
1250 114.311 92.9277 77.503
1251 96.7753 83.1416 87.3504
1252 89.8551 69.7488 74.1947
1253 114.666 63.8607 75.3673
1254 92.5726 75.6724 62.3079
1255 94.8798 71.5053 87.4509
1256 114.638 75.8266 75.2273
1257 84.841 81.4793 77.3
1258 114.404 79.4919 78.0568
1259 90.965 94.283 78.5853
1260 90.4508 84.4642 91.8545
1261 115.106 84.8311 93.0639
1262 86.0063 91.3966 93.2327
1263 86.4313 75.2998 105.242
1264 90.2369 74.3484 85.9559
1265 104.648 82.3578 97.3956
1266 107.819 76.3231 106.163
1267 88.1749 73.7293 118.22
1268 115.348 73.8378 104.792
1269 93.784 69.1477 119.015
1270 115.362 87.6816 107.475
1271 107.901 79.4294 106.136
1272 96.3568 85.1182 111.952
1273 93.3213 85.1855 112.058
1274 109.277 81.6318 113.381
1275 93.5493 60.6118 105.086
1276 115.34 82.2 110.549
1277 96.5248 88.0095 118.175
1278 82.4046 80.565 110.083
1279 105.27 90.5075 108.903
1280 105.132 76.2324 114.85
1281 110.848 92.3557 6.47818
1282 95.0865 114.164 12.2103
1283 112.088 114.151 6.30783
1284 113.966 97.6246 14.7856
1285 99.3837 109.576 12.9807
1286 106.18 103.767 19.7727
1287 107.846 105.364 18.0529
1288 92.9717 98.9609 36.5544
1289 97.3106 106.85 19.7791
1290 113.468 98.6003 24.4662
1291 106.791 101.211 16.5612
1292 90.6161 107.721 21.5235
1293 101.488 98.7681 33.3616
1294 105.809 113.335 42.0467
1295 90.472 113.426 30.6074
1296 101.606 101.843 30.6025
1297 84.801 98.9977 36.5778
1298 113.276 97.7762 42.2009
1299 104.691 100.621 47.2807
1300 97.1812 94.8385 41.0679
1301 89.2882 94.7557 35.1577
1302 83.6704 92.1841 50.2979
1303 95.9501 104.587 45.419
1304 108.981 95.4554 61.7093
1305 113.533 111.992 51.4304
1306 95.4401 113.834 60.4566
1307 103.193 89.2447 53.1342
1308 92.784 105.068 54.4904
1309 113.882 106.058 62.7047
1310 90.5446 96.7867 63.7082
1311 86.8189 98.7965 71.1026
1312 105.376 93.2548 69.2579
1313 114.379 113.412 77.447
1314 90.8706 114.548 81.0217
1315 113.934 101.042 65.6174
1316 96.4052 93.7669 60.728
1317 107.326 93.2279 91.3582
1318 101.538 114.429 83.7829
1319 94.8 100.052 90.0938
1320 94.6147 88.5292 84.4549
1321 114.451 90.4567 84.1306
1322 108.268 88.4577 80.9956
1323 114.372 107.685 77.6517
1324 107.839 114.922 95.1511
1325 91.9662 100.066 95.9077
1326 103.996 90.1456 88.6982
1327 81.835 95.8618 97.8545
1328 115.341 90.4742 115.684
1329 114.521 104.449 88.7849
1330 103.181 108.667 95.7015
1331 90.9164 107.465 100.164
1332 87.6125 110.535 97.5507
1333 96.3041 110.306 105.885
1334 103.564 96.2159 108.756
1335 87.7022 106.964 106.075
1336 114.306 104.71 117.513
1337 115.223 101.46 112.784
1338 115.15 101.783 109.744
1339 105.473 110.286 117.915
1340 115.047 109.946 98.3212
1341 85.2207 94.6701 99.3638
